wave,flux
3700.85,0.44548
3701.75,0.4406
3702.65,0.42839
3703.55,0.40735
3704.45,0.38877
3705.35,0.37277
3706.25,0.35992
3707.15,0.35494
3708.05,0.35781
3708.96,0.36129
3709.86,0.37017
3710.76,0.37836
3711.66,0.39251
3712.56,0.40728
3713.46,0.42321
3714.36,0.43791
3715.26,0.44975
3716.16,0.45533
3717.06,0.4527
3717.96,0.43856
3718.86,0.41634
3719.76,0.38878
3720.66,0.36323
3721.56,0.3448
3722.46,0.3383
3723.36,0.34613
3724.26,0.36424
3725.16,0.38698
3726.06,0.40553
3726.96,0.42085
3727.86,0.42662
3728.76,0.42662
3729.66,0.42515
3730.56,0.41557
3731.46,0.39909
3732.36,0.37512
3733.26,0.3488
3734.16,0.32335
3735.06,0.30541
3735.96,0.29958
3736.86,0.30792
3737.76,0.32541
3738.66,0.35641
3739.56,0.38432
3740.46,0.41019
3741.36,0.42683
3742.26,0.43198
3743.16,0.42482
3744.06,0.41319
3744.96,0.39585
3745.86,0.37454
3746.76,0.35379
3747.67,0.33342
3748.57,0.31714
3749.47,0.30549
3750.37,0.3067
3751.27,0.32156
3752.17,0.34725
3753.07,0.37849
3753.97,0.41162
3754.87,0.43781
3755.77,0.45263
3756.67,0.45842
3757.57,0.44919
3758.47,0.43984
3759.37,0.43038
3760.27,0.4254
3761.17,0.4269
3762.07,0.43218
3762.97,0.43705
3763.87,0.44086
3764.77,0.44007
3765.67,0.43483
3766.57,0.4238
3767.47,0.41466
3768.37,0.40372
3769.27,0.3923
3770.17,0.38429
3771.07,0.38449
3771.97,0.39078
3772.87,0.40591
3773.77,0.42258
3774.67,0.4408
3775.57,0.46083
3776.47,0.47714
3777.37,0.4888
3778.27,0.50423
3779.17,0.52282
3780.07,0.53457
3780.97,0.54683
3781.87,0.55611
3782.77,0.56197
3783.67,0.5629
3784.57,0.55613
3785.47,0.54611
3786.38,0.5275
3787.28,0.51085
3788.18,0.49174
3789.08,0.47815
3789.98,0.46808
3790.88,0.46125
3791.78,0.45466
3792.68,0.44173
3793.58,0.43095
3794.48,0.41105
3795.38,0.39351
3796.28,0.37127
3797.18,0.35345
3798.08,0.34547
3798.98,0.34354
3799.88,0.35575
3800.78,0.37731
3801.68,0.40612
3802.58,0.43873
3803.48,0.46558
3804.38,0.49104
3805.28,0.5041
3806.18,0.51178
3807.08,0.51905
3807.98,0.52489
3808.88,0.53255
3809.78,0.54479
3810.68,0.54805
3811.58,0.55076
3812.48,0.53924
3813.38,0.5274
3814.28,0.51365
3815.18,0.49841
3816.08,0.49317
3816.98,0.48687
3817.88,0.48937
3818.78,0.49035
3819.68,0.48661
3820.58,0.4808
3821.48,0.47487
3822.38,0.46769
3823.28,0.45958
3824.18,0.45051
3825.09,0.43853
3825.99,0.42411
3826.89,0.41156
3827.79,0.40097
3828.69,0.39314
3829.59,0.38491
3830.49,0.37532
3831.39,0.36217
3832.29,0.34655
3833.19,0.32741
3834.09,0.31125
3834.99,0.29773
3835.89,0.29395
3836.79,0.29388
3837.69,0.30064
3838.59,0.31272
3839.49,0.32995
3840.39,0.34998
3841.29,0.37562
3842.19,0.40471
3843.09,0.42973
3843.99,0.45495
3844.89,0.47569
3845.79,0.49463
3846.69,0.507
3847.59,0.51609
3848.49,0.52512
3849.39,0.52996
3850.29,0.53403
3851.19,0.53949
3852.09,0.54288
3852.99,0.54562
3853.89,0.54686
3854.79,0.54434
3855.69,0.53932
3856.59,0.53157
3857.49,0.52284
3858.39,0.51276
3859.29,0.51097
3860.19,0.50927
3861.09,0.51601
3861.99,0.52586
3862.9,0.54064
3863.8,0.55268
3864.7,0.56342
3865.6,0.56515
3866.5,0.56379
3867.4,0.56482
3868.3,0.55981
3869.2,0.55379
3870.1,0.54479
3871.0,0.53479
3871.9,0.5263
3872.8,0.51874
3873.7,0.51636
3874.6,0.51653
3875.5,0.52033
3876.4,0.51909
3877.3,0.51439
3878.2,0.50913
3879.1,0.49946
3880.0,0.49231
3880.9,0.48639
3881.8,0.48262
3882.7,0.47204
3883.6,0.46444
3884.5,0.44731
3885.4,0.42718
3886.3,0.40813
3887.2,0.38547
3888.1,0.36844
3889.0,0.35912
3889.9,0.36067
3890.8,0.37173
3891.7,0.39176
3892.6,0.41692
3893.5,0.43943
3894.4,0.45857
3895.3,0.47621
3896.2,0.48855
3897.1,0.50189
3898.0,0.51263
3898.9,0.52076
3899.8,0.5274
3900.7,0.53441
3901.6,0.54
3902.51,0.54323
3903.41,0.54394
3904.31,0.54269
3905.21,0.53925
3906.11,0.54223
3907.01,0.549
3907.91,0.56224
3908.81,0.57716
3909.71,0.5921
3910.61,0.60945
3911.51,0.61705
3912.41,0.62208
3913.31,0.62654
3914.21,0.62258
3915.11,0.61798
3916.01,0.61192
3916.91,0.60523
3917.81,0.59607
3918.71,0.5875
3919.61,0.57822
3920.51,0.57066
3921.41,0.56403
3922.31,0.56116
3923.21,0.55676
3924.11,0.55201
3925.01,0.54439
3925.91,0.53183
3926.81,0.5102
3927.71,0.47992
3928.61,0.44373
3929.51,0.40311
3930.41,0.36212
3931.31,0.31755
3932.21,0.28035
3933.11,0.24841
3934.01,0.2317
3934.91,0.22814
3935.81,0.24157
3936.71,0.26893
3937.61,0.30762
3938.51,0.34964
3939.42,0.39149
3940.32,0.42832
3941.22,0.45725
3942.12,0.48193
3943.02,0.50064
3943.92,0.50965
3944.82,0.52124
3945.72,0.53479
3946.62,0.54676
3947.52,0.56003
3948.42,0.56967
3949.32,0.57655
3950.22,0.58399
3951.12,0.58902
3952.02,0.58848
3952.92,0.5934
3953.82,0.59293
3954.72,0.5919
3955.62,0.58684
3956.52,0.58228
3957.42,0.57508
3958.32,0.56696
3959.22,0.55467
3960.12,0.54118
3961.02,0.51924
3961.92,0.49235
3962.82,0.46313
3963.72,0.4267
3964.62,0.39025
3965.52,0.35551
3966.42,0.31592
3967.32,0.27861
3968.22,0.24658
3969.12,0.22771
3970.02,0.22133
3970.92,0.23005
3971.82,0.25283
3972.72,0.28469
3973.62,0.32296
3974.52,0.36404
3975.42,0.40386
3976.32,0.43858
3977.22,0.4743
3978.13,0.50567
3979.03,0.5357
3979.93,0.56049
3980.83,0.57699
3981.73,0.58988
3982.63,0.60057
3983.53,0.60412
3984.43,0.61001
3985.33,0.61869
3986.23,0.62374
3987.13,0.63334
3988.03,0.6429
3988.93,0.65403
3989.83,0.65944
3990.73,0.66723
3991.63,0.67201
3992.53,0.67939
3993.43,0.68267
3994.33,0.68353
3995.23,0.67754
3996.13,0.6765
3997.03,0.67103
3997.93,0.67238
3998.83,0.67418
3999.73,0.68233
4000.63,0.69282
4001.53,0.70041
4002.43,0.70613
4003.33,0.70219
4004.23,0.70087
4005.13,0.69018
4006.03,0.68426
4006.93,0.67785
4007.83,0.68068
4008.73,0.6878
4009.63,0.69747
4010.53,0.71235
4011.43,0.71538
4012.33,0.72203
4013.23,0.7239
4014.13,0.72781
4015.03,0.73054
4015.93,0.73251
4016.84,0.73164
4017.74,0.73626
4018.64,0.73904
4019.54,0.74108
4020.44,0.74004
4021.34,0.74288
4022.24,0.7431
4023.14,0.74114
4024.04,0.73888
4024.94,0.73939
4025.84,0.74216
4026.74,0.7438
4027.64,0.7428
4028.54,0.73962
4029.44,0.73387
4030.34,0.71642
4031.24,0.70253
4032.14,0.68757
4033.04,0.67442
4033.94,0.67136
4034.84,0.68206
4035.74,0.69638
4036.64,0.71635
4037.54,0.73235
4038.44,0.74945
4039.34,0.75783
4040.24,0.76278
4041.14,0.75445
4042.04,0.7462
4042.94,0.73151
4043.84,0.71399
4044.74,0.69487
4045.64,0.68295
4046.54,0.67571
4047.44,0.6807
4048.34,0.69149
4049.24,0.71268
4050.14,0.72487
4051.04,0.73609
4051.94,0.73874
4052.84,0.73703
4053.74,0.7279
4054.65,0.71826
4055.55,0.71015
4056.45,0.69994
4057.35,0.69618
4058.25,0.6964
4059.15,0.69879
4060.05,0.69763
4060.95,0.69885
4061.85,0.69743
4062.75,0.68824
4063.65,0.68126
4064.55,0.67776
4065.45,0.67395
4066.35,0.67795
4067.25,0.68512
4068.15,0.69411
4069.05,0.70049
4069.95,0.70675
4070.85,0.70609
4071.75,0.70045
4072.65,0.69661
4073.55,0.69394
4074.45,0.68721
4075.35,0.68156
4076.25,0.66948
4077.15,0.66253
4078.05,0.65462
4078.95,0.65423
4079.85,0.66189
4080.75,0.67773
4081.65,0.68591
4082.55,0.69664
4083.45,0.70267
4084.35,0.70115
4085.25,0.70401
4086.15,0.70462
4087.05,0.70593
4087.95,0.71282
4088.85,0.71813
4089.75,0.72234
4090.65,0.72012
4091.55,0.71431
4092.45,0.70694
4093.36,0.69392
4094.26,0.67779
4095.16,0.66083
4096.06,0.64151
4096.96,0.61913
4097.86,0.59395
4098.76,0.56882
4099.66,0.54086
4100.56,0.51568
4101.46,0.49311
4102.36,0.48327
4103.26,0.48501
4104.16,0.49549
4105.06,0.52015
4105.96,0.54649
4106.86,0.57215
4107.76,0.59857
4108.66,0.61517
4109.56,0.62943
4110.46,0.63914
4111.36,0.6493
4112.26,0.6589
4113.16,0.67029
4114.06,0.67992
4114.96,0.69194
4115.86,0.70009
4116.76,0.70544
4117.66,0.70648
4118.56,0.70434
4119.46,0.70241
4120.36,0.6974
4121.26,0.69735
4122.16,0.69872
4123.06,0.70278
4123.96,0.70416
4124.86,0.70874
4125.76,0.71124
4126.66,0.7092
4127.56,0.7073
4128.46,0.70286
4129.36,0.69678
4130.26,0.68904
4131.17,0.68694
4132.06,0.6818
4132.97,0.67979
4133.87,0.67971
4134.77,0.68739
4135.67,0.69868
4136.57,0.70994
4137.47,0.72263
4138.37,0.73561
4139.27,0.74315
4140.17,0.7448
4141.07,0.73922
4141.97,0.72941
4142.87,0.71598
4143.77,0.70627
4144.67,0.69958
4145.57,0.69775
4146.47,0.70373
4147.37,0.7086
4148.27,0.71275
4149.17,0.71781
4150.07,0.71711
4150.97,0.71449
4151.87,0.71438
4152.77,0.70644
4153.67,0.70384
4154.57,0.69983
4155.47,0.69894
4156.37,0.69989
4157.27,0.70103
4158.17,0.70314
4159.07,0.713
4159.97,0.72435
4160.87,0.73371
4161.77,0.73862
4162.67,0.74347
4163.57,0.74803
4164.47,0.7518
4165.37,0.74809
4166.27,0.74159
4167.17,0.73862
4168.07,0.7336
4168.98,0.72318
4169.88,0.71769
4170.78,0.71045
4171.68,0.69646
4172.58,0.68646
4173.48,0.67536
4174.38,0.66976
4175.28,0.66704
4176.18,0.67455
4177.08,0.67694
4177.98,0.67911
4178.88,0.68361
4179.78,0.68841
4180.68,0.69448
4181.58,0.69787
4182.48,0.70389
4183.38,0.70585
4184.28,0.71112
4185.18,0.71141
4186.08,0.7123
4186.98,0.7126
4187.88,0.71194
4188.78,0.71467
4189.68,0.71355
4190.58,0.71894
4191.48,0.72665
4192.38,0.73025
4193.28,0.73526
4194.18,0.73774
4195.08,0.73238
4195.98,0.72305
4196.88,0.71225
4197.78,0.70143
4198.68,0.68992
4199.58,0.6852
4200.48,0.67764
4201.38,0.68
4202.28,0.68359
4203.18,0.68886
4204.08,0.69574
4204.98,0.70578
4205.88,0.7145
4206.79,0.72314
4207.69,0.73016
4208.59,0.7417
4209.49,0.7438
4210.39,0.74932
4211.29,0.74653
4212.19,0.74558
4213.09,0.74427
4213.99,0.73824
4214.89,0.73191
4215.79,0.72808
4216.69,0.7277
4217.59,0.72813
4218.49,0.73633
4219.39,0.74834
4220.29,0.75271
4221.19,0.75601
4222.09,0.75212
4222.99,0.7376
4223.89,0.71563
4224.79,0.6906
4225.69,0.66425
4226.59,0.64629
4227.49,0.63948
4228.39,0.64589
4229.29,0.66059
4230.19,0.682
4231.09,0.70584
4231.99,0.71859
4232.89,0.72756
4233.79,0.73291
4234.69,0.72534
4235.59,0.71901
4236.49,0.7113
4237.39,0.71066
4238.29,0.71021
4239.19,0.71248
4240.09,0.71728
4240.99,0.72601
4241.89,0.73369
4242.79,0.74152
4243.69,0.7522
4244.59,0.75096
4245.5,0.75281
4246.4,0.7506
4247.3,0.74199
4248.2,0.73012
4249.1,0.72185
4250.0,0.71525
4250.9,0.70632
4251.8,0.71023
4252.7,0.71334
4253.6,0.71573
4254.5,0.72028
4255.4,0.72348
4256.3,0.72823
4257.2,0.72463
4258.1,0.72281
4259.0,0.71916
4259.9,0.71389
4260.8,0.71256
4261.7,0.71495
4262.6,0.72364
4263.5,0.73652
4264.4,0.74814
4265.3,0.76035
4266.2,0.76265
4267.1,0.76691
4268.0,0.75398
4268.9,0.74222
4269.8,0.72106
4270.7,0.70283
4271.6,0.68363
4272.5,0.66907
4273.4,0.66197
4274.3,0.66466
4275.2,0.67042
4276.1,0.68535
4277.0,0.69867
4277.9,0.7154
4278.8,0.72738
4279.7,0.73167
4280.6,0.73525
4281.5,0.73255
4282.4,0.72797
4283.31,0.7228
4284.21,0.71889
4285.11,0.7134
4286.01,0.70839
4286.91,0.69798
4287.81,0.68589
4288.71,0.67242
4289.61,0.66518
4290.51,0.65959
4291.41,0.66095
4292.31,0.66221
4293.21,0.67249
4294.11,0.67643
4295.01,0.67756
4295.91,0.67778
4296.81,0.6681
4297.71,0.65525
4298.61,0.63518
4299.51,0.61773
4300.41,0.60084
4301.31,0.58795
4302.21,0.58126
4303.11,0.57927
4304.01,0.58035
4304.91,0.58233
4305.81,0.58199
4306.71,0.57908
4307.61,0.57696
4308.51,0.57575
4309.41,0.57743
4310.31,0.58277
4311.21,0.59387
4312.11,0.60857
4313.01,0.62734
4313.91,0.64668
4314.81,0.67253
4315.71,0.69626
4316.61,0.7193
4317.51,0.74151
4318.41,0.75585
4319.31,0.76383
4320.21,0.7618
4321.12,0.7516
4322.02,0.73785
4322.92,0.71666
4323.82,0.69285
4324.72,0.67507
4325.62,0.65861
4326.52,0.65201
4327.42,0.65304
4328.32,0.6631
4329.22,0.67718
4330.12,0.69353
4331.02,0.70724
4331.92,0.71009
4332.82,0.71016
4333.72,0.70064
4334.62,0.69522
4335.52,0.6789
4336.42,0.6522
4337.32,0.62216
4338.22,0.58755
4339.12,0.55585
4340.02,0.52861
4340.92,0.51369
4341.82,0.5097
4342.72,0.51868
4343.62,0.54014
4344.52,0.56835
4345.42,0.59819
4346.32,0.62338
4347.22,0.65007
4348.12,0.6667
4349.02,0.68058
4349.92,0.68392
4350.82,0.68224
4351.72,0.67945
4352.62,0.67698
4353.52,0.67833
4354.42,0.68244
4355.32,0.69299
4356.22,0.70525
4357.12,0.71609
4358.02,0.72716
4358.92,0.73897
4359.83,0.74364
4360.73,0.74997
4361.63,0.75878
4362.53,0.76774
4363.43,0.77307
4364.33,0.78379
4365.23,0.78562
4366.13,0.78433
4367.03,0.78185
4367.93,0.77382
4368.83,0.76647
4369.73,0.76094
4370.63,0.75349
4371.53,0.74991
4372.43,0.74248
4373.33,0.73969
4374.23,0.73357
4375.13,0.73142
4376.03,0.73201
4376.93,0.73465
4377.83,0.73948
4378.73,0.7481
4379.63,0.75175
4380.53,0.74823
4381.43,0.74113
4382.33,0.71971
4383.23,0.69781
4384.13,0.67944
4385.03,0.66706
4385.93,0.66625
4386.83,0.67112
4387.73,0.68544
4388.63,0.69743
4389.53,0.71156
4390.43,0.71871
4391.33,0.73057
4392.23,0.73082
4393.13,0.73662
4394.03,0.73861
4394.93,0.74302
4395.83,0.74722
4396.73,0.75522
4397.64,0.75722
4398.54,0.7588
4399.44,0.75952
4400.34,0.75753
4401.24,0.74923
4402.14,0.74261
4403.04,0.7352
4403.94,0.72859
4404.84,0.72269
4405.74,0.71865
4406.64,0.71908
4407.54,0.72291
4408.44,0.7322
4409.34,0.74396
4410.24,0.75365
4411.14,0.7646
4412.04,0.77551
4412.94,0.77898
4413.84,0.77974
4414.74,0.77541
4415.64,0.76828
4416.54,0.7611
4417.44,0.76194
4418.34,0.7671
4419.24,0.77035
4420.14,0.77692
4421.04,0.7832
4421.94,0.78745
4422.84,0.78486
4423.74,0.78309
4424.64,0.78232
4425.54,0.77952
4426.44,0.77935
4427.34,0.78283
4428.24,0.78304
4429.14,0.78127
4430.04,0.77834
4430.94,0.77309
4431.84,0.77466
4432.74,0.76639
4433.64,0.76373
4434.54,0.7581
4435.45,0.75727
4436.35,0.76081
4437.25,0.76478
4438.15,0.77481
4439.05,0.78363
4439.95,0.78686
4440.85,0.78806
4441.75,0.78088
4442.65,0.77686
4443.55,0.77341
4444.45,0.76927
4445.35,0.77569
4446.25,0.7772
4447.15,0.78835
4448.05,0.7927
4448.95,0.79837
4449.85,0.80154
4450.75,0.79605
4451.65,0.79045
4452.55,0.78854
4453.45,0.77448
4454.35,0.76083
4455.25,0.75373
4456.15,0.74005
4457.05,0.73538
4457.95,0.72913
4458.85,0.72823
4459.75,0.72437
4460.65,0.73341
4461.55,0.72791
4462.45,0.73499
4463.35,0.74469
4464.25,0.74757
4465.15,0.7557
4466.05,0.76124
4466.95,0.76516
4467.85,0.76709
4468.75,0.76796
4469.65,0.77077
4470.55,0.77157
4471.45,0.77738
4472.35,0.78769
4473.25,0.79883
4474.16,0.80781
4475.06,0.81771
4475.96,0.82356
4476.86,0.82909
4477.76,0.82231
4478.66,0.8224
4479.56,0.80939
4480.46,0.79727
4481.36,0.78573
4482.26,0.77834
4483.16,0.77989
4484.06,0.78459
4484.96,0.7919
4485.86,0.80272
4486.76,0.81044
4487.66,0.8141
4488.56,0.80796
4489.46,0.80323
4490.36,0.79852
4491.26,0.79357
4492.16,0.79198
4493.06,0.78962
4493.96,0.78926
4494.86,0.79328
4495.76,0.79326
4496.66,0.79507
4497.56,0.79787
4498.46,0.8067
4499.36,0.8119
4500.26,0.81768
4501.16,0.8238
4502.06,0.83099
4502.96,0.84169
4503.86,0.84764
4504.76,0.8551
4505.66,0.85486
4506.56,0.86191
4507.46,0.86126
4508.36,0.86054
4509.26,0.86058
4510.17,0.85713
4511.06,0.85003
4511.97,0.84901
4512.87,0.84241
4513.77,0.83693
4514.67,0.83432
4515.57,0.8296
4516.47,0.82763
4517.37,0.82125
4518.27,0.82083
4519.17,0.81907
4520.07,0.82176
4520.97,0.81989
4521.87,0.81978
4522.77,0.81595
4523.67,0.80915
4524.57,0.79869
4525.47,0.79061
4526.37,0.77927
4527.27,0.76514
4528.17,0.75669
4529.07,0.74989
4529.97,0.7435
4530.87,0.74324
4531.77,0.74775
4532.67,0.74837
4533.57,0.75174
4534.47,0.75254
4535.37,0.7571
4536.27,0.76543
4537.17,0.77811
4538.07,0.79158
4538.97,0.79995
4539.87,0.80992
4540.77,0.81095
4541.67,0.81391
4542.57,0.81514
4543.47,0.81192
4544.37,0.80837
4545.27,0.80512
4546.17,0.79999
4547.07,0.7966
4547.97,0.78919
4548.88,0.78726
4549.77,0.7806
4550.68,0.77219
4551.58,0.77103
4552.48,0.77592
4553.38,0.77521
4554.28,0.77731
4555.18,0.77854
4556.08,0.78513
4556.98,0.7909
4557.88,0.8035
4558.78,0.81061
4559.68,0.82044
4560.58,0.82228
4561.48,0.82949
4562.38,0.82844
4563.28,0.82171
4564.18,0.81916
4565.08,0.81763
4565.98,0.81419
4566.88,0.81674
4567.78,0.81665
4568.68,0.82216
4569.58,0.82515
4570.48,0.8258
4571.38,0.82649
4572.28,0.8234
4573.18,0.82511
4574.08,0.82563
4574.98,0.82718
4575.88,0.82739
4576.78,0.82939
4577.68,0.82375
4578.58,0.82141
4579.48,0.8097
4580.38,0.80459
4581.28,0.79979
4582.18,0.79016
4583.08,0.78922
4583.98,0.78395
4584.88,0.78659
4585.78,0.79052
4586.69,0.79669
4587.58,0.8019
4588.49,0.80515
4589.39,0.81252
4590.29,0.81398
4591.19,0.81137
4592.09,0.80988
4592.99,0.80627
4593.89,0.80664
4594.79,0.79935
4595.69,0.79869
4596.59,0.79997
4597.49,0.801
4598.39,0.79993
4599.29,0.80177
4600.19,0.80472
4601.09,0.80322
4601.99,0.80467
4602.89,0.80516
4603.79,0.81084
4604.69,0.81292
4605.59,0.81463
4606.49,0.82197
4607.39,0.82645
4608.29,0.8332
4609.19,0.83835
4610.09,0.845
4610.99,0.84664
4611.89,0.8427
4612.79,0.84478
4613.69,0.84103
4614.59,0.84092
4615.49,0.8361
4616.39,0.83364
4617.29,0.83985
4618.19,0.83775
4619.09,0.8415
4619.99,0.83973
4620.89,0.84042
4621.79,0.83722
4622.69,0.84316
4623.59,0.84527
4624.5,0.84685
4625.4,0.84364
4626.3,0.84255
4627.2,0.84253
4628.1,0.84151
4629.0,0.83759
4629.9,0.83853
4630.8,0.83763
4631.7,0.83627
4632.6,0.83639
4633.5,0.83249
4634.4,0.82588
4635.3,0.82448
4636.2,0.82154
4637.1,0.81556
4638.0,0.8105
4638.9,0.80706
4639.8,0.81037
4640.7,0.81053
4641.6,0.81172
4642.5,0.81254
4643.4,0.81082
4644.3,0.80564
4645.2,0.80334
4646.1,0.79537
4647.0,0.79273
4647.9,0.78579
4648.8,0.78598
4649.7,0.79419
4650.6,0.79454
4651.5,0.79938
4652.4,0.80265
4653.3,0.80567
4654.2,0.80829
4655.1,0.80949
4656.0,0.80846
4656.9,0.815
4657.8,0.81775
4658.7,0.82409
4659.6,0.83325
4660.5,0.83762
4661.4,0.83624
4662.3,0.83549
4663.21,0.82846
4664.11,0.81818
4665.01,0.80481
4665.91,0.78999
4666.81,0.78004
4667.71,0.77192
4668.61,0.7652
4669.51,0.76634
4670.41,0.77273
4671.31,0.77938
4672.21,0.78809
4673.11,0.79773
4674.01,0.80497
4674.91,0.8094
4675.81,0.81384
4676.71,0.81853
4677.61,0.81488
4678.51,0.81282
4679.41,0.81445
4680.31,0.81012
4681.21,0.80462
4682.11,0.8086
4683.01,0.80556
4683.91,0.80836
4684.81,0.81146
4685.71,0.8126
4686.61,0.81577
4687.51,0.81696
4688.41,0.81532
4689.31,0.81259
4690.21,0.8131
4691.11,0.81248
4692.01,0.81259
4692.91,0.81441
4693.81,0.8199
4694.71,0.81837
4695.61,0.82338
4696.51,0.8235
4697.41,0.81936
4698.31,0.81533
4699.21,0.81179
4700.12,0.80224
4701.02,0.79521
4701.92,0.79024
4702.82,0.78776
4703.72,0.78529
4704.62,0.78098
4705.52,0.78159
4706.42,0.78444
4707.32,0.78506
4708.22,0.78637
4709.12,0.78514
4710.02,0.79102
4710.92,0.79258
4711.82,0.7969
4712.72,0.80036
4713.62,0.80486
4714.52,0.81219
4715.42,0.80926
4716.32,0.81692
4717.22,0.82204
4718.12,0.83042
4719.02,0.83526
4719.92,0.84046
4720.82,0.84477
4721.72,0.84818
4722.62,0.8482
4723.52,0.84565
4724.42,0.84377
4725.32,0.84002
4726.22,0.83728
4727.12,0.83022
4728.02,0.81697
4728.92,0.80899
4729.82,0.80412
4730.72,0.79786
4731.62,0.79776
4732.52,0.79505
4733.42,0.79769
4734.32,0.80303
4735.22,0.80894
4736.12,0.80973
4737.02,0.81472
4737.92,0.81676
4738.83,0.82031
4739.73,0.82174
4740.63,0.82116
4741.53,0.82792
4742.43,0.82476
4743.33,0.83169
4744.23,0.83297
4745.13,0.83568
4746.03,0.83555
4746.93,0.83566
4747.83,0.83998
4748.73,0.83956
4749.63,0.83719
4750.53,0.83746
4751.43,0.83679
4752.33,0.83392
4753.23,0.82891
4754.13,0.82545
4755.03,0.8225
4755.93,0.81749
4756.83,0.81532
4757.73,0.81117
4758.63,0.81594
4759.53,0.8166
4760.43,0.81081
4761.33,0.81143
4762.23,0.80842
4763.13,0.79959
4764.03,0.79023
4764.93,0.7895
4765.83,0.78541
4766.73,0.78362
4767.63,0.78591
4768.53,0.78971
4769.43,0.79671
4770.33,0.80133
4771.23,0.80801
4772.13,0.80962
4773.03,0.81812
4773.93,0.82482
4774.83,0.83078
4775.73,0.83093
4776.64,0.83755
4777.54,0.83493
4778.44,0.83789
4779.34,0.83861
4780.24,0.83424
4781.14,0.82944
4782.04,0.82703
4782.94,0.82177
4783.84,0.81647
4784.74,0.81158
4785.64,0.80926
4786.54,0.80902
4787.44,0.80864
4788.34,0.80258
4789.24,0.80558
4790.14,0.8054
4791.04,0.80903
4791.94,0.81639
4792.84,0.82198
4793.74,0.83079
4794.64,0.8326
4795.54,0.83665
4796.44,0.84315
4797.34,0.84131
4798.24,0.84043
4799.14,0.83084
4800.04,0.83206
4800.94,0.82548
4801.84,0.82401
4802.74,0.82665
4803.64,0.82592
4804.54,0.82363
4805.44,0.82442
4806.34,0.82021
4807.24,0.82163
4808.14,0.81763
4809.04,0.818
4809.94,0.8122
4810.84,0.81543
4811.74,0.81925
4812.64,0.82191
4813.54,0.82634
4814.45,0.83196
4815.35,0.83117
4816.25,0.83693
4817.15,0.83924
4818.05,0.84421
4818.95,0.84112
4819.85,0.84343
4820.75,0.83844
4821.65,0.8332
4822.55,0.82941
4823.45,0.82583
4824.35,0.81961
4825.25,0.81885
4826.15,0.81535
4827.05,0.81071
4827.95,0.81209
4828.85,0.8122
4829.75,0.80908
4830.65,0.8111
4831.55,0.80985
4832.45,0.80822
4833.35,0.80913
4834.25,0.80629
4835.15,0.80769
4836.05,0.80872
4836.95,0.80824
4837.85,0.80259
4838.75,0.7997
4839.65,0.79706
4840.55,0.79735
4841.45,0.78833
4842.35,0.78387
4843.25,0.78577
4844.15,0.78872
4845.05,0.78625
4845.95,0.78633
4846.85,0.78298
4847.75,0.78086
4848.65,0.778
4849.55,0.77201
4850.45,0.7657
4851.35,0.76065
4852.26,0.75613
4853.16,0.74702
4854.06,0.7347
4854.96,0.72221
4855.86,0.70883
4856.76,0.68992
4857.66,0.67163
4858.56,0.6481
4859.46,0.6254
4860.36,0.60547
4861.26,0.58925
4862.16,0.58067
4863.06,0.57697
4863.96,0.58503
4864.86,0.60098
4865.76,0.6178
4866.66,0.64432
4867.56,0.66324
4868.46,0.67806
4869.36,0.69154
4870.26,0.69822
4871.16,0.70142
4872.06,0.70492
4872.96,0.70861
4873.86,0.71636
4874.76,0.72209
4875.66,0.73012
4876.56,0.73616
4877.46,0.75038
4878.36,0.76185
4879.26,0.76689
4880.16,0.77058
4881.06,0.77495
4881.96,0.77938
4882.86,0.77852
4883.76,0.77599
4884.66,0.77
4885.56,0.76696
4886.46,0.76317
4887.36,0.75678
4888.26,0.75725
4889.17,0.7549
4890.07,0.75181
4890.97,0.75837
4891.87,0.75959
4892.77,0.77033
4893.67,0.78279
4894.57,0.7942
4895.47,0.80939
4896.37,0.82302
4897.27,0.83175
4898.17,0.83583
4899.07,0.83294
4899.97,0.82925
4900.87,0.82858
4901.77,0.8232
4902.67,0.82006
4903.57,0.81713
4904.47,0.81844
4905.37,0.81928
4906.27,0.81767
4907.17,0.81566
4908.07,0.81371
4908.97,0.813
4909.87,0.80565
4910.77,0.80043
4911.67,0.79861
4912.57,0.79973
4913.47,0.7996
4914.37,0.80171
4915.27,0.80541
4916.17,0.80381
4917.07,0.79668
4917.97,0.79028
4918.87,0.77769
4919.77,0.76804
4920.67,0.75848
4921.57,0.75308
4922.47,0.74951
4923.37,0.75423
4924.27,0.75893
4925.17,0.76879
4926.07,0.77816
4926.98,0.79072
4927.88,0.80058
4928.78,0.81049
4929.68,0.81546
4930.58,0.82143
4931.48,0.82041
4932.38,0.81517
4933.28,0.81026
4934.18,0.80442
4935.08,0.79677
4935.98,0.78704
4936.88,0.78445
4937.78,0.77868
4938.68,0.77654
4939.58,0.78016
4940.48,0.78286
4941.38,0.79002
4942.28,0.80026
4943.18,0.80562
4944.08,0.80993
4944.98,0.81758
4945.88,0.82197
4946.78,0.82532
4947.68,0.828
4948.58,0.83099
4949.48,0.83173
4950.38,0.83764
4951.28,0.83696
4952.18,0.8326
4953.08,0.8303
4953.98,0.82105
4954.88,0.81533
4955.78,0.80556
4956.68,0.79622
4957.58,0.78734
4958.48,0.78405
4959.38,0.7834
4960.28,0.78854
4961.18,0.7895
4962.08,0.79956
4962.98,0.80456
4963.88,0.81087
4964.79,0.80716
4965.69,0.80391
4966.59,0.80462
4967.49,0.79405
4968.39,0.79808
4969.29,0.79299
4970.19,0.79686
4971.09,0.79966
4971.99,0.80075
4972.89,0.80704
4973.79,0.81076
4974.69,0.81275
4975.59,0.81371
4976.49,0.81175
4977.39,0.80998
4978.29,0.80177
4979.19,0.79403
4980.09,0.78377
4980.99,0.77259
4981.89,0.76206
4982.79,0.75422
4983.69,0.74572
4984.59,0.74503
4985.49,0.74624
4986.39,0.75267
4987.29,0.75952
4988.19,0.76988
4989.09,0.77595
4989.99,0.7787
4990.89,0.78408
4991.79,0.78633
4992.69,0.78829
4993.59,0.7885
4994.49,0.79265
4995.39,0.79189
4996.29,0.7912
4997.19,0.78931
4998.09,0.78663
4998.99,0.78383
4999.89,0.77734
5000.79,0.77094
5001.7,0.766
5002.6,0.76142
5003.5,0.75274
5004.4,0.75102
5005.3,0.74843
5006.2,0.74755
5007.1,0.74779
5008.0,0.74779
5008.9,0.74677
5009.8,0.75147
5010.7,0.75048
5011.6,0.75077
5012.5,0.74604
5013.4,0.7419
5014.3,0.73511
5015.2,0.73491
5016.1,0.72915
5017.0,0.73074
5017.9,0.7296
5018.8,0.73245
5019.7,0.73499
5020.6,0.73802
5021.5,0.74368
5022.4,0.74451
5023.3,0.75241
5024.2,0.75673
5025.1,0.75863
5026.0,0.76444
5026.9,0.76679
5027.8,0.76954
5028.7,0.77173
5029.6,0.77761
5030.5,0.78178
5031.4,0.7864
5032.3,0.79249
5033.2,0.79221
5034.1,0.79092
5035.0,0.786
5035.9,0.78086
5036.8,0.77615
5037.7,0.76155
5038.6,0.7554
5039.5,0.74505
5040.41,0.73619
5041.31,0.73614
5042.21,0.7329
5043.11,0.74001
5044.01,0.7475
5044.91,0.76075
5045.81,0.77276
5046.71,0.78097
5047.61,0.78525
5048.51,0.78525
5049.41,0.78203
5050.31,0.77703
5051.21,0.77764
5052.11,0.77421
5053.01,0.77666
5053.91,0.77866
5054.81,0.78408
5055.71,0.79261
5056.61,0.80172
5057.51,0.80254
5058.41,0.8113
5059.31,0.81464
5060.21,0.81295
5061.11,0.81492
5062.01,0.8134
5062.91,0.80813
5063.81,0.80114
5064.71,0.79827
5065.61,0.78944
5066.51,0.78404
5067.41,0.77648
5068.31,0.77365
5069.21,0.77583
5070.11,0.77578
5071.01,0.77207
5071.91,0.77626
5072.81,0.77584
5073.71,0.77511
5074.61,0.77461
5075.51,0.77164
5076.42,0.77087
5077.31,0.76441
5078.21,0.76022
5079.12,0.75358
5080.02,0.74673
5080.92,0.7459
5081.82,0.7398
5082.72,0.74019
5083.62,0.74712
5084.52,0.74881
5085.42,0.75527
5086.32,0.76235
5087.22,0.77027
5088.12,0.7799
5089.02,0.78585
5089.92,0.78482
5090.82,0.79062
5091.72,0.7896
5092.62,0.79719
5093.52,0.79495
5094.42,0.79528
5095.32,0.7928
5096.22,0.78618
5097.12,0.78022
5098.02,0.77035
5098.92,0.76322
5099.82,0.75955
5100.72,0.75935
5101.62,0.75712
5102.52,0.76083
5103.42,0.7656
5104.32,0.76678
5105.22,0.76805
5106.12,0.76802
5107.02,0.7668
5107.92,0.76141
5108.82,0.76263
5109.72,0.75994
5110.62,0.76032
5111.52,0.76345
5112.42,0.76508
5113.32,0.77456
5114.22,0.77838
5115.12,0.78323
5116.03,0.79004
5116.93,0.79295
5117.83,0.79623
5118.73,0.79745
5119.63,0.79447
5120.53,0.78897
5121.43,0.78245
5122.33,0.7742
5123.23,0.76695
5124.13,0.75698
5125.03,0.75117
5125.93,0.74518
5126.83,0.74148
5127.73,0.74412
5128.63,0.74508
5129.53,0.74244
5130.43,0.74537
5131.33,0.74898
5132.23,0.75283
5133.13,0.75776
5134.03,0.76087
5134.93,0.7627
5135.83,0.76362
5136.73,0.76186
5137.63,0.75666
5138.53,0.75661
5139.43,0.7511
5140.33,0.74401
5141.23,0.74196
5142.13,0.74162
5143.03,0.73871
5143.93,0.74205
5144.83,0.74217
5145.73,0.73995
5146.63,0.74211
5147.53,0.74157
5148.43,0.74214
5149.33,0.74578
5150.23,0.74177
5151.13,0.74294
5152.03,0.74647
5152.94,0.74316
5153.84,0.74761
5154.74,0.7484
5155.64,0.75302
5156.54,0.76074
5157.44,0.76226
5158.34,0.76529
5159.24,0.77325
5160.14,0.77526
5161.04,0.77423
5161.94,0.76623
5162.84,0.75702
5163.74,0.74897
5164.64,0.72885
5165.54,0.71239
5166.44,0.69338
5167.34,0.67425
5168.24,0.65729
5169.14,0.64667
5170.04,0.635
5170.94,0.62897
5171.84,0.63171
5172.74,0.63726
5173.64,0.6482
5174.54,0.6605
5175.44,0.66994
5176.34,0.68894
5177.24,0.70363
5178.14,0.71481
5179.04,0.72361
5179.94,0.72198
5180.84,0.71852
5181.74,0.71339
5182.64,0.6965
5183.54,0.68473
5184.44,0.67836
5185.34,0.67821
5186.24,0.68309
5187.14,0.69211
5188.04,0.69975
5188.94,0.71112
5189.84,0.7186
5190.75,0.72362
5191.65,0.72712
5192.55,0.72507
5193.45,0.7252
5194.35,0.72322
5195.25,0.72714
5196.15,0.72955
5197.05,0.73025
5197.95,0.73285
5198.85,0.7401
5199.75,0.74374
5200.65,0.74996
5201.55,0.74816
5202.45,0.74623
5203.35,0.74407
5204.25,0.73456
5205.15,0.73065
5206.05,0.72126
5206.95,0.71556
5207.85,0.71076
5208.75,0.70947
5209.65,0.71208
5210.55,0.71798
5211.45,0.72378
5212.35,0.73336
5213.25,0.74051
5214.15,0.74894
5215.05,0.75002
5215.95,0.75459
5216.85,0.75403
5217.75,0.75817
5218.65,0.75872
5219.55,0.76565
5220.45,0.76941
5221.35,0.766
5222.25,0.76231
5223.15,0.7613
5224.05,0.75133
5224.95,0.7431
5225.85,0.73593
5226.75,0.72973
5227.66,0.72294
5228.56,0.72098
5229.46,0.72606
5230.36,0.73056
5231.26,0.73319
5232.16,0.74019
5233.06,0.74785
5233.96,0.74953
5234.86,0.75192
5235.76,0.75785
5236.66,0.75897
5237.56,0.7647
5238.46,0.77136
5239.36,0.77924
5240.26,0.78304
5241.16,0.78433
5242.06,0.7848
5242.96,0.78853
5243.86,0.78711
5244.76,0.78336
5245.66,0.78291
5246.56,0.77784
5247.46,0.77297
5248.36,0.76997
5249.26,0.76079
5250.16,0.75785
5251.06,0.75742
5251.96,0.7537
5252.86,0.7538
5253.76,0.75503
5254.66,0.75944
5255.56,0.76299
5256.46,0.77066
5257.36,0.77036
5258.26,0.77555
5259.16,0.77568
5260.06,0.77203
5260.96,0.76379
5261.86,0.75667
5262.76,0.74451
5263.66,0.72787
5264.56,0.71504
5265.47,0.70178
5266.37,0.69097
5267.27,0.6806
5268.17,0.67997
5269.07,0.67459
5269.97,0.67859
5270.87,0.68076
5271.77,0.68742
5272.67,0.69662
5273.57,0.70536
5274.47,0.71541
5275.37,0.72573
5276.27,0.73175
5277.17,0.74575
5278.07,0.75156
5278.97,0.7586
5279.87,0.76618
5280.77,0.76586
5281.67,0.76723
5282.57,0.76444
5283.47,0.76475
5284.37,0.7682
5285.27,0.76949
5286.17,0.78061
5287.07,0.78414
5287.97,0.79248
5288.87,0.79958
5289.77,0.80535
5290.67,0.80875
5291.57,0.80802
5292.47,0.807
5293.37,0.8031
5294.27,0.79964
5295.17,0.7922
5296.07,0.78584
5296.97,0.77561
5297.87,0.77019
5298.77,0.76346
5299.67,0.75929
5300.57,0.75869
5301.48,0.76555
5302.38,0.7675
5303.27,0.77182
5304.18,0.77823
5305.08,0.78569
5305.98,0.79215
5306.88,0.79465
5307.78,0.80345
5308.68,0.80526
5309.58,0.80637
5310.48,0.80847
5311.38,0.80865
5312.28,0.80638
5313.18,0.80819
5314.08,0.80186
5314.98,0.79963
5315.88,0.79663
5316.78,0.79066
5317.68,0.78639
5318.58,0.78435
5319.48,0.78495
5320.38,0.77903
5321.28,0.78157
5322.18,0.77341
5323.08,0.77206
5323.98,0.76623
5324.88,0.75934
5325.78,0.74768
5326.68,0.73556
5327.58,0.72985
5328.48,0.72476
5329.38,0.7204
5330.28,0.71962
5331.18,0.72933
5332.08,0.73729
5332.98,0.74443
5333.88,0.75351
5334.78,0.76531
5335.68,0.77179
5336.58,0.77355
5337.48,0.77393
5338.38,0.77442
5339.28,0.77095
5340.19,0.76856
5341.08,0.76666
5341.99,0.76307
5342.89,0.76657
5343.79,0.76536
5344.69,0.768
5345.59,0.77038
5346.49,0.76789
5347.39,0.77304
5348.29,0.77185
5349.19,0.7744
5350.09,0.77781
5350.99,0.77995
5351.89,0.78258
5352.79,0.78998
5353.69,0.79631
5354.59,0.80212
5355.49,0.80769
5356.39,0.81078
5357.29,0.81798
5358.19,0.81681
5359.09,0.81851
5359.99,0.81531
5360.89,0.81223
5361.79,0.80584
5362.69,0.80076
5363.59,0.79363
5364.49,0.78683
5365.39,0.77947
5366.29,0.77719
5367.19,0.77158
5368.09,0.76318
5368.99,0.75877
5369.89,0.75262
5370.79,0.75295
5371.69,0.75112
5372.59,0.75424
5373.49,0.76044
5374.39,0.76443
5375.29,0.77285
5376.19,0.78201
5377.09,0.78402
5378.0,0.78765
5378.9,0.79548
5379.8,0.79361
5380.7,0.78924
5381.6,0.78915
5382.5,0.78669
5383.4,0.78579
5384.3,0.78492
5385.2,0.78406
5386.1,0.78443
5387.0,0.78471
5387.9,0.78085
5388.8,0.77902
5389.7,0.7748
5390.6,0.77279
5391.5,0.76506
5392.4,0.76488
5393.3,0.76423
5394.2,0.75481
5395.1,0.75139
5396.0,0.75197
5396.9,0.74802
5397.8,0.74701
5398.7,0.74483
5399.6,0.74506
5400.5,0.74403
5401.4,0.74863
5402.3,0.74563
5403.2,0.74232
5404.1,0.74108
5405.0,0.73299
5405.9,0.73144
5406.8,0.7272
5407.7,0.72494
5408.6,0.72743
5409.5,0.73051
5410.4,0.73584
5411.3,0.73914
5412.2,0.74577
5413.1,0.75383
5414.0,0.75875
5414.9,0.76596
5415.81,0.77346
5416.71,0.77339
5417.61,0.77751
5418.51,0.78093
5419.41,0.7835
5420.31,0.77766
5421.21,0.77943
5422.11,0.77799
5423.01,0.77614
5423.91,0.77498
5424.81,0.77288
5425.71,0.77126
5426.61,0.76873
5427.51,0.76829
5428.41,0.76401
5429.31,0.75973
5430.21,0.75948
5431.11,0.75586
5432.01,0.75117
5432.91,0.75085
5433.81,0.74559
5434.71,0.74743
5435.61,0.74869
5436.51,0.75211
5437.41,0.75952
5438.31,0.76956
5439.21,0.77194
5440.11,0.78396
5441.01,0.78455
5441.91,0.78825
5442.81,0.7891
5443.71,0.78573
5444.61,0.78351
5445.51,0.77627
5446.41,0.76971
5447.31,0.76491
5448.21,0.7624
5449.11,0.75914
5450.01,0.76182
5450.91,0.76195
5451.81,0.76262
5452.72,0.76478
5453.62,0.76339
5454.52,0.75967
5455.42,0.75925
5456.32,0.75566
5457.22,0.75621
5458.12,0.7593
5459.02,0.75718
5459.92,0.76272
5460.82,0.76155
5461.72,0.76109
5462.62,0.7629
5463.52,0.76258
5464.42,0.75935
5465.32,0.76037
5466.22,0.76313
5467.12,0.75869
5468.02,0.76211
5468.92,0.76429
5469.82,0.76473
5470.72,0.76319
5471.62,0.76186
5472.52,0.75889
5473.42,0.75817
5474.32,0.74895
5475.22,0.74597
5476.12,0.73967
5477.02,0.73949
5477.92,0.73609
5478.82,0.73245
5479.72,0.73477
5480.62,0.7376
5481.52,0.73935
5482.42,0.74202
5483.32,0.74781
5484.22,0.74958
5485.12,0.75445
5486.02,0.75793
5486.92,0.75628
5487.82,0.75972
5488.72,0.76251
5489.62,0.75981
5490.53,0.76375
5491.43,0.76412
5492.33,0.76016
5493.23,0.76112
5494.13,0.76154
5495.03,0.76412
5495.93,0.75996
5496.83,0.76345
5497.73,0.76566
5498.63,0.75987
5499.53,0.7627
5500.43,0.76031
5501.33,0.75751
5502.23,0.75998
5503.13,0.75676
5504.03,0.75302
5504.93,0.7529
5505.83,0.74928
5506.73,0.74914
5507.63,0.74754
5508.53,0.7485
5509.43,0.74747
5510.33,0.74597
5511.23,0.74582
5512.13,0.74828
5513.03,0.74534
5513.93,0.74441
5514.83,0.74342
5515.73,0.75059
5516.63,0.7536
5517.53,0.76005
5518.43,0.76184
5519.33,0.76726
5520.23,0.76753
5521.13,0.77105
5522.03,0.77147
5522.93,0.77382
5523.83,0.76996
5524.73,0.76343
5525.63,0.76237
5526.54,0.75704
5527.44,0.75765
5528.33,0.75036
5529.24,0.75275
5530.14,0.74976
5531.04,0.75095
5531.94,0.7489
5532.84,0.75357
5533.74,0.75702
5534.64,0.75628
5535.54,0.75694
5536.44,0.75497
5537.34,0.76159
5538.24,0.75962
5539.14,0.76571
5540.04,0.77107
5540.94,0.77208
5541.84,0.77119
5542.74,0.77112
5543.64,0.76988
5544.54,0.77151
5545.44,0.77225
5546.34,0.77454
5547.24,0.77257
5548.14,0.7739
5549.04,0.7741
5549.94,0.77301
5550.84,0.77752
5551.74,0.77969
5552.64,0.7739
5553.54,0.77793
5554.44,0.77961
5555.34,0.77132
5556.24,0.76994
5557.14,0.76955
5558.04,0.76874
5558.94,0.76746
5559.84,0.76742
5560.74,0.76533
5561.64,0.76123
5562.54,0.76113
5563.44,0.75883
5564.34,0.75578
5565.25,0.75201
5566.15,0.7516
5567.05,0.75068
5567.95,0.74841
5568.85,0.74756
5569.75,0.74593
5570.65,0.74773
5571.55,0.74858
5572.45,0.74728
5573.35,0.74733
5574.25,0.749
5575.15,0.75305
5576.05,0.75594
5576.95,0.75644
5577.85,0.7592
5578.75,0.75565
5579.65,0.76055
5580.55,0.76105
5581.45,0.761
5582.35,0.75799
5583.25,0.75471
5584.15,0.75255
5585.05,0.74746
5585.95,0.7404
5586.85,0.73199
5587.75,0.72486
5588.65,0.72473
5589.55,0.721
5590.45,0.71809
5591.35,0.71693
5592.25,0.71787
5593.15,0.72547
5594.05,0.72775
5594.95,0.72799
5595.85,0.73457
5596.75,0.73546
5597.65,0.73549
5598.55,0.73552
5599.45,0.73446
5600.35,0.73265
5601.25,0.72979
5602.15,0.73005
5603.06,0.7315
5603.96,0.73899
5604.86,0.74256
5605.76,0.74598
5606.66,0.75538
5607.56,0.75982
5608.46,0.76728
5609.36,0.76834
5610.26,0.76886
5611.16,0.77268
5612.06,0.76757
5612.96,0.76502
5613.86,0.76012
5614.76,0.75388
5615.66,0.75137
5616.56,0.74249
5617.46,0.73919
5618.36,0.7402
5619.26,0.73612
5620.16,0.74019
5621.06,0.741
5621.96,0.74209
5622.86,0.7412
5623.76,0.74173
5624.66,0.73984
5625.56,0.74151
5626.46,0.73977
5627.36,0.74676
5628.26,0.74564
5629.16,0.74742
5630.06,0.75227
5630.96,0.75694
5631.86,0.76132
5632.76,0.75949
5633.66,0.76022
5634.56,0.75392
5635.46,0.75912
5636.36,0.75218
5637.26,0.75115
5638.16,0.74662
5639.06,0.7425
5639.96,0.73969
5640.86,0.73783
5641.77,0.74002
5642.67,0.7402
5643.57,0.7415
5644.47,0.74152
5645.37,0.74334
5646.27,0.74594
5647.17,0.74626
5648.07,0.7468
5648.97,0.7505
5649.87,0.74931
5650.77,0.75076
5651.67,0.74894
5652.57,0.75366
5653.47,0.74715
5654.37,0.74651
5655.27,0.74313
5656.17,0.73765
5657.07,0.7324
5657.97,0.73062
5658.87,0.72306
5659.77,0.72204
5660.67,0.7202
5661.57,0.72405
5662.47,0.72541
5663.37,0.72542
5664.27,0.73003
5665.17,0.72993
5666.07,0.73681
5666.97,0.73749
5667.87,0.7378
5668.77,0.7432
5669.67,0.74448
5670.57,0.74484
5671.47,0.74858
5672.37,0.75234
5673.27,0.75563
5674.17,0.7571
5675.07,0.75999
5675.97,0.76092
5676.88,0.76042
5677.77,0.76234
5678.68,0.75909
5679.58,0.75773
5680.48,0.75696
5681.38,0.75216
5682.28,0.74976
5683.18,0.74767
5684.08,0.74468
5684.98,0.74344
5685.88,0.74124
5686.78,0.73484
5687.68,0.73826
5688.58,0.73952
5689.48,0.74017
5690.38,0.74173
5691.28,0.74681
5692.18,0.74795
5693.08,0.7533
5693.98,0.75379
5694.88,0.75653
5695.78,0.75764
5696.68,0.75521
5697.58,0.75311
5698.48,0.74926
5699.38,0.74556
5700.28,0.74594
5701.18,0.74131
5702.08,0.73985
5702.98,0.73543
5703.88,0.73025
5704.78,0.72678
5705.68,0.72741
5706.58,0.72367
5707.48,0.71805
5708.38,0.71887
5709.28,0.71485
5710.18,0.71385
5711.08,0.715
5711.98,0.71335
5712.88,0.7218
5713.78,0.72416
5714.68,0.72815
5715.59,0.73476
5716.49,0.74036
5717.39,0.74782
5718.29,0.75082
5719.19,0.75431
5720.09,0.75837
5720.99,0.76499
5721.89,0.76454
5722.79,0.7648
5723.69,0.76673
5724.59,0.76692
5725.49,0.76805
5726.39,0.76512
5727.29,0.76487
5728.19,0.76042
5729.09,0.76166
5729.99,0.76095
5730.89,0.75719
5731.79,0.75951
5732.69,0.7564
5733.59,0.76248
5734.49,0.75889
5735.39,0.75998
5736.29,0.7591
5737.19,0.76319
5738.09,0.76123
5738.99,0.76341
5739.89,0.76231
5740.79,0.76026
5741.69,0.75962
5742.59,0.76397
5743.49,0.76251
5744.39,0.76206
5745.29,0.76178
5746.19,0.75843
5747.09,0.75874
5747.99,0.75913
5748.89,0.75943
5749.79,0.75644
5750.69,0.75315
5751.59,0.75084
5752.5,0.75139
5753.4,0.74802
5754.3,0.74748
5755.2,0.74929
5756.1,0.74541
5757.0,0.74866
5757.9,0.74735
5758.8,0.74835
5759.7,0.74747
5760.6,0.7489
5761.5,0.74808
5762.4,0.7458
5763.3,0.74864
5764.2,0.74727
5765.1,0.7505
5766.0,0.75202
5766.9,0.75414
5767.8,0.75687
5768.7,0.76102
5769.6,0.75825
5770.5,0.76198
5771.4,0.7612
5772.3,0.76079
5773.2,0.75865
5774.1,0.75801
5775.0,0.75902
5775.9,0.75634
5776.8,0.75575
5777.7,0.75202
5778.6,0.74907
5779.5,0.74303
5780.4,0.73775
5781.3,0.73287
5782.2,0.73059
5783.1,0.72974
5784.0,0.72242
5784.9,0.72265
5785.8,0.72265
5786.7,0.72451
5787.6,0.72617
5788.5,0.72496
5789.41,0.73278
5790.31,0.73821
5791.21,0.73867
5792.11,0.74479
5793.01,0.74617
5793.91,0.74777
5794.81,0.74805
5795.71,0.74991
5796.61,0.7517
5797.51,0.75545
5798.41,0.75791
5799.31,0.75715
5800.21,0.76068
5801.11,0.75858
5802.01,0.75995
5802.91,0.76123
5803.81,0.7633
5804.71,0.75885
5805.61,0.75892
5806.51,0.75841
5807.41,0.75976
5808.31,0.75643
5809.21,0.75768
5810.11,0.75662
5811.01,0.75942
5811.91,0.75549
5812.81,0.75868
5813.71,0.7561
5814.61,0.7574
5815.51,0.75707
5816.41,0.75597
5817.31,0.75745
5818.21,0.7565
5819.11,0.75778
5820.01,0.76163
5820.91,0.76368
5821.81,0.76771
5822.71,0.76764
5823.61,0.76671
5824.51,0.76783
5825.41,0.77034
5826.31,0.76988
5827.22,0.7687
5828.12,0.77082
5829.02,0.76711
5829.92,0.76725
5830.82,0.76788
5831.72,0.7683
5832.62,0.77026
5833.52,0.76787
5834.42,0.76397
5835.32,0.76451
5836.22,0.76572
5837.12,0.76558
5838.02,0.76706
5838.92,0.76565
5839.82,0.76375
5840.72,0.76465
5841.62,0.76475
5842.52,0.76675
5843.42,0.76468
5844.32,0.76277
5845.22,0.76254
5846.12,0.76178
5847.02,0.76027
5847.92,0.75767
5848.82,0.75506
5849.72,0.75175
5850.62,0.7496
5851.52,0.74541
5852.42,0.74234
5853.32,0.73852
5854.22,0.7359
5855.12,0.73153
5856.02,0.73067
5856.92,0.72601
5857.82,0.7255
5858.72,0.72285
5859.62,0.72411
5860.52,0.72788
5861.42,0.72645
5862.32,0.73013
5863.23,0.7331
5864.12,0.73036
5865.03,0.73174
5865.93,0.73962
5866.83,0.74316
5867.73,0.74136
5868.63,0.7448
5869.53,0.74244
5870.43,0.74475
5871.33,0.7485
5872.23,0.74663
5873.13,0.74994
5874.03,0.74894
5874.93,0.74556
5875.83,0.7456
5876.73,0.74451
5877.63,0.74352
5878.53,0.74254
5879.43,0.74275
5880.33,0.73741
5881.23,0.73407
5882.13,0.7368
5883.03,0.72528
5883.93,0.72755
5884.83,0.71955
5885.73,0.71391
5886.63,0.70856
5887.53,0.7009
5888.43,0.685
5889.33,0.67649
5890.23,0.66878
5891.13,0.65702
5892.03,0.64833
5892.93,0.64691
5893.83,0.64116
5894.73,0.64154
5895.63,0.6452
5896.53,0.65164
5897.43,0.65641
5898.33,0.6632
5899.23,0.67167
5900.13,0.6798
5901.04,0.68995
5901.94,0.69802
5902.83,0.70775
5903.74,0.71139
5904.64,0.72003
5905.54,0.72181
5906.44,0.72361
5907.34,0.72861
5908.24,0.72935
5909.14,0.72829
5910.04,0.72949
5910.94,0.73112
5911.84,0.72765
5912.74,0.72567
5913.64,0.72244
5914.54,0.72605
5915.44,0.72372
5916.34,0.72719
5917.24,0.72658
5918.14,0.72621
5919.04,0.72474
5919.94,0.72618
5920.84,0.72816
5921.74,0.72929
5922.64,0.72805
5923.54,0.73313
5924.44,0.73177
5925.34,0.72915
5926.24,0.73376
5927.14,0.73256
5928.04,0.73216
5928.94,0.72829
5929.84,0.72884
5930.74,0.73077
5931.64,0.72747
5932.54,0.72804
5933.44,0.73205
5934.34,0.72901
5935.24,0.73125
5936.14,0.72998
5937.04,0.73054
5937.94,0.73146
5938.85,0.73215
5939.75,0.73359
5940.65,0.73103
5941.55,0.73371
5942.45,0.73292
5943.35,0.73225
5944.25,0.73179
5945.15,0.7329
5946.05,0.72996
5946.95,0.73147
5947.85,0.73299
5948.75,0.72868
5949.65,0.72865
5950.55,0.72671
5951.45,0.72873
5952.35,0.72487
5953.25,0.7261
5954.15,0.72307
5955.05,0.72071
5955.95,0.723
5956.85,0.72312
5957.75,0.72612
5958.65,0.72672
5959.55,0.72699
5960.45,0.72925
5961.35,0.73207
5962.25,0.73332
5963.15,0.73295
5964.05,0.7368
5964.95,0.7372
5965.85,0.74064
5966.75,0.73748
5967.65,0.73784
5968.55,0.73736
5969.45,0.74195
5970.35,0.74219
5971.25,0.74096
5972.15,0.74324
5973.05,0.7424
5973.95,0.73806
5974.85,0.73885
5975.75,0.73481
5976.65,0.73484
5977.56,0.72952
5978.46,0.72953
5979.36,0.72654
5980.26,0.72642
5981.16,0.7225
5982.06,0.72412
5982.96,0.72578
5983.86,0.72408
5984.76,0.72434
5985.66,0.72305
5986.56,0.7237
5987.46,0.72096
5988.36,0.72632
5989.26,0.72132
5990.16,0.72597
5991.06,0.72916
5991.96,0.72686
5992.86,0.73171
5993.76,0.73019
5994.66,0.73161
5995.56,0.73316
5996.46,0.73453
5997.36,0.72968
5998.26,0.72908
5999.16,0.72908
6000.06,0.73003
6000.96,0.72906
6001.86,0.72677
6002.76,0.72504
6003.66,0.7236
6004.56,0.72493
6005.46,0.72253
6006.36,0.72329
6007.26,0.71991
6008.16,0.71903
6009.06,0.71681
6009.96,0.71872
6010.86,0.71735
6011.76,0.71718
6012.67,0.71949
6013.56,0.72
6014.47,0.71749
6015.37,0.71687
6016.27,0.71628
6017.17,0.71545
6018.07,0.71501
6018.97,0.71505
6019.87,0.71608
6020.77,0.71328
6021.67,0.71522
6022.57,0.71231
6023.47,0.71459
6024.37,0.71463
6025.27,0.71652
6026.17,0.71929
6027.07,0.7226
6027.97,0.72519
6028.87,0.72488
6029.77,0.72784
6030.67,0.73128
6031.57,0.73007
6032.47,0.73497
6033.37,0.7362
6034.27,0.7381
6035.17,0.73894
6036.07,0.73951
6036.97,0.74036
6037.87,0.73923
6038.77,0.74095
6039.67,0.74078
6040.57,0.73852
6041.47,0.73553
6042.37,0.73909
6043.27,0.73881
6044.17,0.74011
6045.07,0.74073
6045.97,0.74039
6046.87,0.73941
6047.77,0.74083
6048.67,0.74216
6049.57,0.74034
6050.47,0.74431
6051.38,0.7407
6052.28,0.74205
6053.18,0.739
6054.08,0.73809
6054.98,0.73318
6055.88,0.73064
6056.78,0.73176
6057.68,0.73428
6058.58,0.73194
6059.48,0.73343
6060.38,0.73041
6061.28,0.72805
6062.18,0.72912
6063.08,0.72716
6063.98,0.73066
6064.88,0.72668
6065.78,0.72689
6066.68,0.7285
6067.58,0.73007
6068.48,0.7311
6069.38,0.73206
6070.28,0.73565
6071.18,0.74143
6072.08,0.74192
6072.98,0.74242
6073.88,0.74305
6074.78,0.74155
6075.68,0.74153
6076.58,0.74006
6077.48,0.73608
6078.38,0.73238
6079.28,0.73255
6080.18,0.72946
6081.08,0.72228
6081.98,0.72395
6082.88,0.72222
6083.78,0.71868
6084.68,0.71834
6085.58,0.71709
6086.48,0.71856
6087.38,0.71976
6088.28,0.72063
6089.19,0.71944
6090.09,0.72195
6090.99,0.7207
6091.89,0.71802
6092.79,0.71986
6093.69,0.72157
6094.59,0.72176
6095.49,0.72303
6096.39,0.72354
6097.29,0.72493
6098.19,0.72586
6099.09,0.72215
6099.99,0.72246
6100.89,0.72156
6101.79,0.71635
6102.69,0.71733
6103.59,0.71381
6104.49,0.71191
6105.39,0.71233
6106.29,0.71482
6107.19,0.71706
6108.09,0.71703
6108.99,0.71975
6109.89,0.72218
6110.79,0.72363
6111.69,0.7248
6112.59,0.72838
6113.49,0.72792
6114.39,0.72843
6115.29,0.72986
6116.19,0.72558
6117.09,0.72704
6117.99,0.72395
6118.89,0.72493
6119.79,0.71922
6120.69,0.7201
6121.59,0.71634
6122.49,0.71363
6123.39,0.71114
6124.29,0.71175
6125.19,0.71125
6126.1,0.71296
6127.0,0.71497
6127.9,0.71349
6128.8,0.71589
6129.7,0.71582
6130.6,0.71657
6131.5,0.71801
6132.4,0.71534
6133.3,0.71381
6134.2,0.7107
6135.1,0.70748
6136.0,0.70295
6136.9,0.69966
6137.8,0.69849
6138.7,0.69358
6139.6,0.69349
6140.5,0.69442
6141.4,0.69533
6142.3,0.70085
6143.2,0.702
6144.1,0.70626
6145.0,0.71131
6145.9,0.71567
6146.8,0.71476
6147.7,0.7183
6148.6,0.71513
6149.5,0.71717
6150.4,0.71397
6151.3,0.71447
6152.2,0.71185
6153.1,0.70995
6154.0,0.71018
6154.9,0.70946
6155.8,0.70606
6156.7,0.70552
6157.6,0.7014
6158.5,0.69811
6159.4,0.69207
6160.3,0.6892
6161.2,0.68433
6162.1,0.67742
6163.01,0.67328
6163.91,0.67033
6164.81,0.66802
6165.71,0.66868
6166.61,0.66829
6167.51,0.66717
6168.41,0.67243
6169.31,0.6728
6170.21,0.6748
6171.11,0.67584
6172.01,0.67656
6172.91,0.67923
6173.81,0.68175
6174.71,0.68694
6175.61,0.68553
6176.51,0.69194
6177.41,0.69063
6178.31,0.69286
6179.21,0.69574
6180.11,0.70102
6181.01,0.69791
6181.91,0.70156
6182.81,0.70101
6183.71,0.70155
6184.61,0.69932
6185.51,0.69885
6186.41,0.69786
6187.31,0.69864
6188.21,0.69267
6189.11,0.69027
6190.01,0.68891
6190.91,0.68509
6191.81,0.6845
6192.71,0.6858
6193.61,0.68651
6194.51,0.68756
6195.41,0.68645
6196.31,0.69173
6197.21,0.6942
6198.11,0.69519
6199.01,0.69578
6199.92,0.69701
6200.82,0.69843
6201.72,0.69655
6202.62,0.69864
6203.52,0.69929
6204.42,0.70298
6205.32,0.703
6206.22,0.70648
6207.12,0.70343
6208.02,0.70559
6208.92,0.70388
6209.82,0.70253
6210.72,0.69909
6211.62,0.6965
6212.52,0.69303
6213.42,0.69181
6214.32,0.68664
6215.22,0.68254
6216.12,0.67685
6217.02,0.67626
6217.92,0.67731
6218.82,0.6742
6219.72,0.67522
6220.62,0.6749
6221.52,0.67769
6222.42,0.67457
6223.32,0.67794
6224.22,0.68168
6225.12,0.6763
6226.02,0.67903
6226.92,0.67914
6227.82,0.68097
6228.72,0.67817
6229.62,0.67654
6230.52,0.6749
6231.42,0.67236
6232.32,0.6713
6233.22,0.67351
6234.12,0.672
6235.02,0.67292
6235.92,0.67433
6236.83,0.67632
6237.73,0.67579
6238.63,0.67697
6239.53,0.67446
6240.43,0.67366
6241.33,0.67055
6242.23,0.67015
6243.13,0.66902
6244.03,0.66705
6244.93,0.66691
6245.83,0.66587
6246.73,0.66612
6247.63,0.66476
6248.53,0.66895
6249.43,0.66721
6250.33,0.66768
6251.23,0.66734
6252.13,0.66723
6253.03,0.66358
6253.93,0.65981
6254.83,0.6626
6255.73,0.66017
6256.63,0.65759
6257.53,0.65724
6258.43,0.65617
6259.33,0.65821
6260.23,0.65903
6261.13,0.66472
6262.03,0.66498
6262.93,0.66822
6263.83,0.67141
6264.73,0.67591
6265.63,0.67691
6266.53,0.67831
6267.43,0.68191
6268.33,0.68154
6269.23,0.68596
6270.13,0.68235
6271.03,0.68625
6271.93,0.68327
6272.83,0.68852
6273.73,0.68888
6274.64,0.68692
6275.54,0.68646
6276.44,0.68832
6277.34,0.6876
6278.24,0.68849
6279.14,0.68801
6280.04,0.68489
6280.94,0.68692
6281.84,0.68611
6282.74,0.68566
6283.64,0.68859
6284.54,0.68936
6285.44,0.68998
6286.34,0.69332
6287.24,0.69395
6288.14,0.69091
6289.04,0.69362
6289.94,0.6941
6290.84,0.69207
6291.74,0.69467
6292.64,0.69274
6293.54,0.68882
6294.44,0.69046
6295.34,0.68647
6296.24,0.68335
6297.14,0.68277
6298.04,0.68196
6298.94,0.67714
6299.84,0.67861
6300.74,0.6755
6301.64,0.67731
6302.54,0.67531
6303.44,0.67784
6304.34,0.67775
6305.24,0.68125
6306.14,0.67919
6307.04,0.68544
6307.94,0.68539
6308.84,0.6887
6309.74,0.6863
6310.64,0.68681
6311.54,0.68761
6312.45,0.68622
6313.35,0.68559
6314.25,0.68306
6315.15,0.6795
6316.05,0.67858
6316.95,0.67592
6317.85,0.6758
6318.75,0.67543
6319.65,0.67497
6320.55,0.67341
6321.45,0.67692
6322.35,0.68123
6323.25,0.68125
6324.15,0.68291
6325.05,0.68604
6325.95,0.68822
6326.85,0.69219
6327.75,0.69244
6328.65,0.69374
6329.55,0.69408
6330.45,0.69445
6331.35,0.69383
6332.25,0.69212
6333.15,0.69241
6334.05,0.68889
6334.95,0.68801
6335.85,0.68497
6336.75,0.68267
6337.65,0.68271
6338.55,0.68404
6339.45,0.68084
6340.35,0.683
6341.25,0.68328
6342.15,0.68423
6343.05,0.6777
6343.95,0.68412
6344.85,0.68303
6345.75,0.6846
6346.65,0.68365
6347.55,0.68536
6348.46,0.68407
6349.35,0.68568
6350.26,0.68871
6351.16,0.68948
6352.06,0.68938
6352.96,0.68633
6353.86,0.68754
6354.76,0.68568
6355.66,0.68261
6356.56,0.68075
6357.46,0.67616
6358.36,0.67639
6359.26,0.67097
6360.16,0.66796
6361.06,0.66734
6361.96,0.66381
6362.86,0.66532
6363.76,0.66477
6364.66,0.66673
6365.56,0.6682
6366.46,0.67294
6367.36,0.67429
6368.26,0.67805
6369.16,0.68043
6370.06,0.68216
6370.96,0.68405
6371.86,0.68845
6372.76,0.68894
6373.66,0.69016
6374.56,0.69211
6375.46,0.69526
6376.36,0.69281
6377.26,0.69229
6378.16,0.69437
6379.06,0.69163
6379.96,0.69173
6380.86,0.69267
6381.76,0.69082
6382.66,0.69078
6383.56,0.68943
6384.46,0.69114
6385.36,0.69061
6386.27,0.69394
6387.17,0.69104
6388.07,0.68944
6388.97,0.6921
6389.87,0.69326
6390.77,0.68878
6391.67,0.68476
6392.57,0.68539
6393.47,0.68446
6394.37,0.68315
6395.27,0.68244
6396.17,0.68277
6397.07,0.68059
6397.97,0.68066
6398.87,0.68092
6399.77,0.68005
6400.67,0.68059
6401.57,0.68127
6402.47,0.6833
6403.37,0.68487
6404.27,0.68316
6405.17,0.68355
6406.07,0.68519
6406.97,0.68749
6407.87,0.68885
6408.77,0.68511
6409.67,0.68475
6410.57,0.68469
6411.47,0.68335
6412.37,0.67985
6413.27,0.6836
6414.17,0.6819
6415.07,0.68028
6415.97,0.68014
6416.87,0.68236
6417.77,0.67911
6418.67,0.68249
6419.57,0.67875
6420.47,0.6803
6421.37,0.68086
6422.27,0.68095
6423.17,0.68205
6424.08,0.68457
6424.98,0.68744
6425.88,0.68851
6426.78,0.68793
6427.68,0.68991
6428.58,0.68813
6429.48,0.68866
6430.38,0.68731
6431.28,0.68692
6432.18,0.68337
6433.08,0.68601
6433.98,0.68429
6434.88,0.68572
6435.78,0.68636
6436.68,0.68249
6437.58,0.6862
6438.48,0.68933
6439.38,0.68714
6440.28,0.68964
6441.18,0.69154
6442.08,0.69255
6442.98,0.69431
6443.88,0.69437
6444.78,0.6943
6445.68,0.69249
6446.58,0.6944
6447.48,0.69152
6448.38,0.68902
6449.28,0.68618
6450.18,0.68521
6451.08,0.67875
6451.98,0.68157
6452.88,0.67591
6453.78,0.67769
6454.68,0.67879
6455.58,0.67731
6456.48,0.68231
6457.38,0.68121
6458.28,0.67957
6459.18,0.68514
6460.08,0.68288
6460.98,0.6816
6461.89,0.68163
6462.79,0.68366
6463.69,0.68248
6464.59,0.68117
6465.49,0.68202
6466.39,0.68233
6467.29,0.68314
6468.19,0.68529
6469.09,0.6856
6469.99,0.68491
6470.89,0.68413
6471.79,0.68423
6472.69,0.683
6473.59,0.68643
6474.49,0.68491
6475.39,0.68116
6476.29,0.68298
6477.19,0.68237
6478.09,0.68272
6478.99,0.67619
6479.89,0.67819
6480.79,0.6783
6481.69,0.67779
6482.59,0.67714
6483.49,0.67103
6484.39,0.67122
6485.29,0.67171
6486.19,0.67168
6487.09,0.67239
6487.99,0.66994
6488.89,0.66846
6489.79,0.66697
6490.69,0.6636
6491.59,0.65659
6492.49,0.65524
6493.39,0.64735
6494.29,0.64121
6495.19,0.63896
6496.09,0.6333
6496.99,0.62935
6497.9,0.62689
6498.79,0.63083
6499.7,0.63225
6500.6,0.63523
6501.5,0.64152
6502.4,0.6446
6503.3,0.64888
6504.2,0.65636
6505.1,0.65933
6506.0,0.66549
6506.9,0.66699
6507.8,0.67023
6508.7,0.67236
6509.6,0.67262
6510.5,0.67485
6511.4,0.67184
6512.3,0.67092
6513.2,0.67366
6514.1,0.67154
6515.0,0.66838
6515.9,0.6673
6516.8,0.66717
6517.7,0.66781
6518.6,0.66345
6519.5,0.66388
6520.4,0.66373
6521.3,0.66483
6522.2,0.66621
6523.1,0.66668
6524.0,0.66996
6524.9,0.66927
6525.8,0.67089
6526.7,0.67044
6527.6,0.66795
6528.5,0.66837
6529.4,0.66649
6530.3,0.66866
6531.2,0.66875
6532.1,0.66813
6533.0,0.6678
6533.9,0.66672
6534.8,0.6704
6535.71,0.66465
6536.61,0.6673
6537.51,0.66855
6538.41,0.66468
6539.31,0.66605
6540.21,0.66891
6541.11,0.66634
6542.01,0.66275
6542.91,0.66532
6543.81,0.6629
6544.71,0.65913
6545.61,0.65388
6546.51,0.65122
6547.41,0.64878
6548.31,0.64259
6549.21,0.6446
6550.11,0.64014
6551.01,0.63685
6551.91,0.6346
6552.81,0.63155
6553.71,0.62719
6554.61,0.6208
6555.51,0.61493
6556.41,0.60764
6557.31,0.59983
6558.21,0.5892
6559.11,0.58065
6560.01,0.56638
6560.91,0.55454
6561.81,0.5457
6562.71,0.53297
6563.61,0.52799
6564.51,0.52647
6565.41,0.5274
6566.31,0.53307
6567.21,0.54395
6568.11,0.5526
6569.01,0.56069
6569.91,0.57254
6570.81,0.58521
6571.71,0.59313
6572.61,0.59907
6573.52,0.6073
6574.42,0.61421
6575.32,0.61727
6576.22,0.62069
6577.12,0.62663
6578.02,0.62844
6578.92,0.63092
6579.82,0.63739
6580.72,0.64073
6581.62,0.64191
6582.52,0.64408
6583.42,0.64464
6584.32,0.64838
6585.22,0.64883
6586.12,0.64918
6587.02,0.65217
6587.92,0.65071
6588.82,0.65102
6589.72,0.64941
6590.62,0.64762
6591.52,0.64564
6592.42,0.64657
6593.32,0.64353
6594.22,0.64474
6595.12,0.64061
6596.02,0.64049
6596.92,0.643
6597.82,0.64449
6598.72,0.64447
6599.62,0.64632
6600.52,0.64741
6601.42,0.65255
6602.32,0.65423
6603.22,0.65247
6604.12,0.65424
6605.02,0.65311
6605.92,0.65372
6606.82,0.65252
6607.72,0.65193
6608.62,0.64967
6609.52,0.65188
6610.43,0.6508
6611.33,0.65205
6612.23,0.65163
6613.13,0.65235
6614.03,0.65511
6614.93,0.65541
6615.83,0.65797
6616.73,0.66015
6617.63,0.66071
6618.53,0.66236
6619.43,0.66266
6620.33,0.66104
6621.23,0.66042
6622.13,0.66272
6623.03,0.65941
6623.93,0.65755
6624.83,0.66
6625.73,0.65617
6626.63,0.65791
6627.53,0.65456
6628.43,0.65454
6629.33,0.65332
6630.23,0.65214
6631.13,0.65182
6632.03,0.64888
6632.93,0.6475
6633.83,0.64877
6634.73,0.64637
6635.63,0.64806
6636.53,0.64699
6637.43,0.64789
6638.33,0.64998
6639.23,0.6525
6640.13,0.64869
6641.03,0.64798
6641.93,0.65145
6642.83,0.64934
6643.73,0.65097
6644.63,0.65084
6645.53,0.65008
6646.43,0.65216
6647.34,0.64995
6648.24,0.65155
6649.14,0.64846
6650.04,0.65322
6650.94,0.65067
6651.84,0.65206
6652.74,0.65413
6653.64,0.65395
6654.54,0.65246
6655.44,0.6526
6656.34,0.65151
6657.24,0.65115
6658.14,0.64799
6659.04,0.65053
6659.94,0.64963
6660.84,0.64691
6661.74,0.64851
6662.64,0.64333
6663.54,0.64418
6664.44,0.64317
6665.34,0.64376
6666.24,0.64096
6667.14,0.64162
6668.04,0.64275
6668.94,0.64565
6669.84,0.64282
6670.74,0.64681
6671.64,0.64847
6672.54,0.64823
6673.44,0.64562
6674.34,0.64777
6675.24,0.6469
6676.14,0.64793
6677.04,0.64241
6677.94,0.64113
6678.84,0.6414
6679.74,0.64107
6680.64,0.63909
6681.54,0.63748
6682.44,0.6416
6683.34,0.6426
6684.24,0.64105
6685.15,0.64392
6686.05,0.6432
6686.95,0.6438
6687.85,0.64393
6688.75,0.6515
6689.65,0.64637
6690.55,0.64647
6691.45,0.6487
6692.35,0.64631
6693.25,0.64665
6694.15,0.64597
6695.05,0.64572
6695.95,0.64445
6696.85,0.64399
6697.75,0.64302
6698.65,0.64389
6699.55,0.64113
6700.45,0.6408
6701.35,0.64325
6702.25,0.64367
6703.15,0.64168
6704.05,0.64088
6704.95,0.64133
6705.85,0.64179
6706.75,0.64153
6707.65,0.64213
6708.55,0.64312
6709.45,0.64199
6710.35,0.63784
6711.25,0.63849
6712.15,0.64012
6713.05,0.63783
6713.95,0.63125
6714.85,0.63345
6715.75,0.63185
6716.65,0.62847
6717.55,0.62702
6718.45,0.62754
6719.35,0.62611
6720.25,0.62893
6721.16,0.62813
6722.06,0.62985
6722.96,0.6311
6723.86,0.6319
6724.76,0.63397
6725.66,0.63402
6726.56,0.63368
6727.46,0.6388
6728.36,0.64076
6729.26,0.64058
6730.16,0.64096
6731.06,0.64061
6731.96,0.64108
6732.86,0.63896
6733.76,0.64037
6734.66,0.63941
6735.56,0.64034
6736.46,0.64041
6737.36,0.6383
6738.26,0.63701
6739.16,0.63618
6740.06,0.63365
6740.96,0.6352
6741.86,0.63387
6742.76,0.63544
6743.66,0.63323
6744.56,0.6331
6745.46,0.63114
6746.36,0.63188
6747.26,0.63133
6748.16,0.62924
6749.06,0.62771
6749.96,0.62909
6750.86,0.62979
6751.76,0.63041
6752.66,0.6296
6753.56,0.62957
6754.46,0.62845
6755.36,0.63163
6756.26,0.63323
6757.16,0.63508
6758.06,0.63449
6758.97,0.63595
6759.87,0.63842
6760.77,0.63662
6761.67,0.64027
6762.57,0.63878
6763.47,0.63931
6764.37,0.63964
6765.27,0.63948
6766.17,0.63856
6767.07,0.63643
6767.97,0.63413
6768.87,0.63654
6769.77,0.634
6770.67,0.636
6771.57,0.63447
6772.47,0.63571
6773.37,0.63642
6774.27,0.63635
6775.17,0.63926
6776.07,0.63979
6776.97,0.6404
6777.87,0.64148
6778.77,0.64179
6779.67,0.64188
6780.57,0.64088
6781.47,0.63949
6782.37,0.63644
6783.27,0.63412
6784.17,0.638
6785.07,0.63218
6785.97,0.63311
6786.87,0.63101
6787.77,0.63186
6788.67,0.63116
6789.57,0.62932
6790.47,0.63107
6791.37,0.63273
6792.27,0.63462
6793.17,0.63294
6794.07,0.63423
6794.97,0.63326
6795.88,0.63382
6796.78,0.63446
6797.68,0.63302
6798.58,0.63381
6799.48,0.6356
6800.38,0.63536
6801.28,0.63774
6802.18,0.63718
6803.08,0.63771
6803.98,0.63831
6804.88,0.6379
6805.78,0.63711
6806.68,0.63904
6807.58,0.6343
6808.48,0.6358
6809.38,0.63551
6810.28,0.63371
6811.18,0.63386
6812.08,0.6341
6812.98,0.63361
6813.88,0.63595
6814.78,0.63311
6815.68,0.63529
6816.58,0.636
6817.48,0.63392
6818.38,0.63336
6819.28,0.63336
6820.18,0.63414
6821.08,0.63556
6821.98,0.6341
6822.88,0.63595
6823.78,0.63801
6824.68,0.63681
6825.58,0.63782
6826.48,0.63904
6827.38,0.63815
6828.28,0.63691
6829.18,0.63913
6830.08,0.63794
6830.98,0.63721
6831.88,0.63721
6832.79,0.6358
6833.69,0.63527
6834.59,0.63527
6835.49,0.63646
6836.39,0.63347
6837.29,0.63353
6838.19,0.63381
6839.09,0.62975
6839.99,0.6312
6840.89,0.62667
6841.79,0.62473
6842.69,0.62451
6843.59,0.62543
6844.49,0.62733
6845.39,0.62527
6846.29,0.62807
6847.19,0.62718
6848.09,0.62819
6848.99,0.63221
6849.89,0.63194
6850.79,0.63395
6851.69,0.63229
6852.59,0.63146
6853.49,0.6311
6854.39,0.63099
6855.29,0.62841
6856.19,0.62698
6857.09,0.62576
6857.99,0.6258
6858.89,0.62515
6859.79,0.62525
6860.69,0.625
6861.59,0.62422
6862.49,0.6246
6863.39,0.62761
6864.29,0.62939
6865.19,0.62752
6866.09,0.62768
6866.99,0.6274
6867.89,0.62678
6868.79,0.62988
6869.7,0.62683
6870.6,0.62812
6871.5,0.62747
6872.4,0.62765
6873.3,0.6298
6874.2,0.62728
6875.1,0.6297
6876.0,0.62842
6876.9,0.62846
6877.8,0.63094
6878.7,0.62896
6879.6,0.63111
6880.5,0.63229
6881.4,0.63038
6882.3,0.6305
6883.2,0.63006
6884.1,0.62874
6885.0,0.6322
6885.9,0.63056
6886.8,0.63204
6887.7,0.63537
6888.6,0.63239
6889.5,0.63666
6890.4,0.63682
6891.3,0.63738
6892.2,0.63825
6893.1,0.63824
6894.0,0.63817
6894.9,0.63868
6895.8,0.63833
6896.7,0.63963
6897.6,0.63657
6898.5,0.63708
6899.4,0.63765
6900.3,0.63937
6901.2,0.63691
6902.1,0.63982
6903.0,0.6362
6903.9,0.64088
6904.8,0.64103
6905.7,0.64103
6906.6,0.63855
6907.51,0.63827
6908.41,0.64537
6909.31,0.64056
6910.21,0.64045
6911.11,0.64094
6912.01,0.64202
6912.91,0.63814
6913.81,0.63792
6914.71,0.63403
6915.61,0.63346
6916.51,0.63464
6917.41,0.63306
6918.31,0.6323
6919.21,0.63207
6920.11,0.63056
6921.01,0.63473
6921.91,0.63275
6922.81,0.6342
6923.71,0.63513
6924.61,0.63295
6925.51,0.63471
6926.41,0.63249
6927.31,0.63322
6928.21,0.63348
6929.11,0.63534
6930.01,0.634
6930.91,0.63461
6931.81,0.63543
6932.71,0.63651
6933.61,0.63197
6934.51,0.63416
6935.41,0.63582
6936.31,0.63596
6937.21,0.63864
6938.11,0.63534
6939.01,0.63621
6939.91,0.63642
6940.81,0.63782
6941.71,0.63614
6942.61,0.635
6943.52,0.63335
6944.42,0.63121
6945.31,0.63123
6946.22,0.63017
6947.12,0.6329
6948.02,0.62997
6948.92,0.63162
6949.82,0.62783
6950.72,0.62796
6951.62,0.62802
6952.52,0.6319
6953.42,0.62958
6954.32,0.63023
6955.22,0.63034
6956.12,0.63256
6957.02,0.63249
6957.92,0.63245
6958.82,0.63492
6959.72,0.63397
6960.62,0.63245
6961.52,0.63689
6962.42,0.63455
6963.32,0.63532
6964.22,0.63883
6965.12,0.63434
6966.02,0.63735
6966.92,0.63749
6967.82,0.63804
6968.72,0.64056
6969.62,0.63883
6970.52,0.63794
6971.42,0.63756
6972.32,0.63413
6973.22,0.634
6974.12,0.63254
6975.02,0.62986
6975.92,0.63127
6976.82,0.62528
6977.72,0.62611
6978.62,0.62309
6979.52,0.62218
6980.42,0.62295
6981.33,0.62386
6982.23,0.62445
6983.12,0.62248
6984.03,0.62912
6984.93,0.63274
6985.83,0.63282
6986.73,0.63226
6987.63,0.63499
6988.53,0.63777
6989.43,0.63717
6990.33,0.63771
6991.23,0.63833
6992.13,0.63749
6993.03,0.63878
6993.93,0.63738
6994.83,0.63702
6995.73,0.63655
6996.63,0.63697
6997.53,0.63777
6998.43,0.63663
6999.33,0.6343
7000.23,0.63415
7001.13,0.63385
7002.03,0.632
7002.93,0.63162
7003.83,0.62936
7004.73,0.62844
7005.63,0.63013
7006.53,0.62959
7007.43,0.6289
7008.33,0.62987
7009.23,0.63031
7010.13,0.62823
7011.03,0.62967
7011.93,0.6284
7012.83,0.62898
7013.73,0.62952
7014.63,0.62613
7015.53,0.62514
7016.43,0.62586
7017.33,0.62544
7018.23,0.62607
7019.14,0.62573
7020.04,0.62511
7020.94,0.62557
7021.84,0.62552
7022.74,0.62375
7023.64,0.62747
7024.54,0.62479
7025.44,0.62963
7026.34,0.62743
7027.24,0.6295
7028.14,0.62658
7029.04,0.62572
7029.94,0.63044
7030.84,0.6279
7031.74,0.62854
7032.64,0.62795
7033.54,0.62645
7034.44,0.62876
7035.34,0.62942
7036.24,0.62903
7037.14,0.63087
7038.04,0.63147
7038.94,0.63201
7039.84,0.63255
7040.74,0.63313
7041.64,0.6372
7042.54,0.63557
7043.44,0.64055
7044.34,0.64295
7045.24,0.64171
7046.14,0.64296
7047.04,0.64297
7047.94,0.64276
7048.84,0.64285
7049.74,0.64062
7050.64,0.63609
7051.54,0.63694
7052.44,0.6348
7053.34,0.63019
7054.25,0.62682
7055.15,0.62469
7056.04,0.61995
7056.95,0.61844
7057.85,0.61785
7058.75,0.61491
7059.65,0.61188
7060.55,0.61222
7061.45,0.61253
7062.35,0.6114
7063.25,0.61229
7064.15,0.61056
7065.05,0.60921
7065.95,0.61039
7066.85,0.60915
7067.75,0.60893
7068.65,0.61023
7069.55,0.60869
7070.45,0.60838
7071.35,0.61286
7072.25,0.61293
7073.15,0.61377
7074.05,0.61305
7074.95,0.61498
7075.85,0.61661
7076.75,0.61585
7077.65,0.61515
7078.55,0.61646
7079.45,0.61787
7080.35,0.6143
7081.25,0.61506
7082.15,0.61051
7083.05,0.60831
7083.95,0.60861
7084.85,0.60259
7085.75,0.60365
7086.65,0.59857
7087.55,0.59442
7088.45,0.59221
7089.35,0.58917
7090.25,0.5874
7091.15,0.58681
7092.06,0.58468
7092.96,0.584
7093.85,0.58551
7094.76,0.58653
7095.66,0.58689
7096.56,0.58501
7097.46,0.58847
7098.36,0.58999
7099.26,0.58698
7100.16,0.59102
7101.06,0.59039
7101.96,0.59448
7102.86,0.59431
7103.76,0.59414
7104.66,0.59647
7105.56,0.59841
7106.46,0.59718
7107.36,0.59818
7108.26,0.59641
7109.16,0.59303
7110.06,0.59542
7110.96,0.59453
7111.86,0.5941
7112.76,0.5966
7113.66,0.59085
7114.56,0.59444
7115.46,0.59433
7116.36,0.59341
7117.26,0.5959
7118.16,0.59712
7119.06,0.59661
7119.96,0.59829
7120.86,0.59578
7121.76,0.59442
7122.66,0.59368
7123.56,0.59351
7124.46,0.59425
7125.36,0.59092
7126.26,0.591
7127.16,0.59115
7127.27,0.5887
7128.17,0.58933
7129.07,0.58734
7129.96,0.58715
7130.86,0.58635
7131.75,0.58665
7132.65,0.5836
7133.55,0.58686
7134.44,0.58918
7135.34,0.58725
7136.23,0.58836
7137.13,0.58915
7138.03,0.59187
7138.92,0.59283
7139.82,0.59051
7140.71,0.59278
7141.61,0.59256
7142.5,0.58854
7143.4,0.59155
7144.3,0.59112
7145.19,0.5889
7146.09,0.58829
7146.98,0.58744
7147.88,0.58879
7148.78,0.58758
7149.67,0.58601
7150.57,0.58734
7151.46,0.58838
7152.36,0.5865
7153.26,0.5931
7154.15,0.59017
7155.05,0.5907
7155.94,0.59206
7156.84,0.59333
7157.74,0.59631
7158.63,0.59439
7159.53,0.59363
7160.42,0.59716
7161.32,0.59534
7162.21,0.59597
7163.11,0.59569
7164.01,0.59673
7164.9,0.59488
7165.8,0.5981
7166.69,0.59904
7167.59,0.59851
7168.49,0.60269
7169.38,0.60197
7170.28,0.60364
7171.17,0.606
7172.07,0.60674
7172.96,0.60645
7173.86,0.60876
7174.76,0.60974
7175.65,0.60797
7176.55,0.60934
7177.44,0.60786
7178.34,0.60688
7179.24,0.60576
7180.13,0.60336
7181.03,0.60146
7181.92,0.6007
7182.82,0.5992
7183.72,0.60069
7184.61,0.59744
7185.51,0.59728
7186.4,0.59691
7187.3,0.59565
7188.19,0.59562
7189.09,0.5976
7189.99,0.59372
7190.88,0.59471
7191.78,0.59373
7192.67,0.5917
7193.57,0.59652
7194.47,0.5979
7195.36,0.59759
7196.26,0.59825
7197.15,0.59994
7198.05,0.59949
7198.95,0.59867
7199.84,0.6004
7200.74,0.60205
7201.63,0.60009
7202.53,0.60123
7203.43,0.59815
7204.32,0.59947
7205.22,0.5973
7206.11,0.60087
7207.01,0.6001
7207.9,0.59664
7208.8,0.59695
7209.7,0.59881
7210.59,0.59566
7211.49,0.59803
7212.38,0.59963
7213.28,0.60044
7214.18,0.60204
7215.07,0.60247
7215.97,0.60174
7216.86,0.60415
7217.76,0.60361
7218.66,0.60488
7219.55,0.60651
7220.45,0.6067
7221.34,0.60668
7222.24,0.60851
7223.13,0.60828
7224.03,0.60992
7224.93,0.60781
7225.82,0.61268
7226.72,0.61078
7227.61,0.61165
7228.51,0.6154
7229.41,0.61398
7230.3,0.61363
7231.2,0.61612
7232.09,0.61709
7232.99,0.61712
7233.89,0.61611
7234.78,0.61818
7235.68,0.61742
7236.57,0.61586
7237.47,0.61628
7238.36,0.6187
7239.26,0.61602
7240.16,0.61431
7241.05,0.61409
7241.95,0.61403
7242.84,0.61145
7243.74,0.61393
7244.64,0.61438
7245.53,0.6155
7246.43,0.61563
7247.32,0.61459
7248.22,0.61594
7249.12,0.61246
7250.01,0.6125
7250.91,0.61636
7251.8,0.61227
7252.7,0.61795
7253.6,0.61372
7254.49,0.61297
7255.39,0.61207
7256.28,0.61385
7257.18,0.61294
7258.07,0.61554
7258.97,0.6169
7259.87,0.61548
7260.76,0.61497
7261.66,0.61603
7262.55,0.61291
7263.45,0.61494
7264.35,0.61626
7265.24,0.61594
7266.14,0.61712
7267.03,0.61969
7267.93,0.6169
7268.83,0.61546
7269.72,0.62008
7270.62,0.61903
7271.51,0.62024
7272.41,0.62136
7273.3,0.61893
7274.2,0.61957
7275.1,0.61733
7275.99,0.61831
7276.89,0.61928
7277.78,0.61606
7278.68,0.61728
7279.58,0.61511
7280.47,0.61458
7281.37,0.61406
7282.26,0.61125
7283.16,0.60875
7284.06,0.60817
7284.95,0.60709
7285.85,0.60896
7286.74,0.60599
7287.64,0.60379
7288.53,0.6036
7289.43,0.60269
7290.33,0.602
7291.22,0.60225
7292.12,0.60088
7293.01,0.60319
7293.91,0.60462
7294.81,0.60825
7295.7,0.60808
7296.6,0.60914
7297.49,0.61325
7298.39,0.61425
7299.29,0.61492
7300.18,0.61384
7301.08,0.61703
7301.97,0.61752
7302.87,0.61639
7303.76,0.61682
7304.66,0.61697
7305.56,0.61621
7306.45,0.61547
7307.35,0.61447
7308.24,0.615
7309.14,0.61489
7310.04,0.61652
7310.93,0.6166
7311.83,0.61378
7312.72,0.61635
7313.62,0.6142
7314.52,0.61403
7315.41,0.61637
7316.31,0.61811
7317.2,0.61478
7318.1,0.6178
7318.99,0.61658
7319.89,0.6142
7320.79,0.61773
7321.68,0.61739
7322.58,0.61491
7323.47,0.61757
7324.37,0.61452
7325.27,0.61383
7326.16,0.6159
7327.06,0.61658
7327.95,0.61529
7328.85,0.61446
7329.75,0.61501
7330.64,0.61833
7331.54,0.61827
7332.43,0.61716
7333.33,0.61751
7334.22,0.62122
7335.12,0.61979
7336.02,0.62162
7336.91,0.62269
7337.81,0.62271
7338.7,0.62391
7339.6,0.62637
7340.5,0.62639
7341.39,0.62587
7342.29,0.62509
7343.18,0.62209
7344.08,0.62365
7344.98,0.62509
7345.87,0.62277
7346.77,0.62074
7347.66,0.62099
7348.56,0.62054
7349.45,0.61829
7350.35,0.61749
7351.25,0.61667
7352.14,0.6152
7353.04,0.61313
7353.93,0.61417
7354.83,0.61089
7355.73,0.61309
7356.62,0.61053
7357.52,0.60937
7358.41,0.61076
7359.31,0.61113
7360.21,0.61046
7361.1,0.60953
7362.0,0.61066
7362.89,0.61026
7363.79,0.61206
7364.69,0.61039
7365.58,0.61382
7366.48,0.61411
7367.37,0.61591
7368.27,0.61521
7369.16,0.61765
7370.06,0.6191
7370.96,0.61969
7371.85,0.61933
7372.75,0.62393
7373.64,0.62283
7374.54,0.62326
7375.44,0.62287
7376.33,0.62366
7377.23,0.62548
7378.12,0.62384
7379.02,0.62128
7379.92,0.62226
7380.81,0.62207
7381.71,0.61954
7382.6,0.61595
7383.5,0.61691
7384.39,0.61444
7385.29,0.61224
7386.19,0.61378
7387.08,0.61085
7387.98,0.60762
7388.87,0.6065
7389.77,0.60568
7390.67,0.60359
7391.56,0.60771
7392.46,0.61
7393.35,0.60563
7394.25,0.60999
7395.15,0.60954
7396.04,0.61026
7396.94,0.61217
7397.83,0.61348
7398.73,0.61538
7399.62,0.61681
7400.52,0.61696
7401.42,0.61611
7402.31,0.61693
7403.21,0.61389
7404.1,0.61424
7405.0,0.61515
7405.9,0.61299
7406.79,0.61082
7407.69,0.60792
7408.58,0.60896
7409.48,0.60461
7410.38,0.60174
7411.27,0.59959
7412.17,0.5979
7413.06,0.59598
7413.96,0.5932
7414.85,0.59088
7415.75,0.58677
7416.65,0.58661
7417.54,0.58836
7418.44,0.58583
7419.33,0.5877
7420.23,0.5894
7421.13,0.59118
7422.02,0.59213
7422.92,0.59415
7423.81,0.59781
7424.71,0.60065
7425.6,0.60255
7426.5,0.60475
7427.4,0.6095
7428.29,0.61077
7429.19,0.61357
7431.68,0.61817
7434.18,0.61914
7436.67,0.61848
7439.17,0.61828
7441.66,0.61567
7444.16,0.61437
7446.66,0.61689
7449.15,0.61791
7451.65,0.6195
7454.14,0.6194
7456.64,0.62124
7459.13,0.62122
7461.63,0.61844
7464.12,0.61788
7466.62,0.61857
7469.11,0.61922
7471.61,0.62055
7474.1,0.61794
7476.6,0.61595
7479.09,0.61926
7481.59,0.61778
7484.08,0.61577
7486.58,0.61828
7489.07,0.61476
7491.57,0.61202
7494.06,0.60964
7496.56,0.61227
7499.05,0.61056
7501.55,0.61601
7504.04,0.61847
7506.54,0.61899
7509.03,0.61697
7511.53,0.61635
7514.02,0.61532
7516.52,0.61877
7519.01,0.62048
7521.51,0.6196
7524.0,0.61989
7526.5,0.61745
7528.99,0.61767
7531.49,0.61874
7533.99,0.61893
7536.48,0.62212
7538.98,0.62296
7541.47,0.62472
7543.97,0.62302
7546.46,0.62029
7548.96,0.61923
7551.45,0.62038
7553.95,0.61748
7556.44,0.61678
7558.94,0.61762
7561.43,0.61753
7563.93,0.61873
7566.42,0.61943
7568.92,0.61686
7571.41,0.61582
7573.91,0.6157
7576.4,0.61732
7578.9,0.61621
7581.39,0.61508
7583.89,0.61115
7586.38,0.6074
7588.88,0.60301
7591.37,0.60194
7593.87,0.60106
7596.36,0.59895
7598.86,0.60012
7601.35,0.5989
7603.85,0.5971
7606.34,0.5964
7608.84,0.59742
7611.33,0.59732
7613.83,0.59662
7616.33,0.59489
7618.82,0.59368
7621.32,0.5929
7623.81,0.59289
7626.31,0.59299
7628.8,0.59626
7631.3,0.597
7633.79,0.59403
7636.29,0.59426
7638.78,0.59395
7641.28,0.59539
7643.77,0.59497
7646.27,0.59503
7648.76,0.5936
7651.26,0.5902
7653.75,0.58815
7656.25,0.58111
7658.74,0.57464
7661.24,0.56905
7663.73,0.56397
7666.23,0.56256
7668.72,0.56427
7671.22,0.56939
7673.71,0.57482
7676.21,0.57684
7678.7,0.57946
7681.2,0.58045
7683.69,0.57948
7686.19,0.57931
7688.69,0.57968
7691.18,0.57761
7693.68,0.57637
7696.17,0.57424
7698.67,0.57384
7701.16,0.5724
7703.66,0.57394
7706.15,0.57502
7708.65,0.57344
7711.14,0.57032
7713.64,0.56743
7716.13,0.5665
7718.63,0.56763
7721.12,0.57042
7723.62,0.57307
7726.11,0.5754
7728.61,0.5784
7731.1,0.5804
7733.6,0.58071
7736.09,0.58341
7738.59,0.58464
7741.08,0.58203
7743.58,0.57878
7746.07,0.57345
7748.57,0.56933
7751.06,0.56806
7753.56,0.56884
7756.05,0.57268
7758.55,0.57644
7761.04,0.57889
7763.54,0.58085
7766.03,0.5821
7768.53,0.58323
7771.03,0.58232
7773.52,0.58392
7776.02,0.58207
7778.51,0.58232
7781.01,0.58116
7783.5,0.58011
7786.0,0.57836
7788.49,0.57641
7790.99,0.57448
7793.48,0.57604
7795.98,0.57579
7798.47,0.57564
7800.97,0.57522
7803.46,0.57823
7805.96,0.57833
7808.45,0.57871
7810.95,0.57983
7813.44,0.57908
7815.94,0.58154
7818.43,0.58407
7820.93,0.58245
7823.42,0.58122
7825.92,0.58048
7828.41,0.57749
7830.91,0.57394
7833.4,0.56924
7835.9,0.56725
7838.39,0.56791
7840.89,0.56978
7843.38,0.57459
7845.88,0.5741
7848.38,0.57372
7850.87,0.57343
7853.37,0.5721
7855.86,0.57333
7858.36,0.57377
7860.85,0.57377
7863.35,0.57568
7865.84,0.57612
7868.34,0.57596
7870.83,0.57385
7873.33,0.57299
7875.82,0.57063
7878.32,0.57005
7880.81,0.57074
7883.31,0.5691
7885.8,0.57047
7888.3,0.57086
7890.79,0.57001
7893.29,0.56953
7895.78,0.56773
7898.28,0.56683
7900.77,0.5646
7903.27,0.56521
7905.76,0.56364
7908.26,0.56181
7910.75,0.55912
7913.25,0.55617
7915.74,0.55228
7918.24,0.55289
7920.73,0.55305
7923.23,0.55551
7925.73,0.55706
7928.22,0.55629
7930.71,0.55555
7933.21,0.55315
7935.71,0.55181
7938.2,0.54881
7940.7,0.54774
7943.19,0.54763
7945.69,0.54606
7948.18,0.54853
7950.68,0.55082
7953.17,0.55427
7955.67,0.5574
7958.16,0.55878
7960.66,0.56073
7963.15,0.56233
7965.65,0.56267
7968.14,0.56486
7970.64,0.56524
7973.13,0.56559
7975.63,0.56586
7978.12,0.56585
7980.62,0.56307
7983.11,0.56164
7985.61,0.56056
7988.1,0.56027
7990.6,0.55759
7993.09,0.55887
7995.59,0.55645
7998.08,0.55604
8000.58,0.55567
8003.07,0.55677
8005.57,0.5596
8008.06,0.56355
8010.56,0.56634
8013.06,0.56955
8015.55,0.56886
8018.05,0.56936
8020.54,0.56765
8023.04,0.56512
8025.53,0.56021
8028.03,0.55871
8030.52,0.55969
8033.02,0.56201
8035.51,0.56494
8038.01,0.56654
8040.5,0.56754
8043.0,0.56637
8045.49,0.56183
8047.99,0.55757
8050.48,0.55802
8052.98,0.55803
8055.47,0.56211
8057.97,0.56441
8060.46,0.56411
8062.96,0.56527
8065.45,0.56325
8067.95,0.55971
8070.44,0.55724
8072.94,0.5535
8075.43,0.55579
8077.93,0.55568
8080.42,0.55646
8082.92,0.55543
8085.41,0.55529
8087.91,0.55533
8090.4,0.55262
8092.9,0.55093
8095.4,0.55015
8097.89,0.5505
8100.39,0.55119
8102.88,0.55396
8105.38,0.55325
8107.87,0.55398
8110.37,0.55429
8112.86,0.55433
8115.36,0.55291
8117.85,0.55253
8120.35,0.55248
8122.84,0.55458
8125.34,0.55673
8127.83,0.55693
8130.33,0.55795
8132.82,0.55732
8135.32,0.55889
8137.81,0.55764
8140.31,0.55983
8142.8,0.55682
8145.3,0.55694
8147.79,0.55677
8150.29,0.55726
8152.78,0.55935
8155.28,0.55796
8157.77,0.5589
8160.27,0.55811
8162.76,0.55775
8165.26,0.55659
8167.75,0.55702
8170.25,0.55899
8172.75,0.55854
8175.24,0.55903
8177.74,0.55675
8180.23,0.55414
8182.73,0.54925
8185.22,0.5474
8187.72,0.54588
8190.21,0.54521
8192.71,0.54449
8195.2,0.54096
8197.7,0.54003
8200.19,0.53969
8202.69,0.53835
8205.18,0.53904
8207.68,0.5406
8210.17,0.54133
8212.67,0.54242
8215.16,0.54462
8217.66,0.54424
8220.15,0.5466
8222.65,0.54779
8225.14,0.54951
8227.64,0.55215
8230.13,0.55263
8232.63,0.55396
8235.12,0.55325
8237.62,0.55139
8240.11,0.55195
8242.61,0.55199
8245.1,0.55107
8247.6,0.55053
8250.1,0.54836
8252.59,0.54718
8255.08,0.54471
8257.58,0.54954
8260.08,0.54897
8262.57,0.55035
8265.07,0.55326
8267.56,0.55294
8270.06,0.55213
8272.55,0.5495
8275.05,0.54841
8277.54,0.54841
8280.04,0.54866
8282.53,0.54753
8285.03,0.54783
8287.52,0.54637
8290.02,0.54624
8292.51,0.54369
8295.01,0.54221
8297.5,0.54096
8300.0,0.53882
8302.49,0.5369
8304.99,0.53463
8307.48,0.53387
8309.98,0.5326
8312.47,0.53398
8314.97,0.535
8317.46,0.53845
8319.96,0.53856
8322.46,0.53633
8324.95,0.53462
8327.44,0.53128
8329.94,0.5268
8332.43,0.52435
8334.93,0.52605
8337.43,0.52501
8339.92,0.52663
8342.42,0.52806
8344.91,0.5291
8347.41,0.53004
8349.9,0.53112
8352.4,0.53189
8354.89,0.53267
8357.39,0.5325
8359.88,0.5327
8362.38,0.53396
8364.87,0.53192
8367.37,0.53251
8369.86,0.53333
8372.36,0.53367
8374.85,0.53412
8377.35,0.53182
8379.84,0.52954
8382.34,0.52453
8384.83,0.52226
8387.33,0.51899
8389.82,0.51956
8392.32,0.52384
8394.81,0.52742
8397.31,0.53075
8399.8,0.53258
8402.3,0.53329
8404.79,0.53631
8407.29,0.53561
8409.79,0.53614
8412.28,0.53462
8414.78,0.5326
8417.27,0.53006
8419.77,0.52822
8422.26,0.52728
8424.76,0.52648
8427.25,0.52443
8429.75,0.5222
8432.24,0.5209
8434.74,0.51933
8437.23,0.51628
8439.73,0.51513
8442.22,0.51515
8444.72,0.51673
8447.21,0.51925
8449.71,0.52053
8452.2,0.52024
8454.7,0.52145
8457.19,0.51983
8459.69,0.52074
8462.18,0.51648
8464.68,0.51477
8467.17,0.51217
8469.67,0.51012
8472.16,0.50993
8474.66,0.51241
8477.15,0.51497
8479.65,0.51728
8482.14,0.51839
8484.64,0.51825
8487.13,0.51681
8489.63,0.51405
8492.12,0.50471
8494.62,0.49283
8497.12,0.47991
8499.61,0.46991
8502.11,0.47005
8504.6,0.47729
8507.1,0.48851
8509.59,0.49718
8512.09,0.50198
8514.58,0.50103
8517.08,0.50079
8519.57,0.50051
8522.07,0.50105
8524.56,0.50315
8527.06,0.50374
8529.55,0.50108
8532.05,0.49494
8534.54,0.48201
8537.04,0.46204
8539.53,0.43911
8542.03,0.41765
8544.52,0.40974
8547.02,0.41643
8549.51,0.43667
8552.01,0.46024
8554.5,0.47997
8557.0,0.49367
8559.49,0.49921
8561.99,0.50487
8564.48,0.50779
8566.98,0.51009
8569.47,0.51013
8571.97,0.50977
8574.47,0.51024
8576.96,0.50997
8579.46,0.51063
8581.95,0.50999
8584.45,0.51067
8586.94,0.51009
8589.44,0.51057
8591.93,0.5096
8594.43,0.50671
8596.92,0.50474
8599.42,0.50477
8601.91,0.5051
8604.41,0.5053
8606.9,0.50662
8609.4,0.50653
8611.89,0.5059
8614.39,0.50633
8616.88,0.50672
8619.38,0.50737
8621.87,0.50952
8624.37,0.50961
8626.86,0.51027
8629.36,0.51183
8631.85,0.51348
8634.35,0.51369
8636.84,0.51621
8639.34,0.51679
8641.83,0.51575
8644.33,0.51539
8646.83,0.51185
8649.32,0.50878
8651.82,0.50147
8654.31,0.49257
8656.8,0.47437
8659.3,0.45502
8661.8,0.43629
8664.29,0.42672
8666.79,0.42826
8669.28,0.44238
8671.78,0.46147
8674.27,0.47611
8676.77,0.48797
8679.26,0.49346
8681.76,0.49646
8684.25,0.4981
8686.75,0.49786
8689.24,0.49563
8691.74,0.49699
8694.23,0.49858
8696.73,0.50189
8699.22,0.50266
8701.72,0.50475
8704.21,0.50514
8706.71,0.50646
8709.2,0.50533
8711.7,0.50591
8714.19,0.50586
8716.69,0.50729
8719.18,0.51023
8721.68,0.51036
8724.17,0.51102
8726.67,0.51277
8729.17,0.51161
8731.66,0.51094
8734.16,0.50933
8736.65,0.50805
8739.15,0.50581
8741.64,0.50329
8744.14,0.50299
8746.63,0.49969
8749.13,0.49838
8751.62,0.49647
8754.12,0.49562
8756.61,0.49705
8759.11,0.49899
8761.6,0.50199
8764.1,0.5048
8766.59,0.50453
8769.09,0.50482
8771.58,0.50453
8774.08,0.50541
8776.57,0.50836
8779.07,0.509
8781.56,0.51018
8784.06,0.51244
8786.55,0.5138
8789.05,0.51237
8791.54,0.51049
8794.04,0.50874
8796.53,0.50774
8799.03,0.50594
8801.52,0.50203
8804.02,0.49846
8806.51,0.49438
8809.01,0.4923
8811.5,0.49578
8814.0,0.5011
8816.5,0.50593
8818.99,0.50778
8821.49,0.50705
8823.98,0.50685
8826.48,0.50699
8828.97,0.50659
8831.47,0.50878
8833.96,0.51076
8836.46,0.51211
8838.95,0.51216
8841.45,0.51119
8843.94,0.51065
8846.44,0.51341
8848.93,0.51288
8851.43,0.51334
8853.92,0.51173
8856.42,0.50852
8858.91,0.50165
8861.41,0.49386
8863.9,0.48687
8866.4,0.48416
8868.89,0.48348
8871.39,0.48525
8873.88,0.48744
8876.38,0.49121
8878.87,0.4946
8881.37,0.4964
8883.87,0.49794
8886.36,0.49909
8888.86,0.50061
8891.35,0.50122
8893.84,0.50082
8896.34,0.50142
8898.84,0.50153
8901.33,0.50169
8903.83,0.50289
8906.32,0.50236
8908.82,0.50097
8911.31,0.49936
8913.81,0.49968
8916.3,0.49635
8918.8,0.49527
8921.29,0.49401
8923.79,0.4927
8926.28,0.49194
8928.78,0.49061
8931.27,0.49187
8933.77,0.49254
8936.26,0.49391
8938.76,0.49598
8941.25,0.49277
8943.75,0.49286
8946.24,0.4919
8948.74,0.49116
8951.23,0.49318
8953.73,0.49503
8956.22,0.4975
8958.72,0.49826
8961.21,0.49828
8963.71,0.49793
8966.2,0.49798
8968.7,0.49623
8971.2,0.49444
8973.69,0.49431
8976.19,0.49468
8978.68,0.49408
8981.18,0.49613
8983.67,0.49513
8986.17,0.49621
8988.66,0.49679
8991.16,0.49627
8993.65,0.49626
8996.15,0.4939
8998.64,0.49217
9001.14,0.48955
9003.63,0.48608
9006.13,0.48038
9008.62,0.47374
9011.12,0.46769
9013.61,0.46117
9016.11,0.45749
9018.6,0.45786
9021.1,0.46068
9023.59,0.46511
9026.09,0.47259
9028.58,0.47647
9031.08,0.48223
9033.57,0.48581
9036.07,0.48993
9038.56,0.49307
9041.06,0.49424
9043.55,0.49596
9046.05,0.49625
9048.54,0.49684
9051.04,0.49811
9053.54,0.49665
9056.03,0.49517
9058.53,0.49249
9061.02,0.49165
9063.52,0.49009
9066.01,0.49002
9068.51,0.49124
9071.0,0.49213
9073.5,0.49296
9075.99,0.49162
9078.49,0.48976
9080.98,0.48745
9083.48,0.48439
9085.97,0.47929
9088.47,0.47663
9090.96,0.47489
9093.46,0.47588
9095.95,0.47728
9098.45,0.48181
9100.94,0.48397
9103.44,0.48646
9105.93,0.48701
9108.43,0.48597
9110.92,0.48495
9113.42,0.4845
9115.91,0.48362
9118.41,0.48283
9120.9,0.48392
9123.4,0.48524
9125.89,0.48812
9128.39,0.48981
9130.88,0.49082
9133.38,0.48986
9135.88,0.48891
9138.37,0.48384
9140.87,0.48003
9143.36,0.47707
9145.86,0.47425
9148.35,0.47428
9150.85,0.47461
9153.34,0.47482
9155.84,0.47661
9158.33,0.4767
9160.83,0.47703
9163.32,0.47588
9165.82,0.47064
9168.31,0.46796
9170.81,0.46378
9173.3,0.46217
9175.8,0.46208
9178.29,0.46393
9180.79,0.46491
9183.28,0.46824
9185.78,0.4693
9188.27,0.46806
9190.77,0.46872
9193.26,0.4675
9195.76,0.46721
9198.25,0.466
9200.75,0.46443
9203.24,0.46319
9205.74,0.46263
9208.24,0.46086
9210.73,0.45779
9213.23,0.45477
9215.72,0.45337
9218.22,0.45175
9220.71,0.45179
9223.21,0.44994
9225.7,0.44881
9228.2,0.44683
9230.69,0.44441
9233.19,0.44451
9235.68,0.4462
9238.18,0.44881
9240.67,0.45036
9243.17,0.45269
9245.66,0.45361
9248.16,0.45323
9250.65,0.45391
9253.15,0.45381
9255.64,0.45344
9258.14,0.45374
9260.63,0.45555
9263.13,0.45812
9265.62,0.46159
9268.12,0.4637
9270.61,0.46456
9273.11,0.4653
9275.6,0.46325
9278.1,0.46309
9280.59,0.46132
9283.09,0.45969
9285.58,0.45841
9288.08,0.45595
9290.58,0.45526
9293.07,0.45528
9295.57,0.45499
9298.06,0.45413
9300.56,0.45592
9303.05,0.45654
9305.55,0.45753
9308.04,0.45869
9310.54,0.45659
9313.03,0.45678
9315.53,0.45688
9318.02,0.45646
9320.52,0.45614
9323.01,0.45569
9325.51,0.4557
9328.0,0.45545
9330.5,0.45729
9332.99,0.45784
9335.49,0.45854
9337.98,0.4585
9340.48,0.45856
9342.97,0.4578
9345.47,0.45561
9347.96,0.45384
9350.46,0.45271
9352.95,0.44981
9355.45,0.44808
9357.94,0.44617
9360.44,0.44424
9362.93,0.44484
9365.43,0.44541
9367.92,0.44526
9370.42,0.44716
9372.92,0.44578
9375.41,0.44574
9377.91,0.44659
9380.4,0.44587
9382.9,0.44566
9385.39,0.44417
9387.89,0.44423
9390.38,0.44417
9392.88,0.44371
9395.37,0.44394
9397.87,0.44317
9400.36,0.44138
9402.86,0.43914
9405.35,0.43639
9407.85,0.43346
9410.34,0.43099
9412.84,0.42903
9415.33,0.42881
9417.83,0.42908
9420.32,0.43274
9422.82,0.43517
9425.31,0.43803
9427.81,0.43937
9430.3,0.43875
9432.8,0.43766
9435.29,0.43642
9437.79,0.43504
9440.28,0.43517
9442.78,0.43499
9445.27,0.43343
9447.77,0.4353
9450.27,0.43617
9452.76,0.43615
9455.25,0.43687
9457.75,0.43936
9460.25,0.44015
9462.74,0.44112
9465.24,0.44271
9467.73,0.44335
9470.23,0.44319
9472.72,0.44386
9475.22,0.44389
9477.71,0.44373
9480.21,0.44487
9482.7,0.44373
9485.2,0.44458
9487.69,0.4454
9490.19,0.44482
9492.68,0.4463
9495.18,0.44629
9497.67,0.44665
9500.17,0.4466
9502.66,0.44496
9505.16,0.44556
9507.65,0.44563
9510.15,0.44559
9512.64,0.44515
9515.14,0.4466
9517.63,0.44573
9520.13,0.44771
9522.62,0.44776
9525.12,0.44747
9527.61,0.44597
9530.11,0.44517
9532.61,0.44373
9535.1,0.44094
9537.6,0.43655
9540.09,0.43396
9542.59,0.42908
9545.08,0.42603
9547.58,0.42271
9550.07,0.42332
9552.57,0.42637
9555.06,0.43191
9557.56,0.43656
9560.05,0.43957
9562.55,0.44239
9565.04,0.44356
9567.54,0.44452
9570.03,0.4426
9572.53,0.44193
9575.02,0.44062
9577.52,0.43962
9580.01,0.44135
9582.51,0.44261
9585.0,0.44391
9587.5,0.44478
9589.99,0.44675
9592.49,0.4451
9594.98,0.44473
9597.48,0.44173
9599.97,0.44091
9602.47,0.44007
9604.96,0.43887
9607.46,0.44059
9609.96,0.44142
9612.45,0.44321
9614.95,0.44287
9617.44,0.44363
9619.94,0.44262
9622.43,0.44211
9624.93,0.44119
9627.42,0.44136
9629.92,0.44045
9632.41,0.4408
9634.91,0.43872
9637.4,0.43732
9639.9,0.43723
9642.39,0.43516
9644.89,0.43605
9647.38,0.43508
9649.88,0.43607
9652.37,0.43468
9654.87,0.43458
9657.36,0.43315
9659.86,0.43308
9662.35,0.43394
9664.85,0.4325
9667.34,0.43395
9669.84,0.4337
9672.33,0.43247
9674.83,0.43396
9677.32,0.43387
9679.82,0.43358
9682.31,0.43433
9684.81,0.43455
9687.3,0.43507
9689.8,0.43364
9692.29,0.43226
9694.79,0.43314
9697.29,0.43278
9699.78,0.4337
9702.28,0.43231
9704.77,0.43252
9707.27,0.43205
9709.76,0.43331
9712.26,0.43403
9714.75,0.43474
9717.25,0.43507
9719.74,0.4345
9722.24,0.4339
9724.73,0.43152
9727.23,0.42977
9729.72,0.42848
9732.22,0.42721
9734.71,0.42621
9737.21,0.42519
9739.7,0.42518
9742.2,0.42468
9744.69,0.42419
9747.19,0.42576
9749.68,0.42732
9752.18,0.42817
9754.67,0.43062
9757.17,0.43113
9759.66,0.43159
9762.16,0.43031
9764.65,0.42955
9767.15,0.42871
9769.64,0.42687
9772.14,0.42784
9774.64,0.42835
9777.13,0.42699
9779.63,0.42659
9782.12,0.42507
9784.62,0.4231
9787.11,0.42312
9789.61,0.4225
9792.1,0.42433
9794.6,0.42721
9797.09,0.42841
9799.59,0.43102
9802.08,0.43248
9804.58,0.43143
9807.07,0.43262
9809.57,0.4328
9812.06,0.43176
9814.56,0.4329
9817.05,0.43316
9819.55,0.43224
9822.04,0.43202
9824.54,0.43171
9827.03,0.4311
9829.53,0.43009
9832.02,0.42977
9834.52,0.42981
9837.01,0.42955
9839.51,0.43113
9842.0,0.43104
9844.5,0.43287
9847.0,0.43244
9849.49,0.43273
9851.99,0.4315
9854.48,0.43074
9856.98,0.43133
9859.47,0.43105
9861.97,0.42981
9864.46,0.43075
9866.96,0.43044
9869.45,0.42998
9871.95,0.43056
9874.44,0.43067
9876.94,0.43091
9879.43,0.43018
9881.93,0.43075
9884.42,0.42966
9886.92,0.42906
9889.41,0.42788
9891.91,0.42589
9894.4,0.427
9896.9,0.426
9899.39,0.42515
9901.89,0.4249
9904.38,0.42446
9906.88,0.42429
9909.37,0.42475
9911.87,0.42415
9914.36,0.42386
9916.86,0.42312
9919.35,0.42387
9921.85,0.42265
9924.34,0.42235
9926.84,0.42143
9929.33,0.42142
9931.83,0.42203
9934.33,0.4233
9936.82,0.42433
9939.32,0.42542
9941.81,0.4237
9944.31,0.42398
9946.8,0.4233
9949.3,0.42231
9951.79,0.4232
9954.29,0.42342
9956.78,0.42475
9959.28,0.4254
9961.77,0.42684
9964.27,0.42597
9966.76,0.42606
9969.26,0.42674
9971.75,0.42542
9974.25,0.42541
9976.74,0.42535
9979.24,0.42373
9981.73,0.42447
9984.23,0.42395
9986.72,0.42251
9989.22,0.4226
9991.71,0.42232
9994.21,0.42148
9996.7,0.42157
9999.2,0.4197
10001.7,0.41923
10004.2,0.41912
10006.7,0.42068
10009.2,0.42046
10011.7,0.42138
10014.2,0.42318
10016.7,0.42346
10019.2,0.42421
10021.7,0.42382
10024.2,0.42349
10026.6,0.42322
10029.1,0.42042
10031.6,0.41914
10034.1,0.41704
10036.6,0.41446
10039.1,0.4119
10041.6,0.40983
10044.1,0.40792
10046.6,0.40519
10049.1,0.40335
10051.6,0.40157
10054.1,0.40216
10056.6,0.40242
10059.1,0.40432
10061.6,0.40661
10064.1,0.40785
10066.6,0.41059
10069.1,0.41246
10071.6,0.41467
10074.1,0.41627
10076.5,0.41651
10079.0,0.41644
10081.5,0.41634
10084.0,0.41667
10086.5,0.41693
10089.0,0.41719
10091.5,0.41918
10094.0,0.42052
10096.5,0.42012
10099.0,0.42187
10101.5,0.42127
10104.0,0.42267
10106.5,0.42127
10109.0,0.42123
10111.5,0.42024
10114.0,0.41888
10116.5,0.41887
10119.0,0.4164
10121.5,0.4161
10124.0,0.41703
10126.5,0.41668
10128.9,0.41778
10131.4,0.41751
10133.9,0.41679
10136.4,0.41662
10138.9,0.41615
10141.4,0.41441
10143.9,0.41414
10146.4,0.41244
10148.9,0.41252
10151.4,0.41263
10153.9,0.41292
10156.4,0.41403
10158.9,0.41455
10161.4,0.41425
10163.9,0.41546
10166.4,0.41482
10168.9,0.4145
10171.4,0.41467
10173.9,0.41484
10176.4,0.41431
10178.9,0.41437
10181.3,0.41497
10183.8,0.41391
10186.3,0.4134
10188.8,0.41346
10191.3,0.41118
10193.8,0.41052
10196.3,0.41033
10198.8,0.41036
10201.3,0.41012
10203.8,0.4119
10206.3,0.41179
10208.8,0.41156
10211.3,0.41094
10213.8,0.41018
10216.3,0.40909
10218.8,0.40937
10221.3,0.40806
10223.8,0.40877
10226.3,0.40938
10228.8,0.40962
10231.2,0.41022
10233.7,0.41177
10236.2,0.41066
10238.7,0.41216
10241.2,0.41169
10243.7,0.41125
10246.2,0.41167
10248.7,0.41096
10251.2,0.41033
10253.7,0.40911
10256.2,0.40943
10258.7,0.40985
10261.2,0.40894
10263.7,0.40831
10266.2,0.40766
10268.7,0.40767
10271.2,0.40742
10273.7,0.40831
10276.2,0.40751
10278.7,0.40806
10281.2,0.40778
10283.6,0.40765
10286.1,0.40777
10288.6,0.40702
10291.1,0.40701
10293.6,0.40692
10296.1,0.40684
10298.6,0.40699
10301.1,0.40641
10303.6,0.40735
10306.1,0.40649
10308.6,0.40725
10311.1,0.40684
10313.6,0.40744
10316.1,0.40634
10318.6,0.4067
10321.1,0.40473
10323.6,0.40332
10326.1,0.40101
10328.6,0.39887
10331.1,0.39841
10333.5,0.39854
10336.0,0.39758
10338.5,0.39765
10341.0,0.39831
10343.5,0.39751
10346.0,0.39774
10348.5,0.39741
10351.0,0.39898
10353.5,0.40132
10356.0,0.40329
10358.5,0.40342
10361.0,0.40393
10363.5,0.40457
10366.0,0.40401
10368.5,0.40228
10371.0,0.40071
10373.5,0.40011
10376.0,0.39875
10378.5,0.39882
10381.0,0.39923
10383.5,0.40002
10385.9,0.39997
10388.4,0.39951
10390.9,0.39866
10393.4,0.39796
10395.9,0.39665
10398.4,0.39573
10400.9,0.39631
10403.4,0.39784
10405.9,0.39831
10408.4,0.40057
10410.9,0.40031
10413.4,0.40127
10415.9,0.40154
10418.4,0.40147
10420.9,0.4001
10423.4,0.39966
10425.9,0.39886
10428.4,0.39894
10430.9,0.39857
10433.4,0.39964
10435.9,0.39919
10438.3,0.40034
10440.8,0.40019
10443.3,0.40055
10445.8,0.40082
10448.3,0.40004
10450.8,0.39918
10453.3,0.39808
10455.8,0.39758
10458.3,0.39586
10460.8,0.39555
10463.3,0.39461
10465.8,0.39635
10468.3,0.39563
10470.8,0.39499
10473.3,0.39473
10475.8,0.39572
10478.3,0.39781
10480.8,0.39657
10483.3,0.39644
10485.8,0.39654
10488.2,0.39544
10490.7,0.39638
10493.2,0.3942
10495.7,0.39433
10498.2,0.39279
10500.7,0.3927
10503.2,0.39328
10505.7,0.3943
10508.2,0.39348
10510.7,0.39471
10513.2,0.39413
10515.7,0.39437
10518.2,0.39463
10520.7,0.39409
10523.2,0.39452
10525.7,0.39427
10528.2,0.39389
10530.7,0.39355
10533.2,0.39293
10535.7,0.39163
10538.2,0.39295
10540.6,0.39238
10543.1,0.3919
10545.6,0.39296
10548.1,0.39338
10550.6,0.39212
10553.1,0.39285
10555.6,0.39254
10558.1,0.39277
10560.6,0.39236
10563.1,0.39175
10565.6,0.392
10568.1,0.39239
10570.6,0.39151
10573.1,0.39113
10575.6,0.39026
10578.1,0.3872
10580.6,0.38561
10583.1,0.38334
10585.6,0.38098
10588.1,0.38147
10590.6,0.38268
10593.0,0.38421
10595.5,0.38609
10598.0,0.38714
10600.5,0.3873
10603.0,0.3844
10605.5,0.38558
10608.0,0.385
10610.5,0.38412
10613.0,0.38535
10615.5,0.38599
10618.0,0.38644
10620.5,0.38828
10623.0,0.38755
10625.5,0.38791
10628.0,0.38786
10630.5,0.3881
10633.0,0.38956
10635.5,0.38979
10638.0,0.38976
10640.5,0.38912
10642.9,0.38943
10645.4,0.38965
10647.9,0.38819
10650.4,0.38744
10652.9,0.3857
10655.4,0.38382
10657.9,0.38265
10660.4,0.3804
10662.9,0.37831
10665.4,0.37854
10667.9,0.37875
10670.4,0.38041
10672.9,0.38142
10675.4,0.38113
10677.9,0.38234
10680.4,0.38114
10682.9,0.38021
10685.4,0.37773
10687.9,0.37674
10690.4,0.37493
10692.9,0.37458
10695.3,0.37639
10697.8,0.37691
10700.3,0.37878
10702.8,0.38124
10705.3,0.38242
10707.8,0.38236
10710.3,0.38355
10712.8,0.38387
10715.3,0.3837
10717.8,0.38322
10720.3,0.38267
10722.8,0.38034
10725.3,0.37749
10727.8,0.37574
10730.3,0.37419
10732.8,0.37474
10735.3,0.37519
10737.8,0.37693
10740.3,0.37806
10742.8,0.37821
10745.3,0.37818
10747.7,0.3774
10750.2,0.37633
10752.7,0.37541
10755.2,0.37695
10757.7,0.37712
10760.2,0.37949
10762.7,0.37984
10765.2,0.38064
10767.7,0.38048
10770.2,0.38024
10772.7,0.38004
10775.2,0.37758
10777.7,0.37604
10780.2,0.3747
10782.7,0.37257
10785.2,0.37076
10787.7,0.3704
10790.2,0.3713
10792.7,0.37259
10795.2,0.37454
10797.6,0.37577
10800.1,0.37671
10802.6,0.37686
10805.1,0.37597
10807.6,0.37471
10810.1,0.37315
10812.6,0.37099
10815.1,0.36969
10817.6,0.3689
10820.1,0.36801
10822.6,0.36709
10825.1,0.36569
10827.6,0.36442
10830.1,0.36473
10832.6,0.36642
10835.1,0.36703
10837.6,0.3697
10840.1,0.37072
10842.6,0.37255
10845.1,0.3729
10847.6,0.37383
10850.0,0.37363
10852.5,0.37371
10855.0,0.3757
10857.5,0.37408
10860.0,0.37376
10862.5,0.37195
10865.0,0.36933
10867.5,0.36556
10870.0,0.36317
10872.5,0.35981
10875.0,0.35876
10877.5,0.35907
10880.0,0.36024
10882.5,0.36114
10885.0,0.36151
10887.5,0.36276
10890.0,0.36272
10892.5,0.36371
10895.0,0.3652
10897.5,0.3662
10900.0,0.36654
10902.4,0.3669
10904.9,0.36828
10907.4,0.36788
10909.9,0.36802
10912.4,0.36685
10914.9,0.36543
10917.4,0.36481
10919.9,0.36182
10922.4,0.36076
10924.9,0.35813
10927.4,0.35469
10929.9,0.35217
10932.4,0.34996
10934.9,0.34786
10937.4,0.34696
10939.9,0.34621
10942.4,0.34708
10944.9,0.34828
10947.4,0.3499
10949.9,0.35155
10952.3,0.35221
10954.8,0.35127
10957.3,0.35083
10959.8,0.34851
10962.3,0.3466
10964.8,0.34353
10967.3,0.34139
10969.8,0.34081
10972.3,0.34101
10974.8,0.34093
10977.3,0.34029
10979.8,0.34087
10982.3,0.34281
10984.8,0.3425
10987.3,0.34535
10989.8,0.34516
10992.3,0.34472
10994.8,0.34536
10997.3,0.34512
10999.8,0.34357
