wave,flux
3700.85,0.22474
3701.75,0.22225
3702.65,0.2167
3703.55,0.20785
3704.45,0.2
3705.35,0.19245
3706.25,0.18725
3707.15,0.18668
3708.05,0.18783
3708.96,0.19094
3709.86,0.19388
3710.76,0.19744
3711.66,0.20275
3712.56,0.20798
3713.46,0.21534
3714.36,0.22337
3715.26,0.22819
3716.16,0.23212
3717.06,0.2313
3717.96,0.22685
3718.86,0.21653
3719.76,0.2033
3720.66,0.19253
3721.56,0.18242
3722.46,0.17844
3723.36,0.1828
3724.26,0.19072
3725.16,0.20106
3726.06,0.21015
3726.96,0.21723
3727.86,0.22085
3728.76,0.221
3729.66,0.22007
3730.56,0.21764
3731.46,0.21036
3732.36,0.20075
3733.26,0.18793
3734.16,0.17527
3735.06,0.16667
3735.96,0.16327
3736.86,0.16558
3737.76,0.17441
3738.66,0.18685
3739.56,0.20016
3740.46,0.21257
3741.36,0.22028
3742.26,0.22363
3743.16,0.22124
3744.06,0.21712
3744.96,0.20936
3745.86,0.20026
3746.76,0.19074
3747.67,0.18189
3748.57,0.17214
3749.47,0.16727
3750.37,0.16697
3751.27,0.17266
3752.17,0.184
3753.07,0.19856
3753.97,0.21344
3754.87,0.22587
3755.77,0.23321
3756.67,0.23501
3757.57,0.23231
3758.47,0.22637
3759.37,0.22221
3760.27,0.2205
3761.17,0.22111
3762.07,0.22538
3762.97,0.2279
3763.87,0.2311
3764.77,0.23335
3765.67,0.23223
3766.57,0.22931
3767.47,0.22321
3768.37,0.21852
3769.27,0.21139
3770.17,0.20802
3771.07,0.20649
3771.97,0.20932
3772.87,0.21505
3773.77,0.22362
3774.67,0.23169
3775.57,0.2389
3776.47,0.24612
3777.37,0.25222
3778.27,0.25779
3779.17,0.26485
3780.07,0.27029
3780.97,0.27485
3781.87,0.27913
3782.77,0.2819
3783.67,0.27994
3784.57,0.2781
3785.47,0.27398
3786.38,0.26648
3787.28,0.26055
3788.18,0.25394
3789.08,0.24994
3789.98,0.24622
3790.88,0.24399
3791.78,0.24103
3792.68,0.23747
3793.58,0.23219
3794.48,0.22348
3795.38,0.21459
3796.28,0.20556
3797.18,0.19637
3798.08,0.19152
3798.98,0.19058
3799.88,0.19578
3800.78,0.20708
3801.68,0.2212
3802.58,0.23602
3803.48,0.24887
3804.38,0.25894
3805.28,0.26524
3806.18,0.26875
3807.08,0.27079
3807.98,0.27219
3808.88,0.27486
3809.78,0.27739
3810.68,0.27861
3811.58,0.27758
3812.48,0.274
3813.38,0.26929
3814.28,0.26203
3815.18,0.25634
3816.08,0.25232
3816.98,0.25221
3817.88,0.2526
3818.78,0.25155
3819.68,0.25208
3820.58,0.24718
3821.48,0.24686
3822.38,0.24351
3823.28,0.24176
3824.18,0.23653
3825.09,0.23349
3825.99,0.22705
3826.89,0.22206
3827.79,0.21736
3828.69,0.21484
3829.59,0.21059
3830.49,0.20585
3831.39,0.19888
3832.29,0.19125
3833.19,0.18106
3834.09,0.17237
3834.99,0.16571
3835.89,0.16257
3836.79,0.16203
3837.69,0.1661
3838.59,0.17153
3839.49,0.18082
3840.39,0.19037
3841.29,0.20132
3842.19,0.21468
3843.09,0.2288
3843.99,0.23906
3844.89,0.24938
3845.79,0.25816
3846.69,0.26324
3847.59,0.2667
3848.49,0.26936
3849.39,0.27091
3850.29,0.27151
3851.19,0.27161
3852.09,0.2739
3852.99,0.27628
3853.89,0.27751
3854.79,0.27499
3855.69,0.27463
3856.59,0.26895
3857.49,0.26346
3858.39,0.26021
3859.29,0.25526
3860.19,0.2554
3861.09,0.25787
3861.99,0.26267
3862.9,0.26949
3863.8,0.27493
3864.7,0.28022
3865.6,0.28141
3866.5,0.28362
3867.4,0.28412
3868.3,0.28279
3869.2,0.28033
3870.1,0.27614
3871.0,0.27161
3871.9,0.26503
3872.8,0.25846
3873.7,0.25643
3874.6,0.25667
3875.5,0.25591
3876.4,0.25764
3877.3,0.25738
3878.2,0.25432
3879.1,0.25253
3880.0,0.25099
3880.9,0.25063
3881.8,0.2507
3882.7,0.24847
3883.6,0.24484
3884.5,0.23745
3885.4,0.22993
3886.3,0.21904
3887.2,0.20965
3888.1,0.20002
3889.0,0.19418
3889.9,0.19342
3890.8,0.19851
3891.7,0.20595
3892.6,0.2159
3893.5,0.22552
3894.4,0.23281
3895.3,0.24062
3896.2,0.24678
3897.1,0.25096
3898.0,0.25436
3898.9,0.25789
3899.8,0.25934
3900.7,0.26179
3901.6,0.26317
3902.51,0.26327
3903.41,0.2628
3904.31,0.26173
3905.21,0.26091
3906.11,0.25991
3907.01,0.26233
3907.91,0.26774
3908.81,0.27187
3909.71,0.27829
3910.61,0.28376
3911.51,0.28734
3912.41,0.28959
3913.31,0.2898
3914.21,0.28877
3915.11,0.28667
3916.01,0.28301
3916.91,0.2789
3917.81,0.27608
3918.71,0.27159
3919.61,0.26753
3920.51,0.2639
3921.41,0.26132
3922.31,0.25958
3923.21,0.25677
3924.11,0.25443
3925.01,0.24986
3925.91,0.24283
3926.81,0.23247
3927.71,0.21884
3928.61,0.20221
3929.51,0.18212
3930.41,0.16219
3931.31,0.14121
3932.21,0.1225
3933.11,0.10615
3934.01,0.097003
3934.91,0.09511
3935.81,0.10147
3936.71,0.11479
3937.61,0.13344
3938.51,0.15501
3939.42,0.17634
3940.32,0.19559
3941.22,0.2102
3942.12,0.22361
3943.02,0.23227
3943.92,0.2403
3944.82,0.24738
3945.72,0.25289
3946.62,0.25794
3947.52,0.26293
3948.42,0.26678
3949.32,0.2703
3950.22,0.27347
3951.12,0.27508
3952.02,0.27573
3952.92,0.27855
3953.82,0.27884
3954.72,0.28023
3955.62,0.27945
3956.52,0.27602
3957.42,0.27581
3958.32,0.27288
3959.22,0.26911
3960.12,0.26176
3961.02,0.25523
3961.92,0.24289
3962.82,0.22899
3963.72,0.21396
3964.62,0.19509
3965.52,0.17458
3966.42,0.15556
3967.32,0.13471
3968.22,0.11839
3969.12,0.10779
3970.02,0.10458
3970.92,0.11018
3971.82,0.12246
3972.72,0.14047
3973.62,0.16116
3974.52,0.18276
3975.42,0.20308
3976.32,0.2205
3977.22,0.23766
3978.13,0.25066
3979.03,0.26321
3979.93,0.27363
3980.83,0.27915
3981.73,0.2845
3982.63,0.28749
3983.53,0.28881
3984.43,0.29303
3985.33,0.2944
3986.23,0.29617
3987.13,0.29956
3988.03,0.30381
3988.93,0.30722
3989.83,0.30857
3990.73,0.31061
3991.63,0.31336
3992.53,0.31657
3993.43,0.31767
3994.33,0.31588
3995.23,0.31473
3996.13,0.31208
3997.03,0.30815
3997.93,0.30599
3998.83,0.30657
3999.73,0.30946
4000.63,0.31354
4001.53,0.31791
4002.43,0.31961
4003.33,0.32038
4004.23,0.31803
4005.13,0.31463
4006.03,0.31229
4006.93,0.31066
4007.83,0.31255
4008.73,0.31584
4009.63,0.31933
4010.53,0.3232
4011.43,0.32584
4012.33,0.32714
4013.23,0.3292
4014.13,0.32859
4015.03,0.32792
4015.93,0.32891
4016.84,0.32797
4017.74,0.32819
4018.64,0.33058
4019.54,0.33044
4020.44,0.33159
4021.34,0.33037
4022.24,0.33343
4023.14,0.33156
4024.04,0.33117
4024.94,0.33258
4025.84,0.33318
4026.74,0.3344
4027.64,0.33516
4028.54,0.33547
4029.44,0.33133
4030.34,0.32616
4031.24,0.32166
4032.14,0.31561
4033.04,0.31411
4033.94,0.31437
4034.84,0.31773
4035.74,0.32188
4036.64,0.32838
4037.54,0.33501
4038.44,0.33908
4039.34,0.34179
4040.24,0.34435
4041.14,0.34251
4042.04,0.33869
4042.94,0.33315
4043.84,0.32615
4044.74,0.32032
4045.64,0.31542
4046.54,0.31388
4047.44,0.31458
4048.34,0.31897
4049.24,0.3235
4050.14,0.33045
4051.04,0.3351
4051.94,0.33749
4052.84,0.33561
4053.74,0.33486
4054.65,0.33253
4055.55,0.32824
4056.45,0.3284
4057.35,0.32724
4058.25,0.32792
4059.15,0.32606
4060.05,0.3279
4060.95,0.3288
4061.85,0.32642
4062.75,0.32403
4063.65,0.32085
4064.55,0.3164
4065.45,0.31365
4066.35,0.31612
4067.25,0.31848
4068.15,0.32253
4069.05,0.32477
4069.95,0.32786
4070.85,0.32748
4071.75,0.32702
4072.65,0.32637
4073.55,0.32474
4074.45,0.32117
4075.35,0.31834
4076.25,0.31348
4077.15,0.30863
4078.05,0.30714
4078.95,0.3056
4079.85,0.30801
4080.75,0.31271
4081.65,0.31861
4082.55,0.32296
4083.45,0.32645
4084.35,0.32676
4085.25,0.32813
4086.15,0.33087
4087.05,0.33377
4087.95,0.33727
4088.85,0.34134
4089.75,0.34334
4090.65,0.34453
4091.55,0.34318
4092.45,0.34119
4093.36,0.33757
4094.26,0.33372
4095.16,0.32758
4096.06,0.31938
4096.96,0.31317
4097.86,0.30414
4098.76,0.29127
4099.66,0.27931
4100.56,0.26694
4101.46,0.25622
4102.36,0.24993
4103.26,0.25069
4104.16,0.25551
4105.06,0.26636
4105.96,0.27776
4106.86,0.28958
4107.76,0.30044
4108.66,0.30745
4109.56,0.31382
4110.46,0.31627
4111.36,0.31927
4112.26,0.32269
4113.16,0.32612
4114.06,0.32938
4114.96,0.3348
4115.86,0.3382
4116.76,0.33844
4117.66,0.33683
4118.56,0.33663
4119.46,0.33518
4120.36,0.33242
4121.26,0.33186
4122.16,0.33007
4123.06,0.33255
4123.96,0.33343
4124.86,0.33513
4125.76,0.33743
4126.66,0.33655
4127.56,0.33635
4128.46,0.33371
4129.36,0.33317
4130.26,0.33063
4131.17,0.327
4132.06,0.32686
4132.97,0.32365
4133.87,0.32359
4134.77,0.32529
4135.67,0.32764
4136.57,0.33348
4137.47,0.33687
4138.37,0.34253
4139.27,0.34577
4140.17,0.34543
4141.07,0.34382
4141.97,0.33911
4142.87,0.33436
4143.77,0.33041
4144.67,0.32848
4145.57,0.3288
4146.47,0.33021
4147.37,0.33463
4148.27,0.33685
4149.17,0.33844
4150.07,0.34094
4150.97,0.33788
4151.87,0.33831
4152.77,0.33617
4153.67,0.33501
4154.57,0.3341
4155.47,0.33275
4156.37,0.33193
4157.27,0.33304
4158.17,0.33706
4159.07,0.33928
4159.97,0.34101
4160.87,0.34414
4161.77,0.34667
4162.67,0.34924
4163.57,0.35053
4164.47,0.34955
4165.37,0.34951
4166.27,0.34812
4167.17,0.34709
4168.07,0.34562
4168.98,0.34238
4169.88,0.33772
4170.78,0.33468
4171.68,0.32978
4172.58,0.32399
4173.48,0.31987
4174.38,0.31883
4175.28,0.31824
4176.18,0.31868
4177.08,0.32285
4177.98,0.32463
4178.88,0.3281
4179.78,0.33
4180.68,0.33275
4181.58,0.33515
4182.48,0.33634
4183.38,0.33595
4184.28,0.33516
4185.18,0.33547
4186.08,0.33426
4186.98,0.33354
4187.88,0.33318
4188.78,0.33208
4189.68,0.33483
4190.58,0.33516
4191.48,0.33541
4192.38,0.33983
4193.28,0.33971
4194.18,0.34073
4195.08,0.34049
4195.98,0.33759
4196.88,0.33567
4197.78,0.33075
4198.68,0.32641
4199.58,0.32197
4200.48,0.31924
4201.38,0.32176
4202.28,0.32005
4203.18,0.32276
4204.08,0.32347
4204.98,0.32527
4205.88,0.32836
4206.79,0.33388
4207.69,0.33578
4208.59,0.33877
4209.49,0.34056
4210.39,0.34238
4211.29,0.34434
4212.19,0.34371
4213.09,0.34172
4213.99,0.33963
4214.89,0.33597
4215.79,0.33344
4216.69,0.33183
4217.59,0.33043
4218.49,0.33375
4219.39,0.3358
4220.29,0.33674
4221.19,0.33688
4222.09,0.33716
4222.99,0.3314
4223.89,0.32614
4224.79,0.316
4225.69,0.307
4226.59,0.29937
4227.49,0.29616
4228.39,0.29888
4229.29,0.30462
4230.19,0.31297
4231.09,0.32223
4231.99,0.32778
4232.89,0.32876
4233.79,0.33146
4234.69,0.32888
4235.59,0.32725
4236.49,0.32686
4237.39,0.32458
4238.29,0.32444
4239.19,0.32623
4240.09,0.3282
4240.99,0.33108
4241.89,0.33273
4242.79,0.33573
4243.69,0.33762
4244.59,0.33764
4245.5,0.33751
4246.4,0.33514
4247.3,0.33155
4248.2,0.32795
4249.1,0.3255
4250.0,0.32433
4250.9,0.32341
4251.8,0.32432
4252.7,0.32738
4253.6,0.32849
4254.5,0.33103
4255.4,0.33112
4256.3,0.33288
4257.2,0.3335
4258.1,0.33256
4259.0,0.32961
4259.9,0.32881
4260.8,0.32701
4261.7,0.32777
4262.6,0.32982
4263.5,0.33256
4264.4,0.33771
4265.3,0.34032
4266.2,0.34383
4267.1,0.34323
4268.0,0.34018
4268.9,0.33608
4269.8,0.32983
4270.7,0.32214
4271.6,0.31727
4272.5,0.31087
4273.4,0.3092
4274.3,0.31052
4275.2,0.31266
4276.1,0.31643
4277.0,0.3225
4277.9,0.32686
4278.8,0.32998
4279.7,0.3324
4280.6,0.33088
4281.5,0.33053
4282.4,0.32693
4283.31,0.32687
4284.21,0.32429
4285.11,0.3214
4286.01,0.31858
4286.91,0.31549
4287.81,0.31053
4288.71,0.30593
4289.61,0.30343
4290.51,0.30056
4291.41,0.30097
4292.31,0.30209
4293.21,0.30535
4294.11,0.30644
4295.01,0.3073
4295.91,0.30501
4296.81,0.30325
4297.71,0.29591
4298.61,0.28792
4299.51,0.28
4300.41,0.27414
4301.31,0.26772
4302.21,0.26558
4303.11,0.26524
4304.01,0.2649
4304.91,0.26585
4305.81,0.26471
4306.71,0.26494
4307.61,0.26439
4308.51,0.2645
4309.41,0.26395
4310.31,0.26517
4311.21,0.26732
4312.11,0.27522
4313.01,0.28274
4313.91,0.292
4314.81,0.30291
4315.71,0.31438
4316.61,0.32659
4317.51,0.33828
4318.41,0.34527
4319.31,0.34981
4320.21,0.34912
4321.12,0.34903
4322.02,0.34157
4322.92,0.33446
4323.82,0.32516
4324.72,0.31799
4325.62,0.31303
4326.52,0.31293
4327.42,0.31552
4328.32,0.31975
4329.22,0.32542
4330.12,0.33261
4331.02,0.33747
4331.92,0.33979
4332.82,0.34122
4333.72,0.33921
4334.62,0.33662
4335.52,0.32903
4336.42,0.31973
4337.32,0.30756
4338.22,0.29384
4339.12,0.27971
4340.02,0.26655
4340.92,0.2611
4341.82,0.25962
4342.72,0.26533
4343.62,0.27445
4344.52,0.28626
4345.42,0.2988
4346.32,0.31036
4347.22,0.31958
4348.12,0.32512
4349.02,0.32907
4349.92,0.33107
4350.82,0.32861
4351.72,0.32646
4352.62,0.32596
4353.52,0.32514
4354.42,0.32669
4355.32,0.32997
4356.22,0.33317
4357.12,0.33588
4358.02,0.34075
4358.92,0.34312
4359.83,0.34566
4360.73,0.34622
4361.63,0.35111
4362.53,0.35165
4363.43,0.35503
4364.33,0.35649
4365.23,0.35661
4366.13,0.35679
4367.03,0.35494
4367.93,0.35363
4368.83,0.35113
4369.73,0.34832
4370.63,0.34581
4371.53,0.34401
4372.43,0.34243
4373.33,0.34065
4374.23,0.33793
4375.13,0.33593
4376.03,0.33684
4376.93,0.33644
4377.83,0.34
4378.73,0.34233
4379.63,0.34394
4380.53,0.34422
4381.43,0.34108
4382.33,0.33429
4383.23,0.32693
4384.13,0.32186
4385.03,0.3188
4385.93,0.31829
4386.83,0.32139
4387.73,0.32521
4388.63,0.33018
4389.53,0.33336
4390.43,0.33765
4391.33,0.33816
4392.23,0.3434
4393.13,0.34361
4394.03,0.34343
4394.93,0.34443
4395.83,0.34454
4396.73,0.34602
4397.64,0.34602
4398.54,0.34898
4399.44,0.34665
4400.34,0.34641
4401.24,0.34371
4402.14,0.34334
4403.04,0.34173
4403.94,0.34058
4404.84,0.33867
4405.74,0.33828
4406.64,0.33857
4407.54,0.33976
4408.44,0.34324
4409.34,0.3457
4410.24,0.34904
4411.14,0.35175
4412.04,0.35662
4412.94,0.35763
4413.84,0.35792
4414.74,0.35577
4415.64,0.35215
4416.54,0.35218
4417.44,0.35116
4418.34,0.35284
4419.24,0.35446
4420.14,0.35795
4421.04,0.35841
4421.94,0.36002
4422.84,0.36103
4423.74,0.36128
4424.64,0.36006
4425.54,0.3608
4426.44,0.35868
4427.34,0.35978
4428.24,0.35847
4429.14,0.35834
4430.04,0.35892
4430.94,0.35709
4431.84,0.35752
4432.74,0.3548
4433.64,0.35359
4434.54,0.35321
4435.45,0.35386
4436.35,0.35352
4437.25,0.35492
4438.15,0.35769
4439.05,0.35984
4439.95,0.36241
4440.85,0.3617
4441.75,0.36114
4442.65,0.35875
4443.55,0.35475
4444.45,0.35514
4445.35,0.35647
4446.25,0.35757
4447.15,0.35958
4448.05,0.35964
4448.95,0.36224
4449.85,0.36275
4450.75,0.36242
4451.65,0.36028
4452.55,0.35902
4453.45,0.35461
4454.35,0.35188
4455.25,0.34847
4456.15,0.34529
4457.05,0.3421
4457.95,0.34247
4458.85,0.34342
4459.75,0.34344
4460.65,0.34498
4461.55,0.34642
4462.45,0.34708
4463.35,0.34922
4464.25,0.3512
4465.15,0.35508
4466.05,0.35544
4466.95,0.35608
4467.85,0.35737
4468.75,0.35664
4469.65,0.35787
4470.55,0.35924
4471.45,0.36094
4472.35,0.36425
4473.25,0.36904
4474.16,0.3721
4475.06,0.37439
4475.96,0.37581
4476.86,0.378
4477.76,0.37913
4478.66,0.3768
4479.56,0.37505
4480.46,0.37017
4481.36,0.36775
4482.26,0.3664
4483.16,0.36632
4484.06,0.36478
4484.96,0.36778
4485.86,0.37128
4486.76,0.37184
4487.66,0.37276
4488.56,0.37146
4489.46,0.37061
4490.36,0.37053
4491.26,0.36865
4492.16,0.36866
4493.06,0.36893
4493.96,0.36831
4494.86,0.36847
4495.76,0.37042
4496.66,0.36902
4497.56,0.3717
4498.46,0.37348
4499.36,0.37646
4500.26,0.37765
4501.16,0.37849
4502.06,0.38046
4502.96,0.38454
4503.86,0.38676
4504.76,0.38589
4505.66,0.38955
4506.56,0.39368
4507.46,0.39198
4508.36,0.39261
4509.26,0.39151
4510.17,0.39043
4511.06,0.39096
4511.97,0.3894
4512.87,0.38796
4513.77,0.38632
4514.67,0.38347
4515.57,0.38285
4516.47,0.38074
4517.37,0.37761
4518.27,0.37929
4519.17,0.37689
4520.07,0.37768
4520.97,0.37521
4521.87,0.37459
4522.77,0.37218
4523.67,0.37196
4524.57,0.36787
4525.47,0.36422
4526.37,0.35998
4527.27,0.35844
4528.17,0.35434
4529.07,0.35364
4529.97,0.35052
4530.87,0.35128
4531.77,0.35084
4532.67,0.34987
4533.57,0.34902
4534.47,0.35012
4535.37,0.35093
4536.27,0.35424
4537.17,0.35896
4538.07,0.36294
4538.97,0.36785
4539.87,0.37004
4540.77,0.37581
4541.67,0.37573
4542.57,0.3764
4543.47,0.3762
4544.37,0.37481
4545.27,0.3702
4546.17,0.36949
4547.07,0.36915
4547.97,0.36605
4548.88,0.36374
4549.77,0.36218
4550.68,0.36155
4551.58,0.35861
4552.48,0.35901
4553.38,0.35985
4554.28,0.3602
4555.18,0.36035
4556.08,0.36269
4556.98,0.36591
4557.88,0.37062
4558.78,0.37282
4559.68,0.37665
4560.58,0.38006
4561.48,0.38096
4562.38,0.38085
4563.28,0.37958
4564.18,0.37947
4565.08,0.37746
4565.98,0.37765
4566.88,0.3797
4567.78,0.38073
4568.68,0.37982
4569.58,0.38042
4570.48,0.38006
4571.38,0.38027
4572.28,0.37783
4573.18,0.37796
4574.08,0.37834
4574.98,0.38049
4575.88,0.38084
4576.78,0.38053
4577.68,0.37883
4578.58,0.37884
4579.48,0.37577
4580.38,0.37482
4581.28,0.37176
4582.18,0.36906
4583.08,0.36839
4583.98,0.37062
4584.88,0.36924
4585.78,0.3703
4586.69,0.37211
4587.58,0.37436
4588.49,0.37727
4589.39,0.37729
4590.29,0.37952
4591.19,0.37936
4592.09,0.37759
4592.99,0.37677
4593.89,0.37686
4594.79,0.37559
4595.69,0.37734
4596.59,0.37759
4597.49,0.37833
4598.39,0.37881
4599.29,0.37854
4600.19,0.37863
4601.09,0.37667
4601.99,0.37641
4602.89,0.3761
4603.79,0.37597
4604.69,0.37811
4605.59,0.37856
4606.49,0.37934
4607.39,0.38342
4608.29,0.38442
4609.19,0.38655
4610.09,0.38791
4610.99,0.38965
4611.89,0.38925
4612.79,0.38746
4613.69,0.3861
4614.59,0.3867
4615.49,0.38745
4616.39,0.38566
4617.29,0.384
4618.19,0.38565
4619.09,0.38521
4619.99,0.3846
4620.89,0.38728
4621.79,0.3861
4622.69,0.38641
4623.59,0.38909
4624.5,0.38965
4625.4,0.38951
4626.3,0.39018
4627.2,0.38856
4628.1,0.38682
4629.0,0.38845
4629.9,0.38617
4630.8,0.38698
4631.7,0.38612
4632.6,0.38791
4633.5,0.38663
4634.4,0.38673
4635.3,0.38319
4636.2,0.38365
4637.1,0.38497
4638.0,0.38376
4638.9,0.38488
4639.8,0.38413
4640.7,0.38435
4641.6,0.38555
4642.5,0.38735
4643.4,0.38626
4644.3,0.38763
4645.2,0.38679
4646.1,0.38506
4647.0,0.38096
4647.9,0.37959
4648.8,0.37923
4649.7,0.37978
4650.6,0.37987
4651.5,0.37982
4652.4,0.38184
4653.3,0.37926
4654.2,0.38059
4655.1,0.37832
4656.0,0.37915
4656.9,0.37981
4657.8,0.38346
4658.7,0.38375
4659.6,0.38687
4660.5,0.39003
4661.4,0.39091
4662.3,0.39222
4663.21,0.39144
4664.11,0.38857
4665.01,0.38364
4665.91,0.38062
4666.81,0.37651
4667.71,0.3719
4668.61,0.37174
4669.51,0.37073
4670.41,0.37228
4671.31,0.37224
4672.21,0.37647
4673.11,0.38055
4674.01,0.38266
4674.91,0.38495
4675.81,0.38608
4676.71,0.38664
4677.61,0.38696
4678.51,0.38576
4679.41,0.38319
4680.31,0.3808
4681.21,0.38315
4682.11,0.38107
4683.01,0.381
4683.91,0.38128
4684.81,0.38277
4685.71,0.3856
4686.61,0.3853
4687.51,0.38661
4688.41,0.38657
4689.31,0.38823
4690.21,0.38758
4691.11,0.38742
4692.01,0.3884
4692.91,0.38854
4693.81,0.38909
4694.71,0.39088
4695.61,0.39118
4696.51,0.39294
4697.41,0.39209
4698.31,0.39086
4699.21,0.38837
4700.12,0.3854
4701.02,0.38467
4701.92,0.38092
4702.82,0.3792
4703.72,0.37836
4704.62,0.3775
4705.52,0.37827
4706.42,0.37762
4707.32,0.37497
4708.22,0.37734
4709.12,0.37602
4710.02,0.37768
4710.92,0.37777
4711.82,0.37929
4712.72,0.38386
4713.62,0.38251
4714.52,0.38621
4715.42,0.38784
4716.32,0.38757
4717.22,0.38796
4718.12,0.39046
4719.02,0.39112
4719.92,0.39203
4720.82,0.39112
4721.72,0.39467
4722.62,0.3942
4723.52,0.39485
4724.42,0.3941
4725.32,0.39157
4726.22,0.39131
4727.12,0.39052
4728.02,0.38751
4728.92,0.38605
4729.82,0.38354
4730.72,0.38316
4731.62,0.38141
4732.52,0.38234
4733.42,0.3832
4734.32,0.3818
4735.22,0.38347
4736.12,0.38588
4737.02,0.38519
4737.92,0.38515
4738.83,0.38433
4739.73,0.38424
4740.63,0.38627
4741.53,0.38648
4742.43,0.38594
4743.33,0.38808
4744.23,0.38939
4745.13,0.39173
4746.03,0.39337
4746.93,0.392
4747.83,0.39365
4748.73,0.39218
4749.63,0.39419
4750.53,0.3938
4751.43,0.39212
4752.33,0.39147
4753.23,0.39056
4754.13,0.39113
4755.03,0.38679
4755.93,0.38705
4756.83,0.38588
4757.73,0.38376
4758.63,0.38432
4759.53,0.38448
4760.43,0.38216
4761.33,0.38247
4762.23,0.3826
4763.13,0.37846
4764.03,0.3783
4764.93,0.37732
4765.83,0.37735
4766.73,0.37898
4767.63,0.37854
4768.53,0.37941
4769.43,0.382
4770.33,0.38375
4771.23,0.38463
4772.13,0.38661
4773.03,0.38603
4773.93,0.38877
4774.83,0.38938
4775.73,0.39026
4776.64,0.391
4777.54,0.3906
4778.44,0.39166
4779.34,0.39029
4780.24,0.3886
4781.14,0.38764
4782.04,0.3861
4782.94,0.38457
4783.84,0.38591
4784.74,0.38259
4785.64,0.38125
4786.54,0.38083
4787.44,0.38141
4788.34,0.37957
4789.24,0.37958
4790.14,0.38023
4791.04,0.38274
4791.94,0.38357
4792.84,0.38602
4793.74,0.38786
4794.64,0.39105
4795.54,0.39134
4796.44,0.39217
4797.34,0.39369
4798.24,0.39183
4799.14,0.38921
4800.04,0.38896
4800.94,0.38901
4801.84,0.39105
4802.74,0.38829
4803.64,0.38874
4804.54,0.38859
4805.44,0.38797
4806.34,0.38835
4807.24,0.38863
4808.14,0.389
4809.04,0.38715
4809.94,0.38826
4810.84,0.38889
4811.74,0.3896
4812.64,0.39223
4813.54,0.39182
4814.45,0.3927
4815.35,0.39344
4816.25,0.39487
4817.15,0.39454
4818.05,0.3955
4818.95,0.39538
4819.85,0.39412
4820.75,0.39349
4821.65,0.39234
4822.55,0.39176
4823.45,0.3886
4824.35,0.38755
4825.25,0.38761
4826.15,0.38675
4827.05,0.38687
4827.95,0.38596
4828.85,0.38673
4829.75,0.38692
4830.65,0.38586
4831.55,0.3867
4832.45,0.38486
4833.35,0.38475
4834.25,0.38515
4835.15,0.38532
4836.05,0.38611
4836.95,0.38571
4837.85,0.38452
4838.75,0.38513
4839.65,0.38284
4840.55,0.38195
4841.45,0.38069
4842.35,0.38159
4843.25,0.38046
4844.15,0.37943
4845.05,0.38129
4845.95,0.38059
4846.85,0.38142
4847.75,0.38219
4848.65,0.3813
4849.55,0.38021
4850.45,0.37835
4851.35,0.37585
4852.26,0.37602
4853.16,0.3738
4854.06,0.37028
4854.96,0.3657
4855.86,0.36085
4856.76,0.35237
4857.66,0.34599
4858.56,0.33564
4859.46,0.32522
4860.36,0.31478
4861.26,0.30747
4862.16,0.3026
4863.06,0.30418
4863.96,0.30427
4864.86,0.31377
4865.76,0.32324
4866.66,0.334
4867.56,0.34179
4868.46,0.34958
4869.36,0.35385
4870.26,0.35561
4871.16,0.35797
4872.06,0.35988
4872.96,0.36021
4873.86,0.3634
4874.76,0.36451
4875.66,0.36651
4876.56,0.37073
4877.46,0.37243
4878.36,0.37378
4879.26,0.37544
4880.16,0.37914
4881.06,0.37972
4881.96,0.37818
4882.86,0.3804
4883.76,0.37922
4884.66,0.37698
4885.56,0.37816
4886.46,0.37584
4887.36,0.37383
4888.26,0.37321
4889.17,0.37086
4890.07,0.37143
4890.97,0.37146
4891.87,0.37413
4892.77,0.37669
4893.67,0.38221
4894.57,0.38469
4895.47,0.39141
4896.37,0.39415
4897.27,0.39558
4898.17,0.39753
4899.07,0.39706
4899.97,0.39476
4900.87,0.39258
4901.77,0.39117
4902.67,0.39123
4903.57,0.38895
4904.47,0.39036
4905.37,0.38913
4906.27,0.38925
4907.17,0.38795
4908.07,0.38821
4908.97,0.3879
4909.87,0.38524
4910.77,0.38525
4911.67,0.38381
4912.57,0.38531
4913.47,0.38522
4914.37,0.38612
4915.27,0.38609
4916.17,0.38752
4917.07,0.38318
4917.97,0.38092
4918.87,0.37788
4919.77,0.37385
4920.67,0.37064
4921.57,0.36876
4922.47,0.36739
4923.37,0.36811
4924.27,0.37119
4925.17,0.375
4926.07,0.37845
4926.98,0.38039
4927.88,0.38543
4928.78,0.38693
4929.68,0.38911
4930.58,0.38783
4931.48,0.38904
4932.38,0.38781
4933.28,0.38489
4934.18,0.38224
4935.08,0.37908
4935.98,0.37662
4936.88,0.37597
4937.78,0.37614
4938.68,0.37484
4939.58,0.37526
4940.48,0.3772
4941.38,0.38018
4942.28,0.38325
4943.18,0.38544
4944.08,0.3892
4944.98,0.39098
4945.88,0.39342
4946.78,0.39347
4947.68,0.39258
4948.58,0.39539
4949.48,0.39569
4950.38,0.39618
4951.28,0.39658
4952.18,0.39433
4953.08,0.39246
4953.98,0.39079
4954.88,0.39081
4955.78,0.38698
4956.68,0.38295
4957.58,0.3791
4958.48,0.3774
4959.38,0.37922
4960.28,0.3791
4961.18,0.38212
4962.08,0.38329
4962.98,0.38531
4963.88,0.38595
4964.79,0.38683
4965.69,0.38655
4966.59,0.38546
4967.49,0.38303
4968.39,0.38413
4969.29,0.38338
4970.19,0.38336
4971.09,0.38406
4971.99,0.38583
4972.89,0.3863
4973.79,0.38792
4974.69,0.38896
4975.59,0.39049
4976.49,0.38956
4977.39,0.38882
4978.29,0.38539
4979.19,0.38226
4980.09,0.37768
4980.99,0.3745
4981.89,0.37111
4982.79,0.36746
4983.69,0.3651
4984.59,0.36489
4985.49,0.36504
4986.39,0.36709
4987.29,0.36911
4988.19,0.37317
4989.09,0.37434
4989.99,0.37606
4990.89,0.37695
4991.79,0.37861
4992.69,0.37938
4993.59,0.37716
4994.49,0.37916
4995.39,0.38108
4996.29,0.37969
4997.19,0.37906
4998.09,0.3767
4998.99,0.37815
4999.89,0.37422
5000.79,0.37377
5001.7,0.37199
5002.6,0.37221
5003.5,0.37076
5004.4,0.37006
5005.3,0.37045
5006.2,0.36873
5007.1,0.36759
5008.0,0.36974
5008.9,0.36902
5009.8,0.36886
5010.7,0.36759
5011.6,0.36694
5012.5,0.36553
5013.4,0.36304
5014.3,0.36244
5015.2,0.36038
5016.1,0.35973
5017.0,0.36152
5017.9,0.36107
5018.8,0.3625
5019.7,0.36332
5020.6,0.36492
5021.5,0.36675
5022.4,0.36799
5023.3,0.37062
5024.2,0.37258
5025.1,0.37319
5026.0,0.37457
5026.9,0.37321
5027.8,0.37554
5028.7,0.37682
5029.6,0.3786
5030.5,0.37968
5031.4,0.38077
5032.3,0.38073
5033.2,0.38061
5034.1,0.37973
5035.0,0.37801
5035.9,0.37514
5036.8,0.3719
5037.7,0.36865
5038.6,0.36522
5039.5,0.36175
5040.41,0.35983
5041.31,0.35857
5042.21,0.35768
5043.11,0.35892
5044.01,0.36147
5044.91,0.36773
5045.81,0.37306
5046.71,0.37368
5047.61,0.37544
5048.51,0.37729
5049.41,0.37721
5050.31,0.37675
5051.21,0.37572
5052.11,0.37602
5053.01,0.37676
5053.91,0.37922
5054.81,0.38036
5055.71,0.38378
5056.61,0.3857
5057.51,0.38709
5058.41,0.38696
5059.31,0.38815
5060.21,0.38876
5061.11,0.38665
5062.01,0.38569
5062.91,0.38322
5063.81,0.38036
5064.71,0.37983
5065.61,0.3766
5066.51,0.3756
5067.41,0.37413
5068.31,0.37257
5069.21,0.37393
5070.11,0.37479
5071.01,0.37431
5071.91,0.37595
5072.81,0.3746
5073.71,0.37522
5074.61,0.37569
5075.51,0.37481
5076.42,0.37155
5077.31,0.37155
5078.21,0.36838
5079.12,0.36831
5080.02,0.36673
5080.92,0.36301
5081.82,0.36253
5082.72,0.36303
5083.62,0.36286
5084.52,0.36641
5085.42,0.36787
5086.32,0.36908
5087.22,0.37288
5088.12,0.37518
5089.02,0.37694
5089.92,0.37876
5090.82,0.37923
5091.72,0.37938
5092.62,0.38008
5093.52,0.38038
5094.42,0.37983
5095.32,0.38063
5096.22,0.37741
5097.12,0.37591
5098.02,0.3729
5098.92,0.37082
5099.82,0.37135
5100.72,0.36965
5101.62,0.37104
5102.52,0.3722
5103.42,0.37038
5104.32,0.37242
5105.22,0.37122
5106.12,0.37061
5107.02,0.37023
5107.92,0.36905
5108.82,0.36926
5109.72,0.36687
5110.62,0.36831
5111.52,0.36902
5112.42,0.37014
5113.32,0.37372
5114.22,0.3751
5115.12,0.37713
5116.03,0.37878
5116.93,0.38087
5117.83,0.38182
5118.73,0.38147
5119.63,0.38055
5120.53,0.37964
5121.43,0.37784
5122.33,0.37542
5123.23,0.37062
5124.13,0.3675
5125.03,0.36692
5125.93,0.36362
5126.83,0.36187
5127.73,0.36112
5128.63,0.36248
5129.53,0.36323
5130.43,0.36396
5131.33,0.36376
5132.23,0.36674
5133.13,0.36932
5134.03,0.36959
5134.93,0.36901
5135.83,0.37156
5136.73,0.3689
5137.63,0.36817
5138.53,0.36712
5139.43,0.3649
5140.33,0.36236
5141.23,0.36186
5142.13,0.36051
5143.03,0.36064
5143.93,0.3609
5144.83,0.36044
5145.73,0.3613
5146.63,0.36152
5147.53,0.36308
5148.43,0.36352
5149.33,0.36431
5150.23,0.36244
5151.13,0.36348
5152.03,0.36187
5152.94,0.36261
5153.84,0.36377
5154.74,0.36478
5155.64,0.36621
5156.54,0.37024
5157.44,0.37316
5158.34,0.37441
5159.24,0.37685
5160.14,0.37648
5161.04,0.37576
5161.94,0.3741
5162.84,0.37143
5163.74,0.36726
5164.64,0.36244
5165.54,0.35298
5166.44,0.34691
5167.34,0.33833
5168.24,0.33312
5169.14,0.32971
5170.04,0.32407
5170.94,0.32195
5171.84,0.32019
5172.74,0.3227
5173.64,0.32642
5174.54,0.33216
5175.44,0.33691
5176.34,0.34463
5177.24,0.34991
5178.14,0.35381
5179.04,0.35816
5179.94,0.3593
5180.84,0.35597
5181.74,0.35285
5182.64,0.34694
5183.54,0.34308
5184.44,0.33957
5185.34,0.33883
5186.24,0.34028
5187.14,0.34438
5188.04,0.34923
5188.94,0.35249
5189.84,0.35452
5190.75,0.35838
5191.65,0.3584
5192.55,0.35777
5193.45,0.35947
5194.35,0.35924
5195.25,0.35858
5196.15,0.35859
5197.05,0.36196
5197.95,0.36368
5198.85,0.36597
5199.75,0.36737
5200.65,0.36897
5201.55,0.36736
5202.45,0.36763
5203.35,0.36532
5204.25,0.36168
5205.15,0.35886
5206.05,0.35751
5206.95,0.3545
5207.85,0.35347
5208.75,0.35087
5209.65,0.35393
5210.55,0.3567
5211.45,0.35967
5212.35,0.36205
5213.25,0.36404
5214.15,0.36828
5215.05,0.37097
5215.95,0.37272
5216.85,0.3749
5217.75,0.37471
5218.65,0.37514
5219.55,0.37547
5220.45,0.37778
5221.35,0.37807
5222.25,0.37674
5223.15,0.37558
5224.05,0.37336
5224.95,0.37152
5225.85,0.36744
5226.75,0.36376
5227.66,0.36012
5228.56,0.36139
5229.46,0.36194
5230.36,0.36306
5231.26,0.36579
5232.16,0.36729
5233.06,0.37029
5233.96,0.37202
5234.86,0.3729
5235.76,0.37494
5236.66,0.37772
5237.56,0.37882
5238.46,0.38046
5239.36,0.38207
5240.26,0.38336
5241.16,0.38675
5242.06,0.38515
5242.96,0.38712
5243.86,0.38616
5244.76,0.38544
5245.66,0.38253
5246.56,0.38018
5247.46,0.37962
5248.36,0.37662
5249.26,0.37505
5250.16,0.37427
5251.06,0.37293
5251.96,0.37295
5252.86,0.3737
5253.76,0.37427
5254.66,0.37426
5255.56,0.37719
5256.46,0.37822
5257.36,0.3794
5258.26,0.38014
5259.16,0.38053
5260.06,0.37824
5260.96,0.37573
5261.86,0.37174
5262.76,0.36787
5263.66,0.36211
5264.56,0.35723
5265.47,0.35389
5266.37,0.35065
5267.27,0.34799
5268.17,0.34487
5269.07,0.3469
5269.97,0.34622
5270.87,0.34799
5271.77,0.35142
5272.67,0.35306
5273.57,0.35687
5274.47,0.36041
5275.37,0.36553
5276.27,0.36878
5277.17,0.37203
5278.07,0.37505
5278.97,0.37572
5279.87,0.37905
5280.77,0.37903
5281.67,0.38013
5282.57,0.37926
5283.47,0.37776
5284.37,0.37821
5285.27,0.37975
5286.17,0.38271
5287.07,0.38423
5287.97,0.38652
5288.87,0.3886
5289.77,0.39154
5290.67,0.39138
5291.57,0.39151
5292.47,0.38933
5293.37,0.38887
5294.27,0.38816
5295.17,0.38435
5296.07,0.38138
5296.97,0.38057
5297.87,0.3768
5298.77,0.37549
5299.67,0.3738
5300.57,0.37494
5301.48,0.37715
5302.38,0.37721
5303.27,0.38043
5304.18,0.38045
5305.08,0.38457
5305.98,0.38521
5306.88,0.38787
5307.78,0.39016
5308.68,0.38975
5309.58,0.39038
5310.48,0.39076
5311.38,0.38966
5312.28,0.39228
5313.18,0.39177
5314.08,0.39052
5314.98,0.39037
5315.88,0.38886
5316.78,0.38613
5317.68,0.38569
5318.58,0.38519
5319.48,0.38356
5320.38,0.38499
5321.28,0.38116
5322.18,0.38002
5323.08,0.3775
5323.98,0.37736
5324.88,0.37221
5325.78,0.36972
5326.68,0.36759
5327.58,0.36342
5328.48,0.36035
5329.38,0.35889
5330.28,0.36032
5331.18,0.36193
5332.08,0.36651
5332.98,0.36879
5333.88,0.37307
5334.78,0.37613
5335.68,0.37719
5336.58,0.37903
5337.48,0.37905
5338.38,0.37928
5339.28,0.37914
5340.19,0.37749
5341.08,0.3768
5341.99,0.37516
5342.89,0.37629
5343.79,0.37695
5344.69,0.3788
5345.59,0.37801
5346.49,0.37839
5347.39,0.37979
5348.29,0.37947
5349.19,0.3795
5350.09,0.37993
5350.99,0.37958
5351.89,0.38202
5352.79,0.38556
5353.69,0.38646
5354.59,0.38685
5355.49,0.38964
5356.39,0.39312
5357.29,0.39392
5358.19,0.3936
5359.09,0.39519
5359.99,0.39499
5360.89,0.39233
5361.79,0.39154
5362.69,0.38894
5363.59,0.3884
5364.49,0.38534
5365.39,0.38223
5366.29,0.38062
5367.19,0.37931
5368.09,0.37697
5368.99,0.37515
5369.89,0.37444
5370.79,0.37554
5371.69,0.37278
5372.59,0.37455
5373.49,0.37449
5374.39,0.37726
5375.29,0.38127
5376.19,0.38343
5377.09,0.38626
5378.0,0.3884
5378.9,0.38865
5379.8,0.38922
5380.7,0.38685
5381.6,0.38585
5382.5,0.38568
5383.4,0.38599
5384.3,0.38538
5385.2,0.38542
5386.1,0.38416
5387.0,0.384
5387.9,0.38481
5388.8,0.38316
5389.7,0.38452
5390.6,0.38191
5391.5,0.37966
5392.4,0.37916
5393.3,0.37638
5394.2,0.37553
5395.1,0.37396
5396.0,0.37359
5396.9,0.37242
5397.8,0.36971
5398.7,0.37109
5399.6,0.37169
5400.5,0.37254
5401.4,0.37193
5402.3,0.37115
5403.2,0.37141
5404.1,0.3693
5405.0,0.36789
5405.9,0.36716
5406.8,0.36564
5407.7,0.36601
5408.6,0.3661
5409.5,0.36758
5410.4,0.36968
5411.3,0.37087
5412.2,0.3717
5413.1,0.37468
5414.0,0.37659
5414.9,0.37936
5415.81,0.38008
5416.71,0.38076
5417.61,0.38228
5418.51,0.38289
5419.41,0.38215
5420.31,0.38236
5421.21,0.38362
5422.11,0.38147
5423.01,0.38282
5423.91,0.38159
5424.81,0.38142
5425.71,0.3822
5426.61,0.37933
5427.51,0.37908
5428.41,0.37718
5429.31,0.37405
5430.21,0.37418
5431.11,0.37245
5432.01,0.37194
5432.91,0.37038
5433.81,0.37082
5434.71,0.37201
5435.61,0.37164
5436.51,0.37366
5437.41,0.37434
5438.31,0.37748
5439.21,0.38012
5440.11,0.3811
5441.01,0.38279
5441.91,0.38488
5442.81,0.38472
5443.71,0.38267
5444.61,0.3807
5445.51,0.3786
5446.41,0.37706
5447.31,0.37636
5448.21,0.37428
5449.11,0.37538
5450.01,0.3764
5450.91,0.37499
5451.81,0.3775
5452.72,0.37842
5453.62,0.37739
5454.52,0.37679
5455.42,0.37703
5456.32,0.37557
5457.22,0.37667
5458.12,0.37721
5459.02,0.37663
5459.92,0.3774
5460.82,0.37937
5461.72,0.37691
5462.62,0.3792
5463.52,0.37915
5464.42,0.37869
5465.32,0.37915
5466.22,0.3794
5467.12,0.37724
5468.02,0.37998
5468.92,0.38041
5469.82,0.38114
5470.72,0.37995
5471.62,0.3787
5472.52,0.37791
5473.42,0.37724
5474.32,0.37408
5475.22,0.37215
5476.12,0.37184
5477.02,0.36871
5477.92,0.36832
5478.82,0.36925
5479.72,0.36943
5480.62,0.37101
5481.52,0.37222
5482.42,0.37268
5483.32,0.37514
5484.22,0.37579
5485.12,0.37619
5486.02,0.37745
5486.92,0.37865
5487.82,0.37784
5488.72,0.37834
5489.62,0.37976
5490.53,0.37935
5491.43,0.37948
5492.33,0.37801
5493.23,0.3794
5494.13,0.3794
5495.03,0.37951
5495.93,0.37807
5496.83,0.37864
5497.73,0.37942
5498.63,0.37791
5499.53,0.37831
5500.43,0.3768
5501.33,0.37659
5502.23,0.37672
5503.13,0.37984
5504.03,0.37664
5504.93,0.37574
5505.83,0.37334
5506.73,0.37626
5507.63,0.37457
5508.53,0.37549
5509.43,0.3744
5510.33,0.37601
5511.23,0.37317
5512.13,0.37475
5513.03,0.37485
5513.93,0.37622
5514.83,0.37527
5515.73,0.37674
5516.63,0.37702
5517.53,0.37755
5518.43,0.37953
5519.33,0.38221
5520.23,0.38306
5521.13,0.38387
5522.03,0.38326
5522.93,0.3849
5523.83,0.38256
5524.73,0.38067
5525.63,0.37956
5526.54,0.37747
5527.44,0.37637
5528.33,0.37552
5529.24,0.37584
5530.14,0.37541
5531.04,0.37499
5531.94,0.37669
5532.84,0.37786
5533.74,0.37672
5534.64,0.37876
5535.54,0.37918
5536.44,0.38069
5537.34,0.38172
5538.24,0.38189
5539.14,0.38396
5540.04,0.38397
5540.94,0.38518
5541.84,0.3836
5542.74,0.38448
5543.64,0.38374
5544.54,0.38468
5545.44,0.38329
5546.34,0.38507
5547.24,0.38418
5548.14,0.38522
5549.04,0.38629
5549.94,0.38528
5550.84,0.38664
5551.74,0.38533
5552.64,0.38575
5553.54,0.38379
5554.44,0.38481
5555.34,0.38343
5556.24,0.38262
5557.14,0.38288
5558.04,0.38343
5558.94,0.38258
5559.84,0.37865
5560.74,0.38213
5561.64,0.37927
5562.54,0.37879
5563.44,0.37787
5564.34,0.37765
5565.25,0.37698
5566.15,0.37476
5567.05,0.37604
5567.95,0.37589
5568.85,0.37564
5569.75,0.37418
5570.65,0.37295
5571.55,0.37342
5572.45,0.37309
5573.35,0.37364
5574.25,0.37365
5575.15,0.37481
5576.05,0.37427
5576.95,0.37446
5577.85,0.37657
5578.75,0.37622
5579.65,0.37875
5580.55,0.37773
5581.45,0.37711
5582.35,0.37838
5583.25,0.37655
5584.15,0.37468
5585.05,0.37248
5585.95,0.37101
5586.85,0.37006
5587.75,0.36625
5588.65,0.36394
5589.55,0.36451
5590.45,0.36233
5591.35,0.36412
5592.25,0.36345
5593.15,0.36567
5594.05,0.36482
5594.95,0.36691
5595.85,0.36774
5596.75,0.36967
5597.65,0.36779
5598.55,0.36901
5599.45,0.36874
5600.35,0.36886
5601.25,0.36934
5602.15,0.36724
5603.06,0.36976
5603.96,0.37108
5604.86,0.37211
5605.76,0.37447
5606.66,0.3768
5607.56,0.37898
5608.46,0.37973
5609.36,0.38142
5610.26,0.3826
5611.16,0.38234
5612.06,0.38182
5612.96,0.38185
5613.86,0.37954
5614.76,0.37687
5615.66,0.37598
5616.56,0.37281
5617.46,0.37204
5618.36,0.37317
5619.26,0.37287
5620.16,0.3728
5621.06,0.37401
5621.96,0.37659
5622.86,0.37557
5623.76,0.37504
5624.66,0.37539
5625.56,0.37664
5626.46,0.37643
5627.36,0.37739
5628.26,0.37633
5629.16,0.37687
5630.06,0.37968
5630.96,0.38033
5631.86,0.37931
5632.76,0.38127
5633.66,0.38055
5634.56,0.38047
5635.46,0.37902
5636.36,0.37888
5637.26,0.37719
5638.16,0.37663
5639.06,0.37615
5639.96,0.37446
5640.86,0.37751
5641.77,0.37609
5642.67,0.3756
5643.57,0.37574
5644.47,0.37647
5645.37,0.37721
5646.27,0.3787
5647.17,0.37807
5648.07,0.3789
5648.97,0.37836
5649.87,0.37993
5650.77,0.38185
5651.67,0.37942
5652.57,0.37933
5653.47,0.37909
5654.37,0.37743
5655.27,0.3767
5656.17,0.37505
5657.07,0.37366
5657.97,0.37225
5658.87,0.36942
5659.77,0.36779
5660.67,0.36895
5661.57,0.36809
5662.47,0.36777
5663.37,0.36936
5664.27,0.36904
5665.17,0.3727
5666.07,0.37367
5666.97,0.3723
5667.87,0.37458
5668.77,0.37544
5669.67,0.37484
5670.57,0.37493
5671.47,0.37683
5672.37,0.37827
5673.27,0.37888
5674.17,0.37873
5675.07,0.38207
5675.97,0.38076
5676.88,0.38054
5677.77,0.38014
5678.68,0.37942
5679.58,0.38029
5680.48,0.37901
5681.38,0.37763
5682.28,0.37802
5683.18,0.37704
5684.08,0.37485
5684.98,0.373
5685.88,0.37382
5686.78,0.37309
5687.68,0.37251
5688.58,0.37423
5689.48,0.37335
5690.38,0.37418
5691.28,0.37628
5692.18,0.37634
5693.08,0.37791
5693.98,0.37861
5694.88,0.38037
5695.78,0.37918
5696.68,0.37886
5697.58,0.37735
5698.48,0.37727
5699.38,0.37588
5700.28,0.37501
5701.18,0.37355
5702.08,0.37156
5702.98,0.37284
5703.88,0.37057
5704.78,0.37046
5705.68,0.36913
5706.58,0.36717
5707.48,0.368
5708.38,0.36455
5709.28,0.36561
5710.18,0.36438
5711.08,0.36361
5711.98,0.36402
5712.88,0.36675
5713.78,0.36762
5714.68,0.36952
5715.59,0.37202
5716.49,0.37146
5717.39,0.37483
5718.29,0.37814
5719.19,0.37718
5720.09,0.37913
5720.99,0.37888
5721.89,0.38026
5722.79,0.38053
5723.69,0.38105
5724.59,0.38037
5725.49,0.37988
5726.39,0.37923
5727.29,0.37851
5728.19,0.37889
5729.09,0.37856
5729.99,0.37719
5730.89,0.37962
5731.79,0.37782
5732.69,0.37852
5733.59,0.3789
5734.49,0.37876
5735.39,0.37831
5736.29,0.37914
5737.19,0.37812
5738.09,0.38058
5738.99,0.38002
5739.89,0.38011
5740.79,0.37893
5741.69,0.37791
5742.59,0.37897
5743.49,0.3791
5744.39,0.3793
5745.29,0.37841
5746.19,0.37934
5747.09,0.37793
5747.99,0.37872
5748.89,0.37841
5749.79,0.37786
5750.69,0.37692
5751.59,0.37678
5752.5,0.37485
5753.4,0.37618
5754.3,0.37468
5755.2,0.37413
5756.1,0.37484
5757.0,0.3743
5757.9,0.37539
5758.8,0.37563
5759.7,0.37766
5760.6,0.37661
5761.5,0.37765
5762.4,0.37569
5763.3,0.37629
5764.2,0.37576
5765.1,0.37666
5766.0,0.37488
5766.9,0.37723
5767.8,0.37944
5768.7,0.37884
5769.6,0.37959
5770.5,0.37952
5771.4,0.37916
5772.3,0.37913
5773.2,0.37846
5774.1,0.37748
5775.0,0.37852
5775.9,0.37735
5776.8,0.37673
5777.7,0.37621
5778.6,0.37458
5779.5,0.37461
5780.4,0.37199
5781.3,0.37291
5782.2,0.37126
5783.1,0.36945
5784.0,0.36994
5784.9,0.36832
5785.8,0.36987
5786.7,0.36909
5787.6,0.37104
5788.5,0.37143
5789.41,0.37277
5790.31,0.37267
5791.21,0.37225
5792.11,0.37343
5793.01,0.37414
5793.91,0.37612
5794.81,0.3764
5795.71,0.37424
5796.61,0.3756
5797.51,0.37792
5798.41,0.37603
5799.31,0.37777
5800.21,0.37819
5801.11,0.37795
5802.01,0.37913
5802.91,0.37832
5803.81,0.37853
5804.71,0.3792
5805.61,0.3784
5806.51,0.37696
5807.41,0.37832
5808.31,0.37698
5809.21,0.37717
5810.11,0.37795
5811.01,0.37832
5811.91,0.37885
5812.81,0.37961
5813.71,0.3796
5814.61,0.37975
5815.51,0.37993
5816.41,0.3788
5817.31,0.37993
5818.21,0.38037
5819.11,0.38029
5820.01,0.38105
5820.91,0.38105
5821.81,0.38052
5822.71,0.38245
5823.61,0.38228
5824.51,0.38145
5825.41,0.38196
5826.31,0.38091
5827.22,0.38315
5828.12,0.38176
5829.02,0.3813
5829.92,0.38382
5830.82,0.38245
5831.72,0.38287
5832.62,0.38228
5833.52,0.38006
5834.42,0.38241
5835.32,0.38066
5836.22,0.38345
5837.12,0.38177
5838.02,0.38084
5838.92,0.38053
5839.82,0.3796
5840.72,0.38084
5841.62,0.38011
5842.52,0.38212
5843.42,0.38094
5844.32,0.38017
5845.22,0.38038
5846.12,0.38046
5847.02,0.37866
5847.92,0.37933
5848.82,0.37606
5849.72,0.3762
5850.62,0.37542
5851.52,0.37513
5852.42,0.37564
5853.32,0.37247
5854.22,0.37213
5855.12,0.36997
5856.02,0.36908
5856.92,0.36933
5857.82,0.36736
5858.72,0.36735
5859.62,0.36815
5860.52,0.3677
5861.42,0.36831
5862.32,0.36799
5863.23,0.37025
5864.12,0.37058
5865.03,0.37055
5865.93,0.37232
5866.83,0.37366
5867.73,0.3742
5868.63,0.3739
5869.53,0.37397
5870.43,0.37567
5871.33,0.37679
5872.23,0.37652
5873.13,0.37694
5874.03,0.37551
5874.93,0.37628
5875.83,0.37585
5876.73,0.37511
5877.63,0.37615
5878.53,0.37392
5879.43,0.37511
5880.33,0.37468
5881.23,0.37303
5882.13,0.37054
5883.03,0.37026
5883.93,0.36889
5884.83,0.36603
5885.73,0.36475
5886.63,0.36125
5887.53,0.35691
5888.43,0.35366
5889.33,0.34993
5890.23,0.3473
5891.13,0.34235
5892.03,0.34124
5892.93,0.33879
5893.83,0.34008
5894.73,0.33752
5895.63,0.33972
5896.53,0.3415
5897.43,0.34293
5898.33,0.34485
5899.23,0.34793
5900.13,0.35164
5901.04,0.3541
5901.94,0.35878
5902.83,0.36043
5903.74,0.36326
5904.64,0.36438
5905.54,0.366
5906.44,0.36753
5907.34,0.3683
5908.24,0.36874
5909.14,0.369
5910.04,0.37109
5910.94,0.37012
5911.84,0.36858
5912.74,0.36824
5913.64,0.36741
5914.54,0.3656
5915.44,0.36591
5916.34,0.3661
5917.24,0.3658
5918.14,0.36697
5919.04,0.36708
5919.94,0.36599
5920.84,0.36746
5921.74,0.36855
5922.64,0.3677
5923.54,0.36802
5924.44,0.36871
5925.34,0.36931
5926.24,0.36868
5927.14,0.36791
5928.04,0.3681
5928.94,0.36864
5929.84,0.36879
5930.74,0.37025
5931.64,0.36813
5932.54,0.36892
5933.44,0.36823
5934.34,0.3683
5935.24,0.36929
5936.14,0.36934
5937.04,0.36918
5937.94,0.36939
5938.85,0.36906
5939.75,0.36909
5940.65,0.36916
5941.55,0.36797
5942.45,0.36998
5943.35,0.36955
5944.25,0.369
5945.15,0.36993
5946.05,0.36853
5946.95,0.36955
5947.85,0.36839
5948.75,0.36755
5949.65,0.36713
5950.55,0.36601
5951.45,0.36691
5952.35,0.36633
5953.25,0.36682
5954.15,0.36686
5955.05,0.36824
5955.95,0.36742
5956.85,0.3686
5957.75,0.3682
5958.65,0.36877
5959.55,0.36857
5960.45,0.37099
5961.35,0.36976
5962.25,0.37144
5963.15,0.37116
5964.05,0.37169
5964.95,0.37194
5965.85,0.37194
5966.75,0.37269
5967.65,0.37257
5968.55,0.37269
5969.45,0.37401
5970.35,0.37318
5971.25,0.3714
5972.15,0.37373
5973.05,0.37227
5973.95,0.3705
5974.85,0.37169
5975.75,0.37217
5976.65,0.37055
5977.56,0.37003
5978.46,0.37013
5979.36,0.36927
5980.26,0.37004
5981.16,0.36916
5982.06,0.36823
5982.96,0.3686
5983.86,0.37028
5984.76,0.36866
5985.66,0.36695
5986.56,0.36797
5987.46,0.36792
5988.36,0.36833
5989.26,0.3692
5990.16,0.36828
5991.06,0.36934
5991.96,0.3679
5992.86,0.36834
5993.76,0.36969
5994.66,0.37098
5995.56,0.37086
5996.46,0.37008
5997.36,0.36967
5998.26,0.36973
5999.16,0.36951
6000.06,0.3704
6000.96,0.36962
6001.86,0.36758
6002.76,0.36822
6003.66,0.36771
6004.56,0.36793
6005.46,0.36792
6006.36,0.36581
6007.26,0.36509
6008.16,0.36549
6009.06,0.364
6009.96,0.36585
6010.86,0.36687
6011.76,0.36605
6012.67,0.36698
6013.56,0.3672
6014.47,0.36552
6015.37,0.36717
6016.27,0.36581
6017.17,0.36521
6018.07,0.36655
6018.97,0.3636
6019.87,0.36511
6020.77,0.36469
6021.67,0.36369
6022.57,0.36462
6023.47,0.3639
6024.37,0.36483
6025.27,0.36412
6026.17,0.36534
6027.07,0.36461
6027.97,0.36648
6028.87,0.36735
6029.77,0.36864
6030.67,0.36867
6031.57,0.36942
6032.47,0.37067
6033.37,0.36973
6034.27,0.36984
6035.17,0.37141
6036.07,0.37082
6036.97,0.37166
6037.87,0.37298
6038.77,0.37248
6039.67,0.36982
6040.57,0.37321
6041.47,0.37274
6042.37,0.37218
6043.27,0.37164
6044.17,0.37095
6045.07,0.37158
6045.97,0.37316
6046.87,0.3733
6047.77,0.3725
6048.67,0.3727
6049.57,0.37344
6050.47,0.37258
6051.38,0.3729
6052.28,0.37196
6053.18,0.37217
6054.08,0.37123
6054.98,0.37187
6055.88,0.37113
6056.78,0.37029
6057.68,0.37029
6058.58,0.37038
6059.48,0.37063
6060.38,0.36896
6061.28,0.36883
6062.18,0.36801
6063.08,0.36875
6063.98,0.36811
6064.88,0.36693
6065.78,0.36788
6066.68,0.36662
6067.58,0.36678
6068.48,0.36892
6069.38,0.36968
6070.28,0.36994
6071.18,0.37114
6072.08,0.37096
6072.98,0.37201
6073.88,0.37259
6074.78,0.37298
6075.68,0.37317
6076.58,0.37226
6077.48,0.37135
6078.38,0.36973
6079.28,0.37112
6080.18,0.36901
6081.08,0.36887
6081.98,0.36624
6082.88,0.36798
6083.78,0.36597
6084.68,0.36615
6085.58,0.36614
6086.48,0.36527
6087.38,0.36358
6088.28,0.36551
6089.19,0.36533
6090.09,0.36657
6090.99,0.36735
6091.89,0.36517
6092.79,0.36742
6093.69,0.36609
6094.59,0.36682
6095.49,0.36731
6096.39,0.3674
6097.29,0.36638
6098.19,0.36733
6099.09,0.36636
6099.99,0.36524
6100.89,0.36403
6101.79,0.36464
6102.69,0.36334
6103.59,0.36107
6104.49,0.36103
6105.39,0.3604
6106.29,0.36115
6107.19,0.36319
6108.09,0.36464
6108.99,0.36434
6109.89,0.36521
6110.79,0.36561
6111.69,0.36632
6112.59,0.3663
6113.49,0.36735
6114.39,0.36844
6115.29,0.36845
6116.19,0.36728
6117.09,0.36751
6117.99,0.36661
6118.89,0.36586
6119.79,0.36425
6120.69,0.36311
6121.59,0.36119
6122.49,0.36103
6123.39,0.36136
6124.29,0.36039
6125.19,0.35947
6126.1,0.36155
6127.0,0.36057
6127.9,0.36172
6128.8,0.36287
6129.7,0.36345
6130.6,0.36399
6131.5,0.36369
6132.4,0.36206
6133.3,0.36125
6134.2,0.36102
6135.1,0.35888
6136.0,0.35789
6136.9,0.35822
6137.8,0.35523
6138.7,0.35427
6139.6,0.35306
6140.5,0.35425
6141.4,0.35498
6142.3,0.35511
6143.2,0.35497
6144.1,0.35793
6145.0,0.35956
6145.9,0.36006
6146.8,0.36159
6147.7,0.36189
6148.6,0.36194
6149.5,0.36363
6150.4,0.36356
6151.3,0.36305
6152.2,0.36386
6153.1,0.3645
6154.0,0.36275
6154.9,0.36183
6155.8,0.36385
6156.7,0.36216
6157.6,0.36023
6158.5,0.35885
6159.4,0.35739
6160.3,0.355
6161.2,0.35426
6162.1,0.35226
6163.01,0.35049
6163.91,0.34908
6164.81,0.34912
6165.71,0.34666
6166.61,0.3458
6167.51,0.34708
6168.41,0.3485
6169.31,0.34682
6170.21,0.34732
6171.11,0.34905
6172.01,0.34957
6172.91,0.35208
6173.81,0.35247
6174.71,0.35307
6175.61,0.35565
6176.51,0.35525
6177.41,0.35644
6178.31,0.35657
6179.21,0.35898
6180.11,0.35868
6181.01,0.36031
6181.91,0.35898
6182.81,0.35903
6183.71,0.35938
6184.61,0.3613
6185.51,0.36024
6186.41,0.35828
6187.31,0.35853
6188.21,0.35701
6189.11,0.35647
6190.01,0.35448
6190.91,0.35425
6191.81,0.35541
6192.71,0.35268
6193.61,0.35244
6194.51,0.3534
6195.41,0.3547
6196.31,0.35413
6197.21,0.35635
6198.11,0.35634
6199.01,0.3566
6199.92,0.35709
6200.82,0.35865
6201.72,0.35865
6202.62,0.35836
6203.52,0.35905
6204.42,0.35803
6205.32,0.35936
6206.22,0.35957
6207.12,0.36074
6208.02,0.35989
6208.92,0.35854
6209.82,0.35947
6210.72,0.35813
6211.62,0.35756
6212.52,0.35494
6213.42,0.35473
6214.32,0.35436
6215.22,0.35354
6216.12,0.35195
6217.02,0.35062
6217.92,0.35072
6218.82,0.34998
6219.72,0.35002
6220.62,0.35115
6221.52,0.35212
6222.42,0.35189
6223.32,0.3521
6224.22,0.3528
6225.12,0.35248
6226.02,0.35207
6226.92,0.3529
6227.82,0.35219
6228.72,0.35237
6229.62,0.35141
6230.52,0.35002
6231.42,0.34925
6232.32,0.34951
6233.22,0.34879
6234.12,0.34905
6235.02,0.34916
6235.92,0.34996
6236.83,0.35047
6237.73,0.35085
6238.63,0.35088
6239.53,0.351
6240.43,0.35146
6241.33,0.35114
6242.23,0.34971
6243.13,0.34874
6244.03,0.34935
6244.93,0.3493
6245.83,0.34947
6246.73,0.34741
6247.63,0.3476
6248.53,0.34914
6249.43,0.3482
6250.33,0.34748
6251.23,0.34871
6252.13,0.34667
6253.03,0.34661
6253.93,0.3452
6254.83,0.34587
6255.73,0.34372
6256.63,0.34327
6257.53,0.34228
6258.43,0.34251
6259.33,0.34382
6260.23,0.34446
6261.13,0.34441
6262.03,0.34566
6262.93,0.34618
6263.83,0.34832
6264.73,0.35065
6265.63,0.34907
6266.53,0.35042
6267.43,0.35193
6268.33,0.35208
6269.23,0.35288
6270.13,0.35296
6271.03,0.35338
6271.93,0.35349
6272.83,0.35417
6273.73,0.3555
6274.64,0.3544
6275.54,0.35374
6276.44,0.35465
6277.34,0.35362
6278.24,0.35418
6279.14,0.35397
6280.04,0.35424
6280.94,0.35297
6281.84,0.3524
6282.74,0.35535
6283.64,0.35306
6284.54,0.35385
6285.44,0.35266
6286.34,0.35361
6287.24,0.3552
6288.14,0.35583
6289.04,0.35562
6289.94,0.35638
6290.84,0.3566
6291.74,0.35624
6292.64,0.35568
6293.54,0.35426
6294.44,0.35514
6295.34,0.35306
6296.24,0.35214
6297.14,0.3523
6298.04,0.3504
6298.94,0.35096
6299.84,0.34946
6300.74,0.34962
6301.64,0.34952
6302.54,0.34841
6303.44,0.34998
6304.34,0.34921
6305.24,0.3519
6306.14,0.3518
6307.04,0.35334
6307.94,0.35427
6308.84,0.35353
6309.74,0.35433
6310.64,0.35378
6311.54,0.35438
6312.45,0.35549
6313.35,0.35381
6314.25,0.35256
6315.15,0.35069
6316.05,0.34937
6316.95,0.3491
6317.85,0.34903
6318.75,0.34806
6319.65,0.34881
6320.55,0.34927
6321.45,0.35121
6322.35,0.35193
6323.25,0.35179
6324.15,0.35296
6325.05,0.35223
6325.95,0.35413
6326.85,0.35381
6327.75,0.35267
6328.65,0.355
6329.55,0.35381
6330.45,0.35522
6331.35,0.35508
6332.25,0.35484
6333.15,0.35451
6334.05,0.35349
6334.95,0.35255
6335.85,0.35208
6336.75,0.35247
6337.65,0.3517
6338.55,0.35157
6339.45,0.35111
6340.35,0.35232
6341.25,0.35274
6342.15,0.35292
6343.05,0.35296
6343.95,0.35464
6344.85,0.35306
6345.75,0.35428
6346.65,0.35508
6347.55,0.35382
6348.46,0.35421
6349.35,0.35493
6350.26,0.35524
6351.16,0.35548
6352.06,0.35511
6352.96,0.35323
6353.86,0.35289
6354.76,0.35328
6355.66,0.35125
6356.56,0.35172
6357.46,0.35152
6358.36,0.35026
6359.26,0.3501
6360.16,0.34789
6361.06,0.34822
6361.96,0.34753
6362.86,0.34801
6363.76,0.34911
6364.66,0.34888
6365.56,0.34869
6366.46,0.35001
6367.36,0.35049
6368.26,0.35178
6369.16,0.35186
6370.06,0.35224
6370.96,0.35284
6371.86,0.35246
6372.76,0.35427
6373.66,0.35322
6374.56,0.35327
6375.46,0.35387
6376.36,0.35422
6377.26,0.35449
6378.16,0.35301
6379.06,0.35396
6379.96,0.35354
6380.86,0.35336
6381.76,0.35182
6382.66,0.35241
6383.56,0.35328
6384.46,0.35229
6385.36,0.35112
6386.27,0.35244
6387.17,0.35364
6388.07,0.3528
6388.97,0.35182
6389.87,0.35222
6390.77,0.35112
6391.67,0.35026
6392.57,0.35101
6393.47,0.35014
6394.37,0.35079
6395.27,0.34847
6396.17,0.34914
6397.07,0.34688
6397.97,0.34764
6398.87,0.34888
6399.77,0.34813
6400.67,0.34777
6401.57,0.34937
6402.47,0.34995
6403.37,0.35049
6404.27,0.34895
6405.17,0.35032
6406.07,0.35133
6406.97,0.35226
6407.87,0.35061
6408.77,0.35145
6409.67,0.3506
6410.57,0.35165
6411.47,0.35061
6412.37,0.34992
6413.27,0.35045
6414.17,0.34964
6415.07,0.35087
6415.97,0.35108
6416.87,0.35006
6417.77,0.35126
6418.67,0.34971
6419.57,0.35017
6420.47,0.34921
6421.37,0.3503
6422.27,0.34998
6423.17,0.35017
6424.08,0.3528
6424.98,0.35085
6425.88,0.35213
6426.78,0.35269
6427.68,0.35252
6428.58,0.35289
6429.48,0.35359
6430.38,0.35079
6431.28,0.3525
6432.18,0.3516
6433.08,0.35072
6433.98,0.35014
6434.88,0.3504
6435.78,0.35104
6436.68,0.34959
6437.58,0.34883
6438.48,0.34916
6439.38,0.35071
6440.28,0.34828
6441.18,0.35048
6442.08,0.35111
6442.98,0.35093
6443.88,0.35247
6444.78,0.35117
6445.68,0.35299
6446.58,0.35291
6447.48,0.35201
6448.38,0.35151
6449.28,0.35115
6450.18,0.34987
6451.08,0.34937
6451.98,0.34912
6452.88,0.34824
6453.78,0.34939
6454.68,0.34652
6455.58,0.34739
6456.48,0.3488
6457.38,0.3478
6458.28,0.34836
6459.18,0.34767
6460.08,0.3483
6460.98,0.34637
6461.89,0.34706
6462.79,0.34601
6463.69,0.34617
6464.59,0.34693
6465.49,0.34567
6466.39,0.34583
6467.29,0.34635
6468.19,0.34679
6469.09,0.34763
6469.99,0.34804
6470.89,0.3479
6471.79,0.34751
6472.69,0.34924
6473.59,0.34636
6474.49,0.34792
6475.39,0.34842
6476.29,0.34569
6477.19,0.34913
6478.09,0.34823
6478.99,0.34689
6479.89,0.34636
6480.79,0.3478
6481.69,0.34659
6482.59,0.34585
6483.49,0.34526
6484.39,0.34549
6485.29,0.34645
6486.19,0.34505
6487.09,0.34619
6487.99,0.34627
6488.89,0.34362
6489.79,0.34346
6490.69,0.34064
6491.59,0.33987
6492.49,0.33832
6493.39,0.33587
6494.29,0.33472
6495.19,0.33097
6496.09,0.33112
6496.99,0.33035
6497.9,0.32831
6498.79,0.32855
6499.7,0.32977
6500.6,0.33071
6501.5,0.33336
6502.4,0.33514
6503.3,0.33669
6504.2,0.33964
6505.1,0.34164
6506.0,0.34184
6506.9,0.34373
6507.8,0.34379
6508.7,0.34346
6509.6,0.34441
6510.5,0.34501
6511.4,0.34459
6512.3,0.34477
6513.2,0.34461
6514.1,0.34354
6515.0,0.34309
6515.9,0.34326
6516.8,0.34158
6517.7,0.34229
6518.6,0.34208
6519.5,0.34251
6520.4,0.3417
6521.3,0.34282
6522.2,0.34284
6523.1,0.342
6524.0,0.34299
6524.9,0.34271
6525.8,0.3434
6526.7,0.34332
6527.6,0.34399
6528.5,0.34355
6529.4,0.34443
6530.3,0.34268
6531.2,0.34295
6532.1,0.34249
6533.0,0.34286
6533.9,0.3419
6534.8,0.34247
6535.71,0.34218
6536.61,0.34143
6537.51,0.34313
6538.41,0.34292
6539.31,0.34198
6540.21,0.34319
6541.11,0.33952
6542.01,0.34005
6542.91,0.34023
6543.81,0.3389
6544.71,0.33764
6545.61,0.33769
6546.51,0.3358
6547.41,0.33602
6548.31,0.33461
6549.21,0.33365
6550.11,0.33335
6551.01,0.33195
6551.91,0.33191
6552.81,0.32994
6553.71,0.3287
6554.61,0.32553
6555.51,0.32349
6556.41,0.32033
6557.31,0.31664
6558.21,0.31147
6559.11,0.30569
6560.01,0.30066
6560.91,0.29451
6561.81,0.29111
6562.71,0.28583
6563.61,0.28181
6564.51,0.28054
6565.41,0.2808
6566.31,0.28383
6567.21,0.28894
6568.11,0.29379
6569.01,0.29842
6569.91,0.30498
6570.81,0.31061
6571.71,0.31556
6572.61,0.31847
6573.52,0.32243
6574.42,0.32439
6575.32,0.3258
6576.22,0.32918
6577.12,0.32983
6578.02,0.33127
6578.92,0.33274
6579.82,0.33285
6580.72,0.33474
6581.62,0.33568
6582.52,0.33546
6583.42,0.33558
6584.32,0.33802
6585.22,0.33757
6586.12,0.33664
6587.02,0.338
6587.92,0.33681
6588.82,0.33609
6589.72,0.33671
6590.62,0.33684
6591.52,0.33662
6592.42,0.33548
6593.32,0.33454
6594.22,0.33474
6595.12,0.33463
6596.02,0.3329
6596.92,0.33459
6597.82,0.33586
6598.72,0.33508
6599.62,0.33709
6600.52,0.33681
6601.42,0.3385
6602.32,0.33975
6603.22,0.33935
6604.12,0.33776
6605.02,0.3383
6605.92,0.33946
6606.82,0.33783
6607.72,0.33867
6608.62,0.33925
6609.52,0.33874
6610.43,0.33833
6611.33,0.33854
6612.23,0.34063
6613.13,0.3392
6614.03,0.3401
6614.93,0.34018
6615.83,0.33978
6616.73,0.34143
6617.63,0.34073
6618.53,0.34144
6619.43,0.34162
6620.33,0.3428
6621.23,0.34163
6622.13,0.34107
6623.03,0.3408
6623.93,0.34152
6624.83,0.34125
6625.73,0.34223
6626.63,0.34064
6627.53,0.34107
6628.43,0.34025
6629.33,0.33966
6630.23,0.33927
6631.13,0.33812
6632.03,0.33794
6632.93,0.33922
6633.83,0.33896
6634.73,0.33898
6635.63,0.33688
6636.53,0.33834
6637.43,0.33883
6638.33,0.33817
6639.23,0.34029
6640.13,0.33875
6641.03,0.33972
6641.93,0.33844
6642.83,0.33846
6643.73,0.33856
6644.63,0.33889
6645.53,0.33872
6646.43,0.33782
6647.34,0.33781
6648.24,0.33919
6649.14,0.33844
6650.04,0.33943
6650.94,0.34052
6651.84,0.33976
6652.74,0.33964
6653.64,0.34096
6654.54,0.34105
6655.44,0.34097
6656.34,0.34154
6657.24,0.33971
6658.14,0.33879
6659.04,0.33867
6659.94,0.33797
6660.84,0.33829
6661.74,0.33685
6662.64,0.33688
6663.54,0.33689
6664.44,0.33527
6665.34,0.33691
6666.24,0.33678
6667.14,0.33803
6668.04,0.33731
6668.94,0.33661
6669.84,0.33675
6670.74,0.33794
6671.64,0.33748
6672.54,0.33769
6673.44,0.33812
6674.34,0.33782
6675.24,0.33742
6676.14,0.33642
6677.04,0.33541
6677.94,0.33568
6678.84,0.3351
6679.74,0.33558
6680.64,0.33516
6681.54,0.33389
6682.44,0.33425
6683.34,0.33423
6684.24,0.3358
6685.15,0.33526
6686.05,0.33683
6686.95,0.33798
6687.85,0.33752
6688.75,0.33816
6689.65,0.33697
6690.55,0.33774
6691.45,0.33675
6692.35,0.33771
6693.25,0.33803
6694.15,0.33768
6695.05,0.33727
6695.95,0.33725
6696.85,0.3358
6697.75,0.33641
6698.65,0.33647
6699.55,0.33664
6700.45,0.33561
6701.35,0.33564
6702.25,0.33619
6703.15,0.33606
6704.05,0.33504
6704.95,0.33623
6705.85,0.33613
6706.75,0.33523
6707.65,0.33458
6708.55,0.33568
6709.45,0.33364
6710.35,0.33531
6711.25,0.33335
6712.15,0.33458
6713.05,0.33355
6713.95,0.3329
6714.85,0.33358
6715.75,0.33303
6716.65,0.33159
6717.55,0.33221
6718.45,0.33083
6719.35,0.33107
6720.25,0.33314
6721.16,0.32949
6722.06,0.33075
6722.96,0.3322
6723.86,0.33084
6724.76,0.3318
6725.66,0.33179
6726.56,0.33276
6727.46,0.3347
6728.36,0.33548
6729.26,0.33605
6730.16,0.33341
6731.06,0.33335
6731.96,0.33312
6732.86,0.33524
6733.76,0.33451
6734.66,0.33425
6735.56,0.33495
6736.46,0.33435
6737.36,0.33392
6738.26,0.33316
6739.16,0.3333
6740.06,0.33333
6740.96,0.33221
6741.86,0.33288
6742.76,0.33288
6743.66,0.332
6744.56,0.33224
6745.46,0.33136
6746.36,0.33115
6747.26,0.33164
6748.16,0.33094
6749.06,0.33052
6749.96,0.33075
6750.86,0.33015
6751.76,0.33111
6752.66,0.32973
6753.56,0.33078
6754.46,0.33119
6755.36,0.33206
6756.26,0.33139
6757.16,0.33162
6758.06,0.33244
6758.97,0.33411
6759.87,0.33434
6760.77,0.33239
6761.67,0.33497
6762.57,0.33315
6763.47,0.33379
6764.37,0.33358
6765.27,0.33164
6766.17,0.33231
6767.07,0.33143
6767.97,0.3312
6768.87,0.33119
6769.77,0.33171
6770.67,0.33188
6771.57,0.32937
6772.47,0.3316
6773.37,0.33082
6774.27,0.33062
6775.17,0.33174
6776.07,0.33182
6776.97,0.33262
6777.87,0.33153
6778.77,0.33334
6779.67,0.33284
6780.57,0.33384
6781.47,0.33206
6782.37,0.33391
6783.27,0.33121
6784.17,0.3312
6785.07,0.33284
6785.97,0.33088
6786.87,0.33205
6787.77,0.33198
6788.67,0.33022
6789.57,0.33214
6790.47,0.33081
6791.37,0.33134
6792.27,0.33122
6793.17,0.33213
6794.07,0.33037
6794.97,0.33212
6795.88,0.33109
6796.78,0.33069
6797.68,0.33149
6798.58,0.33195
6799.48,0.33131
6800.38,0.33203
6801.28,0.33127
6802.18,0.33188
6803.08,0.33207
6803.98,0.33207
6804.88,0.33274
6805.78,0.33145
6806.68,0.3315
6807.58,0.33174
6808.48,0.32937
6809.38,0.32979
6810.28,0.33089
6811.18,0.32987
6812.08,0.32947
6812.98,0.33058
6813.88,0.33002
6814.78,0.33132
6815.68,0.32888
6816.58,0.32936
6817.48,0.33034
6818.38,0.33008
6819.28,0.33077
6820.18,0.32962
6821.08,0.33141
6821.98,0.32902
6822.88,0.3315
6823.78,0.33262
6824.68,0.3311
6825.58,0.33206
6826.48,0.33118
6827.38,0.33158
6828.28,0.3311
6829.18,0.3307
6830.08,0.33079
6830.98,0.33154
6831.88,0.32933
6832.79,0.3316
6833.69,0.33021
6834.59,0.32972
6835.49,0.33065
6836.39,0.32985
6837.29,0.33034
6838.19,0.32925
6839.09,0.32751
6839.99,0.32906
6840.89,0.32964
6841.79,0.32718
6842.69,0.328
6843.59,0.32776
6844.49,0.32773
6845.39,0.32892
6846.29,0.327
6847.19,0.32791
6848.09,0.32836
6848.99,0.32732
6849.89,0.32735
6850.79,0.3292
6851.69,0.32791
6852.59,0.32834
6853.49,0.32855
6854.39,0.32926
6855.29,0.32668
6856.19,0.32737
6857.09,0.32801
6857.99,0.32784
6858.89,0.32737
6859.79,0.32646
6860.69,0.32725
6861.59,0.32719
6862.49,0.32621
6863.39,0.32637
6864.29,0.32656
6865.19,0.32885
6866.09,0.32724
6866.99,0.32851
6867.89,0.32839
6868.79,0.32793
6869.7,0.32724
6870.6,0.32768
6871.5,0.3284
6872.4,0.32748
6873.3,0.32826
6874.2,0.32731
6875.1,0.32688
6876.0,0.32776
6876.9,0.32791
6877.8,0.32864
6878.7,0.32747
6879.6,0.3279
6880.5,0.32836
6881.4,0.32869
6882.3,0.32804
6883.2,0.3285
6884.1,0.32896
6885.0,0.32909
6885.9,0.32755
6886.8,0.32697
6887.7,0.32709
6888.6,0.32789
6889.5,0.32961
6890.4,0.32895
6891.3,0.32827
6892.2,0.32915
6893.1,0.33029
6894.0,0.3285
6894.9,0.32821
6895.8,0.32884
6896.7,0.32866
6897.6,0.32938
6898.5,0.32882
6899.4,0.32861
6900.3,0.32974
6901.2,0.32847
6902.1,0.32835
6903.0,0.32898
6903.9,0.32911
6904.8,0.33008
6905.7,0.33033
6906.6,0.32873
6907.51,0.3287
6908.41,0.32965
6909.31,0.32966
6910.21,0.32975
6911.11,0.3276
6912.01,0.32628
6912.91,0.32813
6913.81,0.32718
6914.71,0.32823
6915.61,0.32607
6916.51,0.32572
6917.41,0.32615
6918.31,0.32598
6919.21,0.32593
6920.11,0.32623
6921.01,0.32757
6921.91,0.32704
6922.81,0.32627
6923.71,0.32807
6924.61,0.32747
6925.51,0.32622
6926.41,0.32901
6927.31,0.32901
6928.21,0.32853
6929.11,0.32799
6930.01,0.32812
6930.91,0.32793
6931.81,0.32899
6932.71,0.32681
6933.61,0.32744
6934.51,0.32673
6935.41,0.32814
6936.31,0.32784
6937.21,0.327
6938.11,0.32756
6939.01,0.32773
6939.91,0.32809
6940.81,0.32709
6941.71,0.32762
6942.61,0.32821
6943.52,0.32723
6944.42,0.32808
6945.31,0.32788
6946.22,0.3264
6947.12,0.32695
6948.02,0.32735
6948.92,0.32625
6949.82,0.32523
6950.72,0.32613
6951.62,0.32658
6952.52,0.32534
6953.42,0.32624
6954.32,0.32641
6955.22,0.3288
6956.12,0.32825
6957.02,0.32743
6957.92,0.32585
6958.82,0.32771
6959.72,0.32879
6960.62,0.32806
6961.52,0.32874
6962.42,0.32901
6963.32,0.32733
6964.22,0.32812
6965.12,0.32961
6966.02,0.3278
6966.92,0.32873
6967.82,0.32815
6968.72,0.32958
6969.62,0.32721
6970.52,0.32897
6971.42,0.32919
6972.32,0.32722
6973.22,0.32689
6974.12,0.32632
6975.02,0.32702
6975.92,0.32557
6976.82,0.32389
6977.72,0.3244
6978.62,0.32367
6979.52,0.32401
6980.42,0.32283
6981.33,0.32434
6982.23,0.32263
6983.12,0.32409
6984.03,0.32455
6984.93,0.3242
6985.83,0.32442
6986.73,0.32713
6987.63,0.32618
6988.53,0.32681
6989.43,0.32629
6990.33,0.32653
6991.23,0.32701
6992.13,0.3275
6993.03,0.32708
6993.93,0.32563
6994.83,0.32715
6995.73,0.32584
6996.63,0.32629
6997.53,0.32589
6998.43,0.32611
6999.33,0.32525
7000.23,0.32605
7001.13,0.32581
7002.03,0.32447
7002.93,0.32454
7003.83,0.3244
7004.73,0.32494
7005.63,0.32507
7006.53,0.32522
7007.43,0.32452
7008.33,0.32538
7009.23,0.32593
7010.13,0.3247
7011.03,0.32426
7011.93,0.32484
7012.83,0.32518
7013.73,0.32549
7014.63,0.32477
7015.53,0.32351
7016.43,0.32308
7017.33,0.32189
7018.23,0.32257
7019.14,0.32348
7020.04,0.32365
7020.94,0.32325
7021.84,0.32349
7022.74,0.32362
7023.64,0.3237
7024.54,0.32281
7025.44,0.32435
7026.34,0.32429
7027.24,0.32485
7028.14,0.32484
7029.04,0.32497
7029.94,0.32478
7030.84,0.324
7031.74,0.32361
7032.64,0.32502
7033.54,0.3244
7034.44,0.32429
7035.34,0.32385
7036.24,0.32527
7037.14,0.32481
7038.04,0.32421
7038.94,0.32455
7039.84,0.32475
7040.74,0.32585
7041.64,0.32602
7042.54,0.32608
7043.44,0.32672
7044.34,0.32729
7045.24,0.32785
7046.14,0.32789
7047.04,0.32837
7047.94,0.32887
7048.84,0.32839
7049.74,0.32827
7050.64,0.32719
7051.54,0.32732
7052.44,0.32641
7053.34,0.32502
7054.25,0.32513
7055.15,0.32446
7056.04,0.32447
7056.95,0.32417
7057.85,0.32314
7058.75,0.32279
7059.65,0.3237
7060.55,0.32298
7061.45,0.3235
7062.35,0.32316
7063.25,0.32257
7064.15,0.32336
7065.05,0.32186
7065.95,0.32302
7066.85,0.32269
7067.75,0.32313
7068.65,0.32248
7069.55,0.32415
7070.45,0.32449
7071.35,0.32313
7072.25,0.32385
7073.15,0.3243
7074.05,0.32446
7074.95,0.32536
7075.85,0.32657
7076.75,0.32276
7077.65,0.32444
7078.55,0.3242
7079.45,0.32512
7080.35,0.32447
7081.25,0.3239
7082.15,0.32255
7083.05,0.32256
7083.95,0.3196
7084.85,0.32062
7085.75,0.31841
7086.65,0.31963
7087.55,0.31689
7088.45,0.31663
7089.35,0.31575
7090.25,0.31584
7091.15,0.31438
7092.06,0.31463
7092.96,0.31488
7093.85,0.31559
7094.76,0.31518
7095.66,0.31454
7096.56,0.31501
7097.46,0.31526
7098.36,0.31502
7099.26,0.31569
7100.16,0.31767
7101.06,0.31681
7101.96,0.31637
7102.86,0.31798
7103.76,0.31804
7104.66,0.31945
7105.56,0.3187
7106.46,0.31851
7107.36,0.31975
7108.26,0.31917
7109.16,0.31719
7110.06,0.31879
7110.96,0.31827
7111.86,0.31972
7112.76,0.31883
7113.66,0.31944
7114.56,0.31918
7115.46,0.32043
7116.36,0.31958
7117.26,0.31947
7118.16,0.3186
7119.06,0.31885
7119.96,0.31901
7120.86,0.31866
7121.76,0.31833
7122.66,0.31895
7123.56,0.31909
7124.46,0.31833
7125.36,0.3165
7126.26,0.31617
7127.16,0.3172
7127.27,0.31692
7128.17,0.31529
7129.07,0.31506
7129.96,0.31552
7130.86,0.31588
7131.75,0.31423
7132.65,0.31622
7133.55,0.31505
7134.44,0.31469
7135.34,0.31548
7136.23,0.31726
7137.13,0.31438
7138.03,0.31624
7138.92,0.31601
7139.82,0.31645
7140.71,0.31665
7141.61,0.3157
7142.5,0.31611
7143.4,0.31728
7144.3,0.31562
7145.19,0.31431
7146.09,0.31435
7146.98,0.31548
7147.88,0.31434
7148.78,0.31435
7149.67,0.31495
7150.57,0.31491
7151.46,0.31447
7152.36,0.31454
7153.26,0.31537
7154.15,0.31569
7155.05,0.31641
7155.94,0.31713
7156.84,0.31703
7157.74,0.31729
7158.63,0.31814
7159.53,0.31752
7160.42,0.31902
7161.32,0.31747
7162.21,0.31929
7163.11,0.31815
7164.01,0.31921
7164.9,0.31787
7165.8,0.31809
7166.69,0.31992
7167.59,0.31832
7168.49,0.31924
7169.38,0.32059
7170.28,0.31968
7171.17,0.32117
7172.07,0.32187
7172.96,0.32124
7173.86,0.32131
7174.76,0.3211
7175.65,0.32195
7176.55,0.32042
7177.44,0.32269
7178.34,0.32047
7179.24,0.32101
7180.13,0.3202
7181.03,0.31822
7181.92,0.3189
7182.82,0.31865
7183.72,0.3178
7184.61,0.31894
7185.51,0.31807
7186.4,0.31834
7187.3,0.31748
7188.19,0.31639
7189.09,0.31635
7189.99,0.31624
7190.88,0.31666
7191.78,0.31642
7192.67,0.3159
7193.57,0.31834
7194.47,0.31779
7195.36,0.31917
7196.26,0.3178
7197.15,0.3191
7198.05,0.31815
7198.95,0.31771
7199.84,0.31855
7200.74,0.31634
7201.63,0.31798
7202.53,0.31747
7203.43,0.31739
7204.32,0.31784
7205.22,0.31646
7206.11,0.31734
7207.01,0.31649
7207.9,0.31556
7208.8,0.31594
7209.7,0.3171
7210.59,0.31679
7211.49,0.3169
7212.38,0.31807
7213.28,0.31841
7214.18,0.31872
7215.07,0.31837
7215.97,0.31877
7216.86,0.32043
7217.76,0.31982
7218.66,0.31996
7219.55,0.31989
7220.45,0.3211
7221.34,0.32101
7222.24,0.32098
7223.13,0.32039
7224.03,0.32024
7224.93,0.32217
7225.82,0.32178
7226.72,0.32154
7227.61,0.3219
7228.51,0.32068
7229.41,0.32256
7230.3,0.32328
7231.2,0.32284
7232.09,0.32274
7232.99,0.32297
7233.89,0.32234
7234.78,0.32292
7235.68,0.32339
7236.57,0.32273
7237.47,0.32281
7238.36,0.32282
7239.26,0.32174
7240.16,0.32048
7241.05,0.32175
7241.95,0.32133
7242.84,0.32202
7243.74,0.32088
7244.64,0.32015
7245.53,0.32041
7246.43,0.32023
7247.32,0.32135
7248.22,0.3201
7249.12,0.3205
7250.01,0.32042
7250.91,0.3195
7251.8,0.3201
7252.7,0.32006
7253.6,0.32159
7254.49,0.32083
7255.39,0.32206
7256.28,0.32155
7257.18,0.31943
7258.07,0.32032
7258.97,0.32045
7259.87,0.32081
7260.76,0.32129
7261.66,0.32138
7262.55,0.32128
7263.45,0.32103
7264.35,0.31974
7265.24,0.32006
7266.14,0.32133
7267.03,0.32256
7267.93,0.32147
7268.83,0.32071
7269.72,0.3225
7270.62,0.32299
7271.51,0.32321
7272.41,0.32209
7273.3,0.3224
7274.2,0.32249
7275.1,0.322
7275.99,0.32216
7276.89,0.32127
7277.78,0.32279
7278.68,0.32077
7279.58,0.32148
7280.47,0.32103
7281.37,0.32089
7282.26,0.31986
7283.16,0.31991
7284.06,0.31773
7284.95,0.31891
7285.85,0.31833
7286.74,0.31622
7287.64,0.31554
7288.53,0.31676
7289.43,0.31542
7290.33,0.31602
7291.22,0.317
7292.12,0.3157
7293.01,0.31526
7293.91,0.3168
7294.81,0.31834
7295.7,0.31822
7296.6,0.31938
7297.49,0.31846
7298.39,0.31869
7299.29,0.31902
7300.18,0.31909
7301.08,0.31945
7301.97,0.32092
7302.87,0.31885
7303.76,0.31838
7304.66,0.32045
7305.56,0.32128
7306.45,0.3198
7307.35,0.31999
7308.24,0.31806
7309.14,0.31832
7310.04,0.31843
7310.93,0.31784
7311.83,0.31796
7312.72,0.31863
7313.62,0.31893
7314.52,0.31924
7315.41,0.31966
7316.31,0.3182
7317.2,0.32094
7318.1,0.31906
7318.99,0.31762
7319.89,0.31757
7320.79,0.31941
7321.68,0.31661
7322.58,0.31729
7323.47,0.31774
7324.37,0.31649
7325.27,0.31649
7326.16,0.31631
7327.06,0.31706
7327.95,0.31564
7328.85,0.31633
7329.75,0.31729
7330.64,0.31809
7331.54,0.31846
7332.43,0.31738
7333.33,0.31699
7334.22,0.31919
7335.12,0.31939
7336.02,0.31875
7336.91,0.3195
7337.81,0.31884
7338.7,0.31926
7339.6,0.31998
7340.5,0.31882
7341.39,0.31926
7342.29,0.3186
7343.18,0.31908
7344.08,0.31865
7344.98,0.31821
7345.87,0.31823
7346.77,0.31782
7347.66,0.3171
7348.56,0.31845
7349.45,0.31747
7350.35,0.31631
7351.25,0.31746
7352.14,0.31637
7353.04,0.31676
7353.93,0.31337
7354.83,0.31449
7355.73,0.31398
7356.62,0.31364
7357.52,0.3154
7358.41,0.3143
7359.31,0.31331
7360.21,0.31359
7361.1,0.31418
7362.0,0.31428
7362.89,0.31349
7363.79,0.31392
7364.69,0.31336
7365.58,0.31438
7366.48,0.31524
7367.37,0.31499
7368.27,0.31535
7369.16,0.31512
7370.06,0.31531
7370.96,0.31586
7371.85,0.31561
7372.75,0.31522
7373.64,0.31644
7374.54,0.31708
7375.44,0.31591
7376.33,0.31706
7377.23,0.3159
7378.12,0.31649
7379.02,0.31458
7379.92,0.31586
7380.81,0.31441
7381.71,0.31444
7382.6,0.3142
7383.5,0.31484
7384.39,0.31264
7385.29,0.31298
7386.19,0.31193
7387.08,0.31218
7387.98,0.31045
7388.87,0.31025
7389.77,0.30986
7390.67,0.31041
7391.56,0.30896
7392.46,0.30981
7393.35,0.31163
7394.25,0.31041
7395.15,0.31037
7396.04,0.31154
7396.94,0.31088
7397.83,0.31077
7398.73,0.31136
7399.62,0.31083
7400.52,0.31116
7401.42,0.3117
7402.31,0.3121
7403.21,0.31057
7404.1,0.31084
7405.0,0.31025
7405.9,0.3098
7406.79,0.30923
7407.69,0.30917
7408.58,0.30856
7409.48,0.30718
7410.38,0.30679
7411.27,0.3058
7412.17,0.30295
7413.06,0.30212
7413.96,0.30185
7414.85,0.30181
7415.75,0.301
7416.65,0.30054
7417.54,0.30023
7418.44,0.30043
7419.33,0.30113
7420.23,0.30158
7421.13,0.30115
7422.02,0.30354
7422.92,0.30284
7423.81,0.30448
7424.71,0.30555
7425.6,0.30512
7426.5,0.30653
7427.4,0.3086
7428.29,0.30909
7429.19,0.31045
7431.68,0.31242
7434.18,0.3132
7436.67,0.31428
7439.17,0.31236
7441.66,0.31249
7444.16,0.31129
7446.66,0.31112
7449.15,0.31182
7451.65,0.31189
7454.14,0.31186
7456.64,0.31356
7459.13,0.31295
7461.63,0.31205
7464.12,0.312
7466.62,0.31178
7469.11,0.31254
7471.61,0.313
7474.1,0.3135
7476.6,0.31254
7479.09,0.3128
7481.59,0.31192
7484.08,0.3114
7486.58,0.31255
7489.07,0.31209
7491.57,0.31015
7494.06,0.30937
7496.56,0.31136
7499.05,0.31073
7501.55,0.30997
7504.04,0.31125
7506.54,0.31034
7509.03,0.30993
7511.53,0.3096
7514.02,0.30883
7516.52,0.30947
7519.01,0.31062
7521.51,0.31106
7524.0,0.31018
7526.5,0.30934
7528.99,0.30912
7531.49,0.30969
7533.99,0.31087
7536.48,0.31152
7538.98,0.31079
7541.47,0.31092
7543.97,0.311
7546.46,0.31109
7548.96,0.31078
7551.45,0.31
7553.95,0.3095
7556.44,0.30954
7558.94,0.30907
7561.43,0.30963
7563.93,0.3092
7566.42,0.31006
7568.92,0.30904
7571.41,0.30894
7573.91,0.3085
7576.4,0.30858
7578.9,0.30803
7581.39,0.30764
7583.89,0.30635
7586.38,0.30643
7588.88,0.30702
7591.37,0.30742
7593.87,0.30816
7596.36,0.30938
7598.86,0.30844
7601.35,0.30776
7603.85,0.3072
7606.34,0.30795
7608.84,0.30683
7611.33,0.30732
7613.83,0.30677
7616.33,0.30552
7618.82,0.30505
7621.32,0.30483
7623.81,0.30432
7626.31,0.30576
7628.8,0.30682
7631.3,0.30693
7633.79,0.30779
7636.29,0.30778
7638.78,0.30651
7641.28,0.30686
7643.77,0.30685
7646.27,0.30686
7648.76,0.30583
7651.26,0.30457
7653.75,0.30239
7656.25,0.30188
7658.74,0.29916
7661.24,0.29609
7663.73,0.29394
7666.23,0.29353
7668.72,0.29499
7671.22,0.29738
7673.71,0.30063
7676.21,0.30237
7678.7,0.30347
7681.2,0.30331
7683.69,0.30315
7686.19,0.30316
7688.69,0.30316
7691.18,0.30217
7693.68,0.30186
7696.17,0.29993
7698.67,0.29972
7701.16,0.29776
7703.66,0.2986
7706.15,0.29939
7708.65,0.30013
7711.14,0.30002
7713.64,0.2998
7716.13,0.29899
7718.63,0.29955
7721.12,0.29993
7723.62,0.30046
7726.11,0.30075
7728.61,0.30169
7731.1,0.30285
7733.6,0.30346
7736.09,0.30328
7738.59,0.30349
7741.08,0.30239
7743.58,0.30206
7746.07,0.30044
7748.57,0.29815
7751.06,0.29914
7753.56,0.29957
7756.05,0.3002
7758.55,0.30284
7761.04,0.3035
7763.54,0.30356
7766.03,0.3039
7768.53,0.30393
7771.03,0.30421
7773.52,0.30379
7776.02,0.30356
7778.51,0.30331
7781.01,0.30293
7783.5,0.30226
7786.0,0.30112
7788.49,0.30088
7790.99,0.29974
7793.48,0.29984
7795.98,0.30001
7798.47,0.29983
7800.97,0.29955
7803.46,0.29966
7805.96,0.29964
7808.45,0.30017
7810.95,0.30013
7813.44,0.30038
7815.94,0.3004
7818.43,0.30059
7820.93,0.30061
7823.42,0.30031
7825.92,0.30026
7828.41,0.29939
7830.91,0.29858
7833.4,0.29778
7835.9,0.29688
7838.39,0.2969
7840.89,0.29838
7843.38,0.29753
7845.88,0.29796
7848.38,0.29858
7850.87,0.29773
7853.37,0.29837
7855.86,0.29777
7858.36,0.29829
7860.85,0.29815
7863.35,0.2987
7865.84,0.29856
7868.34,0.29843
7870.83,0.29667
7873.33,0.29762
7875.82,0.29784
7878.32,0.29692
7880.81,0.29748
7883.31,0.29744
7885.8,0.29691
7888.3,0.29686
7890.79,0.29663
7893.29,0.29662
7895.78,0.29657
7898.28,0.29632
7900.77,0.2957
7903.27,0.29521
7905.76,0.29537
7908.26,0.29456
7910.75,0.29327
7913.25,0.29277
7915.74,0.29172
7918.24,0.29145
7920.73,0.29157
7923.23,0.29288
7925.73,0.293
7928.22,0.29249
7930.71,0.29207
7933.21,0.29128
7935.71,0.29083
7938.2,0.28925
7940.7,0.28889
7943.19,0.28777
7945.69,0.2875
7948.18,0.28822
7950.68,0.28945
7953.17,0.29063
7955.67,0.29115
7958.16,0.29166
7960.66,0.29188
7963.15,0.29225
7965.65,0.2923
7968.14,0.29171
7970.64,0.29184
7973.13,0.29154
7975.63,0.29177
7978.12,0.29095
7980.62,0.29098
7983.11,0.28976
7985.61,0.29003
7988.1,0.28969
7990.6,0.28902
7993.09,0.28891
7995.59,0.28858
7998.08,0.28755
8000.58,0.28859
8003.07,0.28793
8005.57,0.2885
8008.06,0.29044
8010.56,0.29126
8013.06,0.29158
8015.55,0.29191
8018.05,0.2908
8020.54,0.29072
8023.04,0.28941
8025.53,0.28898
8028.03,0.28875
8030.52,0.2876
8033.02,0.28825
8035.51,0.28934
8038.01,0.28983
8040.5,0.2891
8043.0,0.28812
8045.49,0.28717
8047.99,0.28535
8050.48,0.28513
8052.98,0.28576
8055.47,0.28724
8057.97,0.28762
8060.46,0.28786
8062.96,0.28764
8065.45,0.28773
8067.95,0.28677
8070.44,0.28583
8072.94,0.2854
8075.43,0.28487
8077.93,0.28517
8080.42,0.28467
8082.92,0.28587
8085.41,0.28506
8087.91,0.28429
8090.4,0.28511
8092.9,0.28398
8095.4,0.28372
8097.89,0.28409
8100.39,0.2838
8102.88,0.28471
8105.38,0.28467
8107.87,0.2847
8110.37,0.28474
8112.86,0.28474
8115.36,0.28424
8117.85,0.28288
8120.35,0.28379
8122.84,0.28365
8125.34,0.28442
8127.83,0.28504
8130.33,0.28394
8132.82,0.28431
8135.32,0.2844
8137.81,0.28316
8140.31,0.2839
8142.8,0.28514
8145.3,0.28434
8147.79,0.28378
8150.29,0.28369
8152.78,0.28316
8155.28,0.28374
8157.77,0.28373
8160.27,0.28312
8162.76,0.28308
8165.26,0.28357
8167.75,0.28298
8170.25,0.28246
8172.75,0.28258
8175.24,0.2833
8177.74,0.28223
8180.23,0.28069
8182.73,0.27976
8185.22,0.27827
8187.72,0.27774
8190.21,0.27814
8192.71,0.27822
8195.2,0.27652
8197.7,0.27628
8200.19,0.27711
8202.69,0.27735
8205.18,0.27897
8207.68,0.27884
8210.17,0.27884
8212.67,0.27988
8215.16,0.27958
8217.66,0.28039
8220.15,0.27962
8222.65,0.28025
8225.14,0.28074
8227.64,0.28163
8230.13,0.2816
8232.63,0.28199
8235.12,0.28227
8237.62,0.28079
8240.11,0.28059
8242.61,0.2804
8245.1,0.28013
8247.6,0.28034
8250.1,0.27965
8252.59,0.27977
8255.08,0.28012
8257.58,0.28048
8260.08,0.2807
8262.57,0.281
8265.07,0.28072
8267.56,0.28076
8270.06,0.28093
8272.55,0.28065
8275.05,0.28017
8277.54,0.28049
8280.04,0.28021
8282.53,0.28086
8285.03,0.28044
8287.52,0.28055
8290.02,0.27956
8292.51,0.27982
8295.01,0.27883
8297.5,0.27919
8300.0,0.27808
8302.49,0.27828
8304.99,0.27826
8307.48,0.27738
8309.98,0.27694
8312.47,0.27676
8314.97,0.27742
8317.46,0.27778
8319.96,0.27802
8322.46,0.27671
8324.95,0.27667
8327.44,0.27405
8329.94,0.27356
8332.43,0.2728
8334.93,0.2737
8337.43,0.27369
8339.92,0.27386
8342.42,0.27515
8344.91,0.27523
8347.41,0.27566
8349.9,0.27574
8352.4,0.27567
8354.89,0.27543
8357.39,0.27603
8359.88,0.27625
8362.38,0.27492
8364.87,0.27476
8367.37,0.27443
8369.86,0.27506
8372.36,0.27551
8374.85,0.27522
8377.35,0.27458
8379.84,0.27302
8382.34,0.2719
8384.83,0.27076
8387.33,0.2696
8389.82,0.2705
8392.32,0.2713
8394.81,0.27217
8397.31,0.27345
8399.8,0.27451
8402.3,0.27461
8404.79,0.27483
8407.29,0.27495
8409.79,0.27431
8412.28,0.27424
8414.78,0.27358
8417.27,0.27312
8419.77,0.27297
8422.26,0.27176
8424.76,0.27172
8427.25,0.27137
8429.75,0.27019
8432.24,0.26976
8434.74,0.26881
8437.23,0.26832
8439.73,0.26873
8442.22,0.26961
8444.72,0.27143
8447.21,0.27288
8449.71,0.27307
8452.2,0.27375
8454.7,0.27287
8457.19,0.2732
8459.69,0.27236
8462.18,0.27173
8464.68,0.27015
8467.17,0.26892
8469.67,0.26839
8472.16,0.26807
8474.66,0.26846
8477.15,0.26932
8479.65,0.27091
8482.14,0.2713
8484.64,0.27136
8487.13,0.27023
8489.63,0.26862
8492.12,0.26388
8494.62,0.25912
8497.12,0.25361
8499.61,0.25004
8502.11,0.24968
8504.6,0.25283
8507.1,0.2576
8509.59,0.26104
8512.09,0.26228
8514.58,0.26307
8517.08,0.26325
8519.57,0.26382
8522.07,0.26507
8524.56,0.26536
8527.06,0.26499
8529.55,0.2642
8532.05,0.26122
8534.54,0.25565
8537.04,0.24548
8539.53,0.23432
8542.03,0.22472
8544.52,0.22049
8547.02,0.22498
8549.51,0.2333
8552.01,0.24395
8554.5,0.25224
8557.0,0.25917
8559.49,0.26214
8561.99,0.26372
8564.48,0.2645
8566.98,0.26549
8569.47,0.26519
8571.97,0.26538
8574.47,0.26586
8576.96,0.26638
8579.46,0.26582
8581.95,0.26552
8584.45,0.26475
8586.94,0.26486
8589.44,0.26509
8591.93,0.26448
8594.43,0.26329
8596.92,0.26294
8599.42,0.26195
8601.91,0.26191
8604.41,0.26309
8606.9,0.2628
8609.4,0.26219
8611.89,0.262
8614.39,0.26188
8616.88,0.26162
8619.38,0.26193
8621.87,0.26169
8624.37,0.26167
8626.86,0.26227
8629.36,0.26252
8631.85,0.26311
8634.35,0.26378
8636.84,0.26375
8639.34,0.26466
8641.83,0.2639
8644.33,0.26326
8646.83,0.26212
8649.32,0.26138
8651.82,0.25826
8654.31,0.25373
8656.8,0.24592
8659.3,0.23635
8661.8,0.22752
8664.29,0.22437
8666.79,0.22609
8669.28,0.23306
8671.78,0.24105
8674.27,0.24788
8676.77,0.25384
8679.26,0.25611
8681.76,0.25788
8684.25,0.25725
8686.75,0.25701
8689.24,0.25693
8691.74,0.25645
8694.23,0.25745
8696.73,0.2576
8699.22,0.25858
8701.72,0.25957
8704.21,0.26012
8706.71,0.2608
8709.2,0.26037
8711.7,0.25899
8714.19,0.25915
8716.69,0.25816
8719.18,0.25931
8721.68,0.26063
8724.17,0.26049
8726.67,0.26059
8729.17,0.2607
8731.66,0.26001
8734.16,0.25913
8736.65,0.25892
8739.15,0.25793
8741.64,0.25688
8744.14,0.25627
8746.63,0.25522
8749.13,0.25348
8751.62,0.25386
8754.12,0.25263
8756.61,0.25316
8759.11,0.25381
8761.6,0.25531
8764.1,0.25608
8766.59,0.25668
8769.09,0.25705
8771.58,0.25737
8774.08,0.25721
8776.57,0.25698
8779.07,0.25853
8781.56,0.25886
8784.06,0.25856
8786.55,0.25808
8789.05,0.25803
8791.54,0.25701
8794.04,0.25627
8796.53,0.25543
8799.03,0.25543
8801.52,0.25474
8804.02,0.25214
8806.51,0.25127
8809.01,0.2509
8811.5,0.25149
8814.0,0.25293
8816.5,0.25495
8818.99,0.25567
8821.49,0.25601
8823.98,0.2549
8826.48,0.25541
8828.97,0.25612
8831.47,0.2562
8833.96,0.25739
8836.46,0.25714
8838.95,0.25685
8841.45,0.25705
8843.94,0.25701
8846.44,0.2577
8848.93,0.25794
8851.43,0.25733
8853.92,0.25702
8856.42,0.25672
8858.91,0.25418
8861.41,0.25239
8863.9,0.25131
8866.4,0.25123
8868.89,0.2515
8871.39,0.2529
8873.88,0.2537
8876.38,0.25509
8878.87,0.25599
8881.37,0.25665
8883.87,0.2571
8886.36,0.2577
8888.86,0.25702
8891.35,0.25738
8893.84,0.25668
8896.34,0.25647
8898.84,0.25726
8901.33,0.25718
8903.83,0.25649
8906.32,0.25605
8908.82,0.25594
8911.31,0.25518
8913.81,0.25433
8916.3,0.25387
8918.8,0.2537
8921.29,0.25278
8923.79,0.25226
8926.28,0.2516
8928.78,0.25163
8931.27,0.25152
8933.77,0.25264
8936.26,0.25298
8938.76,0.25306
8941.25,0.25256
8943.75,0.25247
8946.24,0.25253
8948.74,0.25224
8951.23,0.25252
8953.73,0.25383
8956.22,0.25426
8958.72,0.25428
8961.21,0.2548
8963.71,0.25424
8966.2,0.25405
8968.7,0.25287
8971.2,0.25314
8973.69,0.25263
8976.19,0.25113
8978.68,0.25154
8981.18,0.2514
8983.67,0.25215
8986.17,0.25251
8988.66,0.25266
8991.16,0.25155
8993.65,0.25182
8996.15,0.25075
8998.64,0.24983
9001.14,0.24852
9003.63,0.24703
9006.13,0.24503
9008.62,0.24318
9011.12,0.24126
9013.61,0.2398
9016.11,0.23856
9018.6,0.23885
9021.1,0.23985
9023.59,0.24265
9026.09,0.24384
9028.58,0.24588
9031.08,0.24758
9033.57,0.24937
9036.07,0.24933
9038.56,0.25044
9041.06,0.25037
9043.55,0.25064
9046.05,0.25095
9048.54,0.25034
9051.04,0.25074
9053.54,0.25047
9056.03,0.24984
9058.53,0.24903
9061.02,0.2483
9063.52,0.24736
9066.01,0.24759
9068.51,0.24758
9071.0,0.2478
9073.5,0.24756
9075.99,0.24754
9078.49,0.24749
9080.98,0.24674
9083.48,0.245
9085.97,0.24371
9088.47,0.24235
9090.96,0.24208
9093.46,0.24187
9095.95,0.24261
9098.45,0.24415
9100.94,0.24546
9103.44,0.24577
9105.93,0.24625
9108.43,0.24582
9110.92,0.24603
9113.42,0.24464
9115.91,0.24477
9118.41,0.24485
9120.9,0.24453
9123.4,0.24486
9125.89,0.24564
9128.39,0.24573
9130.88,0.24642
9133.38,0.24566
9135.88,0.24487
9138.37,0.2451
9140.87,0.24404
9143.36,0.24231
9145.86,0.24232
9148.35,0.24218
9150.85,0.24289
9153.34,0.24237
9155.84,0.24265
9158.33,0.24294
9160.83,0.24278
9163.32,0.24234
9165.82,0.24144
9168.31,0.24051
9170.81,0.23983
9173.3,0.23986
9175.8,0.2401
9178.29,0.23977
9180.79,0.23996
9183.28,0.24
9185.78,0.24059
9188.27,0.24011
9190.77,0.24004
9193.26,0.23987
9195.76,0.24
9198.25,0.24027
9200.75,0.23955
9203.24,0.23931
9205.74,0.23937
9208.24,0.23869
9210.73,0.23755
9213.23,0.23702
9215.72,0.23638
9218.22,0.23542
9220.71,0.23518
9223.21,0.23542
9225.7,0.23418
9228.2,0.2335
9230.69,0.23231
9233.19,0.23259
9235.68,0.23353
9238.18,0.23463
9240.67,0.23564
9243.17,0.23589
9245.66,0.23687
9248.16,0.23686
9250.65,0.2363
9253.15,0.23617
9255.64,0.23599
9258.14,0.23525
9260.63,0.23567
9263.13,0.23631
9265.62,0.23728
9268.12,0.23804
9270.61,0.23832
9273.11,0.23806
9275.6,0.23761
9278.1,0.23716
9280.59,0.23656
9283.09,0.2359
9285.58,0.2359
9288.08,0.23481
9290.58,0.23527
9293.07,0.23521
9295.57,0.2349
9298.06,0.23508
9300.56,0.23529
9303.05,0.23466
9305.55,0.23494
9308.04,0.23494
9310.54,0.23515
9313.03,0.23514
9315.53,0.23503
9318.02,0.23512
9320.52,0.23482
9323.01,0.2345
9325.51,0.23532
9328.0,0.2356
9330.5,0.23548
9332.99,0.23566
9335.49,0.23558
9337.98,0.23553
9340.48,0.23512
9342.97,0.23508
9345.47,0.23511
9347.96,0.23431
9350.46,0.23387
9352.95,0.23292
9355.45,0.23236
9357.94,0.232
9360.44,0.23176
9362.93,0.23106
9365.43,0.23125
9367.92,0.23129
9370.42,0.23146
9372.92,0.23136
9375.41,0.2318
9377.91,0.23162
9380.4,0.23154
9382.9,0.2315
9385.39,0.23193
9387.89,0.23165
9390.38,0.23206
9392.88,0.23169
9395.37,0.23192
9397.87,0.23152
9400.36,0.23092
9402.86,0.2295
9405.35,0.22848
9407.85,0.22762
9410.34,0.22738
9412.84,0.2273
9415.33,0.22649
9417.83,0.22685
9420.32,0.22753
9422.82,0.22877
9425.31,0.22866
9427.81,0.22935
9430.3,0.22941
9432.8,0.229
9435.29,0.22862
9437.79,0.228
9440.28,0.22772
9442.78,0.22785
9445.27,0.2275
9447.77,0.22744
9450.27,0.22791
9452.76,0.22807
9455.25,0.22833
9457.75,0.2286
9460.25,0.2285
9462.74,0.22859
9465.24,0.22874
9467.73,0.22898
9470.23,0.22882
9472.72,0.22895
9475.22,0.22919
9477.71,0.22893
9480.21,0.22885
9482.7,0.22856
9485.2,0.22892
9487.69,0.22863
9490.19,0.22922
9492.68,0.22851
9495.18,0.22882
9497.67,0.22902
9500.17,0.22845
9502.66,0.22885
9505.16,0.22804
9507.65,0.22806
9510.15,0.22819
9512.64,0.22863
9515.14,0.22842
9517.63,0.2287
9520.13,0.22828
9522.62,0.22858
9525.12,0.22908
9527.61,0.2286
9530.11,0.22818
9532.61,0.22732
9535.1,0.22617
9537.6,0.22447
9540.09,0.22273
9542.59,0.22142
9545.08,0.22004
9547.58,0.21966
9550.07,0.21992
9552.57,0.22077
9555.06,0.22276
9557.56,0.22472
9560.05,0.22609
9562.55,0.22677
9565.04,0.22687
9567.54,0.22654
9570.03,0.22575
9572.53,0.22604
9575.02,0.22573
9577.52,0.22557
9580.01,0.22604
9582.51,0.22597
9585.0,0.22633
9587.5,0.22633
9589.99,0.22616
9592.49,0.22577
9594.98,0.22515
9597.48,0.22448
9599.97,0.22417
9602.47,0.22348
9604.96,0.22418
9607.46,0.22384
9609.96,0.2247
9612.45,0.22501
9614.95,0.22495
9617.44,0.22492
9619.94,0.22454
9622.43,0.22447
9624.93,0.22433
9627.42,0.22357
9629.92,0.22364
9632.41,0.2235
9634.91,0.22328
9637.4,0.2224
9639.9,0.22201
9642.39,0.22084
9644.89,0.22128
9647.38,0.22144
9649.88,0.22159
9652.37,0.22119
9654.87,0.22067
9657.36,0.22127
9659.86,0.22152
9662.35,0.22238
9664.85,0.22188
9667.34,0.22168
9669.84,0.22154
9672.33,0.22157
9674.83,0.22101
9677.32,0.22052
9679.82,0.22105
9682.31,0.22036
9684.81,0.22094
9687.3,0.22123
9689.8,0.22089
9692.29,0.22019
9694.79,0.22004
9697.29,0.22047
9699.78,0.22061
9702.28,0.21985
9704.77,0.21941
9707.27,0.22031
9709.76,0.21946
9712.26,0.21994
9714.75,0.22008
9717.25,0.22087
9719.74,0.22005
9722.24,0.21985
9724.73,0.21935
9727.23,0.21929
9729.72,0.21864
9732.22,0.21861
9734.71,0.2185
9737.21,0.21838
9739.7,0.21871
9742.2,0.2184
9744.69,0.21835
9747.19,0.21863
9749.68,0.21813
9752.18,0.21862
9754.67,0.21908
9757.17,0.21958
9759.66,0.21991
9762.16,0.21955
9764.65,0.2192
9767.15,0.2184
9769.64,0.21856
9772.14,0.21799
9774.64,0.21755
9777.13,0.21761
9779.63,0.21746
9782.12,0.21685
9784.62,0.21588
9787.11,0.21536
9789.61,0.21569
9792.1,0.21616
9794.6,0.21718
9797.09,0.21809
9799.59,0.21811
9802.08,0.21829
9804.58,0.21916
9807.07,0.21883
9809.57,0.21883
9812.06,0.21898
9814.56,0.21851
9817.05,0.21893
9819.55,0.21909
9822.04,0.219
9824.54,0.2191
9827.03,0.21827
9829.53,0.21856
9832.02,0.21829
9834.52,0.21821
9837.01,0.21847
9839.51,0.21854
9842.0,0.21818
9844.5,0.21831
9847.0,0.21826
9849.49,0.21802
9851.99,0.21823
9854.48,0.21817
9856.98,0.21755
9859.47,0.21754
9861.97,0.2175
9864.46,0.21772
9866.96,0.21749
9869.45,0.21729
9871.95,0.21695
9874.44,0.21726
9876.94,0.21724
9879.43,0.21743
9881.93,0.21683
9884.42,0.21648
9886.92,0.21663
9889.41,0.21592
9891.91,0.21578
9894.4,0.21517
9896.9,0.21585
9899.39,0.21562
9901.89,0.21613
9904.38,0.21505
9906.88,0.21489
9909.37,0.21537
9911.87,0.21528
9914.36,0.21522
9916.86,0.21472
9919.35,0.21453
9921.85,0.21442
9924.34,0.21431
9926.84,0.21387
9929.33,0.21429
9931.83,0.21451
9934.33,0.21441
9936.82,0.2138
9939.32,0.21488
9941.81,0.21388
9944.31,0.21479
9946.8,0.21406
9949.3,0.21413
9951.79,0.21424
9954.29,0.21402
9956.78,0.21499
9959.28,0.21434
9961.77,0.21451
9964.27,0.21445
9966.76,0.21464
9969.26,0.21434
9971.75,0.21427
9974.25,0.2145
9976.74,0.21388
9979.24,0.21401
9981.73,0.21369
9984.23,0.21358
9986.72,0.21348
9989.22,0.21303
9991.71,0.21298
9994.21,0.21336
9996.7,0.21287
9999.2,0.21235
10001.7,0.21254
10004.2,0.21263
10006.7,0.21312
10009.2,0.21279
10011.7,0.21277
10014.2,0.21333
10016.7,0.21334
10019.2,0.21345
10021.7,0.21325
10024.2,0.21305
10026.6,0.21264
10029.1,0.21299
10031.6,0.21249
10034.1,0.21119
10036.6,0.21079
10039.1,0.20963
10041.6,0.20918
10044.1,0.20841
10046.6,0.2071
10049.1,0.20638
10051.6,0.20505
10054.1,0.20606
10056.6,0.20556
10059.1,0.20693
10061.6,0.2078
10064.1,0.20855
10066.6,0.20883
10069.1,0.20939
10071.6,0.20975
10074.1,0.21028
10076.5,0.21101
10079.0,0.21082
10081.5,0.21035
10084.0,0.2103
10086.5,0.21066
10089.0,0.21085
10091.5,0.21094
10094.0,0.21004
10096.5,0.21144
10099.0,0.211
10101.5,0.21098
10104.0,0.21098
10106.5,0.21039
10109.0,0.2108
10111.5,0.21062
10114.0,0.21018
10116.5,0.20926
10119.0,0.20958
10121.5,0.20918
10124.0,0.20944
10126.5,0.20901
10128.9,0.20893
10131.4,0.20869
10133.9,0.20876
10136.4,0.20822
10138.9,0.2084
10141.4,0.20803
10143.9,0.20783
10146.4,0.20707
10148.9,0.20726
10151.4,0.20682
10153.9,0.20698
10156.4,0.20732
10158.9,0.20768
10161.4,0.20813
10163.9,0.20766
10166.4,0.20759
10168.9,0.20759
10171.4,0.20788
10173.9,0.20692
10176.4,0.20711
10178.9,0.2076
10181.3,0.20781
10183.8,0.20724
10186.3,0.20675
10188.8,0.20723
10191.3,0.20592
10193.8,0.20577
10196.3,0.20637
10198.8,0.20641
10201.3,0.20621
10203.8,0.20654
10206.3,0.20718
10208.8,0.20652
10211.3,0.20611
10213.8,0.20556
10216.3,0.2051
10218.8,0.20479
10221.3,0.20446
10223.8,0.20516
10226.3,0.20498
10228.8,0.20505
10231.2,0.20577
10233.7,0.20572
10236.2,0.20575
10238.7,0.20545
10241.2,0.20542
10243.7,0.20553
10246.2,0.20545
10248.7,0.20502
10251.2,0.20477
10253.7,0.20459
10256.2,0.20438
10258.7,0.20466
10261.2,0.20421
10263.7,0.20402
10266.2,0.20391
10268.7,0.20343
10271.2,0.2036
10273.7,0.2034
10276.2,0.20365
10278.7,0.20356
10281.2,0.20358
10283.6,0.20344
10286.1,0.20347
10288.6,0.2029
10291.1,0.20289
10293.6,0.20318
10296.1,0.20299
10298.6,0.20292
10301.1,0.20308
10303.6,0.20279
10306.1,0.20258
10308.6,0.20324
10311.1,0.20275
10313.6,0.20346
10316.1,0.20307
10318.6,0.20274
10321.1,0.20231
10323.6,0.20175
10326.1,0.20033
10328.6,0.20024
10331.1,0.20001
10333.5,0.19992
10336.0,0.19947
10338.5,0.1999
10341.0,0.19982
10343.5,0.19958
10346.0,0.19947
10348.5,0.1996
10351.0,0.19969
10353.5,0.20043
10356.0,0.20068
10358.5,0.20156
10361.0,0.20111
10363.5,0.20135
10366.0,0.20081
10368.5,0.20048
10371.0,0.20043
10373.5,0.19995
10376.0,0.19974
10378.5,0.1998
10381.0,0.19925
10383.5,0.20008
10385.9,0.20014
10388.4,0.19961
10390.9,0.19968
10393.4,0.19954
10395.9,0.19833
10398.4,0.198
10400.9,0.19813
10403.4,0.1986
10405.9,0.19889
10408.4,0.19936
10410.9,0.19928
10413.4,0.20007
10415.9,0.19921
10418.4,0.19925
10420.9,0.1991
10423.4,0.19869
10425.9,0.19923
10428.4,0.19893
10430.9,0.19903
10433.4,0.19902
10435.9,0.19898
10438.3,0.19914
10440.8,0.19895
10443.3,0.19939
10445.8,0.1992
10448.3,0.199
10450.8,0.19875
10453.3,0.19824
10455.8,0.19848
10458.3,0.19785
10460.8,0.19766
10463.3,0.1981
10465.8,0.19738
10468.3,0.19731
10470.8,0.19705
10473.3,0.19688
10475.8,0.19762
10478.3,0.19726
10480.8,0.19744
10483.3,0.19739
10485.8,0.19742
10488.2,0.19715
10490.7,0.19705
10493.2,0.19658
10495.7,0.19596
10498.2,0.19653
10500.7,0.19582
10503.2,0.1963
10505.7,0.19644
10508.2,0.19659
10510.7,0.19585
10513.2,0.19629
10515.7,0.19648
10518.2,0.19616
10520.7,0.19674
10523.2,0.19615
10525.7,0.19595
10528.2,0.19614
10530.7,0.19591
10533.2,0.19574
10535.7,0.19568
10538.2,0.19608
10540.6,0.1958
10543.1,0.19583
10545.6,0.19585
10548.1,0.19578
10550.6,0.19628
10553.1,0.19541
10555.6,0.19514
10558.1,0.19499
10560.6,0.19524
10563.1,0.19504
10565.6,0.19534
10568.1,0.19487
10570.6,0.19491
10573.1,0.19423
10575.6,0.19408
10578.1,0.19322
10580.6,0.19249
10583.1,0.19172
10585.6,0.19128
10588.1,0.19107
10590.6,0.19128
10593.0,0.19155
10595.5,0.19248
10598.0,0.19225
10600.5,0.1919
10603.0,0.19205
10605.5,0.19198
10608.0,0.19143
10610.5,0.19129
10613.0,0.19158
10615.5,0.1919
10618.0,0.19211
10620.5,0.19301
10623.0,0.19256
10625.5,0.19271
10628.0,0.19282
10630.5,0.19241
10633.0,0.19246
10635.5,0.19233
10638.0,0.1926
10640.5,0.19308
10642.9,0.19325
10645.4,0.19273
10647.9,0.19245
10650.4,0.19249
10652.9,0.19146
10655.4,0.19136
10657.9,0.19066
10660.4,0.19032
10662.9,0.18974
10665.4,0.18978
10667.9,0.18981
10670.4,0.19031
10672.9,0.19063
10675.4,0.19065
10677.9,0.19097
10680.4,0.1907
10682.9,0.18988
10685.4,0.18928
10687.9,0.18883
10690.4,0.18815
10692.9,0.18821
10695.3,0.18822
10697.8,0.18883
10700.3,0.18967
10702.8,0.18921
10705.3,0.19025
10707.8,0.19017
10710.3,0.19052
10712.8,0.1905
10715.3,0.19025
10717.8,0.19029
10720.3,0.18974
10722.8,0.18919
10725.3,0.18857
10727.8,0.18788
10730.3,0.18758
10732.8,0.18755
10735.3,0.1876
10737.8,0.1882
10740.3,0.18865
10742.8,0.18829
10745.3,0.18803
10747.7,0.18774
10750.2,0.18754
10752.7,0.18695
10755.2,0.18713
10757.7,0.18725
10760.2,0.18815
10762.7,0.18852
10765.2,0.18838
10767.7,0.18863
10770.2,0.18883
10772.7,0.18867
10775.2,0.18792
10777.7,0.18697
10780.2,0.18658
10782.7,0.18613
10785.2,0.18539
10787.7,0.18516
10790.2,0.18531
10792.7,0.18589
10795.2,0.18625
10797.6,0.18662
10800.1,0.18707
10802.6,0.18752
10805.1,0.18686
10807.6,0.18641
10810.1,0.18579
10812.6,0.18522
10815.1,0.18456
10817.6,0.18508
10820.1,0.18469
10822.6,0.18408
10825.1,0.18355
10827.6,0.1834
10830.1,0.18291
10832.6,0.18322
10835.1,0.1838
10837.6,0.18428
10840.1,0.18477
10842.6,0.18528
10845.1,0.1851
10847.6,0.18513
10850.0,0.18467
10852.5,0.18538
10855.0,0.18565
10857.5,0.18556
10860.0,0.18494
10862.5,0.18462
10865.0,0.18391
10867.5,0.18274
10870.0,0.18152
10872.5,0.18172
10875.0,0.18085
10877.5,0.18138
10880.0,0.18179
10882.5,0.18241
10885.0,0.18263
10887.5,0.18272
10890.0,0.18263
10892.5,0.18282
10895.0,0.18373
10897.5,0.18357
10900.0,0.18329
10902.4,0.18367
10904.9,0.184
10907.4,0.1839
10909.9,0.1837
10912.4,0.18314
10914.9,0.18216
10917.4,0.18205
10919.9,0.18224
10922.4,0.18167
10924.9,0.18099
10927.4,0.18059
10929.9,0.18023
10932.4,0.17929
10934.9,0.17836
10937.4,0.17766
10939.9,0.17682
10942.4,0.17727
10944.9,0.17791
10947.4,0.17825
10949.9,0.17878
10952.3,0.17921
10954.8,0.17885
10957.3,0.17876
10959.8,0.17809
10962.3,0.17722
10964.8,0.17748
10967.3,0.17687
10969.8,0.17644
10972.3,0.17649
10974.8,0.17635
10977.3,0.17609
10979.8,0.1762
10982.3,0.17591
10984.8,0.17672
10987.3,0.17669
10989.8,0.17684
10992.3,0.17724
10994.8,0.17724
10997.3,0.1776
10999.8,0.17708
