wave,flux
3700.85,0.1462
3701.75,0.14482
3702.65,0.14074
3703.55,0.13478
3704.45,0.12797
3705.35,0.12273
3706.25,0.1193
3707.15,0.11747
3708.05,0.11863
3708.96,0.1203
3709.86,0.12275
3710.76,0.12617
3711.66,0.13067
3712.56,0.13526
3713.46,0.14031
3714.36,0.14511
3715.26,0.14856
3716.16,0.15025
3717.06,0.14824
3717.96,0.14425
3718.86,0.13628
3719.76,0.12773
3720.66,0.11977
3721.56,0.11362
3722.46,0.11204
3723.36,0.11452
3724.26,0.12017
3725.16,0.12728
3726.06,0.13336
3726.96,0.13732
3727.86,0.13917
3728.76,0.1402
3729.66,0.13975
3730.56,0.13708
3731.46,0.1328
3732.36,0.12635
3733.26,0.11824
3734.16,0.10976
3735.06,0.10345
3735.96,0.10095
3736.86,0.10228
3737.76,0.10671
3738.66,0.11503
3739.56,0.12387
3740.46,0.13126
3741.36,0.13702
3742.26,0.13855
3743.16,0.13734
3744.06,0.13397
3744.96,0.1286
3745.86,0.12249
3746.76,0.11644
3747.67,0.1111
3748.57,0.10644
3749.47,0.10363
3750.37,0.10408
3751.27,0.10944
3752.17,0.11687
3753.07,0.12684
3753.97,0.13625
3754.87,0.14353
3755.77,0.14812
3756.67,0.14763
3757.57,0.14475
3758.47,0.14094
3759.37,0.13668
3760.27,0.13535
3761.17,0.13582
3762.07,0.13804
3762.97,0.14131
3763.87,0.14291
3764.77,0.14423
3765.67,0.14437
3766.57,0.14274
3767.47,0.14039
3768.37,0.13853
3769.27,0.13614
3770.17,0.13452
3771.07,0.13493
3771.97,0.13727
3772.87,0.14123
3773.77,0.14597
3774.67,0.15078
3775.57,0.15534
3776.47,0.15767
3777.37,0.16114
3778.27,0.16387
3779.17,0.16698
3780.07,0.1712
3780.97,0.17398
3781.87,0.17472
3782.77,0.1768
3783.67,0.1765
3784.57,0.1744
3785.47,0.1706
3786.38,0.16727
3787.28,0.16181
3788.18,0.15776
3789.08,0.15475
3789.98,0.15265
3790.88,0.15154
3791.78,0.15106
3792.68,0.14968
3793.58,0.14564
3794.48,0.14173
3795.38,0.1368
3796.28,0.13105
3797.18,0.12673
3798.08,0.1241
3798.98,0.12394
3799.88,0.12736
3800.78,0.1331
3801.68,0.14221
3802.58,0.15216
3803.48,0.15971
3804.38,0.16511
3805.28,0.16943
3806.18,0.17017
3807.08,0.17011
3807.98,0.17119
3808.88,0.17154
3809.78,0.17265
3810.68,0.17305
3811.58,0.17242
3812.48,0.16898
3813.38,0.16417
3814.28,0.15998
3815.18,0.15534
3816.08,0.15246
3816.98,0.15171
3817.88,0.15098
3818.78,0.15064
3819.68,0.14906
3820.58,0.14766
3821.48,0.1461
3822.38,0.14346
3823.28,0.14299
3824.18,0.14084
3825.09,0.13714
3825.99,0.13395
3826.89,0.13049
3827.79,0.12795
3828.69,0.12685
3829.59,0.12529
3830.49,0.12268
3831.39,0.12008
3832.29,0.11599
3833.19,0.11037
3834.09,0.10583
3834.99,0.10292
3835.89,0.1014
3836.79,0.10157
3837.69,0.10346
3838.59,0.10608
3839.49,0.11019
3840.39,0.11586
3841.29,0.1225
3842.19,0.13108
3843.09,0.14048
3843.99,0.14703
3844.89,0.15452
3845.79,0.15855
3846.69,0.16255
3847.59,0.1648
3848.49,0.16633
3849.39,0.16553
3850.29,0.16602
3851.19,0.16537
3852.09,0.16581
3852.99,0.1671
3853.89,0.16694
3854.79,0.16609
3855.69,0.16388
3856.59,0.15986
3857.49,0.15591
3858.39,0.15263
3859.29,0.15009
3860.19,0.14908
3861.09,0.15066
3861.99,0.15518
3862.9,0.15963
3863.8,0.16447
3864.7,0.16803
3865.6,0.17032
3866.5,0.17113
3867.4,0.17096
3868.3,0.17015
3869.2,0.16854
3870.1,0.16491
3871.0,0.16197
3871.9,0.15774
3872.8,0.15484
3873.7,0.15278
3874.6,0.15247
3875.5,0.15448
3876.4,0.15486
3877.3,0.15507
3878.2,0.15351
3879.1,0.15241
3880.0,0.15237
3880.9,0.15237
3881.8,0.15189
3882.7,0.1513
3883.6,0.15006
3884.5,0.14741
3885.4,0.14274
3886.3,0.13716
3887.2,0.1311
3888.1,0.12716
3889.0,0.12382
3889.9,0.12416
3890.8,0.12684
3891.7,0.13263
3892.6,0.13871
3893.5,0.14358
3894.4,0.1481
3895.3,0.15178
3896.2,0.15428
3897.1,0.1558
3898.0,0.1581
3898.9,0.1595
3899.8,0.16098
3900.7,0.16107
3901.6,0.1616
3902.51,0.16121
3903.41,0.16073
3904.31,0.15903
3905.21,0.15855
3906.11,0.15737
3907.01,0.15846
3907.91,0.16128
3908.81,0.16579
3909.71,0.16952
3910.61,0.17345
3911.51,0.17642
3912.41,0.1781
3913.31,0.17827
3914.21,0.1771
3915.11,0.17597
3916.01,0.17327
3916.91,0.17106
3917.81,0.16832
3918.71,0.1646
3919.61,0.16216
3920.51,0.1583
3921.41,0.15594
3922.31,0.15461
3923.21,0.15267
3924.11,0.15076
3925.01,0.14801
3925.91,0.14368
3926.81,0.13678
3927.71,0.12771
3928.61,0.11651
3929.51,0.1045
3930.41,0.091523
3931.31,0.07915
3932.21,0.067691
3933.11,0.058707
3934.01,0.053846
3934.91,0.052735
3935.81,0.056576
3936.71,0.064404
3937.61,0.075309
3938.51,0.087648
3939.42,0.10083
3940.32,0.11282
3941.22,0.12248
3942.12,0.13039
3943.02,0.13637
3943.92,0.14139
3944.82,0.14614
3945.72,0.15026
3946.62,0.15446
3947.52,0.15847
3948.42,0.16124
3949.32,0.16456
3950.22,0.16682
3951.12,0.16835
3952.02,0.16976
3952.92,0.17055
3953.82,0.17209
3954.72,0.17146
3955.62,0.17096
3956.52,0.17091
3957.42,0.16983
3958.32,0.16753
3959.22,0.16555
3960.12,0.16083
3961.02,0.15558
3961.92,0.14767
3962.82,0.13824
3963.72,0.12799
3964.62,0.11641
3965.52,0.10384
3966.42,0.091368
3967.32,0.07948
3968.22,0.070242
3969.12,0.063828
3970.02,0.062608
3970.92,0.066034
3971.82,0.074288
3972.72,0.085317
3973.62,0.098852
3974.52,0.11224
3975.42,0.12541
3976.32,0.13672
3977.22,0.14758
3978.13,0.15701
3979.03,0.16506
3979.93,0.17077
3980.83,0.17563
3981.73,0.17807
3982.63,0.17976
3983.53,0.182
3984.43,0.18232
3985.33,0.18407
3986.23,0.18589
3987.13,0.18762
3988.03,0.18987
3988.93,0.19186
3989.83,0.19357
3990.73,0.19486
3991.63,0.19655
3992.53,0.19833
3993.43,0.19825
3994.33,0.19755
3995.23,0.19603
3996.13,0.19375
3997.03,0.19244
3997.93,0.19139
3998.83,0.19176
3999.73,0.1921
4000.63,0.19534
4001.53,0.19851
4002.43,0.20002
4003.33,0.19996
4004.23,0.1981
4005.13,0.19676
4006.03,0.19486
4006.93,0.19307
4007.83,0.19461
4008.73,0.19651
4009.63,0.19961
4010.53,0.20159
4011.43,0.20261
4012.33,0.20491
4013.23,0.20473
4014.13,0.20597
4015.03,0.20563
4015.93,0.20592
4016.84,0.20598
4017.74,0.20624
4018.64,0.20647
4019.54,0.20635
4020.44,0.20699
4021.34,0.20775
4022.24,0.2079
4023.14,0.20673
4024.04,0.20757
4024.94,0.2072
4025.84,0.20861
4026.74,0.20935
4027.64,0.20983
4028.54,0.20961
4029.44,0.20698
4030.34,0.20426
4031.24,0.19962
4032.14,0.19723
4033.04,0.19451
4033.94,0.19409
4034.84,0.19624
4035.74,0.19994
4036.64,0.20566
4037.54,0.20839
4038.44,0.21264
4039.34,0.2144
4040.24,0.21513
4041.14,0.21443
4042.04,0.21195
4042.94,0.20735
4043.84,0.20316
4044.74,0.19851
4045.64,0.19525
4046.54,0.19304
4047.44,0.19356
4048.34,0.19656
4049.24,0.20119
4050.14,0.20557
4051.04,0.20876
4051.94,0.20956
4052.84,0.21133
4053.74,0.21053
4054.65,0.20808
4055.55,0.20735
4056.45,0.20566
4057.35,0.2059
4058.25,0.20601
4059.15,0.20561
4060.05,0.2057
4060.95,0.20499
4061.85,0.20465
4062.75,0.2013
4063.65,0.19927
4064.55,0.19607
4065.45,0.19575
4066.35,0.19595
4067.25,0.19817
4068.15,0.2017
4069.05,0.20321
4069.95,0.20481
4070.85,0.2049
4071.75,0.20496
4072.65,0.20387
4073.55,0.20309
4074.45,0.20055
4075.35,0.19893
4076.25,0.19619
4077.15,0.19377
4078.05,0.19146
4078.95,0.19129
4079.85,0.19336
4080.75,0.1976
4081.65,0.20004
4082.55,0.204
4083.45,0.20655
4084.35,0.20773
4085.25,0.20872
4086.15,0.21015
4087.05,0.21289
4087.95,0.21594
4088.85,0.21915
4089.75,0.22091
4090.65,0.22202
4091.55,0.22177
4092.45,0.22072
4093.36,0.21904
4094.26,0.21493
4095.16,0.21243
4096.06,0.20861
4096.96,0.2033
4097.86,0.19773
4098.76,0.19068
4099.66,0.18352
4100.56,0.17567
4101.46,0.16973
4102.36,0.16633
4103.26,0.16709
4104.16,0.1695
4105.06,0.17561
4105.96,0.18297
4106.86,0.18959
4107.76,0.19568
4108.66,0.20047
4109.56,0.20227
4110.46,0.2048
4111.36,0.20601
4112.26,0.20845
4113.16,0.21058
4114.06,0.21211
4114.96,0.21423
4115.86,0.21544
4116.76,0.21704
4117.66,0.21533
4118.56,0.21395
4119.46,0.21273
4120.36,0.2116
4121.26,0.21084
4122.16,0.21108
4123.06,0.21149
4123.96,0.21171
4124.86,0.21396
4125.76,0.21392
4126.66,0.21416
4127.56,0.21384
4128.46,0.21223
4129.36,0.21054
4130.26,0.20983
4131.17,0.20781
4132.06,0.20543
4132.97,0.20446
4133.87,0.20387
4134.77,0.20364
4135.67,0.20561
4136.57,0.20926
4137.47,0.21363
4138.37,0.21732
4139.27,0.21886
4140.17,0.21893
4141.07,0.21705
4141.97,0.21339
4142.87,0.20983
4143.77,0.20737
4144.67,0.20626
4145.57,0.20573
4146.47,0.20715
4147.37,0.21013
4148.27,0.21182
4149.17,0.21316
4150.07,0.21401
4150.97,0.2142
4151.87,0.21319
4152.77,0.21223
4153.67,0.21142
4154.57,0.21145
4155.47,0.20988
4156.37,0.20995
4157.27,0.2116
4158.17,0.21311
4159.07,0.21472
4159.97,0.21623
4160.87,0.21829
4161.77,0.22004
4162.67,0.22145
4163.57,0.22074
4164.47,0.22145
4165.37,0.22215
4166.27,0.22021
4167.17,0.21969
4168.07,0.21787
4168.98,0.21633
4169.88,0.21335
4170.78,0.21171
4171.68,0.20748
4172.58,0.20395
4173.48,0.20187
4174.38,0.20044
4175.28,0.20001
4176.18,0.20162
4177.08,0.20272
4177.98,0.20535
4178.88,0.20674
4179.78,0.2082
4180.68,0.21091
4181.58,0.21106
4182.48,0.21153
4183.38,0.2115
4184.28,0.21208
4185.18,0.21191
4186.08,0.21095
4186.98,0.20973
4187.88,0.20947
4188.78,0.20863
4189.68,0.20902
4190.58,0.21048
4191.48,0.21274
4192.38,0.21386
4193.28,0.21442
4194.18,0.21533
4195.08,0.21462
4195.98,0.21299
4196.88,0.21059
4197.78,0.20816
4198.68,0.20495
4199.58,0.20263
4200.48,0.20066
4201.38,0.20044
4202.28,0.20021
4203.18,0.20137
4204.08,0.20228
4204.98,0.20511
4205.88,0.20646
4206.79,0.20972
4207.69,0.21165
4208.59,0.21453
4209.49,0.21542
4210.39,0.21668
4211.29,0.21738
4212.19,0.21536
4213.09,0.21527
4213.99,0.21407
4214.89,0.21169
4215.79,0.20963
4216.69,0.2084
4217.59,0.20895
4218.49,0.20919
4219.39,0.21024
4220.29,0.21251
4221.19,0.2128
4222.09,0.2123
4222.99,0.20859
4223.89,0.20381
4224.79,0.19645
4225.69,0.18992
4226.59,0.18501
4227.49,0.18243
4228.39,0.18413
4229.29,0.18804
4230.19,0.19348
4231.09,0.20113
4231.99,0.20506
4232.89,0.20669
4233.79,0.20809
4234.69,0.20737
4235.59,0.20606
4236.49,0.20443
4237.39,0.20329
4238.29,0.20405
4239.19,0.20568
4240.09,0.2066
4240.99,0.20752
4241.89,0.21083
4242.79,0.21199
4243.69,0.21343
4244.59,0.2133
4245.5,0.21268
4246.4,0.21225
4247.3,0.20874
4248.2,0.20755
4249.1,0.20414
4250.0,0.20276
4250.9,0.20324
4251.8,0.20323
4252.7,0.20459
4253.6,0.20613
4254.5,0.20769
4255.4,0.20866
4256.3,0.20857
4257.2,0.20836
4258.1,0.20809
4259.0,0.20777
4259.9,0.20632
4260.8,0.20521
4261.7,0.20501
4262.6,0.20715
4263.5,0.20936
4264.4,0.21353
4265.3,0.21449
4266.2,0.21754
4267.1,0.21712
4268.0,0.21469
4268.9,0.21121
4269.8,0.20701
4270.7,0.20229
4271.6,0.19739
4272.5,0.19504
4273.4,0.19308
4274.3,0.19257
4275.2,0.19525
4276.1,0.1976
4277.0,0.20132
4277.9,0.20497
4278.8,0.20781
4279.7,0.20783
4280.6,0.20883
4281.5,0.20773
4282.4,0.2066
4283.31,0.20607
4284.21,0.20402
4285.11,0.20254
4286.01,0.20085
4286.91,0.19822
4287.81,0.19447
4288.71,0.1919
4289.61,0.18948
4290.51,0.1881
4291.41,0.18799
4292.31,0.18893
4293.21,0.19082
4294.11,0.19244
4295.01,0.19325
4295.91,0.19175
4296.81,0.18963
4297.71,0.18459
4298.61,0.17954
4299.51,0.17357
4300.41,0.16877
4301.31,0.16568
4302.21,0.16318
4303.11,0.16294
4304.01,0.16304
4304.91,0.16377
4305.81,0.1624
4306.71,0.16223
4307.61,0.16125
4308.51,0.16046
4309.41,0.16044
4310.31,0.16127
4311.21,0.16445
4312.11,0.16891
4313.01,0.17441
4313.91,0.18202
4314.81,0.19035
4315.71,0.20036
4316.61,0.20943
4317.51,0.21696
4318.41,0.22333
4319.31,0.2262
4320.21,0.22622
4321.12,0.22424
4322.02,0.21969
4322.92,0.21602
4323.82,0.2085
4324.72,0.20296
4325.62,0.19977
4326.52,0.19887
4327.42,0.20058
4328.32,0.20455
4329.22,0.21032
4330.12,0.21489
4331.02,0.2196
4331.92,0.22162
4332.82,0.22294
4333.72,0.22322
4334.62,0.22103
4335.52,0.21757
4336.42,0.21182
4337.32,0.20456
4338.22,0.19596
4339.12,0.18769
4340.02,0.18008
4340.92,0.17575
4341.82,0.17537
4342.72,0.1776
4343.62,0.18374
4344.52,0.1915
4345.42,0.19939
4346.32,0.20639
4347.22,0.21237
4348.12,0.21498
4349.02,0.2169
4349.92,0.21703
4350.82,0.216
4351.72,0.21367
4352.62,0.21193
4353.52,0.21119
4354.42,0.21067
4355.32,0.21395
4356.22,0.21566
4357.12,0.21778
4358.02,0.21929
4358.92,0.22219
4359.83,0.22237
4360.73,0.22395
4361.63,0.22672
4362.53,0.22795
4363.43,0.22928
4364.33,0.23077
4365.23,0.23114
4366.13,0.22976
4367.03,0.22927
4367.93,0.22795
4368.83,0.22613
4369.73,0.2241
4370.63,0.22289
4371.53,0.22107
4372.43,0.22
4373.33,0.21833
4374.23,0.21643
4375.13,0.2159
4376.03,0.21576
4376.93,0.21633
4377.83,0.2174
4378.73,0.21887
4379.63,0.22086
4380.53,0.2195
4381.43,0.21683
4382.33,0.21262
4383.23,0.20781
4384.13,0.20341
4385.03,0.20054
4385.93,0.20054
4386.83,0.2032
4387.73,0.20566
4388.63,0.20925
4389.53,0.21176
4390.43,0.21508
4391.33,0.21681
4392.23,0.21817
4393.13,0.21953
4394.03,0.22068
4394.93,0.22151
4395.83,0.22198
4396.73,0.22224
4397.64,0.22239
4398.54,0.22398
4399.44,0.22291
4400.34,0.22297
4401.24,0.22255
4402.14,0.22074
4403.04,0.21909
4403.94,0.21757
4404.84,0.21642
4405.74,0.21463
4406.64,0.2163
4407.54,0.21608
4408.44,0.21748
4409.34,0.22058
4410.24,0.22382
4411.14,0.22686
4412.04,0.22831
4412.94,0.23054
4413.84,0.22983
4414.74,0.22931
4415.64,0.22807
4416.54,0.22752
4417.44,0.22698
4418.34,0.22729
4419.24,0.2293
4420.14,0.23187
4421.04,0.23284
4421.94,0.23317
4422.84,0.23372
4423.74,0.23352
4424.64,0.23258
4425.54,0.23296
4426.44,0.23189
4427.34,0.23199
4428.24,0.23088
4429.14,0.23133
4430.04,0.23119
4430.94,0.23189
4431.84,0.23126
4432.74,0.23099
4433.64,0.22882
4434.54,0.22741
4435.45,0.22706
4436.35,0.22722
4437.25,0.22963
4438.15,0.23154
4439.05,0.23285
4439.95,0.23463
4440.85,0.2354
4441.75,0.23454
4442.65,0.23226
4443.55,0.23118
4444.45,0.22913
4445.35,0.23028
4446.25,0.23222
4447.15,0.23283
4448.05,0.23471
4448.95,0.23389
4449.85,0.23572
4450.75,0.23509
4451.65,0.23393
4452.55,0.23247
4453.45,0.23062
4454.35,0.2278
4455.25,0.22516
4456.15,0.22275
4457.05,0.22183
4457.95,0.22136
4458.85,0.22115
4459.75,0.22125
4460.65,0.22147
4461.55,0.22398
4462.45,0.2245
4463.35,0.22585
4464.25,0.22818
4465.15,0.22967
4466.05,0.22942
4466.95,0.23122
4467.85,0.23048
4468.75,0.23143
4469.65,0.23261
4470.55,0.23347
4471.45,0.23536
4472.35,0.23641
4473.25,0.23908
4474.16,0.24335
4475.06,0.24447
4475.96,0.24603
4476.86,0.24776
4477.76,0.2468
4478.66,0.2456
4479.56,0.24367
4480.46,0.24214
4481.36,0.23979
4482.26,0.23817
4483.16,0.23839
4484.06,0.23833
4484.96,0.241
4485.86,0.24229
4486.76,0.24249
4487.66,0.24286
4488.56,0.2419
4489.46,0.24306
4490.36,0.24047
4491.26,0.24064
4492.16,0.23994
4493.06,0.24022
4493.96,0.24032
4494.86,0.23999
4495.76,0.24055
4496.66,0.24119
4497.56,0.24138
4498.46,0.24333
4499.36,0.24477
4500.26,0.24587
4501.16,0.24748
4502.06,0.25054
4502.96,0.25119
4503.86,0.25317
4504.76,0.25535
4505.66,0.25593
4506.56,0.25674
4507.46,0.25715
4508.36,0.2564
4509.26,0.25719
4510.17,0.25532
4511.06,0.25561
4511.97,0.25512
4512.87,0.25429
4513.77,0.25308
4514.67,0.25139
4515.57,0.24963
4516.47,0.24933
4517.37,0.24856
4518.27,0.24751
4519.17,0.2472
4520.07,0.24635
4520.97,0.24657
4521.87,0.24549
4522.77,0.24463
4523.67,0.24283
4524.57,0.24065
4525.47,0.23875
4526.37,0.23587
4527.27,0.23339
4528.17,0.23077
4529.07,0.22956
4529.97,0.22848
4530.87,0.22739
4531.77,0.22747
4532.67,0.22741
4533.57,0.22741
4534.47,0.22713
4535.37,0.22813
4536.27,0.23045
4537.17,0.23329
4538.07,0.23672
4538.97,0.23945
4539.87,0.24268
4540.77,0.24471
4541.67,0.2462
4542.57,0.24557
4543.47,0.24629
4544.37,0.24506
4545.27,0.24367
4546.17,0.24329
4547.07,0.24129
4547.97,0.23936
4548.88,0.23734
4549.77,0.23684
4550.68,0.23613
4551.58,0.23529
4552.48,0.23462
4553.38,0.23381
4554.28,0.23352
4555.18,0.23555
4556.08,0.23738
4556.98,0.23961
4557.88,0.2426
4558.78,0.24442
4559.68,0.24739
4560.58,0.24936
4561.48,0.25002
4562.38,0.2497
4563.28,0.2494
4564.18,0.24923
4565.08,0.24842
4565.98,0.2492
4566.88,0.2491
4567.78,0.24832
4568.68,0.24993
4569.58,0.24949
4570.48,0.24952
4571.38,0.24945
4572.28,0.24905
4573.18,0.24848
4574.08,0.24911
4574.98,0.24999
4575.88,0.24985
4576.78,0.25084
4577.68,0.24963
4578.58,0.24877
4579.48,0.24823
4580.38,0.24448
4581.28,0.24433
4582.18,0.24308
4583.08,0.24281
4583.98,0.24198
4584.88,0.24306
4585.78,0.24435
4586.69,0.24448
4587.58,0.24663
4588.49,0.24829
4589.39,0.2488
4590.29,0.24929
4591.19,0.24944
4592.09,0.24983
4592.99,0.24848
4593.89,0.24761
4594.79,0.2475
4595.69,0.24729
4596.59,0.24811
4597.49,0.24911
4598.39,0.24898
4599.29,0.24953
4600.19,0.24894
4601.09,0.24792
4601.99,0.24721
4602.89,0.24839
4603.79,0.24846
4604.69,0.24855
4605.59,0.24891
4606.49,0.24938
4607.39,0.25289
4608.29,0.25309
4609.19,0.25444
4610.09,0.25665
4610.99,0.25615
4611.89,0.25582
4612.79,0.25475
4613.69,0.25587
4614.59,0.25448
4615.49,0.25524
4616.39,0.25353
4617.29,0.25383
4618.19,0.25337
4619.09,0.25421
4619.99,0.25396
4620.89,0.2549
4621.79,0.25508
4622.69,0.25609
4623.59,0.25618
4624.5,0.25614
4625.4,0.2573
4626.3,0.25644
4627.2,0.25615
4628.1,0.25756
4629.0,0.25652
4629.9,0.25533
4630.8,0.25657
4631.7,0.25568
4632.6,0.25612
4633.5,0.25544
4634.4,0.25605
4635.3,0.25413
4636.2,0.25335
4637.1,0.25335
4638.0,0.25324
4638.9,0.25259
4639.8,0.25323
4640.7,0.25336
4641.6,0.25441
4642.5,0.25363
4643.4,0.25546
4644.3,0.25487
4645.2,0.25299
4646.1,0.25257
4647.0,0.25114
4647.9,0.25117
4648.8,0.25091
4649.7,0.25081
4650.6,0.24958
4651.5,0.24985
4652.4,0.25042
4653.3,0.25007
4654.2,0.25019
4655.1,0.24886
4656.0,0.24913
4656.9,0.24966
4657.8,0.25233
4658.7,0.2553
4659.6,0.25621
4660.5,0.25732
4661.4,0.2589
4662.3,0.25843
4663.21,0.2582
4664.11,0.25624
4665.01,0.25379
4665.91,0.25103
4666.81,0.24866
4667.71,0.24628
4668.61,0.24533
4669.51,0.24409
4670.41,0.24513
4671.31,0.24676
4672.21,0.2485
4673.11,0.25008
4674.01,0.25246
4674.91,0.25386
4675.81,0.25505
4676.71,0.25602
4677.61,0.25503
4678.51,0.25444
4679.41,0.25296
4680.31,0.25332
4681.21,0.25169
4682.11,0.25133
4683.01,0.25253
4683.91,0.25178
4684.81,0.25192
4685.71,0.25364
4686.61,0.25369
4687.51,0.25496
4688.41,0.25553
4689.31,0.25557
4690.21,0.25635
4691.11,0.25553
4692.01,0.25629
4692.91,0.25806
4693.81,0.25835
4694.71,0.25857
4695.61,0.25897
4696.51,0.25978
4697.41,0.25924
4698.31,0.25793
4699.21,0.25716
4700.12,0.25449
4701.02,0.25243
4701.92,0.25075
4702.82,0.25125
4703.72,0.24893
4704.62,0.2484
4705.52,0.24836
4706.42,0.24871
4707.32,0.24803
4708.22,0.24818
4709.12,0.24783
4710.02,0.24886
4710.92,0.24975
4711.82,0.25092
4712.72,0.25218
4713.62,0.25372
4714.52,0.25406
4715.42,0.25492
4716.32,0.25628
4717.22,0.25694
4718.12,0.25817
4719.02,0.25818
4719.92,0.26023
4720.82,0.26044
4721.72,0.26129
4722.62,0.26035
4723.52,0.26071
4724.42,0.26053
4725.32,0.2602
4726.22,0.25871
4727.12,0.25824
4728.02,0.25697
4728.92,0.25585
4729.82,0.25398
4730.72,0.25352
4731.62,0.25312
4732.52,0.25308
4733.42,0.25235
4734.32,0.25339
4735.22,0.25328
4736.12,0.25415
4737.02,0.25466
4737.92,0.2543
4738.83,0.25481
4739.73,0.25638
4740.63,0.25592
4741.53,0.25635
4742.43,0.25606
4743.33,0.25663
4744.23,0.25831
4745.13,0.25783
4746.03,0.25918
4746.93,0.25995
4747.83,0.26048
4748.73,0.26055
4749.63,0.26083
4750.53,0.26115
4751.43,0.26022
4752.33,0.25906
4753.23,0.2584
4754.13,0.25806
4755.03,0.25621
4755.93,0.25529
4756.83,0.25502
4757.73,0.25531
4758.63,0.25455
4759.53,0.25357
4760.43,0.25413
4761.33,0.25195
4762.23,0.25202
4763.13,0.252
4764.03,0.25039
4764.93,0.24915
4765.83,0.24943
4766.73,0.25031
4767.63,0.25066
4768.53,0.25192
4769.43,0.25288
4770.33,0.25353
4771.23,0.25469
4772.13,0.256
4773.03,0.25696
4773.93,0.25722
4774.83,0.25771
4775.73,0.25803
4776.64,0.25945
4777.54,0.25885
4778.44,0.25838
4779.34,0.25725
4780.24,0.25745
4781.14,0.25653
4782.04,0.25614
4782.94,0.25528
4783.84,0.25431
4784.74,0.25312
4785.64,0.25225
4786.54,0.25201
4787.44,0.25105
4788.34,0.25112
4789.24,0.25122
4790.14,0.2512
4791.04,0.25348
4791.94,0.25424
4792.84,0.25548
4793.74,0.25768
4794.64,0.25865
4795.54,0.25984
4796.44,0.26012
4797.34,0.26022
4798.24,0.26056
4799.14,0.25853
4800.04,0.25908
4800.94,0.25768
4801.84,0.25864
4802.74,0.25879
4803.64,0.26014
4804.54,0.25871
4805.44,0.25778
4806.34,0.258
4807.24,0.25842
4808.14,0.26004
4809.04,0.25946
4809.94,0.25975
4810.84,0.25877
4811.74,0.259
4812.64,0.26018
4813.54,0.26082
4814.45,0.26141
4815.35,0.26275
4816.25,0.26364
4817.15,0.26209
4818.05,0.26237
4818.95,0.26423
4819.85,0.26341
4820.75,0.2623
4821.65,0.26069
4822.55,0.25962
4823.45,0.25949
4824.35,0.25844
4825.25,0.25835
4826.15,0.25729
4827.05,0.25775
4827.95,0.25731
4828.85,0.25752
4829.75,0.25839
4830.65,0.2573
4831.55,0.25704
4832.45,0.25663
4833.35,0.25743
4834.25,0.25684
4835.15,0.25754
4836.05,0.25699
4836.95,0.25648
4837.85,0.25745
4838.75,0.25746
4839.65,0.25641
4840.55,0.25514
4841.45,0.25451
4842.35,0.25389
4843.25,0.25413
4844.15,0.25534
4845.05,0.25532
4845.95,0.25549
4846.85,0.25666
4847.75,0.25732
4848.65,0.25587
4849.55,0.25536
4850.45,0.25519
4851.35,0.25513
4852.26,0.25251
4853.16,0.25247
4854.06,0.25022
4854.96,0.24853
4855.86,0.2451
4856.76,0.23952
4857.66,0.23541
4858.56,0.22936
4859.46,0.22413
4860.36,0.21733
4861.26,0.21175
4862.16,0.20852
4863.06,0.20812
4863.96,0.21074
4864.86,0.21562
4865.76,0.22127
4866.66,0.22801
4867.56,0.23247
4868.46,0.23713
4869.36,0.24041
4870.26,0.24144
4871.16,0.24226
4872.06,0.24286
4872.96,0.24282
4873.86,0.24311
4874.76,0.24503
4875.66,0.24676
4876.56,0.24897
4877.46,0.25037
4878.36,0.25182
4879.26,0.25228
4880.16,0.25394
4881.06,0.25271
4881.96,0.25429
4882.86,0.25361
4883.76,0.25372
4884.66,0.25274
4885.56,0.25228
4886.46,0.25079
4887.36,0.24921
4888.26,0.24884
4889.17,0.24807
4890.07,0.24783
4890.97,0.24624
4891.87,0.24917
4892.77,0.25084
4893.67,0.25379
4894.57,0.25661
4895.47,0.26024
4896.37,0.26296
4897.27,0.2651
4898.17,0.26549
4899.07,0.26574
4899.97,0.26485
4900.87,0.26366
4901.77,0.26322
4902.67,0.26178
4903.57,0.26006
4904.47,0.26004
4905.37,0.25969
4906.27,0.26045
4907.17,0.25989
4908.07,0.2594
4908.97,0.25862
4909.87,0.25784
4910.77,0.25831
4911.67,0.25681
4912.57,0.25711
4913.47,0.25772
4914.37,0.25835
4915.27,0.25768
4916.17,0.25731
4917.07,0.25615
4917.97,0.25282
4918.87,0.25077
4919.77,0.24804
4920.67,0.24593
4921.57,0.24505
4922.47,0.24415
4923.37,0.24428
4924.27,0.24604
4925.17,0.24848
4926.07,0.25275
4926.98,0.25442
4927.88,0.256
4928.78,0.25813
4929.68,0.26017
4930.58,0.26053
4931.48,0.25928
4932.38,0.25901
4933.28,0.25667
4934.18,0.25541
4935.08,0.2531
4935.98,0.25169
4936.88,0.25067
4937.78,0.2501
4938.68,0.25059
4939.58,0.25053
4940.48,0.25125
4941.38,0.25247
4942.28,0.2552
4943.18,0.25734
4944.08,0.25897
4944.98,0.2606
4945.88,0.26174
4946.78,0.26219
4947.68,0.26331
4948.58,0.26437
4949.48,0.26368
4950.38,0.26407
4951.28,0.26446
4952.18,0.26362
4953.08,0.26373
4953.98,0.26216
4954.88,0.2599
4955.78,0.25751
4956.68,0.25485
4957.58,0.2517
4958.48,0.25196
4959.38,0.25162
4960.28,0.25208
4961.18,0.25321
4962.08,0.25533
4962.98,0.25656
4963.88,0.25756
4964.79,0.25823
4965.69,0.25792
4966.59,0.25628
4967.49,0.25671
4968.39,0.25595
4969.29,0.25539
4970.19,0.25514
4971.09,0.25658
4971.99,0.25717
4972.89,0.25827
4973.79,0.25841
4974.69,0.26009
4975.59,0.26019
4976.49,0.26083
4977.39,0.25837
4978.29,0.25789
4979.19,0.25469
4980.09,0.25256
4980.99,0.2496
4981.89,0.24643
4982.79,0.24484
4983.69,0.24382
4984.59,0.24165
4985.49,0.24337
4986.39,0.24345
4987.29,0.24522
4988.19,0.24786
4989.09,0.24929
4989.99,0.25014
4990.89,0.25211
4991.79,0.25188
4992.69,0.25213
4993.59,0.25277
4994.49,0.25275
4995.39,0.25309
4996.29,0.25338
4997.19,0.25215
4998.09,0.25262
4998.99,0.25154
4999.89,0.25026
5000.79,0.2492
5001.7,0.24761
5002.6,0.2475
5003.5,0.24712
5004.4,0.24658
5005.3,0.24535
5006.2,0.24508
5007.1,0.24559
5008.0,0.24478
5008.9,0.24531
5009.8,0.24458
5010.7,0.24515
5011.6,0.24364
5012.5,0.24338
5013.4,0.24166
5014.3,0.23941
5015.2,0.23983
5016.1,0.23862
5017.0,0.23994
5017.9,0.24051
5018.8,0.24042
5019.7,0.24175
5020.6,0.24447
5021.5,0.24451
5022.4,0.24611
5023.3,0.24574
5024.2,0.24688
5025.1,0.24794
5026.0,0.24821
5026.9,0.25083
5027.8,0.24964
5028.7,0.25141
5029.6,0.25196
5030.5,0.25207
5031.4,0.25364
5032.3,0.25384
5033.2,0.25474
5034.1,0.25377
5035.0,0.25218
5035.9,0.25154
5036.8,0.24897
5037.7,0.24484
5038.6,0.24265
5039.5,0.23967
5040.41,0.23868
5041.31,0.23711
5042.21,0.2374
5043.11,0.23862
5044.01,0.24227
5044.91,0.24424
5045.81,0.2477
5046.71,0.24941
5047.61,0.25104
5048.51,0.25134
5049.41,0.2509
5050.31,0.2513
5051.21,0.25066
5052.11,0.25077
5053.01,0.25117
5053.91,0.25202
5054.81,0.25423
5055.71,0.25541
5056.61,0.25703
5057.51,0.25851
5058.41,0.25832
5059.31,0.26036
5060.21,0.25952
5061.11,0.2583
5062.01,0.25851
5062.91,0.25699
5063.81,0.25512
5064.71,0.25195
5065.61,0.25153
5066.51,0.25018
5067.41,0.24908
5068.31,0.24861
5069.21,0.24816
5070.11,0.24953
5071.01,0.24974
5071.91,0.24909
5072.81,0.2492
5073.71,0.25006
5074.61,0.24993
5075.51,0.24992
5076.42,0.24939
5077.31,0.2476
5078.21,0.24611
5079.12,0.24541
5080.02,0.24255
5080.92,0.2413
5081.82,0.24099
5082.72,0.24148
5083.62,0.24258
5084.52,0.24345
5085.42,0.24508
5086.32,0.24625
5087.22,0.2489
5088.12,0.25026
5089.02,0.25176
5089.92,0.25212
5090.82,0.25272
5091.72,0.25283
5092.62,0.25346
5093.52,0.25467
5094.42,0.25347
5095.32,0.25325
5096.22,0.25047
5097.12,0.25114
5098.02,0.24809
5098.92,0.24634
5099.82,0.24659
5100.72,0.24629
5101.62,0.24703
5102.52,0.24734
5103.42,0.24774
5104.32,0.24802
5105.22,0.24788
5106.12,0.24632
5107.02,0.24631
5107.92,0.24469
5108.82,0.24458
5109.72,0.24368
5110.62,0.24433
5111.52,0.24574
5112.42,0.24712
5113.32,0.24836
5114.22,0.25024
5115.12,0.25045
5116.03,0.25316
5116.93,0.25308
5117.83,0.25426
5118.73,0.25513
5119.63,0.25324
5120.53,0.25374
5121.43,0.25135
5122.33,0.24847
5123.23,0.24741
5124.13,0.24543
5125.03,0.24341
5125.93,0.24178
5126.83,0.24141
5127.73,0.2411
5128.63,0.24107
5129.53,0.2404
5130.43,0.24187
5131.33,0.24384
5132.23,0.2433
5133.13,0.24483
5134.03,0.24559
5134.93,0.24648
5135.83,0.24573
5136.73,0.2463
5137.63,0.24537
5138.53,0.24423
5139.43,0.24288
5140.33,0.24226
5141.23,0.24055
5142.13,0.24119
5143.03,0.23935
5143.93,0.23877
5144.83,0.24062
5145.73,0.24164
5146.63,0.24038
5147.53,0.24115
5148.43,0.24054
5149.33,0.24222
5150.23,0.24183
5151.13,0.2417
5152.03,0.24153
5152.94,0.24196
5153.84,0.24231
5154.74,0.24277
5155.64,0.24417
5156.54,0.24594
5157.44,0.24948
5158.34,0.24909
5159.24,0.25146
5160.14,0.25207
5161.04,0.25132
5161.94,0.24993
5162.84,0.24862
5163.74,0.24553
5164.64,0.24051
5165.54,0.23567
5166.44,0.22902
5167.34,0.22469
5168.24,0.21999
5169.14,0.21514
5170.04,0.21376
5170.94,0.21125
5171.84,0.21111
5172.74,0.2118
5173.64,0.21464
5174.54,0.21788
5175.44,0.2224
5176.34,0.22693
5177.24,0.23084
5178.14,0.23439
5179.04,0.23784
5179.94,0.23674
5180.84,0.23527
5181.74,0.23268
5182.64,0.22872
5183.54,0.22637
5184.44,0.22427
5185.34,0.22322
5186.24,0.22526
5187.14,0.22769
5188.04,0.23149
5188.94,0.23408
5189.84,0.23625
5190.75,0.23766
5191.65,0.23943
5192.55,0.23876
5193.45,0.23938
5194.35,0.2396
5195.25,0.23939
5196.15,0.24059
5197.05,0.24219
5197.95,0.24265
5198.85,0.24481
5199.75,0.24459
5200.65,0.2457
5201.55,0.24569
5202.45,0.24492
5203.35,0.24395
5204.25,0.24198
5205.15,0.239
5206.05,0.2372
5206.95,0.23458
5207.85,0.23396
5208.75,0.23326
5209.65,0.23487
5210.55,0.2359
5211.45,0.23833
5212.35,0.24135
5213.25,0.24474
5214.15,0.24668
5215.05,0.24885
5215.95,0.25004
5216.85,0.25123
5217.75,0.25358
5218.65,0.25207
5219.55,0.25391
5220.45,0.25531
5221.35,0.25476
5222.25,0.25349
5223.15,0.25278
5224.05,0.25255
5224.95,0.24871
5225.85,0.24654
5226.75,0.24384
5227.66,0.24298
5228.56,0.24282
5229.46,0.24349
5230.36,0.24411
5231.26,0.24606
5232.16,0.2477
5233.06,0.24886
5233.96,0.25031
5234.86,0.25124
5235.76,0.25321
5236.66,0.25392
5237.56,0.25694
5238.46,0.25752
5239.36,0.25837
5240.26,0.26037
5241.16,0.26015
5242.06,0.26033
5242.96,0.26238
5243.86,0.26118
5244.76,0.26003
5245.66,0.25926
5246.56,0.25735
5247.46,0.25657
5248.36,0.25499
5249.26,0.25384
5250.16,0.25124
5251.06,0.25185
5251.96,0.25174
5252.86,0.25175
5253.76,0.25279
5254.66,0.25369
5255.56,0.25461
5256.46,0.25552
5257.36,0.25657
5258.26,0.25699
5259.16,0.25675
5260.06,0.25536
5260.96,0.25388
5261.86,0.25153
5262.76,0.24775
5263.66,0.24397
5264.56,0.24008
5265.47,0.23764
5266.37,0.23588
5267.27,0.23308
5268.17,0.23265
5269.07,0.23097
5269.97,0.23268
5270.87,0.23305
5271.77,0.23417
5272.67,0.23701
5273.57,0.23931
5274.47,0.24262
5275.37,0.24611
5276.27,0.24833
5277.17,0.25205
5278.07,0.25499
5278.97,0.25512
5279.87,0.25687
5280.77,0.2566
5281.67,0.25683
5282.57,0.25672
5283.47,0.25742
5284.37,0.25726
5285.27,0.25779
5286.17,0.25959
5287.07,0.2601
5287.97,0.26098
5288.87,0.26447
5289.77,0.26442
5290.67,0.26591
5291.57,0.26528
5292.47,0.26537
5293.37,0.26425
5294.27,0.26256
5295.17,0.26119
5296.07,0.25894
5296.97,0.25646
5297.87,0.25447
5298.77,0.25343
5299.67,0.25269
5300.57,0.25251
5301.48,0.25459
5302.38,0.25497
5303.27,0.25675
5304.18,0.2577
5305.08,0.26101
5305.98,0.26152
5306.88,0.26284
5307.78,0.26402
5308.68,0.26436
5309.58,0.26492
5310.48,0.26525
5311.38,0.26523
5312.28,0.266
5313.18,0.26614
5314.08,0.26524
5314.98,0.26475
5315.88,0.26384
5316.78,0.26367
5317.68,0.26327
5318.58,0.26216
5319.48,0.26051
5320.38,0.26018
5321.28,0.25875
5322.18,0.25835
5323.08,0.25689
5323.98,0.25483
5324.88,0.25221
5325.78,0.24978
5326.68,0.24795
5327.58,0.24472
5328.48,0.24332
5329.38,0.24244
5330.28,0.24414
5331.18,0.24471
5332.08,0.24752
5332.98,0.24951
5333.88,0.25267
5334.78,0.25496
5335.68,0.25621
5336.58,0.25606
5337.48,0.25738
5338.38,0.25727
5339.28,0.25682
5340.19,0.25636
5341.08,0.25433
5341.99,0.25431
5342.89,0.25443
5343.79,0.25568
5344.69,0.25572
5345.59,0.2558
5346.49,0.25665
5347.39,0.25689
5348.29,0.25746
5349.19,0.25713
5350.09,0.25825
5350.99,0.25866
5351.89,0.26004
5352.79,0.2612
5353.69,0.2622
5354.59,0.26287
5355.49,0.26571
5356.39,0.26625
5357.29,0.26811
5358.19,0.26776
5359.09,0.26851
5359.99,0.26863
5360.89,0.26781
5361.79,0.26655
5362.69,0.26533
5363.59,0.26476
5364.49,0.26228
5365.39,0.26216
5366.29,0.25856
5367.19,0.25728
5368.09,0.25573
5368.99,0.25411
5369.89,0.25366
5370.79,0.25239
5371.69,0.25252
5372.59,0.25331
5373.49,0.25419
5374.39,0.25625
5375.29,0.258
5376.19,0.2608
5377.09,0.26217
5378.0,0.26407
5378.9,0.26397
5379.8,0.26462
5380.7,0.26437
5381.6,0.26332
5382.5,0.26244
5383.4,0.2616
5384.3,0.2608
5385.2,0.26216
5386.1,0.26234
5387.0,0.2613
5387.9,0.26188
5388.8,0.26104
5389.7,0.26073
5390.6,0.25976
5391.5,0.25833
5392.4,0.25672
5393.3,0.25721
5394.2,0.25499
5395.1,0.25326
5396.0,0.25324
5396.9,0.25115
5397.8,0.25178
5398.7,0.25203
5399.6,0.2521
5400.5,0.2516
5401.4,0.25215
5402.3,0.25316
5403.2,0.25196
5404.1,0.25092
5405.0,0.24941
5405.9,0.24885
5406.8,0.2472
5407.7,0.24772
5408.6,0.24791
5409.5,0.24874
5410.4,0.25005
5411.3,0.2511
5412.2,0.25324
5413.1,0.25394
5414.0,0.25536
5414.9,0.25654
5415.81,0.25804
5416.71,0.25932
5417.61,0.26024
5418.51,0.26064
5419.41,0.25997
5420.31,0.26101
5421.21,0.2607
5422.11,0.26126
5423.01,0.26002
5423.91,0.26041
5424.81,0.25889
5425.71,0.25875
5426.61,0.25788
5427.51,0.25642
5428.41,0.25862
5429.31,0.25601
5430.21,0.25448
5431.11,0.2533
5432.01,0.25196
5432.91,0.25219
5433.81,0.25202
5434.71,0.25189
5435.61,0.25278
5436.51,0.25414
5437.41,0.25455
5438.31,0.25659
5439.21,0.25831
5440.11,0.26059
5441.01,0.26098
5441.91,0.26217
5442.81,0.26374
5443.71,0.26151
5444.61,0.2595
5445.51,0.25866
5446.41,0.25624
5447.31,0.25458
5448.21,0.25513
5449.11,0.25585
5450.01,0.25506
5450.91,0.25667
5451.81,0.25712
5452.72,0.25611
5453.62,0.25648
5454.52,0.25603
5455.42,0.25629
5456.32,0.2558
5457.22,0.25629
5458.12,0.25657
5459.02,0.25608
5459.92,0.25619
5460.82,0.25749
5461.72,0.2586
5462.62,0.25836
5463.52,0.25875
5464.42,0.25775
5465.32,0.25886
5466.22,0.25946
5467.12,0.25784
5468.02,0.25946
5468.92,0.2599
5469.82,0.26004
5470.72,0.26016
5471.62,0.25822
5472.52,0.25809
5473.42,0.25665
5474.32,0.25493
5475.22,0.25401
5476.12,0.2533
5477.02,0.25116
5477.92,0.25172
5478.82,0.25126
5479.72,0.25204
5480.62,0.25291
5481.52,0.25285
5482.42,0.25426
5483.32,0.25522
5484.22,0.25584
5485.12,0.25717
5486.02,0.25651
5486.92,0.25891
5487.82,0.25886
5488.72,0.25838
5489.62,0.25867
5490.53,0.25939
5491.43,0.25908
5492.33,0.25898
5493.23,0.25876
5494.13,0.25912
5495.03,0.25949
5495.93,0.25837
5496.83,0.25865
5497.73,0.25742
5498.63,0.25829
5499.53,0.25792
5500.43,0.25687
5501.33,0.25704
5502.23,0.25689
5503.13,0.25676
5504.03,0.25687
5504.93,0.25622
5505.83,0.25615
5506.73,0.25534
5507.63,0.25616
5508.53,0.25571
5509.43,0.25556
5510.33,0.25542
5511.23,0.25515
5512.13,0.25626
5513.03,0.25539
5513.93,0.25509
5514.83,0.25522
5515.73,0.25719
5516.63,0.25758
5517.53,0.25859
5518.43,0.25804
5519.33,0.26126
5520.23,0.26167
5521.13,0.26226
5522.03,0.26199
5522.93,0.26257
5523.83,0.26245
5524.73,0.26059
5525.63,0.25993
5526.54,0.25827
5527.44,0.25722
5528.33,0.25628
5529.24,0.25539
5530.14,0.25621
5531.04,0.25644
5531.94,0.25722
5532.84,0.25767
5533.74,0.25801
5534.64,0.26019
5535.54,0.25986
5536.44,0.26094
5537.34,0.26018
5538.24,0.26185
5539.14,0.26174
5540.04,0.26314
5540.94,0.26408
5541.84,0.26315
5542.74,0.26255
5543.64,0.26358
5544.54,0.26356
5545.44,0.2626
5546.34,0.26338
5547.24,0.2635
5548.14,0.26396
5549.04,0.26453
5549.94,0.26416
5550.84,0.26482
5551.74,0.26418
5552.64,0.26336
5553.54,0.26316
5554.44,0.26312
5555.34,0.26147
5556.24,0.26157
5557.14,0.2613
5558.04,0.26101
5558.94,0.26104
5559.84,0.26109
5560.74,0.26082
5561.64,0.25954
5562.54,0.26004
5563.44,0.25932
5564.34,0.25891
5565.25,0.25829
5566.15,0.25635
5567.05,0.25611
5567.95,0.2567
5568.85,0.25517
5569.75,0.25541
5570.65,0.25594
5571.55,0.25596
5572.45,0.25559
5573.35,0.25595
5574.25,0.25614
5575.15,0.25577
5576.05,0.25674
5576.95,0.25705
5577.85,0.25831
5578.75,0.25952
5579.65,0.25855
5580.55,0.25857
5581.45,0.25883
5582.35,0.25883
5583.25,0.2576
5584.15,0.25645
5585.05,0.25562
5585.95,0.2539
5586.85,0.2521
5587.75,0.24927
5588.65,0.24852
5589.55,0.24767
5590.45,0.24718
5591.35,0.24707
5592.25,0.2473
5593.15,0.24794
5594.05,0.24962
5594.95,0.25118
5595.85,0.25011
5596.75,0.25111
5597.65,0.25177
5598.55,0.25164
5599.45,0.25102
5600.35,0.25049
5601.25,0.252
5602.15,0.253
5603.06,0.25261
5603.96,0.2527
5604.86,0.2541
5605.76,0.25693
5606.66,0.25872
5607.56,0.25931
5608.46,0.26138
5609.36,0.26168
5610.26,0.2622
5611.16,0.26318
5612.06,0.26182
5612.96,0.26056
5613.86,0.25922
5614.76,0.2581
5615.66,0.25739
5616.56,0.25603
5617.46,0.25513
5618.36,0.25557
5619.26,0.25574
5620.16,0.25578
5621.06,0.25617
5621.96,0.25791
5622.86,0.25737
5623.76,0.25796
5624.66,0.25812
5625.56,0.25781
5626.46,0.25681
5627.36,0.25891
5628.26,0.25912
5629.16,0.26055
5630.06,0.26076
5630.96,0.26137
5631.86,0.26132
5632.76,0.2609
5633.66,0.26101
5634.56,0.26107
5635.46,0.26104
5636.36,0.26089
5637.26,0.26092
5638.16,0.25973
5639.06,0.25852
5639.96,0.25799
5640.86,0.2583
5641.77,0.25748
5642.67,0.25775
5643.57,0.25751
5644.47,0.25777
5645.37,0.25841
5646.27,0.25899
5647.17,0.25927
5648.07,0.25996
5648.97,0.26067
5649.87,0.2614
5650.77,0.26118
5651.67,0.26116
5652.57,0.2615
5653.47,0.26098
5654.37,0.25964
5655.27,0.2594
5656.17,0.25787
5657.07,0.25667
5657.97,0.25515
5658.87,0.25401
5659.77,0.25257
5660.67,0.2531
5661.57,0.25256
5662.47,0.25253
5663.37,0.25426
5664.27,0.25345
5665.17,0.25534
5666.07,0.25611
5666.97,0.2568
5667.87,0.25659
5668.77,0.25794
5669.67,0.25783
5670.57,0.25831
5671.47,0.2582
5672.37,0.26002
5673.27,0.25965
5674.17,0.25936
5675.07,0.26108
5675.97,0.26062
5676.88,0.26215
5677.77,0.26159
5678.68,0.26187
5679.58,0.26221
5680.48,0.26135
5681.38,0.26021
5682.28,0.25872
5683.18,0.25953
5684.08,0.25906
5684.98,0.25726
5685.88,0.25736
5686.78,0.25728
5687.68,0.25777
5688.58,0.25731
5689.48,0.25727
5690.38,0.2585
5691.28,0.25728
5692.18,0.25801
5693.08,0.25955
5693.98,0.26007
5694.88,0.2605
5695.78,0.2605
5696.68,0.25982
5697.58,0.25948
5698.48,0.25949
5699.38,0.25837
5700.28,0.25723
5701.18,0.25781
5702.08,0.2564
5702.98,0.25599
5703.88,0.25474
5704.78,0.25445
5705.68,0.25247
5706.58,0.25259
5707.48,0.25164
5708.38,0.25088
5709.28,0.25057
5710.18,0.25058
5711.08,0.2497
5711.98,0.24974
5712.88,0.25126
5713.78,0.25238
5714.68,0.25391
5715.59,0.25609
5716.49,0.25631
5717.39,0.25786
5718.29,0.25996
5719.19,0.25998
5720.09,0.26064
5720.99,0.2614
5721.89,0.26191
5722.79,0.26279
5723.69,0.26244
5724.59,0.26206
5725.49,0.26159
5726.39,0.2611
5727.29,0.26092
5728.19,0.26073
5729.09,0.25979
5729.99,0.25935
5730.89,0.26038
5731.79,0.26097
5732.69,0.26063
5733.59,0.2606
5734.49,0.2604
5735.39,0.26066
5736.29,0.2608
5737.19,0.26206
5738.09,0.2614
5738.99,0.26035
5739.89,0.26071
5740.79,0.26189
5741.69,0.26095
5742.59,0.2607
5743.49,0.26059
5744.39,0.26118
5745.29,0.26044
5746.19,0.2615
5747.09,0.2611
5747.99,0.26261
5748.89,0.25994
5749.79,0.25996
5750.69,0.26033
5751.59,0.25925
5752.5,0.25853
5753.4,0.25789
5754.3,0.25807
5755.2,0.25841
5756.1,0.25828
5757.0,0.25789
5757.9,0.25795
5758.8,0.25944
5759.7,0.25867
5760.6,0.25911
5761.5,0.25948
5762.4,0.259
5763.3,0.25911
5764.2,0.25927
5765.1,0.26057
5766.0,0.25934
5766.9,0.26129
5767.8,0.26062
5768.7,0.2612
5769.6,0.26356
5770.5,0.26175
5771.4,0.26169
5772.3,0.26202
5773.2,0.26041
5774.1,0.26046
5775.0,0.26112
5775.9,0.26022
5776.8,0.25924
5777.7,0.25914
5778.6,0.2578
5779.5,0.25843
5780.4,0.25754
5781.3,0.25669
5782.2,0.2559
5783.1,0.25437
5784.0,0.25495
5784.9,0.25436
5785.8,0.2543
5786.7,0.25434
5787.6,0.25482
5788.5,0.25546
5789.41,0.25611
5790.31,0.25718
5791.21,0.25697
5792.11,0.25793
5793.01,0.25863
5793.91,0.25895
5794.81,0.25973
5795.71,0.25912
5796.61,0.25986
5797.51,0.26151
5798.41,0.26139
5799.31,0.26152
5800.21,0.26071
5801.11,0.2612
5802.01,0.26193
5802.91,0.26114
5803.81,0.2621
5804.71,0.26126
5805.61,0.26209
5806.51,0.26189
5807.41,0.26141
5808.31,0.26045
5809.21,0.26122
5810.11,0.26079
5811.01,0.26196
5811.91,0.26216
5812.81,0.26063
5813.71,0.26122
5814.61,0.26172
5815.51,0.26084
5816.41,0.26161
5817.31,0.2609
5818.21,0.26235
5819.11,0.26247
5820.01,0.26185
5820.91,0.26303
5821.81,0.26298
5822.71,0.26366
5823.61,0.26392
5824.51,0.26383
5825.41,0.26429
5826.31,0.26346
5827.22,0.26354
5828.12,0.26427
5829.02,0.26429
5829.92,0.26399
5830.82,0.26379
5831.72,0.26447
5832.62,0.26451
5833.52,0.26531
5834.42,0.26454
5835.32,0.26334
5836.22,0.26329
5837.12,0.26362
5838.02,0.26381
5838.92,0.26367
5839.82,0.26346
5840.72,0.26358
5841.62,0.26375
5842.52,0.26294
5843.42,0.26244
5844.32,0.26256
5845.22,0.26308
5846.12,0.26237
5847.02,0.26235
5847.92,0.26116
5848.82,0.26181
5849.72,0.26011
5850.62,0.25901
5851.52,0.25888
5852.42,0.25841
5853.32,0.25613
5854.22,0.25605
5855.12,0.25521
5856.02,0.25383
5856.92,0.25478
5857.82,0.25292
5858.72,0.25406
5859.62,0.2537
5860.52,0.25326
5861.42,0.25411
5862.32,0.25461
5863.23,0.25628
5864.12,0.25552
5865.03,0.25609
5865.93,0.2557
5866.83,0.25799
5867.73,0.25752
5868.63,0.25811
5869.53,0.25834
5870.43,0.25886
5871.33,0.25964
5872.23,0.25884
5873.13,0.26033
5874.03,0.26049
5874.93,0.25981
5875.83,0.25995
5876.73,0.25838
5877.63,0.25961
5878.53,0.25933
5879.43,0.2585
5880.33,0.25736
5881.23,0.25735
5882.13,0.25597
5883.03,0.25405
5883.93,0.25393
5884.83,0.25201
5885.73,0.25156
5886.63,0.24741
5887.53,0.24533
5888.43,0.24221
5889.33,0.23973
5890.23,0.23718
5891.13,0.23411
5892.03,0.23241
5892.93,0.23161
5893.83,0.2317
5894.73,0.23138
5895.63,0.23134
5896.53,0.23316
5897.43,0.23428
5898.33,0.23689
5899.23,0.23866
5900.13,0.23983
5901.04,0.24346
5901.94,0.24595
5902.83,0.24878
5903.74,0.24967
5904.64,0.25046
5905.54,0.25317
5906.44,0.25416
5907.34,0.25447
5908.24,0.25505
5909.14,0.25458
5910.04,0.25469
5910.94,0.25437
5911.84,0.25398
5912.74,0.25361
5913.64,0.25378
5914.54,0.25329
5915.44,0.25262
5916.34,0.25275
5917.24,0.25196
5918.14,0.25296
5919.04,0.25313
5919.94,0.25285
5920.84,0.25351
5921.74,0.25407
5922.64,0.254
5923.54,0.25487
5924.44,0.25456
5925.34,0.25564
5926.24,0.25516
5927.14,0.25466
5928.04,0.25505
5928.94,0.25401
5929.84,0.2554
5930.74,0.25387
5931.64,0.25586
5932.54,0.25513
5933.44,0.25534
5934.34,0.25472
5935.24,0.25499
5936.14,0.25484
5937.04,0.25487
5937.94,0.25497
5938.85,0.25571
5939.75,0.25481
5940.65,0.25586
5941.55,0.25505
5942.45,0.25522
5943.35,0.25544
5944.25,0.2546
5945.15,0.25505
5946.05,0.25514
5946.95,0.25484
5947.85,0.25315
5948.75,0.2537
5949.65,0.25522
5950.55,0.25316
5951.45,0.25374
5952.35,0.25367
5953.25,0.25371
5954.15,0.25345
5955.05,0.25382
5955.95,0.25423
5956.85,0.25505
5957.75,0.2545
5958.65,0.2543
5959.55,0.25453
5960.45,0.25602
5961.35,0.25593
5962.25,0.25696
5963.15,0.25645
5964.05,0.25641
5964.95,0.25787
5965.85,0.25755
5966.75,0.25745
5967.65,0.25812
5968.55,0.25711
5969.45,0.25782
5970.35,0.25842
5971.25,0.25867
5972.15,0.25816
5973.05,0.25806
5973.95,0.25759
5974.85,0.25675
5975.75,0.25729
5976.65,0.25602
5977.56,0.2562
5978.46,0.25491
5979.36,0.25539
5980.26,0.25439
5981.16,0.25587
5982.06,0.25499
5982.96,0.25443
5983.86,0.25393
5984.76,0.25477
5985.66,0.25499
5986.56,0.25501
5987.46,0.25461
5988.36,0.25502
5989.26,0.25571
5990.16,0.25537
5991.06,0.25597
5991.96,0.25614
5992.86,0.25689
5993.76,0.25609
5994.66,0.25779
5995.56,0.2566
5996.46,0.25659
5997.36,0.25614
5998.26,0.25677
5999.16,0.2573
6000.06,0.25663
6000.96,0.25503
6001.86,0.25533
6002.76,0.25609
6003.66,0.25504
6004.56,0.25476
6005.46,0.25362
6006.36,0.25485
6007.26,0.25324
6008.16,0.25338
6009.06,0.25302
6009.96,0.25283
6010.86,0.2532
6011.76,0.25385
6012.67,0.25331
6013.56,0.25528
6014.47,0.25451
6015.37,0.25439
6016.27,0.25296
6017.17,0.25316
6018.07,0.25263
6018.97,0.2535
6019.87,0.25324
6020.77,0.25335
6021.67,0.25179
6022.57,0.25285
6023.47,0.25203
6024.37,0.25229
6025.27,0.25236
6026.17,0.25289
6027.07,0.25411
6027.97,0.25379
6028.87,0.25439
6029.77,0.25567
6030.67,0.25683
6031.57,0.2571
6032.47,0.25641
6033.37,0.25758
6034.27,0.25815
6035.17,0.2578
6036.07,0.25652
6036.97,0.2582
6037.87,0.25858
6038.77,0.25816
6039.67,0.25841
6040.57,0.25758
6041.47,0.25792
6042.37,0.25935
6043.27,0.25813
6044.17,0.25769
6045.07,0.25846
6045.97,0.25866
6046.87,0.25818
6047.77,0.2604
6048.67,0.25907
6049.57,0.25891
6050.47,0.2599
6051.38,0.25908
6052.28,0.25984
6053.18,0.25769
6054.08,0.25842
6054.98,0.25815
6055.88,0.25849
6056.78,0.25758
6057.68,0.25666
6058.58,0.25618
6059.48,0.25788
6060.38,0.25689
6061.28,0.25638
6062.18,0.25664
6063.08,0.2562
6063.98,0.25638
6064.88,0.25555
6065.78,0.25545
6066.68,0.25394
6067.58,0.25551
6068.48,0.25594
6069.38,0.25664
6070.28,0.25773
6071.18,0.25816
6072.08,0.25889
6072.98,0.2574
6073.88,0.25904
6074.78,0.25846
6075.68,0.25988
6076.58,0.25968
6077.48,0.25901
6078.38,0.25761
6079.28,0.25804
6080.18,0.2566
6081.08,0.25574
6081.98,0.2556
6082.88,0.2549
6083.78,0.25508
6084.68,0.25386
6085.58,0.25469
6086.48,0.25513
6087.38,0.25491
6088.28,0.25405
6089.19,0.25445
6090.09,0.25372
6090.99,0.25514
6091.89,0.25443
6092.79,0.25408
6093.69,0.25529
6094.59,0.25515
6095.49,0.25528
6096.39,0.25558
6097.29,0.2542
6098.19,0.25558
6099.09,0.25583
6099.99,0.25354
6100.89,0.25278
6101.79,0.25251
6102.69,0.25062
6103.59,0.25079
6104.49,0.25114
6105.39,0.25067
6106.29,0.25064
6107.19,0.25149
6108.09,0.25232
6108.99,0.25311
6109.89,0.25296
6110.79,0.25461
6111.69,0.2559
6112.59,0.25548
6113.49,0.25605
6114.39,0.25629
6115.29,0.25533
6116.19,0.25503
6117.09,0.2556
6117.99,0.25397
6118.89,0.25483
6119.79,0.2537
6120.69,0.25158
6121.59,0.25079
6122.49,0.25095
6123.39,0.25059
6124.29,0.25047
6125.19,0.2502
6126.1,0.25142
6127.0,0.25086
6127.9,0.25021
6128.8,0.25195
6129.7,0.25176
6130.6,0.25332
6131.5,0.25324
6132.4,0.25248
6133.3,0.25243
6134.2,0.25028
6135.1,0.2494
6136.0,0.24925
6136.9,0.24653
6137.8,0.24701
6138.7,0.24667
6139.6,0.24553
6140.5,0.24675
6141.4,0.24742
6142.3,0.24635
6143.2,0.24843
6144.1,0.2494
6145.0,0.24974
6145.9,0.25118
6146.8,0.25211
6147.7,0.25255
6148.6,0.25322
6149.5,0.25269
6150.4,0.25268
6151.3,0.25266
6152.2,0.25301
6153.1,0.25271
6154.0,0.25218
6154.9,0.2526
6155.8,0.25263
6156.7,0.25122
6157.6,0.25115
6158.5,0.24845
6159.4,0.24822
6160.3,0.24649
6161.2,0.24539
6162.1,0.24349
6163.01,0.24051
6163.91,0.24014
6164.81,0.23924
6165.71,0.2389
6166.61,0.24074
6167.51,0.24012
6168.41,0.23995
6169.31,0.24023
6170.21,0.24081
6171.11,0.24181
6172.01,0.24213
6172.91,0.24267
6173.81,0.24376
6174.71,0.24497
6175.61,0.24706
6176.51,0.24755
6177.41,0.24658
6178.31,0.24798
6179.21,0.24908
6180.11,0.24924
6181.01,0.24932
6181.91,0.24985
6182.81,0.25025
6183.71,0.24991
6184.61,0.25015
6185.51,0.24919
6186.41,0.24887
6187.31,0.24824
6188.21,0.24689
6189.11,0.24758
6190.01,0.24607
6190.91,0.24594
6191.81,0.24487
6192.71,0.24594
6193.61,0.24553
6194.51,0.2464
6195.41,0.24518
6196.31,0.2466
6197.21,0.24729
6198.11,0.24788
6199.01,0.24707
6199.92,0.24943
6200.82,0.24922
6201.72,0.24818
6202.62,0.24898
6203.52,0.24838
6204.42,0.2494
6205.32,0.25086
6206.22,0.25018
6207.12,0.25085
6208.02,0.25012
6208.92,0.24935
6209.82,0.24992
6210.72,0.24933
6211.62,0.24791
6212.52,0.24756
6213.42,0.24616
6214.32,0.24555
6215.22,0.24504
6216.12,0.24503
6217.02,0.24307
6217.92,0.24266
6218.82,0.24305
6219.72,0.24219
6220.62,0.24315
6221.52,0.24291
6222.42,0.24341
6223.32,0.24407
6224.22,0.24507
6225.12,0.24418
6226.02,0.24502
6226.92,0.24456
6227.82,0.24414
6228.72,0.24436
6229.62,0.24346
6230.52,0.24219
6231.42,0.24209
6232.32,0.24144
6233.22,0.24147
6234.12,0.24225
6235.02,0.24211
6235.92,0.24313
6236.83,0.24243
6237.73,0.2432
6238.63,0.24484
6239.53,0.24432
6240.43,0.24171
6241.33,0.24368
6242.23,0.24335
6243.13,0.24206
6244.03,0.24128
6244.93,0.24116
6245.83,0.24095
6246.73,0.24203
6247.63,0.2417
6248.53,0.24108
6249.43,0.24083
6250.33,0.24144
6251.23,0.24135
6252.13,0.24073
6253.03,0.24018
6253.93,0.2393
6254.83,0.23877
6255.73,0.23812
6256.63,0.23866
6257.53,0.23746
6258.43,0.23701
6259.33,0.23823
6260.23,0.23828
6261.13,0.2388
6262.03,0.23923
6262.93,0.24008
6263.83,0.24093
6264.73,0.2431
6265.63,0.24254
6266.53,0.24277
6267.43,0.24453
6268.33,0.24445
6269.23,0.24522
6270.13,0.24509
6271.03,0.24649
6271.93,0.24515
6272.83,0.24622
6273.73,0.2457
6274.64,0.24576
6275.54,0.2462
6276.44,0.24642
6277.34,0.24646
6278.24,0.24589
6279.14,0.24516
6280.04,0.24584
6280.94,0.24536
6281.84,0.2447
6282.74,0.24562
6283.64,0.24573
6284.54,0.24573
6285.44,0.24695
6286.34,0.24674
6287.24,0.247
6288.14,0.24744
6289.04,0.24825
6289.94,0.24803
6290.84,0.24815
6291.74,0.24752
6292.64,0.24751
6293.54,0.24757
6294.44,0.24728
6295.34,0.2456
6296.24,0.24669
6297.14,0.24458
6298.04,0.24489
6298.94,0.24469
6299.84,0.24276
6300.74,0.24243
6301.64,0.24214
6302.54,0.24347
6303.44,0.24305
6304.34,0.2442
6305.24,0.24447
6306.14,0.24418
6307.04,0.2464
6307.94,0.24613
6308.84,0.24693
6309.74,0.24684
6310.64,0.24591
6311.54,0.24749
6312.45,0.24696
6313.35,0.24619
6314.25,0.24504
6315.15,0.24416
6316.05,0.24449
6316.95,0.24453
6317.85,0.24435
6318.75,0.24431
6319.65,0.24335
6320.55,0.24404
6321.45,0.2446
6322.35,0.24501
6323.25,0.24645
6324.15,0.24538
6325.05,0.24651
6325.95,0.24679
6326.85,0.24757
6327.75,0.24715
6328.65,0.24689
6329.55,0.24694
6330.45,0.24737
6331.35,0.24783
6332.25,0.24828
6333.15,0.24729
6334.05,0.24718
6334.95,0.24674
6335.85,0.2463
6336.75,0.24564
6337.65,0.24553
6338.55,0.24537
6339.45,0.24601
6340.35,0.24575
6341.25,0.24609
6342.15,0.24621
6343.05,0.24587
6343.95,0.24678
6344.85,0.2471
6345.75,0.2467
6346.65,0.24771
6347.55,0.2478
6348.46,0.24878
6349.35,0.24724
6350.26,0.24786
6351.16,0.24816
6352.06,0.24767
6352.96,0.24725
6353.86,0.24735
6354.76,0.24654
6355.66,0.2444
6356.56,0.24434
6357.46,0.24484
6358.36,0.24332
6359.26,0.2431
6360.16,0.24316
6361.06,0.24144
6361.96,0.24276
6362.86,0.24189
6363.76,0.24269
6364.66,0.24334
6365.56,0.24437
6366.46,0.24427
6367.36,0.24396
6368.26,0.24546
6369.16,0.24652
6370.06,0.24592
6370.96,0.24628
6371.86,0.24711
6372.76,0.24767
6373.66,0.24711
6374.56,0.24745
6375.46,0.24773
6376.36,0.24742
6377.26,0.24729
6378.16,0.24764
6379.06,0.2474
6379.96,0.24645
6380.86,0.24655
6381.76,0.24639
6382.66,0.2465
6383.56,0.24597
6384.46,0.24698
6385.36,0.24617
6386.27,0.245
6387.17,0.24567
6388.07,0.24583
6388.97,0.24432
6389.87,0.24563
6390.77,0.24551
6391.67,0.24526
6392.57,0.24448
6393.47,0.24417
6394.37,0.24435
6395.27,0.24269
6396.17,0.24346
6397.07,0.2429
6397.97,0.2436
6398.87,0.24375
6399.77,0.24407
6400.67,0.24308
6401.57,0.24275
6402.47,0.24406
6403.37,0.2439
6404.27,0.24465
6405.17,0.24575
6406.07,0.24497
6406.97,0.24598
6407.87,0.24471
6408.77,0.24486
6409.67,0.24573
6410.57,0.24489
6411.47,0.24451
6412.37,0.24577
6413.27,0.24435
6414.17,0.24483
6415.07,0.24453
6415.97,0.24649
6416.87,0.24537
6417.77,0.24587
6418.67,0.24564
6419.57,0.24505
6420.47,0.24528
6421.37,0.24579
6422.27,0.24532
6423.17,0.24562
6424.08,0.24589
6424.98,0.24596
6425.88,0.24675
6426.78,0.24703
6427.68,0.24724
6428.58,0.24512
6429.48,0.24666
6430.38,0.24574
6431.28,0.24694
6432.18,0.24603
6433.08,0.24681
6433.98,0.2458
6434.88,0.24587
6435.78,0.2445
6436.68,0.2454
6437.58,0.24455
6438.48,0.24512
6439.38,0.24493
6440.28,0.24501
6441.18,0.24629
6442.08,0.24592
6442.98,0.24728
6443.88,0.24726
6444.78,0.24704
6445.68,0.24769
6446.58,0.24702
6447.48,0.24718
6448.38,0.24669
6449.28,0.24577
6450.18,0.2459
6451.08,0.24471
6451.98,0.2435
6452.88,0.24369
6453.78,0.24439
6454.68,0.24358
6455.58,0.24455
6456.48,0.24434
6457.38,0.2447
6458.28,0.24423
6459.18,0.24404
6460.08,0.24405
6460.98,0.24274
6461.89,0.2432
6462.79,0.24156
6463.69,0.2413
6464.59,0.24203
6465.49,0.24326
6466.39,0.24188
6467.29,0.24273
6468.19,0.24401
6469.09,0.24265
6469.99,0.24356
6470.89,0.2438
6471.79,0.24483
6472.69,0.24319
6473.59,0.24491
6474.49,0.24446
6475.39,0.24409
6476.29,0.24251
6477.19,0.24325
6478.09,0.24363
6478.99,0.24335
6479.89,0.24284
6480.79,0.24308
6481.69,0.24318
6482.59,0.24265
6483.49,0.24242
6484.39,0.24102
6485.29,0.24277
6486.19,0.24246
6487.09,0.24128
6487.99,0.24182
6488.89,0.24115
6489.79,0.24091
6490.69,0.24004
6491.59,0.2378
6492.49,0.23727
6493.39,0.23549
6494.29,0.23339
6495.19,0.23213
6496.09,0.2303
6496.99,0.22976
6497.9,0.23005
6498.79,0.23023
6499.7,0.23136
6500.6,0.2309
6501.5,0.23318
6502.4,0.2353
6503.3,0.23689
6504.2,0.23815
6505.1,0.23864
6506.0,0.24026
6506.9,0.24124
6507.8,0.24104
6508.7,0.24212
6509.6,0.24283
6510.5,0.24206
6511.4,0.2419
6512.3,0.24213
6513.2,0.24214
6514.1,0.24172
6515.0,0.24067
6515.9,0.24068
6516.8,0.24006
6517.7,0.23985
6518.6,0.23991
6519.5,0.23983
6520.4,0.23975
6521.3,0.24027
6522.2,0.24098
6523.1,0.24055
6524.0,0.2415
6524.9,0.2421
6525.8,0.24173
6526.7,0.24142
6527.6,0.24084
6528.5,0.24154
6529.4,0.24147
6530.3,0.24039
6531.2,0.24108
6532.1,0.24076
6533.0,0.2403
6533.9,0.2401
6534.8,0.24082
6535.71,0.24091
6536.61,0.24089
6537.51,0.24022
6538.41,0.24087
6539.31,0.2401
6540.21,0.24061
6541.11,0.24001
6542.01,0.23982
6542.91,0.23988
6543.81,0.23841
6544.71,0.23833
6545.61,0.23771
6546.51,0.23695
6547.41,0.2362
6548.31,0.23685
6549.21,0.23515
6550.11,0.23547
6551.01,0.23453
6551.91,0.23415
6552.81,0.2334
6553.71,0.23298
6554.61,0.23159
6555.51,0.22919
6556.41,0.22693
6557.31,0.2247
6558.21,0.2213
6559.11,0.21867
6560.01,0.21478
6560.91,0.21005
6561.81,0.20633
6562.71,0.20303
6563.61,0.20137
6564.51,0.20064
6565.41,0.20114
6566.31,0.20273
6567.21,0.20546
6568.11,0.20876
6569.01,0.21342
6569.91,0.21725
6570.81,0.22057
6571.71,0.2239
6572.61,0.22544
6573.52,0.22733
6574.42,0.22916
6575.32,0.23136
6576.22,0.23234
6577.12,0.23274
6578.02,0.23395
6578.92,0.23479
6579.82,0.23657
6580.72,0.23628
6581.62,0.23798
6582.52,0.23728
6583.42,0.23759
6584.32,0.23763
6585.22,0.23778
6586.12,0.2376
6587.02,0.2378
6587.92,0.23814
6588.82,0.23785
6589.72,0.23814
6590.62,0.23741
6591.52,0.23656
6592.42,0.23636
6593.32,0.23704
6594.22,0.23524
6595.12,0.23536
6596.02,0.2356
6596.92,0.23555
6597.82,0.23566
6598.72,0.23719
6599.62,0.23725
6600.52,0.2368
6601.42,0.23838
6602.32,0.23789
6603.22,0.23877
6604.12,0.23848
6605.02,0.23978
6605.92,0.23914
6606.82,0.23919
6607.72,0.23888
6608.62,0.23789
6609.52,0.2375
6610.43,0.23799
6611.33,0.23753
6612.23,0.2378
6613.13,0.23867
6614.03,0.23822
6614.93,0.23918
6615.83,0.24045
6616.73,0.24063
6617.63,0.24034
6618.53,0.23973
6619.43,0.24091
6620.33,0.24111
6621.23,0.24063
6622.13,0.24051
6623.03,0.2408
6623.93,0.24036
6624.83,0.24041
6625.73,0.24044
6626.63,0.23982
6627.53,0.23964
6628.43,0.24
6629.33,0.23918
6630.23,0.23827
6631.13,0.23944
6632.03,0.23898
6632.93,0.23801
6633.83,0.2377
6634.73,0.23842
6635.63,0.23679
6636.53,0.23926
6637.43,0.23931
6638.33,0.23998
6639.23,0.23876
6640.13,0.23853
6641.03,0.23896
6641.93,0.23885
6642.83,0.23843
6643.73,0.2387
6644.63,0.23793
6645.53,0.23802
6646.43,0.23811
6647.34,0.2381
6648.24,0.2378
6649.14,0.23901
6650.04,0.23842
6650.94,0.23964
6651.84,0.2395
6652.74,0.23874
6653.64,0.23891
6654.54,0.24043
6655.44,0.23905
6656.34,0.2399
6657.24,0.23949
6658.14,0.23822
6659.04,0.2393
6659.94,0.2386
6660.84,0.23816
6661.74,0.23806
6662.64,0.23688
6663.54,0.23708
6664.44,0.23591
6665.34,0.23813
6666.24,0.23598
6667.14,0.23643
6668.04,0.23618
6668.94,0.23767
6669.84,0.23745
6670.74,0.23644
6671.64,0.23801
6672.54,0.23858
6673.44,0.23828
6674.34,0.23848
6675.24,0.23812
6676.14,0.23697
6677.04,0.2369
6677.94,0.23666
6678.84,0.23514
6679.74,0.23529
6680.64,0.2359
6681.54,0.23597
6682.44,0.23512
6683.34,0.23624
6684.24,0.23645
6685.15,0.23667
6686.05,0.23675
6686.95,0.2375
6687.85,0.23754
6688.75,0.23718
6689.65,0.23798
6690.55,0.23734
6691.45,0.23755
6692.35,0.23826
6693.25,0.23861
6694.15,0.2374
6695.05,0.23739
6695.95,0.23706
6696.85,0.23729
6697.75,0.23678
6698.65,0.23736
6699.55,0.23774
6700.45,0.23712
6701.35,0.23637
6702.25,0.23741
6703.15,0.23743
6704.05,0.23622
6704.95,0.23568
6705.85,0.23646
6706.75,0.23626
6707.65,0.23677
6708.55,0.23644
6709.45,0.23539
6710.35,0.23548
6711.25,0.23438
6712.15,0.23569
6713.05,0.23487
6713.95,0.235
6714.85,0.23351
6715.75,0.23321
6716.65,0.23443
6717.55,0.2327
6718.45,0.23199
6719.35,0.23344
6720.25,0.23299
6721.16,0.23251
6722.06,0.23333
6722.96,0.23263
6723.86,0.23354
6724.76,0.2343
6725.66,0.23501
6726.56,0.23497
6727.46,0.23561
6728.36,0.2351
6729.26,0.23621
6730.16,0.23604
6731.06,0.23481
6731.96,0.23572
6732.86,0.23494
6733.76,0.23646
6734.66,0.23554
6735.56,0.23596
6736.46,0.23582
6737.36,0.23553
6738.26,0.23498
6739.16,0.23497
6740.06,0.23492
6740.96,0.23504
6741.86,0.23461
6742.76,0.23395
6743.66,0.2337
6744.56,0.23346
6745.46,0.23296
6746.36,0.23308
6747.26,0.23338
6748.16,0.23238
6749.06,0.23243
6749.96,0.23218
6750.86,0.23256
6751.76,0.23149
6752.66,0.23283
6753.56,0.23191
6754.46,0.23297
6755.36,0.23419
6756.26,0.23411
6757.16,0.23453
6758.06,0.23559
6758.97,0.23457
6759.87,0.23398
6760.77,0.23552
6761.67,0.23412
6762.57,0.23496
6763.47,0.23513
6764.37,0.2343
6765.27,0.23411
6766.17,0.23396
6767.07,0.23377
6767.97,0.23346
6768.87,0.2333
6769.77,0.23368
6770.67,0.23307
6771.57,0.23293
6772.47,0.23355
6773.37,0.23349
6774.27,0.23349
6775.17,0.23355
6776.07,0.23423
6776.97,0.2345
6777.87,0.23442
6778.77,0.23361
6779.67,0.23402
6780.57,0.23494
6781.47,0.23465
6782.37,0.23501
6783.27,0.23337
6784.17,0.23351
6785.07,0.23292
6785.97,0.2328
6786.87,0.23451
6787.77,0.23356
6788.67,0.23189
6789.57,0.23389
6790.47,0.23284
6791.37,0.23317
6792.27,0.23336
6793.17,0.2333
6794.07,0.23284
6794.97,0.23237
6795.88,0.23397
6796.78,0.2331
6797.68,0.23474
6798.58,0.23361
6799.48,0.23328
6800.38,0.23363
6801.28,0.23324
6802.18,0.23295
6803.08,0.23359
6803.98,0.23349
6804.88,0.23407
6805.78,0.23418
6806.68,0.23302
6807.58,0.23267
6808.48,0.23241
6809.38,0.23216
6810.28,0.23208
6811.18,0.23221
6812.08,0.23229
6812.98,0.2318
6813.88,0.23238
6814.78,0.23233
6815.68,0.23224
6816.58,0.23267
6817.48,0.23257
6818.38,0.23181
6819.28,0.23216
6820.18,0.23326
6821.08,0.23301
6821.98,0.23314
6822.88,0.23406
6823.78,0.23352
6824.68,0.23411
6825.58,0.23336
6826.48,0.23356
6827.38,0.2338
6828.28,0.23298
6829.18,0.23331
6830.08,0.23325
6830.98,0.23336
6831.88,0.23238
6832.79,0.23262
6833.69,0.23279
6834.59,0.23249
6835.49,0.2322
6836.39,0.23187
6837.29,0.23143
6838.19,0.23191
6839.09,0.23137
6839.99,0.23083
6840.89,0.23111
6841.79,0.23054
6842.69,0.23103
6843.59,0.23019
6844.49,0.23096
6845.39,0.23089
6846.29,0.23136
6847.19,0.23098
6848.09,0.23159
6848.99,0.23247
6849.89,0.2315
6850.79,0.2317
6851.69,0.23221
6852.59,0.23161
6853.49,0.23109
6854.39,0.23088
6855.29,0.23152
6856.19,0.23043
6857.09,0.23096
6857.99,0.22979
6858.89,0.22954
6859.79,0.229
6860.69,0.23007
6861.59,0.22993
6862.49,0.22966
6863.39,0.22975
6864.29,0.23063
6865.19,0.22989
6866.09,0.2304
6866.99,0.23028
6867.89,0.23045
6868.79,0.23145
6869.7,0.23075
6870.6,0.23049
6871.5,0.23046
6872.4,0.23082
6873.3,0.23097
6874.2,0.23033
6875.1,0.23034
6876.0,0.23131
6876.9,0.23091
6877.8,0.2312
6878.7,0.23124
6879.6,0.23134
6880.5,0.23065
6881.4,0.23068
6882.3,0.22994
6883.2,0.23083
6884.1,0.23063
6885.0,0.23063
6885.9,0.23037
6886.8,0.23198
6887.7,0.23047
6888.6,0.23092
6889.5,0.23114
6890.4,0.23109
6891.3,0.23174
6892.2,0.23042
6893.1,0.23242
6894.0,0.23104
6894.9,0.23145
6895.8,0.23142
6896.7,0.23126
6897.6,0.23156
6898.5,0.23114
6899.4,0.23181
6900.3,0.23107
6901.2,0.23205
6902.1,0.23124
6903.0,0.23091
6903.9,0.23265
6904.8,0.23219
6905.7,0.23221
6906.6,0.23275
6907.51,0.23168
6908.41,0.23168
6909.31,0.23241
6910.21,0.23239
6911.11,0.23212
6912.01,0.23181
6912.91,0.23142
6913.81,0.23108
6914.71,0.23021
6915.61,0.23018
6916.51,0.23045
6917.41,0.23027
6918.31,0.22987
6919.21,0.23104
6920.11,0.22989
6921.01,0.23034
6921.91,0.2305
6922.81,0.23051
6923.71,0.22988
6924.61,0.23122
6925.51,0.23087
6926.41,0.23066
6927.31,0.23006
6928.21,0.23096
6929.11,0.2314
6930.01,0.23158
6930.91,0.23156
6931.81,0.23144
6932.71,0.23119
6933.61,0.23088
6934.51,0.2316
6935.41,0.23106
6936.31,0.23138
6937.21,0.23173
6938.11,0.23132
6939.01,0.23222
6939.91,0.23176
6940.81,0.23143
6941.71,0.23092
6942.61,0.2316
6943.52,0.23115
6944.42,0.23029
6945.31,0.2303
6946.22,0.23078
6947.12,0.22972
6948.02,0.22988
6948.92,0.23044
6949.82,0.23042
6950.72,0.23104
6951.62,0.23109
6952.52,0.23158
6953.42,0.23118
6954.32,0.23115
6955.22,0.23153
6956.12,0.23105
6957.02,0.2315
6957.92,0.23182
6958.82,0.23159
6959.72,0.23196
6960.62,0.2324
6961.52,0.23289
6962.42,0.23289
6963.32,0.23196
6964.22,0.23276
6965.12,0.23221
6966.02,0.23361
6966.92,0.23208
6967.82,0.23304
6968.72,0.23263
6969.62,0.23119
6970.52,0.23086
6971.42,0.23227
6972.32,0.23149
6973.22,0.23254
6974.12,0.2312
6975.02,0.23079
6975.92,0.23036
6976.82,0.23012
6977.72,0.22876
6978.62,0.2293
6979.52,0.22757
6980.42,0.22885
6981.33,0.22878
6982.23,0.22846
6983.12,0.22901
6984.03,0.22903
6984.93,0.22868
6985.83,0.22891
6986.73,0.23093
6987.63,0.23015
6988.53,0.23074
6989.43,0.23091
6990.33,0.23173
6991.23,0.23029
6992.13,0.23054
6993.03,0.2312
6993.93,0.23128
6994.83,0.23086
6995.73,0.2302
6996.63,0.23157
6997.53,0.23063
6998.43,0.23077
6999.33,0.23
7000.23,0.22975
7001.13,0.22983
7002.03,0.2306
7002.93,0.23021
7003.83,0.22913
7004.73,0.23051
7005.63,0.22909
7006.53,0.2295
7007.43,0.22984
7008.33,0.2294
7009.23,0.23034
7010.13,0.23023
7011.03,0.22943
7011.93,0.22858
7012.83,0.22965
7013.73,0.22915
7014.63,0.22906
7015.53,0.22866
7016.43,0.2281
7017.33,0.22889
7018.23,0.22899
7019.14,0.22795
7020.04,0.22849
7020.94,0.22876
7021.84,0.229
7022.74,0.22995
7023.64,0.22921
7024.54,0.22994
7025.44,0.22939
7026.34,0.22999
7027.24,0.23033
7028.14,0.22958
7029.04,0.22957
7029.94,0.22972
7030.84,0.23024
7031.74,0.23049
7032.64,0.2297
7033.54,0.22994
7034.44,0.2301
7035.34,0.23034
7036.24,0.22948
7037.14,0.23002
7038.04,0.22933
7038.94,0.22942
7039.84,0.22966
7040.74,0.23035
7041.64,0.2305
7042.54,0.23073
7043.44,0.23078
7044.34,0.23159
7045.24,0.23176
7046.14,0.2324
7047.04,0.23227
7047.94,0.23282
7048.84,0.23225
7049.74,0.23235
7050.64,0.23204
7051.54,0.23196
7052.44,0.23064
7053.34,0.23086
7054.25,0.23048
7055.15,0.22897
7056.04,0.22964
7056.95,0.22945
7057.85,0.22869
7058.75,0.22841
7059.65,0.22887
7060.55,0.228
7061.45,0.22877
7062.35,0.2285
7063.25,0.229
7064.15,0.22863
7065.05,0.22844
7065.95,0.22824
7066.85,0.2289
7067.75,0.22867
7068.65,0.22905
7069.55,0.22833
7070.45,0.22918
7071.35,0.22967
7072.25,0.22906
7073.15,0.22924
7074.05,0.23039
7074.95,0.23012
7075.85,0.23105
7076.75,0.23072
7077.65,0.23066
7078.55,0.23106
7079.45,0.23123
7080.35,0.22984
7081.25,0.22947
7082.15,0.22942
7083.05,0.22827
7083.95,0.22728
7084.85,0.22766
7085.75,0.2265
7086.65,0.2249
7087.55,0.22533
7088.45,0.22382
7089.35,0.22372
7090.25,0.2235
7091.15,0.22262
7092.06,0.223
7092.96,0.22266
7093.85,0.22337
7094.76,0.22305
7095.66,0.22308
7096.56,0.22359
7097.46,0.22339
7098.36,0.22402
7099.26,0.2245
7100.16,0.22421
7101.06,0.22388
7101.96,0.22551
7102.86,0.22547
7103.76,0.22511
7104.66,0.22611
7105.56,0.22578
7106.46,0.22551
7107.36,0.22588
7108.26,0.2265
7109.16,0.22561
7110.06,0.22653
7110.96,0.22556
7111.86,0.22603
7112.76,0.22557
7113.66,0.22623
7114.56,0.22713
7115.46,0.22615
7116.36,0.22641
7117.26,0.22683
7118.16,0.22673
7119.06,0.22684
7119.96,0.22744
7120.86,0.22698
7121.76,0.22615
7122.66,0.22578
7123.56,0.22584
7124.46,0.22431
7125.36,0.22477
7126.26,0.2244
7127.16,0.22436
7127.27,0.224
7128.17,0.2236
7129.07,0.2229
7129.96,0.22268
7130.86,0.2229
7131.75,0.22304
7132.65,0.2229
7133.55,0.22264
7134.44,0.22356
7135.34,0.22286
7136.23,0.22323
7137.13,0.22389
7138.03,0.22417
7138.92,0.22415
7139.82,0.22424
7140.71,0.22393
7141.61,0.22346
7142.5,0.22492
7143.4,0.22391
7144.3,0.22249
7145.19,0.22442
7146.09,0.22317
7146.98,0.22288
7147.88,0.22336
7148.78,0.22305
7149.67,0.22303
7150.57,0.22315
7151.46,0.22238
7152.36,0.22313
7153.26,0.22379
7154.15,0.22425
7155.05,0.22425
7155.94,0.22536
7156.84,0.22447
7157.74,0.22631
7158.63,0.22576
7159.53,0.22531
7160.42,0.22594
7161.32,0.22547
7162.21,0.22599
7163.11,0.22414
7164.01,0.22511
7164.9,0.22502
7165.8,0.22472
7166.69,0.22572
7167.59,0.22494
7168.49,0.22505
7169.38,0.22521
7170.28,0.22608
7171.17,0.22668
7172.07,0.22687
7172.96,0.22672
7173.86,0.22618
7174.76,0.22701
7175.65,0.22688
7176.55,0.22688
7177.44,0.22584
7178.34,0.22599
7179.24,0.22609
7180.13,0.22512
7181.03,0.22409
7181.92,0.22426
7182.82,0.22535
7183.72,0.22378
7184.61,0.22431
7185.51,0.22347
7186.4,0.22359
7187.3,0.22313
7188.19,0.22351
7189.09,0.22319
7189.99,0.22313
7190.88,0.22288
7191.78,0.22267
7192.67,0.22264
7193.57,0.22355
7194.47,0.22413
7195.36,0.224
7196.26,0.22444
7197.15,0.22452
7198.05,0.22422
7198.95,0.22404
7199.84,0.22407
7200.74,0.22398
7201.63,0.22343
7202.53,0.22375
7203.43,0.22381
7204.32,0.22326
7205.22,0.22305
7206.11,0.22399
7207.01,0.22214
7207.9,0.22322
7208.8,0.22218
7209.7,0.22271
7210.59,0.22342
7211.49,0.22326
7212.38,0.22386
7213.28,0.2238
7214.18,0.22437
7215.07,0.22539
7215.97,0.22568
7216.86,0.22463
7217.76,0.22565
7218.66,0.22545
7219.55,0.22652
7220.45,0.22557
7221.34,0.22622
7222.24,0.22711
7223.13,0.22645
7224.03,0.22702
7224.93,0.22628
7225.82,0.22813
7226.72,0.22679
7227.61,0.2274
7228.51,0.22742
7229.41,0.22844
7230.3,0.22811
7231.2,0.22858
7232.09,0.22789
7232.99,0.22818
7233.89,0.22869
7234.78,0.22839
7235.68,0.22909
7236.57,0.22825
7237.47,0.22789
7238.36,0.22725
7239.26,0.22705
7240.16,0.22859
7241.05,0.22727
7241.95,0.22668
7242.84,0.22652
7243.74,0.2268
7244.64,0.22625
7245.53,0.2265
7246.43,0.22584
7247.32,0.22733
7248.22,0.22676
7249.12,0.22616
7250.01,0.22693
7250.91,0.2261
7251.8,0.22711
7252.7,0.22656
7253.6,0.22655
7254.49,0.22675
7255.39,0.22673
7256.28,0.22633
7257.18,0.22735
7258.07,0.22739
7258.97,0.22698
7259.87,0.22733
7260.76,0.22693
7261.66,0.22678
7262.55,0.22736
7263.45,0.22709
7264.35,0.22652
7265.24,0.22704
7266.14,0.2278
7267.03,0.22706
7267.93,0.22844
7268.83,0.22743
7269.72,0.22816
7270.62,0.22687
7271.51,0.22741
7272.41,0.22856
7273.3,0.2278
7274.2,0.22821
7275.1,0.22829
7275.99,0.22793
7276.89,0.22868
7277.78,0.22763
7278.68,0.22734
7279.58,0.22711
7280.47,0.22694
7281.37,0.22603
7282.26,0.22633
7283.16,0.22623
7284.06,0.22635
7284.95,0.22624
7285.85,0.22483
7286.74,0.22534
7287.64,0.22429
7288.53,0.2245
7289.43,0.22377
7290.33,0.22454
7291.22,0.2236
7292.12,0.22452
7293.01,0.22396
7293.91,0.22411
7294.81,0.22481
7295.7,0.22483
7296.6,0.22559
7297.49,0.22582
7298.39,0.22591
7299.29,0.22715
7300.18,0.22597
7301.08,0.22704
7301.97,0.22709
7302.87,0.22691
7303.76,0.22688
7304.66,0.22565
7305.56,0.22661
7306.45,0.22665
7307.35,0.22619
7308.24,0.2257
7309.14,0.22672
7310.04,0.22621
7310.93,0.22571
7311.83,0.22594
7312.72,0.22694
7313.62,0.22586
7314.52,0.22738
7315.41,0.22739
7316.31,0.22697
7317.2,0.22541
7318.1,0.22594
7318.99,0.22593
7319.89,0.22574
7320.79,0.22584
7321.68,0.2252
7322.58,0.22501
7323.47,0.22463
7324.37,0.22469
7325.27,0.22423
7326.16,0.22461
7327.06,0.22404
7327.95,0.22485
7328.85,0.22363
7329.75,0.22453
7330.64,0.22442
7331.54,0.22417
7332.43,0.22471
7333.33,0.22517
7334.22,0.22651
7335.12,0.22649
7336.02,0.22626
7336.91,0.22653
7337.81,0.22707
7338.7,0.22674
7339.6,0.22695
7340.5,0.22707
7341.39,0.22595
7342.29,0.22612
7343.18,0.22604
7344.08,0.22537
7344.98,0.226
7345.87,0.22499
7346.77,0.22588
7347.66,0.22523
7348.56,0.22536
7349.45,0.22529
7350.35,0.22477
7351.25,0.2246
7352.14,0.22433
7353.04,0.22381
7353.93,0.2237
7354.83,0.22432
7355.73,0.22231
7356.62,0.22243
7357.52,0.22336
7358.41,0.22266
7359.31,0.22223
7360.21,0.22245
7361.1,0.22271
7362.0,0.2222
7362.89,0.2232
7363.79,0.22238
7364.69,0.22295
7365.58,0.22296
7366.48,0.22331
7367.37,0.22364
7368.27,0.22394
7369.16,0.22414
7370.06,0.22472
7370.96,0.22416
7371.85,0.22447
7372.75,0.22425
7373.64,0.2242
7374.54,0.22474
7375.44,0.22512
7376.33,0.22462
7377.23,0.22531
7378.12,0.22489
7379.02,0.22446
7379.92,0.22481
7380.81,0.22467
7381.71,0.22347
7382.6,0.22346
7383.5,0.22243
7384.39,0.22196
7385.29,0.22218
7386.19,0.22165
7387.08,0.22028
7387.98,0.22
7388.87,0.22084
7389.77,0.22055
7390.67,0.22053
7391.56,0.22006
7392.46,0.21994
7393.35,0.22074
7394.25,0.22086
7395.15,0.21982
7396.04,0.22102
7396.94,0.22093
7397.83,0.22083
7398.73,0.2221
7399.62,0.22094
7400.52,0.2216
7401.42,0.22074
7402.31,0.22148
7403.21,0.22121
7404.1,0.22135
7405.0,0.22135
7405.9,0.22024
7406.79,0.22013
7407.69,0.21991
7408.58,0.21918
7409.48,0.219
7410.38,0.21777
7411.27,0.2169
7412.17,0.21538
7413.06,0.21502
7413.96,0.21482
7414.85,0.21471
7415.75,0.21421
7416.65,0.21413
7417.54,0.21359
7418.44,0.21396
7419.33,0.21436
7420.23,0.21439
7421.13,0.21552
7422.02,0.21496
7422.92,0.21652
7423.81,0.21689
7424.71,0.21721
7425.6,0.21844
7426.5,0.21929
7427.4,0.2188
7428.29,0.22091
7429.19,0.2206
7431.68,0.22285
7434.18,0.22317
7436.67,0.22291
7439.17,0.22325
7441.66,0.22215
7444.16,0.22159
7446.66,0.22146
7449.15,0.22143
7451.65,0.22251
7454.14,0.22274
7456.64,0.22283
7459.13,0.22212
7461.63,0.2222
7464.12,0.22219
7466.62,0.22291
7469.11,0.22194
7471.61,0.22316
7474.1,0.22349
7476.6,0.22237
7479.09,0.22243
7481.59,0.22255
7484.08,0.22156
7486.58,0.2221
7489.07,0.22132
7491.57,0.22137
7494.06,0.2206
7496.56,0.22044
7499.05,0.22187
7501.55,0.22102
7504.04,0.22174
7506.54,0.22108
7509.03,0.2212
7511.53,0.2205
7514.02,0.22075
7516.52,0.2211
7519.01,0.22092
7521.51,0.2211
7524.0,0.22117
7526.5,0.22139
7528.99,0.2204
7531.49,0.22122
7533.99,0.22177
7536.48,0.22123
7538.98,0.22246
7541.47,0.2213
7543.97,0.2218
7546.46,0.22108
7548.96,0.22131
7551.45,0.22081
7553.95,0.22128
7556.44,0.22049
7558.94,0.22041
7561.43,0.22033
7563.93,0.22039
7566.42,0.2206
7568.92,0.22052
7571.41,0.22042
7573.91,0.22082
7576.4,0.22036
7578.9,0.21978
7581.39,0.21942
7583.89,0.21903
7586.38,0.21841
7588.88,0.21916
7591.37,0.21948
7593.87,0.21981
7596.36,0.22045
7598.86,0.22063
7601.35,0.22061
7603.85,0.22014
7606.34,0.21956
7608.84,0.2187
7611.33,0.21962
7613.83,0.21902
7616.33,0.21825
7618.82,0.21767
7621.32,0.21808
7623.81,0.21768
7626.31,0.21869
7628.8,0.21935
7631.3,0.21979
7633.79,0.22023
7636.29,0.21982
7638.78,0.2196
7641.28,0.21944
7643.77,0.21969
7646.27,0.21942
7648.76,0.21879
7651.26,0.21838
7653.75,0.2173
7656.25,0.21523
7658.74,0.2134
7661.24,0.2117
7663.73,0.21008
7666.23,0.20976
7668.72,0.211
7671.22,0.21293
7673.71,0.21492
7676.21,0.21646
7678.7,0.21732
7681.2,0.21766
7683.69,0.21797
7686.19,0.21727
7688.69,0.21734
7691.18,0.21693
7693.68,0.21583
7696.17,0.21487
7698.67,0.21438
7701.16,0.2135
7703.66,0.21419
7706.15,0.21415
7708.65,0.21521
7711.14,0.21451
7713.64,0.2146
7716.13,0.21417
7718.63,0.21431
7721.12,0.21543
7723.62,0.21554
7726.11,0.21601
7728.61,0.21633
7731.1,0.21677
7733.6,0.21711
7736.09,0.21763
7738.59,0.21759
7741.08,0.21741
7743.58,0.21601
7746.07,0.21504
7748.57,0.21414
7751.06,0.21411
7753.56,0.21517
7756.05,0.21588
7758.55,0.21684
7761.04,0.21794
7763.54,0.218
7766.03,0.21799
7768.53,0.21805
7771.03,0.21797
7773.52,0.21789
7776.02,0.21815
7778.51,0.21759
7781.01,0.2169
7783.5,0.21682
7786.0,0.21634
7788.49,0.21515
7790.99,0.21584
7793.48,0.21557
7795.98,0.21522
7798.47,0.21483
7800.97,0.21526
7803.46,0.21508
7805.96,0.21561
7808.45,0.21511
7810.95,0.21502
7813.44,0.21519
7815.94,0.21559
7818.43,0.21546
7820.93,0.21605
7823.42,0.21634
7825.92,0.21541
7828.41,0.21419
7830.91,0.21375
7833.4,0.21298
7835.9,0.21287
7838.39,0.21278
7840.89,0.21386
7843.38,0.21371
7845.88,0.21366
7848.38,0.21388
7850.87,0.2139
7853.37,0.21374
7855.86,0.21386
7858.36,0.21381
7860.85,0.21416
7863.35,0.21377
7865.84,0.21451
7868.34,0.2147
7870.83,0.21377
7873.33,0.2137
7875.82,0.21367
7878.32,0.2136
7880.81,0.21304
7883.31,0.21289
7885.8,0.21272
7888.3,0.21304
7890.79,0.21255
7893.29,0.21248
7895.78,0.21282
7898.28,0.21219
7900.77,0.21225
7903.27,0.21184
7905.76,0.21164
7908.26,0.21123
7910.75,0.21069
7913.25,0.20995
7915.74,0.20929
7918.24,0.20953
7920.73,0.20934
7923.23,0.21002
7925.73,0.21014
7928.22,0.20987
7930.71,0.20947
7933.21,0.20891
7935.71,0.20827
7938.2,0.2073
7940.7,0.20672
7943.19,0.20659
7945.69,0.20627
7948.18,0.20629
7950.68,0.20716
7953.17,0.20793
7955.67,0.20905
7958.16,0.20983
7960.66,0.20943
7963.15,0.20907
7965.65,0.20961
7968.14,0.20889
7970.64,0.20915
7973.13,0.20967
7975.63,0.20845
7978.12,0.20834
7980.62,0.2085
7983.11,0.20879
7985.61,0.20785
7988.1,0.20749
7990.6,0.20745
7993.09,0.20737
7995.59,0.20726
7998.08,0.20693
8000.58,0.20632
8003.07,0.20711
8005.57,0.20755
8008.06,0.20844
8010.56,0.20848
8013.06,0.20872
8015.55,0.20943
8018.05,0.20883
8020.54,0.20798
8023.04,0.20778
8025.53,0.20682
8028.03,0.20637
8030.52,0.20676
8033.02,0.20678
8035.51,0.20759
8038.01,0.20813
8040.5,0.20751
8043.0,0.20607
8045.49,0.20592
8047.99,0.20455
8050.48,0.20468
8052.98,0.20501
8055.47,0.20578
8057.97,0.20653
8060.46,0.20636
8062.96,0.20613
8065.45,0.20547
8067.95,0.20529
8070.44,0.20464
8072.94,0.20453
8075.43,0.20394
8077.93,0.20426
8080.42,0.20429
8082.92,0.20457
8085.41,0.20457
8087.91,0.20364
8090.4,0.20349
8092.9,0.20344
8095.4,0.20363
8097.89,0.20337
8100.39,0.20377
8102.88,0.20427
8105.38,0.20352
8107.87,0.20429
8110.37,0.20454
8112.86,0.20391
8115.36,0.20359
8117.85,0.20334
8120.35,0.20328
8122.84,0.20351
8125.34,0.20394
8127.83,0.20379
8130.33,0.20376
8132.82,0.20361
8135.32,0.20362
8137.81,0.20364
8140.31,0.20353
8142.8,0.2038
8145.3,0.20337
8147.79,0.20327
8150.29,0.2032
8152.78,0.20337
8155.28,0.2029
8157.77,0.20317
8160.27,0.20352
8162.76,0.20266
8165.26,0.20297
8167.75,0.20263
8170.25,0.2031
8172.75,0.20303
8175.24,0.20259
8177.74,0.20147
8180.23,0.20106
8182.73,0.20013
8185.22,0.19961
8187.72,0.19897
8190.21,0.1992
8192.71,0.19894
8195.2,0.19835
8197.7,0.19811
8200.19,0.19828
8202.69,0.19904
8205.18,0.1998
8207.68,0.20058
8210.17,0.20033
8212.67,0.2006
8215.16,0.20097
8217.66,0.2006
8220.15,0.20067
8222.65,0.20116
8225.14,0.20117
8227.64,0.2018
8230.13,0.20208
8232.63,0.20207
8235.12,0.20171
8237.62,0.20188
8240.11,0.20177
8242.61,0.20124
8245.1,0.20115
8247.6,0.20174
8250.1,0.20158
8252.59,0.20125
8255.08,0.20113
8257.58,0.20149
8260.08,0.20177
8262.57,0.20203
8265.07,0.20219
8267.56,0.20198
8270.06,0.20213
8272.55,0.20235
8275.05,0.20194
8277.54,0.20205
8280.04,0.20181
8282.53,0.20169
8285.03,0.20181
8287.52,0.20169
8290.02,0.2016
8292.51,0.20125
8295.01,0.20081
8297.5,0.20073
8300.0,0.20054
8302.49,0.20037
8304.99,0.19943
8307.48,0.19907
8309.98,0.19917
8312.47,0.1993
8314.97,0.19989
8317.46,0.19994
8319.96,0.19959
8322.46,0.19889
8324.95,0.19826
8327.44,0.19737
8329.94,0.19634
8332.43,0.19624
8334.93,0.19663
8337.43,0.19664
8339.92,0.19755
8342.42,0.19773
8344.91,0.19809
8347.41,0.19812
8349.9,0.19845
8352.4,0.19858
8354.89,0.19881
8357.39,0.19863
8359.88,0.19839
8362.38,0.19805
8364.87,0.19727
8367.37,0.19755
8369.86,0.19776
8372.36,0.19775
8374.85,0.19813
8377.35,0.19754
8379.84,0.1963
8382.34,0.19508
8384.83,0.19427
8387.33,0.19346
8389.82,0.19442
8392.32,0.1951
8394.81,0.19587
8397.31,0.19631
8399.8,0.19731
8402.3,0.19735
8404.79,0.19702
8407.29,0.19792
8409.79,0.19778
8412.28,0.19664
8414.78,0.19738
8417.27,0.19655
8419.77,0.19669
8422.26,0.19635
8424.76,0.19565
8427.25,0.19563
8429.75,0.19504
8432.24,0.19431
8434.74,0.19319
8437.23,0.19308
8439.73,0.19318
8442.22,0.19455
8444.72,0.19535
8447.21,0.19657
8449.71,0.1966
8452.2,0.19715
8454.7,0.19711
8457.19,0.19699
8459.69,0.19644
8462.18,0.19577
8464.68,0.19473
8467.17,0.19394
8469.67,0.19352
8472.16,0.19361
8474.66,0.19399
8477.15,0.1953
8479.65,0.1957
8482.14,0.19596
8484.64,0.1955
8487.13,0.19518
8489.63,0.19398
8492.12,0.19098
8494.62,0.18697
8497.12,0.18292
8499.61,0.17985
8502.11,0.18011
8504.6,0.18198
8507.1,0.18579
8509.59,0.18806
8512.09,0.18966
8514.58,0.19022
8517.08,0.19016
8519.57,0.18983
8522.07,0.19064
8524.56,0.19117
8527.06,0.19141
8529.55,0.19104
8532.05,0.18843
8534.54,0.18406
8537.04,0.17716
8539.53,0.16868
8542.03,0.16169
8544.52,0.15823
8547.02,0.16107
8549.51,0.16794
8552.01,0.17614
8554.5,0.18231
8557.0,0.18651
8559.49,0.18926
8561.99,0.19057
8564.48,0.19086
8566.98,0.19116
8569.47,0.1915
8571.97,0.1918
8574.47,0.19159
8576.96,0.19197
8579.46,0.19128
8581.95,0.19148
8584.45,0.1918
8586.94,0.19121
8589.44,0.19108
8591.93,0.19045
8594.43,0.19056
8596.92,0.19005
8599.42,0.18938
8601.91,0.18938
8604.41,0.18973
8606.9,0.18976
8609.4,0.18974
8611.89,0.18962
8614.39,0.18859
8616.88,0.18904
8619.38,0.18923
8621.87,0.18856
8624.37,0.18903
8626.86,0.1892
8629.36,0.1895
8631.85,0.19002
8634.35,0.18984
8636.84,0.19006
8639.34,0.19032
8641.83,0.19035
8644.33,0.18999
8646.83,0.18962
8649.32,0.18811
8651.82,0.18635
8654.31,0.1827
8656.8,0.17755
8659.3,0.17055
8661.8,0.16418
8664.29,0.16169
8666.79,0.16322
8669.28,0.16798
8671.78,0.17428
8674.27,0.17916
8676.77,0.183
8679.26,0.1848
8681.76,0.18518
8684.25,0.18583
8686.75,0.18534
8689.24,0.18462
8691.74,0.18451
8694.23,0.18481
8696.73,0.1861
8699.22,0.1865
8701.72,0.18716
8704.21,0.18711
8706.71,0.18717
8709.2,0.1871
8711.7,0.18684
8714.19,0.1866
8716.69,0.18677
8719.18,0.1872
8721.68,0.18771
8724.17,0.18732
8726.67,0.18765
8729.17,0.18789
8731.66,0.18734
8734.16,0.18737
8736.65,0.18709
8739.15,0.18628
8741.64,0.18621
8744.14,0.18522
8746.63,0.18457
8749.13,0.18439
8751.62,0.18334
8754.12,0.18352
8756.61,0.18329
8759.11,0.18385
8761.6,0.18441
8764.1,0.18494
8766.59,0.18535
8769.09,0.18544
8771.58,0.18557
8774.08,0.18557
8776.57,0.1857
8779.07,0.18562
8781.56,0.18614
8784.06,0.18663
8786.55,0.18618
8789.05,0.1859
8791.54,0.18519
8794.04,0.18454
8796.53,0.18436
8799.03,0.18401
8801.52,0.18287
8804.02,0.18175
8806.51,0.18108
8809.01,0.18034
8811.5,0.18089
8814.0,0.1821
8816.5,0.18328
8818.99,0.1843
8821.49,0.18422
8823.98,0.18408
8826.48,0.18391
8828.97,0.1838
8831.47,0.18441
8833.96,0.18471
8836.46,0.18545
8838.95,0.18573
8841.45,0.18525
8843.94,0.18548
8846.44,0.18565
8848.93,0.18619
8851.43,0.18617
8853.92,0.18589
8856.42,0.18518
8858.91,0.1841
8861.41,0.18347
8863.9,0.18288
8866.4,0.18265
8868.89,0.18255
8871.39,0.18343
8873.88,0.18433
8876.38,0.18504
8878.87,0.18561
8881.37,0.18616
8883.87,0.18653
8886.36,0.18621
8888.86,0.18643
8891.35,0.18623
8893.84,0.18612
8896.34,0.18569
8898.84,0.18593
8901.33,0.18569
8903.83,0.18571
8906.32,0.18565
8908.82,0.18475
8911.31,0.18412
8913.81,0.18402
8916.3,0.18373
8918.8,0.18343
8921.29,0.18302
8923.79,0.18259
8926.28,0.18242
8928.78,0.18197
8931.27,0.18226
8933.77,0.18222
8936.26,0.18239
8938.76,0.18251
8941.25,0.18232
8943.75,0.18282
8946.24,0.18196
8948.74,0.18246
8951.23,0.1825
8953.73,0.18305
8956.22,0.18382
8958.72,0.1839
8961.21,0.18424
8963.71,0.18361
8966.2,0.18354
8968.7,0.18331
8971.2,0.18264
8973.69,0.1824
8976.19,0.1814
8978.68,0.18236
8981.18,0.18201
8983.67,0.18187
8986.17,0.18256
8988.66,0.18288
8991.16,0.18229
8993.65,0.18174
8996.15,0.18127
8998.64,0.18042
9001.14,0.17977
9003.63,0.17914
9006.13,0.17758
9008.62,0.17656
9011.12,0.17522
9013.61,0.17396
9016.11,0.17351
9018.6,0.17372
9021.1,0.17458
9023.59,0.17585
9026.09,0.1771
9028.58,0.17827
9031.08,0.17927
9033.57,0.18005
9036.07,0.18081
9038.56,0.18103
9041.06,0.1812
9043.55,0.18155
9046.05,0.18132
9048.54,0.1816
9051.04,0.18127
9053.54,0.18118
9056.03,0.18053
9058.53,0.18007
9061.02,0.17948
9063.52,0.17945
9066.01,0.17899
9068.51,0.1792
9071.0,0.17928
9073.5,0.17908
9075.99,0.17865
9078.49,0.17851
9080.98,0.1776
9083.48,0.17732
9085.97,0.17644
9088.47,0.17541
9090.96,0.17463
9093.46,0.17485
9095.95,0.17522
9098.45,0.17606
9100.94,0.17702
9103.44,0.17788
9105.93,0.17756
9108.43,0.17786
9110.92,0.17715
9113.42,0.17747
9115.91,0.17634
9118.41,0.17656
9120.9,0.17653
9123.4,0.17676
9125.89,0.17701
9128.39,0.17755
9130.88,0.17765
9133.38,0.17742
9135.88,0.1771
9138.37,0.1768
9140.87,0.17577
9143.36,0.17539
9145.86,0.17473
9148.35,0.17508
9150.85,0.17495
9153.34,0.1749
9155.84,0.17508
9158.33,0.17517
9160.83,0.17516
9163.32,0.17482
9165.82,0.17454
9168.31,0.17385
9170.81,0.17322
9173.3,0.17283
9175.8,0.17298
9178.29,0.17313
9180.79,0.17354
9183.28,0.1737
9185.78,0.17367
9188.27,0.17349
9190.77,0.17345
9193.26,0.17324
9195.76,0.1732
9198.25,0.17282
9200.75,0.17335
9203.24,0.1731
9205.74,0.17279
9208.24,0.17229
9210.73,0.17175
9213.23,0.17124
9215.72,0.17114
9218.22,0.17132
9220.71,0.17047
9223.21,0.1708
9225.7,0.17035
9228.2,0.16954
9230.69,0.16993
9233.19,0.16953
9235.68,0.16985
9238.18,0.17053
9240.67,0.17114
9243.17,0.17109
9245.66,0.17153
9248.16,0.17143
9250.65,0.17119
9253.15,0.1706
9255.64,0.17055
9258.14,0.17031
9260.63,0.17038
9263.13,0.17074
9265.62,0.1721
9268.12,0.17166
9270.61,0.17214
9273.11,0.17241
9275.6,0.17193
9278.1,0.17093
9280.59,0.17118
9283.09,0.17085
9285.58,0.17042
9288.08,0.17018
9290.58,0.17007
9293.07,0.16986
9295.57,0.17009
9298.06,0.16994
9300.56,0.17
9303.05,0.17033
9305.55,0.16979
9308.04,0.16979
9310.54,0.17046
9313.03,0.17012
9315.53,0.16979
9318.02,0.1704
9320.52,0.16971
9323.01,0.16991
9325.51,0.17006
9328.0,0.17007
9330.5,0.17008
9332.99,0.17046
9335.49,0.16982
9337.98,0.17041
9340.48,0.17028
9342.97,0.17024
9345.47,0.16963
9347.96,0.16947
9350.46,0.16859
9352.95,0.16826
9355.45,0.16819
9357.94,0.16761
9360.44,0.16716
9362.93,0.16676
9365.43,0.16682
9367.92,0.16724
9370.42,0.16695
9372.92,0.16712
9375.41,0.16696
9377.91,0.16696
9380.4,0.16726
9382.9,0.16723
9385.39,0.16726
9387.89,0.16776
9390.38,0.16763
9392.88,0.16745
9395.37,0.16702
9397.87,0.16699
9400.36,0.16661
9402.86,0.16602
9405.35,0.16495
9407.85,0.16475
9410.34,0.16426
9412.84,0.16364
9415.33,0.16389
9417.83,0.16378
9420.32,0.16425
9422.82,0.16503
9425.31,0.16571
9427.81,0.16599
9430.3,0.16587
9432.8,0.16543
9435.29,0.16521
9437.79,0.16484
9440.28,0.16475
9442.78,0.1647
9445.27,0.16452
9447.77,0.1649
9450.27,0.16462
9452.76,0.16457
9455.25,0.16496
9457.75,0.16492
9460.25,0.16531
9462.74,0.16509
9465.24,0.16558
9467.73,0.1655
9470.23,0.16529
9472.72,0.16585
9475.22,0.16516
9477.71,0.16577
9480.21,0.16475
9482.7,0.16551
9485.2,0.16532
9487.69,0.16555
9490.19,0.16599
9492.68,0.16539
9495.18,0.16554
9497.67,0.1654
9500.17,0.16557
9502.66,0.16526
9505.16,0.16583
9507.65,0.16551
9510.15,0.16513
9512.64,0.16515
9515.14,0.16538
9517.63,0.1656
9520.13,0.16565
9522.62,0.16555
9525.12,0.1655
9527.61,0.16565
9530.11,0.16529
9532.61,0.16494
9535.1,0.16407
9537.6,0.1636
9540.09,0.16264
9542.59,0.16078
9545.08,0.16001
9547.58,0.16027
9550.07,0.16027
9552.57,0.16107
9555.06,0.16198
9557.56,0.16302
9560.05,0.16399
9562.55,0.16391
9565.04,0.16423
9567.54,0.16397
9570.03,0.1639
9572.53,0.16388
9575.02,0.16359
9577.52,0.1635
9580.01,0.16368
9582.51,0.16377
9585.0,0.16364
9587.5,0.16393
9589.99,0.16353
9592.49,0.16396
9594.98,0.16297
9597.48,0.16242
9599.97,0.16226
9602.47,0.16186
9604.96,0.16213
9607.46,0.16227
9609.96,0.16278
9612.45,0.16281
9614.95,0.16298
9617.44,0.16293
9619.94,0.16287
9622.43,0.16248
9624.93,0.16252
9627.42,0.16212
9629.92,0.16235
9632.41,0.16162
9634.91,0.16158
9637.4,0.1609
9639.9,0.15998
9642.39,0.16037
9644.89,0.16003
9647.38,0.15964
9649.88,0.15999
9652.37,0.16012
9654.87,0.16016
9657.36,0.16032
9659.86,0.16018
9662.35,0.1601
9664.85,0.16035
9667.34,0.16058
9669.84,0.16038
9672.33,0.15975
9674.83,0.15981
9677.32,0.15997
9679.82,0.15956
9682.31,0.15941
9684.81,0.15992
9687.3,0.15956
9689.8,0.15965
9692.29,0.15995
9694.79,0.15967
9697.29,0.1595
9699.78,0.15953
9702.28,0.15909
9704.77,0.15907
9707.27,0.15912
9709.76,0.15917
9712.26,0.15881
9714.75,0.15923
9717.25,0.15892
9719.74,0.15886
9722.24,0.15908
9724.73,0.15893
9727.23,0.15854
9729.72,0.1585
9732.22,0.15809
9734.71,0.15879
9737.21,0.15782
9739.7,0.15797
9742.2,0.15774
9744.69,0.1579
9747.19,0.15783
9749.68,0.15815
9752.18,0.15875
9754.67,0.15893
9757.17,0.15911
9759.66,0.15912
9762.16,0.1587
9764.65,0.15876
9767.15,0.15819
9769.64,0.15836
9772.14,0.1579
9774.64,0.15786
9777.13,0.1577
9779.63,0.15747
9782.12,0.15713
9784.62,0.15626
9787.11,0.15555
9789.61,0.1561
9792.1,0.1564
9794.6,0.15698
9797.09,0.15754
9799.59,0.15808
9802.08,0.15838
9804.58,0.15838
9807.07,0.15845
9809.57,0.15896
9812.06,0.15899
9814.56,0.15863
9817.05,0.15887
9819.55,0.15884
9822.04,0.15877
9824.54,0.15884
9827.03,0.15887
9829.53,0.15852
9832.02,0.15805
9834.52,0.15841
9837.01,0.15827
9839.51,0.15806
9842.0,0.15824
9844.5,0.15842
9847.0,0.15876
9849.49,0.15823
9851.99,0.15759
9854.48,0.15846
9856.98,0.15814
9859.47,0.15808
9861.97,0.1579
9864.46,0.1573
9866.96,0.15728
9869.45,0.15744
9871.95,0.15753
9874.44,0.15751
9876.94,0.15736
9879.43,0.15708
9881.93,0.15721
9884.42,0.15697
9886.92,0.15667
9889.41,0.1567
9891.91,0.15649
9894.4,0.15664
9896.9,0.15646
9899.39,0.1566
9901.89,0.15653
9904.38,0.15643
9906.88,0.15611
9909.37,0.15571
9911.87,0.15578
9914.36,0.15614
9916.86,0.15573
9919.35,0.1556
9921.85,0.15579
9924.34,0.1555
9926.84,0.15558
9929.33,0.15539
9931.83,0.15533
9934.33,0.15564
9936.82,0.15552
9939.32,0.15546
9941.81,0.15574
9944.31,0.15534
9946.8,0.15509
9949.3,0.15531
9951.79,0.15531
9954.29,0.15551
9956.78,0.15564
9959.28,0.15554
9961.77,0.15544
9964.27,0.1555
9966.76,0.15576
9969.26,0.15529
9971.75,0.15548
9974.25,0.15523
9976.74,0.15531
9979.24,0.1551
9981.73,0.15475
9984.23,0.15523
9986.72,0.15508
9989.22,0.15503
9991.71,0.15503
9994.21,0.15468
9996.7,0.15473
9999.2,0.15457
10001.7,0.1543
10004.2,0.15422
10006.7,0.15417
10009.2,0.15423
10011.7,0.15451
10014.2,0.1547
10016.7,0.15492
10019.2,0.15494
10021.7,0.15509
10024.2,0.15525
10026.6,0.15481
10029.1,0.15459
10031.6,0.15434
10034.1,0.15364
10036.6,0.15348
10039.1,0.15323
10041.6,0.15258
10044.1,0.15163
10046.6,0.15105
10049.1,0.15057
10051.6,0.15014
10054.1,0.15028
10056.6,0.15079
10059.1,0.15143
10061.6,0.15168
10064.1,0.15164
10066.6,0.15197
10069.1,0.15249
10071.6,0.1524
10074.1,0.15307
10076.5,0.15288
10079.0,0.15303
10081.5,0.15284
10084.0,0.15307
10086.5,0.15343
10089.0,0.15287
10091.5,0.15344
10094.0,0.15328
10096.5,0.15301
10099.0,0.1535
10101.5,0.15346
10104.0,0.15312
10106.5,0.15308
10109.0,0.15282
10111.5,0.15232
10114.0,0.15251
10116.5,0.15217
10119.0,0.15169
10121.5,0.15198
10124.0,0.15186
10126.5,0.15148
10128.9,0.15148
10131.4,0.15194
10133.9,0.1515
10136.4,0.15129
10138.9,0.1511
10141.4,0.15117
10143.9,0.1507
10146.4,0.15069
10148.9,0.15082
10151.4,0.1507
10153.9,0.15066
10156.4,0.15052
10158.9,0.1509
10161.4,0.15077
10163.9,0.15065
10166.4,0.15081
10168.9,0.1508
10171.4,0.15026
10173.9,0.15092
10176.4,0.1507
10178.9,0.15081
10181.3,0.15075
10183.8,0.15074
10186.3,0.15049
10188.8,0.14988
10191.3,0.1496
10193.8,0.14958
10196.3,0.14971
10198.8,0.14973
10201.3,0.14984
10203.8,0.14972
10206.3,0.14968
10208.8,0.14989
10211.3,0.14962
10213.8,0.14956
10216.3,0.1488
10218.8,0.14912
10221.3,0.14902
10223.8,0.14859
10226.3,0.14915
10228.8,0.14923
10231.2,0.14912
10233.7,0.14915
10236.2,0.14915
10238.7,0.14893
10241.2,0.14948
10243.7,0.14896
10246.2,0.14898
10248.7,0.14888
10251.2,0.14864
10253.7,0.1486
10256.2,0.14843
10258.7,0.14847
10261.2,0.14816
10263.7,0.14825
10266.2,0.14829
10268.7,0.14813
10271.2,0.14808
10273.7,0.14788
10276.2,0.14787
10278.7,0.14807
10281.2,0.14816
10283.6,0.14771
10286.1,0.14753
10288.6,0.14739
10291.1,0.14723
10293.6,0.14739
10296.1,0.14751
10298.6,0.14754
10301.1,0.14761
10303.6,0.1479
10306.1,0.14751
10308.6,0.14746
10311.1,0.14737
10313.6,0.14742
10316.1,0.14754
10318.6,0.14712
10321.1,0.14673
10323.6,0.14639
10326.1,0.14608
10328.6,0.14543
10331.1,0.14528
10333.5,0.14517
10336.0,0.14514
10338.5,0.14498
10341.0,0.14499
10343.5,0.14481
10346.0,0.14469
10348.5,0.14459
10351.0,0.14504
10353.5,0.14561
10356.0,0.14597
10358.5,0.14623
10361.0,0.14669
10363.5,0.14627
10366.0,0.14616
10368.5,0.14611
10371.0,0.1458
10373.5,0.14554
10376.0,0.14503
10378.5,0.14508
10381.0,0.14492
10383.5,0.14542
10385.9,0.14534
10388.4,0.14511
10390.9,0.14469
10393.4,0.1447
10395.9,0.14435
10398.4,0.14409
10400.9,0.14426
10403.4,0.14431
10405.9,0.14431
10408.4,0.14476
10410.9,0.14508
10413.4,0.1453
10415.9,0.14529
10418.4,0.14515
10420.9,0.1449
10423.4,0.1448
10425.9,0.14437
10428.4,0.14448
10430.9,0.14446
10433.4,0.14448
10435.9,0.14495
10438.3,0.14456
10440.8,0.1449
10443.3,0.1449
10445.8,0.14494
10448.3,0.14485
10450.8,0.14459
10453.3,0.14413
10455.8,0.14425
10458.3,0.14343
10460.8,0.14363
10463.3,0.14388
10465.8,0.14371
10468.3,0.14352
10470.8,0.14322
10473.3,0.14353
10475.8,0.1436
10478.3,0.14367
10480.8,0.14343
10483.3,0.14338
10485.8,0.14338
10488.2,0.14354
10490.7,0.14293
10493.2,0.14288
10495.7,0.14283
10498.2,0.14226
10500.7,0.14231
10503.2,0.14256
10505.7,0.14254
10508.2,0.14302
10510.7,0.14287
10513.2,0.14275
10515.7,0.14274
10518.2,0.14291
10520.7,0.14276
10523.2,0.14258
10525.7,0.14266
10528.2,0.14258
10530.7,0.14252
10533.2,0.14232
10535.7,0.14241
10538.2,0.14235
10540.6,0.14221
10543.1,0.1426
10545.6,0.1425
10548.1,0.14231
10550.6,0.14292
10553.1,0.14234
10555.6,0.14216
10558.1,0.14212
10560.6,0.14201
10563.1,0.14183
10565.6,0.14195
10568.1,0.14188
10570.6,0.14146
10573.1,0.14144
10575.6,0.1409
10578.1,0.14049
10580.6,0.14007
10583.1,0.13927
10585.6,0.13873
10588.1,0.13875
10590.6,0.13908
10593.0,0.13935
10595.5,0.13958
10598.0,0.13964
10600.5,0.13973
10603.0,0.13961
10605.5,0.13928
10608.0,0.13944
10610.5,0.13937
10613.0,0.13962
10615.5,0.13989
10618.0,0.13962
10620.5,0.14035
10623.0,0.14006
10625.5,0.13997
10628.0,0.14006
10630.5,0.13963
10633.0,0.14039
10635.5,0.14041
10638.0,0.14
10640.5,0.1401
10642.9,0.14072
10645.4,0.14049
10647.9,0.14014
10650.4,0.14014
10652.9,0.13961
10655.4,0.1392
10657.9,0.13857
10660.4,0.13817
10662.9,0.13808
10665.4,0.13797
10667.9,0.13811
10670.4,0.13826
10672.9,0.13872
10675.4,0.13894
10677.9,0.13886
10680.4,0.13854
10682.9,0.13847
10685.4,0.13812
10687.9,0.13767
10690.4,0.13741
10692.9,0.13731
10695.3,0.1374
10697.8,0.13733
10700.3,0.13778
10702.8,0.13802
10705.3,0.13825
10707.8,0.13879
10710.3,0.13866
10712.8,0.13893
10715.3,0.13836
10717.8,0.1388
10720.3,0.13815
10722.8,0.13798
10725.3,0.13724
10727.8,0.13696
10730.3,0.13654
10732.8,0.13623
10735.3,0.13658
10737.8,0.13641
10740.3,0.1369
10742.8,0.13717
10745.3,0.13703
10747.7,0.13648
10750.2,0.13615
10752.7,0.13597
10755.2,0.13616
10757.7,0.13636
10760.2,0.13679
10762.7,0.13689
10765.2,0.13722
10767.7,0.13736
10770.2,0.13705
10772.7,0.13694
10775.2,0.1368
10777.7,0.1367
10780.2,0.13619
10782.7,0.13553
10785.2,0.13557
10787.7,0.13474
10790.2,0.13495
10792.7,0.13515
10795.2,0.13565
10797.6,0.13593
10800.1,0.13644
10802.6,0.13636
10805.1,0.13609
10807.6,0.13599
10810.1,0.13539
10812.6,0.13488
10815.1,0.13469
10817.6,0.13452
10820.1,0.13421
10822.6,0.13399
10825.1,0.13363
10827.6,0.13351
10830.1,0.13342
10832.6,0.13353
10835.1,0.13393
10837.6,0.1344
10840.1,0.13461
10842.6,0.13488
10845.1,0.13491
10847.6,0.13535
10850.0,0.13475
10852.5,0.1351
10855.0,0.13532
10857.5,0.13535
10860.0,0.13471
10862.5,0.13439
10865.0,0.13363
10867.5,0.13322
10870.0,0.1324
10872.5,0.13215
10875.0,0.13186
10877.5,0.13247
10880.0,0.13231
10882.5,0.13307
10885.0,0.13319
10887.5,0.13304
10890.0,0.13312
10892.5,0.13348
10895.0,0.13368
10897.5,0.13363
10900.0,0.13375
10902.4,0.13395
10904.9,0.13423
10907.4,0.13378
10909.9,0.13338
10912.4,0.13351
10914.9,0.1333
10917.4,0.13345
10919.9,0.13303
10922.4,0.13261
10924.9,0.13247
10927.4,0.1322
10929.9,0.13139
10932.4,0.13142
10934.9,0.1303
10937.4,0.13024
10939.9,0.13018
10942.4,0.13007
10944.9,0.13023
10947.4,0.13084
10949.9,0.13078
10952.3,0.13083
10954.8,0.13094
10957.3,0.13027
10959.8,0.13003
10962.3,0.12974
10964.8,0.12929
10967.3,0.12879
10969.8,0.12867
10972.3,0.12842
10974.8,0.12828
10977.3,0.12842
10979.8,0.1283
10982.3,0.12829
10984.8,0.12886
10987.3,0.12912
10989.8,0.12904
10992.3,0.12933
10994.8,0.12934
10997.3,0.12939
10999.8,0.12934
