wave,flux
3700.85,0.12026
3701.75,0.11857
3702.65,0.11439
3703.55,0.10905
3704.45,0.10364
3705.35,0.098594
3706.25,0.095134
3707.15,0.093798
3708.05,0.0938
3708.96,0.095703
3709.86,0.098331
3710.76,0.10166
3711.66,0.10551
3712.56,0.11063
3713.46,0.11562
3714.36,0.11949
3715.26,0.12177
3716.16,0.12213
3717.06,0.12048
3717.96,0.11532
3718.86,0.10849
3719.76,0.10075
3720.66,0.093813
3721.56,0.089067
3722.46,0.087917
3723.36,0.090355
3724.26,0.096099
3725.16,0.10175
3726.06,0.10683
3726.96,0.11012
3727.86,0.11111
3728.76,0.11163
3729.66,0.11101
3730.56,0.109
3731.46,0.10502
3732.36,0.099313
3733.26,0.093076
3734.16,0.085857
3735.06,0.080582
3735.96,0.07809
3736.86,0.079288
3737.76,0.08276
3738.66,0.089711
3739.56,0.096971
3740.46,0.10355
3741.36,0.10774
3742.26,0.10885
3743.16,0.10742
3744.06,0.10445
3744.96,0.099509
3745.86,0.094596
3746.76,0.089285
3747.67,0.084785
3748.57,0.08161
3749.47,0.079869
3750.37,0.081725
3751.27,0.086455
3752.17,0.093561
3753.07,0.10164
3753.97,0.10969
3754.87,0.1158
3755.77,0.11827
3756.67,0.11775
3757.57,0.11501
3758.47,0.1108
3759.37,0.10704
3760.27,0.10616
3761.17,0.10645
3762.07,0.10804
3762.97,0.10983
3763.87,0.11219
3764.77,0.11255
3765.67,0.11297
3766.57,0.11253
3767.47,0.11151
3768.37,0.10974
3769.27,0.10896
3770.17,0.10926
3771.07,0.11004
3771.97,0.11255
3772.87,0.11541
3773.77,0.11948
3774.67,0.12271
3775.57,0.1257
3776.47,0.12802
3777.37,0.12949
3778.27,0.13195
3779.17,0.13483
3780.07,0.13696
3780.97,0.13962
3781.87,0.1412
3782.77,0.14202
3783.67,0.14141
3784.57,0.13999
3785.47,0.13681
3786.38,0.13293
3787.28,0.12816
3788.18,0.12428
3789.08,0.12177
3789.98,0.1196
3790.88,0.11921
3791.78,0.11843
3792.68,0.11806
3793.58,0.11552
3794.48,0.11183
3795.38,0.10851
3796.28,0.10415
3797.18,0.10088
3798.08,0.099114
3798.98,0.099051
3799.88,0.10168
3800.78,0.10776
3801.68,0.11455
3802.58,0.1217
3803.48,0.12818
3804.38,0.13231
3805.28,0.13542
3806.18,0.13531
3807.08,0.13529
3807.98,0.13546
3808.88,0.13594
3809.78,0.13674
3810.68,0.1369
3811.58,0.13618
3812.48,0.13304
3813.38,0.12937
3814.28,0.1249
3815.18,0.12051
3816.08,0.11752
3816.98,0.11587
3817.88,0.11575
3818.78,0.11521
3819.68,0.11367
3820.58,0.11233
3821.48,0.11065
3822.38,0.10953
3823.28,0.10805
3824.18,0.10631
3825.09,0.10326
3825.99,0.10023
3826.89,0.097616
3827.79,0.096215
3828.69,0.094816
3829.59,0.094008
3830.49,0.09312
3831.39,0.090554
3832.29,0.087915
3833.19,0.08442
3834.09,0.081388
3834.99,0.079535
3835.89,0.079045
3836.79,0.079378
3837.69,0.080752
3838.59,0.082289
3839.49,0.085379
3840.39,0.088925
3841.29,0.094637
3842.19,0.10119
3843.09,0.10793
3843.99,0.11507
3844.89,0.12039
3845.79,0.12475
3846.69,0.12728
3847.59,0.12912
3848.49,0.12908
3849.39,0.12869
3850.29,0.12849
3851.19,0.12821
3852.09,0.12844
3852.99,0.1288
3853.89,0.1289
3854.79,0.12754
3855.69,0.12586
3856.59,0.12227
3857.49,0.11857
3858.39,0.11553
3859.29,0.11289
3860.19,0.11211
3861.09,0.11383
3861.99,0.11692
3862.9,0.12172
3863.8,0.12611
3864.7,0.12923
3865.6,0.13104
3866.5,0.1312
3867.4,0.13143
3868.3,0.13043
3869.2,0.1285
3870.1,0.12603
3871.0,0.12309
3871.9,0.11972
3872.8,0.11735
3873.7,0.11674
3874.6,0.1178
3875.5,0.11872
3876.4,0.1197
3877.3,0.11963
3878.2,0.119
3879.1,0.1178
3880.0,0.11733
3880.9,0.11722
3881.8,0.11779
3882.7,0.11714
3883.6,0.11624
3884.5,0.11428
3885.4,0.11124
3886.3,0.10725
3887.2,0.10314
3888.1,0.10017
3889.0,0.098655
3889.9,0.099805
3890.8,0.10262
3891.7,0.10728
3892.6,0.11194
3893.5,0.11667
3894.4,0.11952
3895.3,0.12169
3896.2,0.12352
3897.1,0.12526
3898.0,0.12582
3898.9,0.1268
3899.8,0.12755
3900.7,0.12774
3901.6,0.12825
3902.51,0.12732
3903.41,0.12666
3904.31,0.12562
3905.21,0.12461
3906.11,0.1243
3907.01,0.12527
3907.91,0.12802
3908.81,0.13119
3909.71,0.13526
3910.61,0.13825
3911.51,0.14124
3912.41,0.14224
3913.31,0.14239
3914.21,0.14137
3915.11,0.14055
3916.01,0.1384
3916.91,0.13639
3917.81,0.13358
3918.71,0.13103
3919.61,0.12766
3920.51,0.12478
3921.41,0.12257
3922.31,0.12036
3923.21,0.11872
3924.11,0.11724
3925.01,0.11547
3925.91,0.1114
3926.81,0.10582
3927.71,0.0984
3928.61,0.089586
3929.51,0.079481
3930.41,0.069309
3931.31,0.059722
3932.21,0.051183
3933.11,0.044679
3934.01,0.04101
3934.91,0.04048
3935.81,0.043487
3936.71,0.049668
3937.61,0.058039
3938.51,0.068078
3939.42,0.078203
3940.32,0.086962
3941.22,0.094872
3942.12,0.1008
3943.02,0.10553
3943.92,0.10914
3944.82,0.11358
3945.72,0.11743
3946.62,0.12112
3947.52,0.12465
3948.42,0.12771
3949.32,0.13062
3950.22,0.13293
3951.12,0.1352
3952.02,0.13637
3952.92,0.13727
3953.82,0.13742
3954.72,0.13832
3955.62,0.13796
3956.52,0.13676
3957.42,0.13591
3958.32,0.13426
3959.22,0.13133
3960.12,0.12762
3961.02,0.12272
3961.92,0.11584
3962.82,0.1078
3963.72,0.099148
3964.62,0.09018
3965.52,0.080387
3966.42,0.070748
3967.32,0.06123
3968.22,0.053873
3969.12,0.049547
3970.02,0.048921
3970.92,0.0522
3971.82,0.058715
3972.72,0.068084
3973.62,0.07855
3974.52,0.089563
3975.42,0.10002
3976.32,0.10976
3977.22,0.11812
3978.13,0.12594
3979.03,0.13266
3979.93,0.13795
3980.83,0.14187
3981.73,0.14427
3982.63,0.14624
3983.53,0.14697
3984.43,0.14766
3985.33,0.1483
3986.23,0.1502
3987.13,0.15198
3988.03,0.15411
3988.93,0.15574
3989.83,0.15709
3990.73,0.15924
3991.63,0.16068
3992.53,0.16103
3993.43,0.16051
3994.33,0.16002
3995.23,0.15935
3996.13,0.15782
3997.03,0.15614
3997.93,0.15539
3998.83,0.15513
3999.73,0.15722
4000.63,0.15909
4001.53,0.16106
4002.43,0.16283
4003.33,0.1625
4004.23,0.16209
4005.13,0.15969
4006.03,0.15769
4006.93,0.15659
4007.83,0.15741
4008.73,0.15957
4009.63,0.16201
4010.53,0.16363
4011.43,0.16593
4012.33,0.16686
4013.23,0.16753
4014.13,0.16825
4015.03,0.16808
4015.93,0.16816
4016.84,0.16817
4017.74,0.16886
4018.64,0.16901
4019.54,0.1687
4020.44,0.16955
4021.34,0.16976
4022.24,0.16991
4023.14,0.16907
4024.04,0.16904
4024.94,0.16985
4025.84,0.17043
4026.74,0.17139
4027.64,0.17125
4028.54,0.17136
4029.44,0.16966
4030.34,0.1657
4031.24,0.1628
4032.14,0.15913
4033.04,0.15759
4033.94,0.15743
4034.84,0.15853
4035.74,0.16202
4036.64,0.16579
4037.54,0.17087
4038.44,0.17352
4039.34,0.17614
4040.24,0.17606
4041.14,0.17533
4042.04,0.17242
4042.94,0.16979
4043.84,0.16479
4044.74,0.16088
4045.64,0.15708
4046.54,0.15514
4047.44,0.15573
4048.34,0.15876
4049.24,0.16339
4050.14,0.16694
4051.04,0.17062
4051.94,0.17207
4052.84,0.17329
4053.74,0.17159
4054.65,0.16997
4055.55,0.16963
4056.45,0.16752
4057.35,0.16682
4058.25,0.16674
4059.15,0.16681
4060.05,0.16775
4060.95,0.16637
4061.85,0.16529
4062.75,0.16315
4063.65,0.16093
4064.55,0.15836
4065.45,0.15738
4066.35,0.15809
4067.25,0.16063
4068.15,0.16326
4069.05,0.16567
4069.95,0.16648
4070.85,0.16743
4071.75,0.16676
4072.65,0.16582
4073.55,0.1653
4074.45,0.16371
4075.35,0.16164
4076.25,0.16002
4077.15,0.15777
4078.05,0.1562
4078.95,0.15625
4079.85,0.15856
4080.75,0.16165
4081.65,0.16512
4082.55,0.16731
4083.45,0.16973
4084.35,0.17149
4085.25,0.17217
4086.15,0.17335
4087.05,0.17545
4087.95,0.17876
4088.85,0.18105
4089.75,0.18338
4090.65,0.18417
4091.55,0.18339
4092.45,0.18178
4093.36,0.1804
4094.26,0.17843
4095.16,0.17583
4096.06,0.17191
4096.96,0.16825
4097.86,0.16369
4098.76,0.15813
4099.66,0.15262
4100.56,0.14614
4101.46,0.14184
4102.36,0.13942
4103.26,0.13902
4104.16,0.14141
4105.06,0.14701
4105.96,0.15301
4106.86,0.15845
4107.76,0.16288
4108.66,0.16665
4109.56,0.1679
4110.46,0.16908
4111.36,0.17112
4112.26,0.17209
4113.16,0.17338
4114.06,0.17507
4114.96,0.17685
4115.86,0.17791
4116.76,0.17847
4117.66,0.17822
4118.56,0.17647
4119.46,0.1753
4120.36,0.17432
4121.26,0.17408
4122.16,0.17377
4123.06,0.1743
4123.96,0.17451
4124.86,0.17544
4125.76,0.17649
4126.66,0.17612
4127.56,0.17537
4128.46,0.17475
4129.36,0.17287
4130.26,0.17139
4131.17,0.16946
4132.06,0.16738
4132.97,0.16581
4133.87,0.16518
4134.77,0.16664
4135.67,0.16838
4136.57,0.17138
4137.47,0.17435
4138.37,0.17775
4139.27,0.179
4140.17,0.17938
4141.07,0.1777
4141.97,0.17521
4142.87,0.17062
4143.77,0.16836
4144.67,0.16675
4145.57,0.16722
4146.47,0.16836
4147.37,0.17053
4148.27,0.17234
4149.17,0.17433
4150.07,0.17433
4150.97,0.17417
4151.87,0.17361
4152.77,0.17307
4153.67,0.17173
4154.57,0.17173
4155.47,0.17137
4156.37,0.17146
4157.27,0.17206
4158.17,0.17347
4159.07,0.17516
4159.97,0.17738
4160.87,0.18001
4161.77,0.18019
4162.67,0.18136
4163.57,0.18192
4164.47,0.18198
4165.37,0.18225
4166.27,0.18136
4167.17,0.17925
4168.07,0.17826
4168.98,0.17707
4169.88,0.17486
4170.78,0.17268
4171.68,0.16917
4172.58,0.16691
4173.48,0.16409
4174.38,0.16252
4175.28,0.16285
4176.18,0.16345
4177.08,0.16559
4177.98,0.16773
4178.88,0.16953
4179.78,0.17059
4180.68,0.17205
4181.58,0.17312
4182.48,0.17318
4183.38,0.17298
4184.28,0.17318
4185.18,0.17292
4186.08,0.17216
4186.98,0.17169
4187.88,0.17006
4188.78,0.17122
4189.68,0.17081
4190.58,0.17196
4191.48,0.17344
4192.38,0.17523
4193.28,0.17578
4194.18,0.17692
4195.08,0.17588
4195.98,0.17431
4196.88,0.17206
4197.78,0.1688
4198.68,0.16628
4199.58,0.16428
4200.48,0.16312
4201.38,0.16338
4202.28,0.16314
4203.18,0.16407
4204.08,0.16549
4204.98,0.16759
4205.88,0.17027
4206.79,0.17245
4207.69,0.17423
4208.59,0.17658
4209.49,0.17804
4210.39,0.17883
4211.29,0.17876
4212.19,0.17877
4213.09,0.17775
4213.99,0.17539
4214.89,0.17489
4215.79,0.17191
4216.69,0.17135
4217.59,0.17172
4218.49,0.17224
4219.39,0.17422
4220.29,0.17542
4221.19,0.17549
4222.09,0.17516
4222.99,0.17132
4223.89,0.16603
4224.79,0.16036
4225.69,0.15408
4226.59,0.14935
4227.49,0.14745
4228.39,0.14835
4229.29,0.15265
4230.19,0.15734
4231.09,0.16256
4231.99,0.16757
4232.89,0.17018
4233.79,0.17076
4234.69,0.17038
4235.59,0.16929
4236.49,0.16782
4237.39,0.16715
4238.29,0.16746
4239.19,0.16804
4240.09,0.16991
4240.99,0.17199
4241.89,0.1735
4242.79,0.17485
4243.69,0.17715
4244.59,0.17661
4245.5,0.17678
4246.4,0.17527
4247.3,0.1736
4248.2,0.17037
4249.1,0.16879
4250.0,0.16678
4250.9,0.16651
4251.8,0.16644
4252.7,0.16729
4253.6,0.1686
4254.5,0.16892
4255.4,0.16977
4256.3,0.17023
4257.2,0.17074
4258.1,0.17056
4259.0,0.16914
4259.9,0.16877
4260.8,0.16814
4261.7,0.16874
4262.6,0.17033
4263.5,0.17289
4264.4,0.17523
4265.3,0.17763
4266.2,0.18043
4267.1,0.17947
4268.0,0.17679
4268.9,0.17439
4269.8,0.1704
4270.7,0.16549
4271.6,0.16073
4272.5,0.15803
4273.4,0.15619
4274.3,0.15649
4275.2,0.15814
4276.1,0.16078
4277.0,0.16485
4277.9,0.16749
4278.8,0.17042
4279.7,0.17166
4280.6,0.17248
4281.5,0.17145
4282.4,0.17032
4283.31,0.1706
4284.21,0.16836
4285.11,0.16723
4286.01,0.16518
4286.91,0.16322
4287.81,0.15965
4288.71,0.1579
4289.61,0.15535
4290.51,0.15411
4291.41,0.15466
4292.31,0.15524
4293.21,0.15645
4294.11,0.15756
4295.01,0.15833
4295.91,0.15738
4296.81,0.15474
4297.71,0.15061
4298.61,0.14645
4299.51,0.1407
4300.41,0.13717
4301.31,0.13363
4302.21,0.13178
4303.11,0.13129
4304.01,0.13108
4304.91,0.13125
4305.81,0.13131
4306.71,0.13106
4307.61,0.1301
4308.51,0.12903
4309.41,0.12831
4310.31,0.13012
4311.21,0.13249
4312.11,0.13669
4313.01,0.1421
4313.91,0.14896
4314.81,0.158
4315.71,0.16648
4316.61,0.17406
4317.51,0.18154
4318.41,0.18734
4319.31,0.19057
4320.21,0.1899
4321.12,0.18857
4322.02,0.18465
4322.92,0.17854
4323.82,0.17319
4324.72,0.16784
4325.62,0.16505
4326.52,0.16334
4327.42,0.16515
4328.32,0.16998
4329.22,0.17448
4330.12,0.17947
4331.02,0.18355
4331.92,0.1864
4332.82,0.188
4333.72,0.1877
4334.62,0.18668
4335.52,0.18415
4336.42,0.1793
4337.32,0.17278
4338.22,0.16534
4339.12,0.15744
4340.02,0.15206
4340.92,0.14871
4341.82,0.1484
4342.72,0.15113
4343.62,0.15648
4344.52,0.16253
4345.42,0.16862
4346.32,0.17501
4347.22,0.17885
4348.12,0.18219
4349.02,0.18298
4349.92,0.18321
4350.82,0.18157
4351.72,0.17964
4352.62,0.17767
4353.52,0.17605
4354.42,0.17667
4355.32,0.17779
4356.22,0.17974
4357.12,0.18251
4358.02,0.18458
4358.92,0.18604
4359.83,0.18722
4360.73,0.18766
4361.63,0.18957
4362.53,0.191
4363.43,0.19242
4364.33,0.19361
4365.23,0.19468
4366.13,0.19359
4367.03,0.19184
4367.93,0.19152
4368.83,0.18972
4369.73,0.18827
4370.63,0.18692
4371.53,0.18508
4372.43,0.18359
4373.33,0.18235
4374.23,0.18075
4375.13,0.1794
4376.03,0.17933
4376.93,0.17987
4377.83,0.18151
4378.73,0.18245
4379.63,0.18356
4380.53,0.18293
4381.43,0.17954
4382.33,0.175
4383.23,0.17088
4384.13,0.16598
4385.03,0.16426
4385.93,0.16362
4386.83,0.16589
4387.73,0.16926
4388.63,0.17282
4389.53,0.17614
4390.43,0.17802
4391.33,0.17996
4392.23,0.18109
4393.13,0.18239
4394.03,0.18286
4394.93,0.1839
4395.83,0.18454
4396.73,0.18648
4397.64,0.18631
4398.54,0.18677
4399.44,0.18663
4400.34,0.1865
4401.24,0.18459
4402.14,0.18404
4403.04,0.18175
4403.94,0.18019
4404.84,0.179
4405.74,0.17828
4406.64,0.178
4407.54,0.17795
4408.44,0.18012
4409.34,0.18276
4410.24,0.1853
4411.14,0.18896
4412.04,0.1919
4412.94,0.19302
4413.84,0.19263
4414.74,0.19214
4415.64,0.19103
4416.54,0.1895
4417.44,0.189
4418.34,0.19097
4419.24,0.19198
4420.14,0.19365
4421.04,0.19488
4421.94,0.19578
4422.84,0.19661
4423.74,0.19579
4424.64,0.1947
4425.54,0.19413
4426.44,0.19418
4427.34,0.19434
4428.24,0.19355
4429.14,0.19368
4430.04,0.19342
4430.94,0.19392
4431.84,0.19308
4432.74,0.19289
4433.64,0.19138
4434.54,0.18985
4435.45,0.18976
4436.35,0.19008
4437.25,0.19183
4438.15,0.19374
4439.05,0.19554
4439.95,0.19745
4440.85,0.19729
4441.75,0.19648
4442.65,0.19511
4443.55,0.19432
4444.45,0.1941
4445.35,0.19431
4446.25,0.19555
4447.15,0.19697
4448.05,0.19797
4448.95,0.19876
4449.85,0.19882
4450.75,0.19826
4451.65,0.19772
4452.55,0.19532
4453.45,0.19358
4454.35,0.19083
4455.25,0.18847
4456.15,0.18589
4457.05,0.18396
4457.95,0.18467
4458.85,0.18384
4459.75,0.18377
4460.65,0.18444
4461.55,0.18578
4462.45,0.18639
4463.35,0.18828
4464.25,0.19043
4465.15,0.193
4466.05,0.19348
4466.95,0.19484
4467.85,0.19447
4468.75,0.19589
4469.65,0.19521
4470.55,0.19524
4471.45,0.19747
4472.35,0.19976
4473.25,0.20217
4474.16,0.20417
4475.06,0.20656
4475.96,0.20808
4476.86,0.20876
4477.76,0.20829
4478.66,0.20871
4479.56,0.20682
4480.46,0.20541
4481.36,0.20274
4482.26,0.2017
4483.16,0.20119
4484.06,0.20223
4484.96,0.20394
4485.86,0.20492
4486.76,0.20568
4487.66,0.20531
4488.56,0.20459
4489.46,0.20428
4490.36,0.20394
4491.26,0.20329
4492.16,0.20236
4493.06,0.20272
4493.96,0.20223
4494.86,0.203
4495.76,0.20239
4496.66,0.20299
4497.56,0.20344
4498.46,0.20536
4499.36,0.20635
4500.26,0.20775
4501.16,0.20922
4502.06,0.21091
4502.96,0.2134
4503.86,0.21526
4504.76,0.21583
4505.66,0.21852
4506.56,0.21816
4507.46,0.21919
4508.36,0.21872
4509.26,0.21848
4510.17,0.21755
4511.06,0.21758
4511.97,0.21625
4512.87,0.21539
4513.77,0.21413
4514.67,0.21256
4515.57,0.21156
4516.47,0.21134
4517.37,0.20949
4518.27,0.20949
4519.17,0.20931
4520.07,0.20911
4520.97,0.20873
4521.87,0.20863
4522.77,0.20698
4523.67,0.20569
4524.57,0.20402
4525.47,0.20183
4526.37,0.19874
4527.27,0.19683
4528.17,0.19378
4529.07,0.19304
4529.97,0.19182
4530.87,0.19127
4531.77,0.19172
4532.67,0.19212
4533.57,0.19093
4534.47,0.19154
4535.37,0.1932
4536.27,0.19428
4537.17,0.19615
4538.07,0.20006
4538.97,0.20358
4539.87,0.20618
4540.77,0.20789
4541.67,0.20868
4542.57,0.20845
4543.47,0.20799
4544.37,0.20727
4545.27,0.2068
4546.17,0.20466
4547.07,0.20366
4547.97,0.20257
4548.88,0.20148
4549.77,0.20032
4550.68,0.1996
4551.58,0.19929
4552.48,0.19948
4553.38,0.19875
4554.28,0.19892
4555.18,0.20007
4556.08,0.20136
4556.98,0.20288
4557.88,0.2057
4558.78,0.20856
4559.68,0.21082
4560.58,0.21201
4561.48,0.21289
4562.38,0.21272
4563.28,0.21282
4564.18,0.2116
4565.08,0.21161
4565.98,0.21144
4566.88,0.21117
4567.78,0.21234
4568.68,0.2123
4569.58,0.21233
4570.48,0.21216
4571.38,0.21164
4572.28,0.21146
4573.18,0.2116
4574.08,0.21147
4574.98,0.21212
4575.88,0.21344
4576.78,0.21413
4577.68,0.21235
4578.58,0.21177
4579.48,0.20995
4580.38,0.20904
4581.28,0.20708
4582.18,0.20627
4583.08,0.20552
4583.98,0.20531
4584.88,0.20583
4585.78,0.20542
4586.69,0.20798
4587.58,0.20976
4588.49,0.2112
4589.39,0.21129
4590.29,0.2124
4591.19,0.21225
4592.09,0.21049
4592.99,0.21021
4593.89,0.21041
4594.79,0.20954
4595.69,0.21065
4596.59,0.21088
4597.49,0.20957
4598.39,0.21054
4599.29,0.21079
4600.19,0.21046
4601.09,0.20985
4601.99,0.2101
4602.89,0.21
4603.79,0.20996
4604.69,0.21036
4605.59,0.21134
4606.49,0.21248
4607.39,0.21492
4608.29,0.21554
4609.19,0.21716
4610.09,0.21773
4610.99,0.21849
4611.89,0.21818
4612.79,0.21872
4613.69,0.21787
4614.59,0.21708
4615.49,0.21668
4616.39,0.21746
4617.29,0.2166
4618.19,0.21624
4619.09,0.21617
4619.99,0.21696
4620.89,0.2175
4621.79,0.2183
4622.69,0.21825
4623.59,0.21806
4624.5,0.21949
4625.4,0.2184
4626.3,0.21839
4627.2,0.21834
4628.1,0.21812
4629.0,0.21828
4629.9,0.21748
4630.8,0.2174
4631.7,0.21739
4632.6,0.21771
4633.5,0.21748
4634.4,0.21656
4635.3,0.21681
4636.2,0.21526
4637.1,0.21465
4638.0,0.21456
4638.9,0.21424
4639.8,0.21377
4640.7,0.21424
4641.6,0.21443
4642.5,0.21615
4643.4,0.21614
4644.3,0.216
4645.2,0.21431
4646.1,0.21365
4647.0,0.21248
4647.9,0.21233
4648.8,0.2112
4649.7,0.21084
4650.6,0.21189
4651.5,0.21149
4652.4,0.21197
4653.3,0.21194
4654.2,0.21238
4655.1,0.21168
4656.0,0.21342
4656.9,0.21327
4657.8,0.21486
4658.7,0.21612
4659.6,0.21741
4660.5,0.21984
4661.4,0.22094
4662.3,0.22082
4663.21,0.21925
4664.11,0.21727
4665.01,0.21435
4665.91,0.21178
4666.81,0.20951
4667.71,0.20868
4668.61,0.2064
4669.51,0.20606
4670.41,0.20658
4671.31,0.20879
4672.21,0.21031
4673.11,0.21221
4674.01,0.21489
4674.91,0.21602
4675.81,0.21766
4676.71,0.21751
4677.61,0.21618
4678.51,0.21554
4679.41,0.21578
4680.31,0.21459
4681.21,0.214
4682.11,0.21381
4683.01,0.21338
4683.91,0.2143
4684.81,0.21424
4685.71,0.21533
4686.61,0.21585
4687.51,0.21581
4688.41,0.21638
4689.31,0.21633
4690.21,0.21785
4691.11,0.2177
4692.01,0.21717
4692.91,0.21723
4693.81,0.21884
4694.71,0.21988
4695.61,0.22065
4696.51,0.22156
4697.41,0.22075
4698.31,0.21914
4699.21,0.21722
4700.12,0.21594
4701.02,0.21439
4701.92,0.2121
4702.82,0.21132
4703.72,0.21079
4704.62,0.21107
4705.52,0.21069
4706.42,0.21016
4707.32,0.20999
4708.22,0.21047
4709.12,0.21025
4710.02,0.21102
4710.92,0.21148
4711.82,0.21287
4712.72,0.2144
4713.62,0.21466
4714.52,0.21559
4715.42,0.21669
4716.32,0.21886
4717.22,0.21871
4718.12,0.21945
4719.02,0.22022
4719.92,0.22163
4720.82,0.22295
4721.72,0.22299
4722.62,0.223
4723.52,0.22242
4724.42,0.22168
4725.32,0.22306
4726.22,0.22131
4727.12,0.21941
4728.02,0.21811
4728.92,0.216
4729.82,0.2156
4730.72,0.21382
4731.62,0.21456
4732.52,0.21403
4733.42,0.21489
4734.32,0.21476
4735.22,0.21602
4736.12,0.21529
4737.02,0.21709
4737.92,0.21693
4738.83,0.21689
4739.73,0.21774
4740.63,0.21725
4741.53,0.21807
4742.43,0.21943
4743.33,0.21906
4744.23,0.21998
4745.13,0.22097
4746.03,0.22194
4746.93,0.22163
4747.83,0.22251
4748.73,0.22272
4749.63,0.2235
4750.53,0.22289
4751.43,0.22328
4752.33,0.2215
4753.23,0.22104
4754.13,0.22
4755.03,0.21979
4755.93,0.21832
4756.83,0.21661
4757.73,0.21758
4758.63,0.21645
4759.53,0.2169
4760.43,0.21588
4761.33,0.21572
4762.23,0.21486
4763.13,0.214
4764.03,0.2129
4764.93,0.21224
4765.83,0.21213
4766.73,0.21235
4767.63,0.21224
4768.53,0.21366
4769.43,0.21448
4770.33,0.21546
4771.23,0.21669
4772.13,0.21749
4773.03,0.21851
4773.93,0.2185
4774.83,0.21952
4775.73,0.22
4776.64,0.22042
4777.54,0.22123
4778.44,0.22017
4779.34,0.22009
4780.24,0.21951
4781.14,0.21873
4782.04,0.21821
4782.94,0.2172
4783.84,0.21673
4784.74,0.21547
4785.64,0.21631
4786.54,0.21445
4787.44,0.21332
4788.34,0.21401
4789.24,0.21443
4790.14,0.21472
4791.04,0.21532
4791.94,0.21691
4792.84,0.21792
4793.74,0.21976
4794.64,0.22137
4795.54,0.22202
4796.44,0.22409
4797.34,0.22318
4798.24,0.22097
4799.14,0.22097
4800.04,0.22038
4800.94,0.22053
4801.84,0.22026
4802.74,0.22027
4803.64,0.22038
4804.54,0.22146
4805.44,0.22057
4806.34,0.22045
4807.24,0.22051
4808.14,0.21989
4809.04,0.21995
4809.94,0.22034
4810.84,0.22075
4811.74,0.22055
4812.64,0.22125
4813.54,0.22271
4814.45,0.22359
4815.35,0.22434
4816.25,0.224
4817.15,0.22476
4818.05,0.22624
4818.95,0.22557
4819.85,0.22533
4820.75,0.22361
4821.65,0.22333
4822.55,0.22292
4823.45,0.22092
4824.35,0.21995
4825.25,0.22114
4826.15,0.22011
4827.05,0.22028
4827.95,0.21961
4828.85,0.22055
4829.75,0.22016
4830.65,0.21946
4831.55,0.21919
4832.45,0.22012
4833.35,0.21978
4834.25,0.21918
4835.15,0.21976
4836.05,0.21921
4836.95,0.22027
4837.85,0.22003
4838.75,0.21923
4839.65,0.21798
4840.55,0.21741
4841.45,0.21751
4842.35,0.2177
4843.25,0.21744
4844.15,0.21786
4845.05,0.21865
4845.95,0.21934
4846.85,0.21872
4847.75,0.21898
4848.65,0.21816
4849.55,0.21877
4850.45,0.21891
4851.35,0.21843
4852.26,0.21802
4853.16,0.21701
4854.06,0.21479
4854.96,0.21243
4855.86,0.20961
4856.76,0.20599
4857.66,0.2025
4858.56,0.19672
4859.46,0.19193
4860.36,0.18647
4861.26,0.18241
4862.16,0.18023
4863.06,0.17942
4863.96,0.18188
4864.86,0.18536
4865.76,0.19024
4866.66,0.19606
4867.56,0.19961
4868.46,0.20369
4869.36,0.20567
4870.26,0.20638
4871.16,0.20669
4872.06,0.20806
4872.96,0.20726
4873.86,0.20801
4874.76,0.20887
4875.66,0.20985
4876.56,0.2113
4877.46,0.2133
4878.36,0.21422
4879.26,0.21571
4880.16,0.21645
4881.06,0.21704
4881.96,0.21784
4882.86,0.21652
4883.76,0.21673
4884.66,0.21585
4885.56,0.21455
4886.46,0.21318
4887.36,0.21261
4888.26,0.21144
4889.17,0.21106
4890.07,0.20998
4890.97,0.21122
4891.87,0.21152
4892.77,0.21265
4893.67,0.21633
4894.57,0.21938
4895.47,0.22238
4896.37,0.22485
4897.27,0.22662
4898.17,0.22752
4899.07,0.228
4899.97,0.22664
4900.87,0.22691
4901.77,0.22498
4902.67,0.22364
4903.57,0.22336
4904.47,0.22257
4905.37,0.22329
4906.27,0.22217
4907.17,0.2235
4908.07,0.22244
4908.97,0.22191
4909.87,0.22139
4910.77,0.21971
4911.67,0.21937
4912.57,0.21963
4913.47,0.21993
4914.37,0.22077
4915.27,0.22134
4916.17,0.22024
4917.07,0.21935
4917.97,0.2167
4918.87,0.21403
4919.77,0.21151
4920.67,0.20929
4921.57,0.20762
4922.47,0.20775
4923.37,0.20856
4924.27,0.21031
4925.17,0.21321
4926.07,0.21609
4926.98,0.21748
4927.88,0.22032
4928.78,0.22227
4929.68,0.22167
4930.58,0.2234
4931.48,0.22369
4932.38,0.22282
4933.28,0.22107
4934.18,0.21872
4935.08,0.21711
4935.98,0.21608
4936.88,0.21418
4937.78,0.21301
4938.68,0.21356
4939.58,0.21358
4940.48,0.21471
4941.38,0.21664
4942.28,0.21852
4943.18,0.21937
4944.08,0.2213
4944.98,0.22421
4945.88,0.22441
4946.78,0.22502
4947.68,0.22575
4948.58,0.22661
4949.48,0.22647
4950.38,0.22713
4951.28,0.22667
4952.18,0.22698
4953.08,0.22609
4953.98,0.22364
4954.88,0.22186
4955.78,0.21966
4956.68,0.21702
4957.58,0.21564
4958.48,0.21384
4959.38,0.2137
4960.28,0.21421
4961.18,0.21662
4962.08,0.21772
4962.98,0.21949
4963.88,0.22004
4964.79,0.22
4965.69,0.21904
4966.59,0.21914
4967.49,0.2189
4968.39,0.21788
4969.29,0.21773
4970.19,0.21793
4971.09,0.21892
4971.99,0.21948
4972.89,0.2203
4973.79,0.22074
4974.69,0.22179
4975.59,0.22286
4976.49,0.22176
4977.39,0.22151
4978.29,0.22006
4979.19,0.21719
4980.09,0.21472
4980.99,0.21192
4981.89,0.21035
4982.79,0.20781
4983.69,0.20606
4984.59,0.20638
4985.49,0.20607
4986.39,0.20766
4987.29,0.20889
4988.19,0.21112
4989.09,0.21299
4989.99,0.21377
4990.89,0.21458
4991.79,0.21501
4992.69,0.21535
4993.59,0.21578
4994.49,0.21577
4995.39,0.21589
4996.29,0.2163
4997.19,0.21547
4998.09,0.21521
4998.99,0.21472
4999.89,0.21281
5000.79,0.21121
5001.7,0.21063
5002.6,0.21097
5003.5,0.20962
5004.4,0.20947
5005.3,0.2087
5006.2,0.20793
5007.1,0.20716
5008.0,0.20849
5008.9,0.2076
5009.8,0.20784
5010.7,0.20788
5011.6,0.20735
5012.5,0.20643
5013.4,0.2053
5014.3,0.20405
5015.2,0.20386
5016.1,0.20293
5017.0,0.20306
5017.9,0.20399
5018.8,0.20388
5019.7,0.20494
5020.6,0.20679
5021.5,0.20781
5022.4,0.2087
5023.3,0.21017
5024.2,0.21038
5025.1,0.21075
5026.0,0.21143
5026.9,0.21261
5027.8,0.21267
5028.7,0.21351
5029.6,0.21544
5030.5,0.21587
5031.4,0.21651
5032.3,0.21744
5033.2,0.21703
5034.1,0.21752
5035.0,0.21564
5035.9,0.2143
5036.8,0.21234
5037.7,0.20953
5038.6,0.20641
5039.5,0.20397
5040.41,0.20248
5041.31,0.20199
5042.21,0.20227
5043.11,0.20321
5044.01,0.20416
5044.91,0.20873
5045.81,0.21053
5046.71,0.21257
5047.61,0.21499
5048.51,0.2144
5049.41,0.21394
5050.31,0.21365
5051.21,0.21356
5052.11,0.21391
5053.01,0.21441
5053.91,0.21586
5054.81,0.21622
5055.71,0.21929
5056.61,0.22117
5057.51,0.22078
5058.41,0.22219
5059.31,0.22228
5060.21,0.22305
5061.11,0.22173
5062.01,0.22134
5062.91,0.22036
5063.81,0.21837
5064.71,0.21582
5065.61,0.21589
5066.51,0.21338
5067.41,0.21295
5068.31,0.21278
5069.21,0.21241
5070.11,0.21211
5071.01,0.21351
5071.91,0.2133
5072.81,0.21294
5073.71,0.21411
5074.61,0.21441
5075.51,0.21337
5076.42,0.21284
5077.31,0.21079
5078.21,0.21045
5079.12,0.2086
5080.02,0.20741
5080.92,0.20537
5081.82,0.20505
5082.72,0.20552
5083.62,0.20523
5084.52,0.2073
5085.42,0.20855
5086.32,0.21025
5087.22,0.21276
5088.12,0.21347
5089.02,0.21491
5089.92,0.21593
5090.82,0.21665
5091.72,0.21633
5092.62,0.21725
5093.52,0.21733
5094.42,0.21739
5095.32,0.21682
5096.22,0.21543
5097.12,0.21398
5098.02,0.21265
5098.92,0.21081
5099.82,0.21024
5100.72,0.21016
5101.62,0.21072
5102.52,0.21
5103.42,0.21038
5104.32,0.2115
5105.22,0.21138
5106.12,0.21039
5107.02,0.21016
5107.92,0.20904
5108.82,0.20816
5109.72,0.2081
5110.62,0.20965
5111.52,0.20852
5112.42,0.21144
5113.32,0.21193
5114.22,0.21342
5115.12,0.21442
5116.03,0.21618
5116.93,0.21718
5117.83,0.21822
5118.73,0.21734
5119.63,0.21793
5120.53,0.21653
5121.43,0.21485
5122.33,0.2129
5123.23,0.20993
5124.13,0.20878
5125.03,0.20733
5125.93,0.20614
5126.83,0.20499
5127.73,0.20471
5128.63,0.20564
5129.53,0.20459
5130.43,0.20557
5131.33,0.20773
5132.23,0.20748
5133.13,0.20828
5134.03,0.21014
5134.93,0.21069
5135.83,0.21088
5136.73,0.2104
5137.63,0.20924
5138.53,0.20739
5139.43,0.20692
5140.33,0.20648
5141.23,0.20506
5142.13,0.20576
5143.03,0.20435
5143.93,0.20474
5144.83,0.20442
5145.73,0.205
5146.63,0.20428
5147.53,0.20578
5148.43,0.20558
5149.33,0.20639
5150.23,0.20583
5151.13,0.20636
5152.03,0.20584
5152.94,0.20617
5153.84,0.2061
5154.74,0.20762
5155.64,0.20867
5156.54,0.21024
5157.44,0.212
5158.34,0.21378
5159.24,0.21497
5160.14,0.21553
5161.04,0.21552
5161.94,0.21479
5162.84,0.21317
5163.74,0.2094
5164.64,0.20464
5165.54,0.19993
5166.44,0.1948
5167.34,0.18969
5168.24,0.18588
5169.14,0.18115
5170.04,0.17889
5170.94,0.17673
5171.84,0.17689
5172.74,0.17758
5173.64,0.17948
5174.54,0.18241
5175.44,0.18681
5176.34,0.19024
5177.24,0.19488
5178.14,0.19768
5179.04,0.19987
5179.94,0.20021
5180.84,0.19886
5181.74,0.19564
5182.64,0.19254
5183.54,0.18998
5184.44,0.18849
5185.34,0.18766
5186.24,0.18958
5187.14,0.19239
5188.04,0.1958
5188.94,0.1983
5189.84,0.2008
5190.75,0.20447
5191.65,0.20468
5192.55,0.20405
5193.45,0.20461
5194.35,0.2046
5195.25,0.20431
5196.15,0.20563
5197.05,0.20632
5197.95,0.20846
5198.85,0.20885
5199.75,0.21021
5200.65,0.21125
5201.55,0.21041
5202.45,0.20988
5203.35,0.20776
5204.25,0.20652
5205.15,0.20347
5206.05,0.20147
5206.95,0.19974
5207.85,0.19887
5208.75,0.19815
5209.65,0.19902
5210.55,0.20069
5211.45,0.20324
5212.35,0.2058
5213.25,0.20805
5214.15,0.21084
5215.05,0.21278
5215.95,0.2147
5216.85,0.21598
5217.75,0.21659
5218.65,0.2174
5219.55,0.21751
5220.45,0.21839
5221.35,0.21842
5222.25,0.21746
5223.15,0.21755
5224.05,0.21534
5224.95,0.21252
5225.85,0.21106
5226.75,0.20858
5227.66,0.20715
5228.56,0.2064
5229.46,0.20754
5230.36,0.20938
5231.26,0.21085
5232.16,0.21141
5233.06,0.21353
5233.96,0.21561
5234.86,0.21563
5235.76,0.21818
5236.66,0.21885
5237.56,0.21997
5238.46,0.22142
5239.36,0.2222
5240.26,0.22348
5241.16,0.22486
5242.06,0.22474
5242.96,0.22466
5243.86,0.22584
5244.76,0.22385
5245.66,0.22377
5246.56,0.22152
5247.46,0.22009
5248.36,0.21885
5249.26,0.2176
5250.16,0.21673
5251.06,0.21492
5251.96,0.21585
5252.86,0.21564
5253.76,0.21546
5254.66,0.21704
5255.56,0.21835
5256.46,0.2196
5257.36,0.22049
5258.26,0.22138
5259.16,0.22027
5260.06,0.2204
5260.96,0.21805
5261.86,0.21558
5262.76,0.21273
5263.66,0.20916
5264.56,0.20553
5265.47,0.20274
5266.37,0.19972
5267.27,0.19835
5268.17,0.19727
5269.07,0.19607
5269.97,0.19639
5270.87,0.19784
5271.77,0.19967
5272.67,0.20177
5273.57,0.20472
5274.47,0.20729
5275.37,0.21011
5276.27,0.21318
5277.17,0.21548
5278.07,0.21819
5278.97,0.22051
5279.87,0.22124
5280.77,0.22116
5281.67,0.22084
5282.57,0.22126
5283.47,0.22095
5284.37,0.22101
5285.27,0.22151
5286.17,0.22361
5287.07,0.22477
5287.97,0.22605
5288.87,0.22815
5289.77,0.22841
5290.67,0.22966
5291.57,0.22973
5292.47,0.22949
5293.37,0.22761
5294.27,0.22678
5295.17,0.22538
5296.07,0.22322
5296.97,0.22188
5297.87,0.21892
5298.77,0.21819
5299.67,0.21702
5300.57,0.21835
5301.48,0.21857
5302.38,0.21999
5303.27,0.22123
5304.18,0.22255
5305.08,0.22398
5305.98,0.22638
5306.88,0.22716
5307.78,0.22865
5308.68,0.2286
5309.58,0.22961
5310.48,0.23004
5311.38,0.22994
5312.28,0.23019
5313.18,0.23095
5314.08,0.22911
5314.98,0.22937
5315.88,0.22802
5316.78,0.22779
5317.68,0.22695
5318.58,0.22706
5319.48,0.22582
5320.38,0.22462
5321.28,0.22385
5322.18,0.22302
5323.08,0.2215
5323.98,0.22029
5324.88,0.21823
5325.78,0.21438
5326.68,0.21169
5327.58,0.21049
5328.48,0.20887
5329.38,0.20801
5330.28,0.20821
5331.18,0.21008
5332.08,0.21266
5332.98,0.21481
5333.88,0.21646
5334.78,0.2188
5335.68,0.22121
5336.58,0.22213
5337.48,0.22222
5338.38,0.2224
5339.28,0.22118
5340.19,0.22101
5341.08,0.22031
5341.99,0.2204
5342.89,0.21977
5343.79,0.22061
5344.69,0.22027
5345.59,0.22102
5346.49,0.22089
5347.39,0.22213
5348.29,0.22163
5349.19,0.22142
5350.09,0.22303
5350.99,0.22404
5351.89,0.22552
5352.79,0.22569
5353.69,0.22694
5354.59,0.2283
5355.49,0.23047
5356.39,0.23162
5357.29,0.23276
5358.19,0.23219
5359.09,0.23222
5359.99,0.23358
5360.89,0.23226
5361.79,0.23137
5362.69,0.22966
5363.59,0.22875
5364.49,0.22731
5365.39,0.22539
5366.29,0.22351
5367.19,0.22184
5368.09,0.22071
5368.99,0.22033
5369.89,0.21926
5370.79,0.21797
5371.69,0.21798
5372.59,0.21854
5373.49,0.21953
5374.39,0.22081
5375.29,0.22367
5376.19,0.22553
5377.09,0.22687
5378.0,0.22751
5378.9,0.22909
5379.8,0.22841
5380.7,0.22857
5381.6,0.22761
5382.5,0.22786
5383.4,0.22762
5384.3,0.22647
5385.2,0.22618
5386.1,0.22697
5387.0,0.22665
5387.9,0.22609
5388.8,0.22596
5389.7,0.22548
5390.6,0.22384
5391.5,0.22303
5392.4,0.22162
5393.3,0.22041
5394.2,0.22005
5395.1,0.21931
5396.0,0.21762
5396.9,0.21726
5397.8,0.21688
5398.7,0.21622
5399.6,0.21639
5400.5,0.21697
5401.4,0.21769
5402.3,0.21794
5403.2,0.21737
5404.1,0.21561
5405.0,0.21417
5405.9,0.21421
5406.8,0.21338
5407.7,0.21329
5408.6,0.21345
5409.5,0.21366
5410.4,0.21551
5411.3,0.21578
5412.2,0.21786
5413.1,0.21946
5414.0,0.22212
5414.9,0.22245
5415.81,0.22508
5416.71,0.22378
5417.61,0.22602
5418.51,0.22541
5419.41,0.22596
5420.31,0.2261
5421.21,0.22615
5422.11,0.22575
5423.01,0.22468
5423.91,0.22585
5424.81,0.22453
5425.71,0.22402
5426.61,0.22378
5427.51,0.22237
5428.41,0.22164
5429.31,0.22024
5430.21,0.21921
5431.11,0.21842
5432.01,0.21876
5432.91,0.21826
5433.81,0.21775
5434.71,0.21668
5435.61,0.21752
5436.51,0.21867
5437.41,0.21958
5438.31,0.22246
5439.21,0.22386
5440.11,0.2266
5441.01,0.22664
5441.91,0.22784
5442.81,0.2266
5443.71,0.22625
5444.61,0.2267
5445.51,0.2232
5446.41,0.22178
5447.31,0.22154
5448.21,0.2211
5449.11,0.21949
5450.01,0.22141
5450.91,0.22116
5451.81,0.22172
5452.72,0.22096
5453.62,0.22154
5454.52,0.2212
5455.42,0.22093
5456.32,0.22078
5457.22,0.22066
5458.12,0.22125
5459.02,0.22102
5459.92,0.22169
5460.82,0.22188
5461.72,0.22316
5462.62,0.22364
5463.52,0.22255
5464.42,0.2229
5465.32,0.22254
5466.22,0.22305
5467.12,0.22363
5468.02,0.22345
5468.92,0.22423
5469.82,0.22476
5470.72,0.22335
5471.62,0.22315
5472.52,0.22305
5473.42,0.22161
5474.32,0.22051
5475.22,0.21915
5476.12,0.21799
5477.02,0.21768
5477.92,0.21691
5478.82,0.21651
5479.72,0.21634
5480.62,0.21743
5481.52,0.219
5482.42,0.21951
5483.32,0.21945
5484.22,0.22148
5485.12,0.22153
5486.02,0.22167
5486.92,0.22311
5487.82,0.22299
5488.72,0.22328
5489.62,0.22403
5490.53,0.22296
5491.43,0.22403
5492.33,0.22408
5493.23,0.2244
5494.13,0.22383
5495.03,0.22394
5495.93,0.22357
5496.83,0.22339
5497.73,0.22363
5498.63,0.22365
5499.53,0.2224
5500.43,0.22313
5501.33,0.22235
5502.23,0.22229
5503.13,0.22187
5504.03,0.22244
5504.93,0.22192
5505.83,0.22159
5506.73,0.22152
5507.63,0.22078
5508.53,0.22032
5509.43,0.22011
5510.33,0.22023
5511.23,0.22003
5512.13,0.2192
5513.03,0.22087
5513.93,0.21921
5514.83,0.2198
5515.73,0.22062
5516.63,0.22175
5517.53,0.22306
5518.43,0.22445
5519.33,0.22465
5520.23,0.227
5521.13,0.22749
5522.03,0.22781
5522.93,0.22744
5523.83,0.22623
5524.73,0.22579
5525.63,0.22521
5526.54,0.22314
5527.44,0.22307
5528.33,0.2227
5529.24,0.22148
5530.14,0.22073
5531.04,0.22198
5531.94,0.22244
5532.84,0.22303
5533.74,0.22375
5534.64,0.22437
5535.54,0.22499
5536.44,0.22434
5537.34,0.22638
5538.24,0.22637
5539.14,0.22713
5540.04,0.22713
5540.94,0.22907
5541.84,0.22734
5542.74,0.22812
5543.64,0.22839
5544.54,0.22909
5545.44,0.22858
5546.34,0.22816
5547.24,0.22881
5548.14,0.22857
5549.04,0.22833
5549.94,0.22811
5550.84,0.22864
5551.74,0.22926
5552.64,0.22874
5553.54,0.22793
5554.44,0.22825
5555.34,0.22791
5556.24,0.22703
5557.14,0.22691
5558.04,0.22661
5558.94,0.22581
5559.84,0.22517
5560.74,0.22531
5561.64,0.22576
5562.54,0.22447
5563.44,0.22406
5564.34,0.22419
5565.25,0.22303
5566.15,0.22258
5567.05,0.22071
5567.95,0.22241
5568.85,0.2214
5569.75,0.22132
5570.65,0.22032
5571.55,0.2208
5572.45,0.22032
5573.35,0.22158
5574.25,0.22099
5575.15,0.22206
5576.05,0.22323
5576.95,0.22262
5577.85,0.22263
5578.75,0.22421
5579.65,0.22399
5580.55,0.22461
5581.45,0.22446
5582.35,0.22324
5583.25,0.2232
5584.15,0.22209
5585.05,0.22053
5585.95,0.21844
5586.85,0.21732
5587.75,0.21598
5588.65,0.21494
5589.55,0.21428
5590.45,0.21452
5591.35,0.2138
5592.25,0.21416
5593.15,0.21473
5594.05,0.21608
5594.95,0.21638
5595.85,0.21769
5596.75,0.21835
5597.65,0.21854
5598.55,0.21827
5599.45,0.21705
5600.35,0.21735
5601.25,0.21756
5602.15,0.21723
5603.06,0.21779
5603.96,0.21916
5604.86,0.22117
5605.76,0.22203
5606.66,0.22364
5607.56,0.22569
5608.46,0.22621
5609.36,0.22762
5610.26,0.22789
5611.16,0.22782
5612.06,0.2275
5612.96,0.22681
5613.86,0.22507
5614.76,0.22407
5615.66,0.22223
5616.56,0.22136
5617.46,0.22164
5618.36,0.22092
5619.26,0.22057
5620.16,0.2219
5621.06,0.22209
5621.96,0.22249
5622.86,0.22273
5623.76,0.22122
5624.66,0.22265
5625.56,0.22315
5626.46,0.22275
5627.36,0.22327
5628.26,0.22332
5629.16,0.22491
5630.06,0.22523
5630.96,0.22654
5631.86,0.22683
5632.76,0.22623
5633.66,0.22736
5634.56,0.22691
5635.46,0.22694
5636.36,0.22528
5637.26,0.22517
5638.16,0.22441
5639.06,0.22503
5639.96,0.22383
5640.86,0.22371
5641.77,0.22442
5642.67,0.22308
5643.57,0.22431
5644.47,0.22418
5645.37,0.22434
5646.27,0.22358
5647.17,0.22438
5648.07,0.22475
5648.97,0.22583
5649.87,0.22639
5650.77,0.22651
5651.67,0.22628
5652.57,0.22733
5653.47,0.22579
5654.37,0.22583
5655.27,0.22548
5656.17,0.22437
5657.07,0.22191
5657.97,0.22084
5658.87,0.21971
5659.77,0.2192
5660.67,0.21855
5661.57,0.21797
5662.47,0.21782
5663.37,0.21909
5664.27,0.21961
5665.17,0.22033
5666.07,0.22086
5666.97,0.22129
5667.87,0.22261
5668.77,0.22308
5669.67,0.22311
5670.57,0.22294
5671.47,0.22386
5672.37,0.22489
5673.27,0.22526
5674.17,0.22637
5675.07,0.22645
5675.97,0.22794
5676.88,0.22774
5677.77,0.22639
5678.68,0.22712
5679.58,0.22727
5680.48,0.22646
5681.38,0.22612
5682.28,0.2256
5683.18,0.22506
5684.08,0.22361
5684.98,0.22381
5685.88,0.2219
5686.78,0.22347
5687.68,0.22249
5688.58,0.22308
5689.48,0.22342
5690.38,0.22339
5691.28,0.2236
5692.18,0.2245
5693.08,0.2254
5693.98,0.22645
5694.88,0.2255
5695.78,0.22544
5696.68,0.22593
5697.58,0.2264
5698.48,0.22596
5699.38,0.22487
5700.28,0.22397
5701.18,0.22306
5702.08,0.22145
5702.98,0.22224
5703.88,0.22113
5704.78,0.21964
5705.68,0.22016
5706.58,0.21813
5707.48,0.21793
5708.38,0.21743
5709.28,0.21715
5710.18,0.21666
5711.08,0.21658
5711.98,0.21604
5712.88,0.21738
5713.78,0.21799
5714.68,0.22007
5715.59,0.22138
5716.49,0.22275
5717.39,0.22413
5718.29,0.22497
5719.19,0.22622
5720.09,0.22614
5720.99,0.22724
5721.89,0.22801
5722.79,0.22801
5723.69,0.22749
5724.59,0.22788
5725.49,0.2274
5726.39,0.22735
5727.29,0.22749
5728.19,0.22681
5729.09,0.22577
5729.99,0.22679
5730.89,0.22602
5731.79,0.22574
5732.69,0.22611
5733.59,0.22698
5734.49,0.22744
5735.39,0.22756
5736.29,0.22672
5737.19,0.22783
5738.09,0.22836
5738.99,0.22708
5739.89,0.22779
5740.79,0.22754
5741.69,0.22706
5742.59,0.22814
5743.49,0.22862
5744.39,0.22792
5745.29,0.22782
5746.19,0.22773
5747.09,0.22717
5747.99,0.22693
5748.89,0.22726
5749.79,0.22604
5750.69,0.22652
5751.59,0.22536
5752.5,0.22601
5753.4,0.22375
5754.3,0.2241
5755.2,0.22556
5756.1,0.22459
5757.0,0.22536
5757.9,0.22499
5758.8,0.22546
5759.7,0.226
5760.6,0.22582
5761.5,0.22552
5762.4,0.22565
5763.3,0.22486
5764.2,0.2246
5765.1,0.22678
5766.0,0.22721
5766.9,0.22678
5767.8,0.22667
5768.7,0.22721
5769.6,0.22805
5770.5,0.22897
5771.4,0.22864
5772.3,0.22769
5773.2,0.22679
5774.1,0.22681
5775.0,0.22629
5775.9,0.22561
5776.8,0.22642
5777.7,0.22568
5778.6,0.22501
5779.5,0.22468
5780.4,0.22339
5781.3,0.2229
5782.2,0.22162
5783.1,0.22148
5784.0,0.22026
5784.9,0.22078
5785.8,0.22108
5786.7,0.22132
5787.6,0.22171
5788.5,0.22185
5789.41,0.22323
5790.31,0.22325
5791.21,0.22372
5792.11,0.22481
5793.01,0.22436
5793.91,0.22601
5794.81,0.22596
5795.71,0.22738
5796.61,0.22725
5797.51,0.22742
5798.41,0.22747
5799.31,0.22883
5800.21,0.22758
5801.11,0.22752
5802.01,0.22862
5802.91,0.22837
5803.81,0.2285
5804.71,0.22755
5805.61,0.22785
5806.51,0.22842
5807.41,0.22779
5808.31,0.2276
5809.21,0.2283
5810.11,0.22902
5811.01,0.22863
5811.91,0.2289
5812.81,0.22866
5813.71,0.22873
5814.61,0.22837
5815.51,0.22812
5816.41,0.22896
5817.31,0.22937
5818.21,0.22974
5819.11,0.22977
5820.01,0.2295
5820.91,0.22881
5821.81,0.22928
5822.71,0.23017
5823.61,0.2307
5824.51,0.22942
5825.41,0.23056
5826.31,0.23104
5827.22,0.2307
5828.12,0.23042
5829.02,0.23074
5829.92,0.23061
5830.82,0.231
5831.72,0.23013
5832.62,0.23107
5833.52,0.22952
5834.42,0.23008
5835.32,0.22938
5836.22,0.23046
5837.12,0.23034
5838.02,0.22999
5838.92,0.23035
5839.82,0.22946
5840.72,0.23011
5841.62,0.22953
5842.52,0.23029
5843.42,0.22943
5844.32,0.23002
5845.22,0.22955
5846.12,0.22908
5847.02,0.22932
5847.92,0.22931
5848.82,0.22894
5849.72,0.22698
5850.62,0.22617
5851.52,0.22608
5852.42,0.22483
5853.32,0.22398
5854.22,0.22321
5855.12,0.22195
5856.02,0.22092
5856.92,0.22067
5857.82,0.22081
5858.72,0.22042
5859.62,0.2196
5860.52,0.21989
5861.42,0.22135
5862.32,0.22093
5863.23,0.22109
5864.12,0.22266
5865.03,0.22274
5865.93,0.22299
5866.83,0.22435
5867.73,0.2249
5868.63,0.22474
5869.53,0.22557
5870.43,0.22497
5871.33,0.22602
5872.23,0.22574
5873.13,0.22627
5874.03,0.22652
5874.93,0.22583
5875.83,0.22624
5876.73,0.22614
5877.63,0.22491
5878.53,0.22487
5879.43,0.22435
5880.33,0.2232
5881.23,0.22313
5882.13,0.2224
5883.03,0.2215
5883.93,0.21975
5884.83,0.21935
5885.73,0.21643
5886.63,0.21498
5887.53,0.21193
5888.43,0.20922
5889.33,0.20609
5890.23,0.20364
5891.13,0.20137
5892.03,0.1993
5892.93,0.19782
5893.83,0.19765
5894.73,0.19844
5895.63,0.19823
5896.53,0.19961
5897.43,0.20136
5898.33,0.20259
5899.23,0.20554
5900.13,0.20765
5901.04,0.21006
5901.94,0.21338
5902.83,0.21459
5903.74,0.21701
5904.64,0.21774
5905.54,0.21964
5906.44,0.22014
5907.34,0.21991
5908.24,0.22119
5909.14,0.22231
5910.04,0.22178
5910.94,0.22123
5911.84,0.22138
5912.74,0.2207
5913.64,0.22155
5914.54,0.22003
5915.44,0.21997
5916.34,0.22006
5917.24,0.21929
5918.14,0.21962
5919.04,0.21987
5919.94,0.22008
5920.84,0.22021
5921.74,0.22088
5922.64,0.22158
5923.54,0.22144
5924.44,0.2212
5925.34,0.22191
5926.24,0.22198
5927.14,0.22115
5928.04,0.22224
5928.94,0.2217
5929.84,0.22259
5930.74,0.22177
5931.64,0.22272
5932.54,0.22201
5933.44,0.2214
5934.34,0.22131
5935.24,0.22246
5936.14,0.22194
5937.04,0.22109
5937.94,0.22163
5938.85,0.22167
5939.75,0.22227
5940.65,0.22236
5941.55,0.22272
5942.45,0.22259
5943.35,0.22194
5944.25,0.22224
5945.15,0.22225
5946.05,0.22291
5946.95,0.22239
5947.85,0.22235
5948.75,0.22238
5949.65,0.22161
5950.55,0.22261
5951.45,0.22074
5952.35,0.2217
5953.25,0.22032
5954.15,0.2206
5955.05,0.22033
5955.95,0.22058
5956.85,0.22137
5957.75,0.22056
5958.65,0.22138
5959.55,0.22243
5960.45,0.22219
5961.35,0.22303
5962.25,0.22352
5963.15,0.22467
5964.05,0.22414
5964.95,0.22458
5965.85,0.22484
5966.75,0.22433
5967.65,0.22486
5968.55,0.22514
5969.45,0.22465
5970.35,0.22506
5971.25,0.22583
5972.15,0.22489
5973.05,0.22524
5973.95,0.22465
5974.85,0.22485
5975.75,0.22345
5976.65,0.22336
5977.56,0.22376
5978.46,0.22389
5979.36,0.22227
5980.26,0.22184
5981.16,0.22238
5982.06,0.2224
5982.96,0.22168
5983.86,0.22148
5984.76,0.22224
5985.66,0.22124
5986.56,0.22176
5987.46,0.22177
5988.36,0.22187
5989.26,0.22191
5990.16,0.22216
5991.06,0.22339
5991.96,0.22362
5992.86,0.22328
5993.76,0.2245
5994.66,0.22419
5995.56,0.22417
5996.46,0.22424
5997.36,0.22457
5998.26,0.22333
5999.16,0.22325
6000.06,0.22432
6000.96,0.22352
6001.86,0.22302
6002.76,0.22285
6003.66,0.22264
6004.56,0.2214
6005.46,0.22099
6006.36,0.22041
6007.26,0.22117
6008.16,0.22103
6009.06,0.22087
6009.96,0.22183
6010.86,0.22068
6011.76,0.22102
6012.67,0.22054
6013.56,0.22128
6014.47,0.22105
6015.37,0.22068
6016.27,0.22124
6017.17,0.22167
6018.07,0.22088
6018.97,0.21997
6019.87,0.22017
6020.77,0.21986
6021.67,0.2203
6022.57,0.21883
6023.47,0.22051
6024.37,0.22068
6025.27,0.22063
6026.17,0.2209
6027.07,0.22167
6027.97,0.22291
6028.87,0.22274
6029.77,0.2234
6030.67,0.22352
6031.57,0.22436
6032.47,0.22471
6033.37,0.22551
6034.27,0.22512
6035.17,0.22516
6036.07,0.2264
6036.97,0.22572
6037.87,0.22612
6038.77,0.22543
6039.67,0.22541
6040.57,0.22576
6041.47,0.22676
6042.37,0.22633
6043.27,0.22599
6044.17,0.22657
6045.07,0.22573
6045.97,0.22691
6046.87,0.22548
6047.77,0.22708
6048.67,0.22699
6049.57,0.2275
6050.47,0.22751
6051.38,0.22788
6052.28,0.22746
6053.18,0.22592
6054.08,0.22602
6054.98,0.22561
6055.88,0.22514
6056.78,0.22457
6057.68,0.22557
6058.58,0.2247
6059.48,0.2255
6060.38,0.22433
6061.28,0.2241
6062.18,0.22428
6063.08,0.22371
6063.98,0.22406
6064.88,0.22353
6065.78,0.22349
6066.68,0.22247
6067.58,0.22375
6068.48,0.22354
6069.38,0.22489
6070.28,0.2259
6071.18,0.22578
6072.08,0.22624
6072.98,0.22657
6073.88,0.22675
6074.78,0.22678
6075.68,0.22632
6076.58,0.22726
6077.48,0.22559
6078.38,0.22526
6079.28,0.22539
6080.18,0.22422
6081.08,0.22341
6081.98,0.22257
6082.88,0.22286
6083.78,0.222
6084.68,0.22209
6085.58,0.22217
6086.48,0.22236
6087.38,0.22283
6088.28,0.22332
6089.19,0.22266
6090.09,0.22225
6090.99,0.22269
6091.89,0.22155
6092.79,0.22242
6093.69,0.22251
6094.59,0.22394
6095.49,0.22339
6096.39,0.224
6097.29,0.22397
6098.19,0.22331
6099.09,0.2221
6099.99,0.22163
6100.89,0.22167
6101.79,0.22128
6102.69,0.21984
6103.59,0.22009
6104.49,0.21917
6105.39,0.22001
6106.29,0.21948
6107.19,0.22011
6108.09,0.22078
6108.99,0.22155
6109.89,0.22241
6110.79,0.2234
6111.69,0.22376
6112.59,0.22299
6113.49,0.2244
6114.39,0.22429
6115.29,0.2251
6116.19,0.22375
6117.09,0.22406
6117.99,0.22262
6118.89,0.22257
6119.79,0.22065
6120.69,0.22097
6121.59,0.22005
6122.49,0.21973
6123.39,0.21956
6124.29,0.21889
6125.19,0.21813
6126.1,0.21832
6127.0,0.21957
6127.9,0.22065
6128.8,0.22095
6129.7,0.22075
6130.6,0.22092
6131.5,0.22137
6132.4,0.22069
6133.3,0.22034
6134.2,0.21904
6135.1,0.21867
6136.0,0.21684
6136.9,0.21567
6137.8,0.21509
6138.7,0.21531
6139.6,0.2148
6140.5,0.21475
6141.4,0.2163
6142.3,0.21519
6143.2,0.21692
6144.1,0.21802
6145.0,0.21939
6145.9,0.21954
6146.8,0.22002
6147.7,0.22082
6148.6,0.22148
6149.5,0.2212
6150.4,0.22202
6151.3,0.22138
6152.2,0.22133
6153.1,0.22141
6154.0,0.22054
6154.9,0.22066
6155.8,0.21941
6156.7,0.21875
6157.6,0.21862
6158.5,0.21701
6159.4,0.21596
6160.3,0.21395
6161.2,0.21267
6162.1,0.21048
6163.01,0.20931
6163.91,0.20842
6164.81,0.20799
6165.71,0.20796
6166.61,0.20796
6167.51,0.2078
6168.41,0.20848
6169.31,0.20891
6170.21,0.20942
6171.11,0.20991
6172.01,0.21157
6172.91,0.21105
6173.81,0.21202
6174.71,0.21338
6175.61,0.21347
6176.51,0.21502
6177.41,0.215
6178.31,0.21581
6179.21,0.21743
6180.11,0.21746
6181.01,0.21774
6181.91,0.21787
6182.81,0.21812
6183.71,0.2174
6184.61,0.21817
6185.51,0.21735
6186.41,0.21756
6187.31,0.21627
6188.21,0.21608
6189.11,0.21433
6190.01,0.2149
6190.91,0.21352
6191.81,0.21352
6192.71,0.21364
6193.61,0.21325
6194.51,0.21351
6195.41,0.21427
6196.31,0.21443
6197.21,0.21546
6198.11,0.2163
6199.01,0.21498
6199.92,0.21641
6200.82,0.21624
6201.72,0.21689
6202.62,0.21683
6203.52,0.21689
6204.42,0.21744
6205.32,0.21855
6206.22,0.21868
6207.12,0.219
6208.02,0.21795
6208.92,0.21754
6209.82,0.2174
6210.72,0.21737
6211.62,0.21672
6212.52,0.21528
6213.42,0.21413
6214.32,0.21447
6215.22,0.21237
6216.12,0.21199
6217.02,0.21186
6217.92,0.21061
6218.82,0.21073
6219.72,0.21111
6220.62,0.21114
6221.52,0.2113
6222.42,0.21173
6223.32,0.21176
6224.22,0.21151
6225.12,0.21272
6226.02,0.21211
6226.92,0.21209
6227.82,0.21237
6228.72,0.21124
6229.62,0.21129
6230.52,0.21008
6231.42,0.21003
6232.32,0.21038
6233.22,0.21067
6234.12,0.21063
6235.02,0.21004
6235.92,0.21063
6236.83,0.21124
6237.73,0.2114
6238.63,0.21172
6239.53,0.21225
6240.43,0.2113
6241.33,0.21077
6242.23,0.2105
6243.13,0.20992
6244.03,0.21046
6244.93,0.21
6245.83,0.20978
6246.73,0.21011
6247.63,0.20868
6248.53,0.2099
6249.43,0.20945
6250.33,0.20988
6251.23,0.20988
6252.13,0.20942
6253.03,0.20892
6253.93,0.20902
6254.83,0.20753
6255.73,0.20628
6256.63,0.20639
6257.53,0.20686
6258.43,0.20603
6259.33,0.20592
6260.23,0.20679
6261.13,0.2071
6262.03,0.20854
6262.93,0.20884
6263.83,0.20977
6264.73,0.21043
6265.63,0.21162
6266.53,0.21224
6267.43,0.21274
6268.33,0.21302
6269.23,0.21314
6270.13,0.2141
6271.03,0.21412
6271.93,0.21385
6272.83,0.21429
6273.73,0.21503
6274.64,0.21417
6275.54,0.21502
6276.44,0.21433
6277.34,0.21439
6278.24,0.21408
6279.14,0.2138
6280.04,0.21412
6280.94,0.21471
6281.84,0.21421
6282.74,0.21431
6283.64,0.21474
6284.54,0.21437
6285.44,0.21444
6286.34,0.21574
6287.24,0.21578
6288.14,0.21635
6289.04,0.21678
6289.94,0.21586
6290.84,0.21666
6291.74,0.21647
6292.64,0.21614
6293.54,0.21618
6294.44,0.21485
6295.34,0.21482
6296.24,0.21413
6297.14,0.21368
6298.04,0.2128
6298.94,0.21249
6299.84,0.21214
6300.74,0.21179
6301.64,0.21319
6302.54,0.21265
6303.44,0.21204
6304.34,0.21216
6305.24,0.21345
6306.14,0.21464
6307.04,0.21417
6307.94,0.21592
6308.84,0.21511
6309.74,0.21512
6310.64,0.21576
6311.54,0.21634
6312.45,0.21511
6313.35,0.21512
6314.25,0.2151
6315.15,0.2142
6316.05,0.21345
6316.95,0.21315
6317.85,0.2128
6318.75,0.21205
6319.65,0.21303
6320.55,0.21342
6321.45,0.21384
6322.35,0.21333
6323.25,0.21435
6324.15,0.21467
6325.05,0.21498
6325.95,0.21621
6326.85,0.21578
6327.75,0.21731
6328.65,0.21695
6329.55,0.21664
6330.45,0.21647
6331.35,0.21596
6332.25,0.21778
6333.15,0.21706
6334.05,0.21536
6334.95,0.21679
6335.85,0.21631
6336.75,0.21461
6337.65,0.21457
6338.55,0.21459
6339.45,0.21563
6340.35,0.21525
6341.25,0.21604
6342.15,0.21636
6343.05,0.2161
6343.95,0.21647
6344.85,0.21625
6345.75,0.21615
6346.65,0.21576
6347.55,0.21604
6348.46,0.2166
6349.35,0.21673
6350.26,0.21685
6351.16,0.21688
6352.06,0.21605
6352.96,0.21654
6353.86,0.21629
6354.76,0.2155
6355.66,0.21501
6356.56,0.21478
6357.46,0.21268
6358.36,0.2126
6359.26,0.21247
6360.16,0.21186
6361.06,0.2124
6361.96,0.21167
6362.86,0.21111
6363.76,0.21198
6364.66,0.21225
6365.56,0.21256
6366.46,0.21366
6367.36,0.21395
6368.26,0.21509
6369.16,0.21581
6370.06,0.2155
6370.96,0.21679
6371.86,0.21619
6372.76,0.21701
6373.66,0.21783
6374.56,0.21728
6375.46,0.21724
6376.36,0.21821
6377.26,0.21749
6378.16,0.216
6379.06,0.2166
6379.96,0.21625
6380.86,0.2168
6381.76,0.21592
6382.66,0.21609
6383.56,0.21591
6384.46,0.21485
6385.36,0.21641
6386.27,0.21618
6387.17,0.21559
6388.07,0.21616
6388.97,0.21507
6389.87,0.21588
6390.77,0.21526
6391.67,0.21433
6392.57,0.21433
6393.47,0.21353
6394.37,0.21427
6395.27,0.21371
6396.17,0.21339
6397.07,0.21321
6397.97,0.21303
6398.87,0.21333
6399.77,0.21271
6400.67,0.21402
6401.57,0.21425
6402.47,0.21444
6403.37,0.21422
6404.27,0.21514
6405.17,0.2143
6406.07,0.21555
6406.97,0.21655
6407.87,0.21602
6408.77,0.21568
6409.67,0.21501
6410.57,0.21575
6411.47,0.21464
6412.37,0.21534
6413.27,0.21585
6414.17,0.21519
6415.07,0.21526
6415.97,0.21539
6416.87,0.21565
6417.77,0.21507
6418.67,0.21475
6419.57,0.21491
6420.47,0.21468
6421.37,0.21534
6422.27,0.21557
6423.17,0.21619
6424.08,0.21626
6424.98,0.21608
6425.88,0.21622
6426.78,0.21709
6427.68,0.21737
6428.58,0.21701
6429.48,0.2162
6430.38,0.21671
6431.28,0.21604
6432.18,0.21673
6433.08,0.21588
6433.98,0.21587
6434.88,0.21538
6435.78,0.21637
6436.68,0.21556
6437.58,0.21498
6438.48,0.21516
6439.38,0.21587
6440.28,0.21522
6441.18,0.21673
6442.08,0.21676
6442.98,0.21637
6443.88,0.21648
6444.78,0.2173
6445.68,0.21775
6446.58,0.21779
6447.48,0.21672
6448.38,0.21725
6449.28,0.21687
6450.18,0.21556
6451.08,0.21544
6451.98,0.21426
6452.88,0.21459
6453.78,0.2142
6454.68,0.21509
6455.58,0.21453
6456.48,0.21443
6457.38,0.21467
6458.28,0.21497
6459.18,0.21446
6460.08,0.21444
6460.98,0.21439
6461.89,0.21397
6462.79,0.21344
6463.69,0.21299
6464.59,0.21295
6465.49,0.21323
6466.39,0.21408
6467.29,0.21278
6468.19,0.21475
6469.09,0.21534
6469.99,0.21509
6470.89,0.21535
6471.79,0.21531
6472.69,0.2145
6473.59,0.21516
6474.49,0.21475
6475.39,0.21333
6476.29,0.2139
6477.19,0.21502
6478.09,0.2143
6478.99,0.21392
6479.89,0.21335
6480.79,0.21324
6481.69,0.21355
6482.59,0.21314
6483.49,0.21259
6484.39,0.21317
6485.29,0.21318
6486.19,0.21347
6487.09,0.21248
6487.99,0.21215
6488.89,0.21335
6489.79,0.21158
6490.69,0.21059
6491.59,0.20963
6492.49,0.20732
6493.39,0.2064
6494.29,0.20549
6495.19,0.20258
6496.09,0.20184
6496.99,0.20215
6497.9,0.2011
6498.79,0.20094
6499.7,0.20228
6500.6,0.20283
6501.5,0.20407
6502.4,0.20574
6503.3,0.20751
6504.2,0.20893
6505.1,0.21006
6506.0,0.21056
6506.9,0.21137
6507.8,0.21234
6508.7,0.21259
6509.6,0.21362
6510.5,0.21283
6511.4,0.21276
6512.3,0.21312
6513.2,0.21181
6514.1,0.2116
6515.0,0.21243
6515.9,0.21115
6516.8,0.21135
6517.7,0.21128
6518.6,0.21148
6519.5,0.21194
6520.4,0.21237
6521.3,0.21095
6522.2,0.21116
6523.1,0.21201
6524.0,0.21166
6524.9,0.21305
6525.8,0.21272
6526.7,0.21224
6527.6,0.21179
6528.5,0.21164
6529.4,0.21257
6530.3,0.21263
6531.2,0.21248
6532.1,0.21179
6533.0,0.21239
6533.9,0.2121
6534.8,0.21236
6535.71,0.21315
6536.61,0.21312
6537.51,0.21264
6538.41,0.21207
6539.31,0.21238
6540.21,0.21241
6541.11,0.2119
6542.01,0.21192
6542.91,0.21127
6543.81,0.2112
6544.71,0.21036
6545.61,0.21028
6546.51,0.20856
6547.41,0.20866
6548.31,0.20789
6549.21,0.20745
6550.11,0.20713
6551.01,0.20672
6551.91,0.20671
6552.81,0.20557
6553.71,0.20472
6554.61,0.20349
6555.51,0.20222
6556.41,0.20089
6557.31,0.19793
6558.21,0.19516
6559.11,0.19271
6560.01,0.18955
6560.91,0.18665
6561.81,0.1827
6562.71,0.18059
6563.61,0.17914
6564.51,0.17825
6565.41,0.17825
6566.31,0.18048
6567.21,0.18244
6568.11,0.18538
6569.01,0.18884
6569.91,0.19238
6570.81,0.19468
6571.71,0.19719
6572.61,0.19977
6573.52,0.20181
6574.42,0.20251
6575.32,0.20353
6576.22,0.20411
6577.12,0.20546
6578.02,0.20643
6578.92,0.20693
6579.82,0.20721
6580.72,0.20824
6581.62,0.20782
6582.52,0.20834
6583.42,0.20897
6584.32,0.20991
6585.22,0.20952
6586.12,0.20923
6587.02,0.21
6587.92,0.21006
6588.82,0.21014
6589.72,0.20951
6590.62,0.20975
6591.52,0.20918
6592.42,0.2081
6593.32,0.2075
6594.22,0.20771
6595.12,0.20737
6596.02,0.20699
6596.92,0.20726
6597.82,0.20738
6598.72,0.2081
6599.62,0.2087
6600.52,0.20904
6601.42,0.21011
6602.32,0.21011
6603.22,0.20987
6604.12,0.20956
6605.02,0.20995
6605.92,0.20986
6606.82,0.20994
6607.72,0.20968
6608.62,0.21007
6609.52,0.20947
6610.43,0.20894
6611.33,0.21006
6612.23,0.20942
6613.13,0.21052
6614.03,0.21138
6614.93,0.21142
6615.83,0.21092
6616.73,0.2112
6617.63,0.21169
6618.53,0.21291
6619.43,0.21247
6620.33,0.21256
6621.23,0.21164
6622.13,0.21129
6623.03,0.21192
6623.93,0.21146
6624.83,0.21156
6625.73,0.21127
6626.63,0.21095
6627.53,0.21086
6628.43,0.21106
6629.33,0.21014
6630.23,0.21017
6631.13,0.20973
6632.03,0.21
6632.93,0.20944
6633.83,0.21037
6634.73,0.2095
6635.63,0.20916
6636.53,0.21023
6637.43,0.20977
6638.33,0.21028
6639.23,0.21032
6640.13,0.21038
6641.03,0.21008
6641.93,0.20993
6642.83,0.20984
6643.73,0.2092
6644.63,0.21015
6645.53,0.20931
6646.43,0.20878
6647.34,0.20955
6648.24,0.20979
6649.14,0.20984
6650.04,0.21062
6650.94,0.21017
6651.84,0.21108
6652.74,0.20976
6653.64,0.21063
6654.54,0.21085
6655.44,0.21049
6656.34,0.21077
6657.24,0.21006
6658.14,0.21001
6659.04,0.21074
6659.94,0.2099
6660.84,0.211
6661.74,0.20948
6662.64,0.2089
6663.54,0.20777
6664.44,0.20827
6665.34,0.20739
6666.24,0.20902
6667.14,0.20857
6668.04,0.20795
6668.94,0.20821
6669.84,0.20923
6670.74,0.20922
6671.64,0.20925
6672.54,0.21019
6673.44,0.2095
6674.34,0.20948
6675.24,0.20831
6676.14,0.20927
6677.04,0.20783
6677.94,0.20749
6678.84,0.20781
6679.74,0.20768
6680.64,0.20686
6681.54,0.20727
6682.44,0.2073
6683.34,0.20679
6684.24,0.20673
6685.15,0.20791
6686.05,0.20832
6686.95,0.20863
6687.85,0.20867
6688.75,0.20867
6689.65,0.20852
6690.55,0.20919
6691.45,0.20867
6692.35,0.20861
6693.25,0.20856
6694.15,0.2081
6695.05,0.20842
6695.95,0.20884
6696.85,0.20849
6697.75,0.20741
6698.65,0.2085
6699.55,0.20855
6700.45,0.20812
6701.35,0.20864
6702.25,0.20794
6703.15,0.2087
6704.05,0.20766
6704.95,0.20789
6705.85,0.20759
6706.75,0.20706
6707.65,0.20816
6708.55,0.20799
6709.45,0.20709
6710.35,0.20696
6711.25,0.20675
6712.15,0.20723
6713.05,0.2057
6713.95,0.20514
6714.85,0.20543
6715.75,0.20525
6716.65,0.2045
6717.55,0.20473
6718.45,0.20416
6719.35,0.20409
6720.25,0.20302
6721.16,0.20347
6722.06,0.20369
6722.96,0.20482
6723.86,0.20496
6724.76,0.2044
6725.66,0.20572
6726.56,0.2053
6727.46,0.20568
6728.36,0.20724
6729.26,0.20751
6730.16,0.2067
6731.06,0.20643
6731.96,0.20677
6732.86,0.20774
6733.76,0.2065
6734.66,0.20808
6735.56,0.20666
6736.46,0.20665
6737.36,0.20679
6738.26,0.20617
6739.16,0.2069
6740.06,0.20562
6740.96,0.20533
6741.86,0.20565
6742.76,0.20555
6743.66,0.20466
6744.56,0.20543
6745.46,0.20475
6746.36,0.20535
6747.26,0.20419
6748.16,0.20473
6749.06,0.20415
6749.96,0.20492
6750.86,0.20438
6751.76,0.2039
6752.66,0.20516
6753.56,0.20419
6754.46,0.20449
6755.36,0.20481
6756.26,0.20548
6757.16,0.20496
6758.06,0.20599
6758.97,0.20611
6759.87,0.20589
6760.77,0.20675
6761.67,0.20687
6762.57,0.20625
6763.47,0.20654
6764.37,0.20648
6765.27,0.20596
6766.17,0.20566
6767.07,0.20614
6767.97,0.20558
6768.87,0.20452
6769.77,0.20559
6770.67,0.20457
6771.57,0.205
6772.47,0.20516
6773.37,0.20524
6774.27,0.20545
6775.17,0.20512
6776.07,0.20595
6776.97,0.20601
6777.87,0.2071
6778.77,0.20668
6779.67,0.20602
6780.57,0.20667
6781.47,0.20673
6782.37,0.20536
6783.27,0.20632
6784.17,0.20614
6785.07,0.20526
6785.97,0.20538
6786.87,0.20521
6787.77,0.20437
6788.67,0.20406
6789.57,0.20477
6790.47,0.20511
6791.37,0.20428
6792.27,0.20421
6793.17,0.20461
6794.07,0.20499
6794.97,0.20469
6795.88,0.2044
6796.78,0.20452
6797.68,0.20469
6798.58,0.20503
6799.48,0.20603
6800.38,0.20542
6801.28,0.20563
6802.18,0.20544
6803.08,0.20556
6803.98,0.20561
6804.88,0.20451
6805.78,0.20479
6806.68,0.2054
6807.58,0.20581
6808.48,0.20508
6809.38,0.20519
6810.28,0.20514
6811.18,0.20547
6812.08,0.20336
6812.98,0.20509
6813.88,0.20394
6814.78,0.20472
6815.68,0.20413
6816.58,0.20395
6817.48,0.20453
6818.38,0.20417
6819.28,0.20428
6820.18,0.20457
6821.08,0.20512
6821.98,0.20489
6822.88,0.20502
6823.78,0.20489
6824.68,0.20593
6825.58,0.20545
6826.48,0.20559
6827.38,0.20551
6828.28,0.20529
6829.18,0.20535
6830.08,0.20451
6830.98,0.20492
6831.88,0.20412
6832.79,0.20585
6833.69,0.20539
6834.59,0.20467
6835.49,0.20504
6836.39,0.20471
6837.29,0.20477
6838.19,0.2045
6839.09,0.20465
6839.99,0.20374
6840.89,0.20343
6841.79,0.20347
6842.69,0.20294
6843.59,0.20259
6844.49,0.20285
6845.39,0.20269
6846.29,0.2031
6847.19,0.20248
6848.09,0.20321
6848.99,0.20367
6849.89,0.20359
6850.79,0.20336
6851.69,0.20343
6852.59,0.20472
6853.49,0.20375
6854.39,0.20216
6855.29,0.20262
6856.19,0.20316
6857.09,0.20221
6857.99,0.20254
6858.89,0.20263
6859.79,0.20146
6860.69,0.20238
6861.59,0.20192
6862.49,0.20239
6863.39,0.20316
6864.29,0.20276
6865.19,0.20241
6866.09,0.20272
6866.99,0.20292
6867.89,0.20274
6868.79,0.20225
6869.7,0.20274
6870.6,0.20308
6871.5,0.20204
6872.4,0.20329
6873.3,0.20221
6874.2,0.20275
6875.1,0.20314
6876.0,0.20258
6876.9,0.20346
6877.8,0.20268
6878.7,0.20313
6879.6,0.20314
6880.5,0.20374
6881.4,0.20375
6882.3,0.20418
6883.2,0.20408
6884.1,0.20303
6885.0,0.2032
6885.9,0.2037
6886.8,0.20343
6887.7,0.20376
6888.6,0.20369
6889.5,0.20442
6890.4,0.20363
6891.3,0.20423
6892.2,0.20397
6893.1,0.20454
6894.0,0.20444
6894.9,0.20496
6895.8,0.20395
6896.7,0.20422
6897.6,0.20431
6898.5,0.20365
6899.4,0.20427
6900.3,0.20517
6901.2,0.20441
6902.1,0.20438
6903.0,0.20496
6903.9,0.20512
6904.8,0.20426
6905.7,0.2056
6906.6,0.20568
6907.51,0.20561
6908.41,0.20543
6909.31,0.20516
6910.21,0.20542
6911.11,0.20472
6912.01,0.20545
6912.91,0.20482
6913.81,0.20456
6914.71,0.20331
6915.61,0.20323
6916.51,0.20346
6917.41,0.20276
6918.31,0.20352
6919.21,0.20348
6920.11,0.20385
6921.01,0.20365
6921.91,0.20377
6922.81,0.20329
6923.71,0.20398
6924.61,0.20361
6925.51,0.20459
6926.41,0.2033
6927.31,0.20419
6928.21,0.20505
6929.11,0.20399
6930.01,0.20485
6930.91,0.20331
6931.81,0.2046
6932.71,0.2045
6933.61,0.20453
6934.51,0.20513
6935.41,0.20454
6936.31,0.20449
6937.21,0.20418
6938.11,0.20481
6939.01,0.20445
6939.91,0.20555
6940.81,0.20482
6941.71,0.20384
6942.61,0.20472
6943.52,0.20488
6944.42,0.20435
6945.31,0.20488
6946.22,0.2039
6947.12,0.20414
6948.02,0.20314
6948.92,0.20403
6949.82,0.20305
6950.72,0.20428
6951.62,0.20445
6952.52,0.20466
6953.42,0.20395
6954.32,0.20452
6955.22,0.20433
6956.12,0.20465
6957.02,0.20476
6957.92,0.20507
6958.82,0.20525
6959.72,0.20503
6960.62,0.20468
6961.52,0.20556
6962.42,0.20575
6963.32,0.20633
6964.22,0.20478
6965.12,0.20591
6966.02,0.2062
6966.92,0.20559
6967.82,0.20636
6968.72,0.20584
6969.62,0.20578
6970.52,0.20625
6971.42,0.20542
6972.32,0.20548
6973.22,0.20537
6974.12,0.20425
6975.02,0.20471
6975.92,0.20381
6976.82,0.20389
6977.72,0.20207
6978.62,0.203
6979.52,0.20215
6980.42,0.20227
6981.33,0.20199
6982.23,0.20226
6983.12,0.20256
6984.03,0.20293
6984.93,0.20314
6985.83,0.20416
6986.73,0.20451
6987.63,0.20406
6988.53,0.20454
6989.43,0.20567
6990.33,0.20566
6991.23,0.2048
6992.13,0.20565
6993.03,0.20544
6993.93,0.20583
6994.83,0.20467
6995.73,0.20431
6996.63,0.20413
6997.53,0.20481
6998.43,0.20431
6999.33,0.20408
7000.23,0.20349
7001.13,0.20436
7002.03,0.20447
7002.93,0.20409
7003.83,0.20428
7004.73,0.20381
7005.63,0.2042
7006.53,0.20444
7007.43,0.20343
7008.33,0.20447
7009.23,0.20353
7010.13,0.20385
7011.03,0.20349
7011.93,0.20399
7012.83,0.20365
7013.73,0.20304
7014.63,0.20356
7015.53,0.20302
7016.43,0.20304
7017.33,0.20281
7018.23,0.20237
7019.14,0.20265
7020.04,0.20332
7020.94,0.20233
7021.84,0.20321
7022.74,0.20337
7023.64,0.20362
7024.54,0.20347
7025.44,0.20334
7026.34,0.20294
7027.24,0.20331
7028.14,0.20346
7029.04,0.20461
7029.94,0.2046
7030.84,0.20507
7031.74,0.20366
7032.64,0.2047
7033.54,0.20528
7034.44,0.20402
7035.34,0.20407
7036.24,0.20409
7037.14,0.20465
7038.04,0.2033
7038.94,0.20417
7039.84,0.20474
7040.74,0.20429
7041.64,0.20475
7042.54,0.20555
7043.44,0.20562
7044.34,0.20651
7045.24,0.20612
7046.14,0.20663
7047.04,0.20741
7047.94,0.20686
7048.84,0.20659
7049.74,0.207
7050.64,0.20554
7051.54,0.20585
7052.44,0.20511
7053.34,0.20527
7054.25,0.20463
7055.15,0.20394
7056.04,0.20317
7056.95,0.20318
7057.85,0.20301
7058.75,0.20227
7059.65,0.20213
7060.55,0.20239
7061.45,0.20207
7062.35,0.20148
7063.25,0.2027
7064.15,0.20221
7065.05,0.20162
7065.95,0.2017
7066.85,0.20238
7067.75,0.20168
7068.65,0.20134
7069.55,0.20196
7070.45,0.20221
7071.35,0.20228
7072.25,0.2022
7073.15,0.20325
7074.05,0.20356
7074.95,0.20355
7075.85,0.20349
7076.75,0.20392
7077.65,0.20428
7078.55,0.20382
7079.45,0.20361
7080.35,0.20406
7081.25,0.2031
7082.15,0.20228
7083.05,0.20156
7083.95,0.20118
7084.85,0.20035
7085.75,0.19994
7086.65,0.19889
7087.55,0.19772
7088.45,0.19754
7089.35,0.19734
7090.25,0.19708
7091.15,0.19739
7092.06,0.19571
7092.96,0.19647
7093.85,0.19585
7094.76,0.19689
7095.66,0.19621
7096.56,0.1967
7097.46,0.19733
7098.36,0.19686
7099.26,0.19817
7100.16,0.19732
7101.06,0.19745
7101.96,0.19742
7102.86,0.19722
7103.76,0.19818
7104.66,0.19855
7105.56,0.19866
7106.46,0.19906
7107.36,0.19913
7108.26,0.19901
7109.16,0.19954
7110.06,0.19934
7110.96,0.19928
7111.86,0.19903
7112.76,0.19882
7113.66,0.19886
7114.56,0.19957
7115.46,0.19968
7116.36,0.19877
7117.26,0.19993
7118.16,0.20004
7119.06,0.19928
7119.96,0.19935
7120.86,0.19978
7121.76,0.19858
7122.66,0.19897
7123.56,0.19794
7124.46,0.19828
7125.36,0.19763
7126.26,0.1977
7127.16,0.19671
7127.27,0.19689
7128.17,0.19714
7129.07,0.19595
7129.96,0.19604
7130.86,0.19611
7131.75,0.19688
7132.65,0.19597
7133.55,0.19685
7134.44,0.19531
7135.34,0.19617
7136.23,0.19686
7137.13,0.19735
7138.03,0.19711
7138.92,0.19673
7139.82,0.19774
7140.71,0.19738
7141.61,0.19686
7142.5,0.19674
7143.4,0.19696
7144.3,0.19678
7145.19,0.19614
7146.09,0.19619
7146.98,0.196
7147.88,0.19592
7148.78,0.1963
7149.67,0.19502
7150.57,0.19615
7151.46,0.19695
7152.36,0.19604
7153.26,0.19733
7154.15,0.19706
7155.05,0.19755
7155.94,0.19744
7156.84,0.19809
7157.74,0.19857
7158.63,0.19816
7159.53,0.19829
7160.42,0.19837
7161.32,0.19864
7162.21,0.19819
7163.11,0.1981
7164.01,0.1982
7164.9,0.19789
7165.8,0.1976
7166.69,0.19802
7167.59,0.19828
7168.49,0.19787
7169.38,0.199
7170.28,0.19861
7171.17,0.19839
7172.07,0.19931
7172.96,0.2006
7173.86,0.19947
7174.76,0.19967
7175.65,0.19894
7176.55,0.19927
7177.44,0.1997
7178.34,0.19867
7179.24,0.19855
7180.13,0.19845
7181.03,0.19859
7181.92,0.19839
7182.82,0.19842
7183.72,0.19745
7184.61,0.19762
7185.51,0.19704
7186.4,0.19616
7187.3,0.19656
7188.19,0.19679
7189.09,0.19614
7189.99,0.19676
7190.88,0.19698
7191.78,0.19631
7192.67,0.19681
7193.57,0.19753
7194.47,0.19686
7195.36,0.19694
7196.26,0.19838
7197.15,0.19799
7198.05,0.1977
7198.95,0.197
7199.84,0.19717
7200.74,0.19735
7201.63,0.1975
7202.53,0.19785
7203.43,0.19621
7204.32,0.19668
7205.22,0.19625
7206.11,0.19683
7207.01,0.19665
7207.9,0.19652
7208.8,0.19652
7209.7,0.19637
7210.59,0.19605
7211.49,0.19778
7212.38,0.19717
7213.28,0.19709
7214.18,0.19794
7215.07,0.19883
7215.97,0.19886
7216.86,0.19905
7217.76,0.19955
7218.66,0.19908
7219.55,0.19915
7220.45,0.20014
7221.34,0.19974
7222.24,0.20052
7223.13,0.20049
7224.03,0.20057
7224.93,0.20089
7225.82,0.20038
7226.72,0.20079
7227.61,0.20056
7228.51,0.20057
7229.41,0.20114
7230.3,0.20105
7231.2,0.20211
7232.09,0.20239
7232.99,0.20234
7233.89,0.20205
7234.78,0.2022
7235.68,0.20179
7236.57,0.20176
7237.47,0.20108
7238.36,0.20153
7239.26,0.20094
7240.16,0.20182
7241.05,0.20061
7241.95,0.2008
7242.84,0.2011
7243.74,0.20061
7244.64,0.20094
7245.53,0.20063
7246.43,0.20062
7247.32,0.20091
7248.22,0.20045
7249.12,0.19998
7250.01,0.20055
7250.91,0.20121
7251.8,0.20096
7252.7,0.20036
7253.6,0.20059
7254.49,0.2016
7255.39,0.20131
7256.28,0.20173
7257.18,0.20132
7258.07,0.20065
7258.97,0.20065
7259.87,0.20084
7260.76,0.20161
7261.66,0.20227
7262.55,0.20059
7263.45,0.20178
7264.35,0.20151
7265.24,0.20147
7266.14,0.202
7267.03,0.20162
7267.93,0.20245
7268.83,0.20197
7269.72,0.20181
7270.62,0.20281
7271.51,0.2025
7272.41,0.20269
7273.3,0.20235
7274.2,0.20219
7275.1,0.20185
7275.99,0.20317
7276.89,0.20216
7277.78,0.20226
7278.68,0.20245
7279.58,0.20144
7280.47,0.20119
7281.37,0.20147
7282.26,0.20073
7283.16,0.20088
7284.06,0.20034
7284.95,0.2003
7285.85,0.20025
7286.74,0.19955
7287.64,0.19952
7288.53,0.19827
7289.43,0.19911
7290.33,0.1989
7291.22,0.19842
7292.12,0.19893
7293.01,0.19947
7293.91,0.19943
7294.81,0.19946
7295.7,0.20025
7296.6,0.20029
7297.49,0.20039
7298.39,0.20081
7299.29,0.20153
7300.18,0.20145
7301.08,0.2016
7301.97,0.20171
7302.87,0.20155
7303.76,0.20088
7304.66,0.2019
7305.56,0.20196
7306.45,0.20174
7307.35,0.20197
7308.24,0.20257
7309.14,0.20139
7310.04,0.20186
7310.93,0.20147
7311.83,0.20066
7312.72,0.2007
7313.62,0.20219
7314.52,0.20134
7315.41,0.20075
7316.31,0.20202
7317.2,0.20104
7318.1,0.20151
7318.99,0.20113
7319.89,0.20125
7320.79,0.20122
7321.68,0.20097
7322.58,0.2002
7323.47,0.20021
7324.37,0.20048
7325.27,0.19981
7326.16,0.1994
7327.06,0.20009
7327.95,0.19956
7328.85,0.20009
7329.75,0.20051
7330.64,0.20006
7331.54,0.19987
7332.43,0.20074
7333.33,0.20158
7334.22,0.20233
7335.12,0.20167
7336.02,0.20211
7336.91,0.20183
7337.81,0.20165
7338.7,0.20243
7339.6,0.2031
7340.5,0.20272
7341.39,0.20246
7342.29,0.20203
7343.18,0.20254
7344.08,0.20229
7344.98,0.20149
7345.87,0.20205
7346.77,0.20179
7347.66,0.20062
7348.56,0.20121
7349.45,0.20101
7350.35,0.20155
7351.25,0.20091
7352.14,0.20094
7353.04,0.20009
7353.93,0.19971
7354.83,0.19983
7355.73,0.19944
7356.62,0.1982
7357.52,0.19938
7358.41,0.19892
7359.31,0.19864
7360.21,0.19867
7361.1,0.19864
7362.0,0.19861
7362.89,0.19865
7363.79,0.19861
7364.69,0.19954
7365.58,0.19977
7366.48,0.2002
7367.37,0.19998
7368.27,0.20065
7369.16,0.20075
7370.06,0.20059
7370.96,0.19969
7371.85,0.20128
7372.75,0.201
7373.64,0.20108
7374.54,0.20074
7375.44,0.20098
7376.33,0.20165
7377.23,0.20115
7378.12,0.20129
7379.02,0.20129
7379.92,0.2004
7380.81,0.20157
7381.71,0.20008
7382.6,0.19974
7383.5,0.19917
7384.39,0.19861
7385.29,0.19904
7386.19,0.19798
7387.08,0.1979
7387.98,0.19755
7388.87,0.19749
7389.77,0.19767
7390.67,0.19704
7391.56,0.19733
7392.46,0.19691
7393.35,0.19715
7394.25,0.19721
7395.15,0.19798
7396.04,0.19816
7396.94,0.19778
7397.83,0.19859
7398.73,0.19774
7399.62,0.19877
7400.52,0.19873
7401.42,0.199
7402.31,0.19895
7403.21,0.19884
7404.1,0.19881
7405.0,0.19881
7405.9,0.19776
7406.79,0.19767
7407.69,0.19697
7408.58,0.19663
7409.48,0.1965
7410.38,0.19543
7411.27,0.19449
7412.17,0.19382
7413.06,0.19344
7413.96,0.19224
7414.85,0.19222
7415.75,0.19192
7416.65,0.19126
7417.54,0.19103
7418.44,0.19187
7419.33,0.19126
7420.23,0.19265
7421.13,0.19231
7422.02,0.19328
7422.92,0.19364
7423.81,0.19502
7424.71,0.19496
7425.6,0.19601
7426.5,0.19616
7427.4,0.19658
7428.29,0.1977
7429.19,0.1982
7431.68,0.19875
7434.18,0.20037
7436.67,0.20025
7439.17,0.1998
7441.66,0.19921
7444.16,0.19895
7446.66,0.19911
7449.15,0.19805
7451.65,0.19932
7454.14,0.20039
7456.64,0.20011
7459.13,0.19992
7461.63,0.19994
7464.12,0.20076
7466.62,0.19993
7469.11,0.20024
7471.61,0.19976
7474.1,0.19932
7476.6,0.20024
7479.09,0.2
7481.59,0.19986
7484.08,0.2
7486.58,0.19893
7489.07,0.19908
7491.57,0.1982
7494.06,0.19782
7496.56,0.19758
7499.05,0.19823
7501.55,0.19905
7504.04,0.19925
7506.54,0.19927
7509.03,0.19834
7511.53,0.19816
7514.02,0.19801
7516.52,0.19901
7519.01,0.19945
7521.51,0.19859
7524.0,0.19845
7526.5,0.19843
7528.99,0.19855
7531.49,0.19901
7533.99,0.19908
7536.48,0.19953
7538.98,0.19992
7541.47,0.19941
7543.97,0.19935
7546.46,0.19924
7548.96,0.19889
7551.45,0.19884
7553.95,0.19855
7556.44,0.19785
7558.94,0.19852
7561.43,0.19856
7563.93,0.19847
7566.42,0.19846
7568.92,0.19863
7571.41,0.19869
7573.91,0.19808
7576.4,0.19851
7578.9,0.19807
7581.39,0.19769
7583.89,0.19695
7586.38,0.1962
7588.88,0.19657
7591.37,0.19675
7593.87,0.19741
7596.36,0.19786
7598.86,0.19789
7601.35,0.1972
7603.85,0.19726
7606.34,0.19734
7608.84,0.19697
7611.33,0.19683
7613.83,0.19652
7616.33,0.19543
7618.82,0.19548
7621.32,0.19526
7623.81,0.1954
7626.31,0.19642
7628.8,0.19697
7631.3,0.1972
7633.79,0.19698
7636.29,0.19719
7638.78,0.19744
7641.28,0.19673
7643.77,0.19682
7646.27,0.19698
7648.76,0.1962
7651.26,0.1954
7653.75,0.19476
7656.25,0.19314
7658.74,0.1912
7661.24,0.18912
7663.73,0.18766
7666.23,0.18718
7668.72,0.18807
7671.22,0.19013
7673.71,0.19215
7676.21,0.19367
7678.7,0.19398
7681.2,0.19461
7683.69,0.19464
7686.19,0.19463
7688.69,0.19443
7691.18,0.19364
7693.68,0.19261
7696.17,0.19224
7698.67,0.19132
7701.16,0.19065
7703.66,0.1914
7706.15,0.19173
7708.65,0.19185
7711.14,0.19156
7713.64,0.19136
7716.13,0.19154
7718.63,0.19154
7721.12,0.1922
7723.62,0.19297
7726.11,0.1936
7728.61,0.19333
7731.1,0.19381
7733.6,0.19447
7736.09,0.19496
7738.59,0.19492
7741.08,0.19433
7743.58,0.19355
7746.07,0.19268
7748.57,0.19185
7751.06,0.19114
7753.56,0.19224
7756.05,0.19327
7758.55,0.19413
7761.04,0.1946
7763.54,0.19491
7766.03,0.19479
7768.53,0.19509
7771.03,0.19591
7773.52,0.19608
7776.02,0.19577
7778.51,0.19511
7781.01,0.19443
7783.5,0.19435
7786.0,0.19342
7788.49,0.19278
7790.99,0.19283
7793.48,0.19271
7795.98,0.19223
7798.47,0.19268
7800.97,0.19281
7803.46,0.19274
7805.96,0.19344
7808.45,0.19314
7810.95,0.1932
7813.44,0.19367
7815.94,0.19357
7818.43,0.19375
7820.93,0.19433
7823.42,0.19393
7825.92,0.19343
7828.41,0.19261
7830.91,0.19217
7833.4,0.19108
7835.9,0.19064
7838.39,0.19033
7840.89,0.19151
7843.38,0.19201
7845.88,0.19172
7848.38,0.19176
7850.87,0.19238
7853.37,0.19184
7855.86,0.19145
7858.36,0.19175
7860.85,0.19214
7863.35,0.19171
7865.84,0.19232
7868.34,0.19256
7870.83,0.19193
7873.33,0.19187
7875.82,0.1914
7878.32,0.19134
7880.81,0.19124
7883.31,0.19081
7885.8,0.19115
7888.3,0.19087
7890.79,0.19129
7893.29,0.19151
7895.78,0.1908
7898.28,0.19059
7900.77,0.19099
7903.27,0.19048
7905.76,0.19005
7908.26,0.18942
7910.75,0.18905
7913.25,0.18821
7915.74,0.18767
7918.24,0.18772
7920.73,0.18766
7923.23,0.18826
7925.73,0.1887
7928.22,0.18847
7930.71,0.18784
7933.21,0.18765
7935.71,0.18697
7938.2,0.1859
7940.7,0.1857
7943.19,0.18479
7945.69,0.18517
7948.18,0.1857
7950.68,0.18636
7953.17,0.18693
7955.67,0.18796
7958.16,0.18847
7960.66,0.18814
7963.15,0.18875
7965.65,0.18882
7968.14,0.18812
7970.64,0.18847
7973.13,0.18837
7975.63,0.18832
7978.12,0.1878
7980.62,0.18784
7983.11,0.1876
7985.61,0.18704
7988.1,0.18768
7990.6,0.18635
7993.09,0.18678
7995.59,0.18628
7998.08,0.18607
8000.58,0.18622
8003.07,0.18671
8005.57,0.1868
8008.06,0.18818
8010.56,0.18823
8013.06,0.18823
8015.55,0.18878
8018.05,0.18876
8020.54,0.18787
8023.04,0.18767
8025.53,0.18724
8028.03,0.18613
8030.52,0.18615
8033.02,0.1868
8035.51,0.1873
8038.01,0.18772
8040.5,0.18708
8043.0,0.18652
8045.49,0.18543
8047.99,0.18474
8050.48,0.18484
8052.98,0.1848
8055.47,0.18532
8057.97,0.18548
8060.46,0.1869
8062.96,0.18606
8065.45,0.18579
8067.95,0.18522
8070.44,0.18484
8072.94,0.18425
8075.43,0.18433
8077.93,0.18456
8080.42,0.1847
8082.92,0.18451
8085.41,0.18457
8087.91,0.18436
8090.4,0.18402
8092.9,0.18361
8095.4,0.18354
8097.89,0.1833
8100.39,0.18373
8102.88,0.18407
8105.38,0.18452
8107.87,0.18425
8110.37,0.18413
8112.86,0.18413
8115.36,0.18382
8117.85,0.18332
8120.35,0.18358
8122.84,0.1839
8125.34,0.18398
8127.83,0.18431
8130.33,0.18456
8132.82,0.18395
8135.32,0.18432
8137.81,0.18407
8140.31,0.18419
8142.8,0.18431
8145.3,0.18419
8147.79,0.18421
8150.29,0.18362
8152.78,0.18407
8155.28,0.18409
8157.77,0.18434
8160.27,0.18405
8162.76,0.18374
8165.26,0.18309
8167.75,0.1834
8170.25,0.1841
8172.75,0.18347
8175.24,0.18327
8177.74,0.18308
8180.23,0.18156
8182.73,0.18055
8185.22,0.18031
8187.72,0.17984
8190.21,0.1798
8192.71,0.17953
8195.2,0.17902
8197.7,0.17893
8200.19,0.17853
8202.69,0.17947
8205.18,0.18013
8207.68,0.18082
8210.17,0.18086
8212.67,0.18122
8215.16,0.18134
8217.66,0.18193
8220.15,0.1817
8222.65,0.18163
8225.14,0.18215
8227.64,0.18241
8230.13,0.18257
8232.63,0.18276
8235.12,0.18228
8237.62,0.18265
8240.11,0.18236
8242.61,0.18236
8245.1,0.18224
8247.6,0.18227
8250.1,0.18198
8252.59,0.18203
8255.08,0.18198
8257.58,0.18236
8260.08,0.18228
8262.57,0.18261
8265.07,0.18308
8267.56,0.18322
8270.06,0.18276
8272.55,0.1823
8275.05,0.18281
8277.54,0.18286
8280.04,0.18246
8282.53,0.1824
8285.03,0.1828
8287.52,0.18217
8290.02,0.18199
8292.51,0.18167
8295.01,0.18157
8297.5,0.18139
8300.0,0.18122
8302.49,0.18103
8304.99,0.18066
8307.48,0.18024
8309.98,0.17999
8312.47,0.17989
8314.97,0.18023
8317.46,0.18068
8319.96,0.18074
8322.46,0.18003
8324.95,0.17919
8327.44,0.17805
8329.94,0.17716
8332.43,0.17704
8334.93,0.17721
8337.43,0.17775
8339.92,0.17823
8342.42,0.1785
8344.91,0.1787
8347.41,0.17867
8349.9,0.17883
8352.4,0.17981
8354.89,0.17954
8357.39,0.17957
8359.88,0.17913
8362.38,0.17862
8364.87,0.17809
8367.37,0.17816
8369.86,0.17893
8372.36,0.17916
8374.85,0.17896
8377.35,0.17831
8379.84,0.17739
8382.34,0.17616
8384.83,0.17526
8387.33,0.17472
8389.82,0.17513
8392.32,0.17596
8394.81,0.17685
8397.31,0.17735
8399.8,0.17833
8402.3,0.17915
8404.79,0.17888
8407.29,0.17933
8409.79,0.17868
8412.28,0.17862
8414.78,0.17816
8417.27,0.17771
8419.77,0.1773
8422.26,0.17732
8424.76,0.17684
8427.25,0.17653
8429.75,0.17594
8432.24,0.17503
8434.74,0.17467
8437.23,0.17404
8439.73,0.17402
8442.22,0.17534
8444.72,0.17659
8447.21,0.1772
8449.71,0.17788
8452.2,0.1781
8454.7,0.17789
8457.19,0.17766
8459.69,0.17709
8462.18,0.17684
8464.68,0.17596
8467.17,0.17521
8469.67,0.17449
8472.16,0.17414
8474.66,0.1749
8477.15,0.17583
8479.65,0.17642
8482.14,0.17702
8484.64,0.17629
8487.13,0.1762
8489.63,0.17519
8492.12,0.17232
8494.62,0.16869
8497.12,0.16479
8499.61,0.16218
8502.11,0.16202
8504.6,0.16425
8507.1,0.16728
8509.59,0.16984
8512.09,0.17093
8514.58,0.17105
8517.08,0.17147
8519.57,0.1712
8522.07,0.17191
8524.56,0.17266
8527.06,0.17218
8529.55,0.17211
8532.05,0.16999
8534.54,0.16574
8537.04,0.15952
8539.53,0.15129
8542.03,0.14493
8544.52,0.14238
8547.02,0.14483
8549.51,0.15088
8552.01,0.15814
8554.5,0.1646
8557.0,0.16817
8559.49,0.17066
8561.99,0.17229
8564.48,0.17259
8566.98,0.17317
8569.47,0.17283
8571.97,0.17317
8574.47,0.1732
8576.96,0.17345
8579.46,0.17343
8581.95,0.17312
8584.45,0.17293
8586.94,0.17328
8589.44,0.17296
8591.93,0.17276
8594.43,0.17261
8596.92,0.17233
8599.42,0.17209
8601.91,0.17226
8604.41,0.17184
8606.9,0.17199
8609.4,0.17181
8611.89,0.17164
8614.39,0.17095
8616.88,0.17084
8619.38,0.17086
8621.87,0.17066
8624.37,0.17094
8626.86,0.17123
8629.36,0.17135
8631.85,0.17163
8634.35,0.17256
8636.84,0.17252
8639.34,0.17247
8641.83,0.17255
8644.33,0.1724
8646.83,0.1722
8649.32,0.17088
8651.82,0.16866
8654.31,0.16522
8656.8,0.16088
8659.3,0.15393
8661.8,0.14855
8664.29,0.14576
8666.79,0.14692
8669.28,0.15169
8671.78,0.15746
8674.27,0.16221
8676.77,0.16518
8679.26,0.1669
8681.76,0.16806
8684.25,0.16797
8686.75,0.16736
8689.24,0.16683
8691.74,0.16687
8694.23,0.16717
8696.73,0.16825
8699.22,0.16895
8701.72,0.16902
8704.21,0.16945
8706.71,0.16972
8709.2,0.16956
8711.7,0.16902
8714.19,0.16874
8716.69,0.16892
8719.18,0.16945
8721.68,0.17017
8724.17,0.17008
8726.67,0.17034
8729.17,0.17065
8731.66,0.17008
8734.16,0.16953
8736.65,0.16942
8739.15,0.16933
8741.64,0.16827
8744.14,0.16835
8746.63,0.1676
8749.13,0.16729
8751.62,0.16711
8754.12,0.16674
8756.61,0.16721
8759.11,0.16726
8761.6,0.16787
8764.1,0.16824
8766.59,0.16834
8769.09,0.16764
8771.58,0.16795
8774.08,0.16779
8776.57,0.16844
8779.07,0.16859
8781.56,0.16891
8784.06,0.16913
8786.55,0.16894
8789.05,0.1682
8791.54,0.1682
8794.04,0.16777
8796.53,0.16756
8799.03,0.16736
8801.52,0.16592
8804.02,0.16493
8806.51,0.16377
8809.01,0.16286
8811.5,0.16374
8814.0,0.16527
8816.5,0.16641
8818.99,0.16707
8821.49,0.16715
8823.98,0.16679
8826.48,0.16702
8828.97,0.16732
8831.47,0.16738
8833.96,0.16804
8836.46,0.16822
8838.95,0.16835
8841.45,0.16836
8843.94,0.16863
8846.44,0.16882
8848.93,0.16918
8851.43,0.16997
8853.92,0.16912
8856.42,0.16861
8858.91,0.16837
8861.41,0.16736
8863.9,0.16628
8866.4,0.16597
8868.89,0.16581
8871.39,0.1665
8873.88,0.16727
8876.38,0.16784
8878.87,0.16829
8881.37,0.16926
8883.87,0.1692
8886.36,0.16897
8888.86,0.16947
8891.35,0.16909
8893.84,0.16892
8896.34,0.16896
8898.84,0.16852
8901.33,0.16847
8903.83,0.1683
8906.32,0.16824
8908.82,0.16785
8911.31,0.16754
8913.81,0.16728
8916.3,0.16694
8918.8,0.16646
8921.29,0.16598
8923.79,0.16565
8926.28,0.16527
8928.78,0.16501
8931.27,0.16504
8933.77,0.16564
8936.26,0.16539
8938.76,0.16564
8941.25,0.16563
8943.75,0.16556
8946.24,0.16518
8948.74,0.16593
8951.23,0.16581
8953.73,0.16569
8956.22,0.16693
8958.72,0.16754
8961.21,0.16744
8963.71,0.16721
8966.2,0.16672
8968.7,0.16605
8971.2,0.16599
8973.69,0.16602
8976.19,0.16542
8978.68,0.16514
8981.18,0.16545
8983.67,0.16536
8986.17,0.16637
8988.66,0.16575
8991.16,0.16545
8993.65,0.16547
8996.15,0.16485
8998.64,0.16399
9001.14,0.16361
9003.63,0.16285
9006.13,0.16145
9008.62,0.16069
9011.12,0.15933
9013.61,0.15828
9016.11,0.15779
9018.6,0.15776
9021.1,0.15881
9023.59,0.16
9026.09,0.16114
9028.58,0.16202
9031.08,0.16326
9033.57,0.16352
9036.07,0.16416
9038.56,0.1649
9041.06,0.16507
9043.55,0.16512
9046.05,0.16515
9048.54,0.1653
9051.04,0.16521
9053.54,0.16473
9056.03,0.16426
9058.53,0.16406
9061.02,0.16345
9063.52,0.1632
9066.01,0.16305
9068.51,0.16319
9071.0,0.1633
9073.5,0.16327
9075.99,0.16257
9078.49,0.16213
9080.98,0.16227
9083.48,0.16093
9085.97,0.16009
9088.47,0.15927
9090.96,0.15897
9093.46,0.15885
9095.95,0.1592
9098.45,0.16048
9100.94,0.16098
9103.44,0.16177
9105.93,0.16187
9108.43,0.16188
9110.92,0.16175
9113.42,0.16126
9115.91,0.16062
9118.41,0.1606
9120.9,0.16068
9123.4,0.16095
9125.89,0.16115
9128.39,0.16179
9130.88,0.16185
9133.38,0.16171
9135.88,0.16124
9138.37,0.16063
9140.87,0.15998
9143.36,0.15947
9145.86,0.15869
9148.35,0.15861
9150.85,0.15919
9153.34,0.15891
9155.84,0.15945
9158.33,0.15949
9160.83,0.15941
9163.32,0.15897
9165.82,0.15844
9168.31,0.1578
9170.81,0.15718
9173.3,0.15675
9175.8,0.15679
9178.29,0.15694
9180.79,0.15735
9183.28,0.15744
9185.78,0.1578
9188.27,0.15771
9190.77,0.15798
9193.26,0.15708
9195.76,0.15709
9198.25,0.15701
9200.75,0.1572
9203.24,0.15691
9205.74,0.15655
9208.24,0.15649
9210.73,0.15541
9213.23,0.1556
9215.72,0.15546
9218.22,0.15544
9220.71,0.15554
9223.21,0.15532
9225.7,0.15498
9228.2,0.15427
9230.69,0.15464
9233.19,0.15417
9235.68,0.15451
9238.18,0.15501
9240.67,0.15543
9243.17,0.15595
9245.66,0.15599
9248.16,0.15593
9250.65,0.15543
9253.15,0.15497
9255.64,0.15488
9258.14,0.15477
9260.63,0.15487
9263.13,0.15552
9265.62,0.15628
9268.12,0.15671
9270.61,0.15681
9273.11,0.15646
9275.6,0.15635
9278.1,0.15612
9280.59,0.15571
9283.09,0.15532
9285.58,0.15489
9288.08,0.15485
9290.58,0.15447
9293.07,0.15428
9295.57,0.1541
9298.06,0.15459
9300.56,0.15449
9303.05,0.15446
9305.55,0.15463
9308.04,0.15437
9310.54,0.15444
9313.03,0.15444
9315.53,0.15432
9318.02,0.15418
9320.52,0.15409
9323.01,0.15433
9325.51,0.15439
9328.0,0.15444
9330.5,0.15443
9332.99,0.15458
9335.49,0.15438
9337.98,0.15488
9340.48,0.15445
9342.97,0.15429
9345.47,0.15403
9347.96,0.15386
9350.46,0.15347
9352.95,0.15299
9355.45,0.15207
9357.94,0.15148
9360.44,0.15149
9362.93,0.15133
9365.43,0.15149
9367.92,0.15118
9370.42,0.1515
9372.92,0.15154
9375.41,0.1514
9377.91,0.15144
9380.4,0.15158
9382.9,0.15174
9385.39,0.15175
9387.89,0.15165
9390.38,0.15158
9392.88,0.15145
9395.37,0.15155
9397.87,0.15105
9400.36,0.15124
9402.86,0.15053
9405.35,0.1501
9407.85,0.1492
9410.34,0.14852
9412.84,0.14855
9415.33,0.1482
9417.83,0.14838
9420.32,0.14939
9422.82,0.14973
9425.31,0.15008
9427.81,0.15011
9430.3,0.15044
9432.8,0.1499
9435.29,0.14962
9437.79,0.14937
9440.28,0.14959
9442.78,0.14915
9445.27,0.14892
9447.77,0.14919
9450.27,0.14927
9452.76,0.14918
9455.25,0.1495
9457.75,0.14955
9460.25,0.14979
9462.74,0.15013
9465.24,0.15041
9467.73,0.15056
9470.23,0.15071
9472.72,0.15084
9475.22,0.15048
9477.71,0.15021
9480.21,0.15048
9482.7,0.15048
9485.2,0.15036
9487.69,0.15019
9490.19,0.15007
9492.68,0.15058
9495.18,0.15064
9497.67,0.15068
9500.17,0.15065
9502.66,0.1506
9505.16,0.15055
9507.65,0.1507
9510.15,0.15057
9512.64,0.15053
9515.14,0.15067
9517.63,0.15065
9520.13,0.15093
9522.62,0.15094
9525.12,0.15115
9527.61,0.1508
9530.11,0.15056
9532.61,0.15049
9535.1,0.15
9537.6,0.14902
9540.09,0.14795
9542.59,0.14723
9545.08,0.14611
9547.58,0.14604
9550.07,0.14618
9552.57,0.14696
9555.06,0.14816
9557.56,0.14894
9560.05,0.14929
9562.55,0.15016
9565.04,0.14976
9567.54,0.14962
9570.03,0.14909
9572.53,0.14881
9575.02,0.14859
9577.52,0.14884
9580.01,0.14899
9582.51,0.14899
9585.0,0.14933
9587.5,0.14925
9589.99,0.14907
9592.49,0.14899
9594.98,0.14845
9597.48,0.14807
9599.97,0.14757
9602.47,0.14754
9604.96,0.14787
9607.46,0.14776
9609.96,0.14791
9612.45,0.14844
9614.95,0.14847
9617.44,0.14877
9619.94,0.14824
9622.43,0.14829
9624.93,0.14769
9627.42,0.14768
9629.92,0.14778
9632.41,0.14747
9634.91,0.14706
9637.4,0.14632
9639.9,0.14555
9642.39,0.14558
9644.89,0.14569
9647.38,0.14568
9649.88,0.1456
9652.37,0.14585
9654.87,0.1456
9657.36,0.14592
9659.86,0.14591
9662.35,0.1461
9664.85,0.1461
9667.34,0.14619
9669.84,0.14603
9672.33,0.14556
9674.83,0.1451
9677.32,0.14504
9679.82,0.14478
9682.31,0.14516
9684.81,0.14526
9687.3,0.14524
9689.8,0.1453
9692.29,0.14503
9694.79,0.14522
9697.29,0.14567
9699.78,0.14509
9702.28,0.14529
9704.77,0.14473
9707.27,0.14451
9709.76,0.1445
9712.26,0.14489
9714.75,0.14516
9717.25,0.14526
9719.74,0.14507
9722.24,0.14458
9724.73,0.14489
9727.23,0.14419
9729.72,0.14411
9732.22,0.14408
9734.71,0.14414
9737.21,0.14391
9739.7,0.14362
9742.2,0.14411
9744.69,0.14361
9747.19,0.14412
9749.68,0.14405
9752.18,0.14434
9754.67,0.14467
9757.17,0.14486
9759.66,0.14524
9762.16,0.14513
9764.65,0.14469
9767.15,0.14474
9769.64,0.1439
9772.14,0.14402
9774.64,0.14388
9777.13,0.14381
9779.63,0.14356
9782.12,0.14276
9784.62,0.14241
9787.11,0.14153
9789.61,0.14192
9792.1,0.14292
9794.6,0.14333
9797.09,0.1441
9799.59,0.14418
9802.08,0.14436
9804.58,0.14473
9807.07,0.14523
9809.57,0.14497
9812.06,0.14508
9814.56,0.1452
9817.05,0.14512
9819.55,0.14495
9822.04,0.1452
9824.54,0.1449
9827.03,0.14497
9829.53,0.14466
9832.02,0.14482
9834.52,0.14463
9837.01,0.14438
9839.51,0.14481
9842.0,0.14476
9844.5,0.14479
9847.0,0.14478
9849.49,0.14442
9851.99,0.14464
9854.48,0.14441
9856.98,0.14445
9859.47,0.1445
9861.97,0.1439
9864.46,0.144
9866.96,0.14381
9869.45,0.14385
9871.95,0.1439
9874.44,0.14402
9876.94,0.14384
9879.43,0.14424
9881.93,0.14396
9884.42,0.14365
9886.92,0.14351
9889.41,0.143
9891.91,0.14296
9894.4,0.14281
9896.9,0.14266
9899.39,0.14293
9901.89,0.14251
9904.38,0.1425
9906.88,0.14263
9909.37,0.14226
9911.87,0.14226
9914.36,0.14221
9916.86,0.1421
9919.35,0.1417
9921.85,0.14197
9924.34,0.14192
9926.84,0.14148
9929.33,0.1418
9931.83,0.1419
9934.33,0.14188
9936.82,0.14202
9939.32,0.14247
9941.81,0.14186
9944.31,0.14187
9946.8,0.14177
9949.3,0.14171
9951.79,0.14201
9954.29,0.14201
9956.78,0.14193
9959.28,0.1421
9961.77,0.14226
9964.27,0.14259
9966.76,0.14228
9969.26,0.142
9971.75,0.14205
9974.25,0.1418
9976.74,0.14194
9979.24,0.14202
9981.73,0.14207
9984.23,0.14161
9986.72,0.14184
9989.22,0.14155
9991.71,0.14139
9994.21,0.14126
9996.7,0.14141
9999.2,0.14105
10001.7,0.1412
10004.2,0.14118
10006.7,0.14071
10009.2,0.14107
10011.7,0.14143
10014.2,0.14145
10016.7,0.1414
10019.2,0.14178
10021.7,0.1415
10024.2,0.14207
10026.6,0.14166
10029.1,0.14133
10031.6,0.14107
10034.1,0.14072
10036.6,0.14021
10039.1,0.13998
10041.6,0.13967
10044.1,0.13908
10046.6,0.13879
10049.1,0.13824
10051.6,0.13788
10054.1,0.13755
10056.6,0.138
10059.1,0.138
10061.6,0.13819
10064.1,0.13875
10066.6,0.13911
10069.1,0.13912
10071.6,0.14013
10074.1,0.13979
10076.5,0.13987
10079.0,0.14012
10081.5,0.13997
10084.0,0.13956
10086.5,0.13991
10089.0,0.13954
10091.5,0.13987
10094.0,0.14061
10096.5,0.14016
10099.0,0.14029
10101.5,0.14033
10104.0,0.14024
10106.5,0.13992
10109.0,0.13961
10111.5,0.13943
10114.0,0.13948
10116.5,0.13943
10119.0,0.13932
10121.5,0.13927
10124.0,0.13875
10126.5,0.13908
10128.9,0.13872
10131.4,0.13861
10133.9,0.13871
10136.4,0.13855
10138.9,0.13837
10141.4,0.13807
10143.9,0.13803
10146.4,0.13757
10148.9,0.13781
10151.4,0.1378
10153.9,0.13774
10156.4,0.1381
10158.9,0.13811
10161.4,0.13816
10163.9,0.1381
10166.4,0.1381
10168.9,0.13757
10171.4,0.13782
10173.9,0.13814
10176.4,0.1378
10178.9,0.13789
10181.3,0.13776
10183.8,0.13768
10186.3,0.13774
10188.8,0.13723
10191.3,0.13711
10193.8,0.13694
10196.3,0.13709
10198.8,0.13692
10201.3,0.13692
10203.8,0.13727
10206.3,0.1371
10208.8,0.13725
10211.3,0.1366
10213.8,0.13628
10216.3,0.13602
10218.8,0.13617
10221.3,0.13586
10223.8,0.13625
10226.3,0.13634
10228.8,0.13631
10231.2,0.13642
10233.7,0.13649
10236.2,0.13654
10238.7,0.13664
10241.2,0.13657
10243.7,0.13655
10246.2,0.13628
10248.7,0.13635
10251.2,0.13625
10253.7,0.13606
10256.2,0.13584
10258.7,0.13633
10261.2,0.13565
10263.7,0.13557
10266.2,0.13582
10268.7,0.13544
10271.2,0.13576
10273.7,0.13543
10276.2,0.13546
10278.7,0.13531
10281.2,0.13547
10283.6,0.13526
10286.1,0.13512
10288.6,0.13514
10291.1,0.13501
10293.6,0.13511
10296.1,0.13519
10298.6,0.13493
10301.1,0.13508
10303.6,0.13495
10306.1,0.13531
10308.6,0.13498
10311.1,0.13479
10313.6,0.13506
10316.1,0.13506
10318.6,0.1349
10321.1,0.1347
10323.6,0.13367
10326.1,0.13353
10328.6,0.13294
10331.1,0.13293
10333.5,0.13269
10336.0,0.13262
10338.5,0.13278
10341.0,0.13228
10343.5,0.13208
10346.0,0.13243
10348.5,0.13232
10351.0,0.13265
10353.5,0.13289
10356.0,0.13363
10358.5,0.13398
10361.0,0.13401
10363.5,0.13428
10366.0,0.13389
10368.5,0.13372
10371.0,0.13334
10373.5,0.13315
10376.0,0.13302
10378.5,0.1327
10381.0,0.13289
10383.5,0.13295
10385.9,0.13312
10388.4,0.13312
10390.9,0.13262
10393.4,0.13234
10395.9,0.13207
10398.4,0.13183
10400.9,0.1321
10403.4,0.13221
10405.9,0.13201
10408.4,0.13284
10410.9,0.13324
10413.4,0.13306
10415.9,0.13292
10418.4,0.13272
10420.9,0.1326
10423.4,0.13238
10425.9,0.13254
10428.4,0.13253
10430.9,0.13261
10433.4,0.13264
10435.9,0.13258
10438.3,0.13266
10440.8,0.13251
10443.3,0.13313
10445.8,0.13247
10448.3,0.13255
10450.8,0.13262
10453.3,0.13256
10455.8,0.13217
10458.3,0.13183
10460.8,0.13208
10463.3,0.13187
10465.8,0.13158
10468.3,0.13149
10470.8,0.13157
10473.3,0.1315
10475.8,0.13144
10478.3,0.13141
10480.8,0.13138
10483.3,0.13191
10485.8,0.13136
10488.2,0.13111
10490.7,0.13127
10493.2,0.13116
10495.7,0.13073
10498.2,0.13045
10500.7,0.13067
10503.2,0.13067
10505.7,0.13074
10508.2,0.13082
10510.7,0.13095
10513.2,0.13109
10515.7,0.13055
10518.2,0.13076
10520.7,0.13098
10523.2,0.13074
10525.7,0.13066
10528.2,0.13085
10530.7,0.13087
10533.2,0.13053
10535.7,0.13033
10538.2,0.13051
10540.6,0.13025
10543.1,0.13073
10545.6,0.13037
10548.1,0.13058
10550.6,0.13062
10553.1,0.13049
10555.6,0.13042
10558.1,0.13059
10560.6,0.13041
10563.1,0.13011
10565.6,0.1302
10568.1,0.13002
10570.6,0.13023
10573.1,0.12979
10575.6,0.12968
10578.1,0.12896
10580.6,0.12817
10583.1,0.12813
10585.6,0.12748
10588.1,0.12733
10590.6,0.12712
10593.0,0.12777
10595.5,0.12791
10598.0,0.12839
10600.5,0.12858
10603.0,0.12822
10605.5,0.1277
10608.0,0.12759
10610.5,0.12789
10613.0,0.12797
10615.5,0.12811
10618.0,0.12851
10620.5,0.12845
10623.0,0.12835
10625.5,0.12847
10628.0,0.12845
10630.5,0.1285
10633.0,0.12865
10635.5,0.12864
10638.0,0.12873
10640.5,0.12892
10642.9,0.12895
10645.4,0.12873
10647.9,0.12837
10650.4,0.12873
10652.9,0.12815
10655.4,0.12773
10657.9,0.12686
10660.4,0.12685
10662.9,0.12664
10665.4,0.12662
10667.9,0.12666
10670.4,0.12663
10672.9,0.12706
10675.4,0.12722
10677.9,0.12783
10680.4,0.12722
10682.9,0.12704
10685.4,0.12681
10687.9,0.12594
10690.4,0.12601
10692.9,0.12569
10695.3,0.12551
10697.8,0.12619
10700.3,0.12642
10702.8,0.1267
10705.3,0.12714
10707.8,0.12723
10710.3,0.12717
10712.8,0.12744
10715.3,0.1272
10717.8,0.12704
10720.3,0.12667
10722.8,0.12659
10725.3,0.12605
10727.8,0.12506
10730.3,0.12506
10732.8,0.125
10735.3,0.12495
10737.8,0.1254
10740.3,0.12607
10742.8,0.12613
10745.3,0.1258
10747.7,0.12534
10750.2,0.12531
10752.7,0.125
10755.2,0.12482
10757.7,0.12509
10760.2,0.12525
10762.7,0.12575
10765.2,0.12605
10767.7,0.12596
10770.2,0.12607
10772.7,0.12588
10775.2,0.12557
10777.7,0.12546
10780.2,0.12498
10782.7,0.12426
10785.2,0.12366
10787.7,0.12353
10790.2,0.12378
10792.7,0.12435
10795.2,0.12434
10797.6,0.12491
10800.1,0.12503
10802.6,0.12482
10805.1,0.12468
10807.6,0.12447
10810.1,0.12428
10812.6,0.12387
10815.1,0.12388
10817.6,0.1234
10820.1,0.1232
10822.6,0.12273
10825.1,0.12244
10827.6,0.12231
10830.1,0.12238
10832.6,0.12252
10835.1,0.12288
10837.6,0.12326
10840.1,0.12362
10842.6,0.12376
10845.1,0.12379
10847.6,0.12379
10850.0,0.12412
10852.5,0.12433
10855.0,0.12397
10857.5,0.12412
10860.0,0.12399
10862.5,0.12365
10865.0,0.12286
10867.5,0.12216
10870.0,0.12146
10872.5,0.12108
10875.0,0.12108
10877.5,0.12106
10880.0,0.12156
10882.5,0.12184
10885.0,0.12186
10887.5,0.12215
10890.0,0.12192
10892.5,0.12226
10895.0,0.12243
10897.5,0.12254
10900.0,0.12281
10902.4,0.12314
10904.9,0.12311
10907.4,0.1229
10909.9,0.12268
10912.4,0.12274
10914.9,0.12218
10917.4,0.1224
10919.9,0.12246
10922.4,0.12212
10924.9,0.12155
10927.4,0.12107
10929.9,0.12091
10932.4,0.12073
10934.9,0.12027
10937.4,0.11977
10939.9,0.11969
10942.4,0.11972
10944.9,0.11963
10947.4,0.12008
10949.9,0.12016
10952.3,0.12055
10954.8,0.11997
10957.3,0.11981
10959.8,0.11951
10962.3,0.1188
10964.8,0.11812
10967.3,0.11783
10969.8,0.11769
10972.3,0.11751
10974.8,0.11774
10977.3,0.11769
10979.8,0.11712
10982.3,0.11773
10984.8,0.11768
10987.3,0.11817
10989.8,0.11795
10992.3,0.11838
10994.8,0.11827
10997.3,0.11835
10999.8,0.11824
