wave,flux
3700.85,0.08725
3701.75,0.085151
3702.65,0.082031
3703.55,0.076983
3704.45,0.071221
3705.35,0.065813
3706.25,0.061497
3707.15,0.059285
3708.05,0.058834
3708.96,0.060317
3709.86,0.063379
3710.76,0.068051
3711.66,0.073727
3712.56,0.079533
3713.46,0.084167
3714.36,0.087464
3715.26,0.087673
3716.16,0.085612
3717.06,0.081722
3717.96,0.075234
3718.86,0.067888
3719.76,0.060875
3720.66,0.05519
3721.56,0.051926
3722.46,0.051815
3723.36,0.054766
3724.26,0.059356
3725.16,0.064241
3726.06,0.067881
3726.96,0.069924
3727.86,0.07042
3728.76,0.070041
3729.66,0.069224
3730.56,0.067299
3731.46,0.064265
3732.36,0.059753
3733.26,0.054274
3734.16,0.048838
3735.06,0.044615
3735.96,0.042467
3736.86,0.042696
3737.76,0.045628
3738.66,0.050581
3739.56,0.056349
3740.46,0.061209
3741.36,0.064534
3742.26,0.065064
3743.16,0.063184
3744.06,0.05967
3744.96,0.055246
3745.86,0.050905
3746.76,0.04748
3747.67,0.045082
3748.57,0.043617
3749.47,0.044424
3750.37,0.046877
3751.27,0.051495
3752.17,0.057592
3753.07,0.064665
3753.97,0.070293
3754.87,0.074093
3755.77,0.075601
3756.67,0.073854
3757.57,0.07044
3758.47,0.066306
3759.37,0.063203
3760.27,0.061607
3761.17,0.061683
3762.07,0.06288
3762.97,0.063552
3763.87,0.064047
3764.77,0.0645
3765.67,0.064632
3766.57,0.06501
3767.47,0.065426
3768.37,0.067147
3769.27,0.069376
3770.17,0.071361
3771.07,0.074192
3771.97,0.076975
3772.87,0.079646
3773.77,0.081492
3774.67,0.083344
3775.57,0.084161
3776.47,0.084397
3777.37,0.084562
3778.27,0.085427
3779.17,0.087069
3780.07,0.08851
3780.97,0.090124
3781.87,0.091744
3782.77,0.092234
3783.67,0.091852
3784.57,0.089864
3785.47,0.086665
3786.38,0.082573
3787.28,0.077865
3788.18,0.073091
3789.08,0.070156
3789.98,0.068561
3790.88,0.068457
3791.78,0.06863
3792.68,0.068696
3793.58,0.067779
3794.48,0.066573
3795.38,0.064329
3796.28,0.062243
3797.18,0.060751
3798.08,0.059945
3798.98,0.059922
3799.88,0.061723
3800.78,0.064929
3801.68,0.06933
3802.58,0.073895
3803.48,0.078265
3804.38,0.08082
3805.28,0.082018
3806.18,0.082106
3807.08,0.081527
3807.98,0.081216
3808.88,0.08101
3809.78,0.081236
3810.68,0.081461
3811.58,0.080714
3812.48,0.078378
3813.38,0.074801
3814.28,0.070453
3815.18,0.066312
3816.08,0.062814
3816.98,0.061009
3817.88,0.059253
3818.78,0.058508
3819.68,0.057051
3820.58,0.055631
3821.48,0.054382
3822.38,0.053259
3823.28,0.052408
3824.18,0.05123
3825.09,0.049496
3825.99,0.047467
3826.89,0.045788
3827.79,0.04468
3828.69,0.044772
3829.59,0.044933
3830.49,0.045228
3831.39,0.045209
3832.29,0.044283
3833.19,0.043627
3834.09,0.042987
3834.99,0.043093
3835.89,0.043496
3836.79,0.043586
3837.69,0.044027
3838.59,0.044085
3839.49,0.044389
3840.39,0.045933
3841.29,0.048571
3842.19,0.052684
3843.09,0.057166
3843.99,0.061627
3844.89,0.065382
3845.79,0.067985
3846.69,0.069473
3847.59,0.06982
3848.49,0.069609
3849.39,0.068963
3850.29,0.06841
3851.19,0.067768
3852.09,0.06736
3852.99,0.067361
3853.89,0.066704
3854.79,0.06526
3855.69,0.063877
3856.59,0.061359
3857.49,0.058551
3858.39,0.056083
3859.29,0.054568
3860.19,0.053892
3861.09,0.055401
3861.99,0.058325
3862.9,0.061845
3863.8,0.065295
3864.7,0.067798
3865.6,0.069036
3866.5,0.068993
3867.4,0.068165
3868.3,0.066729
3869.2,0.064843
3870.1,0.062549
3871.0,0.060512
3871.9,0.059549
3872.8,0.059353
3873.7,0.060982
3874.6,0.062993
3875.5,0.064983
3876.4,0.066493
3877.3,0.06636
3878.2,0.065287
3879.1,0.063797
3880.0,0.062515
3880.9,0.062267
3881.8,0.062291
3882.7,0.062853
3883.6,0.063077
3884.5,0.063056
3885.4,0.062782
3886.3,0.061555
3887.2,0.06088
3888.1,0.06065
3889.0,0.061921
3889.9,0.06445
3890.8,0.068242
3891.7,0.072572
3892.6,0.076379
3893.5,0.079232
3894.4,0.08045
3895.3,0.081015
3896.2,0.081547
3897.1,0.081623
3898.0,0.081471
3898.9,0.08184
3899.8,0.081467
3900.7,0.081509
3901.6,0.081212
3902.51,0.08024
3903.41,0.079203
3904.31,0.078383
3905.21,0.077265
3906.11,0.077067
3907.01,0.078368
3907.91,0.081045
3908.81,0.084435
3909.71,0.087841
3910.61,0.091129
3911.51,0.093578
3912.41,0.094944
3913.31,0.095598
3914.21,0.095838
3915.11,0.095076
3916.01,0.09312
3916.91,0.09139
3917.81,0.088086
3918.71,0.085162
3919.61,0.081902
3920.51,0.078688
3921.41,0.075538
3922.31,0.073537
3923.21,0.072075
3924.11,0.070916
3925.01,0.0696
3925.91,0.067475
3926.81,0.064015
3927.71,0.059126
3928.61,0.053106
3929.51,0.047253
3930.41,0.041337
3931.31,0.035972
3932.21,0.031348
3933.11,0.028092
3934.01,0.026337
3934.91,0.026335
3935.81,0.028032
3936.71,0.031265
3937.61,0.036139
3938.51,0.041498
3939.42,0.047391
3940.32,0.052625
3941.22,0.056613
3942.12,0.059934
3943.02,0.062417
3943.92,0.064765
3944.82,0.06749
3945.72,0.070807
3946.62,0.074302
3947.52,0.07835
3948.42,0.081842
3949.32,0.08557
3950.22,0.088298
3951.12,0.090257
3952.02,0.091811
3952.92,0.093095
3953.82,0.093256
3954.72,0.093708
3955.62,0.09302
3956.52,0.092353
3957.42,0.091073
3958.32,0.088902
3959.22,0.086346
3960.12,0.082731
3961.02,0.077229
3961.92,0.071371
3962.82,0.065428
3963.72,0.059494
3964.62,0.053608
3965.52,0.048209
3966.42,0.043052
3967.32,0.037924
3968.22,0.034176
3969.12,0.031977
3970.02,0.031996
3970.92,0.03406
3971.82,0.038161
3972.72,0.043805
3973.62,0.050635
3974.52,0.057657
3975.42,0.064889
3976.32,0.07199
3977.22,0.078594
3978.13,0.08451
3979.03,0.090514
3979.93,0.095095
3980.83,0.098663
3981.73,0.10063
3982.63,0.10189
3983.53,0.10316
3984.43,0.10346
3985.33,0.10522
3986.23,0.10632
3987.13,0.10774
3988.03,0.1094
3988.93,0.11086
3989.83,0.11187
3990.73,0.11391
3991.63,0.11422
3992.53,0.11564
3993.43,0.11548
3994.33,0.11567
3995.23,0.11466
3996.13,0.11334
3997.03,0.11306
3997.93,0.11277
3998.83,0.11372
3999.73,0.1156
4000.63,0.11814
4001.53,0.11997
4002.43,0.12081
4003.33,0.12061
4004.23,0.11898
4005.13,0.11635
4006.03,0.11418
4006.93,0.11302
4007.83,0.11396
4008.73,0.11504
4009.63,0.11774
4010.53,0.12019
4011.43,0.12246
4012.33,0.12412
4013.23,0.12512
4014.13,0.12577
4015.03,0.12621
4015.93,0.12743
4016.84,0.12717
4017.74,0.12692
4018.64,0.12742
4019.54,0.1279
4020.44,0.12791
4021.34,0.12845
4022.24,0.12797
4023.14,0.12665
4024.04,0.12765
4024.94,0.12746
4025.84,0.12761
4026.74,0.12841
4027.64,0.12892
4028.54,0.12836
4029.44,0.12598
4030.34,0.12205
4031.24,0.11754
4032.14,0.11299
4033.04,0.1099
4033.94,0.10894
4034.84,0.11006
4035.74,0.11387
4036.64,0.11866
4037.54,0.12381
4038.44,0.1284
4039.34,0.13073
4040.24,0.13165
4041.14,0.13066
4042.04,0.12797
4042.94,0.12325
4043.84,0.11825
4044.74,0.11302
4045.64,0.10799
4046.54,0.10631
4047.44,0.10659
4048.34,0.11004
4049.24,0.11578
4050.14,0.12076
4051.04,0.12545
4051.94,0.12734
4052.84,0.12784
4053.74,0.12685
4054.65,0.12413
4055.55,0.12182
4056.45,0.12002
4057.35,0.11799
4058.25,0.1167
4059.15,0.11611
4060.05,0.11608
4060.95,0.11542
4061.85,0.11456
4062.75,0.11225
4063.65,0.10978
4064.55,0.10794
4065.45,0.10779
4066.35,0.10923
4067.25,0.112
4068.15,0.11519
4069.05,0.11769
4069.95,0.11925
4070.85,0.11949
4071.75,0.1187
4072.65,0.11765
4073.55,0.11704
4074.45,0.1167
4075.35,0.11607
4076.25,0.11496
4077.15,0.11354
4078.05,0.11337
4078.95,0.11456
4079.85,0.11768
4080.75,0.12089
4081.65,0.12486
4082.55,0.12744
4083.45,0.1295
4084.35,0.13023
4085.25,0.13103
4086.15,0.13151
4087.05,0.13409
4087.95,0.1366
4088.85,0.13909
4089.75,0.1407
4090.65,0.14141
4091.55,0.14142
4092.45,0.13985
4093.36,0.13749
4094.26,0.13474
4095.16,0.13166
4096.06,0.12837
4096.96,0.12511
4097.86,0.12139
4098.76,0.11753
4099.66,0.11384
4100.56,0.11058
4101.46,0.10812
4102.36,0.10713
4103.26,0.10748
4104.16,0.10993
4105.06,0.11372
4105.96,0.1185
4106.86,0.12256
4107.76,0.12566
4108.66,0.12715
4109.56,0.12749
4110.46,0.12802
4111.36,0.12789
4112.26,0.12818
4113.16,0.12894
4114.06,0.13039
4114.96,0.13267
4115.86,0.13303
4116.76,0.13366
4117.66,0.13333
4118.56,0.13251
4119.46,0.13095
4120.36,0.12943
4121.26,0.12922
4122.16,0.12884
4123.06,0.12964
4123.96,0.13019
4124.86,0.13085
4125.76,0.13084
4126.66,0.13054
4127.56,0.12939
4128.46,0.12807
4129.36,0.12655
4130.26,0.12401
4131.17,0.12169
4132.06,0.11904
4132.97,0.11708
4133.87,0.11734
4134.77,0.11878
4135.67,0.1212
4136.57,0.12453
4137.47,0.12786
4138.37,0.13038
4139.27,0.13185
4140.17,0.13164
4141.07,0.12952
4141.97,0.12608
4142.87,0.1222
4143.77,0.11841
4144.67,0.1169
4145.57,0.11637
4146.47,0.11764
4147.37,0.12041
4148.27,0.12214
4149.17,0.12348
4150.07,0.12439
4150.97,0.12314
4151.87,0.12269
4152.77,0.1212
4153.67,0.12102
4154.57,0.11999
4155.47,0.12015
4156.37,0.11984
4157.27,0.12178
4158.17,0.12349
4159.07,0.1253
4159.97,0.12806
4160.87,0.12989
4161.77,0.13225
4162.67,0.13407
4163.57,0.13403
4164.47,0.13439
4165.37,0.13323
4166.27,0.13168
4167.17,0.13042
4168.07,0.12862
4168.98,0.12752
4169.88,0.12587
4170.78,0.12409
4171.68,0.12198
4172.58,0.11976
4173.48,0.11734
4174.38,0.1162
4175.28,0.11557
4176.18,0.11638
4177.08,0.11675
4177.98,0.1184
4178.88,0.11981
4179.78,0.12069
4180.68,0.12191
4181.58,0.12234
4182.48,0.12352
4183.38,0.1239
4184.28,0.1242
4185.18,0.12488
4186.08,0.12428
4186.98,0.12417
4187.88,0.12396
4188.78,0.12344
4189.68,0.12424
4190.58,0.12522
4191.48,0.12657
4192.38,0.12794
4193.28,0.12848
4194.18,0.12833
4195.08,0.12745
4195.98,0.12513
4196.88,0.12218
4197.78,0.11893
4198.68,0.1166
4199.58,0.11496
4200.48,0.11397
4201.38,0.11369
4202.28,0.1153
4203.18,0.11743
4204.08,0.11995
4204.98,0.12308
4205.88,0.12585
4206.79,0.12947
4207.69,0.13197
4208.59,0.13393
4209.49,0.13474
4210.39,0.13536
4211.29,0.13522
4212.19,0.1344
4213.09,0.13323
4213.99,0.13176
4214.89,0.13041
4215.79,0.12896
4216.69,0.12867
4217.59,0.13029
4218.49,0.13283
4219.39,0.13545
4220.29,0.13747
4221.19,0.13697
4222.09,0.13522
4222.99,0.13109
4223.89,0.12432
4224.79,0.11669
4225.69,0.10885
4226.59,0.10267
4227.49,0.10017
4228.39,0.10122
4229.29,0.1067
4230.19,0.11268
4231.09,0.11925
4231.99,0.1243
4232.89,0.12744
4233.79,0.12869
4234.69,0.12849
4235.59,0.12717
4236.49,0.12526
4237.39,0.12514
4238.29,0.12516
4239.19,0.12645
4240.09,0.12833
4240.99,0.13118
4241.89,0.13342
4242.79,0.13743
4243.69,0.139
4244.59,0.1412
4245.5,0.14147
4246.4,0.14055
4247.3,0.13773
4248.2,0.13453
4249.1,0.13073
4250.0,0.12725
4250.9,0.1251
4251.8,0.12345
4252.7,0.12342
4253.6,0.12297
4254.5,0.12454
4255.4,0.12522
4256.3,0.12646
4257.2,0.12704
4258.1,0.12732
4259.0,0.1269
4259.9,0.12594
4260.8,0.12513
4261.7,0.12643
4262.6,0.12821
4263.5,0.13214
4264.4,0.13673
4265.3,0.1398
4266.2,0.14165
4267.1,0.14185
4268.0,0.1392
4268.9,0.13454
4269.8,0.12866
4270.7,0.12245
4271.6,0.11672
4272.5,0.11151
4273.4,0.10929
4274.3,0.1094
4275.2,0.11219
4276.1,0.11576
4277.0,0.12129
4277.9,0.12654
4278.8,0.13022
4279.7,0.13234
4280.6,0.13364
4281.5,0.13318
4282.4,0.13257
4283.31,0.13194
4284.21,0.13075
4285.11,0.12998
4286.01,0.12776
4286.91,0.12556
4287.81,0.12326
4288.71,0.12024
4289.61,0.11745
4290.51,0.11651
4291.41,0.1164
4292.31,0.11695
4293.21,0.1194
4294.11,0.12053
4295.01,0.12112
4295.91,0.12058
4296.81,0.11802
4297.71,0.11444
4298.61,0.10956
4299.51,0.10432
4300.41,0.099916
4301.31,0.096557
4302.21,0.09487
4303.11,0.093768
4304.01,0.093194
4304.91,0.09314
4305.81,0.092212
4306.71,0.091132
4307.61,0.089813
4308.51,0.0888
4309.41,0.088912
4310.31,0.090677
4311.21,0.094048
4312.11,0.099416
4313.01,0.10698
4313.91,0.1152
4314.81,0.12487
4315.71,0.13474
4316.61,0.14341
4317.51,0.15067
4318.41,0.15619
4319.31,0.15921
4320.21,0.1586
4321.12,0.15558
4322.02,0.15031
4322.92,0.14313
4323.82,0.13609
4324.72,0.1293
4325.62,0.12486
4326.52,0.12338
4327.42,0.12581
4328.32,0.13087
4329.22,0.13794
4330.12,0.14412
4331.02,0.15045
4331.92,0.15422
4332.82,0.15627
4333.72,0.15842
4334.62,0.15828
4335.52,0.15603
4336.42,0.15179
4337.32,0.14604
4338.22,0.13939
4339.12,0.13244
4340.02,0.12716
4340.92,0.12424
4341.82,0.12419
4342.72,0.12697
4343.62,0.13101
4344.52,0.13624
4345.42,0.14139
4346.32,0.14649
4347.22,0.15042
4348.12,0.15274
4349.02,0.15323
4349.92,0.1527
4350.82,0.15119
4351.72,0.14733
4352.62,0.1447
4353.52,0.14273
4354.42,0.14226
4355.32,0.14422
4356.22,0.1459
4357.12,0.14828
4358.02,0.15035
4358.92,0.15198
4359.83,0.1536
4360.73,0.15524
4361.63,0.15654
4362.53,0.16007
4363.43,0.16152
4364.33,0.16277
4365.23,0.16353
4366.13,0.16342
4367.03,0.16186
4367.93,0.1606
4368.83,0.15785
4369.73,0.15579
4370.63,0.15375
4371.53,0.15168
4372.43,0.15014
4373.33,0.14771
4374.23,0.14583
4375.13,0.14472
4376.03,0.14338
4376.93,0.1441
4377.83,0.14537
4378.73,0.14626
4379.63,0.14636
4380.53,0.1441
4381.43,0.1398
4382.33,0.13385
4383.23,0.12722
4384.13,0.12184
4385.03,0.11906
4385.93,0.11951
4386.83,0.12195
4387.73,0.12631
4388.63,0.13077
4389.53,0.13456
4390.43,0.13734
4391.33,0.13976
4392.23,0.14154
4393.13,0.14442
4394.03,0.14537
4394.93,0.14788
4395.83,0.14922
4396.73,0.1516
4397.64,0.15266
4398.54,0.15415
4399.44,0.15354
4400.34,0.15263
4401.24,0.15
4402.14,0.14735
4403.04,0.14391
4403.94,0.14025
4404.84,0.13655
4405.74,0.13465
4406.64,0.13387
4407.54,0.13546
4408.44,0.13799
4409.34,0.14302
4410.24,0.14757
4411.14,0.15227
4412.04,0.15652
4412.94,0.15725
4413.84,0.15821
4414.74,0.15704
4415.64,0.15479
4416.54,0.15379
4417.44,0.1539
4418.34,0.15616
4419.24,0.15873
4420.14,0.16132
4421.04,0.16145
4421.94,0.16168
4422.84,0.16142
4423.74,0.15964
4424.64,0.15866
4425.54,0.15793
4426.44,0.15763
4427.34,0.15872
4428.24,0.15898
4429.14,0.15872
4430.04,0.15901
4430.94,0.15805
4431.84,0.15709
4432.74,0.15625
4433.64,0.15538
4434.54,0.154
4435.45,0.15304
4436.35,0.15354
4437.25,0.15572
4438.15,0.15767
4439.05,0.16039
4439.95,0.16174
4440.85,0.16245
4441.75,0.16254
4442.65,0.16189
4443.55,0.1611
4444.45,0.16178
4445.35,0.16328
4446.25,0.16516
4447.15,0.1672
4448.05,0.16918
4448.95,0.17014
4449.85,0.1699
4450.75,0.16899
4451.65,0.16735
4452.55,0.16467
4453.45,0.16163
4454.35,0.15773
4455.25,0.15318
4456.15,0.14966
4457.05,0.14748
4457.95,0.1454
4458.85,0.14565
4459.75,0.14506
4460.65,0.14548
4461.55,0.14607
4462.45,0.14782
4463.35,0.14975
4464.25,0.15301
4465.15,0.15566
4466.05,0.15769
4466.95,0.15963
4467.85,0.16024
4468.75,0.16162
4469.65,0.16271
4470.55,0.16352
4471.45,0.16538
4472.35,0.16719
4473.25,0.17039
4474.16,0.17287
4475.06,0.17616
4475.96,0.17772
4476.86,0.17875
4477.76,0.17987
4478.66,0.17821
4479.56,0.17603
4480.46,0.17324
4481.36,0.17036
4482.26,0.16988
4483.16,0.16856
4484.06,0.17017
4484.96,0.17278
4485.86,0.17531
4486.76,0.1759
4487.66,0.17607
4488.56,0.17556
4489.46,0.17402
4490.36,0.17219
4491.26,0.17101
4492.16,0.16972
4493.06,0.16839
4493.96,0.16854
4494.86,0.16739
4495.76,0.16831
4496.66,0.1684
4497.56,0.17028
4498.46,0.17243
4499.36,0.17416
4500.26,0.17716
4501.16,0.17938
4502.06,0.18167
4502.96,0.18455
4503.86,0.18734
4504.76,0.18924
4505.66,0.1908
4506.56,0.19145
4507.46,0.19171
4508.36,0.19117
4509.26,0.19079
4510.17,0.18943
4511.06,0.18884
4511.97,0.18712
4512.87,0.18559
4513.77,0.1834
4514.67,0.1824
4515.57,0.18094
4516.47,0.18011
4517.37,0.18005
4518.27,0.1801
4519.17,0.18109
4520.07,0.18144
4520.97,0.18124
4521.87,0.18136
4522.77,0.18032
4523.67,0.17789
4524.57,0.17493
4525.47,0.17079
4526.37,0.16687
4527.27,0.1627
4528.17,0.15925
4529.07,0.15735
4529.97,0.15549
4530.87,0.15529
4531.77,0.15513
4532.67,0.15646
4533.57,0.15771
4534.47,0.15911
4535.37,0.16073
4536.27,0.16423
4537.17,0.16682
4538.07,0.17024
4538.97,0.17272
4539.87,0.1754
4540.77,0.17629
4541.67,0.17762
4542.57,0.1765
4543.47,0.17675
4544.37,0.17626
4545.27,0.17549
4546.17,0.17423
4547.07,0.17436
4547.97,0.17264
4548.88,0.17191
4549.77,0.17106
4550.68,0.171
4551.58,0.17065
4552.48,0.17026
4553.38,0.17079
4554.28,0.17111
4555.18,0.1721
4556.08,0.17384
4556.98,0.17565
4557.88,0.179
4558.78,0.18239
4559.68,0.18416
4560.58,0.18531
4561.48,0.18675
4562.38,0.18612
4563.28,0.1845
4564.18,0.184
4565.08,0.18183
4565.98,0.18129
4566.88,0.1811
4567.78,0.18286
4568.68,0.18392
4569.58,0.18448
4570.48,0.1851
4571.38,0.18517
4572.28,0.18461
4573.18,0.18511
4574.08,0.1848
4574.98,0.18534
4575.88,0.18605
4576.78,0.1862
4577.68,0.1846
4578.58,0.18252
4579.48,0.18001
4580.38,0.17799
4581.28,0.17643
4582.18,0.17536
4583.08,0.1733
4583.98,0.17404
4584.88,0.17402
4585.78,0.17613
4586.69,0.17684
4587.58,0.17868
4588.49,0.18035
4589.39,0.18186
4590.29,0.18298
4591.19,0.18234
4592.09,0.18144
4592.99,0.17951
4593.89,0.17787
4594.79,0.177
4595.69,0.17576
4596.59,0.17602
4597.49,0.17502
4598.39,0.17496
4599.29,0.17514
4600.19,0.1761
4601.09,0.17571
4601.99,0.17605
4602.89,0.17772
4603.79,0.1783
4604.69,0.17829
4605.59,0.18045
4606.49,0.18246
4607.39,0.18422
4608.29,0.18657
4609.19,0.18904
4610.09,0.19072
4610.99,0.19171
4611.89,0.1921
4612.79,0.1916
4613.69,0.19099
4614.59,0.19155
4615.49,0.1912
4616.39,0.19103
4617.29,0.19181
4618.19,0.1917
4619.09,0.19216
4619.99,0.19243
4620.89,0.19245
4621.79,0.19234
4622.69,0.1923
4623.59,0.19278
4624.5,0.19164
4625.4,0.19145
4626.3,0.19211
4627.2,0.191
4628.1,0.1914
4629.0,0.1914
4629.9,0.19099
4630.8,0.1901
4631.7,0.19063
4632.6,0.18974
4633.5,0.18871
4634.4,0.18725
4635.3,0.18545
4636.2,0.18369
4637.1,0.18215
4638.0,0.18135
4638.9,0.18015
4639.8,0.17895
4640.7,0.17876
4641.6,0.17906
4642.5,0.17911
4643.4,0.17803
4644.3,0.17756
4645.2,0.17607
4646.1,0.17409
4647.0,0.17287
4647.9,0.17174
4648.8,0.17102
4649.7,0.17185
4650.6,0.17437
4651.5,0.17635
4652.4,0.17828
4653.3,0.17983
4654.2,0.17989
4655.1,0.18081
4656.0,0.18154
4656.9,0.18236
4657.8,0.18433
4658.7,0.18666
4659.6,0.18908
4660.5,0.19022
4661.4,0.19032
4662.3,0.18994
4663.21,0.18717
4664.11,0.18318
4665.01,0.17978
4665.91,0.17539
4666.81,0.17194
4667.71,0.169
4668.61,0.1667
4669.51,0.16719
4670.41,0.16965
4671.31,0.17188
4672.21,0.17491
4673.11,0.1774
4674.01,0.18058
4674.91,0.18149
4675.81,0.18253
4676.71,0.1831
4677.61,0.18212
4678.51,0.18221
4679.41,0.1813
4680.31,0.17945
4681.21,0.17932
4682.11,0.17882
4683.01,0.17839
4683.91,0.17922
4684.81,0.18063
4685.71,0.18088
4686.61,0.18177
4687.51,0.182
4688.41,0.18171
4689.31,0.18192
4690.21,0.18235
4691.11,0.18197
4692.01,0.1815
4692.91,0.18191
4693.81,0.18195
4694.71,0.18427
4695.61,0.18383
4696.51,0.18443
4697.41,0.18355
4698.31,0.1824
4699.21,0.18051
4700.12,0.17807
4701.02,0.17572
4701.92,0.17433
4702.82,0.17337
4703.72,0.17332
4704.62,0.17314
4705.52,0.1739
4706.42,0.17377
4707.32,0.17416
4708.22,0.17459
4709.12,0.1761
4710.02,0.17631
4710.92,0.17714
4711.82,0.17817
4712.72,0.17988
4713.62,0.18105
4714.52,0.18171
4715.42,0.18321
4716.32,0.18422
4717.22,0.18594
4718.12,0.18876
4719.02,0.19148
4719.92,0.19375
4720.82,0.19494
4721.72,0.19544
4722.62,0.19567
4723.52,0.195
4724.42,0.19512
4725.32,0.19316
4726.22,0.19092
4727.12,0.18817
4728.02,0.18467
4728.92,0.18248
4729.82,0.18013
4730.72,0.17844
4731.62,0.17873
4732.52,0.17845
4733.42,0.17985
4734.32,0.18178
4735.22,0.18366
4736.12,0.18374
4737.02,0.18531
4737.92,0.18655
4738.83,0.18745
4739.73,0.18841
4740.63,0.18922
4741.53,0.18933
4742.43,0.18998
4743.33,0.19047
4744.23,0.19122
4745.13,0.19294
4746.03,0.19276
4746.93,0.194
4747.83,0.19481
4748.73,0.19508
4749.63,0.19463
4750.53,0.195
4751.43,0.19364
4752.33,0.19246
4753.23,0.19138
4754.13,0.18969
4755.03,0.18893
4755.93,0.18816
4756.83,0.18726
4757.73,0.18731
4758.63,0.18724
4759.53,0.18755
4760.43,0.18613
4761.33,0.18546
4762.23,0.18343
4763.13,0.18182
4764.03,0.18016
4764.93,0.17822
4765.83,0.17799
4766.73,0.17704
4767.63,0.17712
4768.53,0.1791
4769.43,0.18057
4770.33,0.18214
4771.23,0.18434
4772.13,0.1864
4773.03,0.18745
4773.93,0.18936
4774.83,0.19091
4775.73,0.19216
4776.64,0.19291
4777.54,0.19339
4778.44,0.19377
4779.34,0.19384
4780.24,0.1924
4781.14,0.1919
4782.04,0.19076
4782.94,0.18927
4783.84,0.18697
4784.74,0.18589
4785.64,0.1848
4786.54,0.18409
4787.44,0.18422
4788.34,0.18413
4789.24,0.1845
4790.14,0.185
4791.04,0.18668
4791.94,0.18919
4792.84,0.18995
4793.74,0.19241
4794.64,0.19456
4795.54,0.1964
4796.44,0.19675
4797.34,0.19735
4798.24,0.19661
4799.14,0.19561
4800.04,0.19443
4800.94,0.19316
4801.84,0.19316
4802.74,0.19345
4803.64,0.19424
4804.54,0.19356
4805.44,0.19273
4806.34,0.19213
4807.24,0.1915
4808.14,0.19018
4809.04,0.18974
4809.94,0.19002
4810.84,0.19052
4811.74,0.19027
4812.64,0.19203
4813.54,0.19244
4814.45,0.1941
4815.35,0.19584
4816.25,0.19645
4817.15,0.19751
4818.05,0.19898
4818.95,0.19864
4819.85,0.19983
4820.75,0.19899
4821.65,0.19815
4822.55,0.19649
4823.45,0.19399
4824.35,0.19346
4825.25,0.19277
4826.15,0.19194
4827.05,0.19156
4827.95,0.19086
4828.85,0.19119
4829.75,0.19072
4830.65,0.19046
4831.55,0.18945
4832.45,0.18953
4833.35,0.19024
4834.25,0.19079
4835.15,0.19169
4836.05,0.19047
4836.95,0.19133
4837.85,0.19082
4838.75,0.19103
4839.65,0.18927
4840.55,0.18812
4841.45,0.18733
4842.35,0.18812
4843.25,0.18776
4844.15,0.18857
4845.05,0.18963
4845.95,0.19008
4846.85,0.19074
4847.75,0.19166
4848.65,0.1911
4849.55,0.19117
4850.45,0.19065
4851.35,0.19075
4852.26,0.18881
4853.16,0.18777
4854.06,0.18612
4854.96,0.18348
4855.86,0.1799
4856.76,0.17758
4857.66,0.17333
4858.56,0.1703
4859.46,0.16637
4860.36,0.16152
4861.26,0.15825
4862.16,0.15645
4863.06,0.15665
4863.96,0.15791
4864.86,0.16148
4865.76,0.1642
4866.66,0.16867
4867.56,0.1723
4868.46,0.17396
4869.36,0.17495
4870.26,0.17455
4871.16,0.1742
4872.06,0.17291
4872.96,0.17353
4873.86,0.17396
4874.76,0.17497
4875.66,0.17749
4876.56,0.1799
4877.46,0.18262
4878.36,0.18518
4879.26,0.18679
4880.16,0.18835
4881.06,0.1887
4881.96,0.18868
4882.86,0.18714
4883.76,0.18661
4884.66,0.18477
4885.56,0.18234
4886.46,0.18094
4887.36,0.179
4888.26,0.17749
4889.17,0.17629
4890.07,0.17679
4890.97,0.17627
4891.87,0.17798
4892.77,0.18021
4893.67,0.18452
4894.57,0.18862
4895.47,0.19311
4896.37,0.19734
4897.27,0.20016
4898.17,0.20251
4899.07,0.2014
4899.97,0.20173
4900.87,0.1994
4901.77,0.19865
4902.67,0.19723
4903.57,0.19686
4904.47,0.1965
4905.37,0.19589
4906.27,0.19589
4907.17,0.19676
4908.07,0.1945
4908.97,0.19395
4909.87,0.19194
4910.77,0.19065
4911.67,0.19005
4912.57,0.19061
4913.47,0.19101
4914.37,0.19121
4915.27,0.19051
4916.17,0.19094
4917.07,0.18827
4917.97,0.18476
4918.87,0.18142
4919.77,0.17749
4920.67,0.17488
4921.57,0.17346
4922.47,0.17272
4923.37,0.17477
4924.27,0.17791
4925.17,0.18122
4926.07,0.18533
4926.98,0.18871
4927.88,0.19275
4928.78,0.19619
4929.68,0.19736
4930.58,0.19861
4931.48,0.19916
4932.38,0.19789
4933.28,0.19672
4934.18,0.19362
4935.08,0.19205
4935.98,0.18994
4936.88,0.18766
4937.78,0.186
4938.68,0.18485
4939.58,0.18416
4940.48,0.18555
4941.38,0.18766
4942.28,0.19111
4943.18,0.19335
4944.08,0.19638
4944.98,0.19797
4945.88,0.20098
4946.78,0.20324
4947.68,0.20288
4948.58,0.20375
4949.48,0.20523
4950.38,0.20428
4951.28,0.20442
4952.18,0.20374
4953.08,0.20197
4953.98,0.1989
4954.88,0.19575
4955.78,0.19193
4956.68,0.18907
4957.58,0.18465
4958.48,0.18314
4959.38,0.18274
4960.28,0.18395
4961.18,0.18641
4962.08,0.18862
4962.98,0.18999
4963.88,0.19089
4964.79,0.19127
4965.69,0.19019
4966.59,0.18863
4967.49,0.18836
4968.39,0.18792
4969.29,0.18788
4970.19,0.18816
4971.09,0.18888
4971.99,0.19059
4972.89,0.19267
4973.79,0.19459
4974.69,0.19476
4975.59,0.19502
4976.49,0.19523
4977.39,0.19288
4978.29,0.19121
4979.19,0.18772
4980.09,0.1847
4980.99,0.18148
4981.89,0.17809
4982.79,0.17506
4983.69,0.17458
4984.59,0.17332
4985.49,0.17405
4986.39,0.17625
4987.29,0.17752
4988.19,0.18145
4989.09,0.18336
4989.99,0.18475
4990.89,0.18594
4991.79,0.18691
4992.69,0.18792
4993.59,0.18804
4994.49,0.18814
4995.39,0.18814
4996.29,0.18848
4997.19,0.18763
4998.09,0.18683
4998.99,0.18486
4999.89,0.18287
5000.79,0.1815
5001.7,0.17887
5002.6,0.17707
5003.5,0.17599
5004.4,0.1737
5005.3,0.17282
5006.2,0.17325
5007.1,0.17266
5008.0,0.17324
5008.9,0.17327
5009.8,0.17435
5010.7,0.17403
5011.6,0.17386
5012.5,0.17357
5013.4,0.17151
5014.3,0.17001
5015.2,0.1687
5016.1,0.16874
5017.0,0.16855
5017.9,0.16944
5018.8,0.17058
5019.7,0.17189
5020.6,0.17264
5021.5,0.174
5022.4,0.1748
5023.3,0.17553
5024.2,0.17727
5025.1,0.17785
5026.0,0.17814
5026.9,0.17999
5027.8,0.18123
5028.7,0.1827
5029.6,0.18392
5030.5,0.18564
5031.4,0.18763
5032.3,0.18822
5033.2,0.18894
5034.1,0.18904
5035.0,0.18836
5035.9,0.18641
5036.8,0.184
5037.7,0.18007
5038.6,0.17703
5039.5,0.17361
5040.41,0.17092
5041.31,0.17015
5042.21,0.17082
5043.11,0.1722
5044.01,0.17624
5044.91,0.17858
5045.81,0.1819
5046.71,0.18542
5047.61,0.18603
5048.51,0.18594
5049.41,0.18548
5050.31,0.18465
5051.21,0.1833
5052.11,0.18344
5053.01,0.18353
5053.91,0.18521
5054.81,0.18715
5055.71,0.1885
5056.61,0.1916
5057.51,0.19314
5058.41,0.19525
5059.31,0.1963
5060.21,0.19751
5061.11,0.19676
5062.01,0.19601
5062.91,0.19479
5063.81,0.19261
5064.71,0.19016
5065.61,0.18819
5066.51,0.18653
5067.41,0.18413
5068.31,0.18382
5069.21,0.18333
5070.11,0.18368
5071.01,0.18308
5071.91,0.18438
5072.81,0.18402
5073.71,0.18402
5074.61,0.18365
5075.51,0.18362
5076.42,0.18305
5077.31,0.18203
5078.21,0.18027
5079.12,0.17761
5080.02,0.17591
5080.92,0.17466
5081.82,0.17304
5082.72,0.17349
5083.62,0.17413
5084.52,0.1758
5085.42,0.17775
5086.32,0.1799
5087.22,0.18267
5088.12,0.18548
5089.02,0.18636
5089.92,0.18846
5090.82,0.19
5091.72,0.19057
5092.62,0.19085
5093.52,0.19112
5094.42,0.19057
5095.32,0.18999
5096.22,0.18774
5097.12,0.18566
5098.02,0.18389
5098.92,0.1818
5099.82,0.17989
5100.72,0.17959
5101.62,0.17983
5102.52,0.18059
5103.42,0.18129
5104.32,0.18181
5105.22,0.18131
5106.12,0.18193
5107.02,0.18019
5107.92,0.17977
5108.82,0.1785
5109.72,0.17891
5110.62,0.17942
5111.52,0.18006
5112.42,0.18259
5113.32,0.18298
5114.22,0.18579
5115.12,0.18738
5116.03,0.18962
5116.93,0.19025
5117.83,0.19175
5118.73,0.19201
5119.63,0.19078
5120.53,0.18949
5121.43,0.18781
5122.33,0.185
5123.23,0.18186
5124.13,0.17888
5125.03,0.17711
5125.93,0.17491
5126.83,0.17391
5127.73,0.17372
5128.63,0.17397
5129.53,0.175
5130.43,0.17542
5131.33,0.17755
5132.23,0.17908
5133.13,0.18014
5134.03,0.18197
5134.93,0.1828
5135.83,0.18265
5136.73,0.1827
5137.63,0.18147
5138.53,0.18056
5139.43,0.17878
5140.33,0.17787
5141.23,0.17697
5142.13,0.1763
5143.03,0.17542
5143.93,0.17507
5144.83,0.17506
5145.73,0.17465
5146.63,0.1743
5147.53,0.17494
5148.43,0.17529
5149.33,0.17427
5150.23,0.17468
5151.13,0.17461
5152.03,0.17482
5152.94,0.17541
5153.84,0.17619
5154.74,0.17728
5155.64,0.17923
5156.54,0.18124
5157.44,0.18382
5158.34,0.18502
5159.24,0.1868
5160.14,0.18638
5161.04,0.18585
5161.94,0.18372
5162.84,0.18177
5163.74,0.17668
5164.64,0.17127
5165.54,0.16557
5166.44,0.15814
5167.34,0.1519
5168.24,0.14554
5169.14,0.14153
5170.04,0.13873
5170.94,0.137
5171.84,0.13662
5172.74,0.13758
5173.64,0.13984
5174.54,0.14309
5175.44,0.14683
5176.34,0.15317
5177.24,0.15711
5178.14,0.16148
5179.04,0.16252
5179.94,0.16287
5180.84,0.16187
5181.74,0.1576
5182.64,0.15359
5183.54,0.15091
5184.44,0.1489
5185.34,0.15
5186.24,0.15218
5187.14,0.15627
5188.04,0.1599
5188.94,0.16504
5189.84,0.16778
5190.75,0.17151
5191.65,0.17251
5192.55,0.17208
5193.45,0.17323
5194.35,0.17226
5195.25,0.17396
5196.15,0.174
5197.05,0.17614
5197.95,0.17833
5198.85,0.18012
5199.75,0.18171
5200.65,0.18254
5201.55,0.18212
5202.45,0.18115
5203.35,0.17871
5204.25,0.17625
5205.15,0.17304
5206.05,0.16932
5206.95,0.16664
5207.85,0.16493
5208.75,0.16382
5209.65,0.16543
5210.55,0.16673
5211.45,0.1703
5212.35,0.17277
5213.25,0.17698
5214.15,0.17977
5215.05,0.18215
5215.95,0.18386
5216.85,0.18611
5217.75,0.18614
5218.65,0.18754
5219.55,0.18836
5220.45,0.19006
5221.35,0.19003
5222.25,0.18829
5223.15,0.18615
5224.05,0.18422
5224.95,0.18157
5225.85,0.17855
5226.75,0.17589
5227.66,0.17436
5228.56,0.17408
5229.46,0.17533
5230.36,0.17758
5231.26,0.17958
5232.16,0.18214
5233.06,0.18433
5233.96,0.18535
5234.86,0.1869
5235.76,0.18808
5236.66,0.18988
5237.56,0.19249
5238.46,0.19363
5239.36,0.19548
5240.26,0.19689
5241.16,0.19794
5242.06,0.19791
5242.96,0.19847
5243.86,0.19795
5244.76,0.19705
5245.66,0.19531
5246.56,0.19385
5247.46,0.19138
5248.36,0.18964
5249.26,0.18784
5250.16,0.18655
5251.06,0.18675
5251.96,0.18569
5252.86,0.18572
5253.76,0.18701
5254.66,0.18738
5255.56,0.18924
5256.46,0.19127
5257.36,0.19366
5258.26,0.19441
5259.16,0.19361
5260.06,0.19357
5260.96,0.19018
5261.86,0.18737
5262.76,0.18329
5263.66,0.17809
5264.56,0.17321
5265.47,0.16792
5266.37,0.16497
5267.27,0.16203
5268.17,0.15978
5269.07,0.15912
5269.97,0.15974
5270.87,0.16135
5271.77,0.1634
5272.67,0.16623
5273.57,0.17064
5274.47,0.17466
5275.37,0.17851
5276.27,0.1829
5277.17,0.18578
5278.07,0.18878
5278.97,0.19196
5279.87,0.19261
5280.77,0.19355
5281.67,0.19388
5282.57,0.19331
5283.47,0.19317
5284.37,0.1935
5285.27,0.19534
5286.17,0.19753
5287.07,0.19996
5287.97,0.20284
5288.87,0.20439
5289.77,0.20658
5290.67,0.20707
5291.57,0.2075
5292.47,0.2067
5293.37,0.20544
5294.27,0.20464
5295.17,0.20145
5296.07,0.19839
5296.97,0.19494
5297.87,0.19284
5298.77,0.19093
5299.67,0.1906
5300.57,0.18926
5301.48,0.19169
5302.38,0.19428
5303.27,0.19616
5304.18,0.19941
5305.08,0.20281
5305.98,0.2038
5306.88,0.20603
5307.78,0.20783
5308.68,0.20807
5309.58,0.20975
5310.48,0.21027
5311.38,0.20995
5312.28,0.20949
5313.18,0.20894
5314.08,0.20859
5314.98,0.20733
5315.88,0.20697
5316.78,0.20514
5317.68,0.20441
5318.58,0.2038
5319.48,0.20247
5320.38,0.20143
5321.28,0.20069
5322.18,0.19805
5323.08,0.19612
5323.98,0.1935
5324.88,0.1907
5325.78,0.18727
5326.68,0.18368
5327.58,0.18079
5328.48,0.17898
5329.38,0.17757
5330.28,0.17901
5331.18,0.18028
5332.08,0.1832
5332.98,0.18665
5333.88,0.19231
5334.78,0.19481
5335.68,0.19749
5336.58,0.19834
5337.48,0.19959
5338.38,0.1986
5339.28,0.19772
5340.19,0.19728
5341.08,0.19617
5341.99,0.19494
5342.89,0.19564
5343.79,0.19545
5344.69,0.19458
5345.59,0.19537
5346.49,0.19577
5347.39,0.19674
5348.29,0.19732
5349.19,0.1971
5350.09,0.19938
5350.99,0.20023
5351.89,0.20232
5352.79,0.20399
5353.69,0.20651
5354.59,0.20868
5355.49,0.21101
5356.39,0.21432
5357.29,0.21328
5358.19,0.21422
5359.09,0.21475
5359.99,0.21395
5360.89,0.21303
5361.79,0.21184
5362.69,0.2096
5363.59,0.20741
5364.49,0.20527
5365.39,0.20241
5366.29,0.20053
5367.19,0.19833
5368.09,0.19554
5368.99,0.19461
5369.89,0.19195
5370.79,0.19119
5371.69,0.19136
5372.59,0.19143
5373.49,0.19322
5374.39,0.1959
5375.29,0.19823
5376.19,0.20099
5377.09,0.20378
5378.0,0.20512
5378.9,0.20646
5379.8,0.20713
5380.7,0.20699
5381.6,0.20686
5382.5,0.20594
5383.4,0.2059
5384.3,0.20488
5385.2,0.20512
5386.1,0.20433
5387.0,0.20434
5387.9,0.20284
5388.8,0.20189
5389.7,0.20145
5390.6,0.1999
5391.5,0.19761
5392.4,0.19659
5393.3,0.19415
5394.2,0.19251
5395.1,0.19213
5396.0,0.19092
5396.9,0.18914
5397.8,0.18928
5398.7,0.18921
5399.6,0.19015
5400.5,0.19042
5401.4,0.18969
5402.3,0.19033
5403.2,0.18905
5404.1,0.18728
5405.0,0.18732
5405.9,0.1855
5406.8,0.18385
5407.7,0.18375
5408.6,0.18414
5409.5,0.18486
5410.4,0.18702
5411.3,0.18859
5412.2,0.1915
5413.1,0.19415
5414.0,0.19661
5414.9,0.19862
5415.81,0.20232
5416.71,0.20274
5417.61,0.20423
5418.51,0.20485
5419.41,0.20543
5420.31,0.20445
5421.21,0.20413
5422.11,0.20351
5423.01,0.20319
5423.91,0.20281
5424.81,0.20167
5425.71,0.20117
5426.61,0.20121
5427.51,0.19964
5428.41,0.19841
5429.31,0.19836
5430.21,0.1964
5431.11,0.19454
5432.01,0.1938
5432.91,0.19214
5433.81,0.19148
5434.71,0.19128
5435.61,0.19273
5436.51,0.19443
5437.41,0.1965
5438.31,0.19852
5439.21,0.20108
5440.11,0.20368
5441.01,0.2058
5441.91,0.20716
5442.81,0.20663
5443.71,0.20654
5444.61,0.2055
5445.51,0.20287
5446.41,0.20044
5447.31,0.19821
5448.21,0.19755
5449.11,0.19552
5450.01,0.19605
5450.91,0.19594
5451.81,0.19643
5452.72,0.19659
5453.62,0.19563
5454.52,0.19609
5455.42,0.19448
5456.32,0.19419
5457.22,0.19437
5458.12,0.19502
5459.02,0.19542
5459.92,0.19636
5460.82,0.19666
5461.72,0.19717
5462.62,0.1969
5463.52,0.19736
5464.42,0.1969
5465.32,0.19686
5466.22,0.19683
5467.12,0.19705
5468.02,0.19804
5468.92,0.19793
5469.82,0.19873
5470.72,0.19809
5471.62,0.19653
5472.52,0.19554
5473.42,0.19399
5474.32,0.19236
5475.22,0.19118
5476.12,0.19076
5477.02,0.18926
5477.92,0.18943
5478.82,0.18958
5479.72,0.18906
5480.62,0.18994
5481.52,0.19033
5482.42,0.19113
5483.32,0.193
5484.22,0.19387
5485.12,0.19543
5486.02,0.19607
5486.92,0.19792
5487.82,0.19736
5488.72,0.19834
5489.62,0.19861
5490.53,0.19841
5491.43,0.19865
5492.33,0.19857
5493.23,0.19927
5494.13,0.19924
5495.03,0.19922
5495.93,0.19988
5496.83,0.19895
5497.73,0.19884
5498.63,0.19958
5499.53,0.19809
5500.43,0.19878
5501.33,0.19766
5502.23,0.19765
5503.13,0.1961
5504.03,0.19657
5504.93,0.19597
5505.83,0.19473
5506.73,0.19504
5507.63,0.19444
5508.53,0.1939
5509.43,0.19399
5510.33,0.19391
5511.23,0.19347
5512.13,0.193
5513.03,0.19349
5513.93,0.19313
5514.83,0.1926
5515.73,0.19298
5516.63,0.19503
5517.53,0.19588
5518.43,0.19748
5519.33,0.19995
5520.23,0.20172
5521.13,0.20301
5522.03,0.20369
5522.93,0.20387
5523.83,0.20339
5524.73,0.20225
5525.63,0.20102
5526.54,0.20079
5527.44,0.19865
5528.33,0.19792
5529.24,0.19619
5530.14,0.19644
5531.04,0.19663
5531.94,0.19709
5532.84,0.19697
5533.74,0.19822
5534.64,0.19956
5535.54,0.19945
5536.44,0.20044
5537.34,0.20061
5538.24,0.20108
5539.14,0.2017
5540.04,0.20244
5540.94,0.20371
5541.84,0.20378
5542.74,0.20384
5543.64,0.20413
5544.54,0.20339
5545.44,0.20478
5546.34,0.20475
5547.24,0.20543
5548.14,0.20539
5549.04,0.20619
5549.94,0.20683
5550.84,0.20629
5551.74,0.20746
5552.64,0.20723
5553.54,0.20623
5554.44,0.20607
5555.34,0.20575
5556.24,0.2051
5557.14,0.20436
5558.04,0.20408
5558.94,0.20357
5559.84,0.20268
5560.74,0.20174
5561.64,0.20121
5562.54,0.20032
5563.44,0.19876
5564.34,0.19956
5565.25,0.19793
5566.15,0.19766
5567.05,0.1966
5567.95,0.19729
5568.85,0.19653
5569.75,0.1968
5570.65,0.19744
5571.55,0.19701
5572.45,0.19737
5573.35,0.1983
5574.25,0.19832
5575.15,0.19949
5576.05,0.20048
5576.95,0.20069
5577.85,0.20112
5578.75,0.20235
5579.65,0.20295
5580.55,0.20216
5581.45,0.20191
5582.35,0.20092
5583.25,0.19982
5584.15,0.19864
5585.05,0.19712
5585.95,0.1947
5586.85,0.19314
5587.75,0.19021
5588.65,0.18907
5589.55,0.18699
5590.45,0.18716
5591.35,0.18757
5592.25,0.18811
5593.15,0.18939
5594.05,0.19099
5594.95,0.19167
5595.85,0.19366
5596.75,0.19401
5597.65,0.19452
5598.55,0.19494
5599.45,0.19389
5600.35,0.19335
5601.25,0.19329
5602.15,0.19302
5603.06,0.19316
5603.96,0.19533
5604.86,0.19613
5605.76,0.19882
5606.66,0.20043
5607.56,0.20285
5608.46,0.20444
5609.36,0.20613
5610.26,0.20639
5611.16,0.20569
5612.06,0.20468
5612.96,0.20445
5613.86,0.20221
5614.76,0.19976
5615.66,0.19778
5616.56,0.19637
5617.46,0.1959
5618.36,0.19417
5619.26,0.1942
5620.16,0.19453
5621.06,0.19492
5621.96,0.19602
5622.86,0.19642
5623.76,0.19601
5624.66,0.1959
5625.56,0.19655
5626.46,0.19622
5627.36,0.19677
5628.26,0.19838
5629.16,0.19876
5630.06,0.20084
5630.96,0.2016
5631.86,0.20197
5632.76,0.20193
5633.66,0.20275
5634.56,0.20292
5635.46,0.20195
5636.36,0.2014
5637.26,0.20049
5638.16,0.19904
5639.06,0.19784
5639.96,0.19742
5640.86,0.19689
5641.77,0.19704
5642.67,0.19783
5643.57,0.19757
5644.47,0.19805
5645.37,0.19825
5646.27,0.19877
5647.17,0.19955
5648.07,0.19978
5648.97,0.20012
5649.87,0.20169
5650.77,0.20116
5651.67,0.20148
5652.57,0.20044
5653.47,0.20066
5654.37,0.2002
5655.27,0.19867
5656.17,0.19769
5657.07,0.19604
5657.97,0.19497
5658.87,0.19357
5659.77,0.19263
5660.67,0.19333
5661.57,0.19201
5662.47,0.19266
5663.37,0.19426
5664.27,0.19466
5665.17,0.19677
5666.07,0.19628
5666.97,0.19753
5667.87,0.19824
5668.77,0.1995
5669.67,0.20029
5670.57,0.20028
5671.47,0.20094
5672.37,0.20206
5673.27,0.20323
5674.17,0.20438
5675.07,0.20532
5675.97,0.20611
5676.88,0.20612
5677.77,0.20623
5678.68,0.2064
5679.58,0.20515
5680.48,0.20451
5681.38,0.20336
5682.28,0.20265
5683.18,0.20215
5684.08,0.20081
5684.98,0.20053
5685.88,0.19884
5686.78,0.19887
5687.68,0.19919
5688.58,0.19934
5689.48,0.19951
5690.38,0.20111
5691.28,0.20155
5692.18,0.20303
5693.08,0.2043
5693.98,0.20506
5694.88,0.20422
5695.78,0.20481
5696.68,0.20432
5697.58,0.20349
5698.48,0.20304
5699.38,0.20132
5700.28,0.20088
5701.18,0.19927
5702.08,0.19764
5702.98,0.19718
5703.88,0.19652
5704.78,0.19632
5705.68,0.1951
5706.58,0.19254
5707.48,0.19286
5708.38,0.19194
5709.28,0.19124
5710.18,0.19115
5711.08,0.19083
5711.98,0.1909
5712.88,0.19296
5713.78,0.19492
5714.68,0.19651
5715.59,0.19781
5716.49,0.2006
5717.39,0.20209
5718.29,0.20466
5719.19,0.20506
5720.09,0.20678
5720.99,0.20795
5721.89,0.20871
5722.79,0.20953
5723.69,0.20963
5724.59,0.20979
5725.49,0.21025
5726.39,0.21028
5727.29,0.20894
5728.19,0.20831
5729.09,0.20798
5729.99,0.20803
5730.89,0.20812
5731.79,0.20769
5732.69,0.2081
5733.59,0.20727
5734.49,0.20873
5735.39,0.20854
5736.29,0.20889
5737.19,0.20919
5738.09,0.2104
5738.99,0.20956
5739.89,0.20985
5740.79,0.20863
5741.69,0.20903
5742.59,0.20952
5743.49,0.20951
5744.39,0.21003
5745.29,0.20946
5746.19,0.20952
5747.09,0.20891
5747.99,0.20811
5748.89,0.20815
5749.79,0.2083
5750.69,0.20687
5751.59,0.20669
5752.5,0.20606
5753.4,0.20595
5754.3,0.20519
5755.2,0.20482
5756.1,0.20534
5757.0,0.20526
5757.9,0.20553
5758.8,0.20559
5759.7,0.20619
5760.6,0.20559
5761.5,0.2052
5762.4,0.20529
5763.3,0.2055
5764.2,0.20568
5765.1,0.20568
5766.0,0.20709
5766.9,0.20656
5767.8,0.20944
5768.7,0.20928
5769.6,0.21061
5770.5,0.21044
5771.4,0.21009
5772.3,0.21036
5773.2,0.20961
5774.1,0.20964
5775.0,0.20841
5775.9,0.20769
5776.8,0.20734
5777.7,0.20656
5778.6,0.20544
5779.5,0.20434
5780.4,0.20262
5781.3,0.20069
5782.2,0.19892
5783.1,0.19716
5784.0,0.19631
5784.9,0.19614
5785.8,0.19597
5786.7,0.19629
5787.6,0.19654
5788.5,0.19729
5789.41,0.19926
5790.31,0.2007
5791.21,0.20292
5792.11,0.20453
5793.01,0.20527
5793.91,0.20542
5794.81,0.20807
5795.71,0.2072
5796.61,0.20856
5797.51,0.20954
5798.41,0.20938
5799.31,0.21016
5800.21,0.21109
5801.11,0.21184
5802.01,0.21123
5802.91,0.21115
5803.81,0.21055
5804.71,0.21084
5805.61,0.21149
5806.51,0.2108
5807.41,0.20979
5808.31,0.20979
5809.21,0.21072
5810.11,0.21059
5811.01,0.20945
5811.91,0.20953
5812.81,0.21018
5813.71,0.2107
5814.61,0.21005
5815.51,0.20944
5816.41,0.21007
5817.31,0.21034
5818.21,0.20993
5819.11,0.21011
5820.01,0.21076
5820.91,0.21152
5821.81,0.21213
5822.71,0.21172
5823.61,0.21367
5824.51,0.214
5825.41,0.21292
5826.31,0.21455
5827.22,0.21411
5828.12,0.21312
5829.02,0.2135
5829.92,0.2133
5830.82,0.21371
5831.72,0.21328
5832.62,0.2137
5833.52,0.21367
5834.42,0.21277
5835.32,0.21188
5836.22,0.21285
5837.12,0.21276
5838.02,0.21271
5838.92,0.21156
5839.82,0.21335
5840.72,0.21207
5841.62,0.21295
5842.52,0.21365
5843.42,0.21327
5844.32,0.21284
5845.22,0.21264
5846.12,0.21206
5847.02,0.21143
5847.92,0.21061
5848.82,0.20955
5849.72,0.20756
5850.62,0.20666
5851.52,0.20621
5852.42,0.20525
5853.32,0.20362
5854.22,0.20264
5855.12,0.20207
5856.02,0.2004
5856.92,0.19908
5857.82,0.19948
5858.72,0.19814
5859.62,0.19853
5860.52,0.19961
5861.42,0.19954
5862.32,0.19996
5863.23,0.20045
5864.12,0.20119
5865.03,0.20255
5865.93,0.20256
5866.83,0.20333
5867.73,0.20408
5868.63,0.20473
5869.53,0.20527
5870.43,0.20601
5871.33,0.2065
5872.23,0.20549
5873.13,0.20658
5874.03,0.20724
5874.93,0.2072
5875.83,0.20624
5876.73,0.20538
5877.63,0.20575
5878.53,0.20441
5879.43,0.20368
5880.33,0.20248
5881.23,0.20131
5882.13,0.2007
5883.03,0.1982
5883.93,0.19649
5884.83,0.19445
5885.73,0.19224
5886.63,0.18814
5887.53,0.18506
5888.43,0.1803
5889.33,0.1756
5890.23,0.17177
5891.13,0.16693
5892.03,0.16478
5892.93,0.16344
5893.83,0.16294
5894.73,0.16382
5895.63,0.1631
5896.53,0.16553
5897.43,0.1676
5898.33,0.17142
5899.23,0.17482
5900.13,0.17798
5901.04,0.18209
5901.94,0.18652
5902.83,0.1902
5903.74,0.19281
5904.64,0.19438
5905.54,0.19609
5906.44,0.19846
5907.34,0.19963
5908.24,0.19978
5909.14,0.20018
5910.04,0.20068
5910.94,0.20027
5911.84,0.20068
5912.74,0.2004
5913.64,0.19905
5914.54,0.19992
5915.44,0.19909
5916.34,0.19915
5917.24,0.19903
5918.14,0.19909
5919.04,0.1988
5919.94,0.20016
5920.84,0.20103
5921.74,0.20048
5922.64,0.20095
5923.54,0.20197
5924.44,0.20223
5925.34,0.2024
5926.24,0.20266
5927.14,0.20204
5928.04,0.20177
5928.94,0.20229
5929.84,0.20242
5930.74,0.20126
5931.64,0.20167
5932.54,0.20156
5933.44,0.20163
5934.34,0.20143
5935.24,0.20179
5936.14,0.20222
5937.04,0.20294
5937.94,0.20226
5938.85,0.20267
5939.75,0.20337
5940.65,0.20306
5941.55,0.20243
5942.45,0.20247
5943.35,0.20296
5944.25,0.20336
5945.15,0.20234
5946.05,0.20318
5946.95,0.2024
5947.85,0.20267
5948.75,0.20259
5949.65,0.20226
5950.55,0.20162
5951.45,0.20199
5952.35,0.20084
5953.25,0.2007
5954.15,0.20073
5955.05,0.20029
5955.95,0.20079
5956.85,0.20024
5957.75,0.20105
5958.65,0.20136
5959.55,0.20146
5960.45,0.20136
5961.35,0.20309
5962.25,0.20443
5963.15,0.20478
5964.05,0.20543
5964.95,0.20543
5965.85,0.20516
5966.75,0.20657
5967.65,0.20587
5968.55,0.20664
5969.45,0.2068
5970.35,0.20709
5971.25,0.20702
5972.15,0.2061
5973.05,0.2065
5973.95,0.20597
5974.85,0.20605
5975.75,0.20532
5976.65,0.20405
5977.56,0.20391
5978.46,0.20334
5979.36,0.20256
5980.26,0.20227
5981.16,0.20169
5982.06,0.20203
5982.96,0.20115
5983.86,0.20113
5984.76,0.20101
5985.66,0.20036
5986.56,0.20103
5987.46,0.2011
5988.36,0.20219
5989.26,0.20146
5990.16,0.20213
5991.06,0.20264
5991.96,0.20377
5992.86,0.20458
5993.76,0.20488
5994.66,0.20449
5995.56,0.20506
5996.46,0.20451
5997.36,0.20484
5998.26,0.20434
5999.16,0.20337
6000.06,0.20354
6000.96,0.20293
6001.86,0.20226
6002.76,0.20258
6003.66,0.20155
6004.56,0.20124
6005.46,0.20114
6006.36,0.20054
6007.26,0.20028
6008.16,0.20044
6009.06,0.20028
6009.96,0.20046
6010.86,0.19986
6011.76,0.20037
6012.67,0.20037
6013.56,0.20063
6014.47,0.1998
6015.37,0.20037
6016.27,0.20023
6017.17,0.19982
6018.07,0.19904
6018.97,0.19962
6019.87,0.19983
6020.77,0.19878
6021.67,0.19887
6022.57,0.19974
6023.47,0.19961
6024.37,0.20083
6025.27,0.20108
6026.17,0.20158
6027.07,0.20313
6027.97,0.20467
6028.87,0.20542
6029.77,0.20517
6030.67,0.20644
6031.57,0.20738
6032.47,0.20711
6033.37,0.20857
6034.27,0.20881
6035.17,0.20889
6036.07,0.2098
6036.97,0.20949
6037.87,0.20933
6038.77,0.20973
6039.67,0.21002
6040.57,0.21012
6041.47,0.20968
6042.37,0.20937
6043.27,0.21014
6044.17,0.21028
6045.07,0.21032
6045.97,0.2108
6046.87,0.21099
6047.77,0.21117
6048.67,0.21183
6049.57,0.21194
6050.47,0.21213
6051.38,0.21135
6052.28,0.21152
6053.18,0.21008
6054.08,0.21052
6054.98,0.20902
6055.88,0.20895
6056.78,0.20791
6057.68,0.20807
6058.58,0.20679
6059.48,0.20731
6060.38,0.20671
6061.28,0.20808
6062.18,0.20706
6063.08,0.20646
6063.98,0.2067
6064.88,0.20657
6065.78,0.20619
6066.68,0.20662
6067.58,0.20751
6068.48,0.20802
6069.38,0.20865
6070.28,0.21031
6071.18,0.21085
6072.08,0.21147
6072.98,0.21215
6073.88,0.21235
6074.78,0.21246
6075.68,0.21232
6076.58,0.21107
6077.48,0.20951
6078.38,0.20997
6079.28,0.20806
6080.18,0.20761
6081.08,0.20666
6081.98,0.20503
6082.88,0.20536
6083.78,0.20427
6084.68,0.20483
6085.58,0.20408
6086.48,0.20419
6087.38,0.20384
6088.28,0.20369
6089.19,0.2038
6090.09,0.20408
6090.99,0.20402
6091.89,0.20361
6092.79,0.20377
6093.69,0.20439
6094.59,0.2047
6095.49,0.20391
6096.39,0.20623
6097.29,0.20498
6098.19,0.20575
6099.09,0.20598
6099.99,0.20488
6100.89,0.20424
6101.79,0.20279
6102.69,0.20229
6103.59,0.20175
6104.49,0.20097
6105.39,0.20143
6106.29,0.20203
6107.19,0.20202
6108.09,0.20371
6108.99,0.2043
6109.89,0.20489
6110.79,0.20633
6111.69,0.20624
6112.59,0.20688
6113.49,0.20799
6114.39,0.20742
6115.29,0.20854
6116.19,0.20719
6117.09,0.20627
6117.99,0.20599
6118.89,0.20529
6119.79,0.20478
6120.69,0.20332
6121.59,0.20141
6122.49,0.20174
6123.39,0.2006
6124.29,0.20032
6125.19,0.19988
6126.1,0.20151
6127.0,0.20174
6127.9,0.20207
6128.8,0.20341
6129.7,0.20421
6130.6,0.20396
6131.5,0.20378
6132.4,0.20318
6133.3,0.20235
6134.2,0.20183
6135.1,0.20088
6136.0,0.1994
6136.9,0.19824
6137.8,0.19695
6138.7,0.1968
6139.6,0.19704
6140.5,0.1976
6141.4,0.19795
6142.3,0.19947
6143.2,0.20199
6144.1,0.20252
6145.0,0.20298
6145.9,0.20457
6146.8,0.2059
6147.7,0.2054
6148.6,0.20502
6149.5,0.20519
6150.4,0.20422
6151.3,0.20356
6152.2,0.20329
6153.1,0.20305
6154.0,0.20216
6154.9,0.20163
6155.8,0.2009
6156.7,0.19907
6157.6,0.19755
6158.5,0.1964
6159.4,0.19453
6160.3,0.19274
6161.2,0.18986
6162.1,0.18798
6163.01,0.18571
6163.91,0.18487
6164.81,0.18409
6165.71,0.18371
6166.61,0.18409
6167.51,0.18511
6168.41,0.18613
6169.31,0.18562
6170.21,0.18712
6171.11,0.18756
6172.01,0.18792
6172.91,0.18938
6173.81,0.1907
6174.71,0.19201
6175.61,0.19327
6176.51,0.19448
6177.41,0.19521
6178.31,0.19585
6179.21,0.19627
6180.11,0.19788
6181.01,0.19682
6181.91,0.19863
6182.81,0.19783
6183.71,0.19794
6184.61,0.1983
6185.51,0.19688
6186.41,0.19608
6187.31,0.19513
6188.21,0.1943
6189.11,0.19344
6190.01,0.19178
6190.91,0.19185
6191.81,0.19086
6192.71,0.1915
6193.61,0.19163
6194.51,0.19228
6195.41,0.19242
6196.31,0.19334
6197.21,0.19472
6198.11,0.19484
6199.01,0.19519
6199.92,0.19597
6200.82,0.19552
6201.72,0.19725
6202.62,0.19766
6203.52,0.19783
6204.42,0.19848
6205.32,0.19955
6206.22,0.19868
6207.12,0.19902
6208.02,0.1993
6208.92,0.19896
6209.82,0.19762
6210.72,0.19803
6211.62,0.19601
6212.52,0.1947
6213.42,0.193
6214.32,0.1917
6215.22,0.1905
6216.12,0.18869
6217.02,0.18834
6217.92,0.18756
6218.82,0.18664
6219.72,0.18737
6220.62,0.18751
6221.52,0.18803
6222.42,0.18849
6223.32,0.18866
6224.22,0.18924
6225.12,0.18901
6226.02,0.18928
6226.92,0.18825
6227.82,0.18864
6228.72,0.18836
6229.62,0.18818
6230.52,0.18744
6231.42,0.18665
6232.32,0.18707
6233.22,0.18686
6234.12,0.187
6235.02,0.18753
6235.92,0.18861
6236.83,0.18946
6237.73,0.1887
6238.63,0.18983
6239.53,0.18861
6240.43,0.18869
6241.33,0.18867
6242.23,0.18718
6243.13,0.18623
6244.03,0.18678
6244.93,0.1858
6245.83,0.18542
6246.73,0.18573
6247.63,0.18733
6248.53,0.18657
6249.43,0.18758
6250.33,0.18748
6251.23,0.1872
6252.13,0.18677
6253.03,0.18603
6253.93,0.18565
6254.83,0.18404
6255.73,0.18297
6256.63,0.18252
6257.53,0.18253
6258.43,0.18177
6259.33,0.18222
6260.23,0.18308
6261.13,0.1847
6262.03,0.18575
6262.93,0.18649
6263.83,0.18767
6264.73,0.18881
6265.63,0.19044
6266.53,0.19117
6267.43,0.19274
6268.33,0.19234
6269.23,0.19273
6270.13,0.19302
6271.03,0.19318
6271.93,0.19378
6272.83,0.19383
6273.73,0.19385
6274.64,0.19457
6275.54,0.19415
6276.44,0.19433
6277.34,0.19576
6278.24,0.19501
6279.14,0.19406
6280.04,0.19432
6280.94,0.19415
6281.84,0.19428
6282.74,0.19429
6283.64,0.19479
6284.54,0.19587
6285.44,0.19649
6286.34,0.19729
6287.24,0.1975
6288.14,0.19795
6289.04,0.19825
6289.94,0.19849
6290.84,0.19795
6291.74,0.19797
6292.64,0.19732
6293.54,0.19744
6294.44,0.19589
6295.34,0.19522
6296.24,0.1953
6297.14,0.19415
6298.04,0.19293
6298.94,0.19234
6299.84,0.19172
6300.74,0.19273
6301.64,0.19136
6302.54,0.19236
6303.44,0.19237
6304.34,0.19253
6305.24,0.19392
6306.14,0.19384
6307.04,0.19539
6307.94,0.19483
6308.84,0.19711
6309.74,0.19637
6310.64,0.19667
6311.54,0.19631
6312.45,0.19548
6313.35,0.19515
6314.25,0.19543
6315.15,0.19406
6316.05,0.19365
6316.95,0.19232
6317.85,0.19179
6318.75,0.19127
6319.65,0.19201
6320.55,0.19229
6321.45,0.19313
6322.35,0.19367
6323.25,0.19439
6324.15,0.19525
6325.05,0.19643
6325.95,0.19765
6326.85,0.19773
6327.75,0.19834
6328.65,0.19928
6329.55,0.19964
6330.45,0.19967
6331.35,0.19921
6332.25,0.19961
6333.15,0.19887
6334.05,0.19774
6334.95,0.19884
6335.85,0.19725
6336.75,0.19727
6337.65,0.19658
6338.55,0.19577
6339.45,0.19556
6340.35,0.19467
6341.25,0.19495
6342.15,0.1964
6343.05,0.19562
6343.95,0.19641
6344.85,0.19685
6345.75,0.19717
6346.65,0.19783
6347.55,0.19807
6348.46,0.19826
6349.35,0.19871
6350.26,0.19866
6351.16,0.19904
6352.06,0.19833
6352.96,0.1981
6353.86,0.1989
6354.76,0.19732
6355.66,0.19681
6356.56,0.1959
6357.46,0.19468
6358.36,0.19258
6359.26,0.1914
6360.16,0.19044
6361.06,0.19009
6361.96,0.18981
6362.86,0.18907
6363.76,0.18988
6364.66,0.18988
6365.56,0.19092
6366.46,0.19221
6367.36,0.19379
6368.26,0.19509
6369.16,0.1964
6370.06,0.19839
6370.96,0.1995
6371.86,0.19997
6372.76,0.20011
6373.66,0.2018
6374.56,0.20169
6375.46,0.20157
6376.36,0.20278
6377.26,0.2033
6378.16,0.20178
6379.06,0.20179
6379.96,0.20101
6380.86,0.20139
6381.76,0.20132
6382.66,0.2016
6383.56,0.2
6384.46,0.20039
6385.36,0.20037
6386.27,0.20096
6387.17,0.2006
6388.07,0.20066
6388.97,0.20092
6389.87,0.20055
6390.77,0.19982
6391.67,0.1993
6392.57,0.19948
6393.47,0.19854
6394.37,0.19842
6395.27,0.1973
6396.17,0.19739
6397.07,0.19753
6397.97,0.19794
6398.87,0.1976
6399.77,0.19719
6400.67,0.19771
6401.57,0.19771
6402.47,0.19799
6403.37,0.19844
6404.27,0.19925
6405.17,0.20012
6406.07,0.1999
6406.97,0.20025
6407.87,0.20041
6408.77,0.19992
6409.67,0.19972
6410.57,0.19972
6411.47,0.1995
6412.37,0.19882
6413.27,0.1984
6414.17,0.19878
6415.07,0.19836
6415.97,0.19933
6416.87,0.19818
6417.77,0.19863
6418.67,0.1989
6419.57,0.19854
6420.47,0.1981
6421.37,0.19807
6422.27,0.19898
6423.17,0.19889
6424.08,0.19931
6424.98,0.20056
6425.88,0.20075
6426.78,0.20061
6427.68,0.20187
6428.58,0.20216
6429.48,0.20108
6430.38,0.20182
6431.28,0.20077
6432.18,0.20067
6433.08,0.20099
6433.98,0.20016
6434.88,0.20146
6435.78,0.20042
6436.68,0.20054
6437.58,0.20118
6438.48,0.20221
6439.38,0.20134
6440.28,0.20216
6441.18,0.2025
6442.08,0.20202
6442.98,0.2043
6443.88,0.20374
6444.78,0.20393
6445.68,0.20403
6446.58,0.20301
6447.48,0.20284
6448.38,0.2015
6449.28,0.20112
6450.18,0.20039
6451.08,0.19925
6451.98,0.19884
6452.88,0.19886
6453.78,0.1992
6454.68,0.19912
6455.58,0.19945
6456.48,0.20056
6457.38,0.20145
6458.28,0.20153
6459.18,0.20189
6460.08,0.20193
6460.98,0.20131
6461.89,0.20125
6462.79,0.2019
6463.69,0.20137
6464.59,0.20175
6465.49,0.20169
6466.39,0.20117
6467.29,0.20225
6468.19,0.20275
6469.09,0.20211
6469.99,0.20269
6470.89,0.20271
6471.79,0.20372
6472.69,0.20253
6473.59,0.20187
6474.49,0.20297
6475.39,0.20262
6476.29,0.20215
6477.19,0.20172
6478.09,0.20185
6478.99,0.20092
6479.89,0.20042
6480.79,0.20089
6481.69,0.20008
6482.59,0.19934
6483.49,0.2001
6484.39,0.19899
6485.29,0.19906
6486.19,0.19891
6487.09,0.1983
6487.99,0.19849
6488.89,0.19734
6489.79,0.19734
6490.69,0.19564
6491.59,0.19398
6492.49,0.19225
6493.39,0.19002
6494.29,0.18781
6495.19,0.18644
6496.09,0.18516
6496.99,0.18292
6497.9,0.18326
6498.79,0.18259
6499.7,0.18415
6500.6,0.1859
6501.5,0.18645
6502.4,0.18875
6503.3,0.19128
6504.2,0.19281
6505.1,0.19511
6506.0,0.19669
6506.9,0.198
6507.8,0.19873
6508.7,0.19924
6509.6,0.1999
6510.5,0.20058
6511.4,0.19971
6512.3,0.2002
6513.2,0.19945
6514.1,0.19952
6515.0,0.19948
6515.9,0.19895
6516.8,0.19928
6517.7,0.19933
6518.6,0.19919
6519.5,0.19908
6520.4,0.19773
6521.3,0.19894
6522.2,0.19941
6523.1,0.19998
6524.0,0.19979
6524.9,0.19995
6525.8,0.20025
6526.7,0.20077
6527.6,0.20081
6528.5,0.20042
6529.4,0.20042
6530.3,0.20074
6531.2,0.20081
6532.1,0.20079
6533.0,0.2007
6533.9,0.20006
6534.8,0.20022
6535.71,0.20112
6536.61,0.2015
6537.51,0.20148
6538.41,0.20094
6539.31,0.20227
6540.21,0.20166
6541.11,0.20109
6542.01,0.20145
6542.91,0.20142
6543.81,0.20047
6544.71,0.19836
6545.61,0.1985
6546.51,0.19682
6547.41,0.19763
6548.31,0.19602
6549.21,0.19532
6550.11,0.1952
6551.01,0.19415
6551.91,0.19282
6552.81,0.1924
6553.71,0.1923
6554.61,0.1917
6555.51,0.18955
6556.41,0.18805
6557.31,0.18598
6558.21,0.18346
6559.11,0.18206
6560.01,0.17906
6560.91,0.17569
6561.81,0.17303
6562.71,0.17091
6563.61,0.1696
6564.51,0.16923
6565.41,0.169
6566.31,0.17089
6567.21,0.17349
6568.11,0.17492
6569.01,0.17788
6569.91,0.17991
6570.81,0.18251
6571.71,0.18524
6572.61,0.1865
6573.52,0.18713
6574.42,0.18894
6575.32,0.18945
6576.22,0.1902
6577.12,0.19033
6578.02,0.19135
6578.92,0.19235
6579.82,0.19334
6580.72,0.19429
6581.62,0.19479
6582.52,0.19543
6583.42,0.19528
6584.32,0.19608
6585.22,0.1962
6586.12,0.19707
6587.02,0.1966
6587.92,0.19727
6588.82,0.19678
6589.72,0.19597
6590.62,0.19518
6591.52,0.19556
6592.42,0.19447
6593.32,0.19382
6594.22,0.19264
6595.12,0.1928
6596.02,0.19215
6596.92,0.19238
6597.82,0.19275
6598.72,0.19323
6599.62,0.19368
6600.52,0.1946
6601.42,0.1946
6602.32,0.1956
6603.22,0.19553
6604.12,0.19507
6605.02,0.19635
6605.92,0.19566
6606.82,0.1948
6607.72,0.1949
6608.62,0.19489
6609.52,0.19441
6610.43,0.19467
6611.33,0.19496
6612.23,0.19465
6613.13,0.19514
6614.03,0.19633
6614.93,0.19698
6615.83,0.19756
6616.73,0.19778
6617.63,0.19804
6618.53,0.1982
6619.43,0.19854
6620.33,0.19837
6621.23,0.19792
6622.13,0.19724
6623.03,0.19821
6623.93,0.19701
6624.83,0.19682
6625.73,0.19656
6626.63,0.19516
6627.53,0.19504
6628.43,0.19498
6629.33,0.19359
6630.23,0.19374
6631.13,0.19349
6632.03,0.19234
6632.93,0.19289
6633.83,0.19267
6634.73,0.19254
6635.63,0.19156
6636.53,0.19219
6637.43,0.19225
6638.33,0.1927
6639.23,0.19297
6640.13,0.19267
6641.03,0.19338
6641.93,0.19271
6642.83,0.19319
6643.73,0.19396
6644.63,0.19252
6645.53,0.19328
6646.43,0.19324
6647.34,0.1936
6648.24,0.19293
6649.14,0.19357
6650.04,0.19366
6650.94,0.19331
6651.84,0.19404
6652.74,0.19385
6653.64,0.19413
6654.54,0.19339
6655.44,0.19333
6656.34,0.19285
6657.24,0.19353
6658.14,0.19324
6659.04,0.19319
6659.94,0.19162
6660.84,0.19191
6661.74,0.19177
6662.64,0.19119
6663.54,0.18979
6664.44,0.19036
6665.34,0.18993
6666.24,0.18947
6667.14,0.19034
6668.04,0.19002
6668.94,0.19
6669.84,0.19037
6670.74,0.19178
6671.64,0.19224
6672.54,0.19279
6673.44,0.19337
6674.34,0.19171
6675.24,0.19261
6676.14,0.19217
6677.04,0.19067
6677.94,0.19111
6678.84,0.19005
6679.74,0.18871
6680.64,0.18913
6681.54,0.18967
6682.44,0.18983
6683.34,0.18982
6684.24,0.18967
6685.15,0.18982
6686.05,0.19028
6686.95,0.19215
6687.85,0.19183
6688.75,0.19201
6689.65,0.19099
6690.55,0.19227
6691.45,0.19184
6692.35,0.19158
6693.25,0.19121
6694.15,0.19222
6695.05,0.19097
6695.95,0.19067
6696.85,0.19029
6697.75,0.19004
6698.65,0.18966
6699.55,0.19021
6700.45,0.18994
6701.35,0.18983
6702.25,0.19029
6703.15,0.18993
6704.05,0.18998
6704.95,0.19
6705.85,0.19046
6706.75,0.1904
6707.65,0.19052
6708.55,0.19009
6709.45,0.18992
6710.35,0.18894
6711.25,0.18862
6712.15,0.18898
6713.05,0.18861
6713.95,0.18774
6714.85,0.18599
6715.75,0.18581
6716.65,0.18511
6717.55,0.18473
6718.45,0.18457
6719.35,0.18455
6720.25,0.1845
6721.16,0.18457
6722.06,0.18491
6722.96,0.18538
6723.86,0.18645
6724.76,0.18697
6725.66,0.18671
6726.56,0.18747
6727.46,0.18792
6728.36,0.18863
6729.26,0.18934
6730.16,0.18868
6731.06,0.18927
6731.96,0.18895
6732.86,0.18851
6733.76,0.18924
6734.66,0.18866
6735.56,0.18878
6736.46,0.18907
6737.36,0.18887
6738.26,0.18878
6739.16,0.18853
6740.06,0.1884
6740.96,0.18831
6741.86,0.1877
6742.76,0.18722
6743.66,0.18703
6744.56,0.18687
6745.46,0.18694
6746.36,0.18571
6747.26,0.18653
6748.16,0.18649
6749.06,0.18582
6749.96,0.18591
6750.86,0.18539
6751.76,0.18559
6752.66,0.18609
6753.56,0.18622
6754.46,0.18642
6755.36,0.18697
6756.26,0.18711
6757.16,0.18787
6758.06,0.18833
6758.97,0.18924
6759.87,0.18961
6760.77,0.18967
6761.67,0.18979
6762.57,0.19027
6763.47,0.19076
6764.37,0.19001
6765.27,0.18993
6766.17,0.18995
6767.07,0.18916
6767.97,0.1888
6768.87,0.18828
6769.77,0.18819
6770.67,0.18785
6771.57,0.18871
6772.47,0.18835
6773.37,0.18919
6774.27,0.18971
6775.17,0.19067
6776.07,0.19028
6776.97,0.19163
6777.87,0.19077
6778.77,0.19074
6779.67,0.19169
6780.57,0.19158
6781.47,0.19084
6782.37,0.18984
6783.27,0.18955
6784.17,0.18808
6785.07,0.1879
6785.97,0.18788
6786.87,0.18709
6787.77,0.18806
6788.67,0.1867
6789.57,0.18757
6790.47,0.18727
6791.37,0.18743
6792.27,0.18689
6793.17,0.18816
6794.07,0.18759
6794.97,0.18823
6795.88,0.18879
6796.78,0.18848
6797.68,0.18897
6798.58,0.18844
6799.48,0.18853
6800.38,0.1894
6801.28,0.18887
6802.18,0.18977
6803.08,0.18937
6803.98,0.18934
6804.88,0.18992
6805.78,0.18986
6806.68,0.19025
6807.58,0.18989
6808.48,0.1889
6809.38,0.18985
6810.28,0.19024
6811.18,0.18867
6812.08,0.18983
6812.98,0.1892
6813.88,0.18965
6814.78,0.18976
6815.68,0.1894
6816.58,0.18941
6817.48,0.18931
6818.38,0.18972
6819.28,0.19029
6820.18,0.18963
6821.08,0.19045
6821.98,0.19034
6822.88,0.19033
6823.78,0.19144
6824.68,0.19076
6825.58,0.19077
6826.48,0.19062
6827.38,0.19051
6828.28,0.19115
6829.18,0.19093
6830.08,0.19094
6830.98,0.19111
6831.88,0.19107
6832.79,0.19119
6833.69,0.18944
6834.59,0.19051
6835.49,0.19009
6836.39,0.18979
6837.29,0.19028
6838.19,0.1891
6839.09,0.18782
6839.99,0.18763
6840.89,0.18763
6841.79,0.18706
6842.69,0.18707
6843.59,0.18656
6844.49,0.18746
6845.39,0.18732
6846.29,0.18755
6847.19,0.1879
6848.09,0.18771
6848.99,0.18867
6849.89,0.18886
6850.79,0.18882
6851.69,0.18894
6852.59,0.18891
6853.49,0.18883
6854.39,0.18859
6855.29,0.18818
6856.19,0.1869
6857.09,0.18704
6857.99,0.1871
6858.89,0.18653
6859.79,0.18591
6860.69,0.18546
6861.59,0.18612
6862.49,0.18582
6863.39,0.18653
6864.29,0.18683
6865.19,0.18735
6866.09,0.18733
6866.99,0.18719
6867.89,0.18759
6868.79,0.18774
6869.7,0.18764
6870.6,0.18721
6871.5,0.18757
6872.4,0.18748
6873.3,0.18745
6874.2,0.18789
6875.1,0.18752
6876.0,0.1881
6876.9,0.18835
6877.8,0.1883
6878.7,0.18847
6879.6,0.18888
6880.5,0.18851
6881.4,0.1887
6882.3,0.18991
6883.2,0.18927
6884.1,0.18882
6885.0,0.18926
6885.9,0.1895
6886.8,0.1897
6887.7,0.1895
6888.6,0.19096
6889.5,0.1907
6890.4,0.19113
6891.3,0.19128
6892.2,0.1923
6893.1,0.19214
6894.0,0.19219
6894.9,0.19267
6895.8,0.19262
6896.7,0.19259
6897.6,0.19251
6898.5,0.19276
6899.4,0.19286
6900.3,0.19255
6901.2,0.19356
6902.1,0.19295
6903.0,0.19356
6903.9,0.19441
6904.8,0.19373
6905.7,0.19386
6906.6,0.19381
6907.51,0.19506
6908.41,0.19449
6909.31,0.19396
6910.21,0.19472
6911.11,0.19371
6912.01,0.194
6912.91,0.19326
6913.81,0.19337
6914.71,0.19244
6915.61,0.19204
6916.51,0.19193
6917.41,0.19212
6918.31,0.19149
6919.21,0.19216
6920.11,0.19171
6921.01,0.19121
6921.91,0.19249
6922.81,0.19211
6923.71,0.19289
6924.61,0.19186
6925.51,0.19183
6926.41,0.19144
6927.31,0.19137
6928.21,0.19181
6929.11,0.19193
6930.01,0.19185
6930.91,0.19231
6931.81,0.19254
6932.71,0.19298
6933.61,0.19304
6934.51,0.19251
6935.41,0.19295
6936.31,0.19415
6937.21,0.19275
6938.11,0.1938
6939.01,0.19382
6939.91,0.19384
6940.81,0.19363
6941.71,0.19361
6942.61,0.19378
6943.52,0.19311
6944.42,0.19341
6945.31,0.19312
6946.22,0.19251
6947.12,0.19229
6948.02,0.19217
6948.92,0.19285
6949.82,0.19276
6950.72,0.19239
6951.62,0.19241
6952.52,0.19231
6953.42,0.19223
6954.32,0.19253
6955.22,0.19282
6956.12,0.19323
6957.02,0.19412
6957.92,0.19382
6958.82,0.19429
6959.72,0.19442
6960.62,0.19458
6961.52,0.19547
6962.42,0.19526
6963.32,0.1961
6964.22,0.19529
6965.12,0.19614
6966.02,0.19587
6966.92,0.19651
6967.82,0.1967
6968.72,0.1971
6969.62,0.19684
6970.52,0.19602
6971.42,0.19611
6972.32,0.19682
6973.22,0.19574
6974.12,0.1952
6975.02,0.19446
6975.92,0.19317
6976.82,0.1935
6977.72,0.19131
6978.62,0.1921
6979.52,0.19194
6980.42,0.1923
6981.33,0.19167
6982.23,0.19222
6983.12,0.19261
6984.03,0.1931
6984.93,0.19446
6985.83,0.19504
6986.73,0.19627
6987.63,0.19625
6988.53,0.19628
6989.43,0.19642
6990.33,0.1958
6991.23,0.19693
6992.13,0.19637
6993.03,0.197
6993.93,0.19668
6994.83,0.19657
6995.73,0.197
6996.63,0.196
6997.53,0.19643
6998.43,0.1958
6999.33,0.19597
7000.23,0.19547
7001.13,0.1962
7002.03,0.19463
7002.93,0.19425
7003.83,0.19469
7004.73,0.19355
7005.63,0.19391
7006.53,0.194
7007.43,0.19395
7008.33,0.19369
7009.23,0.19431
7010.13,0.19438
7011.03,0.194
7011.93,0.1936
7012.83,0.19335
7013.73,0.19393
7014.63,0.19307
7015.53,0.19431
7016.43,0.19309
7017.33,0.19236
7018.23,0.19246
7019.14,0.19252
7020.04,0.19289
7020.94,0.19325
7021.84,0.19346
7022.74,0.19378
7023.64,0.19368
7024.54,0.19332
7025.44,0.19414
7026.34,0.19426
7027.24,0.19461
7028.14,0.19479
7029.04,0.19479
7029.94,0.19481
7030.84,0.19524
7031.74,0.19543
7032.64,0.19538
7033.54,0.19629
7034.44,0.19591
7035.34,0.19632
7036.24,0.19587
7037.14,0.19624
7038.04,0.19718
7038.94,0.19714
7039.84,0.1974
7040.74,0.19835
7041.64,0.19903
7042.54,0.19926
7043.44,0.20028
7044.34,0.20124
7045.24,0.20082
7046.14,0.20231
7047.04,0.20152
7047.94,0.2017
7048.84,0.20094
7049.74,0.20125
7050.64,0.2
7051.54,0.19942
7052.44,0.19763
7053.34,0.19602
7054.25,0.19468
7055.15,0.19326
7056.04,0.19201
7056.95,0.19005
7057.85,0.18895
7058.75,0.18822
7059.65,0.18756
7060.55,0.18742
7061.45,0.18654
7062.35,0.18576
7063.25,0.18575
7064.15,0.18602
7065.05,0.1851
7065.95,0.18498
7066.85,0.18534
7067.75,0.18598
7068.65,0.18491
7069.55,0.18515
7070.45,0.18565
7071.35,0.18675
7072.25,0.18639
7073.15,0.187
7074.05,0.18778
7074.95,0.18859
7075.85,0.18888
7076.75,0.1889
7077.65,0.18923
7078.55,0.18981
7079.45,0.19004
7080.35,0.18907
7081.25,0.18867
7082.15,0.18786
7083.05,0.18696
7083.95,0.1859
7084.85,0.18448
7085.75,0.18324
7086.65,0.18247
7087.55,0.18062
7088.45,0.18016
7089.35,0.17924
7090.25,0.1785
7091.15,0.17802
7092.06,0.17791
7092.96,0.17687
7093.85,0.17723
7094.76,0.17671
7095.66,0.17718
7096.56,0.17727
7097.46,0.17755
7098.36,0.17743
7099.26,0.17819
7100.16,0.1788
7101.06,0.17922
7101.96,0.1792
7102.86,0.17977
7103.76,0.18046
7104.66,0.18037
7105.56,0.18003
7106.46,0.18079
7107.36,0.18066
7108.26,0.18138
7109.16,0.18079
7110.06,0.18097
7110.96,0.18046
7111.86,0.18123
7112.76,0.18039
7113.66,0.17994
7114.56,0.18115
7115.46,0.18092
7116.36,0.18039
7117.26,0.18156
7118.16,0.18195
7119.06,0.18217
7119.96,0.18147
7120.86,0.18149
7121.76,0.18061
7122.66,0.18072
7123.56,0.18036
7124.46,0.17872
7125.36,0.17914
7126.26,0.17863
7127.16,0.17802
7127.27,0.17735
7128.17,0.17736
7129.07,0.17698
7129.96,0.17595
7130.86,0.17601
7131.75,0.17528
7132.65,0.17536
7133.55,0.1763
7134.44,0.17516
7135.34,0.1756
7136.23,0.17608
7137.13,0.17696
7138.03,0.17759
7138.92,0.17804
7139.82,0.1786
7140.71,0.17821
7141.61,0.17874
7142.5,0.17823
7143.4,0.17839
7144.3,0.17808
7145.19,0.17869
7146.09,0.17673
7146.98,0.17763
7147.88,0.17791
7148.78,0.17821
7149.67,0.17753
7150.57,0.17774
7151.46,0.17847
7152.36,0.17789
7153.26,0.17897
7154.15,0.17891
7155.05,0.17981
7155.94,0.1803
7156.84,0.18081
7157.74,0.18046
7158.63,0.18088
7159.53,0.17976
7160.42,0.18003
7161.32,0.18018
7162.21,0.17925
7163.11,0.1798
7164.01,0.1795
7164.9,0.1786
7165.8,0.17995
7166.69,0.18009
7167.59,0.17992
7168.49,0.18075
7169.38,0.1803
7170.28,0.18162
7171.17,0.18181
7172.07,0.18232
7172.96,0.1822
7173.86,0.18278
7174.76,0.1827
7175.65,0.18228
7176.55,0.18265
7177.44,0.18309
7178.34,0.18241
7179.24,0.18226
7180.13,0.18203
7181.03,0.1816
7181.92,0.18064
7182.82,0.18011
7183.72,0.1801
7184.61,0.17974
7185.51,0.17972
7186.4,0.17929
7187.3,0.17929
7188.19,0.17945
7189.09,0.17881
7189.99,0.17942
7190.88,0.17877
7191.78,0.17871
7192.67,0.17893
7193.57,0.17868
7194.47,0.17919
7195.36,0.18011
7196.26,0.17979
7197.15,0.17998
7198.05,0.17966
7198.95,0.1797
7199.84,0.18032
7200.74,0.18108
7201.63,0.18107
7202.53,0.1804
7203.43,0.18
7204.32,0.17952
7205.22,0.1803
7206.11,0.17977
7207.01,0.1791
7207.9,0.17961
7208.8,0.1788
7209.7,0.17937
7210.59,0.17957
7211.49,0.1797
7212.38,0.18006
7213.28,0.18079
7214.18,0.18115
7215.07,0.18169
7215.97,0.18219
7216.86,0.1821
7217.76,0.18295
7218.66,0.18341
7219.55,0.18366
7220.45,0.18321
7221.34,0.18367
7222.24,0.18429
7223.13,0.18535
7224.03,0.18485
7224.93,0.18563
7225.82,0.18588
7226.72,0.18536
7227.61,0.18599
7228.51,0.18706
7229.41,0.18779
7230.3,0.1876
7231.2,0.18815
7232.09,0.18879
7232.99,0.18795
7233.89,0.18879
7234.78,0.18943
7235.68,0.18836
7236.57,0.18807
7237.47,0.18857
7238.36,0.18863
7239.26,0.18847
7240.16,0.1882
7241.05,0.18795
7241.95,0.18809
7242.84,0.18797
7243.74,0.1877
7244.64,0.18802
7245.53,0.18851
7246.43,0.18781
7247.32,0.18865
7248.22,0.18848
7249.12,0.18834
7250.01,0.18776
7250.91,0.188
7251.8,0.18773
7252.7,0.18858
7253.6,0.1883
7254.49,0.1889
7255.39,0.18899
7256.28,0.18879
7257.18,0.18912
7258.07,0.18904
7258.97,0.18887
7259.87,0.18881
7260.76,0.18877
7261.66,0.18915
7262.55,0.18932
7263.45,0.18965
7264.35,0.19004
7265.24,0.18985
7266.14,0.19057
7267.03,0.19107
7267.93,0.19076
7268.83,0.19113
7269.72,0.19157
7270.62,0.19165
7271.51,0.19112
7272.41,0.19188
7273.3,0.19139
7274.2,0.19198
7275.1,0.19149
7275.99,0.19118
7276.89,0.19058
7277.78,0.19123
7278.68,0.19066
7279.58,0.19008
7280.47,0.18965
7281.37,0.18911
7282.26,0.18886
7283.16,0.18806
7284.06,0.18865
7284.95,0.18705
7285.85,0.18639
7286.74,0.18684
7287.64,0.18658
7288.53,0.18646
7289.43,0.18627
7290.33,0.18604
7291.22,0.18556
7292.12,0.18675
7293.01,0.18601
7293.91,0.18677
7294.81,0.18791
7295.7,0.18898
7296.6,0.18985
7297.49,0.19045
7298.39,0.19042
7299.29,0.19127
7300.18,0.19192
7301.08,0.19192
7301.97,0.19209
7302.87,0.19276
7303.76,0.1928
7304.66,0.19311
7305.56,0.19247
7306.45,0.19231
7307.35,0.19375
7308.24,0.19377
7309.14,0.19228
7310.04,0.19369
7310.93,0.19249
7311.83,0.19198
7312.72,0.1929
7313.62,0.19223
7314.52,0.19329
7315.41,0.19328
7316.31,0.1939
7317.2,0.19335
7318.1,0.19306
7318.99,0.19355
7319.89,0.19287
7320.79,0.19257
7321.68,0.19241
7322.58,0.19273
7323.47,0.1924
7324.37,0.19257
7325.27,0.19231
7326.16,0.19303
7327.06,0.19263
7327.95,0.19353
7328.85,0.19274
7329.75,0.19281
7330.64,0.19347
7331.54,0.19467
7332.43,0.19459
7333.33,0.19506
7334.22,0.19606
7335.12,0.19589
7336.02,0.19657
7336.91,0.19711
7337.81,0.19721
7338.7,0.19797
7339.6,0.19832
7340.5,0.1978
7341.39,0.19813
7342.29,0.19825
7343.18,0.19713
7344.08,0.1973
7344.98,0.19715
7345.87,0.19754
7346.77,0.1964
7347.66,0.19674
7348.56,0.19516
7349.45,0.19536
7350.35,0.1951
7351.25,0.19455
7352.14,0.19543
7353.04,0.19432
7353.93,0.1934
7354.83,0.19338
7355.73,0.19274
7356.62,0.19384
7357.52,0.19301
7358.41,0.19299
7359.31,0.19263
7360.21,0.19221
7361.1,0.19268
7362.0,0.19289
7362.89,0.19289
7363.79,0.19302
7364.69,0.19413
7365.58,0.19493
7366.48,0.19529
7367.37,0.19618
7368.27,0.19623
7369.16,0.19711
7370.06,0.19727
7370.96,0.19804
7371.85,0.19886
7372.75,0.19948
7373.64,0.19922
7374.54,0.19978
7375.44,0.19962
7376.33,0.20029
7377.23,0.20022
7378.12,0.20035
7379.02,0.19998
7379.92,0.20026
7380.81,0.20003
7381.71,0.19892
7382.6,0.19833
7383.5,0.19794
7384.39,0.19721
7385.29,0.19621
7386.19,0.19562
7387.08,0.19541
7387.98,0.19466
7388.87,0.19436
7389.77,0.19498
7390.67,0.19409
7391.56,0.19479
7392.46,0.19463
7393.35,0.19564
7394.25,0.19569
7395.15,0.19542
7396.04,0.1964
7396.94,0.19766
7397.83,0.19707
7398.73,0.19744
7399.62,0.19802
7400.52,0.19792
7401.42,0.19825
7402.31,0.19836
7403.21,0.19848
7404.1,0.19919
7405.0,0.19896
7405.9,0.19765
7406.79,0.19746
7407.69,0.19785
7408.58,0.19637
7409.48,0.19666
7410.38,0.1952
7411.27,0.19331
7412.17,0.19261
7413.06,0.19191
7413.96,0.19111
7414.85,0.19019
7415.75,0.19013
7416.65,0.19
7417.54,0.19021
7418.44,0.18987
7419.33,0.18959
7420.23,0.19063
7421.13,0.19067
7422.02,0.19067
7422.92,0.19249
7423.81,0.19332
7424.71,0.19444
7425.6,0.19516
7426.5,0.19584
7427.4,0.19795
7428.29,0.19828
7429.19,0.19886
7431.68,0.20041
7434.18,0.20105
7436.67,0.20146
7439.17,0.20098
7441.66,0.20032
7444.16,0.19964
7446.66,0.1988
7449.15,0.20058
7451.65,0.20117
7454.14,0.20163
7456.64,0.20221
7459.13,0.20273
7461.63,0.20142
7464.12,0.20151
7466.62,0.20119
7469.11,0.20184
7471.61,0.20227
7474.1,0.20253
7476.6,0.20143
7479.09,0.2018
7481.59,0.20208
7484.08,0.20172
7486.58,0.20112
7489.07,0.20143
7491.57,0.20037
7494.06,0.19896
7496.56,0.19961
7499.05,0.19985
7501.55,0.20153
7504.04,0.20202
7506.54,0.20255
7509.03,0.20255
7511.53,0.2023
7514.02,0.20253
7516.52,0.20351
7519.01,0.20464
7521.51,0.20426
7524.0,0.20384
7526.5,0.20337
7528.99,0.20338
7531.49,0.20373
7533.99,0.20445
7536.48,0.20514
7538.98,0.20566
7541.47,0.2058
7543.97,0.20615
7546.46,0.20499
7548.96,0.20499
7551.45,0.20439
7553.95,0.20453
7556.44,0.20446
7558.94,0.20427
7561.43,0.20443
7563.93,0.20417
7566.42,0.20432
7568.92,0.20426
7571.41,0.20414
7573.91,0.2041
7576.4,0.20412
7578.9,0.204
7581.39,0.20271
7583.89,0.2012
7586.38,0.19901
7588.88,0.19752
7591.37,0.19593
7593.87,0.19517
7596.36,0.19407
7598.86,0.19375
7601.35,0.1937
7603.85,0.19317
7606.34,0.19303
7608.84,0.19322
7611.33,0.19369
7613.83,0.19318
7616.33,0.19203
7618.82,0.19244
7621.32,0.19181
7623.81,0.19209
7626.31,0.19257
7628.8,0.19295
7631.3,0.19286
7633.79,0.19223
7636.29,0.19184
7638.78,0.19218
7641.28,0.19238
7643.77,0.19309
7646.27,0.19251
7648.76,0.19241
7651.26,0.19125
7653.75,0.18981
7656.25,0.18709
7658.74,0.18439
7661.24,0.18226
7663.73,0.17956
7666.23,0.17941
7668.72,0.17994
7671.22,0.18144
7673.71,0.18356
7676.21,0.18503
7678.7,0.18553
7681.2,0.18613
7683.69,0.1861
7686.19,0.18588
7688.69,0.18619
7691.18,0.18547
7693.68,0.18488
7696.17,0.18413
7698.67,0.18396
7701.16,0.18352
7703.66,0.18452
7706.15,0.1846
7708.65,0.18341
7711.14,0.18296
7713.64,0.18192
7716.13,0.18154
7718.63,0.18241
7721.12,0.18313
7723.62,0.18438
7726.11,0.18517
7728.61,0.18653
7731.1,0.18764
7733.6,0.18811
7736.09,0.18946
7738.59,0.18937
7741.08,0.1891
7743.58,0.18743
7746.07,0.18518
7748.57,0.18333
7751.06,0.18266
7753.56,0.18344
7756.05,0.18504
7758.55,0.18583
7761.04,0.18717
7763.54,0.18766
7766.03,0.18843
7768.53,0.18945
7771.03,0.19008
7773.52,0.19024
7776.02,0.19062
7778.51,0.19047
7781.01,0.18985
7783.5,0.18845
7786.0,0.18726
7788.49,0.18666
7790.99,0.18669
7793.48,0.18681
7795.98,0.18687
7798.47,0.18702
7800.97,0.18731
7803.46,0.18747
7805.96,0.18819
7808.45,0.18875
7810.95,0.18909
7813.44,0.1893
7815.94,0.1897
7818.43,0.19031
7820.93,0.19046
7823.42,0.19048
7825.92,0.18972
7828.41,0.18865
7830.91,0.18649
7833.4,0.18537
7835.9,0.18462
7838.39,0.18447
7840.89,0.18521
7843.38,0.18643
7845.88,0.18702
7848.38,0.18717
7850.87,0.18756
7853.37,0.18726
7855.86,0.18706
7858.36,0.1875
7860.85,0.18837
7863.35,0.18865
7865.84,0.18868
7868.34,0.18854
7870.83,0.18827
7873.33,0.18727
7875.82,0.18653
7878.32,0.18684
7880.81,0.18681
7883.31,0.18694
7885.8,0.18703
7888.3,0.18738
7890.79,0.18786
7893.29,0.18702
7895.78,0.18713
7898.28,0.18575
7900.77,0.18584
7903.27,0.18557
7905.76,0.18508
7908.26,0.18427
7910.75,0.1832
7913.25,0.18143
7915.74,0.18062
7918.24,0.18059
7920.73,0.18111
7923.23,0.18204
7925.73,0.18228
7928.22,0.18314
7930.71,0.18275
7933.21,0.18217
7935.71,0.18138
7938.2,0.1802
7940.7,0.17935
7943.19,0.1791
7945.69,0.17879
7948.18,0.17988
7950.68,0.18094
7953.17,0.18286
7955.67,0.18421
7958.16,0.18504
7960.66,0.18537
7963.15,0.1856
7965.65,0.1865
7968.14,0.18728
7970.64,0.18773
7973.13,0.18768
7975.63,0.18789
7978.12,0.18752
7980.62,0.18705
7983.11,0.18609
7985.61,0.18613
7988.1,0.18602
7990.6,0.1854
7993.09,0.18505
7995.59,0.18451
7998.08,0.18423
8000.58,0.18396
8003.07,0.18554
8005.57,0.18657
8008.06,0.18821
8010.56,0.18898
8013.06,0.18968
8015.55,0.19046
8018.05,0.19036
8020.54,0.18952
8023.04,0.18825
8025.53,0.18729
8028.03,0.18646
8030.52,0.18682
8033.02,0.18811
8035.51,0.18956
8038.01,0.19103
8040.5,0.19086
8043.0,0.18955
8045.49,0.18831
8047.99,0.18691
8050.48,0.18639
8052.98,0.18759
8055.47,0.18877
8057.97,0.19034
8060.46,0.19063
8062.96,0.19035
8065.45,0.18977
8067.95,0.18847
8070.44,0.18689
8072.94,0.18582
8075.43,0.18616
8077.93,0.187
8080.42,0.18668
8082.92,0.18726
8085.41,0.18703
8087.91,0.18722
8090.4,0.1862
8092.9,0.18577
8095.4,0.18472
8097.89,0.18507
8100.39,0.1853
8102.88,0.1862
8105.38,0.18668
8107.87,0.18759
8110.37,0.18718
8112.86,0.18683
8115.36,0.18648
8117.85,0.18698
8120.35,0.18713
8122.84,0.18781
8125.34,0.18894
8127.83,0.18933
8130.33,0.18973
8132.82,0.18942
8135.32,0.18992
8137.81,0.19007
8140.31,0.18984
8142.8,0.19023
8145.3,0.18951
8147.79,0.19005
8150.29,0.18997
8152.78,0.19054
8155.28,0.19089
8157.77,0.1904
8160.27,0.19012
8162.76,0.19026
8165.26,0.18996
8167.75,0.19028
8170.25,0.19085
8172.75,0.19154
8175.24,0.19077
8177.74,0.18993
8180.23,0.18881
8182.73,0.18687
8185.22,0.18553
8187.72,0.18475
8190.21,0.18518
8192.71,0.18423
8195.2,0.18323
8197.7,0.18245
8200.19,0.18191
8202.69,0.18141
8205.18,0.18238
8207.68,0.18312
8210.17,0.18346
8212.67,0.18399
8215.16,0.18438
8217.66,0.1845
8220.15,0.18542
8222.65,0.18612
8225.14,0.18663
8227.64,0.18773
8230.13,0.18861
8232.63,0.18907
8235.12,0.189
8237.62,0.18862
8240.11,0.1882
8242.61,0.18857
8245.1,0.18808
8247.6,0.18829
8250.1,0.18791
8252.59,0.18706
8255.08,0.18659
8257.58,0.18646
8260.08,0.18725
8262.57,0.18841
8265.07,0.18897
8267.56,0.1887
8270.06,0.18885
8272.55,0.18768
8275.05,0.18729
8277.54,0.18662
8280.04,0.18691
8282.53,0.18675
8285.03,0.18652
8287.52,0.18569
8290.02,0.18478
8292.51,0.18406
8295.01,0.18408
8297.5,0.1833
8300.0,0.18275
8302.49,0.18265
8304.99,0.18132
8307.48,0.18075
8309.98,0.18015
8312.47,0.18044
8314.97,0.18206
8317.46,0.18301
8319.96,0.18325
8322.46,0.18327
8324.95,0.18191
8327.44,0.18
8329.94,0.17892
8332.43,0.17827
8334.93,0.17877
8337.43,0.17857
8339.92,0.17853
8342.42,0.17929
8344.91,0.17956
8347.41,0.17939
8349.9,0.17969
8352.4,0.18049
8354.89,0.18102
8357.39,0.18107
8359.88,0.18143
8362.38,0.18092
8364.87,0.18068
8367.37,0.18127
8369.86,0.18188
8372.36,0.18145
8374.85,0.18166
8377.35,0.18071
8379.84,0.17969
8382.34,0.17761
8384.83,0.17642
8387.33,0.17558
8389.82,0.17555
8392.32,0.17709
8394.81,0.17896
8397.31,0.1805
8399.8,0.18172
8402.3,0.18255
8404.79,0.183
8407.29,0.18321
8409.79,0.18318
8412.28,0.18278
8414.78,0.18162
8417.27,0.18135
8419.77,0.18007
8422.26,0.17898
8424.76,0.17893
8427.25,0.17777
8429.75,0.17716
8432.24,0.17654
8434.74,0.17484
8437.23,0.17414
8439.73,0.1736
8442.22,0.17399
8444.72,0.17504
8447.21,0.1756
8449.71,0.17645
8452.2,0.17605
8454.7,0.17614
8457.19,0.17565
8459.69,0.17495
8462.18,0.1744
8464.68,0.17378
8467.17,0.17269
8469.67,0.172
8472.16,0.17217
8474.66,0.1732
8477.15,0.17417
8479.65,0.17524
8482.14,0.17529
8484.64,0.17557
8487.13,0.17475
8489.63,0.174
8492.12,0.17082
8494.62,0.16675
8497.12,0.16162
8499.61,0.1588
8502.11,0.15889
8504.6,0.16133
8507.1,0.16573
8509.59,0.16837
8512.09,0.16967
8514.58,0.16957
8517.08,0.16913
8519.57,0.16827
8522.07,0.16911
8524.56,0.16966
8527.06,0.17026
8529.55,0.16953
8532.05,0.16744
8534.54,0.16274
8537.04,0.15573
8539.53,0.14719
8542.03,0.14028
8544.52,0.13749
8547.02,0.14017
8549.51,0.14759
8552.01,0.15619
8554.5,0.16309
8557.0,0.16789
8559.49,0.17057
8561.99,0.17214
8564.48,0.17313
8566.98,0.17313
8569.47,0.17348
8571.97,0.17366
8574.47,0.17399
8576.96,0.17392
8579.46,0.17376
8581.95,0.17439
8584.45,0.17468
8586.94,0.1744
8589.44,0.17474
8591.93,0.17466
8594.43,0.17511
8596.92,0.17471
8599.42,0.1748
8601.91,0.17499
8604.41,0.17515
8606.9,0.17466
8609.4,0.17473
8611.89,0.17413
8614.39,0.17387
8616.88,0.17382
8619.38,0.17417
8621.87,0.17461
8624.37,0.17523
8626.86,0.17571
8629.36,0.17571
8631.85,0.17636
8634.35,0.17649
8636.84,0.17738
8639.34,0.17789
8641.83,0.17765
8644.33,0.17788
8646.83,0.17687
8649.32,0.17515
8651.82,0.17313
8654.31,0.16931
8656.8,0.16369
8659.3,0.15717
8661.8,0.14959
8664.29,0.14681
8666.79,0.14778
8669.28,0.1534
8671.78,0.15948
8674.27,0.1646
8676.77,0.16797
8679.26,0.17085
8681.76,0.17157
8684.25,0.17151
8686.75,0.17087
8689.24,0.17009
8691.74,0.17028
8694.23,0.17072
8696.73,0.17163
8699.22,0.17269
8701.72,0.17404
8704.21,0.17384
8706.71,0.17424
8709.2,0.17426
8711.7,0.1741
8714.19,0.1742
8716.69,0.17497
8719.18,0.1757
8721.68,0.17695
8724.17,0.17761
8726.67,0.17757
8729.17,0.17758
8731.66,0.17758
8734.16,0.17687
8736.65,0.17652
8739.15,0.17692
8741.64,0.17708
8744.14,0.17708
8746.63,0.17704
8749.13,0.17678
8751.62,0.17682
8754.12,0.17668
8756.61,0.17665
8759.11,0.17693
8761.6,0.17672
8764.1,0.17714
8766.59,0.17686
8769.09,0.17651
8771.58,0.17645
8774.08,0.17609
8776.57,0.17634
8779.07,0.17739
8781.56,0.17801
8784.06,0.17872
8786.55,0.17861
8789.05,0.17867
8791.54,0.17851
8794.04,0.17712
8796.53,0.1768
8799.03,0.17561
8801.52,0.17446
8804.02,0.1723
8806.51,0.17066
8809.01,0.17045
8811.5,0.17101
8814.0,0.17338
8816.5,0.176
8818.99,0.17648
8821.49,0.17701
8823.98,0.17612
8826.48,0.17666
8828.97,0.17709
8831.47,0.1783
8833.96,0.17908
8836.46,0.17976
8838.95,0.17972
8841.45,0.17989
8843.94,0.18018
8846.44,0.18136
8848.93,0.18217
8851.43,0.18271
8853.92,0.18202
8856.42,0.18116
8858.91,0.17956
8861.41,0.17665
8863.9,0.17421
8866.4,0.17239
8868.89,0.17135
8871.39,0.17095
8873.88,0.17134
8876.38,0.17195
8878.87,0.17225
8881.37,0.1725
8883.87,0.17293
8886.36,0.17351
8888.86,0.17364
8891.35,0.17366
8893.84,0.17396
8896.34,0.17396
8898.84,0.17427
8901.33,0.17438
8903.83,0.17409
8906.32,0.1747
8908.82,0.17395
8911.31,0.17383
8913.81,0.17334
8916.3,0.17259
8918.8,0.17248
8921.29,0.17142
8923.79,0.17114
8926.28,0.17069
8928.78,0.17122
8931.27,0.17126
8933.77,0.17126
8936.26,0.17089
8938.76,0.17146
8941.25,0.17059
8943.75,0.16992
8946.24,0.16945
8948.74,0.16946
8951.23,0.16982
8953.73,0.17093
8956.22,0.17238
8958.72,0.17281
8961.21,0.17258
8963.71,0.17319
8966.2,0.17305
8968.7,0.1724
8971.2,0.17193
8973.69,0.17178
8976.19,0.172
8978.68,0.17186
8981.18,0.17279
8983.67,0.17303
8986.17,0.17368
8988.66,0.1741
8991.16,0.17415
8993.65,0.17426
8996.15,0.17403
8998.64,0.17325
9001.14,0.17255
9003.63,0.17201
9006.13,0.17132
9008.62,0.16944
9011.12,0.16778
9013.61,0.16606
9016.11,0.16502
9018.6,0.16475
9021.1,0.16563
9023.59,0.16643
9026.09,0.16755
9028.58,0.1688
9031.08,0.17043
9033.57,0.17203
9036.07,0.17278
9038.56,0.17374
9041.06,0.17396
9043.55,0.17497
9046.05,0.17539
9048.54,0.1755
9051.04,0.17558
9053.54,0.17498
9056.03,0.17491
9058.53,0.17401
9061.02,0.17391
9063.52,0.17436
9066.01,0.17385
9068.51,0.17369
9071.0,0.17429
9073.5,0.17369
9075.99,0.17368
9078.49,0.17301
9080.98,0.17204
9083.48,0.17069
9085.97,0.16932
9088.47,0.16796
9090.96,0.16736
9093.46,0.16774
9095.95,0.16888
9098.45,0.16981
9100.94,0.171
9103.44,0.17233
9105.93,0.17206
9108.43,0.17206
9110.92,0.1717
9113.42,0.1711
9115.91,0.17066
9118.41,0.17095
9120.9,0.17076
9123.4,0.17146
9125.89,0.17252
9128.39,0.17297
9130.88,0.17348
9133.38,0.17358
9135.88,0.17255
9138.37,0.1712
9140.87,0.16974
9143.36,0.16803
9145.86,0.16704
9148.35,0.16675
9150.85,0.1672
9153.34,0.16754
9155.84,0.16829
9158.33,0.16842
9160.83,0.1679
9163.32,0.16704
9165.82,0.16588
9168.31,0.16471
9170.81,0.16366
9173.3,0.16292
9175.8,0.16287
9178.29,0.16328
9180.79,0.16439
9183.28,0.16518
9185.78,0.16611
9188.27,0.16618
9190.77,0.16564
9193.26,0.16532
9195.76,0.16522
9198.25,0.16499
9200.75,0.16475
9203.24,0.16469
9205.74,0.16422
9208.24,0.16334
9210.73,0.16316
9213.23,0.1625
9215.72,0.16198
9218.22,0.1622
9220.71,0.16282
9223.21,0.16288
9225.7,0.16327
9228.2,0.16277
9230.69,0.16255
9233.19,0.16219
9235.68,0.16277
9238.18,0.16213
9240.67,0.16306
9243.17,0.16267
9245.66,0.16254
9248.16,0.16167
9250.65,0.16168
9253.15,0.16138
9255.64,0.161
9258.14,0.16103
9260.63,0.16136
9263.13,0.1628
9265.62,0.1638
9268.12,0.1648
9270.61,0.16559
9273.11,0.1648
9275.6,0.16462
9278.1,0.16397
9280.59,0.16288
9283.09,0.1621
9285.58,0.16184
9288.08,0.16077
9290.58,0.16003
9293.07,0.15985
9295.57,0.16022
9298.06,0.16012
9300.56,0.16044
9303.05,0.16064
9305.55,0.16086
9308.04,0.16102
9310.54,0.16096
9313.03,0.16106
9315.53,0.16061
9318.02,0.16076
9320.52,0.16062
9323.01,0.16028
9325.51,0.16039
9328.0,0.16055
9330.5,0.16104
9332.99,0.16121
9335.49,0.16135
9337.98,0.16174
9340.48,0.16138
9342.97,0.16153
9345.47,0.16048
9347.96,0.16006
9350.46,0.15883
9352.95,0.15842
9355.45,0.1573
9357.94,0.15636
9360.44,0.156
9362.93,0.15575
9365.43,0.15594
9367.92,0.15647
9370.42,0.15677
9372.92,0.15659
9375.41,0.15708
9377.91,0.15683
9380.4,0.15699
9382.9,0.15649
9385.39,0.15609
9387.89,0.15619
9390.38,0.15661
9392.88,0.1562
9395.37,0.15621
9397.87,0.15623
9400.36,0.15563
9402.86,0.15498
9405.35,0.15458
9407.85,0.15375
9410.34,0.15254
9412.84,0.15134
9415.33,0.15132
9417.83,0.15165
9420.32,0.15254
9422.82,0.15395
9425.31,0.15484
9427.81,0.15496
9430.3,0.15502
9432.8,0.15442
9435.29,0.15416
9437.79,0.15375
9440.28,0.1534
9442.78,0.1532
9445.27,0.15345
9447.77,0.15299
9450.27,0.15324
9452.76,0.15394
9455.25,0.15439
9457.75,0.15516
9460.25,0.15565
9462.74,0.15634
9465.24,0.15632
9467.73,0.15695
9470.23,0.15751
9472.72,0.1575
9475.22,0.1578
9477.71,0.15778
9480.21,0.15774
9482.7,0.15805
9485.2,0.15764
9487.69,0.15834
9490.19,0.15865
9492.68,0.15878
9495.18,0.15891
9497.67,0.15918
9500.17,0.15889
9502.66,0.15933
9505.16,0.15955
9507.65,0.15913
9510.15,0.15933
9512.64,0.15964
9515.14,0.15998
9517.63,0.16026
9520.13,0.16036
9522.62,0.161
9525.12,0.16082
9527.61,0.16102
9530.11,0.16103
9532.61,0.16072
9535.1,0.16041
9537.6,0.15965
9540.09,0.15903
9542.59,0.15817
9545.08,0.15733
9547.58,0.15658
9550.07,0.15707
9552.57,0.15735
9555.06,0.15907
9557.56,0.16012
9560.05,0.16065
9562.55,0.16119
9565.04,0.16119
9567.54,0.16095
9570.03,0.15982
9572.53,0.15911
9575.02,0.15879
9577.52,0.15871
9580.01,0.15893
9582.51,0.15944
9585.0,0.16043
9587.5,0.16033
9589.99,0.1603
9592.49,0.16056
9594.98,0.15985
9597.48,0.15911
9599.97,0.15836
9602.47,0.15829
9604.96,0.15825
9607.46,0.15864
9609.96,0.15933
9612.45,0.15964
9614.95,0.16016
9617.44,0.1599
9619.94,0.16008
9622.43,0.15969
9624.93,0.15924
9627.42,0.15889
9629.92,0.15907
9632.41,0.15877
9634.91,0.15742
9637.4,0.1572
9639.9,0.15627
9642.39,0.15618
9644.89,0.15596
9647.38,0.15583
9649.88,0.15572
9652.37,0.15592
9654.87,0.15582
9657.36,0.15578
9659.86,0.15587
9662.35,0.15608
9664.85,0.15579
9667.34,0.15644
9669.84,0.15568
9672.33,0.15554
9674.83,0.15526
9677.32,0.15504
9679.82,0.15536
9682.31,0.15596
9684.81,0.15602
9687.3,0.15606
9689.8,0.15595
9692.29,0.15565
9694.79,0.15607
9697.29,0.15595
9699.78,0.15587
9702.28,0.15598
9704.77,0.1557
9707.27,0.1559
9709.76,0.15625
9712.26,0.15654
9714.75,0.15677
9717.25,0.15695
9719.74,0.1568
9722.24,0.15601
9724.73,0.15532
9727.23,0.15459
9729.72,0.15359
9732.22,0.15273
9734.71,0.15263
9737.21,0.1527
9739.7,0.15199
9742.2,0.15209
9744.69,0.15227
9747.19,0.15235
9749.68,0.15278
9752.18,0.1537
9754.67,0.15446
9757.17,0.15516
9759.66,0.15518
9762.16,0.15545
9764.65,0.1546
9767.15,0.15429
9769.64,0.15394
9772.14,0.15346
9774.64,0.15383
9777.13,0.15336
9779.63,0.15337
9782.12,0.15287
9784.62,0.15149
9787.11,0.15122
9789.61,0.15138
9792.1,0.15228
9794.6,0.15339
9797.09,0.15477
9799.59,0.15589
9802.08,0.15608
9804.58,0.15643
9807.07,0.15639
9809.57,0.15646
9812.06,0.15679
9814.56,0.15648
9817.05,0.15632
9819.55,0.15636
9822.04,0.15593
9824.54,0.15616
9827.03,0.15572
9829.53,0.15523
9832.02,0.15528
9834.52,0.15491
9837.01,0.15539
9839.51,0.15569
9842.0,0.15607
9844.5,0.15637
9847.0,0.1565
9849.49,0.15642
9851.99,0.15661
9854.48,0.15646
9856.98,0.15637
9859.47,0.15672
9861.97,0.15634
9864.46,0.15613
9866.96,0.15643
9869.45,0.15602
9871.95,0.15626
9874.44,0.15634
9876.94,0.15654
9879.43,0.15667
9881.93,0.15652
9884.42,0.15624
9886.92,0.15612
9889.41,0.15559
9891.91,0.15511
9894.4,0.15443
9896.9,0.15438
9899.39,0.15396
9901.89,0.15389
9904.38,0.15332
9906.88,0.15341
9909.37,0.15312
9911.87,0.15233
9914.36,0.15271
9916.86,0.1525
9919.35,0.15268
9921.85,0.15263
9924.34,0.15236
9926.84,0.15225
9929.33,0.1519
9931.83,0.15251
9934.33,0.15289
9936.82,0.15327
9939.32,0.15356
9941.81,0.15356
9944.31,0.15356
9946.8,0.1534
9949.3,0.15322
9951.79,0.15345
9954.29,0.15368
9956.78,0.15402
9959.28,0.15431
9961.77,0.15477
9964.27,0.15476
9966.76,0.15504
9969.26,0.15487
9971.75,0.15465
9974.25,0.15474
9976.74,0.1546
9979.24,0.15452
9981.73,0.15434
9984.23,0.15413
9986.72,0.1542
9989.22,0.15382
9991.71,0.15338
9994.21,0.1535
9996.7,0.15297
9999.2,0.15278
10001.7,0.15293
10004.2,0.1528
10006.7,0.15266
10009.2,0.15309
10011.7,0.15349
10014.2,0.15401
10016.7,0.15429
10019.2,0.15477
10021.7,0.15534
10024.2,0.15529
10026.6,0.15517
10029.1,0.15478
10031.6,0.1541
10034.1,0.15344
10036.6,0.153
10039.1,0.1524
10041.6,0.15235
10044.1,0.15258
10046.6,0.15213
10049.1,0.1518
10051.6,0.15129
10054.1,0.15096
10056.6,0.15103
10059.1,0.15098
10061.6,0.1511
10064.1,0.15124
10066.6,0.15157
10069.1,0.15252
10071.6,0.15262
10074.1,0.15295
10076.5,0.15289
10079.0,0.15314
10081.5,0.15282
10084.0,0.15289
10086.5,0.15289
10089.0,0.15327
10091.5,0.1537
10094.0,0.15442
10096.5,0.15479
10099.0,0.15497
10101.5,0.15518
10104.0,0.15493
10106.5,0.15508
10109.0,0.1546
10111.5,0.1543
10114.0,0.15365
10116.5,0.15351
10119.0,0.15342
10121.5,0.15314
10124.0,0.15356
10126.5,0.15348
10128.9,0.15321
10131.4,0.15341
10133.9,0.15352
10136.4,0.15298
10138.9,0.15243
10141.4,0.15187
10143.9,0.15144
10146.4,0.15092
10148.9,0.15092
10151.4,0.15089
10153.9,0.1515
10156.4,0.15155
10158.9,0.15193
10161.4,0.15179
10163.9,0.15202
10166.4,0.15184
10168.9,0.15189
10171.4,0.15215
10173.9,0.15201
10176.4,0.15238
10178.9,0.15248
10181.3,0.15235
10183.8,0.15185
10186.3,0.15211
10188.8,0.15146
10191.3,0.15154
10193.8,0.15096
10196.3,0.15059
10198.8,0.15084
10201.3,0.15145
10203.8,0.1513
10206.3,0.1514
10208.8,0.15149
10211.3,0.15087
10213.8,0.15087
10216.3,0.15032
10218.8,0.14968
10221.3,0.1501
10223.8,0.15015
10226.3,0.15079
10228.8,0.15089
10231.2,0.15122
10233.7,0.1513
10236.2,0.15166
10238.7,0.15168
10241.2,0.15155
10243.7,0.15154
10246.2,0.15167
10248.7,0.15121
10251.2,0.15113
10253.7,0.15123
10256.2,0.15039
10258.7,0.15065
10261.2,0.14983
10263.7,0.14982
10266.2,0.14983
10268.7,0.1498
10271.2,0.14987
10273.7,0.15014
10276.2,0.15043
10278.7,0.15028
10281.2,0.15013
10283.6,0.15027
10286.1,0.1501
10288.6,0.15006
10291.1,0.14983
10293.6,0.15007
10296.1,0.14993
10298.6,0.14987
10301.1,0.14976
10303.6,0.15004
10306.1,0.15066
10308.6,0.15042
10311.1,0.15024
10313.6,0.15012
10316.1,0.15059
10318.6,0.15046
10321.1,0.1496
10323.6,0.14894
10326.1,0.14812
10328.6,0.1476
10331.1,0.14737
10333.5,0.14652
10336.0,0.14666
10338.5,0.14666
10341.0,0.14589
10343.5,0.14611
10346.0,0.14571
10348.5,0.14622
10351.0,0.14681
10353.5,0.14763
10356.0,0.14879
10358.5,0.1494
10361.0,0.14962
10363.5,0.14959
10366.0,0.14922
10368.5,0.14919
10371.0,0.14825
10373.5,0.14822
10376.0,0.14767
10378.5,0.14783
10381.0,0.14778
10383.5,0.14804
10385.9,0.14789
10388.4,0.14792
10390.9,0.14755
10393.4,0.1472
10395.9,0.14678
10398.4,0.1463
10400.9,0.1462
10403.4,0.14689
10405.9,0.14773
10408.4,0.14827
10410.9,0.14857
10413.4,0.14907
10415.9,0.14868
10418.4,0.14887
10420.9,0.14838
10423.4,0.14773
10425.9,0.14775
10428.4,0.14755
10430.9,0.14776
10433.4,0.14756
10435.9,0.14861
10438.3,0.14863
10440.8,0.14887
10443.3,0.14897
10445.8,0.14934
10448.3,0.14895
10450.8,0.14891
10453.3,0.14839
10455.8,0.14818
10458.3,0.14812
10460.8,0.14751
10463.3,0.14742
10465.8,0.1468
10468.3,0.14721
10470.8,0.14712
10473.3,0.14715
10475.8,0.14713
10478.3,0.1473
10480.8,0.14754
10483.3,0.14753
10485.8,0.14775
10488.2,0.14687
10490.7,0.14704
10493.2,0.14681
10495.7,0.14644
10498.2,0.14596
10500.7,0.14589
10503.2,0.14579
10505.7,0.14642
10508.2,0.14629
10510.7,0.14626
10513.2,0.14655
10515.7,0.14627
10518.2,0.14639
10520.7,0.14652
10523.2,0.14735
10525.7,0.14673
10528.2,0.14665
10530.7,0.14645
10533.2,0.14589
10535.7,0.14625
10538.2,0.14605
10540.6,0.14613
10543.1,0.14653
10545.6,0.14681
10548.1,0.14669
10550.6,0.14637
10553.1,0.14641
10555.6,0.14649
10558.1,0.14592
10560.6,0.14566
10563.1,0.14588
10565.6,0.14599
10568.1,0.14597
10570.6,0.14595
10573.1,0.14586
10575.6,0.14534
10578.1,0.14441
10580.6,0.14332
10583.1,0.14276
10585.6,0.14216
10588.1,0.14208
10590.6,0.14205
10593.0,0.14317
10595.5,0.14382
10598.0,0.14405
10600.5,0.14441
10603.0,0.14384
10605.5,0.14365
10608.0,0.1431
10610.5,0.14302
10613.0,0.14335
10615.5,0.14351
10618.0,0.14426
10620.5,0.14414
10623.0,0.14447
10625.5,0.14485
10628.0,0.14514
10630.5,0.14545
10633.0,0.14548
10635.5,0.14539
10638.0,0.14575
10640.5,0.14559
10642.9,0.14539
10645.4,0.14538
10647.9,0.14497
10650.4,0.14475
10652.9,0.14375
10655.4,0.14319
10657.9,0.14235
10660.4,0.14199
10662.9,0.14117
10665.4,0.14081
10667.9,0.14136
10670.4,0.14189
10672.9,0.14197
10675.4,0.14266
10677.9,0.14249
10680.4,0.14264
10682.9,0.14277
10685.4,0.14214
10687.9,0.14185
10690.4,0.1416
10692.9,0.14103
10695.3,0.14137
10697.8,0.14171
10700.3,0.14254
10702.8,0.14297
10705.3,0.14365
10707.8,0.14384
10710.3,0.14413
10712.8,0.14429
10715.3,0.1443
10717.8,0.14364
10720.3,0.14328
10722.8,0.14236
10725.3,0.14127
10727.8,0.14061
10730.3,0.14027
10732.8,0.13994
10735.3,0.14044
10737.8,0.14106
10740.3,0.14142
10742.8,0.1417
10745.3,0.14215
10747.7,0.14163
10750.2,0.14125
10752.7,0.14102
10755.2,0.14127
10757.7,0.14163
10760.2,0.14208
10762.7,0.14273
10765.2,0.14328
10767.7,0.14339
10770.2,0.14291
10772.7,0.14263
10775.2,0.14134
10777.7,0.14127
10780.2,0.14025
10782.7,0.13941
10785.2,0.13875
10787.7,0.13855
10790.2,0.139
10792.7,0.13963
10795.2,0.14025
10797.6,0.14082
10800.1,0.1414
10802.6,0.14109
10805.1,0.14112
10807.6,0.14064
10810.1,0.13995
10812.6,0.13908
10815.1,0.13856
10817.6,0.13783
10820.1,0.13761
10822.6,0.13727
10825.1,0.13688
10827.6,0.13675
10830.1,0.1368
10832.6,0.13693
10835.1,0.1378
10837.6,0.13863
10840.1,0.13927
10842.6,0.13972
10845.1,0.14008
10847.6,0.14026
10850.0,0.14047
10852.5,0.14057
10855.0,0.14087
10857.5,0.14098
10860.0,0.14056
10862.5,0.13993
10865.0,0.13874
10867.5,0.13744
10870.0,0.13615
10872.5,0.13497
10875.0,0.13494
10877.5,0.13511
10880.0,0.13514
10882.5,0.13572
10885.0,0.13603
10887.5,0.1364
10890.0,0.1366
10892.5,0.13677
10895.0,0.13769
10897.5,0.13817
10900.0,0.13836
10902.4,0.13864
10904.9,0.13898
10907.4,0.13947
10909.9,0.13913
10912.4,0.13917
10914.9,0.13879
10917.4,0.13829
10919.9,0.13802
10922.4,0.13742
10924.9,0.13653
10927.4,0.1355
10929.9,0.13491
10932.4,0.13422
10934.9,0.13391
10937.4,0.13404
10939.9,0.13442
10942.4,0.13488
10944.9,0.13503
10947.4,0.13501
10949.9,0.13485
10952.3,0.13464
10954.8,0.13414
10957.3,0.13333
10959.8,0.13255
10962.3,0.13099
10964.8,0.12977
10967.3,0.12875
10969.8,0.12856
10972.3,0.12796
10974.8,0.12806
10977.3,0.12824
10979.8,0.12889
10982.3,0.12877
10984.8,0.12926
10987.3,0.12956
10989.8,0.12972
10992.3,0.12973
10994.8,0.12954
10997.3,0.12934
10999.8,0.12924
