wave,flux
3700.85,0.14139
3701.75,0.14014
3702.65,0.13546
3703.55,0.12938
3704.45,0.12233
3705.35,0.11683
3706.25,0.11231
3707.15,0.11035
3708.05,0.11035
3708.96,0.11261
3709.86,0.11517
3710.76,0.11973
3711.66,0.1245
3712.56,0.13079
3713.46,0.13616
3714.36,0.14109
3715.26,0.14432
3716.16,0.14384
3717.06,0.14179
3717.96,0.13617
3718.86,0.12745
3719.76,0.1186
3720.66,0.11004
3721.56,0.10473
3722.46,0.10331
3723.36,0.1062
3724.26,0.11268
3725.16,0.11911
3726.06,0.12574
3726.96,0.12928
3727.86,0.13118
3728.76,0.13118
3729.66,0.13074
3730.56,0.12811
3731.46,0.1231
3732.36,0.1168
3733.26,0.10884
3734.16,0.10031
3735.06,0.094484
3735.96,0.091102
3736.86,0.092135
3737.76,0.097298
3738.66,0.1048
3739.56,0.11338
3740.46,0.12109
3741.36,0.12587
3742.26,0.12815
3743.16,0.12661
3744.06,0.12243
3744.96,0.11699
3745.86,0.11081
3746.76,0.10477
3747.67,0.099623
3748.57,0.095791
3749.47,0.093923
3750.37,0.09531
3751.27,0.1007
3752.17,0.10895
3753.07,0.11938
3753.97,0.12814
3754.87,0.13531
3755.77,0.1382
3756.67,0.13896
3757.57,0.13504
3758.47,0.13037
3759.37,0.12598
3760.27,0.12415
3761.17,0.12496
3762.07,0.12699
3762.97,0.12874
3763.87,0.13145
3764.77,0.13209
3765.67,0.13187
3766.57,0.13176
3767.47,0.13005
3768.37,0.12881
3769.27,0.12783
3770.17,0.12754
3771.07,0.12848
3771.97,0.13072
3772.87,0.13462
3773.77,0.13919
3774.67,0.14383
3775.57,0.14657
3776.47,0.14894
3777.37,0.15227
3778.27,0.15494
3779.17,0.15688
3780.07,0.16086
3780.97,0.163
3781.87,0.16548
3782.77,0.1664
3783.67,0.16653
3784.57,0.16318
3785.47,0.16033
3786.38,0.15508
3787.28,0.15029
3788.18,0.14507
3789.08,0.14201
3789.98,0.13982
3790.88,0.13891
3791.78,0.13878
3792.68,0.13688
3793.58,0.13396
3794.48,0.13046
3795.38,0.12649
3796.28,0.12162
3797.18,0.11724
3798.08,0.11466
3798.98,0.11501
3799.88,0.118
3800.78,0.12425
3801.68,0.13257
3802.58,0.14171
3803.48,0.149
3804.38,0.15428
3805.28,0.15743
3806.18,0.15787
3807.08,0.15837
3807.98,0.1582
3808.88,0.15877
3809.78,0.15989
3810.68,0.1602
3811.58,0.15929
3812.48,0.1566
3813.38,0.15182
3814.28,0.14583
3815.18,0.14126
3816.08,0.13784
3816.98,0.1359
3817.88,0.1352
3818.78,0.13428
3819.68,0.13277
3820.58,0.13163
3821.48,0.129
3822.38,0.12763
3823.28,0.12627
3824.18,0.12394
3825.09,0.12036
3825.99,0.11688
3826.89,0.11376
3827.79,0.11155
3828.69,0.1101
3829.59,0.10953
3830.49,0.1084
3831.39,0.10554
3832.29,0.10244
3833.19,0.098167
3834.09,0.094807
3834.99,0.092444
3835.89,0.091353
3836.79,0.091923
3837.69,0.093125
3838.59,0.095663
3839.49,0.09817
3840.39,0.10273
3841.29,0.1099
3842.19,0.11728
3843.09,0.12624
3843.99,0.13265
3844.89,0.14011
3845.79,0.14475
3846.69,0.14761
3847.59,0.1501
3848.49,0.15062
3849.39,0.15023
3850.29,0.14987
3851.19,0.15032
3852.09,0.15022
3852.99,0.15051
3853.89,0.15048
3854.79,0.1491
3855.69,0.14703
3856.59,0.14314
3857.49,0.13904
3858.39,0.13552
3859.29,0.1325
3860.19,0.1314
3861.09,0.13285
3861.99,0.13747
3862.9,0.14331
3863.8,0.14765
3864.7,0.15169
3865.6,0.15322
3866.5,0.15388
3867.4,0.15382
3868.3,0.15306
3869.2,0.1503
3870.1,0.14737
3871.0,0.1439
3871.9,0.14008
3872.8,0.13825
3873.7,0.13644
3874.6,0.13808
3875.5,0.13949
3876.4,0.14043
3877.3,0.14044
3878.2,0.13979
3879.1,0.13827
3880.0,0.13728
3880.9,0.13635
3881.8,0.13689
3882.7,0.13694
3883.6,0.13534
3884.5,0.13338
3885.4,0.12959
3886.3,0.12464
3887.2,0.12013
3888.1,0.11713
3889.0,0.11562
3889.9,0.11618
3890.8,0.12009
3891.7,0.12601
3892.6,0.13133
3893.5,0.13617
3894.4,0.13994
3895.3,0.14316
3896.2,0.14514
3897.1,0.14736
3898.0,0.14828
3898.9,0.14958
3899.8,0.15029
3900.7,0.15091
3901.6,0.15098
3902.51,0.15057
3903.41,0.14894
3904.31,0.1485
3905.21,0.14699
3906.11,0.14735
3907.01,0.14783
3907.91,0.15127
3908.81,0.15535
3909.71,0.16017
3910.61,0.16349
3911.51,0.16705
3912.41,0.168
3913.31,0.16875
3914.21,0.16734
3915.11,0.167
3916.01,0.1643
3916.91,0.16186
3917.81,0.15861
3918.71,0.15473
3919.61,0.15174
3920.51,0.14803
3921.41,0.14438
3922.31,0.14244
3923.21,0.14051
3924.11,0.1395
3925.01,0.13637
3925.91,0.13219
3926.81,0.12544
3927.71,0.11693
3928.61,0.10684
3929.51,0.095295
3930.41,0.083104
3931.31,0.071767
3932.21,0.062046
3933.11,0.054126
3934.01,0.049909
3934.91,0.048934
3935.81,0.052304
3936.71,0.059256
3937.61,0.068917
3938.51,0.080685
3939.42,0.09247
3940.32,0.103
3941.22,0.11245
3942.12,0.11949
3943.02,0.12476
3943.92,0.12977
3944.82,0.13345
3945.72,0.13834
3946.62,0.14307
3947.52,0.14795
3948.42,0.15174
3949.32,0.15418
3950.22,0.15771
3951.12,0.15961
3952.02,0.16137
3952.92,0.16254
3953.82,0.16285
3954.72,0.16318
3955.62,0.16297
3956.52,0.16177
3957.42,0.16063
3958.32,0.15864
3959.22,0.15552
3960.12,0.15048
3961.02,0.14421
3961.92,0.1366
3962.82,0.12751
3963.72,0.11685
3964.62,0.10619
3965.52,0.095201
3966.42,0.084008
3967.32,0.07337
3968.22,0.06488
3969.12,0.059216
3970.02,0.058145
3970.92,0.061318
3971.82,0.069371
3972.72,0.079786
3973.62,0.09214
3974.52,0.10488
3975.42,0.11686
3976.32,0.12809
3977.22,0.13837
3978.13,0.14812
3979.03,0.15553
3979.93,0.16212
3980.83,0.16677
3981.73,0.17027
3982.63,0.17154
3983.53,0.17286
3984.43,0.17459
3985.33,0.176
3986.23,0.17765
3987.13,0.17994
3988.03,0.18228
3988.93,0.18366
3989.83,0.18565
3990.73,0.18706
3991.63,0.18845
3992.53,0.19067
3993.43,0.19019
3994.33,0.18966
3995.23,0.18864
3996.13,0.18699
3997.03,0.18447
3997.93,0.18422
3998.83,0.18477
3999.73,0.1871
4000.63,0.18911
4001.53,0.19124
4002.43,0.19246
4003.33,0.19341
4004.23,0.19194
4005.13,0.18881
4006.03,0.18631
4006.93,0.18571
4007.83,0.18703
4008.73,0.18913
4009.63,0.19107
4010.53,0.19424
4011.43,0.19697
4012.33,0.19857
4013.23,0.19935
4014.13,0.2
4015.03,0.2003
4015.93,0.19931
4016.84,0.19929
4017.74,0.19943
4018.64,0.19999
4019.54,0.20085
4020.44,0.2014
4021.34,0.2018
4022.24,0.20107
4023.14,0.20112
4024.04,0.20115
4024.94,0.20196
4025.84,0.20284
4026.74,0.20442
4027.64,0.20433
4028.54,0.20396
4029.44,0.20146
4030.34,0.19764
4031.24,0.19287
4032.14,0.1896
4033.04,0.1864
4033.94,0.18635
4034.84,0.18785
4035.74,0.19189
4036.64,0.19741
4037.54,0.20247
4038.44,0.20656
4039.34,0.20908
4040.24,0.20986
4041.14,0.20839
4042.04,0.20576
4042.94,0.20144
4043.84,0.19544
4044.74,0.1902
4045.64,0.18636
4046.54,0.18413
4047.44,0.18519
4048.34,0.18831
4049.24,0.19325
4050.14,0.19851
4051.04,0.20253
4051.94,0.20503
4052.84,0.2048
4053.74,0.20427
4054.65,0.20224
4055.55,0.19938
4056.45,0.19807
4057.35,0.19758
4058.25,0.19822
4059.15,0.19717
4060.05,0.1978
4060.95,0.19663
4061.85,0.19563
4062.75,0.19297
4063.65,0.18974
4064.55,0.18771
4065.45,0.18649
4066.35,0.18768
4067.25,0.18965
4068.15,0.19312
4069.05,0.19588
4069.95,0.19732
4070.85,0.19788
4071.75,0.19709
4072.65,0.19696
4073.55,0.19496
4074.45,0.19457
4075.35,0.19172
4076.25,0.18935
4077.15,0.18679
4078.05,0.18533
4078.95,0.18565
4079.85,0.18778
4080.75,0.19196
4081.65,0.19533
4082.55,0.19931
4083.45,0.20137
4084.35,0.20258
4085.25,0.20377
4086.15,0.20541
4087.05,0.2067
4087.95,0.21036
4088.85,0.21408
4089.75,0.21648
4090.65,0.21772
4091.55,0.21684
4092.45,0.21565
4093.36,0.21299
4094.26,0.20994
4095.16,0.20746
4096.06,0.20268
4096.96,0.19793
4097.86,0.19212
4098.76,0.18517
4099.66,0.17878
4100.56,0.1722
4101.46,0.16616
4102.36,0.16303
4103.26,0.16333
4104.16,0.16693
4105.06,0.17186
4105.96,0.17959
4106.86,0.18646
4107.76,0.19201
4108.66,0.19626
4109.56,0.19825
4110.46,0.19919
4111.36,0.20148
4112.26,0.20337
4113.16,0.20479
4114.06,0.20683
4114.96,0.20998
4115.86,0.21071
4116.76,0.21097
4117.66,0.21033
4118.56,0.20886
4119.46,0.20755
4120.36,0.20636
4121.26,0.20567
4122.16,0.20588
4123.06,0.20636
4123.96,0.20686
4124.86,0.20762
4125.76,0.20826
4126.66,0.20884
4127.56,0.20734
4128.46,0.20675
4129.36,0.20453
4130.26,0.20177
4131.17,0.20035
4132.06,0.1979
4132.97,0.19676
4133.87,0.1966
4134.77,0.1965
4135.67,0.19933
4136.57,0.2031
4137.47,0.20612
4138.37,0.21067
4139.27,0.21311
4140.17,0.21281
4141.07,0.20978
4141.97,0.2075
4142.87,0.20299
4143.77,0.19926
4144.67,0.19725
4145.57,0.19746
4146.47,0.1994
4147.37,0.20179
4148.27,0.20512
4149.17,0.2067
4150.07,0.20644
4150.97,0.20637
4151.87,0.2063
4152.77,0.20476
4153.67,0.20412
4154.57,0.20257
4155.47,0.20265
4156.37,0.20314
4157.27,0.20366
4158.17,0.20517
4159.07,0.20812
4159.97,0.21014
4160.87,0.21211
4161.77,0.21336
4162.67,0.21563
4163.57,0.21612
4164.47,0.21634
4165.37,0.21485
4166.27,0.21349
4167.17,0.21259
4168.07,0.21061
4168.98,0.21045
4169.88,0.20739
4170.78,0.20334
4171.68,0.20049
4172.58,0.19718
4173.48,0.19492
4174.38,0.19296
4175.28,0.19254
4176.18,0.19376
4177.08,0.19614
4177.98,0.19727
4178.88,0.1996
4179.78,0.20159
4180.68,0.20319
4181.58,0.20443
4182.48,0.20434
4183.38,0.20467
4184.28,0.20416
4185.18,0.20454
4186.08,0.20423
4186.98,0.20337
4187.88,0.20271
4188.78,0.20243
4189.68,0.20225
4190.58,0.20401
4191.48,0.20643
4192.38,0.20729
4193.28,0.20866
4194.18,0.2092
4195.08,0.20843
4195.98,0.20466
4196.88,0.20306
4197.78,0.2004
4198.68,0.19725
4199.58,0.19514
4200.48,0.19312
4201.38,0.19287
4202.28,0.19269
4203.18,0.19449
4204.08,0.19599
4204.98,0.19901
4205.88,0.20156
4206.79,0.20418
4207.69,0.20715
4208.59,0.20904
4209.49,0.21072
4210.39,0.21247
4211.29,0.21259
4212.19,0.21252
4213.09,0.20999
4213.99,0.20822
4214.89,0.20743
4215.79,0.20479
4216.69,0.20255
4217.59,0.2036
4218.49,0.20555
4219.39,0.20604
4220.29,0.20928
4221.19,0.20971
4222.09,0.20867
4222.99,0.20493
4223.89,0.19807
4224.79,0.19004
4225.69,0.18247
4226.59,0.17728
4227.49,0.17479
4228.39,0.17594
4229.29,0.18086
4230.19,0.18754
4231.09,0.19434
4231.99,0.19905
4232.89,0.2022
4233.79,0.20261
4234.69,0.20157
4235.59,0.20081
4236.49,0.19936
4237.39,0.19885
4238.29,0.19876
4239.19,0.19948
4240.09,0.20122
4240.99,0.20386
4241.89,0.20554
4242.79,0.2084
4243.69,0.21022
4244.59,0.21047
4245.5,0.21037
4246.4,0.20858
4247.3,0.20623
4248.2,0.2032
4249.1,0.20021
4250.0,0.198
4250.9,0.19665
4251.8,0.19798
4252.7,0.19899
4253.6,0.2007
4254.5,0.20016
4255.4,0.20148
4256.3,0.20261
4257.2,0.20278
4258.1,0.20207
4259.0,0.20102
4259.9,0.20065
4260.8,0.19906
4261.7,0.19968
4262.6,0.20134
4263.5,0.20533
4264.4,0.20849
4265.3,0.21143
4266.2,0.21272
4267.1,0.21249
4268.0,0.21073
4268.9,0.20697
4269.8,0.20144
4270.7,0.19629
4271.6,0.19075
4272.5,0.18728
4273.4,0.18424
4274.3,0.18517
4275.2,0.18767
4276.1,0.19063
4277.0,0.19535
4277.9,0.19931
4278.8,0.20217
4279.7,0.20426
4280.6,0.20387
4281.5,0.20355
4282.4,0.20289
4283.31,0.20069
4284.21,0.20014
4285.11,0.1989
4286.01,0.19656
4286.91,0.19313
4287.81,0.19009
4288.71,0.18639
4289.61,0.18418
4290.51,0.18352
4291.41,0.1828
4292.31,0.18426
4293.21,0.18572
4294.11,0.1874
4295.01,0.18852
4295.91,0.18783
4296.81,0.18384
4297.71,0.17945
4298.61,0.17332
4299.51,0.16711
4300.41,0.16143
4301.31,0.15777
4302.21,0.15668
4303.11,0.15557
4304.01,0.15547
4304.91,0.15563
4305.81,0.15529
4306.71,0.1536
4307.61,0.15296
4308.51,0.15192
4309.41,0.15187
4310.31,0.1532
4311.21,0.15627
4312.11,0.16221
4313.01,0.16854
4313.91,0.17699
4314.81,0.18739
4315.71,0.19672
4316.61,0.20709
4317.51,0.21617
4318.41,0.22242
4319.31,0.2257
4320.21,0.22593
4321.12,0.22291
4322.02,0.21866
4322.92,0.21142
4323.82,0.20505
4324.72,0.19896
4325.62,0.19507
4326.52,0.19325
4327.42,0.19604
4328.32,0.20017
4329.22,0.20677
4330.12,0.21252
4331.02,0.21729
4331.92,0.22077
4332.82,0.22288
4333.72,0.22117
4334.62,0.22002
4335.52,0.21785
4336.42,0.21193
4337.32,0.20438
4338.22,0.19493
4339.12,0.18632
4340.02,0.17906
4340.92,0.17494
4341.82,0.17418
4342.72,0.17679
4343.62,0.18336
4344.52,0.19075
4345.42,0.19965
4346.32,0.20603
4347.22,0.21098
4348.12,0.21451
4349.02,0.21575
4349.92,0.21628
4350.82,0.21385
4351.72,0.21158
4352.62,0.20923
4353.52,0.20839
4354.42,0.20876
4355.32,0.21085
4356.22,0.21345
4357.12,0.21577
4358.02,0.21865
4358.92,0.2187
4359.83,0.22164
4360.73,0.2234
4361.63,0.22398
4362.53,0.2263
4363.43,0.22842
4364.33,0.2295
4365.23,0.23037
4366.13,0.2308
4367.03,0.22912
4367.93,0.22585
4368.83,0.22561
4369.73,0.22298
4370.63,0.22082
4371.53,0.21923
4372.43,0.21744
4373.33,0.21608
4374.23,0.21314
4375.13,0.2127
4376.03,0.21268
4376.93,0.21249
4377.83,0.21454
4378.73,0.21691
4379.63,0.21767
4380.53,0.2162
4381.43,0.21221
4382.33,0.20702
4383.23,0.20236
4384.13,0.19713
4385.03,0.19408
4385.93,0.19359
4386.83,0.19638
4387.73,0.20015
4388.63,0.20404
4389.53,0.20723
4390.43,0.21088
4391.33,0.21316
4392.23,0.21451
4393.13,0.21653
4394.03,0.21731
4394.93,0.21826
4395.83,0.21936
4396.73,0.22034
4397.64,0.22146
4398.54,0.2217
4399.44,0.22136
4400.34,0.22037
4401.24,0.2192
4402.14,0.21692
4403.04,0.21506
4403.94,0.21376
4404.84,0.21158
4405.74,0.21096
4406.64,0.21075
4407.54,0.21167
4408.44,0.214
4409.34,0.21745
4410.24,0.22023
4411.14,0.22336
4412.04,0.22764
4412.94,0.22891
4413.84,0.22803
4414.74,0.22857
4415.64,0.22639
4416.54,0.22406
4417.44,0.22492
4418.34,0.22624
4419.24,0.22758
4420.14,0.23023
4421.04,0.23156
4421.94,0.2327
4422.84,0.23254
4423.74,0.2312
4424.64,0.23129
4425.54,0.23072
4426.44,0.22983
4427.34,0.22928
4428.24,0.22943
4429.14,0.22939
4430.04,0.22969
4430.94,0.22972
4431.84,0.22899
4432.74,0.22751
4433.64,0.22688
4434.54,0.2255
4435.45,0.22404
4436.35,0.22549
4437.25,0.22697
4438.15,0.22906
4439.05,0.2328
4439.95,0.23466
4440.85,0.23328
4441.75,0.23262
4442.65,0.23117
4443.55,0.23106
4444.45,0.22906
4445.35,0.22998
4446.25,0.23231
4447.15,0.2339
4448.05,0.23487
4448.95,0.23725
4449.85,0.236
4450.75,0.23502
4451.65,0.23389
4452.55,0.23307
4453.45,0.2289
4454.35,0.22671
4455.25,0.22233
4456.15,0.2204
4457.05,0.21845
4457.95,0.21733
4458.85,0.21777
4459.75,0.21789
4460.65,0.21801
4461.55,0.2206
4462.45,0.22042
4463.35,0.22309
4464.25,0.22498
4465.15,0.22712
4466.05,0.22962
4466.95,0.23014
4467.85,0.23165
4468.75,0.23088
4469.65,0.23142
4470.55,0.23172
4471.45,0.23452
4472.35,0.23591
4473.25,0.23917
4474.16,0.2432
4475.06,0.24518
4475.96,0.24709
4476.86,0.24876
4477.76,0.24718
4478.66,0.24624
4479.56,0.24499
4480.46,0.24266
4481.36,0.24078
4482.26,0.23833
4483.16,0.2387
4484.06,0.23858
4484.96,0.24106
4485.86,0.24293
4486.76,0.24389
4487.66,0.24412
4488.56,0.24327
4489.46,0.24175
4490.36,0.24126
4491.26,0.23987
4492.16,0.23972
4493.06,0.24121
4493.96,0.24034
4494.86,0.23924
4495.76,0.23983
4496.66,0.24029
4497.56,0.24098
4498.46,0.24278
4499.36,0.24415
4500.26,0.24704
4501.16,0.2482
4502.06,0.25093
4502.96,0.25255
4503.86,0.25554
4504.76,0.25625
4505.66,0.25849
4506.56,0.25829
4507.46,0.25975
4508.36,0.26
4509.26,0.25977
4510.17,0.25845
4511.06,0.25916
4511.97,0.25711
4512.87,0.25504
4513.77,0.25322
4514.67,0.2537
4515.57,0.25108
4516.47,0.25027
4517.37,0.24893
4518.27,0.24924
4519.17,0.24831
4520.07,0.24826
4520.97,0.24781
4521.87,0.24692
4522.77,0.24579
4523.67,0.24496
4524.57,0.24075
4525.47,0.23792
4526.37,0.235
4527.27,0.23203
4528.17,0.23004
4529.07,0.22748
4529.97,0.22593
4530.87,0.22681
4531.77,0.22651
4532.67,0.2264
4533.57,0.22623
4534.47,0.22737
4535.37,0.22868
4536.27,0.23008
4537.17,0.2326
4538.07,0.23727
4538.97,0.24143
4539.87,0.24432
4540.77,0.24651
4541.67,0.24699
4542.57,0.24625
4543.47,0.24619
4544.37,0.24506
4545.27,0.24481
4546.17,0.24248
4547.07,0.24152
4547.97,0.23993
4548.88,0.23807
4549.77,0.23801
4550.68,0.23726
4551.58,0.23638
4552.48,0.23501
4553.38,0.23661
4554.28,0.23603
4555.18,0.23711
4556.08,0.23829
4556.98,0.24113
4557.88,0.24347
4558.78,0.24725
4559.68,0.24949
4560.58,0.25109
4561.48,0.2533
4562.38,0.253
4563.28,0.25091
4564.18,0.25108
4565.08,0.25007
4565.98,0.2487
4566.88,0.25018
4567.78,0.25069
4568.68,0.25062
4569.58,0.25239
4570.48,0.25252
4571.38,0.25139
4572.28,0.25064
4573.18,0.25092
4574.08,0.25151
4574.98,0.25154
4575.88,0.25296
4576.78,0.25257
4577.68,0.25223
4578.58,0.25058
4579.48,0.24842
4580.38,0.24706
4581.28,0.24527
4582.18,0.24319
4583.08,0.24343
4583.98,0.24393
4584.88,0.24346
4585.78,0.2448
4586.69,0.24576
4587.58,0.24777
4588.49,0.24817
4589.39,0.25039
4590.29,0.25143
4591.19,0.25079
4592.09,0.24959
4592.99,0.24916
4593.89,0.24879
4594.79,0.2471
4595.69,0.24733
4596.59,0.24692
4597.49,0.24787
4598.39,0.24854
4599.29,0.24819
4600.19,0.24903
4601.09,0.24823
4601.99,0.24781
4602.89,0.24856
4603.79,0.2476
4604.69,0.24948
4605.59,0.25117
4606.49,0.25224
4607.39,0.25384
4608.29,0.25583
4609.19,0.25693
4610.09,0.25811
4610.99,0.25906
4611.89,0.25878
4612.79,0.25823
4613.69,0.25866
4614.59,0.2573
4615.49,0.25838
4616.39,0.25604
4617.29,0.25762
4618.19,0.2575
4619.09,0.25731
4619.99,0.25735
4620.89,0.25852
4621.79,0.25865
4622.69,0.25764
4623.59,0.25862
4624.5,0.25968
4625.4,0.25956
4626.3,0.25946
4627.2,0.25862
4628.1,0.25867
4629.0,0.25781
4629.9,0.25732
4630.8,0.2575
4631.7,0.25824
4632.6,0.25764
4633.5,0.25679
4634.4,0.25622
4635.3,0.25601
4636.2,0.2548
4637.1,0.25332
4638.0,0.25351
4638.9,0.2525
4639.8,0.25345
4640.7,0.25334
4641.6,0.2538
4642.5,0.25496
4643.4,0.2545
4644.3,0.25453
4645.2,0.25355
4646.1,0.25247
4647.0,0.25017
4647.9,0.24905
4648.8,0.24866
4649.7,0.24968
4650.6,0.24968
4651.5,0.25054
4652.4,0.25024
4653.3,0.25203
4654.2,0.25158
4655.1,0.2517
4656.0,0.25018
4656.9,0.25264
4657.8,0.25398
4658.7,0.2575
4659.6,0.2581
4660.5,0.26045
4661.4,0.26066
4662.3,0.2614
4663.21,0.26019
4664.11,0.25698
4665.01,0.25324
4665.91,0.25022
4666.81,0.24718
4667.71,0.24434
4668.61,0.2427
4669.51,0.24294
4670.41,0.24332
4671.31,0.24508
4672.21,0.24871
4673.11,0.24964
4674.01,0.25207
4674.91,0.25509
4675.81,0.25523
4676.71,0.25692
4677.61,0.25572
4678.51,0.25437
4679.41,0.25435
4680.31,0.25339
4681.21,0.25246
4682.11,0.25128
4683.01,0.25135
4683.91,0.25262
4684.81,0.25275
4685.71,0.25342
4686.61,0.25558
4687.51,0.25499
4688.41,0.25617
4689.31,0.25668
4690.21,0.25633
4691.11,0.25631
4692.01,0.25637
4692.91,0.25755
4693.81,0.25791
4694.71,0.25984
4695.61,0.26039
4696.51,0.26027
4697.41,0.25968
4698.31,0.25816
4699.21,0.25589
4700.12,0.25578
4701.02,0.25268
4701.92,0.25055
4702.82,0.24991
4703.72,0.24925
4704.62,0.24963
4705.52,0.24841
4706.42,0.24803
4707.32,0.24827
4708.22,0.24814
4709.12,0.24859
4710.02,0.24914
4710.92,0.25026
4711.82,0.25156
4712.72,0.25325
4713.62,0.2552
4714.52,0.25612
4715.42,0.25642
4716.32,0.25819
4717.22,0.25908
4718.12,0.25917
4719.02,0.26063
4719.92,0.26208
4720.82,0.26405
4721.72,0.26478
4722.62,0.26489
4723.52,0.26376
4724.42,0.2631
4725.32,0.26344
4726.22,0.26189
4727.12,0.25896
4728.02,0.2575
4728.92,0.2556
4729.82,0.25332
4730.72,0.25351
4731.62,0.25312
4732.52,0.25326
4733.42,0.25346
4734.32,0.25463
4735.22,0.25599
4736.12,0.25608
4737.02,0.25564
4737.92,0.2576
4738.83,0.25659
4739.73,0.2579
4740.63,0.25787
4741.53,0.25775
4742.43,0.25919
4743.33,0.26003
4744.23,0.25985
4745.13,0.26018
4746.03,0.26184
4746.93,0.26201
4747.83,0.26326
4748.73,0.26466
4749.63,0.26409
4750.53,0.26367
4751.43,0.26426
4752.33,0.26313
4753.23,0.2615
4754.13,0.2605
4755.03,0.25896
4755.93,0.25756
4756.83,0.25817
4757.73,0.2565
4758.63,0.25666
4759.53,0.25676
4760.43,0.25477
4761.33,0.2542
4762.23,0.25347
4763.13,0.2523
4764.03,0.25146
4764.93,0.24897
4765.83,0.24982
4766.73,0.24934
4767.63,0.24921
4768.53,0.25186
4769.43,0.25192
4770.33,0.25462
4771.23,0.25572
4772.13,0.25669
4773.03,0.25725
4773.93,0.25866
4774.83,0.26015
4775.73,0.261
4776.64,0.26094
4777.54,0.26112
4778.44,0.26185
4779.34,0.2599
4780.24,0.25984
4781.14,0.25854
4782.04,0.25846
4782.94,0.25754
4783.84,0.25599
4784.74,0.25647
4785.64,0.25404
4786.54,0.25359
4787.44,0.25277
4788.34,0.25352
4789.24,0.25313
4790.14,0.25286
4791.04,0.25461
4791.94,0.25635
4792.84,0.2579
4793.74,0.25984
4794.64,0.26119
4795.54,0.26304
4796.44,0.2634
4797.34,0.26318
4798.24,0.26366
4799.14,0.2616
4800.04,0.26096
4800.94,0.26072
4801.84,0.26096
4802.74,0.26055
4803.64,0.26056
4804.54,0.26024
4805.44,0.26068
4806.34,0.26028
4807.24,0.25978
4808.14,0.25965
4809.04,0.26033
4809.94,0.26028
4810.84,0.26027
4811.74,0.26089
4812.64,0.26202
4813.54,0.26259
4814.45,0.26287
4815.35,0.26467
4816.25,0.26583
4817.15,0.26518
4818.05,0.26684
4818.95,0.26764
4819.85,0.26627
4820.75,0.26536
4821.65,0.26381
4822.55,0.26265
4823.45,0.26125
4824.35,0.26152
4825.25,0.26137
4826.15,0.25985
4827.05,0.25943
4827.95,0.25974
4828.85,0.25978
4829.75,0.26004
4830.65,0.25775
4831.55,0.25867
4832.45,0.25874
4833.35,0.25917
4834.25,0.25836
4835.15,0.25956
4836.05,0.26002
4836.95,0.2599
4837.85,0.25968
4838.75,0.25949
4839.65,0.25797
4840.55,0.25767
4841.45,0.25616
4842.35,0.2548
4843.25,0.25624
4844.15,0.25628
4845.05,0.25753
4845.95,0.25792
4846.85,0.2577
4847.75,0.2591
4848.65,0.25887
4849.55,0.25742
4850.45,0.25778
4851.35,0.25799
4852.26,0.25613
4853.16,0.25474
4854.06,0.25366
4854.96,0.25004
4855.86,0.2449
4856.76,0.24151
4857.66,0.23661
4858.56,0.23035
4859.46,0.22413
4860.36,0.21833
4861.26,0.21398
4862.16,0.21122
4863.06,0.21046
4863.96,0.21238
4864.86,0.21711
4865.76,0.22315
4866.66,0.22833
4867.56,0.23512
4868.46,0.23885
4869.36,0.24111
4870.26,0.24222
4871.16,0.24274
4872.06,0.24196
4872.96,0.24408
4873.86,0.24341
4874.76,0.2448
4875.66,0.24763
4876.56,0.24854
4877.46,0.25146
4878.36,0.25245
4879.26,0.25453
4880.16,0.25536
4881.06,0.25466
4881.96,0.25567
4882.86,0.2563
4883.76,0.25477
4884.66,0.2529
4885.56,0.25123
4886.46,0.25159
4887.36,0.25034
4888.26,0.24858
4889.17,0.24726
4890.07,0.24718
4890.97,0.24825
4891.87,0.24988
4892.77,0.25259
4893.67,0.25556
4894.57,0.25845
4895.47,0.26197
4896.37,0.26625
4897.27,0.26902
4898.17,0.26917
4899.07,0.26879
4899.97,0.26926
4900.87,0.26752
4901.77,0.26632
4902.67,0.26516
4903.57,0.26371
4904.47,0.26386
4905.37,0.2632
4906.27,0.26384
4907.17,0.26316
4908.07,0.26195
4908.97,0.26184
4909.87,0.26058
4910.77,0.2608
4911.67,0.26044
4912.57,0.26023
4913.47,0.25995
4914.37,0.25973
4915.27,0.25947
4916.17,0.25949
4917.07,0.25859
4917.97,0.2549
4918.87,0.25102
4919.77,0.24901
4920.67,0.2461
4921.57,0.24484
4922.47,0.24472
4923.37,0.24702
4924.27,0.24793
4925.17,0.25057
4926.07,0.25355
4926.98,0.25579
4927.88,0.26099
4928.78,0.26251
4929.68,0.26381
4930.58,0.26444
4931.48,0.26397
4932.38,0.26326
4933.28,0.26018
4934.18,0.25817
4935.08,0.25672
4935.98,0.254
4936.88,0.25266
4937.78,0.25286
4938.68,0.25259
4939.58,0.25153
4940.48,0.25315
4941.38,0.25544
4942.28,0.2582
4943.18,0.2606
4944.08,0.26381
4944.98,0.26447
4945.88,0.2661
4946.78,0.26791
4947.68,0.26832
4948.58,0.26857
4949.48,0.26997
4950.38,0.26995
4951.28,0.26882
4952.18,0.26835
4953.08,0.26805
4953.98,0.26523
4954.88,0.26284
4955.78,0.2593
4956.68,0.25658
4957.58,0.25446
4958.48,0.2527
4959.38,0.2524
4960.28,0.25276
4961.18,0.25376
4962.08,0.25547
4962.98,0.25844
4963.88,0.25929
4964.79,0.25938
4965.69,0.25921
4966.59,0.25721
4967.49,0.25772
4968.39,0.25579
4969.29,0.25612
4970.19,0.25684
4971.09,0.25762
4971.99,0.25931
4972.89,0.26034
4973.79,0.26103
4974.69,0.26262
4975.59,0.26375
4976.49,0.26164
4977.39,0.26113
4978.29,0.26016
4979.19,0.25733
4980.09,0.25375
4980.99,0.25058
4981.89,0.24738
4982.79,0.24523
4983.69,0.24245
4984.59,0.2432
4985.49,0.24312
4986.39,0.24568
4987.29,0.24758
4988.19,0.24828
4989.09,0.25097
4989.99,0.25155
4990.89,0.25436
4991.79,0.25403
4992.69,0.2546
4993.59,0.25515
4994.49,0.25466
4995.39,0.25595
4996.29,0.25596
4997.19,0.2551
4998.09,0.25448
4998.99,0.25321
4999.89,0.25166
5000.79,0.25083
5001.7,0.24942
5002.6,0.24758
5003.5,0.24656
5004.4,0.24627
5005.3,0.24553
5006.2,0.24404
5007.1,0.24435
5008.0,0.24506
5008.9,0.245
5009.8,0.24596
5010.7,0.24541
5011.6,0.2443
5012.5,0.24296
5013.4,0.24049
5014.3,0.24075
5015.2,0.23878
5016.1,0.23854
5017.0,0.23974
5017.9,0.23988
5018.8,0.24067
5019.7,0.24264
5020.6,0.2432
5021.5,0.2449
5022.4,0.24623
5023.3,0.24607
5024.2,0.2473
5025.1,0.24883
5026.0,0.24915
5026.9,0.25046
5027.8,0.25236
5028.7,0.25253
5029.6,0.25362
5030.5,0.25452
5031.4,0.25509
5032.3,0.256
5033.2,0.25742
5034.1,0.25631
5035.0,0.25596
5035.9,0.25309
5036.8,0.25078
5037.7,0.24669
5038.6,0.2431
5039.5,0.24176
5040.41,0.2391
5041.31,0.2378
5042.21,0.23774
5043.11,0.24011
5044.01,0.24263
5044.91,0.24574
5045.81,0.24884
5046.71,0.25212
5047.61,0.25296
5048.51,0.25396
5049.41,0.25324
5050.31,0.2529
5051.21,0.2515
5052.11,0.25313
5053.01,0.25319
5053.91,0.25497
5054.81,0.25655
5055.71,0.25839
5056.61,0.26077
5057.51,0.2625
5058.41,0.26292
5059.31,0.26355
5060.21,0.26265
5061.11,0.26323
5062.01,0.26156
5062.91,0.26012
5063.81,0.2584
5064.71,0.25543
5065.61,0.25384
5066.51,0.2519
5067.41,0.25128
5068.31,0.25064
5069.21,0.25127
5070.11,0.25131
5071.01,0.25175
5071.91,0.25116
5072.81,0.25309
5073.71,0.25266
5074.61,0.25198
5075.51,0.25209
5076.42,0.25064
5077.31,0.24972
5078.21,0.24851
5079.12,0.24564
5080.02,0.24432
5080.92,0.24222
5081.82,0.2424
5082.72,0.24305
5083.62,0.24286
5084.52,0.24437
5085.42,0.2464
5086.32,0.24899
5087.22,0.2501
5088.12,0.25272
5089.02,0.2542
5089.92,0.25564
5090.82,0.25741
5091.72,0.25712
5092.62,0.25702
5093.52,0.25809
5094.42,0.25747
5095.32,0.2559
5096.22,0.25481
5097.12,0.25385
5098.02,0.25072
5098.92,0.24958
5099.82,0.24853
5100.72,0.24895
5101.62,0.24741
5102.52,0.24933
5103.42,0.24976
5104.32,0.2503
5105.22,0.24907
5106.12,0.24912
5107.02,0.24757
5107.92,0.24655
5108.82,0.24687
5109.72,0.24581
5110.62,0.24639
5111.52,0.24806
5112.42,0.24803
5113.32,0.25041
5114.22,0.25304
5115.12,0.25466
5116.03,0.25578
5116.93,0.2574
5117.83,0.25857
5118.73,0.25851
5119.63,0.2572
5120.53,0.25689
5121.43,0.25406
5122.33,0.25183
5123.23,0.25064
5124.13,0.24624
5125.03,0.24545
5125.93,0.24301
5126.83,0.24194
5127.73,0.24194
5128.63,0.24296
5129.53,0.24234
5130.43,0.24412
5131.33,0.24526
5132.23,0.24514
5133.13,0.24726
5134.03,0.24829
5134.93,0.24963
5135.83,0.24927
5136.73,0.24804
5137.63,0.24782
5138.53,0.24688
5139.43,0.24568
5140.33,0.24361
5141.23,0.2422
5142.13,0.24207
5143.03,0.24172
5143.93,0.24118
5144.83,0.24158
5145.73,0.2415
5146.63,0.24204
5147.53,0.24259
5148.43,0.24327
5149.33,0.24321
5150.23,0.24346
5151.13,0.24208
5152.03,0.2422
5152.94,0.24347
5153.84,0.24478
5154.74,0.24409
5155.64,0.24644
5156.54,0.24867
5157.44,0.25127
5158.34,0.25341
5159.24,0.25398
5160.14,0.25431
5161.04,0.25517
5161.94,0.25368
5162.84,0.2492
5163.74,0.24715
5164.64,0.24214
5165.54,0.23612
5166.44,0.22942
5167.34,0.22324
5168.24,0.21801
5169.14,0.21384
5170.04,0.20984
5170.94,0.20742
5171.84,0.20886
5172.74,0.2082
5173.64,0.21124
5174.54,0.21401
5175.44,0.21984
5176.34,0.22495
5177.24,0.22981
5178.14,0.23348
5179.04,0.23523
5179.94,0.23621
5180.84,0.23375
5181.74,0.2309
5182.64,0.22726
5183.54,0.22355
5184.44,0.22131
5185.34,0.221
5186.24,0.22261
5187.14,0.22594
5188.04,0.23015
5188.94,0.23399
5189.84,0.23699
5190.75,0.23922
5191.65,0.24022
5192.55,0.2407
5193.45,0.24046
5194.35,0.23967
5195.25,0.24139
5196.15,0.24108
5197.05,0.24317
5197.95,0.2451
5198.85,0.24707
5199.75,0.24795
5200.65,0.24844
5201.55,0.24861
5202.45,0.24765
5203.35,0.24593
5204.25,0.24349
5205.15,0.24088
5206.05,0.23852
5206.95,0.23546
5207.85,0.2339
5208.75,0.2336
5209.65,0.23464
5210.55,0.23629
5211.45,0.23894
5212.35,0.24202
5213.25,0.24613
5214.15,0.24848
5215.05,0.25067
5215.95,0.25132
5216.85,0.25422
5217.75,0.25457
5218.65,0.25526
5219.55,0.25605
5220.45,0.25556
5221.35,0.25701
5222.25,0.25575
5223.15,0.25449
5224.05,0.25154
5224.95,0.24995
5225.85,0.24773
5226.75,0.24534
5227.66,0.2429
5228.56,0.24374
5229.46,0.24416
5230.36,0.24486
5231.26,0.24693
5232.16,0.24953
5233.06,0.25193
5233.96,0.25352
5234.86,0.25417
5235.76,0.25603
5236.66,0.25784
5237.56,0.25983
5238.46,0.25994
5239.36,0.26248
5240.26,0.26326
5241.16,0.26496
5242.06,0.26421
5242.96,0.2648
5243.86,0.26441
5244.76,0.26323
5245.66,0.26207
5246.56,0.26004
5247.46,0.25813
5248.36,0.25633
5249.26,0.25574
5250.16,0.25421
5251.06,0.25301
5251.96,0.25276
5252.86,0.25313
5253.76,0.2537
5254.66,0.25505
5255.56,0.25742
5256.46,0.25713
5257.36,0.25864
5258.26,0.25905
5259.16,0.25947
5260.06,0.25781
5260.96,0.25691
5261.86,0.25393
5262.76,0.24879
5263.66,0.24582
5264.56,0.24128
5265.47,0.23794
5266.37,0.23484
5267.27,0.23188
5268.17,0.23093
5269.07,0.23088
5269.97,0.23028
5270.87,0.23116
5271.77,0.23407
5272.67,0.23644
5273.57,0.23984
5274.47,0.24389
5275.37,0.24783
5276.27,0.25201
5277.17,0.25376
5278.07,0.25676
5278.97,0.25775
5279.87,0.25895
5280.77,0.25944
5281.67,0.26033
5282.57,0.25947
5283.47,0.25931
5284.37,0.26094
5285.27,0.26158
5286.17,0.26249
5287.07,0.2646
5287.97,0.26705
5288.87,0.2685
5289.77,0.26867
5290.67,0.26989
5291.57,0.27101
5292.47,0.27036
5293.37,0.26826
5294.27,0.26736
5295.17,0.26519
5296.07,0.26254
5296.97,0.25867
5297.87,0.25761
5298.77,0.25673
5299.67,0.25613
5300.57,0.25649
5301.48,0.25592
5302.38,0.25773
5303.27,0.25917
5304.18,0.26232
5305.08,0.26466
5305.98,0.26604
5306.88,0.26762
5307.78,0.26871
5308.68,0.26919
5309.58,0.27048
5310.48,0.27063
5311.38,0.27151
5312.28,0.27131
5313.18,0.27042
5314.08,0.27053
5314.98,0.27005
5315.88,0.26911
5316.78,0.26792
5317.68,0.26725
5318.58,0.2667
5319.48,0.26552
5320.38,0.26579
5321.28,0.26349
5322.18,0.26258
5323.08,0.26118
5323.98,0.25754
5324.88,0.25624
5325.78,0.25266
5326.68,0.24883
5327.58,0.24751
5328.48,0.24578
5329.38,0.24452
5330.28,0.24461
5331.18,0.24657
5332.08,0.24905
5332.98,0.25309
5333.88,0.25611
5334.78,0.25875
5335.68,0.26009
5336.58,0.26098
5337.48,0.26099
5338.38,0.26136
5339.28,0.26022
5340.19,0.25982
5341.08,0.25903
5341.99,0.25803
5342.89,0.25898
5343.79,0.25852
5344.69,0.2591
5345.59,0.25938
5346.49,0.25935
5347.39,0.25964
5348.29,0.26005
5349.19,0.26145
5350.09,0.26262
5350.99,0.26368
5351.89,0.26484
5352.79,0.26544
5353.69,0.26811
5354.59,0.26897
5355.49,0.2712
5356.39,0.27275
5357.29,0.27378
5358.19,0.27545
5359.09,0.27543
5359.99,0.2742
5360.89,0.27303
5361.79,0.27215
5362.69,0.27008
5363.59,0.26957
5364.49,0.26677
5365.39,0.26568
5366.29,0.2632
5367.19,0.26205
5368.09,0.26019
5368.99,0.25757
5369.89,0.25609
5370.79,0.25535
5371.69,0.25683
5372.59,0.25653
5373.49,0.25758
5374.39,0.25977
5375.29,0.26307
5376.19,0.2653
5377.09,0.26684
5378.0,0.26839
5378.9,0.2682
5379.8,0.26984
5380.7,0.26884
5381.6,0.2679
5382.5,0.2681
5383.4,0.26703
5384.3,0.26657
5385.2,0.26802
5386.1,0.26587
5387.0,0.26527
5387.9,0.26618
5388.8,0.26618
5389.7,0.26416
5390.6,0.26381
5391.5,0.26258
5392.4,0.25967
5393.3,0.25963
5394.2,0.25762
5395.1,0.25672
5396.0,0.25516
5396.9,0.25568
5397.8,0.25488
5398.7,0.25431
5399.6,0.25498
5400.5,0.255
5401.4,0.25507
5402.3,0.25559
5403.2,0.2546
5404.1,0.25382
5405.0,0.25195
5405.9,0.2515
5406.8,0.2506
5407.7,0.24965
5408.6,0.24969
5409.5,0.25034
5410.4,0.25229
5411.3,0.25348
5412.2,0.25534
5413.1,0.2563
5414.0,0.26022
5414.9,0.26169
5415.81,0.26311
5416.71,0.26406
5417.61,0.2653
5418.51,0.26524
5419.41,0.26643
5420.31,0.26559
5421.21,0.26677
5422.11,0.26488
5423.01,0.26495
5423.91,0.26527
5424.81,0.26286
5425.71,0.2639
5426.61,0.26303
5427.51,0.26142
5428.41,0.26052
5429.31,0.26048
5430.21,0.25911
5431.11,0.2566
5432.01,0.25626
5432.91,0.25439
5433.81,0.25529
5434.71,0.25602
5435.61,0.25624
5436.51,0.25784
5437.41,0.25886
5438.31,0.26073
5439.21,0.26344
5440.11,0.26477
5441.01,0.26719
5441.91,0.26771
5442.81,0.26784
5443.71,0.26778
5444.61,0.26476
5445.51,0.2626
5446.41,0.2628
5447.31,0.25995
5448.21,0.25958
5449.11,0.25844
5450.01,0.26004
5450.91,0.26034
5451.81,0.2601
5452.72,0.26091
5453.62,0.26128
5454.52,0.26082
5455.42,0.25897
5456.32,0.25823
5457.22,0.2586
5458.12,0.2587
5459.02,0.26005
5459.92,0.26065
5460.82,0.25967
5461.72,0.26102
5462.62,0.26015
5463.52,0.26081
5464.42,0.26155
5465.32,0.26127
5466.22,0.26138
5467.12,0.26228
5468.02,0.26261
5468.92,0.26232
5469.82,0.26283
5470.72,0.26223
5471.62,0.26214
5472.52,0.261
5473.42,0.25942
5474.32,0.258
5475.22,0.25639
5476.12,0.25522
5477.02,0.25366
5477.92,0.25405
5478.82,0.25418
5479.72,0.25443
5480.62,0.25536
5481.52,0.25463
5482.42,0.25607
5483.32,0.25754
5484.22,0.26006
5485.12,0.26017
5486.02,0.26161
5486.92,0.26094
5487.82,0.26214
5488.72,0.26301
5489.62,0.26159
5490.53,0.26284
5491.43,0.26246
5492.33,0.26249
5493.23,0.26233
5494.13,0.26372
5495.03,0.26232
5495.93,0.2624
5496.83,0.26221
5497.73,0.26238
5498.63,0.26117
5499.53,0.26221
5500.43,0.26083
5501.33,0.26056
5502.23,0.26087
5503.13,0.26076
5504.03,0.25938
5504.93,0.25942
5505.83,0.25884
5506.73,0.25894
5507.63,0.25864
5508.53,0.25934
5509.43,0.25818
5510.33,0.25804
5511.23,0.25782
5512.13,0.25877
5513.03,0.25752
5513.93,0.25682
5514.83,0.25801
5515.73,0.25903
5516.63,0.26006
5517.53,0.26153
5518.43,0.26286
5519.33,0.26407
5520.23,0.2662
5521.13,0.2668
5522.03,0.26668
5522.93,0.26689
5523.83,0.26568
5524.73,0.26465
5525.63,0.26504
5526.54,0.26254
5527.44,0.26111
5528.33,0.26046
5529.24,0.25935
5530.14,0.2599
5531.04,0.26021
5531.94,0.25976
5532.84,0.26151
5533.74,0.26137
5534.64,0.2628
5535.54,0.26302
5536.44,0.26383
5537.34,0.26469
5538.24,0.26521
5539.14,0.26557
5540.04,0.26574
5540.94,0.26724
5541.84,0.26816
5542.74,0.26783
5543.64,0.26829
5544.54,0.26729
5545.44,0.26772
5546.34,0.26653
5547.24,0.26795
5548.14,0.26858
5549.04,0.26775
5549.94,0.27035
5550.84,0.26835
5551.74,0.26843
5552.64,0.26872
5553.54,0.26855
5554.44,0.26763
5555.34,0.26676
5556.24,0.26676
5557.14,0.26523
5558.04,0.26615
5558.94,0.26432
5559.84,0.26397
5560.74,0.26385
5561.64,0.26336
5562.54,0.26265
5563.44,0.26243
5564.34,0.26184
5565.25,0.26139
5566.15,0.26089
5567.05,0.26042
5567.95,0.2594
5568.85,0.25873
5569.75,0.25819
5570.65,0.25867
5571.55,0.25838
5572.45,0.25873
5573.35,0.25929
5574.25,0.25958
5575.15,0.26022
5576.05,0.26143
5576.95,0.26202
5577.85,0.26184
5578.75,0.26198
5579.65,0.26325
5580.55,0.26272
5581.45,0.26216
5582.35,0.26197
5583.25,0.26175
5584.15,0.2601
5585.05,0.2585
5585.95,0.2574
5586.85,0.25551
5587.75,0.25312
5588.65,0.25106
5589.55,0.25049
5590.45,0.2507
5591.35,0.25031
5592.25,0.25131
5593.15,0.25181
5594.05,0.25264
5594.95,0.25363
5595.85,0.25445
5596.75,0.25514
5597.65,0.25527
5598.55,0.25555
5599.45,0.25539
5600.35,0.25539
5601.25,0.25462
5602.15,0.25486
5603.06,0.25521
5603.96,0.25716
5604.86,0.25791
5605.76,0.26042
5606.66,0.26181
5607.56,0.26401
5608.46,0.26545
5609.36,0.2655
5610.26,0.26607
5611.16,0.26693
5612.06,0.26645
5612.96,0.26505
5613.86,0.26364
5614.76,0.26208
5615.66,0.26061
5616.56,0.2593
5617.46,0.25931
5618.36,0.25799
5619.26,0.25748
5620.16,0.25851
5621.06,0.2594
5621.96,0.25984
5622.86,0.26023
5623.76,0.26047
5624.66,0.2597
5625.56,0.26102
5626.46,0.2607
5627.36,0.26117
5628.26,0.2611
5629.16,0.26363
5630.06,0.26454
5630.96,0.26378
5631.86,0.26567
5632.76,0.26635
5633.66,0.26539
5634.56,0.26517
5635.46,0.26457
5636.36,0.26351
5637.26,0.26366
5638.16,0.26209
5639.06,0.26178
5639.96,0.26181
5640.86,0.26186
5641.77,0.2606
5642.67,0.26074
5643.57,0.26064
5644.47,0.26037
5645.37,0.26308
5646.27,0.26202
5647.17,0.26234
5648.07,0.26398
5648.97,0.26394
5649.87,0.26551
5650.77,0.26417
5651.67,0.26588
5652.57,0.26435
5653.47,0.26455
5654.37,0.26334
5655.27,0.26225
5656.17,0.26086
5657.07,0.25967
5657.97,0.25696
5658.87,0.25624
5659.77,0.25571
5660.67,0.25573
5661.57,0.25511
5662.47,0.25624
5663.37,0.25628
5664.27,0.25698
5665.17,0.25837
5666.07,0.25856
5666.97,0.25961
5667.87,0.25985
5668.77,0.26166
5669.67,0.26091
5670.57,0.26162
5671.47,0.26266
5672.37,0.2643
5673.27,0.26421
5674.17,0.26436
5675.07,0.26647
5675.97,0.26535
5676.88,0.26647
5677.77,0.26683
5678.68,0.26592
5679.58,0.26621
5680.48,0.26561
5681.38,0.26446
5682.28,0.26384
5683.18,0.26321
5684.08,0.26181
5684.98,0.26032
5685.88,0.26062
5686.78,0.26018
5687.68,0.2606
5688.58,0.26018
5689.48,0.26123
5690.38,0.26055
5691.28,0.26259
5692.18,0.26353
5693.08,0.26445
5693.98,0.26491
5694.88,0.26504
5695.78,0.26491
5696.68,0.26472
5697.58,0.2636
5698.48,0.26407
5699.38,0.26323
5700.28,0.26298
5701.18,0.26192
5702.08,0.26062
5702.98,0.2592
5703.88,0.25843
5704.78,0.25727
5705.68,0.25717
5706.58,0.25484
5707.48,0.25523
5708.38,0.25412
5709.28,0.25268
5710.18,0.25273
5711.08,0.2525
5711.98,0.25322
5712.88,0.25408
5713.78,0.25553
5714.68,0.25774
5715.59,0.25952
5716.49,0.26138
5717.39,0.26079
5718.29,0.26283
5719.19,0.26462
5720.09,0.26596
5720.99,0.26613
5721.89,0.26579
5722.79,0.26682
5723.69,0.26809
5724.59,0.26839
5725.49,0.26679
5726.39,0.26655
5727.29,0.26598
5728.19,0.26579
5729.09,0.26588
5729.99,0.26567
5730.89,0.26547
5731.79,0.26495
5732.69,0.2657
5733.59,0.26577
5734.49,0.26522
5735.39,0.2663
5736.29,0.26623
5737.19,0.26679
5738.09,0.26726
5738.99,0.26782
5739.89,0.26671
5740.79,0.26718
5741.69,0.26708
5742.59,0.26581
5743.49,0.26721
5744.39,0.26665
5745.29,0.26661
5746.19,0.26716
5747.09,0.26612
5747.99,0.26686
5748.89,0.26632
5749.79,0.26646
5750.69,0.26557
5751.59,0.26409
5752.5,0.26436
5753.4,0.26337
5754.3,0.26324
5755.2,0.26322
5756.1,0.26279
5757.0,0.26267
5757.9,0.2634
5758.8,0.26319
5759.7,0.26401
5760.6,0.26447
5761.5,0.264
5762.4,0.26441
5763.3,0.26412
5764.2,0.26339
5765.1,0.26345
5766.0,0.26472
5766.9,0.26594
5767.8,0.26698
5768.7,0.2665
5769.6,0.26703
5770.5,0.26729
5771.4,0.2675
5772.3,0.26712
5773.2,0.2663
5774.1,0.26687
5775.0,0.26474
5775.9,0.26447
5776.8,0.26403
5777.7,0.26439
5778.6,0.26423
5779.5,0.26229
5780.4,0.26108
5781.3,0.26046
5782.2,0.25986
5783.1,0.25945
5784.0,0.25799
5784.9,0.259
5785.8,0.25923
5786.7,0.25893
5787.6,0.25872
5788.5,0.25976
5789.41,0.26029
5790.31,0.26188
5791.21,0.26226
5792.11,0.26226
5793.01,0.2636
5793.91,0.26425
5794.81,0.2648
5795.71,0.26539
5796.61,0.26568
5797.51,0.2665
5798.41,0.26673
5799.31,0.26776
5800.21,0.26795
5801.11,0.26758
5802.01,0.26871
5802.91,0.26817
5803.81,0.26866
5804.71,0.26901
5805.61,0.26786
5806.51,0.26859
5807.41,0.26792
5808.31,0.26814
5809.21,0.2672
5810.11,0.26705
5811.01,0.26684
5811.91,0.26842
5812.81,0.26755
5813.71,0.26778
5814.61,0.26759
5815.51,0.26752
5816.41,0.26761
5817.31,0.26822
5818.21,0.26766
5819.11,0.26921
5820.01,0.26821
5820.91,0.26897
5821.81,0.26957
5822.71,0.26968
5823.61,0.26977
5824.51,0.26928
5825.41,0.27024
5826.31,0.27007
5827.22,0.26956
5828.12,0.27188
5829.02,0.27085
5829.92,0.27029
5830.82,0.27038
5831.72,0.27092
5832.62,0.27065
5833.52,0.27131
5834.42,0.27105
5835.32,0.2705
5836.22,0.26959
5837.12,0.26944
5838.02,0.27
5838.92,0.27005
5839.82,0.26841
5840.72,0.27007
5841.62,0.27063
5842.52,0.26963
5843.42,0.27019
5844.32,0.26859
5845.22,0.26931
5846.12,0.26969
5847.02,0.26947
5847.92,0.26792
5848.82,0.26678
5849.72,0.26585
5850.62,0.26437
5851.52,0.26479
5852.42,0.26356
5853.32,0.26083
5854.22,0.26102
5855.12,0.25983
5856.02,0.25936
5856.92,0.25861
5857.82,0.25837
5858.72,0.25696
5859.62,0.2572
5860.52,0.25783
5861.42,0.2581
5862.32,0.25913
5863.23,0.25901
5864.12,0.26001
5865.03,0.26079
5865.93,0.262
5866.83,0.26137
5867.73,0.2624
5868.63,0.2626
5869.53,0.26349
5870.43,0.26396
5871.33,0.26453
5872.23,0.26492
5873.13,0.26604
5874.03,0.26486
5874.93,0.26492
5875.83,0.26444
5876.73,0.26427
5877.63,0.26463
5878.53,0.26271
5879.43,0.26207
5880.33,0.2624
5881.23,0.26143
5882.13,0.26014
5883.03,0.26027
5883.93,0.25833
5884.83,0.25622
5885.73,0.25445
5886.63,0.25066
5887.53,0.248
5888.43,0.24498
5889.33,0.24121
5890.23,0.23792
5891.13,0.2351
5892.03,0.23414
5892.93,0.23214
5893.83,0.2307
5894.73,0.23088
5895.63,0.23127
5896.53,0.23328
5897.43,0.23543
5898.33,0.23708
5899.23,0.24043
5900.13,0.24294
5901.04,0.24519
5901.94,0.24767
5902.83,0.25034
5903.74,0.25321
5904.64,0.25441
5905.54,0.25634
5906.44,0.25767
5907.34,0.25827
5908.24,0.25916
5909.14,0.25825
5910.04,0.25895
5910.94,0.25988
5911.84,0.25811
5912.74,0.25784
5913.64,0.25822
5914.54,0.25795
5915.44,0.2569
5916.34,0.2567
5917.24,0.25676
5918.14,0.25631
5919.04,0.25666
5919.94,0.25694
5920.84,0.25826
5921.74,0.25815
5922.64,0.25926
5923.54,0.25809
5924.44,0.25932
5925.34,0.26008
5926.24,0.25944
5927.14,0.25935
5928.04,0.25959
5928.94,0.25948
5929.84,0.26019
5930.74,0.25925
5931.64,0.25929
5932.54,0.25906
5933.44,0.25996
5934.34,0.25814
5935.24,0.25799
5936.14,0.25865
5937.04,0.25948
5937.94,0.25988
5938.85,0.25893
5939.75,0.26001
5940.65,0.26018
5941.55,0.25976
5942.45,0.25863
5943.35,0.2605
5944.25,0.25935
5945.15,0.25976
5946.05,0.25982
5946.95,0.25945
5947.85,0.25988
5948.75,0.25922
5949.65,0.25883
5950.55,0.25838
5951.45,0.25935
5952.35,0.25721
5953.25,0.25799
5954.15,0.25812
5955.05,0.25779
5955.95,0.25801
5956.85,0.25837
5957.75,0.25902
5958.65,0.26034
5959.55,0.25952
5960.45,0.26033
5961.35,0.26045
5962.25,0.26157
5963.15,0.26249
5964.05,0.26229
5964.95,0.26247
5965.85,0.26278
5966.75,0.26296
5967.65,0.26314
5968.55,0.26382
5969.45,0.26328
5970.35,0.26312
5971.25,0.26359
5972.15,0.26243
5973.05,0.26254
5973.95,0.26266
5974.85,0.26183
5975.75,0.26259
5976.65,0.26135
5977.56,0.26154
5978.46,0.26032
5979.36,0.26049
5980.26,0.26024
5981.16,0.26048
5982.06,0.25984
5982.96,0.26007
5983.86,0.2589
5984.76,0.25842
5985.66,0.2585
5986.56,0.25955
5987.46,0.2594
5988.36,0.25861
5989.26,0.25912
5990.16,0.26008
5991.06,0.26024
5991.96,0.26012
5992.86,0.26123
5993.76,0.26159
5994.66,0.26141
5995.56,0.26233
5996.46,0.26172
5997.36,0.26182
5998.26,0.26127
5999.16,0.26142
6000.06,0.2603
6000.96,0.26111
6001.86,0.26155
6002.76,0.25976
6003.66,0.25975
6004.56,0.25899
6005.46,0.25873
6006.36,0.25846
6007.26,0.259
6008.16,0.25819
6009.06,0.25775
6009.96,0.25769
6010.86,0.25927
6011.76,0.25763
6012.67,0.25786
6013.56,0.25801
6014.47,0.25814
6015.37,0.25827
6016.27,0.25759
6017.17,0.25852
6018.07,0.25748
6018.97,0.2571
6019.87,0.2577
6020.77,0.25747
6021.67,0.25677
6022.57,0.25706
6023.47,0.25672
6024.37,0.2582
6025.27,0.25867
6026.17,0.25794
6027.07,0.25896
6027.97,0.25971
6028.87,0.25886
6029.77,0.261
6030.67,0.26253
6031.57,0.26164
6032.47,0.26269
6033.37,0.26248
6034.27,0.26356
6035.17,0.26424
6036.07,0.26444
6036.97,0.26438
6037.87,0.26355
6038.77,0.26427
6039.67,0.26422
6040.57,0.26392
6041.47,0.26492
6042.37,0.26295
6043.27,0.26419
6044.17,0.26511
6045.07,0.26447
6045.97,0.26509
6046.87,0.26645
6047.77,0.26559
6048.67,0.26453
6049.57,0.26511
6050.47,0.2663
6051.38,0.26607
6052.28,0.26537
6053.18,0.2652
6054.08,0.26502
6054.98,0.26356
6055.88,0.26393
6056.78,0.2625
6057.68,0.26339
6058.58,0.26331
6059.48,0.26202
6060.38,0.26249
6061.28,0.26319
6062.18,0.26229
6063.08,0.26127
6063.98,0.26052
6064.88,0.26153
6065.78,0.26046
6066.68,0.26133
6067.58,0.26055
6068.48,0.26145
6069.38,0.26369
6070.28,0.2641
6071.18,0.26439
6072.08,0.2642
6072.98,0.26495
6073.88,0.26591
6074.78,0.26601
6075.68,0.26517
6076.58,0.26546
6077.48,0.26435
6078.38,0.26389
6079.28,0.26383
6080.18,0.26335
6081.08,0.26144
6081.98,0.26107
6082.88,0.2619
6083.78,0.2602
6084.68,0.25966
6085.58,0.26004
6086.48,0.25928
6087.38,0.25957
6088.28,0.25984
6089.19,0.2592
6090.09,0.25868
6090.99,0.26101
6091.89,0.25873
6092.79,0.26039
6093.69,0.25997
6094.59,0.26053
6095.49,0.26086
6096.39,0.26083
6097.29,0.26089
6098.19,0.2607
6099.09,0.26017
6099.99,0.26112
6100.89,0.25968
6101.79,0.25798
6102.69,0.25702
6103.59,0.2574
6104.49,0.25654
6105.39,0.25689
6106.29,0.25754
6107.19,0.25762
6108.09,0.25766
6108.99,0.25909
6109.89,0.25917
6110.79,0.25949
6111.69,0.26101
6112.59,0.26162
6113.49,0.26203
6114.39,0.26265
6115.29,0.26111
6116.19,0.26202
6117.09,0.26111
6117.99,0.26126
6118.89,0.25965
6119.79,0.25933
6120.69,0.25809
6121.59,0.25693
6122.49,0.25719
6123.39,0.25553
6124.29,0.25587
6125.19,0.25655
6126.1,0.25576
6127.0,0.25679
6127.9,0.25745
6128.8,0.25766
6129.7,0.2584
6130.6,0.25861
6131.5,0.25835
6132.4,0.25794
6133.3,0.25752
6134.2,0.25698
6135.1,0.25555
6136.0,0.25393
6136.9,0.25351
6137.8,0.25164
6138.7,0.25087
6139.6,0.25117
6140.5,0.25066
6141.4,0.25228
6142.3,0.25276
6143.2,0.25394
6144.1,0.25454
6145.0,0.25672
6145.9,0.25639
6146.8,0.25787
6147.7,0.2585
6148.6,0.25904
6149.5,0.25868
6150.4,0.25844
6151.3,0.25862
6152.2,0.25823
6153.1,0.25827
6154.0,0.25775
6154.9,0.25808
6155.8,0.25697
6156.7,0.25564
6157.6,0.25397
6158.5,0.25395
6159.4,0.25121
6160.3,0.2506
6161.2,0.24815
6162.1,0.24699
6163.01,0.24517
6163.91,0.24394
6164.81,0.2432
6165.71,0.24292
6166.61,0.24207
6167.51,0.24195
6168.41,0.24279
6169.31,0.24271
6170.21,0.24404
6171.11,0.24545
6172.01,0.24559
6172.91,0.24654
6173.81,0.24756
6174.71,0.24849
6175.61,0.24796
6176.51,0.24966
6177.41,0.25076
6178.31,0.25187
6179.21,0.25236
6180.11,0.25329
6181.01,0.25379
6181.91,0.25458
6182.81,0.2541
6183.71,0.25368
6184.61,0.25368
6185.51,0.25428
6186.41,0.25314
6187.31,0.25181
6188.21,0.25171
6189.11,0.24966
6190.01,0.25001
6190.91,0.25004
6191.81,0.24843
6192.71,0.24853
6193.61,0.24817
6194.51,0.24847
6195.41,0.24931
6196.31,0.25011
6197.21,0.25042
6198.11,0.25065
6199.01,0.25179
6199.92,0.25272
6200.82,0.25178
6201.72,0.25199
6202.62,0.25333
6203.52,0.25354
6204.42,0.25323
6205.32,0.25438
6206.22,0.25387
6207.12,0.25393
6208.02,0.25462
6208.92,0.2543
6209.82,0.25373
6210.72,0.25269
6211.62,0.25347
6212.52,0.2518
6213.42,0.25021
6214.32,0.24935
6215.22,0.24734
6216.12,0.24691
6217.02,0.24575
6217.92,0.24646
6218.82,0.24611
6219.72,0.24635
6220.62,0.24601
6221.52,0.24582
6222.42,0.24657
6223.32,0.24671
6224.22,0.24769
6225.12,0.24698
6226.02,0.24837
6226.92,0.24802
6227.82,0.24673
6228.72,0.24634
6229.62,0.24539
6230.52,0.24506
6231.42,0.24548
6232.32,0.24419
6233.22,0.24365
6234.12,0.24533
6235.02,0.24569
6235.92,0.24493
6236.83,0.24674
6237.73,0.247
6238.63,0.24697
6239.53,0.24634
6240.43,0.2471
6241.33,0.24551
6242.23,0.24541
6243.13,0.24424
6244.03,0.24381
6244.93,0.24428
6245.83,0.24433
6246.73,0.24358
6247.63,0.24406
6248.53,0.24472
6249.43,0.24472
6250.33,0.24378
6251.23,0.24453
6252.13,0.24387
6253.03,0.24275
6253.93,0.24286
6254.83,0.24106
6255.73,0.24137
6256.63,0.24034
6257.53,0.23969
6258.43,0.24081
6259.33,0.24089
6260.23,0.24011
6261.13,0.2418
6262.03,0.24186
6262.93,0.24386
6263.83,0.24532
6264.73,0.24609
6265.63,0.24638
6266.53,0.24714
6267.43,0.24686
6268.33,0.24795
6269.23,0.2489
6270.13,0.24874
6271.03,0.24965
6271.93,0.24932
6272.83,0.24949
6273.73,0.25033
6274.64,0.2498
6275.54,0.24962
6276.44,0.25069
6277.34,0.24969
6278.24,0.25094
6279.14,0.2497
6280.04,0.24918
6280.94,0.24948
6281.84,0.24951
6282.74,0.25006
6283.64,0.25069
6284.54,0.25101
6285.44,0.25024
6286.34,0.25068
6287.24,0.25211
6288.14,0.25174
6289.04,0.25308
6289.94,0.25291
6290.84,0.25344
6291.74,0.25329
6292.64,0.25256
6293.54,0.25152
6294.44,0.25109
6295.34,0.25057
6296.24,0.25018
6297.14,0.24967
6298.04,0.24871
6298.94,0.24752
6299.84,0.24819
6300.74,0.24694
6301.64,0.24693
6302.54,0.2465
6303.44,0.24717
6304.34,0.24789
6305.24,0.24835
6306.14,0.24916
6307.04,0.25023
6307.94,0.25022
6308.84,0.25226
6309.74,0.25135
6310.64,0.2516
6311.54,0.25125
6312.45,0.25149
6313.35,0.25025
6314.25,0.24977
6315.15,0.24989
6316.05,0.24841
6316.95,0.24754
6317.85,0.24798
6318.75,0.24795
6319.65,0.24789
6320.55,0.24893
6321.45,0.24921
6322.35,0.24983
6323.25,0.2498
6324.15,0.24931
6325.05,0.25085
6325.95,0.25211
6326.85,0.25166
6327.75,0.25214
6328.65,0.25361
6329.55,0.25224
6330.45,0.25451
6331.35,0.25281
6332.25,0.25354
6333.15,0.25329
6334.05,0.25222
6334.95,0.25114
6335.85,0.25137
6336.75,0.25114
6337.65,0.25067
6338.55,0.25039
6339.45,0.25101
6340.35,0.25085
6341.25,0.25077
6342.15,0.25155
6343.05,0.25129
6343.95,0.25132
6344.85,0.2527
6345.75,0.25248
6346.65,0.2516
6347.55,0.25166
6348.46,0.25223
6349.35,0.25367
6350.26,0.25323
6351.16,0.25308
6352.06,0.25263
6352.96,0.25244
6353.86,0.25197
6354.76,0.25143
6355.66,0.25079
6356.56,0.2509
6357.46,0.2486
6358.36,0.24911
6359.26,0.24819
6360.16,0.24641
6361.06,0.24675
6361.96,0.24667
6362.86,0.24559
6363.76,0.24657
6364.66,0.24719
6365.56,0.24751
6366.46,0.2488
6367.36,0.2496
6368.26,0.25038
6369.16,0.25191
6370.06,0.25142
6370.96,0.25257
6371.86,0.25374
6372.76,0.25373
6373.66,0.25376
6374.56,0.25347
6375.46,0.25428
6376.36,0.25493
6377.26,0.25454
6378.16,0.2524
6379.06,0.25382
6379.96,0.25366
6380.86,0.25259
6381.76,0.25337
6382.66,0.25214
6383.56,0.2524
6384.46,0.2527
6385.36,0.25233
6386.27,0.25209
6387.17,0.25136
6388.07,0.25205
6388.97,0.25114
6389.87,0.2506
6390.77,0.2523
6391.67,0.25016
6392.57,0.25052
6393.47,0.24883
6394.37,0.25015
6395.27,0.24939
6396.17,0.24967
6397.07,0.24899
6397.97,0.24858
6398.87,0.24931
6399.77,0.24874
6400.67,0.24906
6401.57,0.24994
6402.47,0.2497
6403.37,0.2502
6404.27,0.25127
6405.17,0.25124
6406.07,0.25056
6406.97,0.25249
6407.87,0.25152
6408.77,0.25154
6409.67,0.252
6410.57,0.25216
6411.47,0.25221
6412.37,0.25151
6413.27,0.25132
6414.17,0.2517
6415.07,0.25092
6415.97,0.25143
6416.87,0.25211
6417.77,0.25097
6418.67,0.25211
6419.57,0.25154
6420.47,0.25181
6421.37,0.25025
6422.27,0.25221
6423.17,0.25166
6424.08,0.25182
6424.98,0.25261
6425.88,0.25221
6426.78,0.2534
6427.68,0.25431
6428.58,0.2531
6429.48,0.25286
6430.38,0.252
6431.28,0.25263
6432.18,0.25226
6433.08,0.25335
6433.98,0.25257
6434.88,0.2517
6435.78,0.25108
6436.68,0.25232
6437.58,0.2522
6438.48,0.25236
6439.38,0.25121
6440.28,0.25279
6441.18,0.25256
6442.08,0.25371
6442.98,0.25348
6443.88,0.2537
6444.78,0.25514
6445.68,0.25381
6446.58,0.25505
6447.48,0.25452
6448.38,0.25285
6449.28,0.25163
6450.18,0.25169
6451.08,0.2517
6451.98,0.25028
6452.88,0.24967
6453.78,0.24981
6454.68,0.25116
6455.58,0.25152
6456.48,0.25088
6457.38,0.25158
6458.28,0.25058
6459.18,0.25233
6460.08,0.25051
6460.98,0.24996
6461.89,0.24979
6462.79,0.24995
6463.69,0.2495
6464.59,0.24888
6465.49,0.25042
6466.39,0.24974
6467.29,0.2505
6468.19,0.25018
6469.09,0.25068
6469.99,0.25173
6470.89,0.25094
6471.79,0.25071
6472.69,0.25104
6473.59,0.25092
6474.49,0.25245
6475.39,0.25164
6476.29,0.24993
6477.19,0.24984
6478.09,0.25008
6478.99,0.25089
6479.89,0.25031
6480.79,0.24922
6481.69,0.24922
6482.59,0.24965
6483.49,0.24878
6484.39,0.2478
6485.29,0.24848
6486.19,0.24837
6487.09,0.24868
6487.99,0.2483
6488.89,0.24791
6489.79,0.24591
6490.69,0.24467
6491.59,0.24379
6492.49,0.24146
6493.39,0.24018
6494.29,0.23905
6495.19,0.23637
6496.09,0.23566
6496.99,0.23434
6497.9,0.23373
6498.79,0.2338
6499.7,0.23564
6500.6,0.23679
6501.5,0.23747
6502.4,0.23884
6503.3,0.24039
6504.2,0.24309
6505.1,0.24431
6506.0,0.24638
6506.9,0.24595
6507.8,0.24697
6508.7,0.24709
6509.6,0.2482
6510.5,0.24845
6511.4,0.24954
6512.3,0.24777
6513.2,0.2477
6514.1,0.24773
6515.0,0.24694
6515.9,0.24649
6516.8,0.24717
6517.7,0.24642
6518.6,0.2453
6519.5,0.24645
6520.4,0.24561
6521.3,0.24613
6522.2,0.24709
6523.1,0.24659
6524.0,0.24734
6524.9,0.24686
6525.8,0.24711
6526.7,0.24744
6527.6,0.24812
6528.5,0.24827
6529.4,0.24735
6530.3,0.24865
6531.2,0.24799
6532.1,0.24766
6533.0,0.24746
6533.9,0.24816
6534.8,0.24696
6535.71,0.24828
6536.61,0.24843
6537.51,0.24716
6538.41,0.24744
6539.31,0.24762
6540.21,0.24861
6541.11,0.24854
6542.01,0.24668
6542.91,0.24637
6543.81,0.24615
6544.71,0.2451
6545.61,0.2452
6546.51,0.24414
6547.41,0.24291
6548.31,0.24181
6549.21,0.24133
6550.11,0.24143
6551.01,0.24135
6551.91,0.24063
6552.81,0.23925
6553.71,0.23791
6554.61,0.23738
6555.51,0.23587
6556.41,0.23274
6557.31,0.23123
6558.21,0.22737
6559.11,0.22391
6560.01,0.22035
6560.91,0.21661
6561.81,0.21235
6562.71,0.209
6563.61,0.20738
6564.51,0.20605
6565.41,0.2062
6566.31,0.20837
6567.21,0.2117
6568.11,0.21477
6569.01,0.21965
6569.91,0.22256
6570.81,0.22593
6571.71,0.22906
6572.61,0.23223
6573.52,0.23404
6574.42,0.23517
6575.32,0.23742
6576.22,0.23716
6577.12,0.23828
6578.02,0.23967
6578.92,0.23996
6579.82,0.24245
6580.72,0.24128
6581.62,0.24305
6582.52,0.24314
6583.42,0.24445
6584.32,0.24429
6585.22,0.2449
6586.12,0.24496
6587.02,0.24338
6587.92,0.2455
6588.82,0.24387
6589.72,0.24407
6590.62,0.24257
6591.52,0.24318
6592.42,0.24241
6593.32,0.24168
6594.22,0.24112
6595.12,0.2415
6596.02,0.24144
6596.92,0.24162
6597.82,0.24186
6598.72,0.24282
6599.62,0.24414
6600.52,0.24262
6601.42,0.24413
6602.32,0.24551
6603.22,0.24476
6604.12,0.24548
6605.02,0.24511
6605.92,0.24522
6606.82,0.24458
6607.72,0.24432
6608.62,0.24498
6609.52,0.24465
6610.43,0.24438
6611.33,0.24383
6612.23,0.24362
6613.13,0.2448
6614.03,0.24522
6614.93,0.24456
6615.83,0.24604
6616.73,0.2459
6617.63,0.24647
6618.53,0.24772
6619.43,0.24746
6620.33,0.24723
6621.23,0.24738
6622.13,0.24666
6623.03,0.24659
6623.93,0.24609
6624.83,0.2469
6625.73,0.24733
6626.63,0.24543
6627.53,0.24536
6628.43,0.24584
6629.33,0.24503
6630.23,0.24479
6631.13,0.24381
6632.03,0.24358
6632.93,0.24337
6633.83,0.24388
6634.73,0.2442
6635.63,0.24509
6636.53,0.24389
6637.43,0.24419
6638.33,0.24478
6639.23,0.2451
6640.13,0.24393
6641.03,0.24411
6641.93,0.24366
6642.83,0.24314
6643.73,0.24394
6644.63,0.24427
6645.53,0.24327
6646.43,0.24419
6647.34,0.2438
6648.24,0.24288
6649.14,0.24318
6650.04,0.24419
6650.94,0.2447
6651.84,0.24495
6652.74,0.24431
6653.64,0.24424
6654.54,0.24464
6655.44,0.24489
6656.34,0.24622
6657.24,0.24466
6658.14,0.24378
6659.04,0.24404
6659.94,0.24377
6660.84,0.24358
6661.74,0.24382
6662.64,0.2425
6663.54,0.24239
6664.44,0.2416
6665.34,0.24186
6666.24,0.24277
6667.14,0.24193
6668.04,0.24259
6668.94,0.24233
6669.84,0.24288
6670.74,0.24312
6671.64,0.24346
6672.54,0.24352
6673.44,0.2437
6674.34,0.24324
6675.24,0.2429
6676.14,0.24241
6677.04,0.24179
6677.94,0.24119
6678.84,0.24149
6679.74,0.24045
6680.64,0.24053
6681.54,0.24117
6682.44,0.24059
6683.34,0.24146
6684.24,0.2407
6685.15,0.2417
6686.05,0.24177
6686.95,0.24214
6687.85,0.24366
6688.75,0.24267
6689.65,0.2433
6690.55,0.24293
6691.45,0.24344
6692.35,0.24289
6693.25,0.24288
6694.15,0.24215
6695.05,0.24208
6695.95,0.24296
6696.85,0.24291
6697.75,0.2422
6698.65,0.24196
6699.55,0.2422
6700.45,0.2421
6701.35,0.2412
6702.25,0.24092
6703.15,0.24082
6704.05,0.24228
6704.95,0.2415
6705.85,0.24142
6706.75,0.24116
6707.65,0.2412
6708.55,0.24127
6709.45,0.24
6710.35,0.24189
6711.25,0.24145
6712.15,0.24116
6713.05,0.23953
6713.95,0.23882
6714.85,0.2381
6715.75,0.2376
6716.65,0.23654
6717.55,0.23704
6718.45,0.23674
6719.35,0.23764
6720.25,0.23694
6721.16,0.23648
6722.06,0.23695
6722.96,0.23762
6723.86,0.23753
6724.76,0.23892
6725.66,0.23873
6726.56,0.23915
6727.46,0.24024
6728.36,0.23907
6729.26,0.24089
6730.16,0.23918
6731.06,0.24004
6731.96,0.24041
6732.86,0.24048
6733.76,0.24017
6734.66,0.24037
6735.56,0.23986
6736.46,0.24047
6737.36,0.24002
6738.26,0.24009
6739.16,0.23911
6740.06,0.23999
6740.96,0.23855
6741.86,0.23915
6742.76,0.23939
6743.66,0.23813
6744.56,0.23828
6745.46,0.23754
6746.36,0.23884
6747.26,0.23703
6748.16,0.23713
6749.06,0.23817
6749.96,0.23713
6750.86,0.23723
6751.76,0.23652
6752.66,0.23656
6753.56,0.23761
6754.46,0.23721
6755.36,0.23848
6756.26,0.23826
6757.16,0.23916
6758.06,0.23972
6758.97,0.23987
6759.87,0.24081
6760.77,0.24029
6761.67,0.24048
6762.57,0.24026
6763.47,0.23994
6764.37,0.24067
6765.27,0.23948
6766.17,0.23966
6767.07,0.23941
6767.97,0.23889
6768.87,0.23887
6769.77,0.23845
6770.67,0.23821
6771.57,0.23786
6772.47,0.23902
6773.37,0.23819
6774.27,0.23853
6775.17,0.23951
6776.07,0.23955
6776.97,0.24002
6777.87,0.24055
6778.77,0.2407
6779.67,0.24024
6780.57,0.24002
6781.47,0.24033
6782.37,0.23967
6783.27,0.2387
6784.17,0.23857
6785.07,0.23968
6785.97,0.23841
6786.87,0.23797
6787.77,0.2374
6788.67,0.2376
6789.57,0.23777
6790.47,0.23803
6791.37,0.23799
6792.27,0.23759
6793.17,0.23792
6794.07,0.23817
6794.97,0.23812
6795.88,0.23893
6796.78,0.23874
6797.68,0.23965
6798.58,0.23913
6799.48,0.23921
6800.38,0.23857
6801.28,0.23885
6802.18,0.23953
6803.08,0.2396
6803.98,0.23981
6804.88,0.23837
6805.78,0.23978
6806.68,0.23827
6807.58,0.23831
6808.48,0.23889
6809.38,0.23808
6810.28,0.23846
6811.18,0.23787
6812.08,0.23805
6812.98,0.23751
6813.88,0.23867
6814.78,0.23846
6815.68,0.23862
6816.58,0.23807
6817.48,0.23834
6818.38,0.23836
6819.28,0.23732
6820.18,0.23876
6821.08,0.2396
6821.98,0.23865
6822.88,0.23925
6823.78,0.23859
6824.68,0.23903
6825.58,0.23983
6826.48,0.23958
6827.38,0.23873
6828.28,0.23924
6829.18,0.23929
6830.08,0.23911
6830.98,0.23964
6831.88,0.23956
6832.79,0.23911
6833.69,0.23983
6834.59,0.23847
6835.49,0.24023
6836.39,0.2394
6837.29,0.23869
6838.19,0.23799
6839.09,0.23808
6839.99,0.23743
6840.89,0.23722
6841.79,0.23678
6842.69,0.23669
6843.59,0.23622
6844.49,0.23673
6845.39,0.23623
6846.29,0.23661
6847.19,0.23629
6848.09,0.23718
6848.99,0.23666
6849.89,0.23827
6850.79,0.23815
6851.69,0.2371
6852.59,0.23714
6853.49,0.23723
6854.39,0.23625
6855.29,0.2366
6856.19,0.23641
6857.09,0.23595
6857.99,0.23556
6858.89,0.23555
6859.79,0.23604
6860.69,0.23541
6861.59,0.23585
6862.49,0.23672
6863.39,0.23587
6864.29,0.23599
6865.19,0.23549
6866.09,0.23626
6866.99,0.23566
6867.89,0.23636
6868.79,0.23626
6869.7,0.23677
6870.6,0.2365
6871.5,0.23652
6872.4,0.23551
6873.3,0.23625
6874.2,0.2364
6875.1,0.2359
6876.0,0.23598
6876.9,0.23786
6877.8,0.23652
6878.7,0.23693
6879.6,0.23688
6880.5,0.23763
6881.4,0.23756
6882.3,0.2368
6883.2,0.23737
6884.1,0.23733
6885.0,0.23635
6885.9,0.23786
6886.8,0.23749
6887.7,0.2377
6888.6,0.23835
6889.5,0.23827
6890.4,0.23811
6891.3,0.23864
6892.2,0.23963
6893.1,0.23868
6894.0,0.2389
6894.9,0.23894
6895.8,0.23874
6896.7,0.23972
6897.6,0.23881
6898.5,0.23918
6899.4,0.23912
6900.3,0.239
6901.2,0.2392
6902.1,0.23951
6903.0,0.23902
6903.9,0.23938
6904.8,0.23891
6905.7,0.2385
6906.6,0.24114
6907.51,0.23969
6908.41,0.24016
6909.31,0.24017
6910.21,0.24016
6911.11,0.23926
6912.01,0.23879
6912.91,0.23934
6913.81,0.23905
6914.71,0.23857
6915.61,0.23745
6916.51,0.23718
6917.41,0.23729
6918.31,0.23726
6919.21,0.23719
6920.11,0.23766
6921.01,0.23694
6921.91,0.23802
6922.81,0.23777
6923.71,0.23782
6924.61,0.23776
6925.51,0.23873
6926.41,0.23739
6927.31,0.23921
6928.21,0.23812
6929.11,0.23898
6930.01,0.23926
6930.91,0.23866
6931.81,0.23844
6932.71,0.23826
6933.61,0.23894
6934.51,0.23916
6935.41,0.23836
6936.31,0.23872
6937.21,0.23945
6938.11,0.23989
6939.01,0.23932
6939.91,0.23768
6940.81,0.24015
6941.71,0.23852
6942.61,0.23871
6943.52,0.23874
6944.42,0.23915
6945.31,0.23849
6946.22,0.23858
6947.12,0.23801
6948.02,0.23829
6948.92,0.23792
6949.82,0.23869
6950.72,0.23769
6951.62,0.23827
6952.52,0.23771
6953.42,0.23794
6954.32,0.23871
6955.22,0.23895
6956.12,0.2392
6957.02,0.23911
6957.92,0.23885
6958.82,0.23933
6959.72,0.23963
6960.62,0.2406
6961.52,0.24108
6962.42,0.24067
6963.32,0.24087
6964.22,0.24058
6965.12,0.24039
6966.02,0.24036
6966.92,0.2412
6967.82,0.2416
6968.72,0.24072
6969.62,0.24124
6970.52,0.24033
6971.42,0.24056
6972.32,0.24003
6973.22,0.2391
6974.12,0.23856
6975.02,0.23875
6975.92,0.23839
6976.82,0.23718
6977.72,0.23795
6978.62,0.2368
6979.52,0.23604
6980.42,0.23597
6981.33,0.23577
6982.23,0.23589
6983.12,0.23678
6984.03,0.23773
6984.93,0.23806
6985.83,0.23765
6986.73,0.23869
6987.63,0.23924
6988.53,0.23947
6989.43,0.23918
6990.33,0.23921
6991.23,0.23904
6992.13,0.23939
6993.03,0.23955
6993.93,0.24011
6994.83,0.24061
6995.73,0.23894
6996.63,0.24017
6997.53,0.23841
6998.43,0.2395
6999.33,0.23828
7000.23,0.23822
7001.13,0.23751
7002.03,0.23854
7002.93,0.23845
7003.83,0.23834
7004.73,0.238
7005.63,0.238
7006.53,0.2374
7007.43,0.23729
7008.33,0.23842
7009.23,0.23709
7010.13,0.23775
7011.03,0.23835
7011.93,0.23778
7012.83,0.23807
7013.73,0.23718
7014.63,0.23632
7015.53,0.23674
7016.43,0.23766
7017.33,0.23678
7018.23,0.23626
7019.14,0.23634
7020.04,0.23609
7020.94,0.2361
7021.84,0.23686
7022.74,0.23653
7023.64,0.23615
7024.54,0.23842
7025.44,0.23793
7026.34,0.23754
7027.24,0.23814
7028.14,0.23792
7029.04,0.23849
7029.94,0.23896
7030.84,0.23835
7031.74,0.23863
7032.64,0.23894
7033.54,0.23845
7034.44,0.23822
7035.34,0.23822
7036.24,0.23821
7037.14,0.23924
7038.04,0.23856
7038.94,0.23906
7039.84,0.23921
7040.74,0.23928
7041.64,0.23948
7042.54,0.23999
7043.44,0.24078
7044.34,0.24111
7045.24,0.24139
7046.14,0.24191
7047.04,0.24149
7047.94,0.24136
7048.84,0.24147
7049.74,0.242
7050.64,0.24022
7051.54,0.23986
7052.44,0.24028
7053.34,0.23863
7054.25,0.23859
7055.15,0.23754
7056.04,0.23726
7056.95,0.23584
7057.85,0.23616
7058.75,0.23439
7059.65,0.23408
7060.55,0.23486
7061.45,0.23467
7062.35,0.23434
7063.25,0.23307
7064.15,0.23405
7065.05,0.23439
7065.95,0.23486
7066.85,0.23431
7067.75,0.23377
7068.65,0.23435
7069.55,0.23418
7070.45,0.23453
7071.35,0.23405
7072.25,0.23599
7073.15,0.23704
7074.05,0.236
7074.95,0.23646
7075.85,0.23684
7076.75,0.23698
7077.65,0.23698
7078.55,0.23712
7079.45,0.23623
7080.35,0.23619
7081.25,0.23568
7082.15,0.23582
7083.05,0.23483
7083.95,0.23322
7084.85,0.23309
7085.75,0.23145
7086.65,0.23081
7087.55,0.23033
7088.45,0.22865
7089.35,0.22896
7090.25,0.22866
7091.15,0.22676
7092.06,0.2264
7092.96,0.22694
7093.85,0.22762
7094.76,0.22631
7095.66,0.22701
7096.56,0.22719
7097.46,0.22791
7098.36,0.22843
7099.26,0.22839
7100.16,0.22797
7101.06,0.22916
7101.96,0.22887
7102.86,0.23033
7103.76,0.22953
7104.66,0.2314
7105.56,0.23031
7106.46,0.23071
7107.36,0.23054
7108.26,0.23072
7109.16,0.23134
7110.06,0.23079
7110.96,0.23139
7111.86,0.22999
7112.76,0.23173
7113.66,0.23098
7114.56,0.23045
7115.46,0.23124
7116.36,0.23055
7117.26,0.23155
7118.16,0.23153
7119.06,0.23147
7119.96,0.23183
7120.86,0.23064
7121.76,0.23016
7122.66,0.23077
7123.56,0.2305
7124.46,0.22937
7125.36,0.22976
7126.26,0.22887
7127.16,0.22846
7127.27,0.22895
7128.17,0.22797
7129.07,0.22688
7129.96,0.22696
7130.86,0.22669
7131.75,0.22566
7132.65,0.22669
7133.55,0.22659
7134.44,0.22652
7135.34,0.22704
7136.23,0.22791
7137.13,0.22842
7138.03,0.22895
7138.92,0.22795
7139.82,0.22801
7140.71,0.22905
7141.61,0.22919
7142.5,0.22884
7143.4,0.22797
7144.3,0.22853
7145.19,0.22824
7146.09,0.22838
7146.98,0.22729
7147.88,0.22798
7148.78,0.22682
7149.67,0.22645
7150.57,0.22719
7151.46,0.22777
7152.36,0.228
7153.26,0.22908
7154.15,0.22925
7155.05,0.22949
7155.94,0.2299
7156.84,0.23077
7157.74,0.23075
7158.63,0.22995
7159.53,0.23067
7160.42,0.23034
7161.32,0.23032
7162.21,0.22955
7163.11,0.22985
7164.01,0.22954
7164.9,0.22962
7165.8,0.22976
7166.69,0.22909
7167.59,0.22921
7168.49,0.23037
7169.38,0.23092
7170.28,0.23008
7171.17,0.23156
7172.07,0.23194
7172.96,0.23136
7173.86,0.23189
7174.76,0.23272
7175.65,0.23277
7176.55,0.23078
7177.44,0.23242
7178.34,0.23198
7179.24,0.23146
7180.13,0.23051
7181.03,0.2304
7181.92,0.22953
7182.82,0.22933
7183.72,0.22956
7184.61,0.22987
7185.51,0.22993
7186.4,0.22931
7187.3,0.22846
7188.19,0.22905
7189.09,0.22899
7189.99,0.22785
7190.88,0.22873
7191.78,0.22873
7192.67,0.2284
7193.57,0.22863
7194.47,0.2288
7195.36,0.2297
7196.26,0.22926
7197.15,0.22959
7198.05,0.22976
7198.95,0.22946
7199.84,0.22827
7200.74,0.22994
7201.63,0.22916
7202.53,0.22859
7203.43,0.23007
7204.32,0.22836
7205.22,0.22788
7206.11,0.22838
7207.01,0.22789
7207.9,0.22881
7208.8,0.22848
7209.7,0.22831
7210.59,0.22825
7211.49,0.22936
7212.38,0.22921
7213.28,0.23107
7214.18,0.22955
7215.07,0.22969
7215.97,0.23034
7216.86,0.23102
7217.76,0.23139
7218.66,0.23233
7219.55,0.23211
7220.45,0.23203
7221.34,0.23249
7222.24,0.23224
7223.13,0.23177
7224.03,0.23297
7224.93,0.23288
7225.82,0.23309
7226.72,0.23367
7227.61,0.23438
7228.51,0.23469
7229.41,0.23382
7230.3,0.23471
7231.2,0.23524
7232.09,0.23531
7232.99,0.23492
7233.89,0.23572
7234.78,0.23464
7235.68,0.23425
7236.57,0.23566
7237.47,0.2351
7238.36,0.23457
7239.26,0.23443
7240.16,0.23372
7241.05,0.23478
7241.95,0.2349
7242.84,0.23422
7243.74,0.23493
7244.64,0.23389
7245.53,0.23459
7246.43,0.2333
7247.32,0.23439
7248.22,0.23403
7249.12,0.23402
7250.01,0.23347
7250.91,0.23343
7251.8,0.2341
7252.7,0.23439
7253.6,0.23379
7254.49,0.2337
7255.39,0.23338
7256.28,0.2344
7257.18,0.23423
7258.07,0.23493
7258.97,0.23397
7259.87,0.2346
7260.76,0.23389
7261.66,0.23529
7262.55,0.23563
7263.45,0.23513
7264.35,0.23455
7265.24,0.23591
7266.14,0.23559
7267.03,0.23612
7267.93,0.2366
7268.83,0.23579
7269.72,0.23596
7270.62,0.23658
7271.51,0.23647
7272.41,0.23564
7273.3,0.23735
7274.2,0.2357
7275.1,0.23625
7275.99,0.23642
7276.89,0.23522
7277.78,0.23537
7278.68,0.2361
7279.58,0.23497
7280.47,0.23523
7281.37,0.23541
7282.26,0.2351
7283.16,0.23399
7284.06,0.23369
7284.95,0.23302
7285.85,0.23299
7286.74,0.23333
7287.64,0.23163
7288.53,0.23222
7289.43,0.23088
7290.33,0.23106
7291.22,0.23138
7292.12,0.23122
7293.01,0.23214
7293.91,0.23183
7294.81,0.23284
7295.7,0.23353
7296.6,0.23373
7297.49,0.23478
7298.39,0.23342
7299.29,0.23501
7300.18,0.23523
7301.08,0.23556
7301.97,0.23531
7302.87,0.23669
7303.76,0.23555
7304.66,0.23559
7305.56,0.23555
7306.45,0.23469
7307.35,0.23508
7308.24,0.23593
7309.14,0.23392
7310.04,0.2349
7310.93,0.23545
7311.83,0.23501
7312.72,0.23452
7313.62,0.23443
7314.52,0.23466
7315.41,0.23499
7316.31,0.23517
7317.2,0.23548
7318.1,0.23538
7318.99,0.23503
7319.89,0.234
7320.79,0.23484
7321.68,0.23379
7322.58,0.23377
7323.47,0.23462
7324.37,0.23362
7325.27,0.23367
7326.16,0.2332
7327.06,0.23337
7327.95,0.23293
7328.85,0.23315
7329.75,0.23414
7330.64,0.23362
7331.54,0.23379
7332.43,0.23488
7333.33,0.23556
7334.22,0.23581
7335.12,0.23612
7336.02,0.23667
7336.91,0.23591
7337.81,0.2376
7338.7,0.23689
7339.6,0.2374
7340.5,0.23721
7341.39,0.23617
7342.29,0.23702
7343.18,0.23602
7344.08,0.23499
7344.98,0.23536
7345.87,0.23569
7346.77,0.23546
7347.66,0.23578
7348.56,0.23475
7349.45,0.23511
7350.35,0.23485
7351.25,0.23472
7352.14,0.23465
7353.04,0.23331
7353.93,0.23315
7354.83,0.23322
7355.73,0.23351
7356.62,0.23187
7357.52,0.23282
7358.41,0.23279
7359.31,0.23296
7360.21,0.23215
7361.1,0.23161
7362.0,0.2325
7362.89,0.23221
7363.79,0.23217
7364.69,0.23448
7365.58,0.23245
7366.48,0.2334
7367.37,0.23369
7368.27,0.23392
7369.16,0.23377
7370.06,0.23405
7370.96,0.23533
7371.85,0.23503
7372.75,0.23571
7373.64,0.23597
7374.54,0.23619
7375.44,0.23667
7376.33,0.23512
7377.23,0.23494
7378.12,0.23662
7379.02,0.23525
7379.92,0.23513
7380.81,0.23402
7381.71,0.23387
7382.6,0.23425
7383.5,0.23351
7384.39,0.23348
7385.29,0.23172
7386.19,0.23215
7387.08,0.23145
7387.98,0.23045
7388.87,0.2305
7389.77,0.23071
7390.67,0.23056
7391.56,0.23059
7392.46,0.23093
7393.35,0.23037
7394.25,0.23085
7395.15,0.23086
7396.04,0.23173
7396.94,0.23186
7397.83,0.2329
7398.73,0.23224
7399.62,0.23317
7400.52,0.23271
7401.42,0.23269
7402.31,0.23277
7403.21,0.23225
7404.1,0.23256
7405.0,0.23182
7405.9,0.23204
7406.79,0.23072
7407.69,0.23085
7408.58,0.22977
7409.48,0.22911
7410.38,0.22843
7411.27,0.22647
7412.17,0.22589
7413.06,0.22566
7413.96,0.22389
7414.85,0.22452
7415.75,0.22314
7416.65,0.22329
7417.54,0.22434
7418.44,0.22238
7419.33,0.22441
7420.23,0.22417
7421.13,0.22497
7422.02,0.22533
7422.92,0.22666
7423.81,0.22702
7424.71,0.22753
7425.6,0.22898
7426.5,0.22894
7427.4,0.23097
7428.29,0.23162
7429.19,0.23195
7431.68,0.23396
7434.18,0.23494
7436.67,0.2344
7439.17,0.23449
7441.66,0.23395
7444.16,0.23264
7446.66,0.23205
7449.15,0.23302
7451.65,0.2336
7454.14,0.23454
7456.64,0.2343
7459.13,0.23561
7461.63,0.23376
7464.12,0.23355
7466.62,0.2338
7469.11,0.2344
7471.61,0.23375
7474.1,0.23498
7476.6,0.23487
7479.09,0.23473
7481.59,0.234
7484.08,0.23294
7486.58,0.23295
7489.07,0.23223
7491.57,0.23182
7494.06,0.2317
7496.56,0.23143
7499.05,0.23224
7501.55,0.23279
7504.04,0.23337
7506.54,0.2331
7509.03,0.2329
7511.53,0.23234
7514.02,0.23266
7516.52,0.23323
7519.01,0.23369
7521.51,0.23376
7524.0,0.23248
7526.5,0.23298
7528.99,0.2327
7531.49,0.23264
7533.99,0.23338
7536.48,0.23334
7538.98,0.23432
7541.47,0.23469
7543.97,0.23411
7546.46,0.23386
7548.96,0.23354
7551.45,0.23251
7553.95,0.23311
7556.44,0.23243
7558.94,0.2326
7561.43,0.23279
7563.93,0.23253
7566.42,0.23277
7568.92,0.23248
7571.41,0.23277
7573.91,0.2322
7576.4,0.2326
7578.9,0.23141
7581.39,0.23189
7583.89,0.23074
7586.38,0.23029
7588.88,0.22999
7591.37,0.23011
7593.87,0.23033
7596.36,0.231
7598.86,0.23057
7601.35,0.23031
7603.85,0.23062
7606.34,0.22978
7608.84,0.22948
7611.33,0.22956
7613.83,0.22923
7616.33,0.22955
7618.82,0.22809
7621.32,0.22779
7623.81,0.22906
7626.31,0.22924
7628.8,0.22957
7631.3,0.22995
7633.79,0.22987
7636.29,0.23015
7638.78,0.22992
7641.28,0.23003
7643.77,0.23021
7646.27,0.22977
7648.76,0.22926
7651.26,0.22892
7653.75,0.22684
7656.25,0.22526
7658.74,0.223
7661.24,0.22048
7663.73,0.21909
7666.23,0.21835
7668.72,0.21872
7671.22,0.22143
7673.71,0.22306
7676.21,0.22479
7678.7,0.22608
7681.2,0.22644
7683.69,0.22625
7686.19,0.22613
7688.69,0.22622
7691.18,0.22561
7693.68,0.22464
7696.17,0.22343
7698.67,0.2226
7701.16,0.22258
7703.66,0.22363
7706.15,0.22354
7708.65,0.22369
7711.14,0.22244
7713.64,0.22227
7716.13,0.22225
7718.63,0.22337
7721.12,0.22371
7723.62,0.22425
7726.11,0.22449
7728.61,0.22529
7731.1,0.22582
7733.6,0.22628
7736.09,0.22703
7738.59,0.22714
7741.08,0.22677
7743.58,0.22549
7746.07,0.22389
7748.57,0.22277
7751.06,0.22222
7753.56,0.22309
7756.05,0.22443
7758.55,0.22543
7761.04,0.22653
7763.54,0.22763
7766.03,0.22741
7768.53,0.22737
7771.03,0.22777
7773.52,0.22753
7776.02,0.22837
7778.51,0.22751
7781.01,0.22651
7783.5,0.22603
7786.0,0.22551
7788.49,0.22433
7790.99,0.2248
7793.48,0.22413
7795.98,0.22435
7798.47,0.2238
7800.97,0.22458
7803.46,0.2244
7805.96,0.22472
7808.45,0.22539
7810.95,0.2256
7813.44,0.22547
7815.94,0.22599
7818.43,0.22607
7820.93,0.22595
7823.42,0.22616
7825.92,0.225
7828.41,0.22519
7830.91,0.22362
7833.4,0.22287
7835.9,0.22192
7838.39,0.22189
7840.89,0.22267
7843.38,0.22318
7845.88,0.22326
7848.38,0.2235
7850.87,0.22377
7853.37,0.223
7855.86,0.22336
7858.36,0.22394
7860.85,0.22414
7863.35,0.2241
7865.84,0.22409
7868.34,0.22405
7870.83,0.22392
7873.33,0.22359
7875.82,0.22357
7878.32,0.22319
7880.81,0.22242
7883.31,0.22262
7885.8,0.22258
7888.3,0.22321
7890.79,0.22245
7893.29,0.22325
7895.78,0.22312
7898.28,0.22255
7900.77,0.22154
7903.27,0.22205
7905.76,0.2214
7908.26,0.22075
7910.75,0.21975
7913.25,0.21886
7915.74,0.21826
7918.24,0.21834
7920.73,0.21859
7923.23,0.2192
7925.73,0.21953
7928.22,0.2196
7930.71,0.2188
7933.21,0.21746
7935.71,0.21729
7938.2,0.21697
7940.7,0.21586
7943.19,0.21565
7945.69,0.21528
7948.18,0.21531
7950.68,0.21654
7953.17,0.21732
7955.67,0.21897
7958.16,0.21964
7960.66,0.21929
7963.15,0.21973
7965.65,0.2201
7968.14,0.22006
7970.64,0.22025
7973.13,0.22005
7975.63,0.22013
7978.12,0.2193
7980.62,0.2189
7983.11,0.21917
7985.61,0.21895
7988.1,0.21823
7990.6,0.21779
7993.09,0.21754
7995.59,0.21708
7998.08,0.21746
8000.58,0.21742
8003.07,0.21828
8005.57,0.2183
8008.06,0.21955
8010.56,0.21955
8013.06,0.2205
8015.55,0.22074
8018.05,0.22011
8020.54,0.21992
8023.04,0.21935
8025.53,0.21864
8028.03,0.21772
8030.52,0.21714
8033.02,0.21818
8035.51,0.21886
8038.01,0.21956
8040.5,0.21903
8043.0,0.21792
8045.49,0.21709
8047.99,0.2159
8050.48,0.21629
8052.98,0.21606
8055.47,0.21721
8057.97,0.2175
8060.46,0.21815
8062.96,0.21805
8065.45,0.21728
8067.95,0.21658
8070.44,0.21621
8072.94,0.21536
8075.43,0.21562
8077.93,0.21554
8080.42,0.21576
8082.92,0.21567
8085.41,0.21564
8087.91,0.2156
8090.4,0.21515
8092.9,0.21443
8095.4,0.21412
8097.89,0.21416
8100.39,0.21485
8102.88,0.21529
8105.38,0.21511
8107.87,0.21569
8110.37,0.21572
8112.86,0.21484
8115.36,0.21495
8117.85,0.21448
8120.35,0.21474
8122.84,0.21505
8125.34,0.21555
8127.83,0.21532
8130.33,0.21536
8132.82,0.21567
8135.32,0.21539
8137.81,0.21528
8140.31,0.21518
8142.8,0.21574
8145.3,0.21483
8147.79,0.21488
8150.29,0.21519
8152.78,0.21496
8155.28,0.21543
8157.77,0.21503
8160.27,0.21545
8162.76,0.21436
8165.26,0.215
8167.75,0.21493
8170.25,0.21458
8172.75,0.21468
8175.24,0.21461
8177.74,0.21407
8180.23,0.21249
8182.73,0.21183
8185.22,0.21118
8187.72,0.21024
8190.21,0.21046
8192.71,0.2099
8195.2,0.20949
8197.7,0.20894
8200.19,0.20914
8202.69,0.20975
8205.18,0.21029
8207.68,0.2116
8210.17,0.21113
8212.67,0.2122
8215.16,0.21241
8217.66,0.21178
8220.15,0.2125
8222.65,0.21255
8225.14,0.21313
8227.64,0.21368
8230.13,0.21366
8232.63,0.21358
8235.12,0.21362
8237.62,0.2135
8240.11,0.21375
8242.61,0.21354
8245.1,0.21297
8247.6,0.21325
8250.1,0.21276
8252.59,0.21286
8255.08,0.21254
8257.58,0.21253
8260.08,0.21371
8262.57,0.21362
8265.07,0.21311
8267.56,0.21415
8270.06,0.21363
8272.55,0.21376
8275.05,0.21354
8277.54,0.21364
8280.04,0.21393
8282.53,0.21356
8285.03,0.21321
8287.52,0.21336
8290.02,0.21227
8292.51,0.21233
8295.01,0.21236
8297.5,0.2117
8300.0,0.21132
8302.49,0.21099
8304.99,0.21064
8307.48,0.20975
8309.98,0.20982
8312.47,0.21017
8314.97,0.21087
8317.46,0.21113
8319.96,0.21104
8322.46,0.21026
8324.95,0.2089
8327.44,0.20759
8329.94,0.20733
8332.43,0.20649
8334.93,0.20695
8337.43,0.20726
8339.92,0.20778
8342.42,0.20844
8344.91,0.20894
8347.41,0.20859
8349.9,0.20881
8352.4,0.2095
8354.89,0.20953
8357.39,0.20975
8359.88,0.20901
8362.38,0.20869
8364.87,0.20814
8367.37,0.20847
8369.86,0.20903
8372.36,0.20874
8374.85,0.20923
8377.35,0.20786
8379.84,0.20753
8382.34,0.20555
8384.83,0.20444
8387.33,0.20406
8389.82,0.20401
8392.32,0.20582
8394.81,0.20679
8397.31,0.20754
8399.8,0.20865
8402.3,0.20863
8404.79,0.20911
8407.29,0.20945
8409.79,0.20912
8412.28,0.20852
8414.78,0.20806
8417.27,0.20778
8419.77,0.20757
8422.26,0.20704
8424.76,0.20665
8427.25,0.2056
8429.75,0.20475
8432.24,0.20408
8434.74,0.20321
8437.23,0.20292
8439.73,0.20313
8442.22,0.20405
8444.72,0.20592
8447.21,0.20697
8449.71,0.20683
8452.2,0.20755
8454.7,0.20698
8457.19,0.20732
8459.69,0.20687
8462.18,0.20586
8464.68,0.20498
8467.17,0.20328
8469.67,0.20329
8472.16,0.20291
8474.66,0.20364
8477.15,0.20495
8479.65,0.20517
8482.14,0.20578
8484.64,0.20516
8487.13,0.20505
8489.63,0.20338
8492.12,0.20097
8494.62,0.19602
8497.12,0.19156
8499.61,0.18803
8502.11,0.1881
8504.6,0.19093
8507.1,0.19501
8509.59,0.1982
8512.09,0.19953
8514.58,0.19975
8517.08,0.19901
8519.57,0.20008
8522.07,0.19989
8524.56,0.20067
8527.06,0.20107
8529.55,0.20004
8532.05,0.1976
8534.54,0.19289
8537.04,0.18513
8539.53,0.17616
8542.03,0.16793
8544.52,0.16487
8547.02,0.16832
8549.51,0.17556
8552.01,0.18436
8554.5,0.19152
8557.0,0.19641
8559.49,0.19873
8561.99,0.1999
8564.48,0.20113
8566.98,0.20169
8569.47,0.202
8571.97,0.20216
8574.47,0.20191
8576.96,0.20209
8579.46,0.20198
8581.95,0.20176
8584.45,0.20206
8586.94,0.20169
8589.44,0.20164
8591.93,0.20182
8594.43,0.20175
8596.92,0.20124
8599.42,0.20059
8601.91,0.20084
8604.41,0.20051
8606.9,0.2012
8609.4,0.20037
8611.89,0.19991
8614.39,0.19947
8616.88,0.19932
8619.38,0.19927
8621.87,0.19959
8624.37,0.19968
8626.86,0.19983
8629.36,0.20041
8631.85,0.20086
8634.35,0.20143
8636.84,0.20193
8639.34,0.20202
8641.83,0.20155
8644.33,0.20137
8646.83,0.20044
8649.32,0.1994
8651.82,0.19736
8654.31,0.19341
8656.8,0.18769
8659.3,0.17946
8661.8,0.17304
8664.29,0.16993
8666.79,0.17103
8669.28,0.17681
8671.78,0.18321
8674.27,0.18904
8676.77,0.19245
8679.26,0.19483
8681.76,0.19595
8684.25,0.19625
8686.75,0.19559
8689.24,0.19468
8691.74,0.19467
8694.23,0.19521
8696.73,0.19621
8699.22,0.19737
8701.72,0.19775
8704.21,0.19813
8706.71,0.19772
8709.2,0.19755
8711.7,0.19706
8714.19,0.19744
8716.69,0.19721
8719.18,0.19796
8721.68,0.19843
8724.17,0.1992
8726.67,0.19954
8729.17,0.19923
8731.66,0.19858
8734.16,0.1982
8736.65,0.1977
8739.15,0.19769
8741.64,0.19754
8744.14,0.19717
8746.63,0.19661
8749.13,0.19565
8751.62,0.19562
8754.12,0.19481
8756.61,0.19518
8759.11,0.19558
8761.6,0.19567
8764.1,0.1965
8766.59,0.19605
8769.09,0.19709
8771.58,0.19643
8774.08,0.19679
8776.57,0.19648
8779.07,0.19677
8781.56,0.19742
8784.06,0.19784
8786.55,0.19726
8789.05,0.19708
8791.54,0.197
8794.04,0.19633
8796.53,0.19586
8799.03,0.19533
8801.52,0.19381
8804.02,0.19252
8806.51,0.19106
8809.01,0.19042
8811.5,0.19128
8814.0,0.19302
8816.5,0.19424
8818.99,0.19541
8821.49,0.1956
8823.98,0.1949
8826.48,0.19517
8828.97,0.19548
8831.47,0.19613
8833.96,0.1964
8836.46,0.1973
8838.95,0.1973
8841.45,0.19651
8843.94,0.19748
8846.44,0.19801
8848.93,0.19803
8851.43,0.19865
8853.92,0.19786
8856.42,0.19787
8858.91,0.19625
8861.41,0.19502
8863.9,0.19469
8866.4,0.19373
8868.89,0.1939
8871.39,0.19421
8873.88,0.19499
8876.38,0.19631
8878.87,0.1968
8881.37,0.19711
8883.87,0.19735
8886.36,0.19732
8888.86,0.19734
8891.35,0.19764
8893.84,0.19675
8896.34,0.19727
8898.84,0.19671
8901.33,0.19682
8903.83,0.19613
8906.32,0.19666
8908.82,0.1961
8911.31,0.19572
8913.81,0.19558
8916.3,0.19517
8918.8,0.19434
8921.29,0.19387
8923.79,0.19304
8926.28,0.19286
8928.78,0.19294
8931.27,0.19235
8933.77,0.19269
8936.26,0.19314
8938.76,0.19368
8941.25,0.19342
8943.75,0.19312
8946.24,0.19275
8948.74,0.19275
8951.23,0.19311
8953.73,0.19403
8956.22,0.19495
8958.72,0.19544
8961.21,0.19569
8963.71,0.19527
8966.2,0.19473
8968.7,0.19455
8971.2,0.19407
8973.69,0.19299
8976.19,0.19335
8978.68,0.19326
8981.18,0.19316
8983.67,0.19379
8986.17,0.19417
8988.66,0.19415
8991.16,0.19343
8993.65,0.19344
8996.15,0.19315
8998.64,0.19221
9001.14,0.19154
9003.63,0.19053
9006.13,0.18928
9008.62,0.18787
9011.12,0.18623
9013.61,0.1843
9016.11,0.18377
9018.6,0.18433
9021.1,0.18558
9023.59,0.18612
9026.09,0.18756
9028.58,0.1889
9031.08,0.19023
9033.57,0.19114
9036.07,0.19213
9038.56,0.19266
9041.06,0.19289
9043.55,0.19315
9046.05,0.19314
9048.54,0.19347
9051.04,0.19283
9053.54,0.19261
9056.03,0.19268
9058.53,0.19167
9061.02,0.19157
9063.52,0.19095
9066.01,0.19049
9068.51,0.19103
9071.0,0.1912
9073.5,0.19083
9075.99,0.19032
9078.49,0.19015
9080.98,0.18905
9083.48,0.18829
9085.97,0.18716
9088.47,0.18603
9090.96,0.18499
9093.46,0.18555
9095.95,0.18633
9098.45,0.18765
9100.94,0.18855
9103.44,0.18892
9105.93,0.18949
9108.43,0.18899
9110.92,0.18865
9113.42,0.18841
9115.91,0.18807
9118.41,0.18809
9120.9,0.18772
9123.4,0.18786
9125.89,0.18876
9128.39,0.1893
9130.88,0.18933
9133.38,0.18955
9135.88,0.18884
9138.37,0.18783
9140.87,0.18732
9143.36,0.18601
9145.86,0.1856
9148.35,0.18529
9150.85,0.18566
9153.34,0.18587
9155.84,0.18618
9158.33,0.18636
9160.83,0.18618
9163.32,0.18579
9165.82,0.18507
9168.31,0.18415
9170.81,0.18317
9173.3,0.18241
9175.8,0.18215
9178.29,0.1829
9180.79,0.18299
9183.28,0.18348
9185.78,0.18398
9188.27,0.18335
9190.77,0.18368
9193.26,0.18313
9195.76,0.18367
9198.25,0.18336
9200.75,0.18305
9203.24,0.18285
9205.74,0.18268
9208.24,0.18237
9210.73,0.1818
9213.23,0.18187
9215.72,0.18119
9218.22,0.1811
9220.71,0.18113
9223.21,0.18091
9225.7,0.18065
9228.2,0.18068
9230.69,0.18002
9233.19,0.18018
9235.68,0.18024
9238.18,0.18063
9240.67,0.1814
9243.17,0.18148
9245.66,0.18171
9248.16,0.18191
9250.65,0.18114
9253.15,0.18082
9255.64,0.18035
9258.14,0.18032
9260.63,0.1812
9263.13,0.18147
9265.62,0.1819
9268.12,0.18251
9270.61,0.18282
9273.11,0.18306
9275.6,0.18222
9278.1,0.18206
9280.59,0.18189
9283.09,0.18075
9285.58,0.18067
9288.08,0.1805
9290.58,0.17997
9293.07,0.17987
9295.57,0.17944
9298.06,0.17981
9300.56,0.18011
9303.05,0.18003
9305.55,0.18006
9308.04,0.18027
9310.54,0.18041
9313.03,0.18023
9315.53,0.17996
9318.02,0.17976
9320.52,0.17995
9323.01,0.17998
9325.51,0.18015
9328.0,0.18006
9330.5,0.17983
9332.99,0.18036
9335.49,0.18014
9337.98,0.18027
9340.48,0.1804
9342.97,0.17991
9345.47,0.17989
9347.96,0.17939
9350.46,0.17856
9352.95,0.17775
9355.45,0.17689
9357.94,0.17681
9360.44,0.17614
9362.93,0.17626
9365.43,0.17652
9367.92,0.17638
9370.42,0.17658
9372.92,0.17635
9375.41,0.17655
9377.91,0.17601
9380.4,0.17677
9382.9,0.17647
9385.39,0.1763
9387.89,0.17687
9390.38,0.17641
9392.88,0.1767
9395.37,0.1767
9397.87,0.17606
9400.36,0.1755
9402.86,0.17533
9405.35,0.17472
9407.85,0.17356
9410.34,0.17289
9412.84,0.17242
9415.33,0.17228
9417.83,0.17258
9420.32,0.17271
9422.82,0.1738
9425.31,0.17421
9427.81,0.17502
9430.3,0.17461
9432.8,0.17437
9435.29,0.17387
9437.79,0.17417
9440.28,0.17363
9442.78,0.17321
9445.27,0.17366
9447.77,0.17349
9450.27,0.17338
9452.76,0.17381
9455.25,0.17436
9457.75,0.17464
9460.25,0.17485
9462.74,0.17473
9465.24,0.17531
9467.73,0.17489
9470.23,0.1754
9472.72,0.17536
9475.22,0.17528
9477.71,0.17548
9480.21,0.17525
9482.7,0.17542
9485.2,0.17537
9487.69,0.17555
9490.19,0.17553
9492.68,0.17529
9495.18,0.17553
9497.67,0.17563
9500.17,0.17533
9502.66,0.17592
9505.16,0.17538
9507.65,0.17545
9510.15,0.17569
9512.64,0.17579
9515.14,0.17592
9517.63,0.17598
9520.13,0.17588
9522.62,0.17579
9525.12,0.17659
9527.61,0.17609
9530.11,0.17597
9532.61,0.17526
9535.1,0.17448
9537.6,0.1739
9540.09,0.17284
9542.59,0.17167
9545.08,0.17031
9547.58,0.17031
9550.07,0.17036
9552.57,0.17121
9555.06,0.17282
9557.56,0.17376
9560.05,0.17437
9562.55,0.1749
9565.04,0.17516
9567.54,0.17413
9570.03,0.17407
9572.53,0.17369
9575.02,0.17377
9577.52,0.17329
9580.01,0.17347
9582.51,0.17378
9585.0,0.1743
9587.5,0.17426
9589.99,0.17411
9592.49,0.17392
9594.98,0.17315
9597.48,0.17255
9599.97,0.17228
9602.47,0.17197
9604.96,0.17211
9607.46,0.1727
9609.96,0.17292
9612.45,0.17308
9614.95,0.17337
9617.44,0.17361
9619.94,0.17272
9622.43,0.17273
9624.93,0.17294
9627.42,0.17253
9629.92,0.17202
9632.41,0.17218
9634.91,0.17174
9637.4,0.17121
9639.9,0.17023
9642.39,0.17013
9644.89,0.16967
9647.38,0.16987
9649.88,0.16997
9652.37,0.17004
9654.87,0.16969
9657.36,0.17013
9659.86,0.17007
9662.35,0.17061
9664.85,0.17073
9667.34,0.1704
9669.84,0.17031
9672.33,0.17024
9674.83,0.16929
9677.32,0.16929
9679.82,0.16947
9682.31,0.16994
9684.81,0.16976
9687.3,0.17009
9689.8,0.16949
9692.29,0.16968
9694.79,0.16937
9697.29,0.16977
9699.78,0.16957
9702.28,0.16915
9704.77,0.16912
9707.27,0.16873
9709.76,0.16895
9712.26,0.16914
9714.75,0.16938
9717.25,0.16933
9719.74,0.16896
9722.24,0.16904
9724.73,0.16893
9727.23,0.16887
9729.72,0.16803
9732.22,0.16802
9734.71,0.1682
9737.21,0.16825
9739.7,0.16758
9742.2,0.16747
9744.69,0.16757
9747.19,0.16785
9749.68,0.16772
9752.18,0.16856
9754.67,0.16919
9757.17,0.16916
9759.66,0.16934
9762.16,0.16896
9764.65,0.16876
9767.15,0.16841
9769.64,0.16835
9772.14,0.16797
9774.64,0.16829
9777.13,0.16762
9779.63,0.16797
9782.12,0.16671
9784.62,0.16619
9787.11,0.16578
9789.61,0.16613
9792.1,0.16667
9794.6,0.16703
9797.09,0.16817
9799.59,0.1686
9802.08,0.16867
9804.58,0.16906
9807.07,0.16932
9809.57,0.16995
9812.06,0.16964
9814.56,0.16961
9817.05,0.16925
9819.55,0.16986
9822.04,0.16957
9824.54,0.16928
9827.03,0.16924
9829.53,0.16914
9832.02,0.16846
9834.52,0.16876
9837.01,0.16899
9839.51,0.16911
9842.0,0.16907
9844.5,0.169
9847.0,0.16894
9849.49,0.16872
9851.99,0.16901
9854.48,0.16912
9856.98,0.16843
9859.47,0.16821
9861.97,0.1683
9864.46,0.16834
9866.96,0.16813
9869.45,0.16804
9871.95,0.16814
9874.44,0.1685
9876.94,0.16828
9879.43,0.1678
9881.93,0.16842
9884.42,0.16764
9886.92,0.16795
9889.41,0.16751
9891.91,0.16698
9894.4,0.16661
9896.9,0.16692
9899.39,0.16664
9901.89,0.16646
9904.38,0.16655
9906.88,0.16619
9909.37,0.16663
9911.87,0.16635
9914.36,0.16583
9916.86,0.16613
9919.35,0.16598
9921.85,0.16553
9924.34,0.16604
9926.84,0.16556
9929.33,0.16573
9931.83,0.16583
9934.33,0.16577
9936.82,0.16589
9939.32,0.16611
9941.81,0.16576
9944.31,0.16574
9946.8,0.16564
9949.3,0.16573
9951.79,0.16575
9954.29,0.16608
9956.78,0.16621
9959.28,0.1659
9961.77,0.1661
9964.27,0.16636
9966.76,0.16634
9969.26,0.16629
9971.75,0.16603
9974.25,0.16604
9976.74,0.16594
9979.24,0.16563
9981.73,0.16581
9984.23,0.16563
9986.72,0.16556
9989.22,0.16533
9991.71,0.16529
9994.21,0.16519
9996.7,0.16485
9999.2,0.16431
10001.7,0.16422
10004.2,0.16499
10006.7,0.16477
10009.2,0.16484
10011.7,0.16497
10014.2,0.16538
10016.7,0.16537
10019.2,0.16569
10021.7,0.16572
10024.2,0.16603
10026.6,0.16538
10029.1,0.16558
10031.6,0.16481
10034.1,0.16434
10036.6,0.16366
10039.1,0.1632
10041.6,0.16305
10044.1,0.16217
10046.6,0.16217
10049.1,0.16155
10051.6,0.16083
10054.1,0.16037
10056.6,0.16084
10059.1,0.16128
10061.6,0.16165
10064.1,0.16156
10066.6,0.16278
10069.1,0.16273
10071.6,0.16306
10074.1,0.16339
10076.5,0.16322
10079.0,0.16359
10081.5,0.16368
10084.0,0.16353
10086.5,0.16343
10089.0,0.16375
10091.5,0.16392
10094.0,0.16426
10096.5,0.16438
10099.0,0.16426
10101.5,0.16392
10104.0,0.16429
10106.5,0.16356
10109.0,0.16366
10111.5,0.16325
10114.0,0.16319
10116.5,0.16292
10119.0,0.16267
10121.5,0.16243
10124.0,0.16226
10126.5,0.16247
10128.9,0.16232
10131.4,0.16248
10133.9,0.16253
10136.4,0.16224
10138.9,0.16191
10141.4,0.16148
10143.9,0.16142
10146.4,0.16139
10148.9,0.16045
10151.4,0.16081
10153.9,0.16081
10156.4,0.16143
10158.9,0.16096
10161.4,0.16152
10163.9,0.16175
10166.4,0.16131
10168.9,0.16128
10171.4,0.16128
10173.9,0.16116
10176.4,0.16134
10178.9,0.16063
10181.3,0.16123
10183.8,0.16132
10186.3,0.16109
10188.8,0.16019
10191.3,0.16047
10193.8,0.16001
10196.3,0.15998
10198.8,0.15995
10201.3,0.16027
10203.8,0.15968
10206.3,0.15997
10208.8,0.16029
10211.3,0.16
10213.8,0.15955
10216.3,0.15952
10218.8,0.15904
10221.3,0.15885
10223.8,0.15886
10226.3,0.15935
10228.8,0.15984
10231.2,0.15966
10233.7,0.15941
10236.2,0.15956
10238.7,0.15979
10241.2,0.15973
10243.7,0.16001
10246.2,0.15931
10248.7,0.1598
10251.2,0.15883
10253.7,0.15924
10256.2,0.15893
10258.7,0.1588
10261.2,0.15872
10263.7,0.15859
10266.2,0.15873
10268.7,0.15841
10271.2,0.15837
10273.7,0.15846
10276.2,0.15843
10278.7,0.15835
10281.2,0.15811
10283.6,0.15808
10286.1,0.15781
10288.6,0.15847
10291.1,0.15786
10293.6,0.15754
10296.1,0.15794
10298.6,0.1581
10301.1,0.15833
10303.6,0.15796
10306.1,0.1583
10308.6,0.15795
10311.1,0.15792
10313.6,0.15832
10316.1,0.15832
10318.6,0.15764
10321.1,0.15715
10323.6,0.15685
10326.1,0.15639
10328.6,0.15565
10331.1,0.15538
10333.5,0.15525
10336.0,0.15516
10338.5,0.15506
10341.0,0.15457
10343.5,0.15461
10346.0,0.15448
10348.5,0.15482
10351.0,0.15523
10353.5,0.15601
10356.0,0.15664
10358.5,0.15621
10361.0,0.15684
10363.5,0.15637
10366.0,0.15646
10368.5,0.15628
10371.0,0.15558
10373.5,0.15526
10376.0,0.15542
10378.5,0.15503
10381.0,0.1556
10383.5,0.15525
10385.9,0.15539
10388.4,0.15552
10390.9,0.155
10393.4,0.15506
10395.9,0.1542
10398.4,0.15427
10400.9,0.15385
10403.4,0.1546
10405.9,0.15455
10408.4,0.15515
10410.9,0.15573
10413.4,0.15515
10415.9,0.15559
10418.4,0.15498
10420.9,0.15512
10423.4,0.15525
10425.9,0.15492
10428.4,0.15488
10430.9,0.1548
10433.4,0.1556
10435.9,0.15519
10438.3,0.15505
10440.8,0.15534
10443.3,0.15537
10445.8,0.15545
10448.3,0.15541
10450.8,0.1547
10453.3,0.15477
10455.8,0.15458
10458.3,0.15422
10460.8,0.15405
10463.3,0.15432
10465.8,0.15381
10468.3,0.15374
10470.8,0.15364
10473.3,0.15349
10475.8,0.15365
10478.3,0.1537
10480.8,0.15414
10483.3,0.154
10485.8,0.15403
10488.2,0.15339
10490.7,0.15328
10493.2,0.15319
10495.7,0.15281
10498.2,0.15275
10500.7,0.1526
10503.2,0.15251
10505.7,0.15263
10508.2,0.15301
10510.7,0.15314
10513.2,0.15336
10515.7,0.15339
10518.2,0.15328
10520.7,0.15326
10523.2,0.1533
10525.7,0.15297
10528.2,0.15275
10530.7,0.15296
10533.2,0.15272
10535.7,0.15274
10538.2,0.15252
10540.6,0.15261
10543.1,0.1528
10545.6,0.15301
10548.1,0.15273
10550.6,0.153
10553.1,0.15259
10555.6,0.15248
10558.1,0.1525
10560.6,0.15236
10563.1,0.15224
10565.6,0.15245
10568.1,0.1522
10570.6,0.15203
10573.1,0.1518
10575.6,0.15178
10578.1,0.15124
10580.6,0.15004
10583.1,0.14934
10585.6,0.14888
10588.1,0.14893
10590.6,0.14936
10593.0,0.14949
10595.5,0.14996
10598.0,0.15007
10600.5,0.14997
10603.0,0.14975
10605.5,0.14915
10608.0,0.14927
10610.5,0.14979
10613.0,0.14962
10615.5,0.15012
10618.0,0.14981
10620.5,0.1501
10623.0,0.15011
10625.5,0.1505
10628.0,0.15051
10630.5,0.15065
10633.0,0.15042
10635.5,0.15078
10638.0,0.1508
10640.5,0.1511
10642.9,0.15085
10645.4,0.15076
10647.9,0.15015
10650.4,0.15059
10652.9,0.1496
10655.4,0.14927
10657.9,0.14883
10660.4,0.14817
10662.9,0.1474
10665.4,0.14791
10667.9,0.14784
10670.4,0.14851
10672.9,0.14853
10675.4,0.14865
10677.9,0.14872
10680.4,0.14857
10682.9,0.14814
10685.4,0.14809
10687.9,0.14742
10690.4,0.1473
10692.9,0.14697
10695.3,0.14696
10697.8,0.14727
10700.3,0.14784
10702.8,0.1481
10705.3,0.14872
10707.8,0.14888
10710.3,0.14912
10712.8,0.14908
10715.3,0.14921
10717.8,0.14862
10720.3,0.14855
10722.8,0.14756
10725.3,0.14671
10727.8,0.14648
10730.3,0.14581
10732.8,0.14596
10735.3,0.14631
10737.8,0.14675
10740.3,0.14689
10742.8,0.14713
10745.3,0.14663
10747.7,0.1466
10750.2,0.1466
10752.7,0.1463
10755.2,0.14637
10757.7,0.14646
10760.2,0.14666
10762.7,0.1469
10765.2,0.14721
10767.7,0.14744
10770.2,0.148
10772.7,0.14727
10775.2,0.14697
10777.7,0.14646
10780.2,0.14604
10782.7,0.14522
10785.2,0.14472
10787.7,0.14469
10790.2,0.14466
10792.7,0.14507
10795.2,0.14584
10797.6,0.14583
10800.1,0.14634
10802.6,0.14634
10805.1,0.14592
10807.6,0.14564
10810.1,0.14512
10812.6,0.145
10815.1,0.14415
10817.6,0.14379
10820.1,0.14385
10822.6,0.14345
10825.1,0.14363
10827.6,0.14283
10830.1,0.14286
10832.6,0.14323
10835.1,0.14342
10837.6,0.14407
10840.1,0.14453
10842.6,0.14494
10845.1,0.14476
10847.6,0.14484
10850.0,0.14489
10852.5,0.14522
10855.0,0.1452
10857.5,0.1454
10860.0,0.14491
10862.5,0.14447
10865.0,0.14362
10867.5,0.14265
10870.0,0.14175
10872.5,0.14162
10875.0,0.14115
10877.5,0.14125
10880.0,0.14172
10882.5,0.1419
10885.0,0.1421
10887.5,0.14243
10890.0,0.14261
10892.5,0.1432
10895.0,0.14342
10897.5,0.14378
10900.0,0.1437
10902.4,0.14383
10904.9,0.14391
10907.4,0.1436
10909.9,0.14358
10912.4,0.14343
10914.9,0.14283
10917.4,0.14322
10919.9,0.14236
10922.4,0.14219
10924.9,0.14173
10927.4,0.14133
10929.9,0.14098
10932.4,0.14062
10934.9,0.13969
10937.4,0.13969
10939.9,0.13903
10942.4,0.13984
10944.9,0.13971
10947.4,0.14006
10949.9,0.14019
10952.3,0.1405
10954.8,0.13997
10957.3,0.13938
10959.8,0.13904
10962.3,0.13853
10964.8,0.1379
10967.3,0.1369
10969.8,0.13681
10972.3,0.13678
10974.8,0.13648
10977.3,0.13664
10979.8,0.13666
10982.3,0.13665
10984.8,0.13725
10987.3,0.13735
10989.8,0.13752
10992.3,0.1374
10994.8,0.1377
10997.3,0.13806
10999.8,0.13753
