wave,flux
3700.85,0.28126
3701.75,0.27815
3702.65,0.2722
3703.55,0.25852
3704.45,0.24626
3705.35,0.23438
3706.25,0.22725
3707.15,0.22472
3708.05,0.22537
3708.96,0.22961
3709.86,0.23462
3710.76,0.24078
3711.66,0.24892
3712.56,0.25909
3713.46,0.26833
3714.36,0.27919
3715.26,0.28631
3716.16,0.2896
3717.06,0.28578
3717.96,0.27697
3718.86,0.26299
3719.76,0.24624
3720.66,0.22933
3721.56,0.21714
3722.46,0.21444
3723.36,0.21957
3724.26,0.23115
3725.16,0.24503
3726.06,0.25598
3726.96,0.26416
3727.86,0.26787
3728.76,0.26903
3729.66,0.26698
3730.56,0.26227
3731.46,0.25162
3732.36,0.23758
3733.26,0.2223
3734.16,0.20619
3735.06,0.19401
3735.96,0.1891
3736.86,0.19293
3737.76,0.20419
3738.66,0.22006
3739.56,0.23865
3740.46,0.25406
3741.36,0.26438
3742.26,0.26728
3743.16,0.26475
3744.06,0.25587
3744.96,0.24675
3745.86,0.23445
3746.76,0.22286
3747.67,0.21041
3748.57,0.20027
3749.47,0.19433
3750.37,0.19594
3751.27,0.20392
3752.17,0.2203
3753.07,0.23976
3753.97,0.25927
3754.87,0.27433
3755.77,0.2825
3756.67,0.2851
3757.57,0.2801
3758.47,0.27156
3759.37,0.26286
3760.27,0.26077
3761.17,0.26153
3762.07,0.26494
3762.97,0.2692
3763.87,0.27323
3764.77,0.27351
3765.67,0.27112
3766.57,0.26802
3767.47,0.26391
3768.37,0.25735
3769.27,0.25201
3770.17,0.24961
3771.07,0.24967
3771.97,0.25323
3772.87,0.26221
3773.77,0.2716
3774.67,0.28267
3775.57,0.29113
3776.47,0.29842
3777.37,0.30618
3778.27,0.31242
3779.17,0.32024
3780.07,0.3279
3780.97,0.33518
3781.87,0.34002
3782.77,0.34236
3783.67,0.34405
3784.57,0.33928
3785.47,0.33139
3786.38,0.32318
3787.28,0.3115
3788.18,0.30349
3789.08,0.29469
3789.98,0.28963
3790.88,0.28611
3791.78,0.28238
3792.68,0.27807
3793.58,0.27173
3794.48,0.26208
3795.38,0.25203
3796.28,0.23955
3797.18,0.22932
3798.08,0.22491
3798.98,0.22325
3799.88,0.22966
3800.78,0.24249
3801.68,0.26166
3802.58,0.28152
3803.48,0.2973
3804.38,0.31107
3805.28,0.31675
3806.18,0.32098
3807.08,0.32391
3807.98,0.32499
3808.88,0.32769
3809.78,0.33357
3810.68,0.3332
3811.58,0.333
3812.48,0.32924
3813.38,0.32133
3814.28,0.31156
3815.18,0.30069
3816.08,0.29602
3816.98,0.29557
3817.88,0.2939
3818.78,0.2934
3819.68,0.29292
3820.58,0.28971
3821.48,0.28601
3822.38,0.28264
3823.28,0.27929
3824.18,0.27485
3825.09,0.26696
3825.99,0.25854
3826.89,0.25144
3827.79,0.24557
3828.69,0.24199
3829.59,0.23837
3830.49,0.23325
3831.39,0.22643
3832.29,0.21662
3833.19,0.20595
3834.09,0.19619
3834.99,0.18893
3835.89,0.18562
3836.79,0.18678
3837.69,0.19009
3838.59,0.19663
3839.49,0.20542
3840.39,0.21779
3841.29,0.23174
3842.19,0.24811
3843.09,0.26538
3843.99,0.28091
3844.89,0.29334
3845.79,0.30461
3846.69,0.31111
3847.59,0.31685
3848.49,0.3207
3849.39,0.32178
3850.29,0.32389
3851.19,0.32495
3852.09,0.32633
3852.99,0.32825
3853.89,0.32643
3854.79,0.32431
3855.69,0.32198
3856.59,0.31594
3857.49,0.31064
3858.39,0.30401
3859.29,0.30078
3860.19,0.2992
3861.09,0.30319
3861.99,0.31014
3862.9,0.32035
3863.8,0.32821
3864.7,0.33529
3865.6,0.33716
3866.5,0.33805
3867.4,0.33709
3868.3,0.33624
3869.2,0.33162
3870.1,0.32632
3871.0,0.31896
3871.9,0.31231
3872.8,0.30632
3873.7,0.30429
3874.6,0.30535
3875.5,0.30647
3876.4,0.30644
3877.3,0.3049
3878.2,0.3034
3879.1,0.30054
3880.0,0.29728
3880.9,0.29625
3881.8,0.29318
3882.7,0.29014
3883.6,0.28605
3884.5,0.27904
3885.4,0.26889
3886.3,0.25763
3887.2,0.24528
3888.1,0.23524
3889.0,0.22963
3889.9,0.22982
3890.8,0.23746
3891.7,0.24861
3892.6,0.26161
3893.5,0.2754
3894.4,0.28404
3895.3,0.29279
3896.2,0.29972
3897.1,0.30582
3898.0,0.3114
3898.9,0.31519
3899.8,0.31756
3900.7,0.32229
3901.6,0.32331
3902.51,0.32323
3903.41,0.32339
3904.31,0.32169
3905.21,0.31929
3906.11,0.3202
3907.01,0.32117
3907.91,0.3266
3908.81,0.33655
3909.71,0.34524
3910.61,0.35346
3911.51,0.35929
3912.41,0.36084
3913.31,0.36349
3914.21,0.36259
3915.11,0.35877
3916.01,0.35211
3916.91,0.3487
3917.81,0.34429
3918.71,0.33729
3919.61,0.33204
3920.51,0.32672
3921.41,0.32221
3922.31,0.31955
3923.21,0.31615
3924.11,0.31418
3925.01,0.30695
3925.91,0.29938
3926.81,0.28433
3927.71,0.26816
3928.61,0.24657
3929.51,0.22126
3930.41,0.19557
3931.31,0.17096
3932.21,0.14753
3933.11,0.13027
3934.01,0.11917
3934.91,0.11788
3935.81,0.12492
3936.71,0.1409
3937.61,0.1623
3938.51,0.18728
3939.42,0.21412
3940.32,0.23595
3941.22,0.25488
3942.12,0.27171
3943.02,0.28182
3943.92,0.29012
3944.82,0.29885
3945.72,0.30652
3946.62,0.31541
3947.52,0.32364
3948.42,0.33018
3949.32,0.33588
3950.22,0.33837
3951.12,0.34181
3952.02,0.3448
3952.92,0.34587
3953.82,0.3476
3954.72,0.34712
3955.62,0.34712
3956.52,0.34526
3957.42,0.34119
3958.32,0.33628
3959.22,0.33016
3960.12,0.32188
3961.02,0.31072
3961.92,0.29417
3962.82,0.27409
3963.72,0.25536
3964.62,0.23331
3965.52,0.2093
3966.42,0.18551
3967.32,0.16251
3968.22,0.14342
3969.12,0.13166
3970.02,0.12799
3970.92,0.13547
3971.82,0.14927
3972.72,0.16995
3973.62,0.19463
3974.52,0.21977
3975.42,0.24476
3976.32,0.26785
3977.22,0.28904
3978.13,0.30678
3979.03,0.32408
3979.93,0.33564
3980.83,0.34801
3981.73,0.35403
3982.63,0.35801
3983.53,0.36171
3984.43,0.36359
3985.33,0.36789
3986.23,0.37138
3987.13,0.37547
3988.03,0.381
3988.93,0.38577
3989.83,0.38893
3990.73,0.39165
3991.63,0.39613
3992.53,0.3987
3993.43,0.39931
3994.33,0.40072
3995.23,0.39731
3996.13,0.39341
3997.03,0.38992
3997.93,0.38945
3998.83,0.39062
3999.73,0.39508
4000.63,0.40061
4001.53,0.40549
4002.43,0.40956
4003.33,0.4093
4004.23,0.40557
4005.13,0.4
4006.03,0.39612
4006.93,0.39307
4007.83,0.39363
4008.73,0.39746
4009.63,0.40462
4010.53,0.40948
4011.43,0.41577
4012.33,0.41748
4013.23,0.42036
4014.13,0.42163
4015.03,0.42189
4015.93,0.42341
4016.84,0.42208
4017.74,0.42457
4018.64,0.4243
4019.54,0.4265
4020.44,0.42645
4021.34,0.4298
4022.24,0.42957
4023.14,0.42832
4024.04,0.42752
4024.94,0.43009
4025.84,0.42916
4026.74,0.43126
4027.64,0.43331
4028.54,0.43158
4029.44,0.42749
4030.34,0.41985
4031.24,0.41087
4032.14,0.40288
4033.04,0.39622
4033.94,0.39527
4034.84,0.39909
4035.74,0.40618
4036.64,0.42017
4037.54,0.42828
4038.44,0.4383
4039.34,0.44227
4040.24,0.44226
4041.14,0.44014
4042.04,0.43438
4042.94,0.42619
4043.84,0.41561
4044.74,0.40742
4045.64,0.39841
4046.54,0.39398
4047.44,0.39696
4048.34,0.40309
4049.24,0.41444
4050.14,0.42336
4051.04,0.43033
4051.94,0.4316
4052.84,0.42859
4053.74,0.42729
4054.65,0.42151
4055.55,0.4163
4056.45,0.41162
4057.35,0.41063
4058.25,0.40892
4059.15,0.40945
4060.05,0.41227
4060.95,0.4124
4061.85,0.40968
4062.75,0.40661
4063.65,0.40073
4064.55,0.39623
4065.45,0.39659
4066.35,0.39813
4067.25,0.4026
4068.15,0.40665
4069.05,0.41069
4069.95,0.41651
4070.85,0.4149
4071.75,0.41469
4072.65,0.4123
4073.55,0.41113
4074.45,0.40786
4075.35,0.40147
4076.25,0.39634
4077.15,0.38888
4078.05,0.38651
4078.95,0.38765
4079.85,0.39286
4080.75,0.40009
4081.65,0.40608
4082.55,0.41413
4083.45,0.41526
4084.35,0.41802
4085.25,0.42035
4086.15,0.42266
4087.05,0.42576
4087.95,0.43033
4088.85,0.43627
4089.75,0.43959
4090.65,0.44245
4091.55,0.43941
4092.45,0.43346
4093.36,0.4284
4094.26,0.42228
4095.16,0.41324
4096.06,0.40308
4096.96,0.39134
4097.86,0.37768
4098.76,0.3643
4099.66,0.34805
4100.56,0.3327
4101.46,0.32121
4102.36,0.31456
4103.26,0.31376
4104.16,0.32116
4105.06,0.33516
4105.96,0.34977
4106.86,0.36564
4107.76,0.3787
4108.66,0.38846
4109.56,0.39456
4110.46,0.39822
4111.36,0.40464
4112.26,0.40807
4113.16,0.4148
4114.06,0.41933
4114.96,0.42467
4115.86,0.4288
4116.76,0.42924
4117.66,0.43052
4118.56,0.42833
4119.46,0.42489
4120.36,0.42217
4121.26,0.41976
4122.16,0.42029
4123.06,0.42165
4123.96,0.42498
4124.86,0.4262
4125.76,0.42795
4126.66,0.42774
4127.56,0.42448
4128.46,0.42255
4129.36,0.41901
4130.26,0.41571
4131.17,0.41316
4132.06,0.40899
4132.97,0.406
4133.87,0.40764
4134.77,0.40973
4135.67,0.41669
4136.57,0.42324
4137.47,0.4298
4138.37,0.43887
4139.27,0.4418
4140.17,0.44405
4141.07,0.4371
4141.97,0.43341
4142.87,0.4243
4143.77,0.42005
4144.67,0.41313
4145.57,0.41334
4146.47,0.41722
4147.37,0.42248
4148.27,0.42607
4149.17,0.42906
4150.07,0.42928
4150.97,0.42943
4151.87,0.42564
4152.77,0.42396
4153.67,0.42238
4154.57,0.42031
4155.47,0.41728
4156.37,0.41862
4157.27,0.42133
4158.17,0.4247
4159.07,0.42784
4159.97,0.43252
4160.87,0.4401
4161.77,0.44261
4162.67,0.44537
4163.57,0.44887
4164.47,0.44736
4165.37,0.44612
4166.27,0.44338
4167.17,0.44118
4168.07,0.43712
4168.98,0.43548
4169.88,0.42872
4170.78,0.42342
4171.68,0.41598
4172.58,0.4089
4173.48,0.40484
4174.38,0.39915
4175.28,0.39848
4176.18,0.40087
4177.08,0.40429
4177.98,0.40836
4178.88,0.41262
4179.78,0.41466
4180.68,0.4197
4181.58,0.42235
4182.48,0.4219
4183.38,0.42456
4184.28,0.42395
4185.18,0.42414
4186.08,0.42478
4186.98,0.42223
4187.88,0.42255
4188.78,0.42247
4189.68,0.4243
4190.58,0.42646
4191.48,0.42996
4192.38,0.43361
4193.28,0.43532
4194.18,0.43487
4195.08,0.43529
4195.98,0.43003
4196.88,0.42382
4197.78,0.41613
4198.68,0.40995
4199.58,0.4055
4200.48,0.4039
4201.38,0.40328
4202.28,0.40505
4203.18,0.40924
4204.08,0.4126
4204.98,0.41592
4205.88,0.42129
4206.79,0.42524
4207.69,0.43294
4208.59,0.43573
4209.49,0.43959
4210.39,0.44218
4211.29,0.44363
4212.19,0.44115
4213.09,0.44172
4213.99,0.4365
4214.89,0.43544
4215.79,0.43087
4216.69,0.42879
4217.59,0.43068
4218.49,0.43293
4219.39,0.43828
4220.29,0.4427
4221.19,0.44414
4222.09,0.4398
4222.99,0.43207
4223.89,0.41898
4224.79,0.40353
4225.69,0.39003
4226.59,0.37815
4227.49,0.37497
4228.39,0.37834
4229.29,0.38828
4230.19,0.40177
4231.09,0.41442
4231.99,0.42365
4232.89,0.42936
4233.79,0.43079
4234.69,0.42659
4235.59,0.42243
4236.49,0.42001
4237.39,0.41696
4238.29,0.41787
4239.19,0.4195
4240.09,0.42372
4240.99,0.42609
4241.89,0.43132
4242.79,0.43706
4243.69,0.44049
4244.59,0.44296
4245.5,0.44109
4246.4,0.43917
4247.3,0.43367
4248.2,0.42754
4249.1,0.42147
4250.0,0.41826
4250.9,0.41562
4251.8,0.41779
4252.7,0.41917
4253.6,0.4218
4254.5,0.42319
4255.4,0.42491
4256.3,0.42652
4257.2,0.427
4258.1,0.42508
4259.0,0.42473
4259.9,0.42202
4260.8,0.42148
4261.7,0.42004
4262.6,0.42461
4263.5,0.43025
4264.4,0.43755
4265.3,0.44486
4266.2,0.44838
4267.1,0.44668
4268.0,0.44194
4268.9,0.43504
4269.8,0.42426
4270.7,0.41313
4271.6,0.40401
4272.5,0.39397
4273.4,0.39
4274.3,0.39151
4275.2,0.39731
4276.1,0.40619
4277.0,0.41331
4277.9,0.42222
4278.8,0.42693
4279.7,0.42926
4280.6,0.42907
4281.5,0.42886
4282.4,0.42505
4283.31,0.42353
4284.21,0.42053
4285.11,0.41857
4286.01,0.41263
4286.91,0.40612
4287.81,0.40093
4288.71,0.39356
4289.61,0.38856
4290.51,0.38511
4291.41,0.38559
4292.31,0.38862
4293.21,0.39327
4294.11,0.39489
4295.01,0.397
4295.91,0.3972
4296.81,0.38922
4297.71,0.3806
4298.61,0.37041
4299.51,0.35658
4300.41,0.34717
4301.31,0.33953
4302.21,0.3342
4303.11,0.33346
4304.01,0.33451
4304.91,0.3352
4305.81,0.3344
4306.71,0.3349
4307.61,0.33249
4308.51,0.33106
4309.41,0.33103
4310.31,0.33471
4311.21,0.33998
4312.11,0.35158
4313.01,0.36297
4313.91,0.37886
4314.81,0.39473
4315.71,0.41104
4316.61,0.43006
4317.51,0.44209
4318.41,0.45483
4319.31,0.45931
4320.21,0.45996
4321.12,0.45612
4322.02,0.44718
4322.92,0.43345
4323.82,0.41801
4324.72,0.40855
4325.62,0.40112
4326.52,0.39736
4327.42,0.39805
4328.32,0.40688
4329.22,0.41715
4330.12,0.42789
4331.02,0.43467
4331.92,0.43955
4332.82,0.44167
4333.72,0.44078
4334.62,0.43632
4335.52,0.42807
4336.42,0.41426
4337.32,0.39514
4338.22,0.37673
4339.12,0.3578
4340.02,0.34311
4340.92,0.33284
4341.82,0.33091
4342.72,0.33772
4343.62,0.35103
4344.52,0.36649
4345.42,0.38439
4346.32,0.39973
4347.22,0.41234
4348.12,0.42137
4349.02,0.42659
4349.92,0.42697
4350.82,0.42506
4351.72,0.42173
4352.62,0.41864
4353.52,0.41784
4354.42,0.4208
4355.32,0.42571
4356.22,0.4307
4357.12,0.43651
4358.02,0.44241
4358.92,0.4482
4359.83,0.45019
4360.73,0.45416
4361.63,0.45612
4362.53,0.46243
4363.43,0.46669
4364.33,0.46965
4365.23,0.47222
4366.13,0.46882
4367.03,0.46846
4367.93,0.46388
4368.83,0.45922
4369.73,0.45495
4370.63,0.45126
4371.53,0.44856
4372.43,0.44496
4373.33,0.44209
4374.23,0.43751
4375.13,0.43647
4376.03,0.43706
4376.93,0.43816
4377.83,0.44157
4378.73,0.44832
4379.63,0.4482
4380.53,0.44578
4381.43,0.43949
4382.33,0.42831
4383.23,0.41674
4384.13,0.40744
4385.03,0.40171
4385.93,0.40136
4386.83,0.40263
4387.73,0.41215
4388.63,0.41876
4389.53,0.42639
4390.43,0.43442
4391.33,0.43762
4392.23,0.44068
4393.13,0.44319
4394.03,0.4441
4394.93,0.44704
4395.83,0.44891
4396.73,0.45214
4397.64,0.45377
4398.54,0.45565
4399.44,0.45299
4400.34,0.45252
4401.24,0.44787
4402.14,0.44532
4403.04,0.4419
4403.94,0.4394
4404.84,0.43499
4405.74,0.4356
4406.64,0.4348
4407.54,0.43665
4408.44,0.44055
4409.34,0.4464
4410.24,0.45369
4411.14,0.46106
4412.04,0.46444
4412.94,0.4694
4413.84,0.46821
4414.74,0.46497
4415.64,0.46372
4416.54,0.45914
4417.44,0.4588
4418.34,0.4592
4419.24,0.46428
4420.14,0.46823
4421.04,0.47206
4421.94,0.47342
4422.84,0.47334
4423.74,0.47222
4424.64,0.47338
4425.54,0.47152
4426.44,0.46987
4427.34,0.47122
4428.24,0.47053
4429.14,0.46886
4430.04,0.46732
4430.94,0.46573
4431.84,0.46608
4432.74,0.46256
4433.64,0.46086
4434.54,0.45903
4435.45,0.45766
4436.35,0.4589
4437.25,0.46205
4438.15,0.46781
4439.05,0.47131
4439.95,0.47443
4440.85,0.47554
4441.75,0.47229
4442.65,0.47016
4443.55,0.46468
4444.45,0.4656
4445.35,0.46564
4446.25,0.47112
4447.15,0.47349
4448.05,0.47921
4448.95,0.48085
4449.85,0.48174
4450.75,0.47692
4451.65,0.47705
4452.55,0.47178
4453.45,0.46829
4454.35,0.46066
4455.25,0.45444
4456.15,0.44852
4457.05,0.44401
4457.95,0.44289
4458.85,0.4404
4459.75,0.44066
4460.65,0.44268
4461.55,0.44323
4462.45,0.44713
4463.35,0.44949
4464.25,0.45621
4465.15,0.45805
4466.05,0.46281
4466.95,0.46379
4467.85,0.46393
4468.75,0.46493
4469.65,0.46674
4470.55,0.46681
4471.45,0.47179
4472.35,0.47765
4473.25,0.4853
4474.16,0.48937
4475.06,0.49634
4475.96,0.50101
4476.86,0.5004
4477.76,0.50189
4478.66,0.49928
4479.56,0.49328
4480.46,0.48702
4481.36,0.48239
4482.26,0.47709
4483.16,0.47675
4484.06,0.4799
4484.96,0.48445
4485.86,0.48921
4486.76,0.49223
4487.66,0.49167
4488.56,0.49233
4489.46,0.4869
4490.36,0.48322
4491.26,0.48385
4492.16,0.48238
4493.06,0.48235
4493.96,0.48287
4494.86,0.4822
4495.76,0.48281
4496.66,0.48383
4497.56,0.48498
4498.46,0.48883
4499.36,0.49453
4500.26,0.49724
4501.16,0.50035
4502.06,0.50832
4502.96,0.51083
4503.86,0.51419
4504.76,0.5195
4505.66,0.52039
4506.56,0.52457
4507.46,0.52483
4508.36,0.52283
4509.26,0.52184
4510.17,0.52195
4511.06,0.51911
4511.97,0.51787
4512.87,0.51364
4513.77,0.50919
4514.67,0.50797
4515.57,0.50344
4516.47,0.50153
4517.37,0.50017
4518.27,0.49761
4519.17,0.49746
4520.07,0.49845
4520.97,0.50004
4521.87,0.49867
4522.77,0.49522
4523.67,0.48919
4524.57,0.48567
4525.47,0.47852
4526.37,0.47488
4527.27,0.46737
4528.17,0.4624
4529.07,0.45579
4529.97,0.45431
4530.87,0.45524
4531.77,0.45554
4532.67,0.45602
4533.57,0.45462
4534.47,0.45919
4535.37,0.46152
4536.27,0.4673
4537.17,0.4721
4538.07,0.48024
4538.97,0.48647
4539.87,0.48973
4540.77,0.49494
4541.67,0.49623
4542.57,0.49458
4543.47,0.49476
4544.37,0.49256
4545.27,0.49004
4546.17,0.48966
4547.07,0.48617
4547.97,0.48151
4548.88,0.48142
4549.77,0.47749
4550.68,0.4757
4551.58,0.47375
4552.48,0.47263
4553.38,0.47323
4554.28,0.47563
4555.18,0.47657
4556.08,0.47879
4556.98,0.48239
4557.88,0.48824
4558.78,0.49633
4559.68,0.49994
4560.58,0.5046
4561.48,0.50674
4562.38,0.50444
4563.28,0.50145
4564.18,0.49992
4565.08,0.49596
4565.98,0.4996
4566.88,0.49768
4567.78,0.50134
4568.68,0.50241
4569.58,0.50354
4570.48,0.50627
4571.38,0.50532
4572.28,0.50215
4573.18,0.50484
4574.08,0.50439
4574.98,0.50465
4575.88,0.50878
4576.78,0.50528
4577.68,0.50407
4578.58,0.50212
4579.48,0.49674
4580.38,0.49433
4581.28,0.48791
4582.18,0.48643
4583.08,0.48432
4583.98,0.4843
4584.88,0.48615
4585.78,0.48796
4586.69,0.49014
4587.58,0.49449
4588.49,0.49856
4589.39,0.50058
4590.29,0.49991
4591.19,0.50081
4592.09,0.49954
4592.99,0.49593
4593.89,0.49596
4594.79,0.49475
4595.69,0.49232
4596.59,0.4934
4597.49,0.49381
4598.39,0.49269
4599.29,0.49619
4600.19,0.49477
4601.09,0.49468
4601.99,0.49463
4602.89,0.49635
4603.79,0.49583
4604.69,0.49834
4605.59,0.50205
4606.49,0.50206
4607.39,0.50767
4608.29,0.51125
4609.19,0.51762
4610.09,0.51676
4610.99,0.51957
4611.89,0.51907
4612.79,0.51709
4613.69,0.51636
4614.59,0.51451
4615.49,0.51574
4616.39,0.51609
4617.29,0.51491
4618.19,0.51379
4619.09,0.51256
4619.99,0.51619
4620.89,0.5151
4621.79,0.51617
4622.69,0.5179
4623.59,0.51902
4624.5,0.52119
4625.4,0.52003
4626.3,0.51839
4627.2,0.51836
4628.1,0.51853
4629.0,0.5165
4629.9,0.51605
4630.8,0.51606
4631.7,0.514
4632.6,0.51243
4633.5,0.51411
4634.4,0.5108
4635.3,0.50942
4636.2,0.50687
4637.1,0.50401
4638.0,0.50132
4638.9,0.50209
4639.8,0.50269
4640.7,0.50242
4641.6,0.50197
4642.5,0.5029
4643.4,0.50521
4644.3,0.50448
4645.2,0.50129
4646.1,0.49941
4647.0,0.49209
4647.9,0.49124
4648.8,0.492
4649.7,0.49234
4650.6,0.49505
4651.5,0.49428
4652.4,0.49806
4653.3,0.49803
4654.2,0.49989
4655.1,0.50089
4656.0,0.49907
4656.9,0.50173
4657.8,0.50526
4658.7,0.51111
4659.6,0.51433
4660.5,0.51851
4661.4,0.51901
4662.3,0.52019
4663.21,0.51409
4664.11,0.50904
4665.01,0.50179
4665.91,0.4958
4666.81,0.48614
4667.71,0.48316
4668.61,0.47824
4669.51,0.47875
4670.41,0.48081
4671.31,0.48562
4672.21,0.49059
4673.11,0.49772
4674.01,0.50219
4674.91,0.50353
4675.81,0.50922
4676.71,0.50819
4677.61,0.50877
4678.51,0.50666
4679.41,0.50487
4680.31,0.50375
4681.21,0.49734
4682.11,0.49956
4683.01,0.50248
4683.91,0.50148
4684.81,0.50173
4685.71,0.50475
4686.61,0.50448
4687.51,0.50548
4688.41,0.5055
4689.31,0.50671
4690.21,0.50746
4691.11,0.50599
4692.01,0.50719
4692.91,0.51036
4693.81,0.50973
4694.71,0.51281
4695.61,0.51495
4696.51,0.51684
4697.41,0.51582
4698.31,0.51073
4699.21,0.50658
4700.12,0.50412
4701.02,0.49872
4701.92,0.49377
4702.82,0.49479
4703.72,0.49337
4704.62,0.49139
4705.52,0.49071
4706.42,0.48974
4707.32,0.49103
4708.22,0.49281
4709.12,0.49297
4710.02,0.49234
4710.92,0.49683
4711.82,0.49819
4712.72,0.5011
4713.62,0.50387
4714.52,0.50565
4715.42,0.50844
4716.32,0.51181
4717.22,0.51255
4718.12,0.51497
4719.02,0.51931
4719.92,0.52225
4720.82,0.52521
4721.72,0.52472
4722.62,0.52446
4723.52,0.52679
4724.42,0.52208
4725.32,0.52013
4726.22,0.5207
4727.12,0.51576
4728.02,0.50941
4728.92,0.50414
4729.82,0.49995
4730.72,0.49861
4731.62,0.4981
4732.52,0.50178
4733.42,0.49906
4734.32,0.5008
4735.22,0.50582
4736.12,0.50925
4737.02,0.50881
4737.92,0.50694
4738.83,0.51177
4739.73,0.51136
4740.63,0.51178
4741.53,0.51251
4742.43,0.51496
4743.33,0.5162
4744.23,0.5172
4745.13,0.51761
4746.03,0.51917
4746.93,0.52095
4747.83,0.52
4748.73,0.52341
4749.63,0.52414
4750.53,0.52131
4751.43,0.52318
4752.33,0.52001
4753.23,0.51988
4754.13,0.51553
4755.03,0.51416
4755.93,0.51158
4756.83,0.51059
4757.73,0.50891
4758.63,0.5082
4759.53,0.50742
4760.43,0.50522
4761.33,0.5051
4762.23,0.50021
4763.13,0.49879
4764.03,0.49399
4764.93,0.4919
4765.83,0.4898
4766.73,0.4919
4767.63,0.49219
4768.53,0.494
4769.43,0.49946
4770.33,0.50352
4771.23,0.5045
4772.13,0.50703
4773.03,0.50895
4773.93,0.51175
4774.83,0.51556
4775.73,0.51599
4776.64,0.51971
4777.54,0.51959
4778.44,0.51866
4779.34,0.521
4780.24,0.51671
4781.14,0.5151
4782.04,0.51302
4782.94,0.50979
4783.84,0.50983
4784.74,0.50561
4785.64,0.50332
4786.54,0.50225
4787.44,0.50178
4788.34,0.49957
4789.24,0.50012
4790.14,0.5008
4791.04,0.50501
4791.94,0.50664
4792.84,0.5154
4793.74,0.51356
4794.64,0.51772
4795.54,0.51894
4796.44,0.5239
4797.34,0.52068
4798.24,0.52062
4799.14,0.51892
4800.04,0.51759
4800.94,0.51547
4801.84,0.51427
4802.74,0.51676
4803.64,0.51269
4804.54,0.51616
4805.44,0.5121
4806.34,0.51322
4807.24,0.51118
4808.14,0.51072
4809.04,0.50729
4809.94,0.51059
4810.84,0.51189
4811.74,0.51275
4812.64,0.51377
4813.54,0.51581
4814.45,0.51796
4815.35,0.51992
4816.25,0.52194
4817.15,0.52299
4818.05,0.52294
4818.95,0.52554
4819.85,0.52568
4820.75,0.52343
4821.65,0.52338
4822.55,0.51673
4823.45,0.51737
4824.35,0.51303
4825.25,0.51096
4826.15,0.51025
4827.05,0.51072
4827.95,0.50801
4828.85,0.51027
4829.75,0.50756
4830.65,0.50671
4831.55,0.50653
4832.45,0.50724
4833.35,0.50834
4834.25,0.50589
4835.15,0.50935
4836.05,0.50766
4836.95,0.50868
4837.85,0.50756
4838.75,0.50652
4839.65,0.50268
4840.55,0.50175
4841.45,0.50137
4842.35,0.49956
4843.25,0.49882
4844.15,0.50049
4845.05,0.50023
4845.95,0.50214
4846.85,0.50008
4847.75,0.50029
4848.65,0.5002
4849.55,0.49814
4850.45,0.49509
4851.35,0.49447
4852.26,0.48859
4853.16,0.48477
4854.06,0.48124
4854.96,0.4755
4855.86,0.46512
4856.76,0.45705
4857.66,0.44341
4858.56,0.4312
4859.46,0.4184
4860.36,0.40563
4861.26,0.39729
4862.16,0.38889
4863.06,0.3892
4863.96,0.39406
4864.86,0.4028
4865.76,0.4164
4866.66,0.42933
4867.56,0.43926
4868.46,0.4501
4869.36,0.45426
4870.26,0.46096
4871.16,0.46136
4872.06,0.46128
4872.96,0.46302
4873.86,0.4658
4874.76,0.47134
4875.66,0.47462
4876.56,0.47826
4877.46,0.48485
4878.36,0.48822
4879.26,0.49099
4880.16,0.49429
4881.06,0.49596
4881.96,0.49694
4882.86,0.49499
4883.76,0.49456
4884.66,0.4918
4885.56,0.48954
4886.46,0.48514
4887.36,0.48316
4888.26,0.48302
4889.17,0.48122
4890.07,0.47863
4890.97,0.48356
4891.87,0.48711
4892.77,0.49139
4893.67,0.49651
4894.57,0.50832
4895.47,0.51403
4896.37,0.52137
4897.27,0.52572
4898.17,0.52608
4899.07,0.52871
4899.97,0.52381
4900.87,0.52212
4901.77,0.52047
4902.67,0.51782
4903.57,0.51709
4904.47,0.51717
4905.37,0.51537
4906.27,0.51612
4907.17,0.51347
4908.07,0.51547
4908.97,0.51064
4909.87,0.50943
4910.77,0.5046
4911.67,0.50389
4912.57,0.50285
4913.47,0.50732
4914.37,0.50675
4915.27,0.50935
4916.17,0.50612
4917.07,0.50532
4917.97,0.49704
4918.87,0.49289
4919.77,0.48722
4920.67,0.47952
4921.57,0.47778
4922.47,0.47722
4923.37,0.47993
4924.27,0.48509
4925.17,0.48725
4926.07,0.4945
4926.98,0.5039
4927.88,0.50603
4928.78,0.51381
4929.68,0.51515
4930.58,0.51905
4931.48,0.5179
4932.38,0.51389
4933.28,0.51049
4934.18,0.50734
4935.08,0.50265
4935.98,0.49739
4936.88,0.49586
4937.78,0.49328
4938.68,0.49157
4939.58,0.49311
4940.48,0.49743
4941.38,0.50156
4942.28,0.50542
4943.18,0.50976
4944.08,0.5172
4944.98,0.51914
4945.88,0.5223
4946.78,0.52396
4947.68,0.52474
4948.58,0.52757
4949.48,0.52882
4950.38,0.53096
4951.28,0.52995
4952.18,0.52725
4953.08,0.52593
4953.98,0.5223
4954.88,0.51568
4955.78,0.50909
4956.68,0.50391
4957.58,0.49894
4958.48,0.49492
4959.38,0.49451
4960.28,0.49576
4961.18,0.49817
4962.08,0.50228
4962.98,0.50589
4963.88,0.50771
4964.79,0.50828
4965.69,0.50826
4966.59,0.50552
4967.49,0.50379
4968.39,0.5018
4969.29,0.50289
4970.19,0.50038
4971.09,0.50418
4971.99,0.50518
4972.89,0.50983
4973.79,0.51032
4974.69,0.51177
4975.59,0.51408
4976.49,0.51186
4977.39,0.50987
4978.29,0.50674
4979.19,0.50114
4980.09,0.49721
4980.99,0.48951
4981.89,0.48174
4982.79,0.47601
4983.69,0.47321
4984.59,0.47268
4985.49,0.47349
4986.39,0.47737
4987.29,0.4797
4988.19,0.48532
4989.09,0.48969
4989.99,0.49522
4990.89,0.49484
4991.79,0.49769
4992.69,0.49683
4993.59,0.49843
4994.49,0.49921
4995.39,0.49979
4996.29,0.49902
4997.19,0.5001
4998.09,0.49656
4998.99,0.49506
4999.89,0.49098
5000.79,0.49033
5001.7,0.48539
5002.6,0.48222
5003.5,0.48224
5004.4,0.47727
5005.3,0.47719
5006.2,0.47646
5007.1,0.47571
5008.0,0.47614
5008.9,0.4802
5009.8,0.47868
5010.7,0.47645
5011.6,0.47823
5012.5,0.47424
5013.4,0.47101
5014.3,0.46594
5015.2,0.46777
5016.1,0.4648
5017.0,0.46459
5017.9,0.46582
5018.8,0.46849
5019.7,0.47133
5020.6,0.47371
5021.5,0.47613
5022.4,0.47664
5023.3,0.47907
5024.2,0.48204
5025.1,0.4832
5026.0,0.48654
5026.9,0.4873
5027.8,0.49106
5028.7,0.49256
5029.6,0.4948
5030.5,0.49697
5031.4,0.49881
5032.3,0.5021
5033.2,0.50193
5034.1,0.50314
5035.0,0.49978
5035.9,0.49492
5036.8,0.48874
5037.7,0.48323
5038.6,0.47507
5039.5,0.47168
5040.41,0.46593
5041.31,0.46443
5042.21,0.466
5043.11,0.46736
5044.01,0.47538
5044.91,0.4808
5045.81,0.48865
5046.71,0.49266
5047.61,0.49502
5048.51,0.49671
5049.41,0.49586
5050.31,0.49369
5051.21,0.49472
5052.11,0.49186
5053.01,0.49369
5053.91,0.49761
5054.81,0.49987
5055.71,0.50391
5056.61,0.50675
5057.51,0.51165
5058.41,0.51557
5059.31,0.51558
5060.21,0.51523
5061.11,0.51686
5062.01,0.51367
5062.91,0.51129
5063.81,0.50836
5064.71,0.50196
5065.61,0.49917
5066.51,0.49448
5067.41,0.49327
5068.31,0.49175
5069.21,0.4909
5070.11,0.49064
5071.01,0.49079
5071.91,0.492
5072.81,0.49251
5073.71,0.49233
5074.61,0.49146
5075.51,0.49151
5076.42,0.48991
5077.31,0.48733
5078.21,0.48122
5079.12,0.47896
5080.02,0.47684
5080.92,0.4732
5081.82,0.47094
5082.72,0.47007
5083.62,0.47254
5084.52,0.47806
5085.42,0.48155
5086.32,0.48659
5087.22,0.49109
5088.12,0.49644
5089.02,0.49845
5089.92,0.49962
5090.82,0.50334
5091.72,0.5051
5092.62,0.50411
5093.52,0.50679
5094.42,0.50444
5095.32,0.50149
5096.22,0.50016
5097.12,0.49379
5098.02,0.48935
5098.92,0.48757
5099.82,0.48658
5100.72,0.48334
5101.62,0.4855
5102.52,0.48536
5103.42,0.48541
5104.32,0.48816
5105.22,0.48623
5106.12,0.48681
5107.02,0.48372
5107.92,0.48362
5108.82,0.4811
5109.72,0.48153
5110.62,0.48194
5111.52,0.48394
5112.42,0.48741
5113.32,0.49011
5114.22,0.49354
5115.12,0.4963
5116.03,0.50186
5116.93,0.50418
5117.83,0.50372
5118.73,0.50466
5119.63,0.50602
5120.53,0.49987
5121.43,0.49786
5122.33,0.49123
5123.23,0.48555
5124.13,0.48312
5125.03,0.47703
5125.93,0.47371
5126.83,0.47188
5127.73,0.47249
5128.63,0.47274
5129.53,0.47444
5130.43,0.47661
5131.33,0.47764
5132.23,0.47663
5133.13,0.48424
5134.03,0.48531
5134.93,0.48503
5135.83,0.48569
5136.73,0.48677
5137.63,0.48346
5138.53,0.48095
5139.43,0.47862
5140.33,0.47696
5141.23,0.47519
5142.13,0.47218
5143.03,0.47209
5143.93,0.47086
5144.83,0.47066
5145.73,0.4708
5146.63,0.4696
5147.53,0.47259
5148.43,0.47274
5149.33,0.47457
5150.23,0.47324
5151.13,0.47372
5152.03,0.47442
5152.94,0.4733
5153.84,0.47615
5154.74,0.47805
5155.64,0.48106
5156.54,0.48482
5157.44,0.48849
5158.34,0.4925
5159.24,0.49356
5160.14,0.49549
5161.04,0.49585
5161.94,0.49262
5162.84,0.48549
5163.74,0.47901
5164.64,0.46976
5165.54,0.45654
5166.44,0.44511
5167.34,0.43229
5168.24,0.42254
5169.14,0.41513
5170.04,0.40961
5170.94,0.40567
5171.84,0.40595
5172.74,0.40835
5173.64,0.412
5174.54,0.42075
5175.44,0.42792
5176.34,0.44031
5177.24,0.44905
5178.14,0.45691
5179.04,0.46194
5179.94,0.45992
5180.84,0.45805
5181.74,0.45194
5182.64,0.4447
5183.54,0.43748
5184.44,0.43238
5185.34,0.4332
5186.24,0.43526
5187.14,0.43993
5188.04,0.44665
5188.94,0.455
5189.84,0.45964
5190.75,0.46352
5191.65,0.46492
5192.55,0.46488
5193.45,0.46619
5194.35,0.46442
5195.25,0.46462
5196.15,0.46656
5197.05,0.47147
5197.95,0.47329
5198.85,0.47789
5199.75,0.47662
5200.65,0.48093
5201.55,0.48243
5202.45,0.48066
5203.35,0.47597
5204.25,0.47255
5205.15,0.46703
5206.05,0.46278
5206.95,0.46016
5207.85,0.45526
5208.75,0.45441
5209.65,0.45771
5210.55,0.46004
5211.45,0.46574
5212.35,0.47181
5213.25,0.476
5214.15,0.47738
5215.05,0.48412
5215.95,0.48769
5216.85,0.48826
5217.75,0.48833
5218.65,0.49143
5219.55,0.49339
5220.45,0.49359
5221.35,0.49336
5222.25,0.49292
5223.15,0.49115
5224.05,0.48393
5224.95,0.47988
5225.85,0.47359
5226.75,0.46827
5227.66,0.46606
5228.56,0.46645
5229.46,0.46703
5230.36,0.47281
5231.26,0.4757
5232.16,0.47945
5233.06,0.48188
5233.96,0.48682
5234.86,0.48723
5235.76,0.48814
5236.66,0.4956
5237.56,0.49609
5238.46,0.49852
5239.36,0.50339
5240.26,0.5059
5241.16,0.50727
5242.06,0.5076
5242.96,0.50837
5243.86,0.5074
5244.76,0.50554
5245.66,0.50435
5246.56,0.49873
5247.46,0.49675
5248.36,0.49195
5249.26,0.4895
5250.16,0.48733
5251.06,0.4856
5251.96,0.48615
5252.86,0.48531
5253.76,0.48541
5254.66,0.48789
5255.56,0.49084
5256.46,0.49552
5257.36,0.4973
5258.26,0.49847
5259.16,0.49857
5260.06,0.49596
5260.96,0.49092
5261.86,0.48722
5262.76,0.47686
5263.66,0.46914
5264.56,0.46153
5265.47,0.45413
5266.37,0.44829
5267.27,0.44483
5268.17,0.44168
5269.07,0.44159
5269.97,0.44275
5270.87,0.44359
5271.77,0.4478
5272.67,0.45467
5273.57,0.45969
5274.47,0.46522
5275.37,0.47324
5276.27,0.4788
5277.17,0.48524
5278.07,0.48892
5278.97,0.4909
5279.87,0.49435
5280.77,0.49774
5281.67,0.49626
5282.57,0.49792
5283.47,0.49703
5284.37,0.49835
5285.27,0.50066
5286.17,0.50463
5287.07,0.50812
5287.97,0.51205
5288.87,0.51606
5289.77,0.51726
5290.67,0.51976
5291.57,0.52064
5292.47,0.52008
5293.37,0.51583
5294.27,0.5144
5295.17,0.50778
5296.07,0.50184
5296.97,0.49722
5297.87,0.49561
5298.77,0.49142
5299.67,0.49014
5300.57,0.48785
5301.48,0.49183
5302.38,0.49348
5303.27,0.49707
5304.18,0.50526
5305.08,0.50681
5305.98,0.51195
5306.88,0.51489
5307.78,0.51579
5308.68,0.51948
5309.58,0.51938
5310.48,0.51869
5311.38,0.52257
5312.28,0.52009
5313.18,0.51967
5314.08,0.51659
5314.98,0.51722
5315.88,0.51368
5316.78,0.51217
5317.68,0.51133
5318.58,0.50976
5319.48,0.50604
5320.38,0.50641
5321.28,0.50316
5322.18,0.50334
5323.08,0.49875
5323.98,0.49444
5324.88,0.49125
5325.78,0.48496
5326.68,0.47724
5327.58,0.47363
5328.48,0.47049
5329.38,0.4709
5330.28,0.46797
5331.18,0.47363
5332.08,0.47723
5332.98,0.48218
5333.88,0.48928
5334.78,0.49424
5335.68,0.49718
5336.58,0.499
5337.48,0.49925
5338.38,0.50113
5339.28,0.49846
5340.19,0.4963
5341.08,0.49448
5341.99,0.49459
5342.89,0.49275
5343.79,0.49497
5344.69,0.49488
5345.59,0.49751
5346.49,0.49875
5347.39,0.49897
5348.29,0.49953
5349.19,0.49868
5350.09,0.49955
5350.99,0.50355
5351.89,0.5056
5352.79,0.50757
5353.69,0.51252
5354.59,0.51793
5355.49,0.51871
5356.39,0.52351
5357.29,0.52455
5358.19,0.52694
5359.09,0.52637
5359.99,0.52319
5360.89,0.52447
5361.79,0.52075
5362.69,0.51767
5363.59,0.51359
5364.49,0.51033
5365.39,0.50744
5366.29,0.50166
5367.19,0.49894
5368.09,0.49521
5368.99,0.49232
5369.89,0.48933
5370.79,0.48835
5371.69,0.48852
5372.59,0.48997
5373.49,0.49446
5374.39,0.49721
5375.29,0.50209
5376.19,0.50748
5377.09,0.51052
5378.0,0.51296
5378.9,0.5161
5379.8,0.51641
5380.7,0.51259
5381.6,0.51244
5382.5,0.51263
5383.4,0.50982
5384.3,0.50876
5385.2,0.50765
5386.1,0.50766
5387.0,0.507
5387.9,0.50886
5388.8,0.50676
5389.7,0.50429
5390.6,0.50174
5391.5,0.49969
5392.4,0.49715
5393.3,0.49381
5394.2,0.48898
5395.1,0.49109
5396.0,0.48935
5396.9,0.48498
5397.8,0.48539
5398.7,0.48405
5399.6,0.48429
5400.5,0.48595
5401.4,0.48612
5402.3,0.48455
5403.2,0.48582
5404.1,0.48269
5405.0,0.47955
5405.9,0.47716
5406.8,0.47426
5407.7,0.47491
5408.6,0.47533
5409.5,0.47737
5410.4,0.47906
5411.3,0.48107
5412.2,0.48628
5413.1,0.49157
5414.0,0.49353
5414.9,0.4975
5415.81,0.50063
5416.71,0.50277
5417.61,0.50443
5418.51,0.50838
5419.41,0.50718
5420.31,0.50589
5421.21,0.50514
5422.11,0.50451
5423.01,0.50372
5423.91,0.50391
5424.81,0.5007
5425.71,0.5015
5426.61,0.50009
5427.51,0.49722
5428.41,0.49714
5429.31,0.49433
5430.21,0.49382
5431.11,0.48915
5432.01,0.48877
5432.91,0.48743
5433.81,0.48538
5434.71,0.4877
5435.61,0.48922
5436.51,0.48943
5437.41,0.49394
5438.31,0.49915
5439.21,0.50148
5440.11,0.50859
5441.01,0.50812
5441.91,0.51003
5442.81,0.51141
5443.71,0.51023
5444.61,0.50703
5445.51,0.50384
5446.41,0.50055
5447.31,0.49608
5448.21,0.49431
5449.11,0.49441
5450.01,0.49385
5450.91,0.49613
5451.81,0.49522
5452.72,0.49467
5453.62,0.4946
5454.52,0.49403
5455.42,0.49291
5456.32,0.49395
5457.22,0.49111
5458.12,0.49403
5459.02,0.4919
5459.92,0.49376
5460.82,0.49524
5461.72,0.49498
5462.62,0.49537
5463.52,0.49618
5464.42,0.49457
5465.32,0.49373
5466.22,0.49496
5467.12,0.49669
5468.02,0.49711
5468.92,0.49851
5469.82,0.49656
5470.72,0.49567
5471.62,0.49493
5472.52,0.49387
5473.42,0.49234
5474.32,0.49004
5475.22,0.48556
5476.12,0.48083
5477.02,0.48004
5477.92,0.48023
5478.82,0.48023
5479.72,0.48107
5480.62,0.48194
5481.52,0.48383
5482.42,0.48467
5483.32,0.48856
5484.22,0.49066
5485.12,0.49039
5486.02,0.49389
5486.92,0.49396
5487.82,0.49565
5488.72,0.49599
5489.62,0.49718
5490.53,0.49652
5491.43,0.49747
5492.33,0.49705
5493.23,0.49663
5494.13,0.49834
5495.03,0.49734
5495.93,0.49752
5496.83,0.49682
5497.73,0.4974
5498.63,0.49512
5499.53,0.4974
5500.43,0.49578
5501.33,0.49504
5502.23,0.49313
5503.13,0.49384
5504.03,0.49158
5504.93,0.49138
5505.83,0.49301
5506.73,0.49
5507.63,0.49031
5508.53,0.48792
5509.43,0.48829
5510.33,0.48876
5511.23,0.48822
5512.13,0.48827
5513.03,0.48577
5513.93,0.48744
5514.83,0.48744
5515.73,0.49009
5516.63,0.49209
5517.53,0.49528
5518.43,0.49872
5519.33,0.5015
5520.23,0.50372
5521.13,0.50558
5522.03,0.50469
5522.93,0.50306
5523.83,0.50436
5524.73,0.50258
5525.63,0.49862
5526.54,0.49649
5527.44,0.49368
5528.33,0.4909
5529.24,0.49117
5530.14,0.4905
5531.04,0.49013
5531.94,0.49168
5532.84,0.49275
5533.74,0.49615
5534.64,0.49553
5535.54,0.49755
5536.44,0.49695
5537.34,0.49843
5538.24,0.50176
5539.14,0.50187
5540.04,0.50337
5540.94,0.5031
5541.84,0.50513
5542.74,0.50413
5543.64,0.50706
5544.54,0.50447
5545.44,0.5053
5546.34,0.50568
5547.24,0.50609
5548.14,0.5065
5549.04,0.50642
5549.94,0.50843
5550.84,0.50838
5551.74,0.50799
5552.64,0.50901
5553.54,0.50796
5554.44,0.50439
5555.34,0.50388
5556.24,0.50195
5557.14,0.50021
5558.04,0.50183
5558.94,0.5007
5559.84,0.50089
5560.74,0.49817
5561.64,0.50053
5562.54,0.49417
5563.44,0.49518
5564.34,0.49463
5565.25,0.49301
5566.15,0.49174
5567.05,0.49207
5567.95,0.48951
5568.85,0.48983
5569.75,0.48997
5570.65,0.48924
5571.55,0.48809
5572.45,0.48851
5573.35,0.49005
5574.25,0.49145
5575.15,0.49333
5576.05,0.49235
5576.95,0.49535
5577.85,0.4952
5578.75,0.49746
5579.65,0.49984
5580.55,0.49883
5581.45,0.49746
5582.35,0.49501
5583.25,0.4947
5584.15,0.4914
5585.05,0.4887
5585.95,0.48428
5586.85,0.48196
5587.75,0.47762
5588.65,0.47668
5589.55,0.47536
5590.45,0.47445
5591.35,0.47526
5592.25,0.47239
5593.15,0.47688
5594.05,0.47731
5594.95,0.47856
5595.85,0.48051
5596.75,0.48156
5597.65,0.48245
5598.55,0.48019
5599.45,0.48317
5600.35,0.48224
5601.25,0.4809
5602.15,0.48196
5603.06,0.48361
5603.96,0.48463
5604.86,0.48563
5605.76,0.48976
5606.66,0.49607
5607.56,0.49872
5608.46,0.5022
5609.36,0.50448
5610.26,0.50513
5611.16,0.50281
5612.06,0.50314
5612.96,0.50132
5613.86,0.49775
5614.76,0.49562
5615.66,0.49044
5616.56,0.48974
5617.46,0.48739
5618.36,0.48722
5619.26,0.48626
5620.16,0.48641
5621.06,0.48777
5621.96,0.4912
5622.86,0.48866
5623.76,0.48883
5624.66,0.48841
5625.56,0.488
5626.46,0.48898
5627.36,0.491
5628.26,0.49149
5629.16,0.4944
5630.06,0.49532
5630.96,0.49909
5631.86,0.49899
5632.76,0.49899
5633.66,0.49769
5634.56,0.49807
5635.46,0.49721
5636.36,0.49387
5637.26,0.49467
5638.16,0.49144
5639.06,0.48988
5639.96,0.4887
5640.86,0.48825
5641.77,0.48842
5642.67,0.48892
5643.57,0.48814
5644.47,0.48984
5645.37,0.49062
5646.27,0.49076
5647.17,0.49335
5648.07,0.49406
5648.97,0.49439
5649.87,0.49653
5650.77,0.49598
5651.67,0.49549
5652.57,0.49556
5653.47,0.49498
5654.37,0.49263
5655.27,0.49121
5656.17,0.48679
5657.07,0.48558
5657.97,0.4818
5658.87,0.48075
5659.77,0.47667
5660.67,0.47873
5661.57,0.47778
5662.47,0.47894
5663.37,0.47872
5664.27,0.47975
5665.17,0.48291
5666.07,0.48219
5666.97,0.48342
5667.87,0.48811
5668.77,0.48878
5669.67,0.48873
5670.57,0.48966
5671.47,0.49494
5672.37,0.4938
5673.27,0.49562
5674.17,0.49798
5675.07,0.49858
5675.97,0.50185
5676.88,0.4989
5677.77,0.49844
5678.68,0.50086
5679.58,0.49922
5680.48,0.49747
5681.38,0.49573
5682.28,0.49333
5683.18,0.49077
5684.08,0.4923
5684.98,0.48878
5685.88,0.48832
5686.78,0.48597
5687.68,0.48736
5688.58,0.48689
5689.48,0.48873
5690.38,0.48972
5691.28,0.49268
5692.18,0.49289
5693.08,0.49684
5693.98,0.4962
5694.88,0.49624
5695.78,0.49698
5696.68,0.49795
5697.58,0.49684
5698.48,0.49535
5699.38,0.4922
5700.28,0.49048
5701.18,0.49014
5702.08,0.48727
5702.98,0.4839
5703.88,0.4845
5704.78,0.48196
5705.68,0.48257
5706.58,0.47811
5707.48,0.47869
5708.38,0.47219
5709.28,0.47259
5710.18,0.47087
5711.08,0.47329
5711.98,0.47223
5712.88,0.47574
5713.78,0.47822
5714.68,0.48285
5715.59,0.48554
5716.49,0.49004
5717.39,0.49232
5718.29,0.49596
5719.19,0.49781
5720.09,0.49999
5720.99,0.49832
5721.89,0.50384
5722.79,0.50295
5723.69,0.50645
5724.59,0.50457
5725.49,0.50352
5726.39,0.50204
5727.29,0.50188
5728.19,0.50091
5729.09,0.49703
5729.99,0.49937
5730.89,0.49963
5731.79,0.49822
5732.69,0.49816
5733.59,0.49989
5734.49,0.50056
5735.39,0.50188
5736.29,0.50246
5737.19,0.49965
5738.09,0.50044
5738.99,0.50001
5739.89,0.50288
5740.79,0.50178
5741.69,0.50192
5742.59,0.50258
5743.49,0.50174
5744.39,0.50149
5745.29,0.50322
5746.19,0.50061
5747.09,0.50207
5747.99,0.50166
5748.89,0.50104
5749.79,0.49996
5750.69,0.49827
5751.59,0.49758
5752.5,0.49824
5753.4,0.49417
5754.3,0.49343
5755.2,0.49394
5756.1,0.49372
5757.0,0.49248
5757.9,0.49506
5758.8,0.49351
5759.7,0.49713
5760.6,0.49692
5761.5,0.49648
5762.4,0.49476
5763.3,0.49335
5764.2,0.49374
5765.1,0.49591
5766.0,0.49755
5766.9,0.4977
5767.8,0.49978
5768.7,0.50086
5769.6,0.50008
5770.5,0.50377
5771.4,0.50216
5772.3,0.50073
5773.2,0.50183
5774.1,0.49983
5775.0,0.49906
5775.9,0.49839
5776.8,0.49678
5777.7,0.495
5778.6,0.49531
5779.5,0.49218
5780.4,0.48794
5781.3,0.48698
5782.2,0.48503
5783.1,0.48417
5784.0,0.47919
5784.9,0.48058
5785.8,0.48099
5786.7,0.48105
5787.6,0.48422
5788.5,0.4852
5789.41,0.48813
5790.31,0.48964
5791.21,0.49068
5792.11,0.49401
5793.01,0.49438
5793.91,0.49462
5794.81,0.49366
5795.71,0.49867
5796.61,0.50087
5797.51,0.49964
5798.41,0.50002
5799.31,0.50144
5800.21,0.50233
5801.11,0.50156
5802.01,0.5032
5802.91,0.50314
5803.81,0.50329
5804.71,0.50259
5805.61,0.50366
5806.51,0.50252
5807.41,0.50201
5808.31,0.50152
5809.21,0.5022
5810.11,0.50041
5811.01,0.50309
5811.91,0.50109
5812.81,0.50315
5813.71,0.50182
5814.61,0.50154
5815.51,0.49851
5816.41,0.50144
5817.31,0.50277
5818.21,0.5017
5819.11,0.50065
5820.01,0.50336
5820.91,0.50482
5821.81,0.50464
5822.71,0.50949
5823.61,0.50621
5824.51,0.50767
5825.41,0.50882
5826.31,0.50781
5827.22,0.50799
5828.12,0.51025
5829.02,0.50867
5829.92,0.50509
5830.82,0.50774
5831.72,0.50933
5832.62,0.50564
5833.52,0.50728
5834.42,0.50821
5835.32,0.50665
5836.22,0.50649
5837.12,0.506
5838.02,0.50513
5838.92,0.50659
5839.82,0.50745
5840.72,0.50709
5841.62,0.50587
5842.52,0.50739
5843.42,0.50662
5844.32,0.50691
5845.22,0.50624
5846.12,0.50325
5847.02,0.50019
5847.92,0.50189
5848.82,0.49998
5849.72,0.49835
5850.62,0.4955
5851.52,0.49389
5852.42,0.49169
5853.32,0.49081
5854.22,0.48699
5855.12,0.48567
5856.02,0.48342
5856.92,0.48094
5857.82,0.48022
5858.72,0.47949
5859.62,0.48142
5860.52,0.48067
5861.42,0.48333
5862.32,0.48211
5863.23,0.48475
5864.12,0.48593
5865.03,0.48714
5865.93,0.48913
5866.83,0.48864
5867.73,0.49319
5868.63,0.49088
5869.53,0.49417
5870.43,0.49391
5871.33,0.49534
5872.23,0.49575
5873.13,0.49599
5874.03,0.49481
5874.93,0.49396
5875.83,0.49325
5876.73,0.49375
5877.63,0.49367
5878.53,0.49251
5879.43,0.49181
5880.33,0.4906
5881.23,0.4893
5882.13,0.48786
5883.03,0.48404
5883.93,0.48406
5884.83,0.4789
5885.73,0.47444
5886.63,0.47281
5887.53,0.4662
5888.43,0.46059
5889.33,0.45376
5890.23,0.44647
5891.13,0.43941
5892.03,0.4385
5892.93,0.4347
5893.83,0.43335
5894.73,0.43464
5895.63,0.4358
5896.53,0.43754
5897.43,0.44258
5898.33,0.44494
5899.23,0.45071
5900.13,0.45455
5901.04,0.46129
5901.94,0.46628
5902.83,0.47039
5903.74,0.47265
5904.64,0.47608
5905.54,0.48091
5906.44,0.47966
5907.34,0.48095
5908.24,0.48129
5909.14,0.4847
5910.04,0.48354
5910.94,0.48399
5911.84,0.48302
5912.74,0.48212
5913.64,0.48192
5914.54,0.47902
5915.44,0.4795
5916.34,0.47801
5917.24,0.47899
5918.14,0.47877
5919.04,0.47944
5919.94,0.48092
5920.84,0.48204
5921.74,0.48244
5922.64,0.48337
5923.54,0.4842
5924.44,0.48414
5925.34,0.48538
5926.24,0.48439
5927.14,0.48589
5928.04,0.48454
5928.94,0.48414
5929.84,0.48433
5930.74,0.48338
5931.64,0.48351
5932.54,0.48441
5933.44,0.48285
5934.34,0.48412
5935.24,0.48257
5936.14,0.48351
5937.04,0.48383
5937.94,0.48516
5938.85,0.48482
5939.75,0.48361
5940.65,0.48388
5941.55,0.48598
5942.45,0.48436
5943.35,0.48321
5944.25,0.48719
5945.15,0.48466
5946.05,0.48643
5946.95,0.48561
5947.85,0.48335
5948.75,0.48182
5949.65,0.48545
5950.55,0.48252
5951.45,0.48259
5952.35,0.48361
5953.25,0.4812
5954.15,0.48004
5955.05,0.48183
5955.95,0.48137
5956.85,0.47996
5957.75,0.484
5958.65,0.48413
5959.55,0.48416
5960.45,0.48546
5961.35,0.48554
5962.25,0.48622
5963.15,0.48834
5964.05,0.48867
5964.95,0.4887
5965.85,0.49055
5966.75,0.49031
5967.65,0.48893
5968.55,0.49004
5969.45,0.49069
5970.35,0.49042
5971.25,0.49075
5972.15,0.49037
5973.05,0.49077
5973.95,0.49002
5974.85,0.48898
5975.75,0.48695
5976.65,0.48705
5977.56,0.48604
5978.46,0.48345
5979.36,0.4834
5980.26,0.48301
5981.16,0.4831
5982.06,0.48291
5982.96,0.48094
5983.86,0.48303
5984.76,0.48135
5985.66,0.48058
5986.56,0.48048
5987.46,0.4812
5988.36,0.48086
5989.26,0.48235
5990.16,0.48336
5991.06,0.48638
5991.96,0.48569
5992.86,0.48492
5993.76,0.48766
5994.66,0.48664
5995.56,0.48901
5996.46,0.48701
5997.36,0.48763
5998.26,0.48507
5999.16,0.48599
6000.06,0.48563
6000.96,0.48478
6001.86,0.48252
6002.76,0.48273
6003.66,0.48183
6004.56,0.4823
6005.46,0.48024
6006.36,0.4811
6007.26,0.47784
6008.16,0.47943
6009.06,0.47965
6009.96,0.47837
6010.86,0.47872
6011.76,0.47908
6012.67,0.47953
6013.56,0.47901
6014.47,0.4782
6015.37,0.47902
6016.27,0.47871
6017.17,0.47912
6018.07,0.47757
6018.97,0.47689
6019.87,0.47635
6020.77,0.47561
6021.67,0.47685
6022.57,0.4748
6023.47,0.4776
6024.37,0.47888
6025.27,0.47886
6026.17,0.47767
6027.07,0.48073
6027.97,0.48425
6028.87,0.48377
6029.77,0.48476
6030.67,0.48685
6031.57,0.48868
6032.47,0.48936
6033.37,0.49171
6034.27,0.49293
6035.17,0.4906
6036.07,0.49226
6036.97,0.49374
6037.87,0.49227
6038.77,0.49318
6039.67,0.49015
6040.57,0.49054
6041.47,0.49064
6042.37,0.492
6043.27,0.49111
6044.17,0.49261
6045.07,0.49356
6045.97,0.49428
6046.87,0.49378
6047.77,0.49631
6048.67,0.49435
6049.57,0.49508
6050.47,0.49569
6051.38,0.49529
6052.28,0.49454
6053.18,0.49483
6054.08,0.49157
6054.98,0.49118
6055.88,0.49045
6056.78,0.49066
6057.68,0.48946
6058.58,0.48987
6059.48,0.48763
6060.38,0.4888
6061.28,0.48788
6062.18,0.48906
6063.08,0.48917
6063.98,0.48689
6064.88,0.48534
6065.78,0.48659
6066.68,0.48483
6067.58,0.48787
6068.48,0.48799
6069.38,0.48795
6070.28,0.48966
6071.18,0.49263
6072.08,0.49499
6072.98,0.49644
6073.88,0.49517
6074.78,0.49581
6075.68,0.49148
6076.58,0.49447
6077.48,0.49287
6078.38,0.49049
6079.28,0.48761
6080.18,0.48684
6081.08,0.48398
6081.98,0.48313
6082.88,0.48296
6083.78,0.48218
6084.68,0.48056
6085.58,0.48273
6086.48,0.48326
6087.38,0.4798
6088.28,0.48217
6089.19,0.4823
6090.09,0.48026
6090.99,0.48214
6091.89,0.48197
6092.79,0.48315
6093.69,0.48238
6094.59,0.48367
6095.49,0.48481
6096.39,0.48646
6097.29,0.48398
6098.19,0.48501
6099.09,0.48618
6099.99,0.48277
6100.89,0.48229
6101.79,0.47946
6102.69,0.48008
6103.59,0.47617
6104.49,0.47738
6105.39,0.47649
6106.29,0.47753
6107.19,0.47997
6108.09,0.48187
6108.99,0.48106
6109.89,0.48278
6110.79,0.48347
6111.69,0.48629
6112.59,0.48582
6113.49,0.4884
6114.39,0.48718
6115.29,0.48787
6116.19,0.48665
6117.09,0.48796
6117.99,0.48502
6118.89,0.48301
6119.79,0.48336
6120.69,0.47906
6121.59,0.47913
6122.49,0.47817
6123.39,0.47567
6124.29,0.47747
6125.19,0.47779
6126.1,0.47589
6127.0,0.47948
6127.9,0.47732
6128.8,0.47974
6129.7,0.47852
6130.6,0.48085
6131.5,0.47905
6132.4,0.47959
6133.3,0.47841
6134.2,0.47612
6135.1,0.47273
6136.0,0.47095
6136.9,0.46644
6137.8,0.46761
6138.7,0.46559
6139.6,0.46439
6140.5,0.46533
6141.4,0.46727
6142.3,0.46783
6143.2,0.47012
6144.1,0.47427
6145.0,0.47591
6145.9,0.4781
6146.8,0.47838
6147.7,0.47771
6148.6,0.48027
6149.5,0.47798
6150.4,0.4788
6151.3,0.48
6152.2,0.47753
6153.1,0.47841
6154.0,0.47554
6154.9,0.47551
6155.8,0.47551
6156.7,0.47364
6157.6,0.47185
6158.5,0.46994
6159.4,0.46514
6160.3,0.46233
6161.2,0.45975
6162.1,0.45564
6163.01,0.45265
6163.91,0.45123
6164.81,0.44989
6165.71,0.44781
6166.61,0.4478
6167.51,0.44815
6168.41,0.4485
6169.31,0.44991
6170.21,0.45202
6171.11,0.45047
6172.01,0.45314
6172.91,0.45492
6173.81,0.45727
6174.71,0.45892
6175.61,0.46097
6176.51,0.4605
6177.41,0.4645
6178.31,0.46507
6179.21,0.46743
6180.11,0.46804
6181.01,0.46942
6181.91,0.46872
6182.81,0.47094
6183.71,0.4687
6184.61,0.47092
6185.51,0.46957
6186.41,0.46889
6187.31,0.4668
6188.21,0.46467
6189.11,0.46261
6190.01,0.46099
6190.91,0.46056
6191.81,0.4573
6192.71,0.45532
6193.61,0.45887
6194.51,0.45817
6195.41,0.46162
6196.31,0.46187
6197.21,0.46271
6198.11,0.46479
6199.01,0.46509
6199.92,0.46638
6200.82,0.46659
6201.72,0.46706
6202.62,0.46889
6203.52,0.46652
6204.42,0.46884
6205.32,0.47055
6206.22,0.47188
6207.12,0.47016
6208.02,0.47148
6208.92,0.47137
6209.82,0.4685
6210.72,0.4695
6211.62,0.46721
6212.52,0.46456
6213.42,0.46185
6214.32,0.46035
6215.22,0.45713
6216.12,0.45596
6217.02,0.45458
6217.92,0.45334
6218.82,0.45507
6219.72,0.45505
6220.62,0.45449
6221.52,0.45592
6222.42,0.45661
6223.32,0.455
6224.22,0.45591
6225.12,0.45651
6226.02,0.45649
6226.92,0.45582
6227.82,0.45506
6228.72,0.45376
6229.62,0.45536
6230.52,0.45156
6231.42,0.45068
6232.32,0.45158
6233.22,0.45116
6234.12,0.45048
6235.02,0.45173
6235.92,0.45212
6236.83,0.45403
6237.73,0.45596
6238.63,0.45383
6239.53,0.45437
6240.43,0.45284
6241.33,0.45113
6242.23,0.45161
6243.13,0.44924
6244.03,0.44961
6244.93,0.44813
6245.83,0.44917
6246.73,0.4468
6247.63,0.44906
6248.53,0.44851
6249.43,0.4502
6250.33,0.44847
6251.23,0.44955
6252.13,0.44825
6253.03,0.44752
6253.93,0.44618
6254.83,0.44433
6255.73,0.44277
6256.63,0.44117
6257.53,0.44211
6258.43,0.44277
6259.33,0.4424
6260.23,0.44302
6261.13,0.4461
6262.03,0.44674
6262.93,0.4498
6263.83,0.45072
6264.73,0.45215
6265.63,0.45402
6266.53,0.4576
6267.43,0.457
6268.33,0.45871
6269.23,0.45945
6270.13,0.45929
6271.03,0.45796
6271.93,0.45875
6272.83,0.46017
6273.73,0.4623
6274.64,0.46144
6275.54,0.46127
6276.44,0.46074
6277.34,0.46191
6278.24,0.46217
6279.14,0.45769
6280.04,0.4608
6280.94,0.46069
6281.84,0.46052
6282.74,0.46175
6283.64,0.45832
6284.54,0.46152
6285.44,0.46354
6286.34,0.46411
6287.24,0.46377
6288.14,0.46622
6289.04,0.46475
6289.94,0.46752
6290.84,0.4658
6291.74,0.46708
6292.64,0.46436
6293.54,0.464
6294.44,0.46235
6295.34,0.46226
6296.24,0.46068
6297.14,0.45952
6298.04,0.4563
6298.94,0.45551
6299.84,0.45684
6300.74,0.45478
6301.64,0.45655
6302.54,0.45533
6303.44,0.45431
6304.34,0.45877
6305.24,0.45815
6306.14,0.45921
6307.04,0.46228
6307.94,0.4619
6308.84,0.46358
6309.74,0.4647
6310.64,0.4633
6311.54,0.46313
6312.45,0.46322
6313.35,0.46147
6314.25,0.46009
6315.15,0.45986
6316.05,0.45811
6316.95,0.45688
6317.85,0.45647
6318.75,0.45641
6319.65,0.45476
6320.55,0.45772
6321.45,0.4584
6322.35,0.45916
6323.25,0.46008
6324.15,0.46214
6325.05,0.46155
6325.95,0.46592
6326.85,0.46607
6327.75,0.466
6328.65,0.46552
6329.55,0.46672
6330.45,0.46717
6331.35,0.46533
6332.25,0.46562
6333.15,0.46562
6334.05,0.46329
6334.95,0.4655
6335.85,0.46288
6336.75,0.46342
6337.65,0.46389
6338.55,0.46069
6339.45,0.46122
6340.35,0.46127
6341.25,0.46181
6342.15,0.463
6343.05,0.46301
6343.95,0.46344
6344.85,0.46502
6345.75,0.46381
6346.65,0.46268
6347.55,0.46551
6348.46,0.4651
6349.35,0.46468
6350.26,0.46599
6351.16,0.46608
6352.06,0.467
6352.96,0.46523
6353.86,0.46392
6354.76,0.46178
6355.66,0.46061
6356.56,0.459
6357.46,0.45757
6358.36,0.45787
6359.26,0.45484
6360.16,0.45495
6361.06,0.45337
6361.96,0.45133
6362.86,0.45274
6363.76,0.45206
6364.66,0.45387
6365.56,0.4545
6366.46,0.4556
6367.36,0.45828
6368.26,0.45895
6369.16,0.4633
6370.06,0.46278
6370.96,0.465
6371.86,0.46699
6372.76,0.46706
6373.66,0.46835
6374.56,0.47052
6375.46,0.47135
6376.36,0.46909
6377.26,0.46874
6378.16,0.46664
6379.06,0.46654
6379.96,0.46753
6380.86,0.4668
6381.76,0.4662
6382.66,0.46866
6383.56,0.46639
6384.46,0.4664
6385.36,0.46559
6386.27,0.46649
6387.17,0.46657
6388.07,0.46671
6388.97,0.46593
6389.87,0.46467
6390.77,0.46592
6391.67,0.46264
6392.57,0.46087
6393.47,0.46152
6394.37,0.4622
6395.27,0.45865
6396.17,0.46032
6397.07,0.46098
6397.97,0.45899
6398.87,0.45969
6399.77,0.46096
6400.67,0.46059
6401.57,0.46009
6402.47,0.45931
6403.37,0.4632
6404.27,0.46295
6405.17,0.46401
6406.07,0.46504
6406.97,0.46466
6407.87,0.46208
6408.77,0.46434
6409.67,0.46299
6410.57,0.46325
6411.47,0.46185
6412.37,0.46233
6413.27,0.46179
6414.17,0.4619
6415.07,0.46061
6415.97,0.46333
6416.87,0.4618
6417.77,0.46266
6418.67,0.46262
6419.57,0.46204
6420.47,0.46168
6421.37,0.4623
6422.27,0.46226
6423.17,0.46046
6424.08,0.46336
6424.98,0.46474
6425.88,0.46467
6426.78,0.46424
6427.68,0.46724
6428.58,0.46784
6429.48,0.46743
6430.38,0.4655
6431.28,0.46388
6432.18,0.46444
6433.08,0.46473
6433.98,0.46579
6434.88,0.46471
6435.78,0.46491
6436.68,0.4641
6437.58,0.46437
6438.48,0.4646
6439.38,0.4658
6440.28,0.46648
6441.18,0.4689
6442.08,0.46871
6442.98,0.46972
6443.88,0.47117
6444.78,0.46938
6445.68,0.46974
6446.58,0.46994
6447.48,0.46928
6448.38,0.46762
6449.28,0.4645
6450.18,0.46459
6451.08,0.46078
6451.98,0.46108
6452.88,0.4609
6453.78,0.46216
6454.68,0.46173
6455.58,0.46187
6456.48,0.46301
6457.38,0.46186
6458.28,0.4617
6459.18,0.46429
6460.08,0.46185
6460.98,0.4638
6461.89,0.4634
6462.79,0.46317
6463.69,0.45902
6464.59,0.46034
6465.49,0.46251
6466.39,0.46272
6467.29,0.46312
6468.19,0.46266
6469.09,0.46353
6469.99,0.46343
6470.89,0.46379
6471.79,0.46455
6472.69,0.46237
6473.59,0.45982
6474.49,0.46291
6475.39,0.46185
6476.29,0.4626
6477.19,0.46175
6478.09,0.45941
6478.99,0.45826
6479.89,0.45866
6480.79,0.45828
6481.69,0.45925
6482.59,0.45644
6483.49,0.45688
6484.39,0.45429
6485.29,0.45567
6486.19,0.45528
6487.09,0.45526
6487.99,0.45355
6488.89,0.45231
6489.79,0.45248
6490.69,0.44934
6491.59,0.44754
6492.49,0.44469
6493.39,0.44081
6494.29,0.43695
6495.19,0.43073
6496.09,0.42836
6496.99,0.43016
6497.9,0.42605
6498.79,0.42715
6499.7,0.42873
6500.6,0.43013
6501.5,0.43481
6502.4,0.43783
6503.3,0.44019
6504.2,0.44397
6505.1,0.44984
6506.0,0.44838
6506.9,0.45331
6507.8,0.45365
6508.7,0.45303
6509.6,0.45487
6510.5,0.4554
6511.4,0.45574
6512.3,0.45699
6513.2,0.45399
6514.1,0.45368
6515.0,0.45393
6515.9,0.45159
6516.8,0.45116
6517.7,0.45019
6518.6,0.44995
6519.5,0.44888
6520.4,0.45008
6521.3,0.45131
6522.2,0.45154
6523.1,0.45148
6524.0,0.45201
6524.9,0.45226
6525.8,0.45337
6526.7,0.45271
6527.6,0.45214
6528.5,0.4521
6529.4,0.45212
6530.3,0.45459
6531.2,0.45313
6532.1,0.45211
6533.0,0.45208
6533.9,0.45342
6534.8,0.45479
6535.71,0.4533
6536.61,0.45327
6537.51,0.45421
6538.41,0.45627
6539.31,0.45271
6540.21,0.45456
6541.11,0.45541
6542.01,0.4516
6542.91,0.45195
6543.81,0.44858
6544.71,0.44729
6545.61,0.44642
6546.51,0.44487
6547.41,0.4439
6548.31,0.44048
6549.21,0.43993
6550.11,0.43979
6551.01,0.43734
6551.91,0.43675
6552.81,0.4341
6553.71,0.43355
6554.61,0.42714
6555.51,0.42487
6556.41,0.42084
6557.31,0.41615
6558.21,0.41183
6559.11,0.40215
6560.01,0.3955
6560.91,0.38746
6561.81,0.38035
6562.71,0.37449
6563.61,0.37047
6564.51,0.36753
6565.41,0.36779
6566.31,0.37208
6567.21,0.3773
6568.11,0.38609
6569.01,0.3921
6569.91,0.39859
6570.81,0.40598
6571.71,0.41111
6572.61,0.41793
6573.52,0.42162
6574.42,0.42554
6575.32,0.42741
6576.22,0.43031
6577.12,0.43177
6578.02,0.43267
6578.92,0.43495
6579.82,0.43797
6580.72,0.43845
6581.62,0.44029
6582.52,0.44142
6583.42,0.44349
6584.32,0.44312
6585.22,0.44497
6586.12,0.44593
6587.02,0.44556
6587.92,0.44636
6588.82,0.44532
6589.72,0.44648
6590.62,0.44283
6591.52,0.44363
6592.42,0.44283
6593.32,0.4431
6594.22,0.44122
6595.12,0.44048
6596.02,0.44016
6596.92,0.44066
6597.82,0.43997
6598.72,0.44228
6599.62,0.4434
6600.52,0.44476
6601.42,0.44599
6602.32,0.44468
6603.22,0.44728
6604.12,0.44603
6605.02,0.44682
6605.92,0.44648
6606.82,0.44601
6607.72,0.44557
6608.62,0.44403
6609.52,0.44572
6610.43,0.44245
6611.33,0.44484
6612.23,0.44637
6613.13,0.44784
6614.03,0.44711
6614.93,0.44771
6615.83,0.45031
6616.73,0.45078
6617.63,0.45179
6618.53,0.45182
6619.43,0.45105
6620.33,0.45008
6621.23,0.45159
6622.13,0.4518
6623.03,0.451
6623.93,0.45103
6624.83,0.44952
6625.73,0.44975
6626.63,0.4485
6627.53,0.44722
6628.43,0.44705
6629.33,0.44616
6630.23,0.44737
6631.13,0.44615
6632.03,0.44502
6632.93,0.44244
6633.83,0.44492
6634.73,0.44412
6635.63,0.44231
6636.53,0.44415
6637.43,0.44509
6638.33,0.44563
6639.23,0.44297
6640.13,0.44632
6641.03,0.44573
6641.93,0.44586
6642.83,0.446
6643.73,0.44616
6644.63,0.44354
6645.53,0.4446
6646.43,0.444
6647.34,0.44301
6648.24,0.44511
6649.14,0.44643
6650.04,0.44598
6650.94,0.44397
6651.84,0.44563
6652.74,0.44613
6653.64,0.44678
6654.54,0.44659
6655.44,0.44735
6656.34,0.44567
6657.24,0.44637
6658.14,0.44529
6659.04,0.44473
6659.94,0.44403
6660.84,0.44285
6661.74,0.44159
6662.64,0.44182
6663.54,0.4425
6664.44,0.44141
6665.34,0.43999
6666.24,0.43999
6667.14,0.4404
6668.04,0.44125
6668.94,0.44112
6669.84,0.44299
6670.74,0.44288
6671.64,0.4424
6672.54,0.44359
6673.44,0.44444
6674.34,0.44386
6675.24,0.443
6676.14,0.44177
6677.04,0.44105
6677.94,0.4391
6678.84,0.44055
6679.74,0.43979
6680.64,0.43987
6681.54,0.43551
6682.44,0.4387
6683.34,0.43734
6684.24,0.43837
6685.15,0.44097
6686.05,0.4395
6686.95,0.43944
6687.85,0.44124
6688.75,0.44279
6689.65,0.44301
6690.55,0.44265
6691.45,0.44307
6692.35,0.44185
6693.25,0.44174
6694.15,0.44192
6695.05,0.44182
6695.95,0.43969
6696.85,0.44172
6697.75,0.43965
6698.65,0.44159
6699.55,0.43984
6700.45,0.44058
6701.35,0.43937
6702.25,0.44101
6703.15,0.4405
6704.05,0.44202
6704.95,0.43788
6705.85,0.43941
6706.75,0.43888
6707.65,0.43933
6708.55,0.43875
6709.45,0.43917
6710.35,0.43973
6711.25,0.43772
6712.15,0.4379
6713.05,0.43808
6713.95,0.43601
6714.85,0.4354
6715.75,0.43419
6716.65,0.43127
6717.55,0.43038
6718.45,0.4307
6719.35,0.43115
6720.25,0.43049
6721.16,0.43085
6722.06,0.43166
6722.96,0.43296
6723.86,0.43188
6724.76,0.43382
6725.66,0.43439
6726.56,0.43721
6727.46,0.43583
6728.36,0.43565
6729.26,0.43617
6730.16,0.43831
6731.06,0.4388
6731.96,0.43955
6732.86,0.43785
6733.76,0.43818
6734.66,0.43783
6735.56,0.43779
6736.46,0.43918
6737.36,0.43779
6738.26,0.43637
6739.16,0.43815
6740.06,0.43477
6740.96,0.43513
6741.86,0.43369
6742.76,0.43438
6743.66,0.43401
6744.56,0.43334
6745.46,0.43415
6746.36,0.43407
6747.26,0.43271
6748.16,0.43315
6749.06,0.43225
6749.96,0.43216
6750.86,0.43176
6751.76,0.43318
6752.66,0.42989
6753.56,0.42968
6754.46,0.43352
6755.36,0.4338
6756.26,0.43365
6757.16,0.43415
6758.06,0.43552
6758.97,0.43868
6759.87,0.43685
6760.77,0.43708
6761.67,0.43972
6762.57,0.43801
6763.47,0.43794
6764.37,0.43832
6765.27,0.43924
6766.17,0.43622
6767.07,0.43684
6767.97,0.4334
6768.87,0.43608
6769.77,0.43622
6770.67,0.43582
6771.57,0.43378
6772.47,0.43464
6773.37,0.4377
6774.27,0.43536
6775.17,0.43625
6776.07,0.43703
6776.97,0.4391
6777.87,0.44029
6778.77,0.43883
6779.67,0.43833
6780.57,0.43872
6781.47,0.43874
6782.37,0.43801
6783.27,0.43743
6784.17,0.43602
6785.07,0.43328
6785.97,0.43392
6786.87,0.43461
6787.77,0.43305
6788.67,0.43455
6789.57,0.43268
6790.47,0.43292
6791.37,0.43242
6792.27,0.43492
6793.17,0.43464
6794.07,0.43449
6794.97,0.43552
6795.88,0.4355
6796.78,0.43422
6797.68,0.43447
6798.58,0.43621
6799.48,0.43557
6800.38,0.43742
6801.28,0.4371
6802.18,0.43776
6803.08,0.4365
6803.98,0.43604
6804.88,0.43768
6805.78,0.43521
6806.68,0.43765
6807.58,0.43677
6808.48,0.43537
6809.38,0.4361
6810.28,0.43541
6811.18,0.4358
6812.08,0.43367
6812.98,0.43506
6813.88,0.43399
6814.78,0.43527
6815.68,0.43618
6816.58,0.43403
6817.48,0.43579
6818.38,0.43448
6819.28,0.43419
6820.18,0.43495
6821.08,0.43609
6821.98,0.43703
6822.88,0.43701
6823.78,0.43773
6824.68,0.43648
6825.58,0.43902
6826.48,0.43782
6827.38,0.43756
6828.28,0.43655
6829.18,0.43574
6830.08,0.43673
6830.98,0.4375
6831.88,0.43525
6832.79,0.43724
6833.69,0.43764
6834.59,0.4362
6835.49,0.4372
6836.39,0.43817
6837.29,0.43386
6838.19,0.43607
6839.09,0.43404
6839.99,0.43147
6840.89,0.43213
6841.79,0.43049
6842.69,0.42956
6843.59,0.43091
6844.49,0.43194
6845.39,0.43151
6846.29,0.43212
6847.19,0.43141
6848.09,0.43389
6848.99,0.43506
6849.89,0.43342
6850.79,0.43523
6851.69,0.43526
6852.59,0.43446
6853.49,0.43488
6854.39,0.43458
6855.29,0.43253
6856.19,0.43227
6857.09,0.43255
6857.99,0.43068
6858.89,0.42864
6859.79,0.43042
6860.69,0.42928
6861.59,0.43054
6862.49,0.43088
6863.39,0.43165
6864.29,0.43149
6865.19,0.43124
6866.09,0.43209
6866.99,0.43286
6867.89,0.43089
6868.79,0.43152
6869.7,0.43281
6870.6,0.43161
6871.5,0.43217
6872.4,0.43217
6873.3,0.43234
6874.2,0.43266
6875.1,0.43374
6876.0,0.43376
6876.9,0.43301
6877.8,0.43273
6878.7,0.43443
6879.6,0.43308
6880.5,0.43371
6881.4,0.43577
6882.3,0.43395
6883.2,0.43523
6884.1,0.43559
6885.0,0.43439
6885.9,0.43475
6886.8,0.43406
6887.7,0.43526
6888.6,0.43431
6889.5,0.43735
6890.4,0.43643
6891.3,0.43814
6892.2,0.43671
6893.1,0.43775
6894.0,0.43817
6894.9,0.44037
6895.8,0.43769
6896.7,0.43746
6897.6,0.43797
6898.5,0.43825
6899.4,0.43887
6900.3,0.43888
6901.2,0.43839
6902.1,0.43874
6903.0,0.43927
6903.9,0.44113
6904.8,0.4396
6905.7,0.44111
6906.6,0.44224
6907.51,0.44035
6908.41,0.44117
6909.31,0.44028
6910.21,0.43915
6911.11,0.44015
6912.01,0.43994
6912.91,0.4387
6913.81,0.43729
6914.71,0.43681
6915.61,0.43536
6916.51,0.43607
6917.41,0.43508
6918.31,0.43436
6919.21,0.43256
6920.11,0.4357
6921.01,0.43446
6921.91,0.43622
6922.81,0.43534
6923.71,0.43722
6924.61,0.4351
6925.51,0.43484
6926.41,0.43469
6927.31,0.43661
6928.21,0.4356
6929.11,0.43619
6930.01,0.43645
6930.91,0.43819
6931.81,0.43874
6932.71,0.43796
6933.61,0.43818
6934.51,0.43722
6935.41,0.43824
6936.31,0.43727
6937.21,0.43678
6938.11,0.43712
6939.01,0.43734
6939.91,0.4371
6940.81,0.43541
6941.71,0.43625
6942.61,0.43749
6943.52,0.43456
6944.42,0.43569
6945.31,0.43619
6946.22,0.43294
6947.12,0.43532
6948.02,0.43324
6948.92,0.43671
6949.82,0.43444
6950.72,0.43442
6951.62,0.43463
6952.52,0.43359
6953.42,0.43462
6954.32,0.43464
6955.22,0.43521
6956.12,0.43506
6957.02,0.43634
6957.92,0.43715
6958.82,0.43618
6959.72,0.43725
6960.62,0.43815
6961.52,0.43715
6962.42,0.43882
6963.32,0.43977
6964.22,0.43911
6965.12,0.43888
6966.02,0.43968
6966.92,0.43891
6967.82,0.44035
6968.72,0.4399
6969.62,0.43964
6970.52,0.43897
6971.42,0.44037
6972.32,0.43669
6973.22,0.43725
6974.12,0.43687
6975.02,0.43351
6975.92,0.43517
6976.82,0.43207
6977.72,0.43197
6978.62,0.4306
6979.52,0.42902
6980.42,0.4308
6981.33,0.43117
6982.23,0.4318
6983.12,0.43201
6984.03,0.43343
6984.93,0.436
6985.83,0.43505
6986.73,0.4363
6987.63,0.43887
6988.53,0.43694
6989.43,0.43821
6990.33,0.43698
6991.23,0.4383
6992.13,0.43801
6993.03,0.43814
6993.93,0.43715
6994.83,0.43916
6995.73,0.43701
6996.63,0.43615
6997.53,0.43702
6998.43,0.43655
6999.33,0.43753
7000.23,0.43556
7001.13,0.43668
7002.03,0.43535
7002.93,0.43487
7003.83,0.43366
7004.73,0.43512
7005.63,0.43492
7006.53,0.43423
7007.43,0.43322
7008.33,0.43385
7009.23,0.43428
7010.13,0.43267
7011.03,0.43421
7011.93,0.432
7012.83,0.4333
7013.73,0.43193
7014.63,0.43274
7015.53,0.43219
7016.43,0.43182
7017.33,0.43055
7018.23,0.43155
7019.14,0.43184
7020.04,0.43178
7020.94,0.43121
7021.84,0.43295
7022.74,0.43445
7023.64,0.43186
7024.54,0.43232
7025.44,0.43414
7026.34,0.43271
7027.24,0.43187
7028.14,0.43234
7029.04,0.43372
7029.94,0.4332
7030.84,0.43403
7031.74,0.43559
7032.64,0.43445
7033.54,0.43577
7034.44,0.43485
7035.34,0.43546
7036.24,0.43398
7037.14,0.43392
7038.04,0.43579
7038.94,0.43606
7039.84,0.43662
7040.74,0.43696
7041.64,0.43768
7042.54,0.43786
7043.44,0.44001
7044.34,0.44135
7045.24,0.4414
7046.14,0.44208
7047.04,0.44294
7047.94,0.44318
7048.84,0.44217
7049.74,0.44195
7050.64,0.43965
7051.54,0.43875
7052.44,0.43769
7053.34,0.43312
7054.25,0.43244
7055.15,0.43205
7056.04,0.42971
7056.95,0.42834
7057.85,0.42739
7058.75,0.42676
7059.65,0.42551
7060.55,0.42507
7061.45,0.42415
7062.35,0.42599
7063.25,0.42249
7064.15,0.42371
7065.05,0.42319
7065.95,0.42288
7066.85,0.42399
7067.75,0.42249
7068.65,0.42362
7069.55,0.4229
7070.45,0.4242
7071.35,0.42401
7072.25,0.42597
7073.15,0.42549
7074.05,0.42705
7074.95,0.42759
7075.85,0.42795
7076.75,0.4285
7077.65,0.4286
7078.55,0.42846
7079.45,0.42685
7080.35,0.42569
7081.25,0.42582
7082.15,0.42426
7083.05,0.42243
7083.95,0.42202
7084.85,0.4209
7085.75,0.41651
7086.65,0.41515
7087.55,0.41426
7088.45,0.41245
7089.35,0.41215
7090.25,0.40979
7091.15,0.40986
7092.06,0.40886
7092.96,0.40688
7093.85,0.40774
7094.76,0.40708
7095.66,0.40885
7096.56,0.40694
7097.46,0.41034
7098.36,0.41033
7099.26,0.40849
7100.16,0.41052
7101.06,0.41314
7101.96,0.41273
7102.86,0.41397
7103.76,0.41399
7104.66,0.41566
7105.56,0.41513
7106.46,0.41398
7107.36,0.41488
7108.26,0.41578
7109.16,0.41569
7110.06,0.41571
7110.96,0.41471
7111.86,0.41474
7112.76,0.41658
7113.66,0.41504
7114.56,0.41566
7115.46,0.41563
7116.36,0.41666
7117.26,0.41704
7118.16,0.4185
7119.06,0.41735
7119.96,0.4183
7120.86,0.41823
7121.76,0.41659
7122.66,0.41535
7123.56,0.41756
7124.46,0.41209
7125.36,0.41414
7126.26,0.41221
7127.16,0.41249
7127.27,0.41064
7128.17,0.40909
7129.07,0.40992
7129.96,0.40945
7130.86,0.40942
7131.75,0.40802
7132.65,0.40811
7133.55,0.40869
7134.44,0.40836
7135.34,0.40734
7136.23,0.40971
7137.13,0.40904
7138.03,0.41158
7138.92,0.41211
7139.82,0.41205
7140.71,0.41186
7141.61,0.41183
7142.5,0.41081
7143.4,0.41134
7144.3,0.41041
7145.19,0.41168
7146.09,0.41085
7146.98,0.40914
7147.88,0.41129
7148.78,0.40953
7149.67,0.40881
7150.57,0.41081
7151.46,0.41151
7152.36,0.41235
7153.26,0.41273
7154.15,0.41024
7155.05,0.41429
7155.94,0.41417
7156.84,0.41455
7157.74,0.41609
7158.63,0.41431
7159.53,0.41674
7160.42,0.4146
7161.32,0.41466
7162.21,0.41474
7163.11,0.41351
7164.01,0.4153
7164.9,0.4147
7165.8,0.41477
7166.69,0.41592
7167.59,0.41472
7168.49,0.41743
7169.38,0.41837
7170.28,0.41812
7171.17,0.42028
7172.07,0.4201
7172.96,0.4202
7173.86,0.42086
7174.76,0.4202
7175.65,0.42046
7176.55,0.42055
7177.44,0.42097
7178.34,0.4186
7179.24,0.4192
7180.13,0.41773
7181.03,0.41911
7181.92,0.41651
7182.82,0.41593
7183.72,0.41679
7184.61,0.41523
7185.51,0.41476
7186.4,0.41556
7187.3,0.41348
7188.19,0.41364
7189.09,0.4129
7189.99,0.41492
7190.88,0.41255
7191.78,0.4135
7192.67,0.41376
7193.57,0.41311
7194.47,0.41468
7195.36,0.41509
7196.26,0.41476
7197.15,0.41633
7198.05,0.41822
7198.95,0.41479
7199.84,0.4159
7200.74,0.41587
7201.63,0.41594
7202.53,0.41406
7203.43,0.41623
7204.32,0.41568
7205.22,0.41506
7206.11,0.41604
7207.01,0.41394
7207.9,0.4135
7208.8,0.41543
7209.7,0.41379
7210.59,0.41567
7211.49,0.41462
7212.38,0.41506
7213.28,0.41789
7214.18,0.41899
7215.07,0.41833
7215.97,0.42003
7216.86,0.41872
7217.76,0.4202
7218.66,0.41926
7219.55,0.42249
7220.45,0.42039
7221.34,0.42159
7222.24,0.42157
7223.13,0.42333
7224.03,0.42318
7224.93,0.42263
7225.82,0.42346
7226.72,0.42287
7227.61,0.42635
7228.51,0.42601
7229.41,0.42845
7230.3,0.42562
7231.2,0.42564
7232.09,0.42744
7232.99,0.42868
7233.89,0.42858
7234.78,0.4274
7235.68,0.42838
7236.57,0.42842
7237.47,0.42647
7238.36,0.42617
7239.26,0.42625
7240.16,0.42586
7241.05,0.42622
7241.95,0.42648
7242.84,0.42484
7243.74,0.42499
7244.64,0.42585
7245.53,0.42472
7246.43,0.42651
7247.32,0.42578
7248.22,0.42546
7249.12,0.42511
7250.01,0.4254
7250.91,0.4261
7251.8,0.42489
7252.7,0.42727
7253.6,0.42706
7254.49,0.42691
7255.39,0.42723
7256.28,0.42789
7257.18,0.42621
7258.07,0.42659
7258.97,0.42737
7259.87,0.42838
7260.76,0.4267
7261.66,0.42756
7262.55,0.42822
7263.45,0.42768
7264.35,0.42693
7265.24,0.42697
7266.14,0.42853
7267.03,0.42937
7267.93,0.42953
7268.83,0.42965
7269.72,0.43017
7270.62,0.42951
7271.51,0.43016
7272.41,0.43079
7273.3,0.4306
7274.2,0.43057
7275.1,0.43076
7275.99,0.43176
7276.89,0.4284
7277.78,0.43012
7278.68,0.43083
7279.58,0.4295
7280.47,0.42624
7281.37,0.42643
7282.26,0.42713
7283.16,0.42396
7284.06,0.42415
7284.95,0.42266
7285.85,0.42317
7286.74,0.42363
7287.64,0.42039
7288.53,0.42197
7289.43,0.42003
7290.33,0.42067
7291.22,0.4206
7292.12,0.42104
7293.01,0.42243
7293.91,0.4215
7294.81,0.4212
7295.7,0.42043
7296.6,0.42504
7297.49,0.42497
7298.39,0.42461
7299.29,0.42737
7300.18,0.42703
7301.08,0.42809
7301.97,0.42903
7302.87,0.42999
7303.76,0.42793
7304.66,0.42782
7305.56,0.43033
7306.45,0.42918
7307.35,0.42762
7308.24,0.42858
7309.14,0.42716
7310.04,0.42851
7310.93,0.42856
7311.83,0.4267
7312.72,0.42832
7313.62,0.42863
7314.52,0.42971
7315.41,0.42837
7316.31,0.42916
7317.2,0.42725
7318.1,0.42729
7318.99,0.42894
7319.89,0.42868
7320.79,0.42828
7321.68,0.42486
7322.58,0.42766
7323.47,0.42661
7324.37,0.42529
7325.27,0.4266
7326.16,0.42755
7327.06,0.42652
7327.95,0.42695
7328.85,0.42615
7329.75,0.4293
7330.64,0.4282
7331.54,0.4287
7332.43,0.42985
7333.33,0.42851
7334.22,0.43076
7335.12,0.43124
7336.02,0.43154
7336.91,0.43219
7337.81,0.43146
7338.7,0.43225
7339.6,0.43335
7340.5,0.43434
7341.39,0.43345
7342.29,0.43255
7343.18,0.43062
7344.08,0.43176
7344.98,0.43034
7345.87,0.43312
7346.77,0.42958
7347.66,0.43011
7348.56,0.42923
7349.45,0.42951
7350.35,0.42803
7351.25,0.42853
7352.14,0.42643
7353.04,0.42672
7353.93,0.42668
7354.83,0.42407
7355.73,0.42443
7356.62,0.42532
7357.52,0.42301
7358.41,0.42191
7359.31,0.4228
7360.21,0.42119
7361.1,0.42205
7362.0,0.42333
7362.89,0.42337
7363.79,0.4243
7364.69,0.42511
7365.58,0.42413
7366.48,0.42509
7367.37,0.42508
7368.27,0.42772
7369.16,0.4271
7370.06,0.42666
7370.96,0.4302
7371.85,0.42757
7372.75,0.43065
7373.64,0.43163
7374.54,0.43074
7375.44,0.43121
7376.33,0.43275
7377.23,0.43094
7378.12,0.43023
7379.02,0.43241
7379.92,0.43209
7380.81,0.42914
7381.71,0.42858
7382.6,0.42803
7383.5,0.4261
7384.39,0.4249
7385.29,0.42494
7386.19,0.4232
7387.08,0.42237
7387.98,0.42086
7388.87,0.42105
7389.77,0.4217
7390.67,0.41919
7391.56,0.41988
7392.46,0.41917
7393.35,0.42007
7394.25,0.42228
7395.15,0.42148
7396.04,0.42241
7396.94,0.42331
7397.83,0.4231
7398.73,0.42481
7399.62,0.42427
7400.52,0.42514
7401.42,0.42555
7402.31,0.42434
7403.21,0.42392
7404.1,0.42343
7405.0,0.42425
7405.9,0.42385
7406.79,0.42198
7407.69,0.42079
7408.58,0.4202
7409.48,0.41847
7410.38,0.41557
7411.27,0.41391
7412.17,0.41256
7413.06,0.40946
7413.96,0.40866
7414.85,0.40845
7415.75,0.4068
7416.65,0.4075
7417.54,0.40558
7418.44,0.40517
7419.33,0.40677
7420.23,0.40729
7421.13,0.40912
7422.02,0.40944
7422.92,0.4115
7423.81,0.41316
7424.71,0.41577
7425.6,0.4166
7426.5,0.41702
7427.4,0.42042
7428.29,0.42238
7429.19,0.42211
7431.68,0.4247
7434.18,0.42822
7436.67,0.42767
7439.17,0.42667
7441.66,0.42573
7444.16,0.42391
7446.66,0.42629
7449.15,0.4254
7451.65,0.42722
7454.14,0.42894
7456.64,0.42896
7459.13,0.42807
7461.63,0.42757
7464.12,0.42581
7466.62,0.42609
7469.11,0.42805
7471.61,0.4275
7474.1,0.4263
7476.6,0.42827
7479.09,0.42747
7481.59,0.42668
7484.08,0.42593
7486.58,0.42728
7489.07,0.42499
7491.57,0.42258
7494.06,0.42124
7496.56,0.42298
7499.05,0.42643
7501.55,0.42521
7504.04,0.42824
7506.54,0.42683
7509.03,0.42536
7511.53,0.42424
7514.02,0.42575
7516.52,0.42624
7519.01,0.42771
7521.51,0.42684
7524.0,0.42681
7526.5,0.42551
7528.99,0.42485
7531.49,0.4252
7533.99,0.4276
7536.48,0.42929
7538.98,0.42843
7541.47,0.42925
7543.97,0.4279
7546.46,0.4273
7548.96,0.42649
7551.45,0.42573
7553.95,0.42486
7556.44,0.42536
7558.94,0.42492
7561.43,0.42478
7563.93,0.42584
7566.42,0.42576
7568.92,0.42478
7571.41,0.42522
7573.91,0.4247
7576.4,0.42375
7578.9,0.42422
7581.39,0.42347
7583.89,0.4225
7586.38,0.4203
7588.88,0.41864
7591.37,0.41854
7593.87,0.41858
7596.36,0.41897
7598.86,0.41914
7601.35,0.41877
7603.85,0.41836
7606.34,0.41881
7608.84,0.41758
7611.33,0.41736
7613.83,0.41642
7616.33,0.41479
7618.82,0.41409
7621.32,0.41471
7623.81,0.41358
7626.31,0.41604
7628.8,0.41673
7631.3,0.41741
7633.79,0.41812
7636.29,0.41717
7638.78,0.41691
7641.28,0.41675
7643.77,0.41683
7646.27,0.41674
7648.76,0.41617
7651.26,0.41427
7653.75,0.41152
7656.25,0.40703
7658.74,0.40266
7661.24,0.39902
7663.73,0.39648
7666.23,0.39546
7668.72,0.39738
7671.22,0.40152
7673.71,0.40497
7676.21,0.40718
7678.7,0.40811
7681.2,0.40904
7683.69,0.40897
7686.19,0.40854
7688.69,0.40782
7691.18,0.40717
7693.68,0.40535
7696.17,0.40378
7698.67,0.40271
7701.16,0.40304
7703.66,0.405
7706.15,0.40378
7708.65,0.40391
7711.14,0.40193
7713.64,0.40032
7716.13,0.40011
7718.63,0.40123
7721.12,0.40294
7723.62,0.4051
7726.11,0.40555
7728.61,0.40556
7731.1,0.40863
7733.6,0.40977
7736.09,0.41107
7738.59,0.4106
7741.08,0.4103
7743.58,0.40652
7746.07,0.40435
7748.57,0.40135
7751.06,0.40072
7753.56,0.40226
7756.05,0.40402
7758.55,0.40669
7761.04,0.40864
7763.54,0.40958
7766.03,0.40952
7768.53,0.41045
7771.03,0.4104
7773.52,0.41104
7776.02,0.41059
7778.51,0.4111
7781.01,0.41064
7783.5,0.4087
7786.0,0.407
7788.49,0.40624
7790.99,0.4052
7793.48,0.40533
7795.98,0.40508
7798.47,0.40528
7800.97,0.40583
7803.46,0.40617
7805.96,0.4066
7808.45,0.40706
7810.95,0.40812
7813.44,0.40762
7815.94,0.40937
7818.43,0.40909
7820.93,0.41045
7823.42,0.40908
7825.92,0.40849
7828.41,0.40635
7830.91,0.40485
7833.4,0.40176
7835.9,0.40046
7838.39,0.40102
7840.89,0.40153
7843.38,0.40298
7845.88,0.40408
7848.38,0.40412
7850.87,0.40424
7853.37,0.40404
7855.86,0.40314
7858.36,0.40405
7860.85,0.4037
7863.35,0.40537
7865.84,0.40629
7868.34,0.40509
7870.83,0.4043
7873.33,0.40302
7875.82,0.4031
7878.32,0.40334
7880.81,0.40253
7883.31,0.40276
7885.8,0.40221
7888.3,0.40216
7890.79,0.40377
7893.29,0.40322
7895.78,0.4017
7898.28,0.40158
7900.77,0.40062
7903.27,0.40118
7905.76,0.39897
7908.26,0.39756
7910.75,0.39559
7913.25,0.39315
7915.74,0.39262
7918.24,0.39183
7920.73,0.39242
7923.23,0.39376
7925.73,0.39492
7928.22,0.395
7930.71,0.39314
7933.21,0.39316
7935.71,0.39151
7938.2,0.38961
7940.7,0.38722
7943.19,0.38804
7945.69,0.38703
7948.18,0.38802
7950.68,0.39123
7953.17,0.39307
7955.67,0.39416
7958.16,0.39564
7960.66,0.3967
7963.15,0.39655
7965.65,0.39714
7968.14,0.39788
7970.64,0.39813
7973.13,0.39931
7975.63,0.39852
7978.12,0.39666
7980.62,0.39662
7983.11,0.39548
7985.61,0.39493
7988.1,0.39515
7990.6,0.39442
7993.09,0.39431
7995.59,0.39221
7998.08,0.39236
8000.58,0.39156
8003.07,0.39281
8005.57,0.3953
8008.06,0.39727
8010.56,0.39918
8013.06,0.39933
8015.55,0.39957
8018.05,0.4006
8020.54,0.40012
8023.04,0.39772
8025.53,0.39458
8028.03,0.39332
8030.52,0.39232
8033.02,0.39469
8035.51,0.39692
8038.01,0.39817
8040.5,0.39769
8043.0,0.39709
8045.49,0.39498
8047.99,0.39187
8050.48,0.39115
8052.98,0.39176
8055.47,0.39413
8057.97,0.39496
8060.46,0.39581
8062.96,0.39505
8065.45,0.39406
8067.95,0.39357
8070.44,0.38984
8072.94,0.38959
8075.43,0.39008
8077.93,0.38936
8080.42,0.39031
8082.92,0.39144
8085.41,0.39036
8087.91,0.38892
8090.4,0.38878
8092.9,0.38722
8095.4,0.38651
8097.89,0.38634
8100.39,0.3871
8102.88,0.38784
8105.38,0.38933
8107.87,0.38973
8110.37,0.3882
8112.86,0.38948
8115.36,0.3866
8117.85,0.38788
8120.35,0.38783
8122.84,0.38872
8125.34,0.38919
8127.83,0.39037
8130.33,0.39069
8132.82,0.39037
8135.32,0.38957
8137.81,0.38946
8140.31,0.39052
8142.8,0.38928
8145.3,0.38917
8147.79,0.38729
8150.29,0.38895
8152.78,0.38895
8155.28,0.38891
8157.77,0.38948
8160.27,0.38871
8162.76,0.38905
8165.26,0.388
8167.75,0.38814
8170.25,0.38926
8172.75,0.38891
8175.24,0.3879
8177.74,0.38727
8180.23,0.38496
8182.73,0.38295
8185.22,0.3813
8187.72,0.38092
8190.21,0.3803
8192.71,0.37901
8195.2,0.37809
8197.7,0.37781
8200.19,0.37721
8202.69,0.37799
8205.18,0.37914
8207.68,0.38092
8210.17,0.38198
8212.67,0.3817
8215.16,0.38213
8217.66,0.38388
8220.15,0.38371
8222.65,0.3845
8225.14,0.38604
8227.64,0.38722
8230.13,0.38833
8232.63,0.38706
8235.12,0.38706
8237.62,0.38678
8240.11,0.38598
8242.61,0.38631
8245.1,0.38632
8247.6,0.38523
8250.1,0.38475
8252.59,0.38485
8255.08,0.38406
8257.58,0.38525
8260.08,0.38555
8262.57,0.38691
8265.07,0.3884
8267.56,0.38723
8270.06,0.38618
8272.55,0.38687
8275.05,0.38617
8277.54,0.38621
8280.04,0.38654
8282.53,0.3856
8285.03,0.38446
8287.52,0.38483
8290.02,0.38347
8292.51,0.3833
8295.01,0.38345
8297.5,0.38233
8300.0,0.38125
8302.49,0.37956
8304.99,0.37881
8307.48,0.37823
8309.98,0.37808
8312.47,0.37767
8314.97,0.37938
8317.46,0.38053
8319.96,0.38064
8322.46,0.37897
8324.95,0.37658
8327.44,0.37474
8329.94,0.37231
8332.43,0.3713
8334.93,0.3716
8337.43,0.37166
8339.92,0.37288
8342.42,0.37371
8344.91,0.37478
8347.41,0.37407
8349.9,0.37569
8352.4,0.37616
8354.89,0.37627
8357.39,0.37658
8359.88,0.37641
8362.38,0.37656
8364.87,0.37569
8367.37,0.37441
8369.86,0.3758
8372.36,0.37607
8374.85,0.37636
8377.35,0.37561
8379.84,0.37324
8382.34,0.37076
8384.83,0.36799
8387.33,0.36635
8389.82,0.36896
8392.32,0.3698
8394.81,0.37211
8397.31,0.37456
8399.8,0.37517
8402.3,0.37613
8404.79,0.37748
8407.29,0.37761
8409.79,0.37715
8412.28,0.37588
8414.78,0.37505
8417.27,0.37459
8419.77,0.37418
8422.26,0.37293
8424.76,0.3721
8427.25,0.37071
8429.75,0.36892
8432.24,0.36773
8434.74,0.36673
8437.23,0.36495
8439.73,0.36445
8442.22,0.36639
8444.72,0.36833
8447.21,0.37021
8449.71,0.37188
8452.2,0.37207
8454.7,0.3715
8457.19,0.3713
8459.69,0.36971
8462.18,0.3697
8464.68,0.36681
8467.17,0.36522
8469.67,0.36374
8472.16,0.36412
8474.66,0.36478
8477.15,0.36658
8479.65,0.36895
8482.14,0.36949
8484.64,0.3693
8487.13,0.36795
8489.63,0.36574
8492.12,0.35903
8494.62,0.35225
8497.12,0.34226
8499.61,0.33637
8502.11,0.33634
8504.6,0.34075
8507.1,0.34876
8509.59,0.35427
8512.09,0.35709
8514.58,0.35686
8517.08,0.35721
8519.57,0.35829
8522.07,0.35847
8524.56,0.35938
8527.06,0.35988
8529.55,0.35814
8532.05,0.35331
8534.54,0.34463
8537.04,0.33025
8539.53,0.31394
8542.03,0.29804
8544.52,0.29292
8547.02,0.29817
8549.51,0.31221
8552.01,0.32822
8554.5,0.34304
8557.0,0.351
8559.49,0.35702
8561.99,0.35964
8564.48,0.36061
8566.98,0.36142
8569.47,0.36154
8571.97,0.36142
8574.47,0.3619
8576.96,0.3627
8579.46,0.36267
8581.95,0.36227
8584.45,0.36249
8586.94,0.36339
8589.44,0.36299
8591.93,0.36277
8594.43,0.36166
8596.92,0.36091
8599.42,0.35999
8601.91,0.36023
8604.41,0.36095
8606.9,0.36101
8609.4,0.35934
8611.89,0.35903
8614.39,0.35919
8616.88,0.3579
8619.38,0.35853
8621.87,0.35768
8624.37,0.35958
8626.86,0.36
8629.36,0.36088
8631.85,0.36207
8634.35,0.36193
8636.84,0.36324
8639.34,0.36366
8641.83,0.36274
8644.33,0.36247
8646.83,0.36129
8649.32,0.3601
8651.82,0.35531
8654.31,0.34685
8656.8,0.3359
8659.3,0.32238
8661.8,0.30919
8664.29,0.30347
8666.79,0.30577
8669.28,0.3154
8671.78,0.3293
8674.27,0.33896
8676.77,0.34584
8679.26,0.34915
8681.76,0.35149
8684.25,0.35216
8686.75,0.35141
8689.24,0.35094
8691.74,0.34985
8694.23,0.35073
8696.73,0.35261
8699.22,0.3541
8701.72,0.35493
8704.21,0.35548
8706.71,0.3557
8709.2,0.3552
8711.7,0.35485
8714.19,0.35533
8716.69,0.35488
8719.18,0.35588
8721.68,0.35777
8724.17,0.35849
8726.67,0.35949
8729.17,0.35907
8731.66,0.35837
8734.16,0.35753
8736.65,0.35689
8739.15,0.35669
8741.64,0.35526
8744.14,0.35499
8746.63,0.35303
8749.13,0.35199
8751.62,0.35121
8754.12,0.35114
8756.61,0.3506
8759.11,0.35206
8761.6,0.35338
8764.1,0.35382
8766.59,0.35374
8769.09,0.35434
8771.58,0.35394
8774.08,0.35433
8776.57,0.35456
8779.07,0.3551
8781.56,0.35613
8784.06,0.35748
8786.55,0.35787
8789.05,0.35621
8791.54,0.35501
8794.04,0.35327
8796.53,0.3536
8799.03,0.35272
8801.52,0.35085
8804.02,0.34719
8806.51,0.34386
8809.01,0.3425
8811.5,0.34433
8814.0,0.34824
8816.5,0.35114
8818.99,0.35208
8821.49,0.35252
8823.98,0.35193
8826.48,0.35201
8828.97,0.35302
8831.47,0.35384
8833.96,0.35497
8836.46,0.35514
8838.95,0.35635
8841.45,0.3567
8843.94,0.35653
8846.44,0.35663
8848.93,0.3585
8851.43,0.35926
8853.92,0.35806
8856.42,0.35634
8858.91,0.35439
8861.41,0.35068
8863.9,0.34887
8866.4,0.34693
8868.89,0.34675
8871.39,0.34736
8873.88,0.34924
8876.38,0.35157
8878.87,0.35217
8881.37,0.35342
8883.87,0.354
8886.36,0.35383
8888.86,0.35465
8891.35,0.35471
8893.84,0.35461
8896.34,0.35429
8898.84,0.3543
8901.33,0.35459
8903.83,0.35491
8906.32,0.35395
8908.82,0.35384
8911.31,0.35305
8913.81,0.35099
8916.3,0.35152
8918.8,0.34966
8921.29,0.34832
8923.79,0.34725
8926.28,0.34647
8928.78,0.34591
8931.27,0.34721
8933.77,0.34731
8936.26,0.3478
8938.76,0.34874
8941.25,0.34663
8943.75,0.3466
8946.24,0.34688
8948.74,0.34605
8951.23,0.34763
8953.73,0.34957
8956.22,0.35164
8958.72,0.35226
8961.21,0.3517
8963.71,0.35183
8966.2,0.35136
8968.7,0.34974
8971.2,0.34955
8973.69,0.34834
8976.19,0.34837
8978.68,0.34747
8981.18,0.34735
8983.67,0.34874
8986.17,0.34982
8988.66,0.34966
8991.16,0.349
8993.65,0.34907
8996.15,0.34835
8998.64,0.34618
9001.14,0.34537
9003.63,0.34332
9006.13,0.33993
9008.62,0.33645
9011.12,0.3324
9013.61,0.32889
9016.11,0.32717
9018.6,0.32726
9021.1,0.32979
9023.59,0.33185
9026.09,0.33588
9028.58,0.33843
9031.08,0.34184
9033.57,0.34319
9036.07,0.3459
9038.56,0.3466
9041.06,0.34745
9043.55,0.34808
9046.05,0.34864
9048.54,0.34884
9051.04,0.34801
9053.54,0.34823
9056.03,0.34617
9058.53,0.34535
9061.02,0.34475
9063.52,0.34404
9066.01,0.3429
9068.51,0.34298
9071.0,0.34361
9073.5,0.34349
9075.99,0.34492
9078.49,0.34223
9080.98,0.33988
9083.48,0.33845
9085.97,0.33562
9088.47,0.33372
9090.96,0.33252
9093.46,0.33371
9095.95,0.33504
9098.45,0.33706
9100.94,0.33987
9103.44,0.34022
9105.93,0.34111
9108.43,0.34006
9110.92,0.33987
9113.42,0.34
9115.91,0.33916
9118.41,0.33796
9120.9,0.33893
9123.4,0.33928
9125.89,0.34096
9128.39,0.34162
9130.88,0.34203
9133.38,0.34145
9135.88,0.34052
9138.37,0.33907
9140.87,0.33597
9143.36,0.33363
9145.86,0.33326
9148.35,0.3318
9150.85,0.33219
9153.34,0.3335
9155.84,0.33289
9158.33,0.33429
9160.83,0.33321
9163.32,0.33267
9165.82,0.3308
9168.31,0.32858
9170.81,0.32655
9173.3,0.32495
9175.8,0.3249
9178.29,0.32557
9180.79,0.32691
9183.28,0.32752
9185.78,0.32903
9188.27,0.32917
9190.77,0.32822
9193.26,0.32672
9195.76,0.32721
9198.25,0.32619
9200.75,0.3262
9203.24,0.32574
9205.74,0.32574
9208.24,0.32379
9210.73,0.32313
9213.23,0.32201
9215.72,0.3216
9218.22,0.32199
9220.71,0.32141
9223.21,0.32138
9225.7,0.3206
9228.2,0.32008
9230.69,0.31836
9233.19,0.31836
9235.68,0.31962
9238.18,0.32104
9240.67,0.32175
9243.17,0.32257
9245.66,0.32343
9248.16,0.32284
9250.65,0.32204
9253.15,0.32232
9255.64,0.32088
9258.14,0.32157
9260.63,0.32212
9263.13,0.32342
9265.62,0.32431
9268.12,0.32647
9270.61,0.32715
9273.11,0.3262
9275.6,0.32692
9278.1,0.32563
9280.59,0.32446
9283.09,0.32299
9285.58,0.32293
9288.08,0.32188
9290.58,0.32046
9293.07,0.32142
9295.57,0.32054
9298.06,0.32053
9300.56,0.3221
9303.05,0.32152
9305.55,0.32224
9308.04,0.32221
9310.54,0.32178
9313.03,0.32184
9315.53,0.3219
9318.02,0.32137
9320.52,0.32183
9323.01,0.32092
9325.51,0.32081
9328.0,0.32106
9330.5,0.32229
9332.99,0.32253
9335.49,0.3228
9337.98,0.32308
9340.48,0.32259
9342.97,0.32202
9345.47,0.3202
9347.96,0.31927
9350.46,0.31853
9352.95,0.31671
9355.45,0.31605
9357.94,0.3146
9360.44,0.31315
9362.93,0.31329
9365.43,0.31355
9367.92,0.31383
9370.42,0.31519
9372.92,0.31455
9375.41,0.31438
9377.91,0.31473
9380.4,0.31393
9382.9,0.31426
9385.39,0.31387
9387.89,0.31488
9390.38,0.3143
9392.88,0.31383
9395.37,0.31381
9397.87,0.31289
9400.36,0.31214
9402.86,0.31066
9405.35,0.30921
9407.85,0.30746
9410.34,0.30581
9412.84,0.30454
9415.33,0.30404
9417.83,0.30527
9420.32,0.30652
9422.82,0.30867
9425.31,0.30943
9427.81,0.31018
9430.3,0.31057
9432.8,0.30935
9435.29,0.3089
9437.79,0.30812
9440.28,0.30775
9442.78,0.30736
9445.27,0.30742
9447.77,0.30779
9450.27,0.30763
9452.76,0.30849
9455.25,0.30986
9457.75,0.30973
9460.25,0.31078
9462.74,0.31142
9465.24,0.31174
9467.73,0.31228
9470.23,0.31275
9472.72,0.31249
9475.22,0.31224
9477.71,0.31206
9480.21,0.31292
9482.7,0.3122
9485.2,0.31323
9487.69,0.31382
9490.19,0.31331
9492.68,0.31329
9495.18,0.31315
9497.67,0.31306
9500.17,0.31333
9502.66,0.31331
9505.16,0.31339
9507.65,0.31397
9510.15,0.31342
9512.64,0.31343
9515.14,0.31336
9517.63,0.31413
9520.13,0.31453
9522.62,0.31472
9525.12,0.31506
9527.61,0.3152
9530.11,0.31439
9532.61,0.31321
9535.1,0.31147
9537.6,0.31024
9540.09,0.30677
9542.59,0.30401
9545.08,0.3017
9547.58,0.30141
9550.07,0.30217
9552.57,0.30382
9555.06,0.30611
9557.56,0.30956
9560.05,0.31103
9562.55,0.31208
9565.04,0.31224
9567.54,0.31177
9570.03,0.31107
9572.53,0.3099
9575.02,0.30902
9577.52,0.30932
9580.01,0.30987
9582.51,0.31103
9585.0,0.31076
9587.5,0.31158
9589.99,0.31177
9592.49,0.31168
9594.98,0.31045
9597.48,0.30899
9599.97,0.30848
9602.47,0.30753
9604.96,0.30756
9607.46,0.30819
9609.96,0.30893
9612.45,0.31026
9614.95,0.31068
9617.44,0.30961
9619.94,0.30941
9622.43,0.30901
9624.93,0.30794
9627.42,0.30818
9629.92,0.30819
9632.41,0.30782
9634.91,0.30718
9637.4,0.30639
9639.9,0.30456
9642.39,0.30442
9644.89,0.30417
9647.38,0.3036
9649.88,0.30408
9652.37,0.30385
9654.87,0.30364
9657.36,0.30407
9659.86,0.30392
9662.35,0.30375
9664.85,0.30473
9667.34,0.30383
9669.84,0.30395
9672.33,0.30355
9674.83,0.30271
9677.32,0.30245
9679.82,0.30272
9682.31,0.30284
9684.81,0.30344
9687.3,0.30282
9689.8,0.30272
9692.29,0.30226
9694.79,0.30251
9697.29,0.30262
9699.78,0.30367
9702.28,0.3023
9704.77,0.30235
9707.27,0.30144
9709.76,0.3029
9712.26,0.30245
9714.75,0.30302
9717.25,0.30321
9719.74,0.30316
9722.24,0.30291
9724.73,0.30195
9727.23,0.30082
9729.72,0.301
9732.22,0.29966
9734.71,0.30009
9737.21,0.29951
9739.7,0.29976
9742.2,0.29867
9744.69,0.29898
9747.19,0.30005
9749.68,0.3006
9752.18,0.30136
9754.67,0.30203
9757.17,0.30242
9759.66,0.30326
9762.16,0.30274
9764.65,0.30153
9767.15,0.30097
9769.64,0.3002
9772.14,0.30039
9774.64,0.30057
9777.13,0.30005
9779.63,0.29958
9782.12,0.29785
9784.62,0.29686
9787.11,0.29627
9789.61,0.29672
9792.1,0.29814
9794.6,0.29912
9797.09,0.30017
9799.59,0.3021
9802.08,0.30244
9804.58,0.3036
9807.07,0.3034
9809.57,0.30377
9812.06,0.30349
9814.56,0.30422
9817.05,0.30461
9819.55,0.30461
9822.04,0.3039
9824.54,0.30404
9827.03,0.30336
9829.53,0.30345
9832.02,0.30277
9834.52,0.30249
9837.01,0.30257
9839.51,0.30303
9842.0,0.30276
9844.5,0.30436
9847.0,0.3037
9849.49,0.30389
9851.99,0.30296
9854.48,0.30337
9856.98,0.30239
9859.47,0.30312
9861.97,0.3018
9864.46,0.30144
9866.96,0.30122
9869.45,0.30166
9871.95,0.30175
9874.44,0.30155
9876.94,0.30146
9879.43,0.30131
9881.93,0.30114
9884.42,0.30134
9886.92,0.30074
9889.41,0.29995
9891.91,0.2996
9894.4,0.29913
9896.9,0.29852
9899.39,0.29885
9901.89,0.29937
9904.38,0.29949
9906.88,0.29863
9909.37,0.29839
9911.87,0.29834
9914.36,0.29772
9916.86,0.29838
9919.35,0.29762
9921.85,0.29786
9924.34,0.29706
9926.84,0.29697
9929.33,0.29704
9931.83,0.29709
9934.33,0.29694
9936.82,0.29775
9939.32,0.29796
9941.81,0.29713
9944.31,0.29777
9946.8,0.29809
9949.3,0.29732
9951.79,0.29708
9954.29,0.29797
9956.78,0.2981
9959.28,0.29828
9961.77,0.29782
9964.27,0.2982
9966.76,0.29871
9969.26,0.29888
9971.75,0.29848
9974.25,0.29808
9976.74,0.29834
9979.24,0.29759
9981.73,0.29708
9984.23,0.29649
9986.72,0.29683
9989.22,0.2966
9991.71,0.29607
9994.21,0.29587
9996.7,0.29508
9999.2,0.2949
10001.7,0.29548
10004.2,0.29425
10006.7,0.29442
10009.2,0.29506
10011.7,0.29614
10014.2,0.29598
10016.7,0.29661
10019.2,0.29753
10021.7,0.29809
10024.2,0.29657
10026.6,0.29722
10029.1,0.29647
10031.6,0.29536
10034.1,0.29378
10036.6,0.29307
10039.1,0.29128
10041.6,0.29086
10044.1,0.28949
10046.6,0.2881
10049.1,0.28762
10051.6,0.28632
10054.1,0.28537
10056.6,0.28573
10059.1,0.28753
10061.6,0.288
10064.1,0.28827
10066.6,0.29012
10069.1,0.29123
10071.6,0.29175
10074.1,0.2926
10076.5,0.29354
10079.0,0.29251
10081.5,0.29252
10084.0,0.29208
10086.5,0.29297
10089.0,0.29358
10091.5,0.2938
10094.0,0.29401
10096.5,0.29492
10099.0,0.29484
10101.5,0.29539
10104.0,0.2947
10106.5,0.29414
10109.0,0.29356
10111.5,0.29269
10114.0,0.29231
10116.5,0.29238
10119.0,0.29169
10121.5,0.29194
10124.0,0.29129
10126.5,0.29168
10128.9,0.29171
10131.4,0.29134
10133.9,0.29134
10136.4,0.29114
10138.9,0.29135
10141.4,0.28948
10143.9,0.28953
10146.4,0.28826
10148.9,0.28808
10151.4,0.2884
10153.9,0.28924
10156.4,0.28905
10158.9,0.28988
10161.4,0.29048
10163.9,0.29005
10166.4,0.29031
10168.9,0.28977
10171.4,0.28965
10173.9,0.28998
10176.4,0.28963
10178.9,0.28947
10181.3,0.28941
10183.8,0.28943
10186.3,0.28918
10188.8,0.28818
10191.3,0.28741
10193.8,0.2869
10196.3,0.28717
10198.8,0.28683
10201.3,0.28777
10203.8,0.28744
10206.3,0.28688
10208.8,0.2874
10211.3,0.28637
10213.8,0.28657
10216.3,0.28556
10218.8,0.28478
10221.3,0.28483
10223.8,0.28545
10226.3,0.28582
10228.8,0.28538
10231.2,0.28664
10233.7,0.28658
10236.2,0.28662
10238.7,0.28675
10241.2,0.28687
10243.7,0.28581
10246.2,0.28692
10248.7,0.28615
10251.2,0.28633
10253.7,0.28536
10256.2,0.28581
10258.7,0.285
10261.2,0.28423
10263.7,0.28485
10266.2,0.28503
10268.7,0.28422
10271.2,0.28411
10273.7,0.28467
10276.2,0.28448
10278.7,0.28362
10281.2,0.28337
10283.6,0.28448
10286.1,0.28379
10288.6,0.2836
10291.1,0.28315
10293.6,0.28353
10296.1,0.28317
10298.6,0.28316
10301.1,0.28347
10303.6,0.284
10306.1,0.2835
10308.6,0.28377
10311.1,0.28384
10313.6,0.28391
10316.1,0.2834
10318.6,0.28289
10321.1,0.2818
10323.6,0.28124
10326.1,0.27995
10328.6,0.27881
10331.1,0.27709
10333.5,0.27744
10336.0,0.27745
10338.5,0.27741
10341.0,0.27743
10343.5,0.27717
10346.0,0.27716
10348.5,0.2778
10351.0,0.27846
10353.5,0.27964
10356.0,0.28066
10358.5,0.28163
10361.0,0.28159
10363.5,0.28085
10366.0,0.28099
10368.5,0.27962
10371.0,0.27934
10373.5,0.27899
10376.0,0.27875
10378.5,0.27796
10381.0,0.27874
10383.5,0.27865
10385.9,0.27858
10388.4,0.27844
10390.9,0.27861
10393.4,0.27732
10395.9,0.27632
10398.4,0.27662
10400.9,0.27615
10403.4,0.27684
10405.9,0.27755
10408.4,0.27877
10410.9,0.27844
10413.4,0.27947
10415.9,0.27904
10418.4,0.27909
10420.9,0.27788
10423.4,0.27784
10425.9,0.27819
10428.4,0.2772
10430.9,0.2776
10433.4,0.27764
10435.9,0.27848
10438.3,0.27815
10440.8,0.27863
10443.3,0.27893
10445.8,0.27841
10448.3,0.27875
10450.8,0.27797
10453.3,0.27773
10455.8,0.27631
10458.3,0.27599
10460.8,0.27587
10463.3,0.27567
10465.8,0.27577
10468.3,0.27542
10470.8,0.27529
10473.3,0.27528
10475.8,0.27602
10478.3,0.2758
10480.8,0.27619
10483.3,0.27599
10485.8,0.27565
10488.2,0.27506
10490.7,0.27509
10493.2,0.27505
10495.7,0.27437
10498.2,0.27366
10500.7,0.27385
10503.2,0.27332
10505.7,0.27383
10508.2,0.27451
10510.7,0.27458
10513.2,0.27445
10515.7,0.27466
10518.2,0.2752
10520.7,0.27448
10523.2,0.27368
10525.7,0.27484
10528.2,0.2737
10530.7,0.27364
10533.2,0.27337
10535.7,0.27302
10538.2,0.27375
10540.6,0.274
10543.1,0.27406
10545.6,0.2739
10548.1,0.27396
10550.6,0.27396
10553.1,0.27397
10555.6,0.27378
10558.1,0.27361
10560.6,0.27358
10563.1,0.27381
10565.6,0.27364
10568.1,0.27295
10570.6,0.27294
10573.1,0.27226
10575.6,0.27161
10578.1,0.27033
10580.6,0.26921
10583.1,0.26753
10585.6,0.26644
10588.1,0.26596
10590.6,0.26691
10593.0,0.26813
10595.5,0.26854
10598.0,0.26967
10600.5,0.26916
10603.0,0.26923
10605.5,0.26809
10608.0,0.26713
10610.5,0.26753
10613.0,0.26839
10615.5,0.26878
10618.0,0.26889
10620.5,0.2698
10623.0,0.26901
10625.5,0.26913
10628.0,0.26965
10630.5,0.27009
10633.0,0.27073
10635.5,0.27087
10638.0,0.27007
10640.5,0.27013
10642.9,0.27109
10645.4,0.27045
10647.9,0.26961
10650.4,0.26934
10652.9,0.26868
10655.4,0.26716
10657.9,0.26645
10660.4,0.26512
10662.9,0.26397
10665.4,0.26435
10667.9,0.26438
10670.4,0.26526
10672.9,0.26556
10675.4,0.26594
10677.9,0.26567
10680.4,0.26527
10682.9,0.26499
10685.4,0.26407
10687.9,0.2627
10690.4,0.26149
10692.9,0.26195
10695.3,0.26146
10697.8,0.26297
10700.3,0.26417
10702.8,0.2648
10705.3,0.26515
10707.8,0.266
10710.3,0.26717
10712.8,0.26683
10715.3,0.26705
10717.8,0.26664
10720.3,0.26504
10722.8,0.26491
10725.3,0.26278
10727.8,0.26175
10730.3,0.26031
10732.8,0.2605
10735.3,0.26148
10737.8,0.26213
10740.3,0.26352
10742.8,0.2635
10745.3,0.26328
10747.7,0.2626
10750.2,0.26196
10752.7,0.26163
10755.2,0.26157
10757.7,0.26169
10760.2,0.26331
10762.7,0.26458
10765.2,0.26432
10767.7,0.26486
10770.2,0.26446
10772.7,0.26395
10775.2,0.26279
10777.7,0.26219
10780.2,0.26161
10782.7,0.25926
10785.2,0.25899
10787.7,0.25813
10790.2,0.25863
10792.7,0.25934
10795.2,0.26085
10797.6,0.26175
10800.1,0.26289
10802.6,0.26226
10805.1,0.26115
10807.6,0.26146
10810.1,0.25957
10812.6,0.25851
10815.1,0.25798
10817.6,0.25716
10820.1,0.25633
10822.6,0.25549
10825.1,0.25556
10827.6,0.25478
10830.1,0.2555
10832.6,0.25597
10835.1,0.25638
10837.6,0.25756
10840.1,0.25852
10842.6,0.25899
10845.1,0.25897
10847.6,0.25922
10850.0,0.25951
10852.5,0.2603
10855.0,0.26068
10857.5,0.25998
10860.0,0.25959
10862.5,0.25857
10865.0,0.25635
10867.5,0.25484
10870.0,0.25308
10872.5,0.25124
10875.0,0.25181
10877.5,0.2523
10880.0,0.25212
10882.5,0.2527
10885.0,0.25242
10887.5,0.25368
10890.0,0.2537
10892.5,0.25443
10895.0,0.25472
10897.5,0.25554
10900.0,0.25659
10902.4,0.25671
10904.9,0.25741
10907.4,0.25718
10909.9,0.25692
10912.4,0.25571
10914.9,0.25573
10917.4,0.25506
10919.9,0.25366
10922.4,0.25335
10924.9,0.25149
10927.4,0.25067
10929.9,0.24937
10932.4,0.24796
10934.9,0.24641
10937.4,0.2461
10939.9,0.24606
10942.4,0.24668
10944.9,0.24652
10947.4,0.24757
10949.9,0.24822
10952.3,0.24817
10954.8,0.24784
10957.3,0.24676
10959.8,0.24541
10962.3,0.24411
10964.8,0.24261
10967.3,0.24103
10969.8,0.24061
10972.3,0.2404
10974.8,0.24017
10977.3,0.24092
10979.8,0.24139
10982.3,0.24069
10984.8,0.24184
10987.3,0.24255
10989.8,0.24279
10992.3,0.24316
10994.8,0.24381
10997.3,0.2428
10999.8,0.24312
