wave,flux
3700.85,0.13532
3701.75,0.13374
3702.65,0.13
3703.55,0.1243
3704.45,0.11907
3705.35,0.11392
3706.25,0.11089
3707.15,0.11038
3708.05,0.11046
3708.96,0.11237
3709.86,0.11521
3710.76,0.11748
3711.66,0.12145
3712.56,0.12563
3713.46,0.12937
3714.36,0.13392
3715.26,0.13708
3716.16,0.13865
3717.06,0.13713
3717.96,0.13268
3718.86,0.12682
3719.76,0.11893
3720.66,0.11135
3721.56,0.10667
3722.46,0.10488
3723.36,0.1074
3724.26,0.11273
3725.16,0.11927
3726.06,0.12471
3726.96,0.12801
3727.86,0.12997
3728.76,0.13039
3729.66,0.12962
3730.56,0.12815
3731.46,0.12408
3732.36,0.11788
3733.26,0.10977
3734.16,0.10278
3735.06,0.097501
3735.96,0.095321
3736.86,0.097079
3737.76,0.10167
3738.66,0.10877
3739.56,0.11678
3740.46,0.12354
3741.36,0.12778
3742.26,0.12984
3743.16,0.12866
3744.06,0.12511
3744.96,0.12062
3745.86,0.11516
3746.76,0.10975
3747.67,0.10452
3748.57,0.099843
3749.47,0.097751
3750.37,0.098109
3751.27,0.103
3752.17,0.11035
3753.07,0.11903
3753.97,0.12849
3754.87,0.13515
3755.77,0.13894
3756.67,0.13869
3757.57,0.13602
3758.47,0.13179
3759.37,0.12885
3760.27,0.12784
3761.17,0.12831
3762.07,0.13023
3762.97,0.13281
3763.87,0.13466
3764.77,0.13589
3765.67,0.13535
3766.57,0.1345
3767.47,0.13236
3768.37,0.12946
3769.27,0.12726
3770.17,0.12593
3771.07,0.12669
3771.97,0.12846
3772.87,0.13174
3773.77,0.13613
3774.67,0.14066
3775.57,0.1441
3776.47,0.14794
3777.37,0.15008
3778.27,0.15359
3779.17,0.15642
3780.07,0.15938
3780.97,0.16217
3781.87,0.16453
3782.77,0.1656
3783.67,0.16511
3784.57,0.16366
3785.47,0.15979
3786.38,0.1558
3787.28,0.15179
3788.18,0.14866
3789.08,0.14563
3789.98,0.1441
3790.88,0.14338
3791.78,0.14261
3792.68,0.14029
3793.58,0.13784
3794.48,0.13437
3795.38,0.12924
3796.28,0.12382
3797.18,0.11962
3798.08,0.11635
3798.98,0.11652
3799.88,0.12021
3800.78,0.12616
3801.68,0.13466
3802.58,0.14299
3803.48,0.15053
3804.38,0.15528
3805.28,0.15816
3806.18,0.15914
3807.08,0.15972
3807.98,0.1598
3808.88,0.16151
3809.78,0.16165
3810.68,0.16241
3811.58,0.16214
3812.48,0.15806
3813.38,0.15413
3814.28,0.15027
3815.18,0.14632
3816.08,0.14411
3816.98,0.1429
3817.88,0.14324
3818.78,0.14273
3819.68,0.14199
3820.58,0.14015
3821.48,0.13897
3822.38,0.13806
3823.28,0.13603
3824.18,0.13428
3825.09,0.13099
3825.99,0.12825
3826.89,0.12511
3827.79,0.12289
3828.69,0.12151
3829.59,0.12044
3830.49,0.11812
3831.39,0.11537
3832.29,0.11032
3833.19,0.10622
3834.09,0.10182
3834.99,0.09881
3835.89,0.097525
3836.79,0.097304
3837.69,0.099368
3838.59,0.10248
3839.49,0.10671
3840.39,0.1121
3841.29,0.11891
3842.19,0.12592
3843.09,0.13338
3843.99,0.14076
3844.89,0.14661
3845.79,0.15094
3846.69,0.154
3847.59,0.15574
3848.49,0.15687
3849.39,0.15664
3850.29,0.1572
3851.19,0.15704
3852.09,0.15762
3852.99,0.15809
3853.89,0.15868
3854.79,0.15784
3855.69,0.15567
3856.59,0.15265
3857.49,0.14875
3858.39,0.14614
3859.29,0.14295
3860.19,0.14287
3861.09,0.14413
3861.99,0.14793
3862.9,0.15205
3863.8,0.1562
3864.7,0.15951
3865.6,0.16155
3866.5,0.16192
3867.4,0.16182
3868.3,0.16112
3869.2,0.16022
3870.1,0.15788
3871.0,0.15467
3871.9,0.15058
3872.8,0.14741
3873.7,0.1455
3874.6,0.14539
3875.5,0.14595
3876.4,0.1467
3877.3,0.14623
3878.2,0.14586
3879.1,0.14502
3880.0,0.14519
3880.9,0.14512
3881.8,0.14546
3882.7,0.14483
3883.6,0.14281
3884.5,0.13971
3885.4,0.13517
3886.3,0.12944
3887.2,0.12352
3888.1,0.11928
3889.0,0.11668
3889.9,0.11653
3890.8,0.11961
3891.7,0.12392
3892.6,0.12993
3893.5,0.13508
3894.4,0.13878
3895.3,0.14185
3896.2,0.14473
3897.1,0.14618
3898.0,0.14805
3898.9,0.1487
3899.8,0.14959
3900.7,0.15038
3901.6,0.15081
3902.51,0.15141
3903.41,0.15069
3904.31,0.14947
3905.21,0.14817
3906.11,0.14838
3907.01,0.14934
3907.91,0.15199
3908.81,0.15535
3909.71,0.15898
3910.61,0.16243
3911.51,0.16497
3912.41,0.16632
3913.31,0.16608
3914.21,0.16557
3915.11,0.16384
3916.01,0.16143
3916.91,0.15902
3917.81,0.15711
3918.71,0.15392
3919.61,0.15158
3920.51,0.14856
3921.41,0.14611
3922.31,0.14444
3923.21,0.14372
3924.11,0.14199
3925.01,0.13911
3925.91,0.13452
3926.81,0.1287
3927.71,0.12004
3928.61,0.10928
3929.51,0.098031
3930.41,0.085925
3931.31,0.074145
3932.21,0.063294
3933.11,0.054961
3934.01,0.05026
3934.91,0.04972
3935.81,0.053557
3936.71,0.061374
3937.61,0.071903
3938.51,0.084199
3939.42,0.096229
3940.32,0.10757
3941.22,0.11696
3942.12,0.12392
3943.02,0.12942
3943.92,0.13384
3944.82,0.13808
3945.72,0.14168
3946.62,0.14581
3947.52,0.14964
3948.42,0.15234
3949.32,0.15411
3950.22,0.15679
3951.12,0.15846
3952.02,0.15951
3952.92,0.16041
3953.82,0.16157
3954.72,0.16142
3955.62,0.16066
3956.52,0.16027
3957.42,0.15922
3958.32,0.15704
3959.22,0.15511
3960.12,0.15083
3961.02,0.14635
3961.92,0.13936
3962.82,0.13143
3963.72,0.12079
3964.62,0.11035
3965.52,0.098393
3966.42,0.086665
3967.32,0.07469
3968.22,0.065718
3969.12,0.06025
3970.02,0.059385
3970.92,0.063158
3971.82,0.071059
3972.72,0.082077
3973.62,0.094765
3974.52,0.10749
3975.42,0.11952
3976.32,0.13081
3977.22,0.14022
3978.13,0.1485
3979.03,0.15483
3979.93,0.16
3980.83,0.16466
3981.73,0.16686
3982.63,0.16813
3983.53,0.16902
3984.43,0.1706
3985.33,0.17167
3986.23,0.17373
3987.13,0.17518
3988.03,0.17733
3988.93,0.17872
3989.83,0.18011
3990.73,0.18169
3991.63,0.18243
3992.53,0.18413
3993.43,0.18397
3994.33,0.18302
3995.23,0.18166
3996.13,0.18008
3997.03,0.17837
3997.93,0.17685
3998.83,0.17825
3999.73,0.17885
4000.63,0.18166
4001.53,0.18358
4002.43,0.18492
4003.33,0.18557
4004.23,0.18408
4005.13,0.1827
4006.03,0.18109
4006.93,0.18074
4007.83,0.18057
4008.73,0.1824
4009.63,0.1853
4010.53,0.18717
4011.43,0.18889
4012.33,0.18881
4013.23,0.1898
4014.13,0.19022
4015.03,0.19048
4015.93,0.19116
4016.84,0.19009
4017.74,0.19099
4018.64,0.19129
4019.54,0.19231
4020.44,0.19243
4021.34,0.19164
4022.24,0.19278
4023.14,0.19221
4024.04,0.19147
4024.94,0.19288
4025.84,0.19279
4026.74,0.19396
4027.64,0.19389
4028.54,0.19304
4029.44,0.19124
4030.34,0.18784
4031.24,0.18486
4032.14,0.18187
4033.04,0.18011
4033.94,0.17986
4034.84,0.1815
4035.74,0.18476
4036.64,0.18874
4037.54,0.19373
4038.44,0.19742
4039.34,0.19821
4040.24,0.19933
4041.14,0.19841
4042.04,0.19566
4042.94,0.19262
4043.84,0.18866
4044.74,0.18452
4045.64,0.18115
4046.54,0.17873
4047.44,0.17984
4048.34,0.18248
4049.24,0.1866
4050.14,0.19087
4051.04,0.19297
4051.94,0.19455
4052.84,0.19478
4053.74,0.19477
4054.65,0.19344
4055.55,0.19286
4056.45,0.19157
4057.35,0.19066
4058.25,0.19054
4059.15,0.19023
4060.05,0.19105
4060.95,0.19052
4061.85,0.18954
4062.75,0.18743
4063.65,0.1846
4064.55,0.18252
4065.45,0.181
4066.35,0.18255
4067.25,0.1833
4068.15,0.18554
4069.05,0.18804
4069.95,0.18951
4070.85,0.19006
4071.75,0.18983
4072.65,0.18922
4073.55,0.1875
4074.45,0.18664
4075.35,0.18511
4076.25,0.18221
4077.15,0.17932
4078.05,0.17795
4078.95,0.17837
4079.85,0.17998
4080.75,0.18325
4081.65,0.1865
4082.55,0.1888
4083.45,0.19164
4084.35,0.19298
4085.25,0.19399
4086.15,0.19563
4087.05,0.197
4087.95,0.19956
4088.85,0.20278
4089.75,0.20424
4090.65,0.2057
4091.55,0.20496
4092.45,0.20361
4093.36,0.20113
4094.26,0.19896
4095.16,0.19658
4096.06,0.19238
4096.96,0.18769
4097.86,0.18289
4098.76,0.1777
4099.66,0.16998
4100.56,0.16253
4101.46,0.15683
4102.36,0.15402
4103.26,0.15365
4104.16,0.15683
4105.06,0.16296
4105.96,0.16993
4106.86,0.17629
4107.76,0.18161
4108.66,0.1849
4109.56,0.18792
4110.46,0.18932
4111.36,0.1912
4112.26,0.19268
4113.16,0.19442
4114.06,0.19697
4114.96,0.19831
4115.86,0.19924
4116.76,0.20049
4117.66,0.19943
4118.56,0.19882
4119.46,0.197
4120.36,0.19565
4121.26,0.1943
4122.16,0.19485
4123.06,0.19585
4123.96,0.19598
4124.86,0.19705
4125.76,0.19746
4126.66,0.19819
4127.56,0.19809
4128.46,0.19624
4129.36,0.19555
4130.26,0.19387
4131.17,0.19149
4132.06,0.19035
4132.97,0.18856
4133.87,0.18882
4134.77,0.18891
4135.67,0.19159
4136.57,0.19405
4137.47,0.19686
4138.37,0.20016
4139.27,0.20215
4140.17,0.20113
4141.07,0.20001
4141.97,0.19751
4142.87,0.19362
4143.77,0.19208
4144.67,0.18957
4145.57,0.19022
4146.47,0.19265
4147.37,0.19408
4148.27,0.19588
4149.17,0.19723
4150.07,0.19769
4150.97,0.19676
4151.87,0.19661
4152.77,0.19615
4153.67,0.19525
4154.57,0.19507
4155.47,0.19342
4156.37,0.19488
4157.27,0.19506
4158.17,0.19661
4159.07,0.19781
4159.97,0.19988
4160.87,0.20126
4161.77,0.20307
4162.67,0.20379
4163.57,0.20398
4164.47,0.20398
4165.37,0.20389
4166.27,0.20335
4167.17,0.20246
4168.07,0.20121
4168.98,0.19885
4169.88,0.1975
4170.78,0.19529
4171.68,0.19262
4172.58,0.18969
4173.48,0.18655
4174.38,0.1845
4175.28,0.18496
4176.18,0.18575
4177.08,0.18832
4177.98,0.18961
4178.88,0.19124
4179.78,0.19313
4180.68,0.19484
4181.58,0.19587
4182.48,0.19584
4183.38,0.19636
4184.28,0.19549
4185.18,0.19538
4186.08,0.19533
4186.98,0.19493
4187.88,0.19379
4188.78,0.19278
4189.68,0.19382
4190.58,0.19431
4191.48,0.19575
4192.38,0.19721
4193.28,0.19866
4194.18,0.19951
4195.08,0.19821
4195.98,0.19725
4196.88,0.19444
4197.78,0.19199
4198.68,0.18978
4199.58,0.18725
4200.48,0.18587
4201.38,0.18491
4202.28,0.18531
4203.18,0.18669
4204.08,0.18745
4204.98,0.18943
4205.88,0.19166
4206.79,0.1934
4207.69,0.19467
4208.59,0.19678
4209.49,0.19805
4210.39,0.19952
4211.29,0.19996
4212.19,0.19874
4213.09,0.19838
4213.99,0.19688
4214.89,0.19508
4215.79,0.19375
4216.69,0.19255
4217.59,0.19288
4218.49,0.19331
4219.39,0.19494
4220.29,0.19663
4221.19,0.19728
4222.09,0.19572
4222.99,0.19244
4223.89,0.18835
4224.79,0.18325
4225.69,0.17614
4226.59,0.17234
4227.49,0.17032
4228.39,0.1715
4229.29,0.17556
4230.19,0.181
4231.09,0.18602
4231.99,0.18931
4232.89,0.19136
4233.79,0.1926
4234.69,0.19218
4235.59,0.18996
4236.49,0.19038
4237.39,0.1892
4238.29,0.18839
4239.19,0.19036
4240.09,0.19148
4240.99,0.19364
4241.89,0.1954
4242.79,0.19702
4243.69,0.1985
4244.59,0.19858
4245.5,0.19723
4246.4,0.19617
4247.3,0.19394
4248.2,0.19163
4249.1,0.19033
4250.0,0.18895
4250.9,0.18844
4251.8,0.18862
4252.7,0.18894
4253.6,0.19082
4254.5,0.19219
4255.4,0.19248
4256.3,0.19287
4257.2,0.19293
4258.1,0.19316
4259.0,0.19258
4259.9,0.19155
4260.8,0.19121
4261.7,0.19126
4262.6,0.19293
4263.5,0.19476
4264.4,0.19701
4265.3,0.19976
4266.2,0.20071
4267.1,0.20149
4268.0,0.1993
4268.9,0.19612
4269.8,0.1931
4270.7,0.18817
4271.6,0.18482
4272.5,0.18143
4273.4,0.1795
4274.3,0.17991
4275.2,0.18147
4276.1,0.18457
4277.0,0.18699
4277.9,0.18986
4278.8,0.19269
4279.7,0.19364
4280.6,0.19349
4281.5,0.19355
4282.4,0.1924
4283.31,0.19124
4284.21,0.19027
4285.11,0.18816
4286.01,0.18616
4286.91,0.18452
4287.81,0.18194
4288.71,0.17929
4289.61,0.1761
4290.51,0.17486
4291.41,0.17523
4292.31,0.17525
4293.21,0.1773
4294.11,0.1789
4295.01,0.17864
4295.91,0.17833
4296.81,0.17612
4297.71,0.17222
4298.61,0.16781
4299.51,0.16322
4300.41,0.15889
4301.31,0.15546
4302.21,0.1539
4303.11,0.15321
4304.01,0.15393
4304.91,0.1534
4305.81,0.15348
4306.71,0.15305
4307.61,0.15196
4308.51,0.1526
4309.41,0.1519
4310.31,0.15257
4311.21,0.15467
4312.11,0.15949
4313.01,0.16409
4313.91,0.1702
4314.81,0.17704
4315.71,0.18582
4316.61,0.19321
4317.51,0.19974
4318.41,0.20571
4319.31,0.20901
4320.21,0.20901
4321.12,0.20786
4322.02,0.20394
4322.92,0.19952
4323.82,0.19382
4324.72,0.19012
4325.62,0.18549
4326.52,0.18433
4327.42,0.18634
4328.32,0.19068
4329.22,0.19544
4330.12,0.19989
4331.02,0.20355
4331.92,0.20559
4332.82,0.20778
4333.72,0.20756
4334.62,0.20553
4335.52,0.20174
4336.42,0.1959
4337.32,0.18927
4338.22,0.1811
4339.12,0.17345
4340.02,0.16644
4340.92,0.16327
4341.82,0.16236
4342.72,0.16456
4343.62,0.1706
4344.52,0.17773
4345.42,0.18517
4346.32,0.19164
4347.22,0.19697
4348.12,0.19988
4349.02,0.2012
4349.92,0.20117
4350.82,0.20006
4351.72,0.19947
4352.62,0.19705
4353.52,0.19614
4354.42,0.19696
4355.32,0.1991
4356.22,0.2012
4357.12,0.20257
4358.02,0.20491
4358.92,0.20622
4359.83,0.20686
4360.73,0.20758
4361.63,0.20944
4362.53,0.21174
4363.43,0.21244
4364.33,0.21446
4365.23,0.21416
4366.13,0.21313
4367.03,0.21363
4367.93,0.21098
4368.83,0.20958
4369.73,0.20872
4370.63,0.20716
4371.53,0.20592
4372.43,0.2046
4373.33,0.20272
4374.23,0.20177
4375.13,0.19976
4376.03,0.20015
4376.93,0.20096
4377.83,0.20167
4378.73,0.20256
4379.63,0.20435
4380.53,0.20367
4381.43,0.20099
4382.33,0.19846
4383.23,0.19368
4384.13,0.18954
4385.03,0.18772
4385.93,0.18697
4386.83,0.18857
4387.73,0.19137
4388.63,0.19516
4389.53,0.19746
4390.43,0.20037
4391.33,0.20152
4392.23,0.20369
4393.13,0.20389
4394.03,0.20395
4394.93,0.20417
4395.83,0.2048
4396.73,0.2064
4397.64,0.20608
4398.54,0.20724
4399.44,0.20758
4400.34,0.2062
4401.24,0.20542
4402.14,0.20409
4403.04,0.20271
4403.94,0.20092
4404.84,0.20091
4405.74,0.20039
4406.64,0.20024
4407.54,0.20071
4408.44,0.2013
4409.34,0.20465
4410.24,0.20692
4411.14,0.20941
4412.04,0.21119
4412.94,0.21301
4413.84,0.21291
4414.74,0.21184
4415.64,0.21054
4416.54,0.20942
4417.44,0.21007
4418.34,0.20969
4419.24,0.2111
4420.14,0.2134
4421.04,0.21526
4421.94,0.21628
4422.84,0.21558
4423.74,0.2145
4424.64,0.21481
4425.54,0.21484
4426.44,0.215
4427.34,0.21412
4428.24,0.2131
4429.14,0.21267
4430.04,0.21353
4430.94,0.21368
4431.84,0.2135
4432.74,0.21224
4433.64,0.21105
4434.54,0.21017
4435.45,0.20987
4436.35,0.21061
4437.25,0.21224
4438.15,0.21392
4439.05,0.2151
4439.95,0.21694
4440.85,0.21646
4441.75,0.21562
4442.65,0.21438
4443.55,0.21228
4444.45,0.2122
4445.35,0.21271
4446.25,0.21352
4447.15,0.21516
4448.05,0.21562
4448.95,0.2168
4449.85,0.21777
4450.75,0.21698
4451.65,0.21627
4452.55,0.21412
4453.45,0.21284
4454.35,0.21039
4455.25,0.20834
4456.15,0.2068
4457.05,0.20486
4457.95,0.2046
4458.85,0.20436
4459.75,0.20456
4460.65,0.20544
4461.55,0.20616
4462.45,0.20837
4463.35,0.20882
4464.25,0.21065
4465.15,0.21238
4466.05,0.21242
4466.95,0.21351
4467.85,0.2135
4468.75,0.21438
4469.65,0.21479
4470.55,0.2148
4471.45,0.21628
4472.35,0.21837
4473.25,0.22118
4474.16,0.224
4475.06,0.22567
4475.96,0.22561
4476.86,0.2274
4477.76,0.22729
4478.66,0.22706
4479.56,0.22501
4480.46,0.2242
4481.36,0.22205
4482.26,0.22077
4483.16,0.22009
4484.06,0.22031
4484.96,0.22264
4485.86,0.22244
4486.76,0.22386
4487.66,0.22421
4488.56,0.22331
4489.46,0.22245
4490.36,0.22228
4491.26,0.22114
4492.16,0.22209
4493.06,0.22149
4493.96,0.22203
4494.86,0.2221
4495.76,0.22131
4496.66,0.22271
4497.56,0.22317
4498.46,0.22463
4499.36,0.22578
4500.26,0.22706
4501.16,0.22792
4502.06,0.22895
4502.96,0.23046
4503.86,0.23266
4504.76,0.23401
4505.66,0.23513
4506.56,0.23573
4507.46,0.23652
4508.36,0.23611
4509.26,0.23529
4510.17,0.23583
4511.06,0.2346
4511.97,0.23442
4512.87,0.23309
4513.77,0.23197
4514.67,0.23145
4515.57,0.22959
4516.47,0.2292
4517.37,0.22811
4518.27,0.22831
4519.17,0.2276
4520.07,0.22673
4520.97,0.22647
4521.87,0.22623
4522.77,0.22504
4523.67,0.22377
4524.57,0.22295
4525.47,0.22006
4526.37,0.21778
4527.27,0.2157
4528.17,0.21375
4529.07,0.21135
4529.97,0.21167
4530.87,0.21051
4531.77,0.2105
4532.67,0.21077
4533.57,0.21045
4534.47,0.21046
4535.37,0.21064
4536.27,0.21253
4537.17,0.21548
4538.07,0.2185
4538.97,0.22227
4539.87,0.22372
4540.77,0.22642
4541.67,0.2263
4542.57,0.22644
4543.47,0.2261
4544.37,0.22481
4545.27,0.22438
4546.17,0.22315
4547.07,0.22196
4547.97,0.22063
4548.88,0.22002
4549.77,0.2183
4550.68,0.21815
4551.58,0.21716
4552.48,0.21697
4553.38,0.21664
4554.28,0.21641
4555.18,0.2165
4556.08,0.21834
4556.98,0.22045
4557.88,0.22265
4558.78,0.22458
4559.68,0.22816
4560.58,0.23031
4561.48,0.2309
4562.38,0.23063
4563.28,0.23038
4564.18,0.22967
4565.08,0.22934
4565.98,0.22924
4566.88,0.22836
4567.78,0.22975
4568.68,0.23041
4569.58,0.22946
4570.48,0.22971
4571.38,0.2298
4572.28,0.2299
4573.18,0.22842
4574.08,0.22954
4574.98,0.22963
4575.88,0.23055
4576.78,0.23074
4577.68,0.22961
4578.58,0.23009
4579.48,0.22825
4580.38,0.22699
4581.28,0.2253
4582.18,0.22423
4583.08,0.22283
4583.98,0.22332
4584.88,0.22398
4585.78,0.22438
4586.69,0.22574
4587.58,0.22593
4588.49,0.22713
4589.39,0.2293
4590.29,0.22957
4591.19,0.22922
4592.09,0.22909
4592.99,0.2289
4593.89,0.22872
4594.79,0.2276
4595.69,0.22879
4596.59,0.23004
4597.49,0.2292
4598.39,0.22937
4599.29,0.22945
4600.19,0.22835
4601.09,0.22852
4601.99,0.22793
4602.89,0.22707
4603.79,0.22801
4604.69,0.22946
4605.59,0.2297
4606.49,0.23162
4607.39,0.23212
4608.29,0.23336
4609.19,0.23494
4610.09,0.23458
4610.99,0.23603
4611.89,0.23608
4612.79,0.23546
4613.69,0.23448
4614.59,0.23452
4615.49,0.23496
4616.39,0.23431
4617.29,0.23239
4618.19,0.23299
4619.09,0.23347
4619.99,0.2335
4620.89,0.23419
4621.79,0.23527
4622.69,0.23505
4623.59,0.23548
4624.5,0.23596
4625.4,0.23721
4626.3,0.23594
4627.2,0.23613
4628.1,0.23548
4629.0,0.23552
4629.9,0.23524
4630.8,0.23553
4631.7,0.2349
4632.6,0.23455
4633.5,0.23445
4634.4,0.23541
4635.3,0.23437
4636.2,0.23354
4637.1,0.23245
4638.0,0.23256
4638.9,0.23175
4639.8,0.23255
4640.7,0.23436
4641.6,0.23505
4642.5,0.23471
4643.4,0.23462
4644.3,0.23438
4645.2,0.23403
4646.1,0.23394
4647.0,0.23183
4647.9,0.23151
4648.8,0.23051
4649.7,0.23074
4650.6,0.23048
4651.5,0.23026
4652.4,0.22999
4653.3,0.23146
4654.2,0.22953
4655.1,0.23019
4656.0,0.23051
4656.9,0.2301
4657.8,0.23168
4658.7,0.23396
4659.6,0.23451
4660.5,0.2365
4661.4,0.23858
4662.3,0.23781
4663.21,0.23688
4664.11,0.23527
4665.01,0.23251
4665.91,0.2309
4666.81,0.23004
4667.71,0.22756
4668.61,0.22605
4669.51,0.22587
4670.41,0.22601
4671.31,0.22729
4672.21,0.22909
4673.11,0.23074
4674.01,0.23271
4674.91,0.23442
4675.81,0.23548
4676.71,0.23545
4677.61,0.23471
4678.51,0.23465
4679.41,0.23406
4680.31,0.2336
4681.21,0.23254
4682.11,0.23174
4683.01,0.23262
4683.91,0.2315
4684.81,0.23277
4685.71,0.23385
4686.61,0.23382
4687.51,0.23537
4688.41,0.23606
4689.31,0.23612
4690.21,0.23532
4691.11,0.23585
4692.01,0.23603
4692.91,0.23565
4693.81,0.23688
4694.71,0.23955
4695.61,0.23883
4696.51,0.23866
4697.41,0.2386
4698.31,0.23752
4699.21,0.23557
4700.12,0.23398
4701.02,0.23234
4701.92,0.23219
4702.82,0.2308
4703.72,0.22977
4704.62,0.22978
4705.52,0.2294
4706.42,0.2289
4707.32,0.22873
4708.22,0.22872
4709.12,0.22894
4710.02,0.22938
4710.92,0.22986
4711.82,0.23103
4712.72,0.23227
4713.62,0.23408
4714.52,0.23429
4715.42,0.23445
4716.32,0.23516
4717.22,0.23543
4718.12,0.237
4719.02,0.23827
4719.92,0.2389
4720.82,0.23866
4721.72,0.24
4722.62,0.23956
4723.52,0.23908
4724.42,0.23984
4725.32,0.23938
4726.22,0.23817
4727.12,0.23752
4728.02,0.23538
4728.92,0.23406
4729.82,0.2331
4730.72,0.23366
4731.62,0.2338
4732.52,0.23234
4733.42,0.23292
4734.32,0.23368
4735.22,0.23324
4736.12,0.23402
4737.02,0.23419
4737.92,0.23434
4738.83,0.23518
4739.73,0.23507
4740.63,0.2353
4741.53,0.23561
4742.43,0.23652
4743.33,0.23669
4744.23,0.23668
4745.13,0.23815
4746.03,0.23921
4746.93,0.23785
4747.83,0.23937
4748.73,0.23867
4749.63,0.24076
4750.53,0.23946
4751.43,0.23929
4752.33,0.23847
4753.23,0.2381
4754.13,0.23682
4755.03,0.23667
4755.93,0.2353
4756.83,0.23493
4757.73,0.23454
4758.63,0.23473
4759.53,0.23361
4760.43,0.23309
4761.33,0.233
4762.23,0.2327
4763.13,0.23218
4764.03,0.23131
4764.93,0.22976
4765.83,0.22996
4766.73,0.2298
4767.63,0.23094
4768.53,0.23205
4769.43,0.23319
4770.33,0.23386
4771.23,0.23471
4772.13,0.23456
4773.03,0.23553
4773.93,0.23642
4774.83,0.23678
4775.73,0.2383
4776.64,0.23664
4777.54,0.23781
4778.44,0.23848
4779.34,0.238
4780.24,0.23699
4781.14,0.23639
4782.04,0.2359
4782.94,0.23529
4783.84,0.23453
4784.74,0.23256
4785.64,0.23352
4786.54,0.23259
4787.44,0.23241
4788.34,0.23055
4789.24,0.23159
4790.14,0.23304
4791.04,0.23341
4791.94,0.23355
4792.84,0.23523
4793.74,0.236
4794.64,0.23877
4795.54,0.23945
4796.44,0.23999
4797.34,0.23874
4798.24,0.23836
4799.14,0.23756
4800.04,0.23795
4800.94,0.23705
4801.84,0.23807
4802.74,0.23792
4803.64,0.23877
4804.54,0.23794
4805.44,0.23752
4806.34,0.23816
4807.24,0.238
4808.14,0.23799
4809.04,0.2386
4809.94,0.2389
4810.84,0.23958
4811.74,0.23848
4812.64,0.23915
4813.54,0.24051
4814.45,0.24083
4815.35,0.24179
4816.25,0.24224
4817.15,0.24106
4818.05,0.24206
4818.95,0.24304
4819.85,0.24187
4820.75,0.24112
4821.65,0.24023
4822.55,0.23955
4823.45,0.23798
4824.35,0.23785
4825.25,0.23654
4826.15,0.23748
4827.05,0.23663
4827.95,0.23774
4828.85,0.23735
4829.75,0.23724
4830.65,0.23724
4831.55,0.23717
4832.45,0.23675
4833.35,0.23663
4834.25,0.23793
4835.15,0.23761
4836.05,0.23847
4836.95,0.238
4837.85,0.23752
4838.75,0.2374
4839.65,0.23627
4840.55,0.23515
4841.45,0.23399
4842.35,0.236
4843.25,0.23538
4844.15,0.23544
4845.05,0.23563
4845.95,0.23601
4846.85,0.23653
4847.75,0.23586
4848.65,0.2358
4849.55,0.23604
4850.45,0.23545
4851.35,0.23466
4852.26,0.23456
4853.16,0.23223
4854.06,0.232
4854.96,0.22931
4855.86,0.22626
4856.76,0.22248
4857.66,0.21753
4858.56,0.21089
4859.46,0.20574
4860.36,0.20042
4861.26,0.19609
4862.16,0.19276
4863.06,0.1927
4863.96,0.19454
4864.86,0.19965
4865.76,0.20446
4866.66,0.20966
4867.56,0.2154
4868.46,0.21936
4869.36,0.22217
4870.26,0.22276
4871.16,0.22397
4872.06,0.224
4872.96,0.22466
4873.86,0.22616
4874.76,0.22678
4875.66,0.22793
4876.56,0.22902
4877.46,0.23092
4878.36,0.23217
4879.26,0.2332
4880.16,0.23323
4881.06,0.23389
4881.96,0.23439
4882.86,0.23346
4883.76,0.23477
4884.66,0.2331
4885.56,0.23312
4886.46,0.23198
4887.36,0.23111
4888.26,0.2297
4889.17,0.22867
4890.07,0.22874
4890.97,0.22833
4891.87,0.23071
4892.77,0.23065
4893.67,0.23342
4894.57,0.23626
4895.47,0.23903
4896.37,0.24112
4897.27,0.24423
4898.17,0.24382
4899.07,0.2448
4899.97,0.2439
4900.87,0.24307
4901.77,0.2417
4902.67,0.24084
4903.57,0.24072
4904.47,0.23917
4905.37,0.24006
4906.27,0.24053
4907.17,0.23996
4908.07,0.23973
4908.97,0.23982
4909.87,0.23804
4910.77,0.23772
4911.67,0.23749
4912.57,0.23681
4913.47,0.23757
4914.37,0.23705
4915.27,0.23844
4916.17,0.23763
4917.07,0.23566
4917.97,0.23471
4918.87,0.23211
4919.77,0.22954
4920.67,0.22667
4921.57,0.22641
4922.47,0.22502
4923.37,0.22625
4924.27,0.22722
4925.17,0.22959
4926.07,0.23227
4926.98,0.23398
4927.88,0.23723
4928.78,0.23755
4929.68,0.23973
4930.58,0.24006
4931.48,0.23941
4932.38,0.23878
4933.28,0.23719
4934.18,0.23506
4935.08,0.23331
4935.98,0.23197
4936.88,0.23135
4937.78,0.23035
4938.68,0.23164
4939.58,0.23081
4940.48,0.23215
4941.38,0.23326
4942.28,0.23592
4943.18,0.23649
4944.08,0.23872
4944.98,0.23997
4945.88,0.24031
4946.78,0.24174
4947.68,0.24217
4948.58,0.24275
4949.48,0.24255
4950.38,0.24294
4951.28,0.24316
4952.18,0.24245
4953.08,0.24205
4953.98,0.24161
4954.88,0.23958
4955.78,0.23721
4956.68,0.2349
4957.58,0.23318
4958.48,0.23211
4959.38,0.2323
4960.28,0.23332
4961.18,0.23445
4962.08,0.23659
4962.98,0.23745
4963.88,0.2393
4964.79,0.23744
4965.69,0.23876
4966.59,0.23741
4967.49,0.2367
4968.39,0.23599
4969.29,0.23568
4970.19,0.23575
4971.09,0.23622
4971.99,0.23741
4972.89,0.2386
4973.79,0.23936
4974.69,0.23952
4975.59,0.24059
4976.49,0.23937
4977.39,0.23817
4978.29,0.23761
4979.19,0.23466
4980.09,0.23348
4980.99,0.23073
4981.89,0.22806
4982.79,0.22516
4983.69,0.22445
4984.59,0.22425
4985.49,0.22341
4986.39,0.22603
4987.29,0.22782
4988.19,0.22924
4989.09,0.23035
4989.99,0.23114
4990.89,0.23217
4991.79,0.23291
4992.69,0.23181
4993.59,0.2331
4994.49,0.2333
4995.39,0.23277
4996.29,0.23356
4997.19,0.23296
4998.09,0.23187
4998.99,0.23168
4999.89,0.23128
5000.79,0.22974
5001.7,0.23007
5002.6,0.22799
5003.5,0.22811
5004.4,0.22699
5005.3,0.22657
5006.2,0.22674
5007.1,0.22567
5008.0,0.22553
5008.9,0.22682
5009.8,0.22616
5010.7,0.22547
5011.6,0.22488
5012.5,0.22448
5013.4,0.22283
5014.3,0.22237
5015.2,0.22088
5016.1,0.22092
5017.0,0.22204
5017.9,0.22221
5018.8,0.2228
5019.7,0.22456
5020.6,0.22512
5021.5,0.22641
5022.4,0.22621
5023.3,0.22655
5024.2,0.22807
5025.1,0.22868
5026.0,0.22892
5026.9,0.2294
5027.8,0.23065
5028.7,0.23061
5029.6,0.23223
5030.5,0.23288
5031.4,0.23518
5032.3,0.23486
5033.2,0.23462
5034.1,0.23397
5035.0,0.23355
5035.9,0.23111
5036.8,0.22843
5037.7,0.2266
5038.6,0.22375
5039.5,0.22217
5040.41,0.22046
5041.31,0.22023
5042.21,0.21997
5043.11,0.22094
5044.01,0.22293
5044.91,0.22559
5045.81,0.22813
5046.71,0.23037
5047.61,0.23102
5048.51,0.23161
5049.41,0.23148
5050.31,0.23154
5051.21,0.23062
5052.11,0.23201
5053.01,0.23126
5053.91,0.23247
5054.81,0.234
5055.71,0.23501
5056.61,0.23689
5057.51,0.23792
5058.41,0.23794
5059.31,0.23922
5060.21,0.23842
5061.11,0.23868
5062.01,0.237
5062.91,0.23613
5063.81,0.23493
5064.71,0.23368
5065.61,0.23166
5066.51,0.23032
5067.41,0.2293
5068.31,0.22962
5069.21,0.229
5070.11,0.23081
5071.01,0.23048
5071.91,0.23103
5072.81,0.23046
5073.71,0.23058
5074.61,0.23107
5075.51,0.22996
5076.42,0.22993
5077.31,0.22758
5078.21,0.2273
5079.12,0.22627
5080.02,0.22466
5080.92,0.22334
5081.82,0.22305
5082.72,0.22382
5083.62,0.2241
5084.52,0.22525
5085.42,0.22659
5086.32,0.22822
5087.22,0.22965
5088.12,0.23006
5089.02,0.23154
5089.92,0.23284
5090.82,0.23443
5091.72,0.23399
5092.62,0.23351
5093.52,0.23353
5094.42,0.23328
5095.32,0.23298
5096.22,0.23145
5097.12,0.23066
5098.02,0.23006
5098.92,0.22865
5099.82,0.22758
5100.72,0.22814
5101.62,0.22796
5102.52,0.22734
5103.42,0.22859
5104.32,0.22909
5105.22,0.22852
5106.12,0.22815
5107.02,0.22637
5107.92,0.22657
5108.82,0.22627
5109.72,0.22527
5110.62,0.22515
5111.52,0.22691
5112.42,0.22729
5113.32,0.22859
5114.22,0.23037
5115.12,0.23241
5116.03,0.23345
5116.93,0.23409
5117.83,0.23462
5118.73,0.23483
5119.63,0.2341
5120.53,0.23357
5121.43,0.23086
5122.33,0.23004
5123.23,0.2284
5124.13,0.22629
5125.03,0.22518
5125.93,0.22408
5126.83,0.22301
5127.73,0.22299
5128.63,0.22291
5129.53,0.22277
5130.43,0.22372
5131.33,0.22463
5132.23,0.22562
5133.13,0.2266
5134.03,0.22659
5134.93,0.22834
5135.83,0.22785
5136.73,0.22683
5137.63,0.22631
5138.53,0.22505
5139.43,0.2237
5140.33,0.22295
5141.23,0.22192
5142.13,0.22159
5143.03,0.22188
5143.93,0.22174
5144.83,0.2216
5145.73,0.22232
5146.63,0.2235
5147.53,0.22332
5148.43,0.22364
5149.33,0.22301
5150.23,0.22297
5151.13,0.22302
5152.03,0.22264
5152.94,0.22307
5153.84,0.22345
5154.74,0.22432
5155.64,0.2258
5156.54,0.2271
5157.44,0.22845
5158.34,0.23074
5159.24,0.23142
5160.14,0.23166
5161.04,0.23168
5161.94,0.22994
5162.84,0.22962
5163.74,0.22683
5164.64,0.22314
5165.54,0.21781
5166.44,0.21341
5167.34,0.20815
5168.24,0.20435
5169.14,0.20029
5170.04,0.19857
5170.94,0.19704
5171.84,0.19651
5172.74,0.19814
5173.64,0.19928
5174.54,0.20203
5175.44,0.20587
5176.34,0.21039
5177.24,0.21327
5178.14,0.21728
5179.04,0.21874
5179.94,0.21887
5180.84,0.2174
5181.74,0.21532
5182.64,0.21207
5183.54,0.20944
5184.44,0.20765
5185.34,0.20797
5186.24,0.20872
5187.14,0.21166
5188.04,0.21376
5188.94,0.21695
5189.84,0.21959
5190.75,0.22101
5191.65,0.2209
5192.55,0.22204
5193.45,0.22081
5194.35,0.22112
5195.25,0.22183
5196.15,0.22152
5197.05,0.22415
5197.95,0.22539
5198.85,0.2257
5199.75,0.22672
5200.65,0.22824
5201.55,0.22734
5202.45,0.22622
5203.35,0.22524
5204.25,0.22304
5205.15,0.22094
5206.05,0.21971
5206.95,0.21749
5207.85,0.21552
5208.75,0.2148
5209.65,0.21575
5210.55,0.21855
5211.45,0.22
5212.35,0.22352
5213.25,0.22528
5214.15,0.22746
5215.05,0.22975
5215.95,0.23091
5216.85,0.23145
5217.75,0.23316
5218.65,0.23393
5219.55,0.23456
5220.45,0.23498
5221.35,0.23539
5222.25,0.23507
5223.15,0.23389
5224.05,0.23256
5224.95,0.23041
5225.85,0.22806
5226.75,0.22517
5227.66,0.22495
5228.56,0.22406
5229.46,0.22422
5230.36,0.22584
5231.26,0.22816
5232.16,0.22898
5233.06,0.23103
5233.96,0.23194
5234.86,0.23208
5235.76,0.23338
5236.66,0.2361
5237.56,0.23639
5238.46,0.23789
5239.36,0.23895
5240.26,0.23974
5241.16,0.24043
5242.06,0.24048
5242.96,0.24138
5243.86,0.24133
5244.76,0.23934
5245.66,0.23976
5246.56,0.23883
5247.46,0.23664
5248.36,0.23524
5249.26,0.23449
5250.16,0.23333
5251.06,0.2326
5251.96,0.23272
5252.86,0.23208
5253.76,0.2326
5254.66,0.23448
5255.56,0.23528
5256.46,0.23605
5257.36,0.23688
5258.26,0.23676
5259.16,0.23762
5260.06,0.23533
5260.96,0.23451
5261.86,0.23175
5262.76,0.22835
5263.66,0.22625
5264.56,0.22306
5265.47,0.21973
5266.37,0.21764
5267.27,0.21643
5268.17,0.21492
5269.07,0.2139
5269.97,0.21454
5270.87,0.2147
5271.77,0.21713
5272.67,0.21862
5273.57,0.22104
5274.47,0.22379
5275.37,0.22731
5276.27,0.23051
5277.17,0.23351
5278.07,0.2345
5278.97,0.23582
5279.87,0.23712
5280.77,0.23695
5281.67,0.23805
5282.57,0.23762
5283.47,0.2362
5284.37,0.237
5285.27,0.23716
5286.17,0.24017
5287.07,0.24025
5287.97,0.24182
5288.87,0.24394
5289.77,0.24395
5290.67,0.24444
5291.57,0.24469
5292.47,0.24442
5293.37,0.2439
5294.27,0.2422
5295.17,0.24098
5296.07,0.23986
5296.97,0.23702
5297.87,0.2351
5298.77,0.23516
5299.67,0.23412
5300.57,0.23414
5301.48,0.23488
5302.38,0.23525
5303.27,0.23698
5304.18,0.23854
5305.08,0.24042
5305.98,0.24141
5306.88,0.24281
5307.78,0.24248
5308.68,0.24351
5309.58,0.24372
5310.48,0.24441
5311.38,0.24555
5312.28,0.24486
5313.18,0.24566
5314.08,0.24435
5314.98,0.24369
5315.88,0.2433
5316.78,0.24303
5317.68,0.24182
5318.58,0.24281
5319.48,0.24051
5320.38,0.24
5321.28,0.23896
5322.18,0.23859
5323.08,0.23724
5323.98,0.23536
5324.88,0.23228
5325.78,0.23029
5326.68,0.22888
5327.58,0.22583
5328.48,0.22479
5329.38,0.2238
5330.28,0.22518
5331.18,0.22563
5332.08,0.22788
5332.98,0.23131
5333.88,0.23399
5334.78,0.23465
5335.68,0.23661
5336.58,0.23696
5337.48,0.23805
5338.38,0.23771
5339.28,0.23633
5340.19,0.23658
5341.08,0.23578
5341.99,0.23626
5342.89,0.23572
5343.79,0.23638
5344.69,0.23556
5345.59,0.23663
5346.49,0.23674
5347.39,0.23748
5348.29,0.23758
5349.19,0.2378
5350.09,0.23765
5350.99,0.23982
5351.89,0.24048
5352.79,0.24216
5353.69,0.24248
5354.59,0.24385
5355.49,0.24507
5356.39,0.2461
5357.29,0.24653
5358.19,0.24624
5359.09,0.24709
5359.99,0.2479
5360.89,0.24771
5361.79,0.24598
5362.69,0.24497
5363.59,0.24352
5364.49,0.24237
5365.39,0.24084
5366.29,0.23988
5367.19,0.23786
5368.09,0.2364
5368.99,0.23558
5369.89,0.2346
5370.79,0.23391
5371.69,0.23299
5372.59,0.23343
5373.49,0.23452
5374.39,0.2368
5375.29,0.23715
5376.19,0.24028
5377.09,0.24135
5378.0,0.24306
5378.9,0.24385
5379.8,0.24371
5380.7,0.24237
5381.6,0.24211
5382.5,0.24177
5383.4,0.242
5384.3,0.24171
5385.2,0.24216
5386.1,0.24234
5387.0,0.241
5387.9,0.24148
5388.8,0.24038
5389.7,0.24157
5390.6,0.24071
5391.5,0.23889
5392.4,0.23821
5393.3,0.2373
5394.2,0.23575
5395.1,0.23455
5396.0,0.2342
5396.9,0.23271
5397.8,0.23303
5398.7,0.2336
5399.6,0.2331
5400.5,0.23336
5401.4,0.23299
5402.3,0.2328
5403.2,0.23373
5404.1,0.23199
5405.0,0.23131
5405.9,0.2295
5406.8,0.23056
5407.7,0.22841
5408.6,0.22961
5409.5,0.23008
5410.4,0.23082
5411.3,0.23301
5412.2,0.23392
5413.1,0.23459
5414.0,0.23672
5414.9,0.23902
5415.81,0.23901
5416.71,0.24
5417.61,0.23996
5418.51,0.24129
5419.41,0.23999
5420.31,0.24085
5421.21,0.24048
5422.11,0.23996
5423.01,0.24025
5423.91,0.23996
5424.81,0.23993
5425.71,0.23894
5426.61,0.23933
5427.51,0.23687
5428.41,0.23673
5429.31,0.23621
5430.21,0.23462
5431.11,0.23438
5432.01,0.23339
5432.91,0.23235
5433.81,0.23246
5434.71,0.23284
5435.61,0.2336
5436.51,0.23467
5437.41,0.23491
5438.31,0.23705
5439.21,0.23955
5440.11,0.24005
5441.01,0.24135
5441.91,0.24206
5442.81,0.24185
5443.71,0.24112
5444.61,0.23972
5445.51,0.23896
5446.41,0.23665
5447.31,0.23609
5448.21,0.23505
5449.11,0.23575
5450.01,0.2357
5450.91,0.23588
5451.81,0.23733
5452.72,0.23742
5453.62,0.23811
5454.52,0.23706
5455.42,0.23585
5456.32,0.23677
5457.22,0.23654
5458.12,0.23606
5459.02,0.2373
5459.92,0.23677
5460.82,0.23801
5461.72,0.23693
5462.62,0.23885
5463.52,0.23857
5464.42,0.23929
5465.32,0.23854
5466.22,0.23902
5467.12,0.23961
5468.02,0.23933
5468.92,0.23974
5469.82,0.23994
5470.72,0.24068
5471.62,0.24023
5472.52,0.23845
5473.42,0.23755
5474.32,0.23607
5475.22,0.23641
5476.12,0.23398
5477.02,0.23409
5477.92,0.2329
5478.82,0.23261
5479.72,0.2344
5480.62,0.23423
5481.52,0.23478
5482.42,0.23442
5483.32,0.23665
5484.22,0.2376
5485.12,0.23833
5486.02,0.23726
5486.92,0.2382
5487.82,0.23892
5488.72,0.23881
5489.62,0.23966
5490.53,0.23974
5491.43,0.23899
5492.33,0.23998
5493.23,0.24019
5494.13,0.23948
5495.03,0.2395
5495.93,0.2395
5496.83,0.2393
5497.73,0.23835
5498.63,0.23747
5499.53,0.238
5500.43,0.23844
5501.33,0.238
5502.23,0.23795
5503.13,0.23709
5504.03,0.23742
5504.93,0.23741
5505.83,0.23727
5506.73,0.23626
5507.63,0.23683
5508.53,0.23672
5509.43,0.23592
5510.33,0.23616
5511.23,0.23705
5512.13,0.23606
5513.03,0.23637
5513.93,0.23625
5514.83,0.23564
5515.73,0.23692
5516.63,0.23775
5517.53,0.23861
5518.43,0.24039
5519.33,0.24144
5520.23,0.24229
5521.13,0.24182
5522.03,0.24395
5522.93,0.24253
5523.83,0.24272
5524.73,0.24129
5525.63,0.23942
5526.54,0.23914
5527.44,0.23837
5528.33,0.23739
5529.24,0.23658
5530.14,0.23702
5531.04,0.23824
5531.94,0.23739
5532.84,0.23934
5533.74,0.23964
5534.64,0.23931
5535.54,0.23982
5536.44,0.24034
5537.34,0.24201
5538.24,0.24192
5539.14,0.24262
5540.04,0.24296
5540.94,0.24387
5541.84,0.24348
5542.74,0.24343
5543.64,0.24295
5544.54,0.24356
5545.44,0.2438
5546.34,0.24327
5547.24,0.24359
5548.14,0.24455
5549.04,0.244
5549.94,0.24375
5550.84,0.24401
5551.74,0.24382
5552.64,0.24228
5553.54,0.24283
5554.44,0.243
5555.34,0.2436
5556.24,0.24189
5557.14,0.24138
5558.04,0.24088
5558.94,0.24087
5559.84,0.24144
5560.74,0.24021
5561.64,0.24067
5562.54,0.24027
5563.44,0.23881
5564.34,0.23822
5565.25,0.23788
5566.15,0.23781
5567.05,0.23702
5567.95,0.23698
5568.85,0.23653
5569.75,0.2364
5570.65,0.23658
5571.55,0.23599
5572.45,0.23549
5573.35,0.23608
5574.25,0.23613
5575.15,0.23763
5576.05,0.23785
5576.95,0.23782
5577.85,0.23742
5578.75,0.23925
5579.65,0.23976
5580.55,0.23918
5581.45,0.23933
5582.35,0.23833
5583.25,0.23823
5584.15,0.23676
5585.05,0.23549
5585.95,0.23454
5586.85,0.23318
5587.75,0.23245
5588.65,0.22993
5589.55,0.23054
5590.45,0.22963
5591.35,0.229
5592.25,0.22948
5593.15,0.23071
5594.05,0.23205
5594.95,0.2326
5595.85,0.23316
5596.75,0.23334
5597.65,0.23364
5598.55,0.23356
5599.45,0.23316
5600.35,0.23329
5601.25,0.23377
5602.15,0.234
5603.06,0.23398
5603.96,0.23469
5604.86,0.23576
5605.76,0.23633
5606.66,0.23867
5607.56,0.23982
5608.46,0.24196
5609.36,0.24195
5610.26,0.24294
5611.16,0.24236
5612.06,0.24145
5612.96,0.24089
5613.86,0.23969
5614.76,0.23833
5615.66,0.23751
5616.56,0.23751
5617.46,0.23641
5618.36,0.23659
5619.26,0.23622
5620.16,0.23723
5621.06,0.23843
5621.96,0.23856
5622.86,0.23758
5623.76,0.23808
5624.66,0.2387
5625.56,0.23931
5626.46,0.23827
5627.36,0.23875
5628.26,0.24026
5629.16,0.24054
5630.06,0.24051
5630.96,0.24143
5631.86,0.24198
5632.76,0.2415
5633.66,0.24277
5634.56,0.24193
5635.46,0.24185
5636.36,0.24074
5637.26,0.24089
5638.16,0.24048
5639.06,0.23973
5639.96,0.23915
5640.86,0.23807
5641.77,0.23897
5642.67,0.23973
5643.57,0.23881
5644.47,0.23942
5645.37,0.23931
5646.27,0.23905
5647.17,0.24078
5648.07,0.23995
5648.97,0.24081
5649.87,0.24119
5650.77,0.24135
5651.67,0.24095
5652.57,0.24153
5653.47,0.24063
5654.37,0.24117
5655.27,0.24009
5656.17,0.23768
5657.07,0.23694
5657.97,0.23711
5658.87,0.23569
5659.77,0.23483
5660.67,0.23405
5661.57,0.23465
5662.47,0.23473
5663.37,0.23586
5664.27,0.23591
5665.17,0.23608
5666.07,0.2372
5666.97,0.23818
5667.87,0.23704
5668.77,0.23889
5669.67,0.23796
5670.57,0.2388
5671.47,0.23892
5672.37,0.24039
5673.27,0.23996
5674.17,0.24147
5675.07,0.24189
5675.97,0.24189
5676.88,0.24115
5677.77,0.2427
5678.68,0.2418
5679.58,0.24208
5680.48,0.24097
5681.38,0.24083
5682.28,0.24065
5683.18,0.23998
5684.08,0.23932
5684.98,0.23838
5685.88,0.23717
5686.78,0.23725
5687.68,0.23687
5688.58,0.2374
5689.48,0.23775
5690.38,0.23838
5691.28,0.23929
5692.18,0.23953
5693.08,0.23931
5693.98,0.24093
5694.88,0.24032
5695.78,0.24149
5696.68,0.24085
5697.58,0.24021
5698.48,0.23962
5699.38,0.23861
5700.28,0.23863
5701.18,0.2381
5702.08,0.23792
5702.98,0.23658
5703.88,0.23597
5704.78,0.23482
5705.68,0.23497
5706.58,0.23483
5707.48,0.23391
5708.38,0.23318
5709.28,0.2313
5710.18,0.23204
5711.08,0.23189
5711.98,0.23316
5712.88,0.2326
5713.78,0.23367
5714.68,0.23488
5715.59,0.23575
5716.49,0.23683
5717.39,0.23794
5718.29,0.23959
5719.19,0.23959
5720.09,0.24162
5720.99,0.24178
5721.89,0.24181
5722.79,0.24241
5723.69,0.24212
5724.59,0.24325
5725.49,0.24174
5726.39,0.24141
5727.29,0.24123
5728.19,0.24119
5729.09,0.24024
5729.99,0.24069
5730.89,0.24019
5731.79,0.24098
5732.69,0.2403
5733.59,0.24109
5734.49,0.24134
5735.39,0.24072
5736.29,0.24162
5737.19,0.24049
5738.09,0.24215
5738.99,0.24225
5739.89,0.24103
5740.79,0.24143
5741.69,0.24178
5742.59,0.24152
5743.49,0.24112
5744.39,0.24204
5745.29,0.24158
5746.19,0.24029
5747.09,0.24144
5747.99,0.2412
5748.89,0.24126
5749.79,0.24075
5750.69,0.24007
5751.59,0.23881
5752.5,0.2389
5753.4,0.23969
5754.3,0.239
5755.2,0.2392
5756.1,0.2395
5757.0,0.23842
5757.9,0.23832
5758.8,0.23919
5759.7,0.23888
5760.6,0.23908
5761.5,0.23971
5762.4,0.23897
5763.3,0.23881
5764.2,0.23949
5765.1,0.23974
5766.0,0.2402
5766.9,0.23999
5767.8,0.24144
5768.7,0.24196
5769.6,0.24083
5770.5,0.24046
5771.4,0.24166
5772.3,0.24104
5773.2,0.24184
5774.1,0.24119
5775.0,0.2419
5775.9,0.24003
5776.8,0.24031
5777.7,0.23958
5778.6,0.24012
5779.5,0.23857
5780.4,0.23783
5781.3,0.23747
5782.2,0.23484
5783.1,0.23656
5784.0,0.23518
5784.9,0.23557
5785.8,0.23528
5786.7,0.23527
5787.6,0.23576
5788.5,0.23638
5789.41,0.23706
5790.31,0.23819
5791.21,0.23818
5792.11,0.23791
5793.01,0.23888
5793.91,0.23957
5794.81,0.23861
5795.71,0.23954
5796.61,0.23952
5797.51,0.24125
5798.41,0.23972
5799.31,0.24199
5800.21,0.24136
5801.11,0.24073
5802.01,0.24128
5802.91,0.24209
5803.81,0.241
5804.71,0.24196
5805.61,0.24165
5806.51,0.24016
5807.41,0.24233
5808.31,0.24093
5809.21,0.24106
5810.11,0.24134
5811.01,0.24205
5811.91,0.24268
5812.81,0.24205
5813.71,0.24196
5814.61,0.24108
5815.51,0.2428
5816.41,0.24207
5817.31,0.24158
5818.21,0.24145
5819.11,0.24212
5820.01,0.24164
5820.91,0.24233
5821.81,0.24258
5822.71,0.24264
5823.61,0.24403
5824.51,0.24371
5825.41,0.24295
5826.31,0.24361
5827.22,0.24371
5828.12,0.24301
5829.02,0.24368
5829.92,0.24341
5830.82,0.24284
5831.72,0.24393
5832.62,0.24415
5833.52,0.24383
5834.42,0.24294
5835.32,0.24303
5836.22,0.24282
5837.12,0.24242
5838.02,0.24274
5838.92,0.24231
5839.82,0.24256
5840.72,0.24236
5841.62,0.24289
5842.52,0.24281
5843.42,0.24322
5844.32,0.24249
5845.22,0.24189
5846.12,0.24179
5847.02,0.24133
5847.92,0.24135
5848.82,0.24144
5849.72,0.23977
5850.62,0.23929
5851.52,0.23939
5852.42,0.23837
5853.32,0.23739
5854.22,0.23747
5855.12,0.23702
5856.02,0.2363
5856.92,0.23528
5857.82,0.23411
5858.72,0.23473
5859.62,0.23444
5860.52,0.23477
5861.42,0.23555
5862.32,0.23604
5863.23,0.23582
5864.12,0.23618
5865.03,0.23695
5865.93,0.23742
5866.83,0.23723
5867.73,0.2387
5868.63,0.23774
5869.53,0.23871
5870.43,0.23892
5871.33,0.23931
5872.23,0.23977
5873.13,0.23874
5874.03,0.23825
5874.93,0.23957
5875.83,0.23971
5876.73,0.23975
5877.63,0.23983
5878.53,0.23873
5879.43,0.23743
5880.33,0.23782
5881.23,0.23675
5882.13,0.23694
5883.03,0.23535
5883.93,0.23418
5884.83,0.23255
5885.73,0.23098
5886.63,0.22865
5887.53,0.22674
5888.43,0.22426
5889.33,0.22083
5890.23,0.21895
5891.13,0.21716
5892.03,0.2155
5892.93,0.21445
5893.83,0.21306
5894.73,0.21334
5895.63,0.21491
5896.53,0.21579
5897.43,0.21654
5898.33,0.21785
5899.23,0.2211
5900.13,0.22258
5901.04,0.22533
5901.94,0.22642
5902.83,0.22944
5903.74,0.23104
5904.64,0.23204
5905.54,0.23405
5906.44,0.23361
5907.34,0.23483
5908.24,0.23685
5909.14,0.23557
5910.04,0.23535
5910.94,0.23565
5911.84,0.23531
5912.74,0.2347
5913.64,0.23393
5914.54,0.23427
5915.44,0.23376
5916.34,0.23387
5917.24,0.23332
5918.14,0.23356
5919.04,0.23412
5919.94,0.23434
5920.84,0.23487
5921.74,0.23413
5922.64,0.23566
5923.54,0.23423
5924.44,0.23612
5925.34,0.23608
5926.24,0.23632
5927.14,0.23635
5928.04,0.23601
5928.94,0.23631
5929.84,0.23611
5930.74,0.23576
5931.64,0.2364
5932.54,0.23594
5933.44,0.23521
5934.34,0.23596
5935.24,0.23627
5936.14,0.2363
5937.04,0.23586
5937.94,0.23622
5938.85,0.2346
5939.75,0.23673
5940.65,0.23604
5941.55,0.23537
5942.45,0.23579
5943.35,0.23567
5944.25,0.23634
5945.15,0.23511
5946.05,0.23611
5946.95,0.23626
5947.85,0.23527
5948.75,0.23494
5949.65,0.23481
5950.55,0.2342
5951.45,0.23591
5952.35,0.23505
5953.25,0.23365
5954.15,0.23536
5955.05,0.23479
5955.95,0.2349
5956.85,0.23474
5957.75,0.23497
5958.65,0.23542
5959.55,0.23505
5960.45,0.23677
5961.35,0.23644
5962.25,0.23759
5963.15,0.23765
5964.05,0.2385
5964.95,0.23835
5965.85,0.23838
5966.75,0.23879
5967.65,0.23841
5968.55,0.23911
5969.45,0.23921
5970.35,0.23844
5971.25,0.23908
5972.15,0.23865
5973.05,0.23838
5973.95,0.23789
5974.85,0.23808
5975.75,0.2383
5976.65,0.23713
5977.56,0.23709
5978.46,0.23669
5979.36,0.23647
5980.26,0.23575
5981.16,0.23691
5982.06,0.23601
5982.96,0.23579
5983.86,0.23659
5984.76,0.23561
5985.66,0.23624
5986.56,0.23531
5987.46,0.23502
5988.36,0.23615
5989.26,0.23584
5990.16,0.23679
5991.06,0.23682
5991.96,0.23844
5992.86,0.23782
5993.76,0.23767
5994.66,0.238
5995.56,0.23739
5996.46,0.23838
5997.36,0.23663
5998.26,0.23648
5999.16,0.23646
6000.06,0.23644
6000.96,0.23694
6001.86,0.23624
6002.76,0.2347
6003.66,0.23723
6004.56,0.23535
6005.46,0.23448
6006.36,0.23499
6007.26,0.23453
6008.16,0.23519
6009.06,0.23448
6009.96,0.23473
6010.86,0.23434
6011.76,0.23522
6012.67,0.23563
6013.56,0.2356
6014.47,0.23467
6015.37,0.23456
6016.27,0.23501
6017.17,0.23477
6018.07,0.2353
6018.97,0.23512
6019.87,0.23496
6020.77,0.23438
6021.67,0.23301
6022.57,0.23395
6023.47,0.23405
6024.37,0.23313
6025.27,0.23409
6026.17,0.23385
6027.07,0.2348
6027.97,0.23597
6028.87,0.23583
6029.77,0.23636
6030.67,0.23646
6031.57,0.23663
6032.47,0.23798
6033.37,0.23853
6034.27,0.23925
6035.17,0.23843
6036.07,0.23833
6036.97,0.23788
6037.87,0.23852
6038.77,0.2391
6039.67,0.23811
6040.57,0.23951
6041.47,0.23839
6042.37,0.23881
6043.27,0.23845
6044.17,0.23897
6045.07,0.23883
6045.97,0.2383
6046.87,0.24001
6047.77,0.23938
6048.67,0.23982
6049.57,0.23922
6050.47,0.23972
6051.38,0.23959
6052.28,0.23948
6053.18,0.23971
6054.08,0.24013
6054.98,0.23821
6055.88,0.23887
6056.78,0.23788
6057.68,0.23758
6058.58,0.2378
6059.48,0.23798
6060.38,0.23784
6061.28,0.23665
6062.18,0.23685
6063.08,0.23631
6063.98,0.23656
6064.88,0.23597
6065.78,0.23639
6066.68,0.23564
6067.58,0.23662
6068.48,0.2367
6069.38,0.23756
6070.28,0.23822
6071.18,0.23854
6072.08,0.23778
6072.98,0.23813
6073.88,0.23965
6074.78,0.23962
6075.68,0.23978
6076.58,0.23945
6077.48,0.23978
6078.38,0.23796
6079.28,0.23862
6080.18,0.23787
6081.08,0.23633
6081.98,0.23666
6082.88,0.23566
6083.78,0.23606
6084.68,0.23549
6085.58,0.23477
6086.48,0.2341
6087.38,0.23573
6088.28,0.23538
6089.19,0.23513
6090.09,0.23547
6090.99,0.23545
6091.89,0.23581
6092.79,0.23538
6093.69,0.23587
6094.59,0.23684
6095.49,0.23605
6096.39,0.23669
6097.29,0.2352
6098.19,0.23673
6099.09,0.2356
6099.99,0.23432
6100.89,0.23555
6101.79,0.23359
6102.69,0.23282
6103.59,0.23237
6104.49,0.23297
6105.39,0.23145
6106.29,0.23219
6107.19,0.23267
6108.09,0.23274
6108.99,0.23452
6109.89,0.23577
6110.79,0.2352
6111.69,0.23535
6112.59,0.2364
6113.49,0.23706
6114.39,0.23555
6115.29,0.23674
6116.19,0.23587
6117.09,0.23506
6117.99,0.23585
6118.89,0.23483
6119.79,0.23447
6120.69,0.23319
6121.59,0.2327
6122.49,0.2317
6123.39,0.2314
6124.29,0.23177
6125.19,0.23139
6126.1,0.23176
6127.0,0.23139
6127.9,0.2331
6128.8,0.23278
6129.7,0.23412
6130.6,0.23397
6131.5,0.23324
6132.4,0.23294
6133.3,0.23335
6134.2,0.23175
6135.1,0.23063
6136.0,0.2305
6136.9,0.22968
6137.8,0.22715
6138.7,0.22743
6139.6,0.22764
6140.5,0.2277
6141.4,0.22748
6142.3,0.22935
6143.2,0.22836
6144.1,0.23153
6145.0,0.23139
6145.9,0.23212
6146.8,0.23382
6147.7,0.23409
6148.6,0.23466
6149.5,0.23384
6150.4,0.23397
6151.3,0.23516
6152.2,0.23365
6153.1,0.23431
6154.0,0.23482
6154.9,0.23434
6155.8,0.23406
6156.7,0.23318
6157.6,0.23154
6158.5,0.23096
6159.4,0.23061
6160.3,0.2281
6161.2,0.22707
6162.1,0.22516
6163.01,0.22457
6163.91,0.22361
6164.81,0.22361
6165.71,0.22323
6166.61,0.22255
6167.51,0.22306
6168.41,0.2228
6169.31,0.22393
6170.21,0.22411
6171.11,0.22455
6172.01,0.22527
6172.91,0.22628
6173.81,0.2261
6174.71,0.22696
6175.61,0.22777
6176.51,0.22905
6177.41,0.22878
6178.31,0.22999
6179.21,0.23061
6180.11,0.23087
6181.01,0.23197
6181.91,0.23147
6182.81,0.23195
6183.71,0.23235
6184.61,0.23207
6185.51,0.23214
6186.41,0.2316
6187.31,0.23083
6188.21,0.22978
6189.11,0.22928
6190.01,0.22905
6190.91,0.22801
6191.81,0.2275
6192.71,0.22715
6193.61,0.22773
6194.51,0.22733
6195.41,0.2277
6196.31,0.22839
6197.21,0.22945
6198.11,0.23
6199.01,0.23081
6199.92,0.23001
6200.82,0.23077
6201.72,0.23091
6202.62,0.23066
6203.52,0.23146
6204.42,0.23133
6205.32,0.23282
6206.22,0.23175
6207.12,0.23226
6208.02,0.23162
6208.92,0.23108
6209.82,0.2313
6210.72,0.2312
6211.62,0.23027
6212.52,0.2283
6213.42,0.22921
6214.32,0.22791
6215.22,0.22674
6216.12,0.22637
6217.02,0.22562
6217.92,0.22618
6218.82,0.22619
6219.72,0.22633
6220.62,0.22571
6221.52,0.22618
6222.42,0.22603
6223.32,0.22647
6224.22,0.22673
6225.12,0.22701
6226.02,0.22714
6226.92,0.22632
6227.82,0.22634
6228.72,0.22643
6229.62,0.22604
6230.52,0.22464
6231.42,0.22436
6232.32,0.22439
6233.22,0.22428
6234.12,0.22471
6235.02,0.22535
6235.92,0.22545
6236.83,0.22577
6237.73,0.22684
6238.63,0.2257
6239.53,0.22542
6240.43,0.2261
6241.33,0.22618
6242.23,0.22516
6243.13,0.22482
6244.03,0.22484
6244.93,0.22392
6245.83,0.22398
6246.73,0.22342
6247.63,0.2238
6248.53,0.22416
6249.43,0.22418
6250.33,0.22377
6251.23,0.22349
6252.13,0.22334
6253.03,0.22322
6253.93,0.22223
6254.83,0.22271
6255.73,0.22185
6256.63,0.22084
6257.53,0.2208
6258.43,0.22081
6259.33,0.22119
6260.23,0.2208
6261.13,0.22165
6262.03,0.22229
6262.93,0.22266
6263.83,0.22439
6264.73,0.22467
6265.63,0.22512
6266.53,0.22511
6267.43,0.22698
6268.33,0.22688
6269.23,0.22739
6270.13,0.22741
6271.03,0.22834
6271.93,0.22816
6272.83,0.22842
6273.73,0.22897
6274.64,0.22773
6275.54,0.22838
6276.44,0.22836
6277.34,0.22815
6278.24,0.22835
6279.14,0.22811
6280.04,0.22798
6280.94,0.22791
6281.84,0.22868
6282.74,0.22805
6283.64,0.22751
6284.54,0.22778
6285.44,0.22869
6286.34,0.22961
6287.24,0.22944
6288.14,0.22916
6289.04,0.23052
6289.94,0.23001
6290.84,0.23098
6291.74,0.22932
6292.64,0.2289
6293.54,0.22904
6294.44,0.22869
6295.34,0.22824
6296.24,0.22769
6297.14,0.22732
6298.04,0.22654
6298.94,0.22711
6299.84,0.22563
6300.74,0.22585
6301.64,0.22495
6302.54,0.22579
6303.44,0.22584
6304.34,0.22564
6305.24,0.22701
6306.14,0.22674
6307.04,0.22736
6307.94,0.22824
6308.84,0.22848
6309.74,0.22885
6310.64,0.22844
6311.54,0.22918
6312.45,0.2284
6313.35,0.22845
6314.25,0.22759
6315.15,0.22802
6316.05,0.22686
6316.95,0.22603
6317.85,0.22591
6318.75,0.22573
6319.65,0.22547
6320.55,0.22625
6321.45,0.22704
6322.35,0.22651
6323.25,0.22831
6324.15,0.22842
6325.05,0.22914
6325.95,0.22906
6326.85,0.22792
6327.75,0.22893
6328.65,0.22932
6329.55,0.22963
6330.45,0.22989
6331.35,0.22978
6332.25,0.22921
6333.15,0.22922
6334.05,0.22908
6334.95,0.22796
6335.85,0.22735
6336.75,0.22725
6337.65,0.22743
6338.55,0.2273
6339.45,0.22728
6340.35,0.22799
6341.25,0.22814
6342.15,0.22821
6343.05,0.22852
6343.95,0.22768
6344.85,0.22893
6345.75,0.22834
6346.65,0.2293
6347.55,0.22866
6348.46,0.22968
6349.35,0.2299
6350.26,0.22983
6351.16,0.22882
6352.06,0.22898
6352.96,0.22954
6353.86,0.22857
6354.76,0.22867
6355.66,0.22782
6356.56,0.22698
6357.46,0.22649
6358.36,0.22602
6359.26,0.22519
6360.16,0.22539
6361.06,0.22507
6361.96,0.22481
6362.86,0.22553
6363.76,0.22466
6364.66,0.22648
6365.56,0.22599
6366.46,0.22563
6367.36,0.22685
6368.26,0.22756
6369.16,0.227
6370.06,0.22818
6370.96,0.22909
6371.86,0.22805
6372.76,0.22862
6373.66,0.22873
6374.56,0.22953
6375.46,0.22997
6376.36,0.22936
6377.26,0.22884
6378.16,0.22787
6379.06,0.22793
6379.96,0.22762
6380.86,0.22746
6381.76,0.22809
6382.66,0.22762
6383.56,0.22794
6384.46,0.22855
6385.36,0.22761
6386.27,0.22773
6387.17,0.22814
6388.07,0.2273
6388.97,0.22727
6389.87,0.22812
6390.77,0.22655
6391.67,0.22626
6392.57,0.22606
6393.47,0.22519
6394.37,0.22544
6395.27,0.22509
6396.17,0.22519
6397.07,0.22511
6397.97,0.22586
6398.87,0.22443
6399.77,0.22528
6400.67,0.22545
6401.57,0.22571
6402.47,0.22682
6403.37,0.22626
6404.27,0.22625
6405.17,0.22706
6406.07,0.22743
6406.97,0.22836
6407.87,0.22718
6408.77,0.22808
6409.67,0.22739
6410.57,0.22763
6411.47,0.22826
6412.37,0.22708
6413.27,0.22689
6414.17,0.22722
6415.07,0.22684
6415.97,0.22802
6416.87,0.22714
6417.77,0.22853
6418.67,0.22712
6419.57,0.22768
6420.47,0.22704
6421.37,0.2267
6422.27,0.22732
6423.17,0.22746
6424.08,0.22787
6424.98,0.22815
6425.88,0.22831
6426.78,0.22891
6427.68,0.22937
6428.58,0.22874
6429.48,0.22797
6430.38,0.22834
6431.28,0.22753
6432.18,0.22768
6433.08,0.22747
6433.98,0.22775
6434.88,0.22699
6435.78,0.22726
6436.68,0.22697
6437.58,0.22665
6438.48,0.22572
6439.38,0.22701
6440.28,0.22712
6441.18,0.22724
6442.08,0.22816
6442.98,0.22783
6443.88,0.22853
6444.78,0.22793
6445.68,0.22848
6446.58,0.22798
6447.48,0.22937
6448.38,0.22858
6449.28,0.2271
6450.18,0.2269
6451.08,0.22617
6451.98,0.22572
6452.88,0.22561
6453.78,0.22558
6454.68,0.22622
6455.58,0.22602
6456.48,0.2269
6457.38,0.22562
6458.28,0.2263
6459.18,0.22629
6460.08,0.22591
6460.98,0.22527
6461.89,0.2243
6462.79,0.22436
6463.69,0.22446
6464.59,0.22417
6465.49,0.22376
6466.39,0.22421
6467.29,0.2253
6468.19,0.22483
6469.09,0.22499
6469.99,0.22617
6470.89,0.22689
6471.79,0.22584
6472.69,0.22611
6473.59,0.22549
6474.49,0.22542
6475.39,0.22531
6476.29,0.22556
6477.19,0.22535
6478.09,0.22505
6478.99,0.22527
6479.89,0.22483
6480.79,0.22442
6481.69,0.22475
6482.59,0.22432
6483.49,0.22431
6484.39,0.22414
6485.29,0.22461
6486.19,0.22418
6487.09,0.22463
6487.99,0.22335
6488.89,0.22378
6489.79,0.22428
6490.69,0.22277
6491.59,0.22061
6492.49,0.22023
6493.39,0.21845
6494.29,0.21625
6495.19,0.21592
6496.09,0.21453
6496.99,0.21363
6497.9,0.21357
6498.79,0.2135
6499.7,0.21469
6500.6,0.21608
6501.5,0.21668
6502.4,0.21865
6503.3,0.21959
6504.2,0.22074
6505.1,0.22137
6506.0,0.22187
6506.9,0.22349
6507.8,0.22389
6508.7,0.22407
6509.6,0.22572
6510.5,0.22425
6511.4,0.22442
6512.3,0.22352
6513.2,0.22364
6514.1,0.22507
6515.0,0.22393
6515.9,0.2234
6516.8,0.22361
6517.7,0.22286
6518.6,0.22218
6519.5,0.2222
6520.4,0.22257
6521.3,0.22331
6522.2,0.22307
6523.1,0.22282
6524.0,0.22384
6524.9,0.22331
6525.8,0.22336
6526.7,0.2228
6527.6,0.22343
6528.5,0.22302
6529.4,0.22345
6530.3,0.22405
6531.2,0.22364
6532.1,0.2238
6533.0,0.22408
6533.9,0.22443
6534.8,0.2236
6535.71,0.22409
6536.61,0.22376
6537.51,0.22339
6538.41,0.22282
6539.31,0.22298
6540.21,0.22333
6541.11,0.22295
6542.01,0.22211
6542.91,0.22223
6543.81,0.22136
6544.71,0.22219
6545.61,0.21976
6546.51,0.22002
6547.41,0.21942
6548.31,0.21854
6549.21,0.21865
6550.11,0.21945
6551.01,0.21777
6551.91,0.21701
6552.81,0.21655
6553.71,0.21559
6554.61,0.2154
6555.51,0.21279
6556.41,0.211
6557.31,0.20851
6558.21,0.20536
6559.11,0.20218
6560.01,0.19912
6560.91,0.19584
6561.81,0.19199
6562.71,0.18963
6563.61,0.18674
6564.51,0.18635
6565.41,0.18727
6566.31,0.1888
6567.21,0.1911
6568.11,0.1946
6569.01,0.19772
6569.91,0.20146
6570.81,0.2053
6571.71,0.20736
6572.61,0.20947
6573.52,0.21193
6574.42,0.21326
6575.32,0.21408
6576.22,0.21508
6577.12,0.21598
6578.02,0.21692
6578.92,0.21752
6579.82,0.21901
6580.72,0.21965
6581.62,0.21935
6582.52,0.22071
6583.42,0.22005
6584.32,0.22059
6585.22,0.22068
6586.12,0.22097
6587.02,0.22011
6587.92,0.22106
6588.82,0.2207
6589.72,0.22016
6590.62,0.21981
6591.52,0.21911
6592.42,0.21929
6593.32,0.21883
6594.22,0.21856
6595.12,0.21926
6596.02,0.21831
6596.92,0.2187
6597.82,0.21896
6598.72,0.21999
6599.62,0.21969
6600.52,0.22073
6601.42,0.22111
6602.32,0.22094
6603.22,0.22163
6604.12,0.22202
6605.02,0.22099
6605.92,0.22131
6606.82,0.22128
6607.72,0.22123
6608.62,0.22086
6609.52,0.22072
6610.43,0.22055
6611.33,0.22095
6612.23,0.2213
6613.13,0.22117
6614.03,0.22142
6614.93,0.22161
6615.83,0.22241
6616.73,0.22172
6617.63,0.22322
6618.53,0.22355
6619.43,0.2237
6620.33,0.22294
6621.23,0.22343
6622.13,0.22318
6623.03,0.22224
6623.93,0.22292
6624.83,0.22242
6625.73,0.22231
6626.63,0.22192
6627.53,0.22125
6628.43,0.22147
6629.33,0.22133
6630.23,0.22085
6631.13,0.2215
6632.03,0.22112
6632.93,0.22073
6633.83,0.22111
6634.73,0.22186
6635.63,0.22079
6636.53,0.22112
6637.43,0.22153
6638.33,0.22227
6639.23,0.22139
6640.13,0.22169
6641.03,0.22077
6641.93,0.2215
6642.83,0.22075
6643.73,0.22113
6644.63,0.22035
6645.53,0.22108
6646.43,0.22113
6647.34,0.22167
6648.24,0.2211
6649.14,0.22206
6650.04,0.22165
6650.94,0.22154
6651.84,0.22104
6652.74,0.22151
6653.64,0.22231
6654.54,0.22194
6655.44,0.22192
6656.34,0.2211
6657.24,0.22215
6658.14,0.22088
6659.04,0.22046
6659.94,0.22103
6660.84,0.22096
6661.74,0.22
6662.64,0.22134
6663.54,0.21992
6664.44,0.21998
6665.34,0.21928
6666.24,0.21946
6667.14,0.22032
6668.04,0.22025
6668.94,0.21914
6669.84,0.22054
6670.74,0.22122
6671.64,0.22125
6672.54,0.22013
6673.44,0.2207
6674.34,0.22164
6675.24,0.21968
6676.14,0.2199
6677.04,0.21989
6677.94,0.21909
6678.84,0.21919
6679.74,0.21922
6680.64,0.21734
6681.54,0.21886
6682.44,0.21945
6683.34,0.21984
6684.24,0.21869
6685.15,0.22056
6686.05,0.22039
6686.95,0.22113
6687.85,0.22123
6688.75,0.22063
6689.65,0.21996
6690.55,0.22046
6691.45,0.22098
6692.35,0.2211
6693.25,0.22027
6694.15,0.22038
6695.05,0.22013
6695.95,0.21958
6696.85,0.22056
6697.75,0.21981
6698.65,0.21951
6699.55,0.21986
6700.45,0.22044
6701.35,0.22031
6702.25,0.21913
6703.15,0.21914
6704.05,0.21909
6704.95,0.21934
6705.85,0.21977
6706.75,0.21994
6707.65,0.22056
6708.55,0.21907
6709.45,0.21841
6710.35,0.2179
6711.25,0.21927
6712.15,0.2182
6713.05,0.21785
6713.95,0.21728
6714.85,0.21744
6715.75,0.21738
6716.65,0.21702
6717.55,0.21687
6718.45,0.21655
6719.35,0.21643
6720.25,0.21619
6721.16,0.21615
6722.06,0.21549
6722.96,0.21633
6723.86,0.21704
6724.76,0.21796
6725.66,0.21706
6726.56,0.21829
6727.46,0.21879
6728.36,0.21877
6729.26,0.21813
6730.16,0.21812
6731.06,0.2181
6731.96,0.21818
6732.86,0.21901
6733.76,0.21842
6734.66,0.21911
6735.56,0.21955
6736.46,0.21765
6737.36,0.21882
6738.26,0.2176
6739.16,0.21794
6740.06,0.21766
6740.96,0.21756
6741.86,0.21761
6742.76,0.21659
6743.66,0.21725
6744.56,0.21733
6745.46,0.21665
6746.36,0.21635
6747.26,0.21596
6748.16,0.21704
6749.06,0.21514
6749.96,0.2155
6750.86,0.21616
6751.76,0.21607
6752.66,0.21608
6753.56,0.21597
6754.46,0.21595
6755.36,0.21675
6756.26,0.21649
6757.16,0.21833
6758.06,0.2182
6758.97,0.21736
6759.87,0.21769
6760.77,0.21876
6761.67,0.21797
6762.57,0.21886
6763.47,0.21748
6764.37,0.21762
6765.27,0.21807
6766.17,0.2178
6767.07,0.21686
6767.97,0.21715
6768.87,0.21625
6769.77,0.21589
6770.67,0.21648
6771.57,0.2164
6772.47,0.21637
6773.37,0.2171
6774.27,0.21598
6775.17,0.21704
6776.07,0.21767
6776.97,0.21643
6777.87,0.21737
6778.77,0.21748
6779.67,0.2181
6780.57,0.21786
6781.47,0.21786
6782.37,0.2177
6783.27,0.21684
6784.17,0.21691
6785.07,0.21655
6785.97,0.21672
6786.87,0.21643
6787.77,0.21669
6788.67,0.21617
6789.57,0.21636
6790.47,0.21618
6791.37,0.21577
6792.27,0.21595
6793.17,0.21593
6794.07,0.2161
6794.97,0.21597
6795.88,0.21611
6796.78,0.21657
6797.68,0.21633
6798.58,0.21676
6799.48,0.21616
6800.38,0.21682
6801.28,0.21707
6802.18,0.21648
6803.08,0.2173
6803.98,0.21669
6804.88,0.21705
6805.78,0.2158
6806.68,0.21624
6807.58,0.21736
6808.48,0.21552
6809.38,0.21636
6810.28,0.21452
6811.18,0.21602
6812.08,0.21512
6812.98,0.21578
6813.88,0.21661
6814.78,0.21502
6815.68,0.21514
6816.58,0.21542
6817.48,0.21522
6818.38,0.21637
6819.28,0.21637
6820.18,0.21616
6821.08,0.21669
6821.98,0.21631
6822.88,0.2164
6823.78,0.21573
6824.68,0.21741
6825.58,0.21617
6826.48,0.21622
6827.38,0.21589
6828.28,0.21557
6829.18,0.21655
6830.08,0.21603
6830.98,0.21597
6831.88,0.21626
6832.79,0.2162
6833.69,0.21586
6834.59,0.21536
6835.49,0.21542
6836.39,0.21574
6837.29,0.21521
6838.19,0.21558
6839.09,0.21505
6839.99,0.21478
6840.89,0.21425
6841.79,0.2146
6842.69,0.21431
6843.59,0.21301
6844.49,0.21409
6845.39,0.21354
6846.29,0.21461
6847.19,0.21385
6848.09,0.21428
6848.99,0.21456
6849.89,0.21406
6850.79,0.21441
6851.69,0.21419
6852.59,0.21424
6853.49,0.21339
6854.39,0.21377
6855.29,0.21401
6856.19,0.21317
6857.09,0.21381
6857.99,0.21281
6858.89,0.21307
6859.79,0.21357
6860.69,0.21252
6861.59,0.21236
6862.49,0.21242
6863.39,0.21382
6864.29,0.21302
6865.19,0.21296
6866.09,0.214
6866.99,0.21361
6867.89,0.21408
6868.79,0.21311
6869.7,0.21344
6870.6,0.21351
6871.5,0.21332
6872.4,0.21418
6873.3,0.21319
6874.2,0.2132
6875.1,0.21375
6876.0,0.21321
6876.9,0.21455
6877.8,0.21284
6878.7,0.21373
6879.6,0.21411
6880.5,0.21391
6881.4,0.21396
6882.3,0.21396
6883.2,0.21447
6884.1,0.21358
6885.0,0.21359
6885.9,0.2141
6886.8,0.21364
6887.7,0.21483
6888.6,0.2138
6889.5,0.21436
6890.4,0.21422
6891.3,0.2145
6892.2,0.21398
6893.1,0.21351
6894.0,0.21368
6894.9,0.21379
6895.8,0.21452
6896.7,0.21398
6897.6,0.21392
6898.5,0.21369
6899.4,0.21397
6900.3,0.2141
6901.2,0.21456
6902.1,0.2133
6903.0,0.21415
6903.9,0.21578
6904.8,0.21419
6905.7,0.21459
6906.6,0.21502
6907.51,0.21467
6908.41,0.21477
6909.31,0.21516
6910.21,0.2146
6911.11,0.21305
6912.01,0.21394
6912.91,0.21493
6913.81,0.21381
6914.71,0.21276
6915.61,0.21345
6916.51,0.21232
6917.41,0.21242
6918.31,0.21218
6919.21,0.2127
6920.11,0.21307
6921.01,0.21297
6921.91,0.21315
6922.81,0.21319
6923.71,0.21263
6924.61,0.21468
6925.51,0.21359
6926.41,0.2143
6927.31,0.21301
6928.21,0.21361
6929.11,0.21415
6930.01,0.21441
6930.91,0.21407
6931.81,0.21453
6932.71,0.2142
6933.61,0.21358
6934.51,0.2138
6935.41,0.21348
6936.31,0.21388
6937.21,0.21447
6938.11,0.21407
6939.01,0.21398
6939.91,0.21414
6940.81,0.21413
6941.71,0.21385
6942.61,0.21411
6943.52,0.21407
6944.42,0.21293
6945.31,0.21349
6946.22,0.2128
6947.12,0.21422
6948.02,0.21404
6948.92,0.21402
6949.82,0.21421
6950.72,0.2131
6951.62,0.21381
6952.52,0.21352
6953.42,0.2135
6954.32,0.21402
6955.22,0.2148
6956.12,0.2144
6957.02,0.21444
6957.92,0.21414
6958.82,0.21435
6959.72,0.21521
6960.62,0.21538
6961.52,0.2147
6962.42,0.2146
6963.32,0.21565
6964.22,0.21487
6965.12,0.21549
6966.02,0.21529
6966.92,0.21502
6967.82,0.21567
6968.72,0.21565
6969.62,0.21427
6970.52,0.21511
6971.42,0.21486
6972.32,0.21477
6973.22,0.21447
6974.12,0.21412
6975.02,0.21426
6975.92,0.21308
6976.82,0.21272
6977.72,0.21257
6978.62,0.21221
6979.52,0.2126
6980.42,0.2119
6981.33,0.21176
6982.23,0.21247
6983.12,0.21194
6984.03,0.21208
6984.93,0.21242
6985.83,0.21244
6986.73,0.21307
6987.63,0.21413
6988.53,0.21353
6989.43,0.21365
6990.33,0.21367
6991.23,0.21374
6992.13,0.21449
6993.03,0.21425
6993.93,0.21328
6994.83,0.21439
6995.73,0.21478
6996.63,0.21425
6997.53,0.21422
6998.43,0.21393
6999.33,0.21338
7000.23,0.21239
7001.13,0.21316
7002.03,0.21237
7002.93,0.21361
7003.83,0.21285
7004.73,0.21294
7005.63,0.21247
7006.53,0.21252
7007.43,0.21283
7008.33,0.21291
7009.23,0.2123
7010.13,0.21295
7011.03,0.21242
7011.93,0.21248
7012.83,0.21182
7013.73,0.21208
7014.63,0.21155
7015.53,0.21234
7016.43,0.21174
7017.33,0.21169
7018.23,0.21203
7019.14,0.2116
7020.04,0.21151
7020.94,0.21175
7021.84,0.213
7022.74,0.21186
7023.64,0.21239
7024.54,0.2123
7025.44,0.21203
7026.34,0.21249
7027.24,0.21355
7028.14,0.21308
7029.04,0.21284
7029.94,0.21324
7030.84,0.21298
7031.74,0.21302
7032.64,0.2135
7033.54,0.21268
7034.44,0.21339
7035.34,0.21379
7036.24,0.21281
7037.14,0.21342
7038.04,0.21278
7038.94,0.21381
7039.84,0.21272
7040.74,0.21357
7041.64,0.21366
7042.54,0.21395
7043.44,0.21564
7044.34,0.21461
7045.24,0.2148
7046.14,0.21436
7047.04,0.21449
7047.94,0.21479
7048.84,0.2156
7049.74,0.21423
7050.64,0.21434
7051.54,0.21387
7052.44,0.21412
7053.34,0.21343
7054.25,0.21317
7055.15,0.21317
7056.04,0.21275
7056.95,0.21314
7057.85,0.21279
7058.75,0.21294
7059.65,0.21217
7060.55,0.21244
7061.45,0.21179
7062.35,0.21183
7063.25,0.21262
7064.15,0.21267
7065.05,0.21211
7065.95,0.21215
7066.85,0.21197
7067.75,0.21188
7068.65,0.21228
7069.55,0.21248
7070.45,0.21275
7071.35,0.21284
7072.25,0.21289
7073.15,0.21223
7074.05,0.21294
7074.95,0.21333
7075.85,0.21322
7076.75,0.21376
7077.65,0.21372
7078.55,0.2135
7079.45,0.21324
7080.35,0.21284
7081.25,0.21298
7082.15,0.21239
7083.05,0.21178
7083.95,0.21068
7084.85,0.21078
7085.75,0.21009
7086.65,0.20889
7087.55,0.20951
7088.45,0.20889
7089.35,0.208
7090.25,0.20766
7091.15,0.20764
7092.06,0.2071
7092.96,0.20736
7093.85,0.20699
7094.76,0.20774
7095.66,0.20723
7096.56,0.20773
7097.46,0.20823
7098.36,0.20748
7099.26,0.20864
7100.16,0.20834
7101.06,0.20926
7101.96,0.20876
7102.86,0.20937
7103.76,0.21024
7104.66,0.20928
7105.56,0.20977
7106.46,0.2094
7107.36,0.20968
7108.26,0.21009
7109.16,0.20929
7110.06,0.21037
7110.96,0.20979
7111.86,0.2101
7112.76,0.21029
7113.66,0.21024
7114.56,0.20961
7115.46,0.20958
7116.36,0.21036
7117.26,0.21032
7118.16,0.20966
7119.06,0.20985
7119.96,0.21031
7120.86,0.20995
7121.76,0.20951
7122.66,0.20902
7123.56,0.20937
7124.46,0.20919
7125.36,0.20946
7126.26,0.20839
7127.16,0.208
7127.27,0.20812
7128.17,0.20778
7129.07,0.20731
7129.96,0.20734
7130.86,0.20725
7131.75,0.20663
7132.65,0.20661
7133.55,0.2077
7134.44,0.20847
7135.34,0.20795
7136.23,0.20822
7137.13,0.20781
7138.03,0.20782
7138.92,0.20788
7139.82,0.2081
7140.71,0.20839
7141.61,0.20747
7142.5,0.20811
7143.4,0.20907
7144.3,0.20738
7145.19,0.20707
7146.09,0.20779
7146.98,0.20777
7147.88,0.2076
7148.78,0.20652
7149.67,0.20738
7150.57,0.20821
7151.46,0.20729
7152.36,0.20763
7153.26,0.20817
7154.15,0.20815
7155.05,0.20844
7155.94,0.20964
7156.84,0.20899
7157.74,0.20961
7158.63,0.20945
7159.53,0.20902
7160.42,0.20953
7161.32,0.2097
7162.21,0.20861
7163.11,0.20944
7164.01,0.20826
7164.9,0.20924
7165.8,0.20943
7166.69,0.2087
7167.59,0.20873
7168.49,0.20947
7169.38,0.21021
7170.28,0.20951
7171.17,0.21065
7172.07,0.21016
7172.96,0.20975
7173.86,0.21026
7174.76,0.21061
7175.65,0.21043
7176.55,0.21091
7177.44,0.20983
7178.34,0.20988
7179.24,0.20931
7180.13,0.20875
7181.03,0.20928
7181.92,0.20836
7182.82,0.20851
7183.72,0.20878
7184.61,0.20752
7185.51,0.20831
7186.4,0.20732
7187.3,0.20669
7188.19,0.20707
7189.09,0.20738
7189.99,0.20706
7190.88,0.20783
7191.78,0.20729
7192.67,0.20756
7193.57,0.20791
7194.47,0.2076
7195.36,0.20748
7196.26,0.20779
7197.15,0.20823
7198.05,0.20812
7198.95,0.20791
7199.84,0.20779
7200.74,0.20773
7201.63,0.20807
7202.53,0.20746
7203.43,0.20713
7204.32,0.20701
7205.22,0.20788
7206.11,0.20765
7207.01,0.20775
7207.9,0.20688
7208.8,0.20719
7209.7,0.20741
7210.59,0.20759
7211.49,0.20803
7212.38,0.20755
7213.28,0.2082
7214.18,0.20786
7215.07,0.20771
7215.97,0.20923
7216.86,0.2088
7217.76,0.20926
7218.66,0.20991
7219.55,0.20969
7220.45,0.20971
7221.34,0.20926
7222.24,0.20977
7223.13,0.21012
7224.03,0.21039
7224.93,0.20949
7225.82,0.21102
7226.72,0.21049
7227.61,0.21185
7228.51,0.21127
7229.41,0.21185
7230.3,0.21228
7231.2,0.21085
7232.09,0.21173
7232.99,0.21097
7233.89,0.21225
7234.78,0.21125
7235.68,0.21127
7236.57,0.21188
7237.47,0.21069
7238.36,0.21089
7239.26,0.21084
7240.16,0.21084
7241.05,0.20999
7241.95,0.21065
7242.84,0.21047
7243.74,0.21027
7244.64,0.20966
7245.53,0.21002
7246.43,0.2101
7247.32,0.21006
7248.22,0.20926
7249.12,0.2104
7250.01,0.20956
7250.91,0.20957
7251.8,0.21001
7252.7,0.2094
7253.6,0.21015
7254.49,0.2102
7255.39,0.21106
7256.28,0.20977
7257.18,0.21081
7258.07,0.21027
7258.97,0.21049
7259.87,0.21031
7260.76,0.21015
7261.66,0.2103
7262.55,0.20989
7263.45,0.21049
7264.35,0.20983
7265.24,0.21064
7266.14,0.20999
7267.03,0.21135
7267.93,0.2114
7268.83,0.2105
7269.72,0.21079
7270.62,0.21095
7271.51,0.21092
7272.41,0.2111
7273.3,0.21129
7274.2,0.21046
7275.1,0.21078
7275.99,0.21164
7276.89,0.21144
7277.78,0.2104
7278.68,0.21164
7279.58,0.21102
7280.47,0.20998
7281.37,0.21006
7282.26,0.20959
7283.16,0.20908
7284.06,0.20918
7284.95,0.20883
7285.85,0.20859
7286.74,0.20954
7287.64,0.2087
7288.53,0.20806
7289.43,0.20691
7290.33,0.20735
7291.22,0.20718
7292.12,0.20723
7293.01,0.20739
7293.91,0.20687
7294.81,0.2082
7295.7,0.20828
7296.6,0.20862
7297.49,0.20848
7298.39,0.20896
7299.29,0.20994
7300.18,0.2095
7301.08,0.20991
7301.97,0.21007
7302.87,0.21012
7303.76,0.21024
7304.66,0.20946
7305.56,0.20994
7306.45,0.2103
7307.35,0.20897
7308.24,0.20904
7309.14,0.2098
7310.04,0.20949
7310.93,0.20882
7311.83,0.20881
7312.72,0.20968
7313.62,0.20921
7314.52,0.20984
7315.41,0.20871
7316.31,0.20905
7317.2,0.20966
7318.1,0.21004
7318.99,0.20852
7319.89,0.20836
7320.79,0.20871
7321.68,0.2082
7322.58,0.2085
7323.47,0.20863
7324.37,0.20749
7325.27,0.20861
7326.16,0.20774
7327.06,0.20754
7327.95,0.20709
7328.85,0.20752
7329.75,0.207
7330.64,0.20906
7331.54,0.20888
7332.43,0.2087
7333.33,0.20904
7334.22,0.20896
7335.12,0.20975
7336.02,0.20869
7336.91,0.20979
7337.81,0.20976
7338.7,0.20891
7339.6,0.20963
7340.5,0.20903
7341.39,0.20903
7342.29,0.20963
7343.18,0.20883
7344.08,0.20874
7344.98,0.20892
7345.87,0.20912
7346.77,0.20897
7347.66,0.2082
7348.56,0.20813
7349.45,0.20822
7350.35,0.20874
7351.25,0.20833
7352.14,0.20783
7353.04,0.20773
7353.93,0.20699
7354.83,0.20669
7355.73,0.20777
7356.62,0.20601
7357.52,0.20725
7358.41,0.20646
7359.31,0.20568
7360.21,0.2058
7361.1,0.20719
7362.0,0.20682
7362.89,0.20645
7363.79,0.20643
7364.69,0.20581
7365.58,0.20606
7366.48,0.20673
7367.37,0.20593
7368.27,0.20684
7369.16,0.20744
7370.06,0.20758
7370.96,0.20767
7371.85,0.20729
7372.75,0.2081
7373.64,0.20729
7374.54,0.20723
7375.44,0.20748
7376.33,0.20808
7377.23,0.20852
7378.12,0.20777
7379.02,0.20738
7379.92,0.20756
7380.81,0.20688
7381.71,0.20667
7382.6,0.20718
7383.5,0.2063
7384.39,0.2064
7385.29,0.20601
7386.19,0.20609
7387.08,0.20546
7387.98,0.20443
7388.87,0.20403
7389.77,0.20426
7390.67,0.20401
7391.56,0.2047
7392.46,0.20477
7393.35,0.20503
7394.25,0.20411
7395.15,0.205
7396.04,0.20469
7396.94,0.2048
7397.83,0.20589
7398.73,0.20598
7399.62,0.20527
7400.52,0.20503
7401.42,0.20592
7402.31,0.20483
7403.21,0.20585
7404.1,0.20476
7405.0,0.20428
7405.9,0.20494
7406.79,0.20376
7407.69,0.20389
7408.58,0.20225
7409.48,0.20264
7410.38,0.20225
7411.27,0.20187
7412.17,0.20112
7413.06,0.20018
7413.96,0.19931
7414.85,0.19815
7415.75,0.19837
7416.65,0.19822
7417.54,0.19903
7418.44,0.19874
7419.33,0.19901
7420.23,0.19833
7421.13,0.19989
7422.02,0.19985
7422.92,0.19991
7423.81,0.20182
7424.71,0.20206
7425.6,0.20236
7426.5,0.20366
7427.4,0.20348
7428.29,0.20412
7429.19,0.20454
7431.68,0.20599
7434.18,0.20635
7436.67,0.20658
7439.17,0.20643
7441.66,0.20596
7444.16,0.20455
7446.66,0.20556
7449.15,0.20516
7451.65,0.20519
7454.14,0.20619
7456.64,0.20725
7459.13,0.20622
7461.63,0.20518
7464.12,0.20669
7466.62,0.20603
7469.11,0.20568
7471.61,0.20634
7474.1,0.20682
7476.6,0.20606
7479.09,0.20594
7481.59,0.20528
7484.08,0.20502
7486.58,0.2052
7489.07,0.20511
7491.57,0.20561
7494.06,0.20359
7496.56,0.20365
7499.05,0.20453
7501.55,0.20467
7504.04,0.205
7506.54,0.20483
7509.03,0.20465
7511.53,0.20413
7514.02,0.20386
7516.52,0.20435
7519.01,0.20523
7521.51,0.20511
7524.0,0.20453
7526.5,0.20414
7528.99,0.20451
7531.49,0.20427
7533.99,0.20512
7536.48,0.20535
7538.98,0.20515
7541.47,0.20496
7543.97,0.20542
7546.46,0.20468
7548.96,0.20483
7551.45,0.20423
7553.95,0.20455
7556.44,0.20408
7558.94,0.20388
7561.43,0.20359
7563.93,0.20427
7566.42,0.20413
7568.92,0.20406
7571.41,0.20356
7573.91,0.20386
7576.4,0.2038
7578.9,0.20374
7581.39,0.20352
7583.89,0.20286
7586.38,0.20235
7588.88,0.20275
7591.37,0.20273
7593.87,0.20274
7596.36,0.20403
7598.86,0.20445
7601.35,0.20392
7603.85,0.20336
7606.34,0.20372
7608.84,0.20309
7611.33,0.20308
7613.83,0.20265
7616.33,0.20181
7618.82,0.20209
7621.32,0.20134
7623.81,0.20233
7626.31,0.20289
7628.8,0.20303
7631.3,0.20323
7633.79,0.20345
7636.29,0.20343
7638.78,0.20316
7641.28,0.20323
7643.77,0.20277
7646.27,0.20259
7648.76,0.20262
7651.26,0.20174
7653.75,0.20069
7656.25,0.19961
7658.74,0.19766
7661.24,0.19538
7663.73,0.1948
7666.23,0.19468
7668.72,0.195
7671.22,0.19738
7673.71,0.1993
7676.21,0.20073
7678.7,0.20064
7681.2,0.20135
7683.69,0.20107
7686.19,0.20082
7688.69,0.20104
7691.18,0.20053
7693.68,0.19938
7696.17,0.19868
7698.67,0.19809
7701.16,0.19739
7703.66,0.19768
7706.15,0.19823
7708.65,0.19824
7711.14,0.19854
7713.64,0.19833
7716.13,0.19816
7718.63,0.19864
7721.12,0.1992
7723.62,0.19975
7726.11,0.19998
7728.61,0.20059
7731.1,0.20008
7733.6,0.20096
7736.09,0.20189
7738.59,0.20132
7741.08,0.20119
7743.58,0.19994
7746.07,0.19915
7748.57,0.19878
7751.06,0.1985
7753.56,0.19882
7756.05,0.20014
7758.55,0.20055
7761.04,0.20147
7763.54,0.20202
7766.03,0.20167
7768.53,0.2016
7771.03,0.20186
7773.52,0.20189
7776.02,0.20153
7778.51,0.20127
7781.01,0.20062
7783.5,0.20016
7786.0,0.19966
7788.49,0.19948
7790.99,0.19901
7793.48,0.19865
7795.98,0.19845
7798.47,0.19926
7800.97,0.19921
7803.46,0.19913
7805.96,0.19896
7808.45,0.1992
7810.95,0.19917
7813.44,0.19952
7815.94,0.19949
7818.43,0.19944
7820.93,0.1998
7823.42,0.1992
7825.92,0.19941
7828.41,0.19843
7830.91,0.1985
7833.4,0.19734
7835.9,0.19726
7838.39,0.19689
7840.89,0.19745
7843.38,0.19739
7845.88,0.19826
7848.38,0.19769
7850.87,0.19782
7853.37,0.19791
7855.86,0.19745
7858.36,0.19802
7860.85,0.1977
7863.35,0.19817
7865.84,0.19809
7868.34,0.19783
7870.83,0.19777
7873.33,0.19769
7875.82,0.19743
7878.32,0.19715
7880.81,0.19729
7883.31,0.1964
7885.8,0.19727
7888.3,0.1968
7890.79,0.19718
7893.29,0.19719
7895.78,0.1967
7898.28,0.1969
7900.77,0.19617
7903.27,0.19646
7905.76,0.19576
7908.26,0.19516
7910.75,0.19508
7913.25,0.19434
7915.74,0.19367
7918.24,0.19376
7920.73,0.19382
7923.23,0.19451
7925.73,0.19449
7928.22,0.19412
7930.71,0.1942
7933.21,0.19349
7935.71,0.19274
7938.2,0.19192
7940.7,0.19195
7943.19,0.1909
7945.69,0.19116
7948.18,0.19118
7950.68,0.19204
7953.17,0.19261
7955.67,0.19374
7958.16,0.19404
7960.66,0.1937
7963.15,0.19386
7965.65,0.19399
7968.14,0.19382
7970.64,0.19361
7973.13,0.19365
7975.63,0.19349
7978.12,0.19323
7980.62,0.19366
7983.11,0.19267
7985.61,0.19283
7988.1,0.19267
7990.6,0.19225
7993.09,0.19185
7995.59,0.19168
7998.08,0.19174
8000.58,0.19124
8003.07,0.19157
8005.57,0.19188
8008.06,0.19261
8010.56,0.19301
8013.06,0.19377
8015.55,0.19327
8018.05,0.19329
8020.54,0.19308
8023.04,0.19196
8025.53,0.19128
8028.03,0.19153
8030.52,0.19134
8033.02,0.19206
8035.51,0.19149
8038.01,0.19198
8040.5,0.19185
8043.0,0.19099
8045.49,0.19039
8047.99,0.18951
8050.48,0.18965
8052.98,0.18972
8055.47,0.1905
8057.97,0.19123
8060.46,0.19097
8062.96,0.19046
8065.45,0.19111
8067.95,0.19042
8070.44,0.19002
8072.94,0.18907
8075.43,0.18909
8077.93,0.18899
8080.42,0.18944
8082.92,0.18922
8085.41,0.18926
8087.91,0.18887
8090.4,0.18894
8092.9,0.18869
8095.4,0.18896
8097.89,0.18851
8100.39,0.18867
8102.88,0.18891
8105.38,0.18932
8107.87,0.18888
8110.37,0.18892
8112.86,0.18893
8115.36,0.18824
8117.85,0.1887
8120.35,0.18848
8122.84,0.18839
8125.34,0.18832
8127.83,0.1886
8130.33,0.18898
8132.82,0.18924
8135.32,0.18818
8137.81,0.1886
8140.31,0.18878
8142.8,0.1888
8145.3,0.18857
8147.79,0.18805
8150.29,0.18808
8152.78,0.18846
8155.28,0.18854
8157.77,0.18825
8160.27,0.18816
8162.76,0.18777
8165.26,0.18818
8167.75,0.18798
8170.25,0.18822
8172.75,0.18789
8175.24,0.18758
8177.74,0.18692
8180.23,0.1864
8182.73,0.18506
8185.22,0.18505
8187.72,0.18468
8190.21,0.18436
8192.71,0.18387
8195.2,0.18379
8197.7,0.18371
8200.19,0.18409
8202.69,0.18464
8205.18,0.18591
8207.68,0.18586
8210.17,0.18616
8212.67,0.18621
8215.16,0.1859
8217.66,0.18647
8220.15,0.18605
8222.65,0.18603
8225.14,0.18652
8227.64,0.18666
8230.13,0.18753
8232.63,0.18644
8235.12,0.18691
8237.62,0.18708
8240.11,0.18607
8242.61,0.1867
8245.1,0.18648
8247.6,0.18603
8250.1,0.18604
8252.59,0.18622
8255.08,0.1863
8257.58,0.18622
8260.08,0.18633
8262.57,0.18661
8265.07,0.18697
8267.56,0.18641
8270.06,0.18716
8272.55,0.18701
8275.05,0.18691
8277.54,0.18694
8280.04,0.18679
8282.53,0.18692
8285.03,0.18676
8287.52,0.18638
8290.02,0.18608
8292.51,0.18615
8295.01,0.18579
8297.5,0.18594
8300.0,0.18575
8302.49,0.18557
8304.99,0.18477
8307.48,0.18475
8309.98,0.18477
8312.47,0.18441
8314.97,0.1846
8317.46,0.18495
8319.96,0.18511
8322.46,0.18407
8324.95,0.18366
8327.44,0.1826
8329.94,0.18175
8332.43,0.1817
8334.93,0.18203
8337.43,0.1826
8339.92,0.18298
8342.42,0.18363
8344.91,0.18349
8347.41,0.18361
8349.9,0.18397
8352.4,0.18384
8354.89,0.18422
8357.39,0.18384
8359.88,0.18357
8362.38,0.18339
8364.87,0.18267
8367.37,0.18323
8369.86,0.18267
8372.36,0.18299
8374.85,0.183
8377.35,0.18268
8379.84,0.18208
8382.34,0.18085
8384.83,0.17973
8387.33,0.17945
8389.82,0.18001
8392.32,0.18047
8394.81,0.18165
8397.31,0.18204
8399.8,0.18238
8402.3,0.18273
8404.79,0.18298
8407.29,0.18333
8409.79,0.18286
8412.28,0.18238
8414.78,0.18224
8417.27,0.18191
8419.77,0.18196
8422.26,0.18169
8424.76,0.18086
8427.25,0.1809
8429.75,0.18075
8432.24,0.17929
8434.74,0.17892
8437.23,0.17881
8439.73,0.17882
8442.22,0.17991
8444.72,0.18137
8447.21,0.18197
8449.71,0.1822
8452.2,0.18234
8454.7,0.18236
8457.19,0.18254
8459.69,0.18154
8462.18,0.18079
8464.68,0.18014
8467.17,0.1795
8469.67,0.17911
8472.16,0.17891
8474.66,0.17963
8477.15,0.1802
8479.65,0.18101
8482.14,0.18134
8484.64,0.18126
8487.13,0.18031
8489.63,0.17953
8492.12,0.17668
8494.62,0.17374
8497.12,0.16939
8499.61,0.1668
8502.11,0.16713
8504.6,0.16879
8507.1,0.17222
8509.59,0.17452
8512.09,0.17571
8514.58,0.17643
8517.08,0.17596
8519.57,0.1764
8522.07,0.17743
8524.56,0.17715
8527.06,0.17722
8529.55,0.17655
8532.05,0.17461
8534.54,0.17084
8537.04,0.16424
8539.53,0.157
8542.03,0.15015
8544.52,0.14794
8547.02,0.15015
8549.51,0.15591
8552.01,0.16307
8554.5,0.16929
8557.0,0.17317
8559.49,0.1748
8561.99,0.17622
8564.48,0.17633
8566.98,0.17707
8569.47,0.17725
8571.97,0.17727
8574.47,0.17716
8576.96,0.17762
8579.46,0.1776
8581.95,0.17717
8584.45,0.17762
8586.94,0.17721
8589.44,0.17693
8591.93,0.17681
8594.43,0.17641
8596.92,0.17595
8599.42,0.1754
8601.91,0.17543
8604.41,0.17621
8606.9,0.17608
8609.4,0.17551
8611.89,0.17504
8614.39,0.17478
8616.88,0.17485
8619.38,0.17519
8621.87,0.17507
8624.37,0.17541
8626.86,0.17501
8629.36,0.17544
8631.85,0.17551
8634.35,0.17595
8636.84,0.17606
8639.34,0.17631
8641.83,0.17627
8644.33,0.17618
8646.83,0.17574
8649.32,0.17457
8651.82,0.17279
8654.31,0.16947
8656.8,0.16457
8659.3,0.15822
8661.8,0.15262
8664.29,0.14991
8666.79,0.15138
8669.28,0.15612
8671.78,0.16141
8674.27,0.16609
8676.77,0.16939
8679.26,0.17109
8681.76,0.17205
8684.25,0.17206
8686.75,0.17164
8689.24,0.17129
8691.74,0.17076
8694.23,0.17138
8696.73,0.17177
8699.22,0.17284
8701.72,0.17305
8704.21,0.17338
8706.71,0.17364
8709.2,0.17335
8711.7,0.17277
8714.19,0.17326
8716.69,0.17347
8719.18,0.17345
8721.68,0.1739
8724.17,0.17404
8726.67,0.17426
8729.17,0.17437
8731.66,0.17345
8734.16,0.17322
8736.65,0.17297
8739.15,0.17202
8741.64,0.17218
8744.14,0.1715
8746.63,0.17059
8749.13,0.1705
8751.62,0.16983
8754.12,0.16968
8756.61,0.17024
8759.11,0.17036
8761.6,0.17061
8764.1,0.17071
8766.59,0.17158
8769.09,0.17184
8771.58,0.17159
8774.08,0.17177
8776.57,0.17192
8779.07,0.17194
8781.56,0.17256
8784.06,0.172
8786.55,0.17264
8789.05,0.17258
8791.54,0.17187
8794.04,0.17117
8796.53,0.17111
8799.03,0.17059
8801.52,0.17007
8804.02,0.16834
8806.51,0.16786
8809.01,0.16716
8811.5,0.16778
8814.0,0.16908
8816.5,0.17009
8818.99,0.17043
8821.49,0.1708
8823.98,0.17065
8826.48,0.17052
8828.97,0.17071
8831.47,0.17141
8833.96,0.17121
8836.46,0.17153
8838.95,0.17146
8841.45,0.17182
8843.94,0.17173
8846.44,0.17225
8848.93,0.17216
8851.43,0.17196
8853.92,0.17156
8856.42,0.17147
8858.91,0.17081
8861.41,0.16985
8863.9,0.16927
8866.4,0.16881
8868.89,0.16897
8871.39,0.17012
8873.88,0.17059
8876.38,0.17126
8878.87,0.17193
8881.37,0.17172
8883.87,0.17255
8886.36,0.17241
8888.86,0.17234
8891.35,0.1721
8893.84,0.17229
8896.34,0.17212
8898.84,0.17236
8901.33,0.17136
8903.83,0.17204
8906.32,0.17128
8908.82,0.17098
8911.31,0.17042
8913.81,0.17046
8916.3,0.16977
8918.8,0.16949
8921.29,0.16929
8923.79,0.16934
8926.28,0.16839
8928.78,0.16846
8931.27,0.16849
8933.77,0.16899
8936.26,0.16882
8938.76,0.16968
8941.25,0.16919
8943.75,0.16882
8946.24,0.16893
8948.74,0.16874
8951.23,0.16902
8953.73,0.16949
8956.22,0.17001
8958.72,0.17036
8961.21,0.17007
8963.71,0.17011
8966.2,0.16989
8968.7,0.16967
8971.2,0.169
8973.69,0.16898
8976.19,0.16862
8978.68,0.16832
8981.18,0.16838
8983.67,0.16875
8986.17,0.16915
8988.66,0.16922
8991.16,0.16893
8993.65,0.16851
8996.15,0.16765
8998.64,0.1674
9001.14,0.16592
9003.63,0.16562
9006.13,0.16463
9008.62,0.16308
9011.12,0.1624
9013.61,0.16107
9016.11,0.16098
9018.6,0.161
9021.1,0.16181
9023.59,0.1633
9026.09,0.16408
9028.58,0.16546
9031.08,0.1661
9033.57,0.16701
9036.07,0.16742
9038.56,0.16774
9041.06,0.16762
9043.55,0.16794
9046.05,0.16764
9048.54,0.16792
9051.04,0.16784
9053.54,0.16718
9056.03,0.16686
9058.53,0.16674
9061.02,0.16614
9063.52,0.16594
9066.01,0.16604
9068.51,0.16594
9071.0,0.16637
9073.5,0.16578
9075.99,0.16591
9078.49,0.16532
9080.98,0.16496
9083.48,0.16425
9085.97,0.16315
9088.47,0.16274
9090.96,0.16205
9093.46,0.16191
9095.95,0.1626
9098.45,0.16352
9100.94,0.16414
9103.44,0.16426
9105.93,0.16453
9108.43,0.1646
9110.92,0.16439
9113.42,0.16444
9115.91,0.16385
9118.41,0.16374
9120.9,0.16365
9123.4,0.16355
9125.89,0.16362
9128.39,0.16408
9130.88,0.1643
9133.38,0.16403
9135.88,0.16393
9138.37,0.16334
9140.87,0.16318
9143.36,0.16244
9145.86,0.16246
9148.35,0.16213
9150.85,0.16237
9153.34,0.16215
9155.84,0.1623
9158.33,0.16228
9160.83,0.16241
9163.32,0.16241
9165.82,0.16175
9168.31,0.16154
9170.81,0.1606
9173.3,0.16033
9175.8,0.16064
9178.29,0.16064
9180.79,0.16077
9183.28,0.16089
9185.78,0.16113
9188.27,0.16125
9190.77,0.16118
9193.26,0.161
9195.76,0.16111
9198.25,0.16091
9200.75,0.16076
9203.24,0.16043
9205.74,0.16034
9208.24,0.15994
9210.73,0.15963
9213.23,0.1593
9215.72,0.15898
9218.22,0.1589
9220.71,0.15879
9223.21,0.15829
9225.7,0.15786
9228.2,0.15694
9230.69,0.15684
9233.19,0.15722
9235.68,0.15742
9238.18,0.15798
9240.67,0.15893
9243.17,0.15932
9245.66,0.15931
9248.16,0.15923
9250.65,0.15869
9253.15,0.15895
9255.64,0.15799
9258.14,0.15824
9260.63,0.15876
9263.13,0.15842
9265.62,0.15918
9268.12,0.15935
9270.61,0.15937
9273.11,0.15932
9275.6,0.15923
9278.1,0.15885
9280.59,0.15835
9283.09,0.15863
9285.58,0.15785
9288.08,0.15842
9290.58,0.15758
9293.07,0.15734
9295.57,0.1574
9298.06,0.15764
9300.56,0.15756
9303.05,0.15772
9305.55,0.15749
9308.04,0.15777
9310.54,0.1578
9313.03,0.15764
9315.53,0.1575
9318.02,0.15752
9320.52,0.15737
9323.01,0.15705
9325.51,0.15725
9328.0,0.15741
9330.5,0.15714
9332.99,0.15748
9335.49,0.15777
9337.98,0.15765
9340.48,0.15747
9342.97,0.15754
9345.47,0.1572
9347.96,0.15701
9350.46,0.15621
9352.95,0.15611
9355.45,0.15569
9357.94,0.15522
9360.44,0.15489
9362.93,0.15521
9365.43,0.15476
9367.92,0.15484
9370.42,0.15521
9372.92,0.15494
9375.41,0.15498
9377.91,0.1549
9380.4,0.15479
9382.9,0.15503
9385.39,0.15502
9387.89,0.15514
9390.38,0.15556
9392.88,0.15513
9395.37,0.15488
9397.87,0.15443
9400.36,0.15444
9402.86,0.15396
9405.35,0.15355
9407.85,0.15301
9410.34,0.1524
9412.84,0.15235
9415.33,0.15214
9417.83,0.1525
9420.32,0.15239
9422.82,0.15347
9425.31,0.1539
9427.81,0.15417
9430.3,0.15366
9432.8,0.15362
9435.29,0.15336
9437.79,0.15306
9440.28,0.15248
9442.78,0.15275
9445.27,0.15251
9447.77,0.15294
9450.27,0.15264
9452.76,0.15314
9455.25,0.15266
9457.75,0.15322
9460.25,0.15316
9462.74,0.15328
9465.24,0.15348
9467.73,0.1536
9470.23,0.15339
9472.72,0.15363
9475.22,0.15357
9477.71,0.15337
9480.21,0.15287
9482.7,0.15356
9485.2,0.15346
9487.69,0.15356
9490.19,0.15382
9492.68,0.15334
9495.18,0.15359
9497.67,0.15366
9500.17,0.15356
9502.66,0.15356
9505.16,0.15351
9507.65,0.15374
9510.15,0.15306
9512.64,0.15344
9515.14,0.1536
9517.63,0.15354
9520.13,0.15353
9522.62,0.15383
9525.12,0.15384
9527.61,0.1535
9530.11,0.15313
9532.61,0.153
9535.1,0.15237
9537.6,0.15161
9540.09,0.15018
9542.59,0.14962
9545.08,0.14862
9547.58,0.14834
9550.07,0.14852
9552.57,0.14927
9555.06,0.15024
9557.56,0.15149
9560.05,0.15169
9562.55,0.1521
9565.04,0.15254
9567.54,0.15234
9570.03,0.15232
9572.53,0.15144
9575.02,0.15143
9577.52,0.15104
9580.01,0.15172
9582.51,0.15152
9585.0,0.15167
9587.5,0.15156
9589.99,0.15198
9592.49,0.15134
9594.98,0.15125
9597.48,0.15075
9599.97,0.15027
9602.47,0.15056
9604.96,0.15068
9607.46,0.1505
9609.96,0.15058
9612.45,0.15087
9614.95,0.15091
9617.44,0.15095
9619.94,0.15084
9622.43,0.15065
9624.93,0.15049
9627.42,0.15021
9629.92,0.15007
9632.41,0.15012
9634.91,0.14921
9637.4,0.1488
9639.9,0.14861
9642.39,0.14817
9644.89,0.14792
9647.38,0.14828
9649.88,0.14837
9652.37,0.14845
9654.87,0.14832
9657.36,0.14886
9659.86,0.14872
9662.35,0.14866
9664.85,0.14885
9667.34,0.14891
9669.84,0.14846
9672.33,0.14818
9674.83,0.14817
9677.32,0.14769
9679.82,0.14796
9682.31,0.14779
9684.81,0.14783
9687.3,0.14837
9689.8,0.1482
9692.29,0.14793
9694.79,0.14786
9697.29,0.14775
9699.78,0.14754
9702.28,0.1479
9704.77,0.14755
9707.27,0.14692
9709.76,0.14716
9712.26,0.14708
9714.75,0.14701
9717.25,0.14747
9719.74,0.14753
9722.24,0.14711
9724.73,0.14717
9727.23,0.14665
9729.72,0.14713
9732.22,0.14676
9734.71,0.14643
9737.21,0.14676
9739.7,0.1464
9742.2,0.14679
9744.69,0.1462
9747.19,0.14642
9749.68,0.14672
9752.18,0.14675
9754.67,0.14665
9757.17,0.14721
9759.66,0.14759
9762.16,0.14694
9764.65,0.14694
9767.15,0.14695
9769.64,0.14649
9772.14,0.14631
9774.64,0.14654
9777.13,0.14637
9779.63,0.14562
9782.12,0.14528
9784.62,0.1448
9787.11,0.14427
9789.61,0.14469
9792.1,0.14478
9794.6,0.1455
9797.09,0.14599
9799.59,0.14647
9802.08,0.14659
9804.58,0.14675
9807.07,0.14701
9809.57,0.14687
9812.06,0.14677
9814.56,0.1471
9817.05,0.14713
9819.55,0.1469
9822.04,0.14679
9824.54,0.14739
9827.03,0.14706
9829.53,0.14679
9832.02,0.14658
9834.52,0.1463
9837.01,0.14634
9839.51,0.14656
9842.0,0.14625
9844.5,0.14671
9847.0,0.14645
9849.49,0.14654
9851.99,0.14632
9854.48,0.14636
9856.98,0.14626
9859.47,0.14569
9861.97,0.14616
9864.46,0.1461
9866.96,0.14583
9869.45,0.14544
9871.95,0.14553
9874.44,0.14569
9876.94,0.1458
9879.43,0.14601
9881.93,0.14539
9884.42,0.14554
9886.92,0.14543
9889.41,0.14497
9891.91,0.14487
9894.4,0.1446
9896.9,0.14478
9899.39,0.1448
9901.89,0.14455
9904.38,0.1447
9906.88,0.14463
9909.37,0.1444
9911.87,0.14388
9914.36,0.14427
9916.86,0.14398
9919.35,0.14393
9921.85,0.1441
9924.34,0.14393
9926.84,0.14374
9929.33,0.14369
9931.83,0.14407
9934.33,0.14372
9936.82,0.14387
9939.32,0.14401
9941.81,0.14373
9944.31,0.14369
9946.8,0.1439
9949.3,0.14401
9951.79,0.1436
9954.29,0.14383
9956.78,0.14398
9959.28,0.14394
9961.77,0.14405
9964.27,0.1441
9966.76,0.14377
9969.26,0.14428
9971.75,0.14386
9974.25,0.14375
9976.74,0.14387
9979.24,0.14377
9981.73,0.14356
9984.23,0.14344
9986.72,0.14368
9989.22,0.14353
9991.71,0.14346
9994.21,0.14286
9996.7,0.14328
9999.2,0.14285
10001.7,0.14303
10004.2,0.14323
10006.7,0.14302
10009.2,0.14274
10011.7,0.1429
10014.2,0.14313
10016.7,0.14373
10019.2,0.14362
10021.7,0.14347
10024.2,0.14307
10026.6,0.14343
10029.1,0.14302
10031.6,0.14301
10034.1,0.14227
10036.6,0.14224
10039.1,0.14133
10041.6,0.14117
10044.1,0.14069
10046.6,0.14005
10049.1,0.13988
10051.6,0.13915
10054.1,0.13916
10056.6,0.13949
10059.1,0.13982
10061.6,0.14031
10064.1,0.14047
10066.6,0.14073
10069.1,0.14097
10071.6,0.14142
10074.1,0.14161
10076.5,0.14156
10079.0,0.14152
10081.5,0.14184
10084.0,0.14164
10086.5,0.14137
10089.0,0.14141
10091.5,0.14215
10094.0,0.14202
10096.5,0.14164
10099.0,0.14162
10101.5,0.14199
10104.0,0.14158
10106.5,0.14189
10109.0,0.14133
10111.5,0.14124
10114.0,0.14102
10116.5,0.14089
10119.0,0.14096
10121.5,0.14065
10124.0,0.14023
10126.5,0.14032
10128.9,0.14046
10131.4,0.14034
10133.9,0.14026
10136.4,0.14021
10138.9,0.14008
10141.4,0.1397
10143.9,0.13917
10146.4,0.13932
10148.9,0.13921
10151.4,0.13965
10153.9,0.13937
10156.4,0.13929
10158.9,0.13919
10161.4,0.13951
10163.9,0.1397
10166.4,0.13953
10168.9,0.13963
10171.4,0.13936
10173.9,0.13935
10176.4,0.13921
10178.9,0.13946
10181.3,0.13938
10183.8,0.13959
10186.3,0.13902
10188.8,0.13895
10191.3,0.13868
10193.8,0.13874
10196.3,0.13895
10198.8,0.13831
10201.3,0.1385
10203.8,0.1385
10206.3,0.13852
10208.8,0.13855
10211.3,0.13832
10213.8,0.13813
10216.3,0.13773
10218.8,0.1377
10221.3,0.13718
10223.8,0.13755
10226.3,0.13769
10228.8,0.13783
10231.2,0.13782
10233.7,0.1377
10236.2,0.13823
10238.7,0.13782
10241.2,0.13792
10243.7,0.13812
10246.2,0.13779
10248.7,0.13786
10251.2,0.13751
10253.7,0.13751
10256.2,0.13778
10258.7,0.13738
10261.2,0.137
10263.7,0.13722
10266.2,0.13722
10268.7,0.13718
10271.2,0.13682
10273.7,0.13673
10276.2,0.1367
10278.7,0.13684
10281.2,0.13671
10283.6,0.13664
10286.1,0.13658
10288.6,0.13659
10291.1,0.13639
10293.6,0.13646
10296.1,0.13648
10298.6,0.13678
10301.1,0.13618
10303.6,0.13652
10306.1,0.13662
10308.6,0.13671
10311.1,0.13665
10313.6,0.13644
10316.1,0.1365
10318.6,0.13625
10321.1,0.13582
10323.6,0.13567
10326.1,0.1352
10328.6,0.13461
10331.1,0.13431
10333.5,0.13452
10336.0,0.13433
10338.5,0.13459
10341.0,0.13414
10343.5,0.13406
10346.0,0.1341
10348.5,0.13401
10351.0,0.13444
10353.5,0.13484
10356.0,0.13508
10358.5,0.13512
10361.0,0.13573
10363.5,0.13543
10366.0,0.13489
10368.5,0.13512
10371.0,0.13478
10373.5,0.1346
10376.0,0.13401
10378.5,0.13405
10381.0,0.13422
10383.5,0.13428
10385.9,0.13463
10388.4,0.13446
10390.9,0.13443
10393.4,0.13373
10395.9,0.13361
10398.4,0.13327
10400.9,0.13335
10403.4,0.1336
10405.9,0.13368
10408.4,0.13405
10410.9,0.13436
10413.4,0.13411
10415.9,0.13409
10418.4,0.13411
10420.9,0.13392
10423.4,0.13385
10425.9,0.13399
10428.4,0.13374
10430.9,0.13401
10433.4,0.13399
10435.9,0.13419
10438.3,0.13394
10440.8,0.13415
10443.3,0.13409
10445.8,0.13397
10448.3,0.13407
10450.8,0.13373
10453.3,0.13403
10455.8,0.13335
10458.3,0.13333
10460.8,0.13326
10463.3,0.13304
10465.8,0.13316
10468.3,0.133
10470.8,0.1325
10473.3,0.13286
10475.8,0.13285
10478.3,0.1327
10480.8,0.13275
10483.3,0.13281
10485.8,0.13307
10488.2,0.13276
10490.7,0.13244
10493.2,0.13207
10495.7,0.13208
10498.2,0.13204
10500.7,0.13204
10503.2,0.13226
10505.7,0.13212
10508.2,0.13202
10510.7,0.13197
10513.2,0.13191
10515.7,0.13203
10518.2,0.13203
10520.7,0.13221
10523.2,0.13196
10525.7,0.13206
10528.2,0.13183
10530.7,0.13186
10533.2,0.13173
10535.7,0.13169
10538.2,0.13168
10540.6,0.13155
10543.1,0.132
10545.6,0.13185
10548.1,0.13192
10550.6,0.13177
10553.1,0.13163
10555.6,0.13155
10558.1,0.13174
10560.6,0.13138
10563.1,0.13168
10565.6,0.13099
10568.1,0.13141
10570.6,0.13116
10573.1,0.13112
10575.6,0.13075
10578.1,0.13035
10580.6,0.12942
10583.1,0.12914
10585.6,0.12869
10588.1,0.12861
10590.6,0.12883
10593.0,0.12902
10595.5,0.12926
10598.0,0.12956
10600.5,0.12953
10603.0,0.12917
10605.5,0.12935
10608.0,0.12896
10610.5,0.12928
10613.0,0.12921
10615.5,0.12991
10618.0,0.1296
10620.5,0.12988
10623.0,0.1297
10625.5,0.12954
10628.0,0.12978
10630.5,0.12945
10633.0,0.12975
10635.5,0.12969
10638.0,0.13007
10640.5,0.12995
10642.9,0.13002
10645.4,0.12972
10647.9,0.12982
10650.4,0.12955
10652.9,0.12919
10655.4,0.12905
10657.9,0.12839
10660.4,0.12828
10662.9,0.12757
10665.4,0.12769
10667.9,0.12811
10670.4,0.12817
10672.9,0.12849
10675.4,0.1284
10677.9,0.12854
10680.4,0.12866
10682.9,0.12809
10685.4,0.128
10687.9,0.1275
10690.4,0.12727
10692.9,0.12703
10695.3,0.12719
10697.8,0.1274
10700.3,0.12774
10702.8,0.12803
10705.3,0.12837
10707.8,0.1285
10710.3,0.12864
10712.8,0.12834
10715.3,0.12841
10717.8,0.12799
10720.3,0.12776
10722.8,0.12756
10725.3,0.12725
10727.8,0.12668
10730.3,0.12638
10732.8,0.12625
10735.3,0.12649
10737.8,0.12698
10740.3,0.12714
10742.8,0.12697
10745.3,0.12705
10747.7,0.12645
10750.2,0.12642
10752.7,0.12577
10755.2,0.12615
10757.7,0.12624
10760.2,0.12653
10762.7,0.12663
10765.2,0.1268
10767.7,0.12696
10770.2,0.12727
10772.7,0.12699
10775.2,0.12648
10777.7,0.12632
10780.2,0.12609
10782.7,0.12564
10785.2,0.12537
10787.7,0.12522
10790.2,0.12519
10792.7,0.12547
10795.2,0.12563
10797.6,0.12583
10800.1,0.12642
10802.6,0.12616
10805.1,0.12577
10807.6,0.12593
10810.1,0.12516
10812.6,0.12506
10815.1,0.12465
10817.6,0.12462
10820.1,0.1244
10822.6,0.12408
10825.1,0.12387
10827.6,0.12381
10830.1,0.1233
10832.6,0.12374
10835.1,0.1239
10837.6,0.12444
10840.1,0.12479
10842.6,0.12475
10845.1,0.12481
10847.6,0.12509
10850.0,0.12497
10852.5,0.12528
10855.0,0.12532
10857.5,0.12506
10860.0,0.12496
10862.5,0.12473
10865.0,0.12401
10867.5,0.12347
10870.0,0.12276
10872.5,0.12251
10875.0,0.12256
10877.5,0.12266
10880.0,0.12295
10882.5,0.12321
10885.0,0.12334
10887.5,0.12338
10890.0,0.12345
10892.5,0.12356
10895.0,0.1237
10897.5,0.12416
10900.0,0.12418
10902.4,0.1241
10904.9,0.12415
10907.4,0.12451
10909.9,0.1241
10912.4,0.12379
10914.9,0.12345
10917.4,0.12287
10919.9,0.12309
10922.4,0.12293
10924.9,0.12251
10927.4,0.12245
10929.9,0.12213
10932.4,0.12134
10934.9,0.12087
10937.4,0.12031
10939.9,0.12063
10942.4,0.12056
10944.9,0.12074
10947.4,0.12079
10949.9,0.12135
10952.3,0.12135
10954.8,0.12149
10957.3,0.12131
10959.8,0.12074
10962.3,0.12012
10964.8,0.11993
10967.3,0.11973
10969.8,0.11948
10972.3,0.11956
10974.8,0.11939
10977.3,0.1192
10979.8,0.11947
10982.3,0.11936
10984.8,0.11949
10987.3,0.11955
10989.8,0.12008
10992.3,0.11994
10994.8,0.12006
10997.3,0.12004
10999.8,0.11978
