wave,flux
3700.85,0.8056
3701.75,0.79502
3702.65,0.77503
3703.55,0.74045
3704.45,0.71151
3705.35,0.68007
3706.25,0.66347
3707.15,0.65891
3708.05,0.66152
3708.96,0.6734
3709.86,0.68107
3710.76,0.69249
3711.66,0.71005
3712.56,0.7285
3713.46,0.75668
3714.36,0.78335
3715.26,0.80996
3716.16,0.82839
3717.06,0.83007
3717.96,0.81721
3718.86,0.7825
3719.76,0.74322
3720.66,0.6963
3721.56,0.65799
3722.46,0.64226
3723.36,0.65476
3724.26,0.68212
3725.16,0.72088
3726.06,0.75511
3726.96,0.78123
3727.86,0.79626
3728.76,0.79883
3729.66,0.79629
3730.56,0.77362
3731.46,0.74202
3732.36,0.70161
3733.26,0.65392
3734.16,0.60961
3735.06,0.58392
3735.96,0.57837
3736.86,0.59652
3737.76,0.63702
3738.66,0.68975
3739.56,0.74118
3740.46,0.78901
3741.36,0.81647
3742.26,0.82847
3743.16,0.82241
3744.06,0.79835
3744.96,0.7697
3745.86,0.73551
3746.76,0.69615
3747.67,0.65033
3748.57,0.6129
3749.47,0.58829
3750.37,0.58426
3751.27,0.60413
3752.17,0.64853
3753.07,0.70461
3753.97,0.77018
3754.87,0.82362
3755.77,0.85594
3756.67,0.87107
3757.57,0.86686
3758.47,0.85119
3759.37,0.83526
3760.27,0.82615
3761.17,0.83035
3762.07,0.8346
3762.97,0.84559
3763.87,0.84846
3764.77,0.84613
3765.67,0.83268
3766.57,0.81088
3767.47,0.77705
3768.37,0.74291
3769.27,0.71659
3770.17,0.69619
3771.07,0.68367
3771.97,0.6965
3772.87,0.72588
3773.77,0.76098
3774.67,0.80272
3775.57,0.84318
3776.47,0.88256
3777.37,0.91644
3778.27,0.95106
3779.17,0.98823
3780.07,1.0184
3780.97,1.0462
3781.87,1.0679
3782.77,1.0756
3783.67,1.0832
3784.57,1.0725
3785.47,1.0521
3786.38,1.0256
3787.28,0.99265
3788.18,0.96022
3789.08,0.93469
3789.98,0.91336
3790.88,0.89488
3791.78,0.87833
3792.68,0.85145
3793.58,0.81997
3794.48,0.77592
3795.38,0.73239
3796.28,0.68471
3797.18,0.64789
3798.08,0.62548
3798.98,0.62668
3799.88,0.65111
3800.78,0.69248
3801.68,0.74973
3802.58,0.812
3803.48,0.86682
3804.38,0.91175
3805.28,0.94914
3806.18,0.97226
3807.08,0.99062
3807.98,1.0068
3808.88,1.0313
3809.78,1.0528
3810.68,1.0695
3811.58,1.0699
3812.48,1.058
3813.38,1.0384
3814.28,1.0094
3815.18,0.99248
3816.08,0.99006
3816.98,0.99169
3817.88,1.0011
3818.78,1.007
3819.68,1.0062
3820.58,0.99745
3821.48,0.98181
3822.38,0.9655
3823.28,0.9568
3824.18,0.9328
3825.09,0.90833
3825.99,0.88125
3826.89,0.85655
3827.79,0.83344
3828.69,0.81052
3829.59,0.78971
3830.49,0.76512
3831.39,0.72762
3832.29,0.69021
3833.19,0.64632
3834.09,0.60568
3834.99,0.57696
3835.89,0.55939
3836.79,0.56071
3837.69,0.58164
3838.59,0.61412
3839.49,0.65605
3840.39,0.70348
3841.29,0.7558
3842.19,0.81195
3843.09,0.85892
3843.99,0.90508
3844.89,0.94343
3845.79,0.97178
3846.69,1.0036
3847.59,1.0242
3848.49,1.0446
3849.39,1.065
3850.29,1.0841
3851.19,1.0975
3852.09,1.1038
3852.99,1.1215
3853.89,1.1215
3854.79,1.121
3855.69,1.1186
3856.59,1.1049
3857.49,1.0968
3858.39,1.0904
3859.29,1.0826
3860.19,1.0885
3861.09,1.1015
3861.99,1.1147
3862.9,1.1299
3863.8,1.1479
3864.7,1.1585
3865.6,1.1627
3866.5,1.1621
3867.4,1.1613
3868.3,1.1591
3869.2,1.1549
3870.1,1.1462
3871.0,1.1269
3871.9,1.1078
3872.8,1.0975
3873.7,1.0825
3874.6,1.0801
3875.5,1.0765
3876.4,1.0758
3877.3,1.0569
3878.2,1.0421
3879.1,1.0249
3880.0,1.0103
3880.9,0.99852
3881.8,0.98507
3882.7,0.96277
3883.6,0.92985
3884.5,0.8894
3885.4,0.84083
3886.3,0.78723
3887.2,0.73644
3888.1,0.6922
3889.0,0.66432
3889.9,0.65827
3890.8,0.67949
3891.7,0.71831
3892.6,0.76922
3893.5,0.81686
3894.4,0.86105
3895.3,0.90188
3896.2,0.93606
3897.1,0.96519
3898.0,0.98955
3898.9,1.0114
3899.8,1.0321
3900.7,1.048
3901.6,1.0636
3902.51,1.0773
3903.41,1.0818
3904.31,1.0816
3905.21,1.0852
3906.11,1.0847
3907.01,1.1
3907.91,1.1219
3908.81,1.1476
3909.71,1.1855
3910.61,1.2116
3911.51,1.2313
3912.41,1.2433
3913.31,1.2437
3914.21,1.2364
3915.11,1.2367
3916.01,1.2176
3916.91,1.2
3917.81,1.1913
3918.71,1.1779
3919.61,1.1715
3920.51,1.1617
3921.41,1.1526
3922.31,1.1541
3923.21,1.1546
3924.11,1.1446
3925.01,1.1308
3925.91,1.1059
3926.81,1.0616
3927.71,1.0133
3928.61,0.93548
3929.51,0.85384
3930.41,0.76261
3931.31,0.6726
3932.21,0.58901
3933.11,0.51966
3934.01,0.47941
3934.91,0.47459
3935.81,0.50296
3936.71,0.5617
3937.61,0.64342
3938.51,0.72743
3939.42,0.82085
3940.32,0.89792
3941.22,0.9567
3942.12,0.99933
3943.02,1.0309
3943.92,1.0524
3944.82,1.0721
3945.72,1.0893
3946.62,1.111
3947.52,1.1258
3948.42,1.1341
3949.32,1.1477
3950.22,1.1525
3951.12,1.1556
3952.02,1.1568
3952.92,1.1628
3953.82,1.1637
3954.72,1.1601
3955.62,1.1512
3956.52,1.1408
3957.42,1.1255
3958.32,1.1198
3959.22,1.0929
3960.12,1.0709
3961.02,1.0369
3961.92,0.98947
3962.82,0.93125
3963.72,0.86358
3964.62,0.79474
3965.52,0.71847
3966.42,0.63927
3967.32,0.56502
3968.22,0.50326
3969.12,0.45861
3970.02,0.44397
3970.92,0.45796
3971.82,0.49845
3972.72,0.56017
3973.62,0.63179
3974.52,0.70668
3975.42,0.7779
3976.32,0.84861
3977.22,0.91537
3978.13,0.97596
3979.03,1.0323
3979.93,1.0752
3980.83,1.1113
3981.73,1.1379
3982.63,1.1561
3983.53,1.1672
3984.43,1.1789
3985.33,1.1877
3986.23,1.2049
3987.13,1.2198
3988.03,1.2387
3988.93,1.2581
3989.83,1.2718
3990.73,1.2831
3991.63,1.308
3992.53,1.313
3993.43,1.3231
3994.33,1.3319
3995.23,1.3249
3996.13,1.3186
3997.03,1.3064
3997.93,1.3104
3998.83,1.3099
3999.73,1.3332
4000.63,1.3488
4001.53,1.3726
4002.43,1.3785
4003.33,1.3752
4004.23,1.3617
4005.13,1.3372
4006.03,1.3203
4006.93,1.3246
4007.83,1.3359
4008.73,1.3461
4009.63,1.3636
4010.53,1.3845
4011.43,1.3926
4012.33,1.3973
4013.23,1.4136
4014.13,1.4097
4015.03,1.4092
4015.93,1.4131
4016.84,1.4183
4017.74,1.4263
4018.64,1.4362
4019.54,1.4418
4020.44,1.4533
4021.34,1.451
4022.24,1.4622
4023.14,1.4476
4024.04,1.4434
4024.94,1.4385
4025.84,1.4371
4026.74,1.4383
4027.64,1.4374
4028.54,1.4364
4029.44,1.416
4030.34,1.3872
4031.24,1.3505
4032.14,1.3266
4033.04,1.3108
4033.94,1.316
4034.84,1.3228
4035.74,1.3644
4036.64,1.3898
4037.54,1.4274
4038.44,1.4525
4039.34,1.4645
4040.24,1.4697
4041.14,1.4632
4042.04,1.4458
4042.94,1.4261
4043.84,1.3976
4044.74,1.3715
4045.64,1.3464
4046.54,1.335
4047.44,1.3453
4048.34,1.3618
4049.24,1.3939
4050.14,1.4185
4051.04,1.43
4051.94,1.4338
4052.84,1.4209
4053.74,1.395
4054.65,1.3864
4055.55,1.3597
4056.45,1.3445
4057.35,1.3399
4058.25,1.3348
4059.15,1.3389
4060.05,1.3485
4060.95,1.3482
4061.85,1.349
4062.75,1.3443
4063.65,1.3371
4064.55,1.3182
4065.45,1.3173
4066.35,1.3249
4067.25,1.3307
4068.15,1.3392
4069.05,1.35
4069.95,1.3528
4070.85,1.3568
4071.75,1.3514
4072.65,1.3453
4073.55,1.3345
4074.45,1.3166
4075.35,1.3079
4076.25,1.2793
4077.15,1.2631
4078.05,1.2481
4078.95,1.243
4079.85,1.2618
4080.75,1.2808
4081.65,1.3019
4082.55,1.323
4083.45,1.326
4084.35,1.3299
4085.25,1.3243
4086.15,1.3142
4087.05,1.3198
4087.95,1.3238
4088.85,1.332
4089.75,1.3283
4090.65,1.3255
4091.55,1.3152
4092.45,1.2958
4093.36,1.269
4094.26,1.2315
4095.16,1.1976
4096.06,1.1627
4096.96,1.1122
4097.86,1.0609
4098.76,1.0045
4099.66,0.95196
4100.56,0.89806
4101.46,0.85813
4102.36,0.83275
4103.26,0.83613
4104.16,0.85623
4105.06,0.90138
4105.96,0.95598
4106.86,1.0113
4107.76,1.0604
4108.66,1.1023
4109.56,1.1348
4110.46,1.1576
4111.36,1.186
4112.26,1.2051
4113.16,1.235
4114.06,1.2618
4114.96,1.2815
4115.86,1.301
4116.76,1.3098
4117.66,1.3236
4118.56,1.3203
4119.46,1.3201
4120.36,1.3082
4121.26,1.3106
4122.16,1.307
4123.06,1.315
4123.96,1.3175
4124.86,1.3202
4125.76,1.3334
4126.66,1.3262
4127.56,1.3312
4128.46,1.32
4129.36,1.3112
4130.26,1.3074
4131.17,1.2956
4132.06,1.2918
4132.97,1.2953
4133.87,1.3005
4134.77,1.3129
4135.67,1.3315
4136.57,1.3594
4137.47,1.383
4138.37,1.403
4139.27,1.4162
4140.17,1.4281
4141.07,1.4125
4141.97,1.4001
4142.87,1.3794
4143.77,1.3649
4144.67,1.3526
4145.57,1.3517
4146.47,1.3517
4147.37,1.362
4148.27,1.3636
4149.17,1.3725
4150.07,1.3627
4150.97,1.3669
4151.87,1.3576
4152.77,1.3481
4153.67,1.3333
4154.57,1.3285
4155.47,1.3239
4156.37,1.3213
4157.27,1.3267
4158.17,1.3292
4159.07,1.3472
4159.97,1.3613
4160.87,1.381
4161.77,1.3939
4162.67,1.4056
4163.57,1.4151
4164.47,1.4199
4165.37,1.4163
4166.27,1.4083
4167.17,1.4016
4168.07,1.3928
4168.98,1.3785
4169.88,1.3648
4170.78,1.3466
4171.68,1.3215
4172.58,1.3051
4173.48,1.2832
4174.38,1.2664
4175.28,1.264
4176.18,1.2714
4177.08,1.2734
4177.98,1.2804
4178.88,1.2854
4179.78,1.302
4180.68,1.3104
4181.58,1.3223
4182.48,1.3181
4183.38,1.3401
4184.28,1.3459
4185.18,1.3483
4186.08,1.355
4186.98,1.3524
4187.88,1.3605
4188.78,1.3607
4189.68,1.3635
4190.58,1.3798
4191.48,1.3866
4192.38,1.401
4193.28,1.4132
4194.18,1.4061
4195.08,1.3989
4195.98,1.3807
4196.88,1.3653
4197.78,1.3394
4198.68,1.3209
4199.58,1.3156
4200.48,1.3063
4201.38,1.3074
4202.28,1.3143
4203.18,1.3207
4204.08,1.3325
4204.98,1.3474
4205.88,1.3594
4206.79,1.3751
4207.69,1.391
4208.59,1.4022
4209.49,1.4107
4210.39,1.4135
4211.29,1.4161
4212.19,1.4159
4213.09,1.4185
4213.99,1.3967
4214.89,1.393
4215.79,1.3851
4216.69,1.3867
4217.59,1.3857
4218.49,1.4004
4219.39,1.4194
4220.29,1.4303
4221.19,1.4428
4222.09,1.4302
4222.99,1.4126
4223.89,1.3802
4224.79,1.3413
4225.69,1.296
4226.59,1.2674
4227.49,1.2478
4228.39,1.2632
4229.29,1.292
4230.19,1.332
4231.09,1.3641
4231.99,1.3875
4232.89,1.4006
4233.79,1.3961
4234.69,1.3845
4235.59,1.3721
4236.49,1.368
4237.39,1.3566
4238.29,1.3559
4239.19,1.3608
4240.09,1.3699
4240.99,1.386
4241.89,1.3956
4242.79,1.4147
4243.69,1.426
4244.59,1.4291
4245.5,1.4268
4246.4,1.4154
4247.3,1.4059
4248.2,1.3926
4249.1,1.3799
4250.0,1.3688
4250.9,1.3653
4251.8,1.3726
4252.7,1.3754
4253.6,1.3794
4254.5,1.3933
4255.4,1.3919
4256.3,1.3968
4257.2,1.3986
4258.1,1.3964
4259.0,1.3888
4259.9,1.3706
4260.8,1.3697
4261.7,1.3712
4262.6,1.3873
4263.5,1.4005
4264.4,1.4249
4265.3,1.4524
4266.2,1.4588
4267.1,1.4591
4268.0,1.441
4268.9,1.4201
4269.8,1.3911
4270.7,1.3474
4271.6,1.3209
4272.5,1.3042
4273.4,1.2908
4274.3,1.2948
4275.2,1.3107
4276.1,1.3285
4277.0,1.3559
4277.9,1.3824
4278.8,1.3949
4279.7,1.4109
4280.6,1.4083
4281.5,1.4119
4282.4,1.3958
4283.31,1.3888
4284.21,1.3798
4285.11,1.3679
4286.01,1.3528
4286.91,1.3397
4287.81,1.3157
4288.71,1.2958
4289.61,1.2775
4290.51,1.2638
4291.41,1.2615
4292.31,1.2719
4293.21,1.2803
4294.11,1.2949
4295.01,1.3048
4295.91,1.303
4296.81,1.2909
4297.71,1.271
4298.61,1.2424
4299.51,1.2142
4300.41,1.1883
4301.31,1.1631
4302.21,1.1561
4303.11,1.1511
4304.01,1.1499
4304.91,1.1584
4305.81,1.1638
4306.71,1.162
4307.61,1.1662
4308.51,1.1664
4309.41,1.1642
4310.31,1.1735
4311.21,1.1979
4312.11,1.214
4313.01,1.2366
4313.91,1.2585
4314.81,1.2815
4315.71,1.2987
4316.61,1.3326
4317.51,1.352
4318.41,1.3738
4319.31,1.3869
4320.21,1.3786
4321.12,1.3698
4322.02,1.3513
4322.92,1.3214
4323.82,1.2898
4324.72,1.2566
4325.62,1.23
4326.52,1.2148
4327.42,1.2155
4328.32,1.22
4329.22,1.2335
4330.12,1.2492
4331.02,1.2584
4331.92,1.2626
4332.82,1.2539
4333.72,1.2387
4334.62,1.214
4335.52,1.178
4336.42,1.1286
4337.32,1.0719
4338.22,1.0078
4339.12,0.94633
4340.02,0.88697
4340.92,0.85831
4341.82,0.85198
4342.72,0.86572
4343.62,0.90462
4344.52,0.95725
4345.42,1.017
4346.32,1.0688
4347.22,1.1199
4348.12,1.1642
4349.02,1.1896
4349.92,1.1993
4350.82,1.2073
4351.72,1.2142
4352.62,1.2119
4353.52,1.2136
4354.42,1.2324
4355.32,1.2472
4356.22,1.2761
4357.12,1.3042
4358.02,1.3201
4358.92,1.3361
4359.83,1.3497
4360.73,1.3691
4361.63,1.3809
4362.53,1.399
4363.43,1.4188
4364.33,1.4318
4365.23,1.4406
4366.13,1.44
4367.03,1.4293
4367.93,1.421
4368.83,1.4087
4369.73,1.3931
4370.63,1.3835
4371.53,1.3827
4372.43,1.3675
4373.33,1.3653
4374.23,1.3617
4375.13,1.3492
4376.03,1.3566
4376.93,1.3581
4377.83,1.3739
4378.73,1.3899
4379.63,1.3996
4380.53,1.3956
4381.43,1.3761
4382.33,1.3421
4383.23,1.3161
4384.13,1.2842
4385.03,1.2602
4385.93,1.2493
4386.83,1.2617
4387.73,1.2771
4388.63,1.3005
4389.53,1.3194
4390.43,1.3366
4391.33,1.3484
4392.23,1.3552
4393.13,1.3608
4394.03,1.3653
4394.93,1.3749
4395.83,1.3748
4396.73,1.3848
4397.64,1.3866
4398.54,1.3882
4399.44,1.3851
4400.34,1.3818
4401.24,1.3755
4402.14,1.3546
4403.04,1.3474
4403.94,1.3386
4404.84,1.3339
4405.74,1.3369
4406.64,1.3357
4407.54,1.3447
4408.44,1.3598
4409.34,1.3734
4410.24,1.3959
4411.14,1.4105
4412.04,1.425
4412.94,1.4219
4413.84,1.4238
4414.74,1.4102
4415.64,1.4009
4416.54,1.3875
4417.44,1.3865
4418.34,1.3918
4419.24,1.4047
4420.14,1.4158
4421.04,1.4229
4421.94,1.4325
4422.84,1.4314
4423.74,1.4335
4424.64,1.4312
4425.54,1.4264
4426.44,1.435
4427.34,1.43
4428.24,1.4315
4429.14,1.4327
4430.04,1.4275
4430.94,1.4171
4431.84,1.4166
4432.74,1.3986
4433.64,1.3918
4434.54,1.3803
4435.45,1.3816
4436.35,1.3883
4437.25,1.3996
4438.15,1.4087
4439.05,1.4253
4439.95,1.4221
4440.85,1.4253
4441.75,1.4214
4442.65,1.4078
4443.55,1.3905
4444.45,1.3955
4445.35,1.3922
4446.25,1.3997
4447.15,1.4194
4448.05,1.4332
4448.95,1.443
4449.85,1.4451
4450.75,1.4423
4451.65,1.4338
4452.55,1.4174
4453.45,1.3996
4454.35,1.3846
4455.25,1.3642
4456.15,1.3453
4457.05,1.327
4457.95,1.3227
4458.85,1.3189
4459.75,1.3203
4460.65,1.3207
4461.55,1.3272
4462.45,1.3344
4463.35,1.3433
4464.25,1.3528
4465.15,1.3647
4466.05,1.3694
4466.95,1.3794
4467.85,1.3796
4468.75,1.3779
4469.65,1.3806
4470.55,1.3916
4471.45,1.398
4472.35,1.418
4473.25,1.4314
4474.16,1.4479
4475.06,1.4647
4475.96,1.4712
4476.86,1.4741
4477.76,1.4696
4478.66,1.4596
4479.56,1.4413
4480.46,1.4165
4481.36,1.3907
4482.26,1.3845
4483.16,1.3819
4484.06,1.3904
4484.96,1.4073
4485.86,1.425
4486.76,1.4358
4487.66,1.4412
4488.56,1.4395
4489.46,1.4244
4490.36,1.4202
4491.26,1.4084
4492.16,1.406
4493.06,1.4139
4493.96,1.4101
4494.86,1.4194
4495.76,1.4225
4496.66,1.4299
4497.56,1.4355
4498.46,1.4436
4499.36,1.4571
4500.26,1.4635
4501.16,1.4734
4502.06,1.4804
4502.96,1.4943
4503.86,1.5065
4504.76,1.5136
4505.66,1.5256
4506.56,1.5281
4507.46,1.5359
4508.36,1.5323
4509.26,1.5278
4510.17,1.5204
4511.06,1.5154
4511.97,1.5077
4512.87,1.5087
4513.77,1.5011
4514.67,1.4808
4515.57,1.4696
4516.47,1.4666
4517.37,1.4642
4518.27,1.4514
4519.17,1.4603
4520.07,1.4588
4520.97,1.4602
4521.87,1.4531
4522.77,1.4463
4523.67,1.4349
4524.57,1.4219
4525.47,1.4089
4526.37,1.3882
4527.27,1.3723
4528.17,1.3531
4529.07,1.3428
4529.97,1.336
4530.87,1.3307
4531.77,1.3297
4532.67,1.3351
4533.57,1.3402
4534.47,1.3445
4535.37,1.3553
4536.27,1.3708
4537.17,1.3877
4538.07,1.4079
4538.97,1.4259
4539.87,1.4336
4540.77,1.4454
4541.67,1.4479
4542.57,1.4476
4543.47,1.4425
4544.37,1.4414
4545.27,1.4297
4546.17,1.4182
4547.07,1.4069
4547.97,1.4054
4548.88,1.387
4549.77,1.3798
4550.68,1.3698
4551.58,1.3617
4552.48,1.3634
4553.38,1.3582
4554.28,1.3671
4555.18,1.3684
4556.08,1.3744
4556.98,1.392
4557.88,1.4013
4558.78,1.4212
4559.68,1.435
4560.58,1.4524
4561.48,1.4591
4562.38,1.4599
4563.28,1.4526
4564.18,1.4505
4565.08,1.4455
4565.98,1.4356
4566.88,1.4372
4567.78,1.4482
4568.68,1.4528
4569.58,1.4582
4570.48,1.4572
4571.38,1.4612
4572.28,1.4617
4573.18,1.4593
4574.08,1.459
4574.98,1.4618
4575.88,1.4612
4576.78,1.4587
4577.68,1.4556
4578.58,1.4448
4579.48,1.4316
4580.38,1.4168
4581.28,1.3968
4582.18,1.3883
4583.08,1.3811
4583.98,1.374
4584.88,1.3764
4585.78,1.3812
4586.69,1.3846
4587.58,1.3974
4588.49,1.4001
4589.39,1.4199
4590.29,1.425
4591.19,1.4228
4592.09,1.4264
4592.99,1.4228
4593.89,1.4147
4594.79,1.4096
4595.69,1.4076
4596.59,1.4048
4597.49,1.4073
4598.39,1.4071
4599.29,1.4086
4600.19,1.411
4601.09,1.4101
4601.99,1.407
4602.89,1.4134
4603.79,1.4206
4604.69,1.428
4605.59,1.4305
4606.49,1.435
4607.39,1.4569
4608.29,1.4605
4609.19,1.4718
4610.09,1.474
4610.99,1.4785
4611.89,1.4825
4612.79,1.4808
4613.69,1.4769
4614.59,1.4727
4615.49,1.4646
4616.39,1.4659
4617.29,1.4637
4618.19,1.4581
4619.09,1.4563
4619.99,1.4597
4620.89,1.4616
4621.79,1.461
4622.69,1.4647
4623.59,1.4717
4624.5,1.4781
4625.4,1.4748
4626.3,1.4733
4627.2,1.4726
4628.1,1.4685
4629.0,1.47
4629.9,1.467
4630.8,1.4623
4631.7,1.4643
4632.6,1.4582
4633.5,1.449
4634.4,1.4508
4635.3,1.4431
4636.2,1.4343
4637.1,1.4287
4638.0,1.423
4638.9,1.4207
4639.8,1.4206
4640.7,1.4218
4641.6,1.4287
4642.5,1.4212
4643.4,1.4218
4644.3,1.4118
4645.2,1.4038
4646.1,1.3885
4647.0,1.3779
4647.9,1.3704
4648.8,1.373
4649.7,1.3744
4650.6,1.3818
4651.5,1.392
4652.4,1.4009
4653.3,1.4108
4654.2,1.4146
4655.1,1.4165
4656.0,1.4209
4656.9,1.425
4657.8,1.427
4658.7,1.4417
4659.6,1.439
4660.5,1.4445
4661.4,1.4494
4662.3,1.4488
4663.21,1.4317
4664.11,1.4183
4665.01,1.3988
4665.91,1.3776
4666.81,1.3537
4667.71,1.3379
4668.61,1.3303
4669.51,1.3378
4670.41,1.3427
4671.31,1.3528
4672.21,1.3707
4673.11,1.3856
4674.01,1.4064
4674.91,1.4141
4675.81,1.418
4676.71,1.4276
4677.61,1.4248
4678.51,1.4253
4679.41,1.4141
4680.31,1.4143
4681.21,1.4154
4682.11,1.4058
4683.01,1.4055
4683.91,1.4097
4684.81,1.4228
4685.71,1.4192
4686.61,1.4275
4687.51,1.4234
4688.41,1.4209
4689.31,1.4178
4690.21,1.4185
4691.11,1.4126
4692.01,1.4105
4692.91,1.4132
4693.81,1.4132
4694.71,1.4183
4695.61,1.4141
4696.51,1.4206
4697.41,1.4141
4698.31,1.4045
4699.21,1.3949
4700.12,1.3874
4701.02,1.3679
4701.92,1.3606
4702.82,1.3567
4703.72,1.3638
4704.62,1.3509
4705.52,1.358
4706.42,1.3639
4707.32,1.3564
4708.22,1.3633
4709.12,1.3667
4710.02,1.3724
4710.92,1.3759
4711.82,1.382
4712.72,1.3881
4713.62,1.3979
4714.52,1.4028
4715.42,1.4058
4716.32,1.4179
4717.22,1.429
4718.12,1.4348
4719.02,1.4551
4719.92,1.4603
4720.82,1.4631
4721.72,1.4716
4722.62,1.4781
4723.52,1.4749
4724.42,1.4722
4725.32,1.4661
4726.22,1.456
4727.12,1.4407
4728.02,1.4197
4728.92,1.407
4729.82,1.3887
4730.72,1.3839
4731.62,1.3741
4732.52,1.3779
4733.42,1.3728
4734.32,1.3793
4735.22,1.3891
4736.12,1.3887
4737.02,1.4006
4737.92,1.3996
4738.83,1.4014
4739.73,1.4136
4740.63,1.4207
4741.53,1.4278
4742.43,1.4327
4743.33,1.4359
4744.23,1.438
4745.13,1.4512
4746.03,1.4433
4746.93,1.448
4747.83,1.4474
4748.73,1.4447
4749.63,1.4462
4750.53,1.4408
4751.43,1.4333
4752.33,1.429
4753.23,1.4256
4754.13,1.4136
4755.03,1.4145
4755.93,1.4125
4756.83,1.4045
4757.73,1.4114
4758.63,1.4141
4759.53,1.416
4760.43,1.4137
4761.33,1.4126
4762.23,1.3959
4763.13,1.3859
4764.03,1.3729
4764.93,1.3668
4765.83,1.3622
4766.73,1.3552
4767.63,1.3687
4768.53,1.369
4769.43,1.3875
4770.33,1.3922
4771.23,1.4034
4772.13,1.4102
4773.03,1.4256
4773.93,1.4333
4774.83,1.4339
4775.73,1.4396
4776.64,1.45
4777.54,1.4517
4778.44,1.4586
4779.34,1.4576
4780.24,1.4556
4781.14,1.4475
4782.04,1.4386
4782.94,1.4305
4783.84,1.4224
4784.74,1.415
4785.64,1.4078
4786.54,1.407
4787.44,1.3982
4788.34,1.4008
4789.24,1.396
4790.14,1.4034
4791.04,1.4031
4791.94,1.4081
4792.84,1.4281
4793.74,1.4371
4794.64,1.4485
4795.54,1.4511
4796.44,1.4579
4797.34,1.4574
4798.24,1.4525
4799.14,1.4433
4800.04,1.4315
4800.94,1.432
4801.84,1.421
4802.74,1.4255
4803.64,1.4231
4804.54,1.4188
4805.44,1.4194
4806.34,1.4213
4807.24,1.4163
4808.14,1.4152
4809.04,1.4094
4809.94,1.4036
4810.84,1.4145
4811.74,1.4116
4812.64,1.4205
4813.54,1.4229
4814.45,1.4378
4815.35,1.4275
4816.25,1.4381
4817.15,1.4466
4818.05,1.4492
4818.95,1.4495
4819.85,1.4514
4820.75,1.4491
4821.65,1.4353
4822.55,1.43
4823.45,1.418
4824.35,1.4077
4825.25,1.3987
4826.15,1.3976
4827.05,1.3916
4827.95,1.3913
4828.85,1.3936
4829.75,1.397
4830.65,1.3876
4831.55,1.3907
4832.45,1.39
4833.35,1.3923
4834.25,1.3881
4835.15,1.3894
4836.05,1.3918
4836.95,1.3795
4837.85,1.3763
4838.75,1.3709
4839.65,1.3672
4840.55,1.3519
4841.45,1.3505
4842.35,1.3439
4843.25,1.3405
4844.15,1.3357
4845.05,1.3343
4845.95,1.3314
4846.85,1.324
4847.75,1.3233
4848.65,1.3087
4849.55,1.3005
4850.45,1.2885
4851.35,1.275
4852.26,1.2559
4853.16,1.2383
4854.06,1.218
4854.96,1.1855
4855.86,1.1576
4856.76,1.1199
4857.66,1.0832
4858.56,1.0425
4859.46,1.0008
4860.36,0.96426
4861.26,0.93585
4862.16,0.91586
4863.06,0.91201
4863.96,0.92269
4864.86,0.9518
4865.76,0.98825
4866.66,1.0258
4867.56,1.0632
4868.46,1.1011
4869.36,1.1253
4870.26,1.1421
4871.16,1.1555
4872.06,1.1649
4872.96,1.1736
4873.86,1.1831
4874.76,1.2022
4875.66,1.2156
4876.56,1.2286
4877.46,1.2524
4878.36,1.2683
4879.26,1.284
4880.16,1.2979
4881.06,1.3094
4881.96,1.3089
4882.86,1.309
4883.76,1.3081
4884.66,1.3046
4885.56,1.2932
4886.46,1.284
4887.36,1.2775
4888.26,1.2794
4889.17,1.2699
4890.07,1.2707
4890.97,1.2781
4891.87,1.293
4892.77,1.3018
4893.67,1.32
4894.57,1.3438
4895.47,1.3682
4896.37,1.3844
4897.27,1.3942
4898.17,1.4047
4899.07,1.4079
4899.97,1.4067
4900.87,1.4001
4901.77,1.3974
4902.67,1.3947
4903.57,1.3915
4904.47,1.3896
4905.37,1.3877
4906.27,1.3873
4907.17,1.3911
4908.07,1.3717
4908.97,1.3759
4909.87,1.3645
4910.77,1.3539
4911.67,1.3528
4912.57,1.3558
4913.47,1.3596
4914.37,1.3617
4915.27,1.3669
4916.17,1.3656
4917.07,1.3555
4917.97,1.3402
4918.87,1.3224
4919.77,1.3072
4920.67,1.2863
4921.57,1.274
4922.47,1.2707
4923.37,1.2717
4924.27,1.2844
4925.17,1.2994
4926.07,1.3144
4926.98,1.3309
4927.88,1.3468
4928.78,1.364
4929.68,1.373
4930.58,1.3819
4931.48,1.3779
4932.38,1.3743
4933.28,1.3577
4934.18,1.3492
4935.08,1.3338
4935.98,1.3212
4936.88,1.317
4937.78,1.3082
4938.68,1.3046
4939.58,1.3047
4940.48,1.3125
4941.38,1.3221
4942.28,1.3328
4943.18,1.3402
4944.08,1.3517
4944.98,1.3596
4945.88,1.3628
4946.78,1.3639
4947.68,1.3707
4948.58,1.3735
4949.48,1.3847
4950.38,1.3769
4951.28,1.3828
4952.18,1.3859
4953.08,1.3807
4953.98,1.3849
4954.88,1.3671
4955.78,1.354
4956.68,1.3441
4957.58,1.339
4958.48,1.3304
4959.38,1.3363
4960.28,1.34
4961.18,1.352
4962.08,1.3607
4962.98,1.3757
4963.88,1.3832
4964.79,1.3815
4965.69,1.3778
4966.59,1.3699
4967.49,1.3624
4968.39,1.3644
4969.29,1.3572
4970.19,1.3512
4971.09,1.3529
4971.99,1.3634
4972.89,1.3707
4973.79,1.3788
4974.69,1.3825
4975.59,1.3835
4976.49,1.3827
4977.39,1.3749
4978.29,1.3639
4979.19,1.351
4980.09,1.3333
4980.99,1.3136
4981.89,1.2929
4982.79,1.2703
4983.69,1.2635
4984.59,1.2599
4985.49,1.2646
4986.39,1.2712
4987.29,1.2784
4988.19,1.3028
4989.09,1.3068
4989.99,1.3219
4990.89,1.3245
4991.79,1.3322
4992.69,1.3362
4993.59,1.3348
4994.49,1.3421
4995.39,1.3408
4996.29,1.3399
4997.19,1.336
4998.09,1.3317
4998.99,1.3306
4999.89,1.3213
5000.79,1.3077
5001.7,1.2962
5002.6,1.2788
5003.5,1.2763
5004.4,1.2682
5005.3,1.2639
5006.2,1.2658
5007.1,1.2596
5008.0,1.2662
5008.9,1.268
5009.8,1.2738
5010.7,1.2734
5011.6,1.2725
5012.5,1.269
5013.4,1.2594
5014.3,1.2476
5015.2,1.2423
5016.1,1.2339
5017.0,1.2364
5017.9,1.2317
5018.8,1.2303
5019.7,1.2311
5020.6,1.2368
5021.5,1.2449
5022.4,1.2563
5023.3,1.262
5024.2,1.2716
5025.1,1.2833
5026.0,1.2857
5026.9,1.2923
5027.8,1.2976
5028.7,1.305
5029.6,1.3124
5030.5,1.3202
5031.4,1.3249
5032.3,1.3346
5033.2,1.3366
5034.1,1.3342
5035.0,1.3363
5035.9,1.3243
5036.8,1.3095
5037.7,1.2929
5038.6,1.2783
5039.5,1.2632
5040.41,1.2496
5041.31,1.2456
5042.21,1.2414
5043.11,1.2547
5044.01,1.2686
5044.91,1.2871
5045.81,1.2994
5046.71,1.3134
5047.61,1.3165
5048.51,1.3189
5049.41,1.3136
5050.31,1.3067
5051.21,1.309
5052.11,1.2985
5053.01,1.309
5053.91,1.3048
5054.81,1.3159
5055.71,1.3232
5056.61,1.3349
5057.51,1.3513
5058.41,1.354
5059.31,1.3629
5060.21,1.3772
5061.11,1.3754
5062.01,1.3703
5062.91,1.3652
5063.81,1.3586
5064.71,1.3495
5065.61,1.333
5066.51,1.326
5067.41,1.3195
5068.31,1.3121
5069.21,1.3009
5070.11,1.3037
5071.01,1.299
5071.91,1.3028
5072.81,1.3034
5073.71,1.3036
5074.61,1.304
5075.51,1.2946
5076.42,1.2879
5077.31,1.2852
5078.21,1.2785
5079.12,1.2729
5080.02,1.2596
5080.92,1.2476
5081.82,1.2515
5082.72,1.2464
5083.62,1.2536
5084.52,1.2613
5085.42,1.2705
5086.32,1.2834
5087.22,1.2924
5088.12,1.3055
5089.02,1.3046
5089.92,1.3189
5090.82,1.3208
5091.72,1.3254
5092.62,1.3325
5093.52,1.3319
5094.42,1.3345
5095.32,1.3245
5096.22,1.3154
5097.12,1.3015
5098.02,1.2871
5098.92,1.2817
5099.82,1.2692
5100.72,1.2708
5101.62,1.2705
5102.52,1.2725
5103.42,1.2865
5104.32,1.2876
5105.22,1.294
5106.12,1.2915
5107.02,1.2923
5107.92,1.2879
5108.82,1.2842
5109.72,1.285
5110.62,1.282
5111.52,1.2847
5112.42,1.2985
5113.32,1.3029
5114.22,1.308
5115.12,1.3182
5116.03,1.3303
5116.93,1.341
5117.83,1.3351
5118.73,1.3428
5119.63,1.3311
5120.53,1.3217
5121.43,1.3156
5122.33,1.3027
5123.23,1.2917
5124.13,1.2822
5125.03,1.2661
5125.93,1.2608
5126.83,1.2478
5127.73,1.2447
5128.63,1.247
5129.53,1.2455
5130.43,1.248
5131.33,1.2601
5132.23,1.2614
5133.13,1.2688
5134.03,1.2715
5134.93,1.2734
5135.83,1.2774
5136.73,1.2756
5137.63,1.2671
5138.53,1.2639
5139.43,1.2574
5140.33,1.2515
5141.23,1.2537
5142.13,1.2457
5143.03,1.244
5143.93,1.2452
5144.83,1.2431
5145.73,1.2464
5146.63,1.2465
5147.53,1.2493
5148.43,1.2472
5149.33,1.25
5150.23,1.2482
5151.13,1.249
5152.03,1.2464
5152.94,1.2554
5153.84,1.2507
5154.74,1.2559
5155.64,1.2597
5156.54,1.2685
5157.44,1.2762
5158.34,1.2774
5159.24,1.2816
5160.14,1.2797
5161.04,1.2802
5161.94,1.2703
5162.84,1.26
5163.74,1.2375
5164.64,1.2177
5165.54,1.1918
5166.44,1.166
5167.34,1.1336
5168.24,1.1103
5169.14,1.0946
5170.04,1.0818
5170.94,1.0797
5171.84,1.0874
5172.74,1.0935
5173.64,1.1064
5174.54,1.1278
5175.44,1.1493
5176.34,1.1792
5177.24,1.204
5178.14,1.2173
5179.04,1.2317
5179.94,1.236
5180.84,1.2268
5181.74,1.2118
5182.64,1.1952
5183.54,1.1766
5184.44,1.1628
5185.34,1.1598
5186.24,1.1601
5187.14,1.1738
5188.04,1.1835
5188.94,1.198
5189.84,1.209
5190.75,1.2139
5191.65,1.214
5192.55,1.2141
5193.45,1.2101
5194.35,1.2072
5195.25,1.2107
5196.15,1.211
5197.05,1.215
5197.95,1.2212
5198.85,1.2234
5199.75,1.2359
5200.65,1.24
5201.55,1.2397
5202.45,1.2335
5203.35,1.2346
5204.25,1.2247
5205.15,1.2165
5206.05,1.2123
5206.95,1.1999
5207.85,1.1949
5208.75,1.1943
5209.65,1.1976
5210.55,1.2054
5211.45,1.2126
5212.35,1.2251
5213.25,1.2344
5214.15,1.2454
5215.05,1.2466
5215.95,1.2468
5216.85,1.2499
5217.75,1.2547
5218.65,1.2592
5219.55,1.2573
5220.45,1.2663
5221.35,1.2715
5222.25,1.2663
5223.15,1.2618
5224.05,1.2531
5224.95,1.2346
5225.85,1.2237
5226.75,1.2076
5227.66,1.1911
5228.56,1.1876
5229.46,1.1914
5230.36,1.1999
5231.26,1.2039
5232.16,1.2155
5233.06,1.222
5233.96,1.2314
5234.86,1.235
5235.76,1.2434
5236.66,1.2472
5237.56,1.2571
5238.46,1.2629
5239.36,1.2748
5240.26,1.2821
5241.16,1.2857
5242.06,1.2926
5242.96,1.2959
5243.86,1.2932
5244.76,1.293
5245.66,1.2886
5246.56,1.2872
5247.46,1.2761
5248.36,1.2721
5249.26,1.27
5250.16,1.2623
5251.06,1.2559
5251.96,1.2534
5252.86,1.2561
5253.76,1.2597
5254.66,1.2576
5255.56,1.2636
5256.46,1.2676
5257.36,1.2764
5258.26,1.2785
5259.16,1.2745
5260.06,1.2665
5260.96,1.2551
5261.86,1.2432
5262.76,1.228
5263.66,1.1963
5264.56,1.1753
5265.47,1.1538
5266.37,1.1415
5267.27,1.1268
5268.17,1.1205
5269.07,1.1151
5269.97,1.1161
5270.87,1.1283
5271.77,1.1337
5272.67,1.1443
5273.57,1.1564
5274.47,1.1714
5275.37,1.185
5276.27,1.1981
5277.17,1.2073
5278.07,1.2212
5278.97,1.2366
5279.87,1.2446
5280.77,1.2426
5281.67,1.2497
5282.57,1.2436
5283.47,1.2456
5284.37,1.2548
5285.27,1.2611
5286.17,1.2703
5287.07,1.2764
5287.97,1.2904
5288.87,1.3048
5289.77,1.3162
5290.67,1.3293
5291.57,1.3229
5292.47,1.3333
5293.37,1.3196
5294.27,1.3151
5295.17,1.2984
5296.07,1.2877
5296.97,1.2774
5297.87,1.2627
5298.77,1.2617
5299.67,1.2531
5300.57,1.248
5301.48,1.2554
5302.38,1.2559
5303.27,1.27
5304.18,1.2711
5305.08,1.2859
5305.98,1.2931
5306.88,1.3022
5307.78,1.3073
5308.68,1.311
5309.58,1.3121
5310.48,1.3149
5311.38,1.3162
5312.28,1.3143
5313.18,1.3151
5314.08,1.3055
5314.98,1.2986
5315.88,1.2946
5316.78,1.286
5317.68,1.28
5318.58,1.2773
5319.48,1.2713
5320.38,1.2684
5321.28,1.2667
5322.18,1.2609
5323.08,1.2559
5323.98,1.2464
5324.88,1.23
5325.78,1.2251
5326.68,1.2077
5327.58,1.1893
5328.48,1.1829
5329.38,1.1807
5330.28,1.1832
5331.18,1.1897
5332.08,1.206
5332.98,1.2198
5333.88,1.2329
5334.78,1.2441
5335.68,1.2541
5336.58,1.2585
5337.48,1.2619
5338.38,1.2583
5339.28,1.2594
5340.19,1.2518
5341.08,1.2459
5341.99,1.2477
5342.89,1.2488
5343.79,1.2535
5344.69,1.2533
5345.59,1.2541
5346.49,1.2566
5347.39,1.2532
5348.29,1.2572
5349.19,1.2601
5350.09,1.266
5350.99,1.2683
5351.89,1.2738
5352.79,1.2871
5353.69,1.2949
5354.59,1.3081
5355.49,1.3201
5356.39,1.3242
5357.29,1.3356
5358.19,1.3285
5359.09,1.328
5359.99,1.33
5360.89,1.3206
5361.79,1.3096
5362.69,1.3041
5363.59,1.2967
5364.49,1.2778
5365.39,1.2729
5366.29,1.2601
5367.19,1.247
5368.09,1.238
5368.99,1.2318
5369.89,1.2263
5370.79,1.2195
5371.69,1.2213
5372.59,1.2193
5373.49,1.2312
5374.39,1.241
5375.29,1.2487
5376.19,1.2625
5377.09,1.268
5378.0,1.2743
5378.9,1.2762
5379.8,1.2739
5380.7,1.2699
5381.6,1.267
5382.5,1.2718
5383.4,1.2665
5384.3,1.2661
5385.2,1.2728
5386.1,1.2662
5387.0,1.2729
5387.9,1.2694
5388.8,1.27
5389.7,1.2592
5390.6,1.2486
5391.5,1.2448
5392.4,1.2396
5393.3,1.2348
5394.2,1.2303
5395.1,1.2224
5396.0,1.2178
5396.9,1.2111
5397.8,1.2128
5398.7,1.2099
5399.6,1.211
5400.5,1.211
5401.4,1.2112
5402.3,1.2059
5403.2,1.2017
5404.1,1.197
5405.0,1.1893
5405.9,1.1836
5406.8,1.1775
5407.7,1.1811
5408.6,1.1772
5409.5,1.1809
5410.4,1.1871
5411.3,1.2004
5412.2,1.2078
5413.1,1.2195
5414.0,1.2259
5414.9,1.2371
5415.81,1.2484
5416.71,1.2503
5417.61,1.2548
5418.51,1.2566
5419.41,1.2593
5420.31,1.2574
5421.21,1.2534
5422.11,1.2509
5423.01,1.2488
5423.91,1.243
5424.81,1.2444
5425.71,1.2472
5426.61,1.2426
5427.51,1.2379
5428.41,1.2361
5429.31,1.2291
5430.21,1.2253
5431.11,1.2288
5432.01,1.2197
5432.91,1.2124
5433.81,1.2177
5434.71,1.2155
5435.61,1.2177
5436.51,1.2228
5437.41,1.2341
5438.31,1.242
5439.21,1.2543
5440.11,1.2587
5441.01,1.2738
5441.91,1.2761
5442.81,1.2786
5443.71,1.2751
5444.61,1.266
5445.51,1.2527
5446.41,1.2476
5447.31,1.2376
5448.21,1.2396
5449.11,1.2383
5450.01,1.2328
5450.91,1.2399
5451.81,1.2471
5452.72,1.2484
5453.62,1.2439
5454.52,1.2387
5455.42,1.2397
5456.32,1.2358
5457.22,1.2369
5458.12,1.2352
5459.02,1.2376
5459.92,1.2424
5460.82,1.2415
5461.72,1.2468
5462.62,1.245
5463.52,1.2396
5464.42,1.2411
5465.32,1.2377
5466.22,1.2339
5467.12,1.2338
5468.02,1.2393
5468.92,1.242
5469.82,1.2437
5470.72,1.2396
5471.62,1.239
5472.52,1.236
5473.42,1.2268
5474.32,1.2138
5475.22,1.2091
5476.12,1.1998
5477.02,1.1964
5477.92,1.193
5478.82,1.1902
5479.72,1.1901
5480.62,1.1971
5481.52,1.2029
5482.42,1.203
5483.32,1.2087
5484.22,1.2192
5485.12,1.2225
5486.02,1.2257
5486.92,1.2304
5487.82,1.2328
5488.72,1.2307
5489.62,1.2341
5490.53,1.232
5491.43,1.2315
5492.33,1.2304
5493.23,1.2296
5494.13,1.2318
5495.03,1.2314
5495.93,1.2313
5496.83,1.2343
5497.73,1.232
5498.63,1.2308
5499.53,1.2311
5500.43,1.227
5501.33,1.2284
5502.23,1.2265
5503.13,1.2254
5504.03,1.2148
5504.93,1.2134
5505.83,1.2122
5506.73,1.213
5507.63,1.2059
5508.53,1.2083
5509.43,1.2114
5510.33,1.2029
5511.23,1.2078
5512.13,1.205
5513.03,1.2054
5513.93,1.2089
5514.83,1.208
5515.73,1.2142
5516.63,1.2207
5517.53,1.2245
5518.43,1.2306
5519.33,1.2363
5520.23,1.2403
5521.13,1.2396
5522.03,1.2447
5522.93,1.2453
5523.83,1.2392
5524.73,1.2354
5525.63,1.2267
5526.54,1.2192
5527.44,1.2146
5528.33,1.2077
5529.24,1.2065
5530.14,1.2004
5531.04,1.1995
5531.94,1.2059
5532.84,1.2095
5533.74,1.2133
5534.64,1.2134
5535.54,1.2198
5536.44,1.2174
5537.34,1.223
5538.24,1.2182
5539.14,1.2279
5540.04,1.2336
5540.94,1.2362
5541.84,1.2394
5542.74,1.2386
5543.64,1.236
5544.54,1.2395
5545.44,1.2404
5546.34,1.2369
5547.24,1.2418
5548.14,1.2353
5549.04,1.245
5549.94,1.2473
5550.84,1.2497
5551.74,1.2466
5552.64,1.2511
5553.54,1.2441
5554.44,1.2402
5555.34,1.2357
5556.24,1.2347
5557.14,1.2354
5558.04,1.23
5558.94,1.2272
5559.84,1.2272
5560.74,1.2252
5561.64,1.2219
5562.54,1.213
5563.44,1.2136
5564.34,1.2128
5565.25,1.2085
5566.15,1.207
5567.05,1.198
5567.95,1.1965
5568.85,1.199
5569.75,1.1977
5570.65,1.2014
5571.55,1.2052
5572.45,1.1992
5573.35,1.2015
5574.25,1.2046
5575.15,1.2032
5576.05,1.2111
5576.95,1.2118
5577.85,1.2142
5578.75,1.2109
5579.65,1.2146
5580.55,1.2213
5581.45,1.2178
5582.35,1.2127
5583.25,1.2028
5584.15,1.1995
5585.05,1.1901
5585.95,1.1821
5586.85,1.17
5587.75,1.1642
5588.65,1.1578
5589.55,1.1461
5590.45,1.1474
5591.35,1.151
5592.25,1.1523
5593.15,1.1531
5594.05,1.1601
5594.95,1.1672
5595.85,1.1695
5596.75,1.175
5597.65,1.177
5598.55,1.1751
5599.45,1.1723
5600.35,1.1733
5601.25,1.1719
5602.15,1.1712
5603.06,1.1751
5603.96,1.1833
5604.86,1.1882
5605.76,1.1958
5606.66,1.2048
5607.56,1.2184
5608.46,1.2252
5609.36,1.2331
5610.26,1.237
5611.16,1.2307
5612.06,1.2302
5612.96,1.2225
5613.86,1.2171
5614.76,1.2046
5615.66,1.1973
5616.56,1.1943
5617.46,1.1816
5618.36,1.1832
5619.26,1.1838
5620.16,1.1795
5621.06,1.1822
5621.96,1.1842
5622.86,1.1832
5623.76,1.1869
5624.66,1.1854
5625.56,1.1821
5626.46,1.1875
5627.36,1.1888
5628.26,1.1911
5629.16,1.2014
5630.06,1.2027
5630.96,1.2127
5631.86,1.2156
5632.76,1.2121
5633.66,1.2119
5634.56,1.2101
5635.46,1.2015
5636.36,1.2075
5637.26,1.1997
5638.16,1.1898
5639.06,1.1864
5639.96,1.1812
5640.86,1.1847
5641.77,1.1804
5642.67,1.1835
5643.57,1.1784
5644.47,1.1797
5645.37,1.1923
5646.27,1.1866
5647.17,1.1914
5648.07,1.1964
5648.97,1.1955
5649.87,1.1967
5650.77,1.1992
5651.67,1.1959
5652.57,1.1907
5653.47,1.1859
5654.37,1.188
5655.27,1.1761
5656.17,1.1732
5657.07,1.1658
5657.97,1.1613
5658.87,1.1517
5659.77,1.1469
5660.67,1.1514
5661.57,1.1441
5662.47,1.1543
5663.37,1.1544
5664.27,1.1553
5665.17,1.1661
5666.07,1.168
5666.97,1.1768
5667.87,1.176
5668.77,1.1814
5669.67,1.1835
5670.57,1.1913
5671.47,1.1961
5672.37,1.2002
5673.27,1.2047
5674.17,1.2039
5675.07,1.2099
5675.97,1.2118
5676.88,1.2104
5677.77,1.2134
5678.68,1.2085
5679.58,1.2097
5680.48,1.1997
5681.38,1.1974
5682.28,1.1916
5683.18,1.1888
5684.08,1.1792
5684.98,1.1746
5685.88,1.1734
5686.78,1.1722
5687.68,1.1675
5688.58,1.1719
5689.48,1.1693
5690.38,1.1758
5691.28,1.1831
5692.18,1.1865
5693.08,1.1915
5693.98,1.1975
5694.88,1.1962
5695.78,1.1995
5696.68,1.1972
5697.58,1.1935
5698.48,1.1904
5699.38,1.1883
5700.28,1.1828
5701.18,1.1821
5702.08,1.1759
5702.98,1.1649
5703.88,1.1648
5704.78,1.1576
5705.68,1.1561
5706.58,1.1516
5707.48,1.1447
5708.38,1.1404
5709.28,1.1334
5710.18,1.1302
5711.08,1.1324
5711.98,1.1385
5712.88,1.1385
5713.78,1.1456
5714.68,1.1576
5715.59,1.1626
5716.49,1.1796
5717.39,1.1812
5718.29,1.1879
5719.19,1.1953
5720.09,1.2028
5720.99,1.2052
5721.89,1.2102
5722.79,1.2173
5723.69,1.2133
5724.59,1.2184
5725.49,1.2207
5726.39,1.218
5727.29,1.2127
5728.19,1.2126
5729.09,1.2086
5729.99,1.2106
5730.89,1.2047
5731.79,1.2014
5732.69,1.2055
5733.59,1.2037
5734.49,1.2053
5735.39,1.2055
5736.29,1.2062
5737.19,1.2104
5738.09,1.2097
5738.99,1.21
5739.89,1.2082
5740.79,1.2074
5741.69,1.2012
5742.59,1.2123
5743.49,1.2083
5744.39,1.1997
5745.29,1.204
5746.19,1.2081
5747.09,1.2029
5747.99,1.1975
5748.89,1.1959
5749.79,1.1935
5750.69,1.1857
5751.59,1.1794
5752.5,1.1812
5753.4,1.1795
5754.3,1.1778
5755.2,1.1674
5756.1,1.1748
5757.0,1.1712
5757.9,1.1682
5758.8,1.169
5759.7,1.1708
5760.6,1.1742
5761.5,1.1708
5762.4,1.1716
5763.3,1.1726
5764.2,1.1726
5765.1,1.1758
5766.0,1.1835
5766.9,1.1878
5767.8,1.1932
5768.7,1.1991
5769.6,1.1993
5770.5,1.199
5771.4,1.199
5772.3,1.2001
5773.2,1.1992
5774.1,1.1945
5775.0,1.1887
5775.9,1.1914
5776.8,1.1864
5777.7,1.1836
5778.6,1.1796
5779.5,1.1712
5780.4,1.1639
5781.3,1.1589
5782.2,1.1497
5783.1,1.1454
5784.0,1.1386
5784.9,1.1362
5785.8,1.1354
5786.7,1.1393
5787.6,1.1427
5788.5,1.1491
5789.41,1.1547
5790.31,1.1574
5791.21,1.1609
5792.11,1.1711
5793.01,1.1761
5793.91,1.1781
5794.81,1.1768
5795.71,1.1809
5796.61,1.1856
5797.51,1.1871
5798.41,1.1849
5799.31,1.1912
5800.21,1.1888
5801.11,1.1934
5802.01,1.198
5802.91,1.1941
5803.81,1.1909
5804.71,1.1922
5805.61,1.1906
5806.51,1.1904
5807.41,1.1912
5808.31,1.1833
5809.21,1.187
5810.11,1.1855
5811.01,1.1959
5811.91,1.1917
5812.81,1.1893
5813.71,1.188
5814.61,1.1935
5815.51,1.1902
5816.41,1.1854
5817.31,1.1892
5818.21,1.195
5819.11,1.193
5820.01,1.1943
5820.91,1.2035
5821.81,1.2002
5822.71,1.2026
5823.61,1.2069
5824.51,1.2075
5825.41,1.2116
5826.31,1.2093
5827.22,1.2097
5828.12,1.2089
5829.02,1.2058
5829.92,1.2069
5830.82,1.2057
5831.72,1.2073
5832.62,1.2068
5833.52,1.2018
5834.42,1.2004
5835.32,1.1974
5836.22,1.2013
5837.12,1.2023
5838.02,1.1965
5838.92,1.1994
5839.82,1.2041
5840.72,1.1966
5841.62,1.1985
5842.52,1.2
5843.42,1.1996
5844.32,1.2008
5845.22,1.2001
5846.12,1.1954
5847.02,1.1963
5847.92,1.1911
5848.82,1.1842
5849.72,1.1817
5850.62,1.1771
5851.52,1.174
5852.42,1.1712
5853.32,1.1615
5854.22,1.1603
5855.12,1.1539
5856.02,1.1501
5856.92,1.141
5857.82,1.1404
5858.72,1.1429
5859.62,1.1401
5860.52,1.1379
5861.42,1.1418
5862.32,1.1452
5863.23,1.1511
5864.12,1.1552
5865.03,1.1561
5865.93,1.1645
5866.83,1.1715
5867.73,1.1655
5868.63,1.1753
5869.53,1.1721
5870.43,1.1745
5871.33,1.1772
5872.23,1.1783
5873.13,1.1858
5874.03,1.182
5874.93,1.1826
5875.83,1.1797
5876.73,1.1759
5877.63,1.1727
5878.53,1.1686
5879.43,1.1678
5880.33,1.164
5881.23,1.1647
5882.13,1.1565
5883.03,1.1567
5883.93,1.1482
5884.83,1.1426
5885.73,1.1289
5886.63,1.1199
5887.53,1.1081
5888.43,1.0859
5889.33,1.0714
5890.23,1.0561
5891.13,1.0418
5892.03,1.0321
5892.93,1.0256
5893.83,1.0236
5894.73,1.0231
5895.63,1.0279
5896.53,1.0357
5897.43,1.0389
5898.33,1.0491
5899.23,1.0625
5900.13,1.0806
5901.04,1.0922
5901.94,1.1056
5902.83,1.1177
5903.74,1.13
5904.64,1.1376
5905.54,1.1388
5906.44,1.1463
5907.34,1.1478
5908.24,1.1519
5909.14,1.1488
5910.04,1.1522
5910.94,1.1503
5911.84,1.1532
5912.74,1.1509
5913.64,1.1456
5914.54,1.1439
5915.44,1.1376
5916.34,1.1386
5917.24,1.1399
5918.14,1.145
5919.04,1.1505
5919.94,1.1437
5920.84,1.1517
5921.74,1.1537
5922.64,1.1557
5923.54,1.1535
5924.44,1.1559
5925.34,1.16
5926.24,1.1534
5927.14,1.1571
5928.04,1.1528
5928.94,1.152
5929.84,1.1517
5930.74,1.1467
5931.64,1.1491
5932.54,1.1512
5933.44,1.1506
5934.34,1.1446
5935.24,1.1482
5936.14,1.1512
5937.04,1.1497
5937.94,1.1598
5938.85,1.1519
5939.75,1.1569
5940.65,1.1561
5941.55,1.1542
5942.45,1.1555
5943.35,1.1536
5944.25,1.151
5945.15,1.1535
5946.05,1.1514
5946.95,1.1527
5947.85,1.1509
5948.75,1.1471
5949.65,1.1443
5950.55,1.1483
5951.45,1.1444
5952.35,1.1407
5953.25,1.1377
5954.15,1.1392
5955.05,1.1378
5955.95,1.1441
5956.85,1.1436
5957.75,1.1443
5958.65,1.1393
5959.55,1.1477
5960.45,1.1461
5961.35,1.1541
5962.25,1.1492
5963.15,1.1544
5964.05,1.1606
5964.95,1.1561
5965.85,1.1627
5966.75,1.1594
5967.65,1.1643
5968.55,1.1607
5969.45,1.1598
5970.35,1.1659
5971.25,1.1657
5972.15,1.1545
5973.05,1.1569
5973.95,1.158
5974.85,1.1567
5975.75,1.1512
5976.65,1.1508
5977.56,1.1431
5978.46,1.1389
5979.36,1.1389
5980.26,1.1395
5981.16,1.135
5982.06,1.1392
5982.96,1.1317
5983.86,1.1298
5984.76,1.1295
5985.66,1.1296
5986.56,1.1297
5987.46,1.1278
5988.36,1.1331
5989.26,1.1294
5990.16,1.1343
5991.06,1.1331
5991.96,1.1392
5992.86,1.1418
5993.76,1.1393
5994.66,1.1431
5995.56,1.1425
5996.46,1.1414
5997.36,1.1413
5998.26,1.1399
5999.16,1.1377
6000.06,1.1366
6000.96,1.1343
6001.86,1.1342
6002.76,1.1332
6003.66,1.1295
6004.56,1.1353
6005.46,1.1267
6006.36,1.1232
6007.26,1.1207
6008.16,1.1206
6009.06,1.1191
6009.96,1.1139
6010.86,1.1161
6011.76,1.1189
6012.67,1.1161
6013.56,1.1175
6014.47,1.1185
6015.37,1.116
6016.27,1.1176
6017.17,1.1124
6018.07,1.1143
6018.97,1.116
6019.87,1.1092
6020.77,1.1117
6021.67,1.1082
6022.57,1.1118
6023.47,1.1148
6024.37,1.1127
6025.27,1.1131
6026.17,1.1159
6027.07,1.1208
6027.97,1.1219
6028.87,1.129
6029.77,1.1309
6030.67,1.1364
6031.57,1.14
6032.47,1.1446
6033.37,1.1421
6034.27,1.1448
6035.17,1.1446
6036.07,1.1461
6036.97,1.1501
6037.87,1.1466
6038.77,1.1468
6039.67,1.1457
6040.57,1.1462
6041.47,1.1413
6042.37,1.143
6043.27,1.1439
6044.17,1.1436
6045.07,1.1428
6045.97,1.1442
6046.87,1.1477
6047.77,1.1454
6048.67,1.1442
6049.57,1.1456
6050.47,1.1386
6051.38,1.1413
6052.28,1.1401
6053.18,1.134
6054.08,1.1369
6054.98,1.1332
6055.88,1.1285
6056.78,1.133
6057.68,1.1313
6058.58,1.1305
6059.48,1.1291
6060.38,1.1293
6061.28,1.129
6062.18,1.1243
6063.08,1.1278
6063.98,1.1285
6064.88,1.1302
6065.78,1.1232
6066.68,1.1264
6067.58,1.1324
6068.48,1.1312
6069.38,1.1391
6070.28,1.1375
6071.18,1.1418
6072.08,1.1422
6072.98,1.1436
6073.88,1.1485
6074.78,1.1443
6075.68,1.1408
6076.58,1.1418
6077.48,1.1372
6078.38,1.1331
6079.28,1.1224
6080.18,1.1224
6081.08,1.1202
6081.98,1.1164
6082.88,1.1167
6083.78,1.1154
6084.68,1.1116
6085.58,1.1099
6086.48,1.11
6087.38,1.1097
6088.28,1.1117
6089.19,1.1099
6090.09,1.1093
6090.99,1.1078
6091.89,1.1069
6092.79,1.1143
6093.69,1.1143
6094.59,1.1172
6095.49,1.1123
6096.39,1.1125
6097.29,1.114
6098.19,1.114
6099.09,1.1146
6099.99,1.1148
6100.89,1.1041
6101.79,1.1022
6102.69,1.099
6103.59,1.0969
6104.49,1.0938
6105.39,1.0955
6106.29,1.0944
6107.19,1.1044
6108.09,1.1056
6108.99,1.11
6109.89,1.112
6110.79,1.1148
6111.69,1.1137
6112.59,1.1193
6113.49,1.1206
6114.39,1.1175
6115.29,1.1218
6116.19,1.1234
6117.09,1.1166
6117.99,1.1163
6118.89,1.1181
6119.79,1.1109
6120.69,1.1046
6121.59,1.1043
6122.49,1.1012
6123.39,1.0969
6124.29,1.0966
6125.19,1.0951
6126.1,1.1004
6127.0,1.0988
6127.9,1.0993
6128.8,1.0993
6129.7,1.0971
6130.6,1.1013
6131.5,1.1008
6132.4,1.0966
6133.3,1.0972
6134.2,1.0903
6135.1,1.0849
6136.0,1.0831
6136.9,1.0773
6137.8,1.0703
6138.7,1.0726
6139.6,1.0653
6140.5,1.0709
6141.4,1.0722
6142.3,1.079
6143.2,1.0803
6144.1,1.0814
6145.0,1.0834
6145.9,1.0898
6146.8,1.0958
6147.7,1.0984
6148.6,1.0956
6149.5,1.0955
6150.4,1.0967
6151.3,1.0944
6152.2,1.0935
6153.1,1.097
6154.0,1.091
6154.9,1.082
6155.8,1.0856
6156.7,1.0841
6157.6,1.0749
6158.5,1.0741
6159.4,1.0651
6160.3,1.061
6161.2,1.057
6162.1,1.0505
6163.01,1.0412
6163.91,1.0407
6164.81,1.0377
6165.71,1.0409
6166.61,1.0393
6167.51,1.0404
6168.41,1.0411
6169.31,1.046
6170.21,1.0454
6171.11,1.05
6172.01,1.0502
6172.91,1.0525
6173.81,1.0594
6174.71,1.0611
6175.61,1.0672
6176.51,1.0712
6177.41,1.0734
6178.31,1.0774
6179.21,1.0775
6180.11,1.08
6181.01,1.0817
6181.91,1.0838
6182.81,1.0829
6183.71,1.0888
6184.61,1.0843
6185.51,1.0896
6186.41,1.0868
6187.31,1.0828
6188.21,1.0786
6189.11,1.0728
6190.01,1.0732
6190.91,1.0687
6191.81,1.0689
6192.71,1.0716
6193.61,1.0697
6194.51,1.0712
6195.41,1.0773
6196.31,1.0728
6197.21,1.0786
6198.11,1.0807
6199.01,1.0869
6199.92,1.0847
6200.82,1.0867
6201.72,1.0962
6202.62,1.0915
6203.52,1.0908
6204.42,1.0928
6205.32,1.0947
6206.22,1.0979
6207.12,1.0968
6208.02,1.0956
6208.92,1.0926
6209.82,1.093
6210.72,1.0862
6211.62,1.0854
6212.52,1.0766
6213.42,1.0757
6214.32,1.0693
6215.22,1.0635
6216.12,1.0586
6217.02,1.0561
6217.92,1.0525
6218.82,1.0514
6219.72,1.0537
6220.62,1.0525
6221.52,1.0555
6222.42,1.0557
6223.32,1.059
6224.22,1.0602
6225.12,1.0583
6226.02,1.0642
6226.92,1.0587
6227.82,1.057
6228.72,1.0573
6229.62,1.0576
6230.52,1.0523
6231.42,1.0475
6232.32,1.0476
6233.22,1.0454
6234.12,1.0444
6235.02,1.0497
6235.92,1.0459
6236.83,1.0487
6237.73,1.0526
6238.63,1.0529
6239.53,1.0501
6240.43,1.0425
6241.33,1.0433
6242.23,1.0384
6243.13,1.0375
6244.03,1.0353
6244.93,1.034
6245.83,1.0331
6246.73,1.0372
6247.63,1.0283
6248.53,1.0326
6249.43,1.0309
6250.33,1.0297
6251.23,1.0346
6252.13,1.031
6253.03,1.0262
6253.93,1.0248
6254.83,1.0224
6255.73,1.0225
6256.63,1.0184
6257.53,1.0157
6258.43,1.0191
6259.33,1.024
6260.23,1.0286
6261.13,1.0285
6262.03,1.0362
6262.93,1.0378
6263.83,1.043
6264.73,1.049
6265.63,1.054
6266.53,1.0575
6267.43,1.0602
6268.33,1.0582
6269.23,1.059
6270.13,1.0603
6271.03,1.06
6271.93,1.0577
6272.83,1.0572
6273.73,1.0648
6274.64,1.0638
6275.54,1.0628
6276.44,1.0657
6277.34,1.0599
6278.24,1.061
6279.14,1.059
6280.04,1.0558
6280.94,1.0586
6281.84,1.0581
6282.74,1.0592
6283.64,1.0627
6284.54,1.0639
6285.44,1.0677
6286.34,1.0628
6287.24,1.0712
6288.14,1.0718
6289.04,1.0709
6289.94,1.0693
6290.84,1.0698
6291.74,1.0684
6292.64,1.0668
6293.54,1.0633
6294.44,1.0571
6295.34,1.0568
6296.24,1.0552
6297.14,1.0508
6298.04,1.0503
6298.94,1.0433
6299.84,1.0439
6300.74,1.0385
6301.64,1.0379
6302.54,1.0385
6303.44,1.041
6304.34,1.0363
6305.24,1.0451
6306.14,1.0483
6307.04,1.0462
6307.94,1.0549
6308.84,1.0569
6309.74,1.0591
6310.64,1.0565
6311.54,1.0527
6312.45,1.0522
6313.35,1.0465
6314.25,1.0443
6315.15,1.0406
6316.05,1.0341
6316.95,1.0302
6317.85,1.0332
6318.75,1.0296
6319.65,1.0333
6320.55,1.0286
6321.45,1.0308
6322.35,1.0365
6323.25,1.0387
6324.15,1.0425
6325.05,1.0489
6325.95,1.0493
6326.85,1.058
6327.75,1.0582
6328.65,1.0602
6329.55,1.0621
6330.45,1.0638
6331.35,1.0573
6332.25,1.0566
6333.15,1.053
6334.05,1.0521
6334.95,1.0519
6335.85,1.048
6336.75,1.0437
6337.65,1.0389
6338.55,1.0386
6339.45,1.0383
6340.35,1.0365
6341.25,1.0333
6342.15,1.0354
6343.05,1.0312
6343.95,1.0347
6344.85,1.0369
6345.75,1.0338
6346.65,1.0345
6347.55,1.0343
6348.46,1.0357
6349.35,1.0425
6350.26,1.0429
6351.16,1.0407
6352.06,1.0459
6352.96,1.0456
6353.86,1.0416
6354.76,1.0441
6355.66,1.0402
6356.56,1.0324
6357.46,1.0291
6358.36,1.0256
6359.26,1.0197
6360.16,1.0172
6361.06,1.0129
6361.96,1.0101
6362.86,1.0113
6363.76,1.0037
6364.66,1.0107
6365.56,1.0149
6366.46,1.0153
6367.36,1.0201
6368.26,1.0228
6369.16,1.0277
6370.06,1.0333
6370.96,1.0357
6371.86,1.0387
6372.76,1.0435
6373.66,1.0428
6374.56,1.0464
6375.46,1.0482
6376.36,1.0482
6377.26,1.0528
6378.16,1.05
6379.06,1.0488
6379.96,1.0472
6380.86,1.0504
6381.76,1.0488
6382.66,1.0499
6383.56,1.0431
6384.46,1.0484
6385.36,1.0452
6386.27,1.0451
6387.17,1.0536
6388.07,1.0452
6388.97,1.0495
6389.87,1.0475
6390.77,1.0483
6391.67,1.0437
6392.57,1.0419
6393.47,1.0401
6394.37,1.0373
6395.27,1.0342
6396.17,1.0317
6397.07,1.0305
6397.97,1.0266
6398.87,1.0299
6399.77,1.0313
6400.67,1.0342
6401.57,1.0292
6402.47,1.0302
6403.37,1.0272
6404.27,1.0327
6405.17,1.0323
6406.07,1.0307
6406.97,1.0317
6407.87,1.0325
6408.77,1.0304
6409.67,1.0283
6410.57,1.0306
6411.47,1.0255
6412.37,1.0204
6413.27,1.0269
6414.17,1.0221
6415.07,1.0227
6415.97,1.0263
6416.87,1.0202
6417.77,1.0247
6418.67,1.0258
6419.57,1.0236
6420.47,1.0252
6421.37,1.0215
6422.27,1.0305
6423.17,1.0302
6424.08,1.0296
6424.98,1.0383
6425.88,1.0363
6426.78,1.04
6427.68,1.0436
6428.58,1.0404
6429.48,1.0405
6430.38,1.0377
6431.28,1.0339
6432.18,1.0374
6433.08,1.0321
6433.98,1.0345
6434.88,1.034
6435.78,1.035
6436.68,1.0326
6437.58,1.0353
6438.48,1.0361
6439.38,1.0381
6440.28,1.0358
6441.18,1.0399
6442.08,1.0387
6442.98,1.041
6443.88,1.0447
6444.78,1.0475
6445.68,1.0451
6446.58,1.0426
6447.48,1.0404
6448.38,1.0391
6449.28,1.034
6450.18,1.0269
6451.08,1.0258
6451.98,1.0237
6452.88,1.0196
6453.78,1.0163
6454.68,1.0155
6455.58,1.0222
6456.48,1.014
6457.38,1.0176
6458.28,1.0194
6459.18,1.0182
6460.08,1.0223
6460.98,1.0197
6461.89,1.0222
6462.79,1.0207
6463.69,1.0212
6464.59,1.0215
6465.49,1.0202
6466.39,1.0215
6467.29,1.0243
6468.19,1.0285
6469.09,1.0262
6469.99,1.0285
6470.89,1.0292
6471.79,1.0264
6472.69,1.0247
6473.59,1.0289
6474.49,1.0303
6475.39,1.0296
6476.29,1.0266
6477.19,1.0257
6478.09,1.026
6478.99,1.0235
6479.89,1.0249
6480.79,1.0212
6481.69,1.0239
6482.59,1.0159
6483.49,1.0158
6484.39,1.0187
6485.29,1.0096
6486.19,1.0114
6487.09,1.0128
6487.99,1.0093
6488.89,1.0111
6489.79,1.0028
6490.69,0.99439
6491.59,0.99055
6492.49,0.98364
6493.39,0.97283
6494.29,0.96108
6495.19,0.95781
6496.09,0.95081
6496.99,0.94763
6497.9,0.94673
6498.79,0.9469
6499.7,0.95015
6500.6,0.95872
6501.5,0.96221
6502.4,0.97187
6503.3,0.97827
6504.2,0.98874
6505.1,0.98901
6506.0,0.99908
6506.9,1.0029
6507.8,1.0037
6508.7,1.0074
6509.6,1.0066
6510.5,1.0058
6511.4,1.0104
6512.3,1.0074
6513.2,1.0052
6514.1,1.0044
6515.0,1.0017
6515.9,0.99956
6516.8,0.99499
6517.7,0.99344
6518.6,0.98822
6519.5,0.99135
6520.4,0.99134
6521.3,0.99424
6522.2,0.9973
6523.1,0.99473
6524.0,0.99796
6524.9,1.0024
6525.8,0.99939
6526.7,0.99818
6527.6,0.99447
6528.5,0.99855
6529.4,0.99644
6530.3,0.99475
6531.2,0.99893
6532.1,0.99757
6533.0,0.99644
6533.9,0.99596
6534.8,0.99639
6535.71,0.99263
6536.61,0.9985
6537.51,0.99448
6538.41,0.99221
6539.31,0.99401
6540.21,0.98992
6541.11,0.99009
6542.01,0.98942
6542.91,0.98639
6543.81,0.9827
6544.71,0.98035
6545.61,0.97106
6546.51,0.96672
6547.41,0.96156
6548.31,0.96185
6549.21,0.95235
6550.11,0.94513
6551.01,0.94157
6551.91,0.93677
6552.81,0.92855
6553.71,0.92166
6554.61,0.90947
6555.51,0.90252
6556.41,0.88495
6557.31,0.87123
6558.21,0.85196
6559.11,0.83467
6560.01,0.81905
6560.91,0.79882
6561.81,0.7779
6562.71,0.76358
6563.61,0.75894
6564.51,0.74987
6565.41,0.75297
6566.31,0.76248
6567.21,0.77567
6568.11,0.79086
6569.01,0.81201
6569.91,0.83043
6570.81,0.84563
6571.71,0.86043
6572.61,0.87495
6573.52,0.88569
6574.42,0.89978
6575.32,0.90361
6576.22,0.912
6577.12,0.91846
6578.02,0.92858
6578.92,0.93248
6579.82,0.93413
6580.72,0.94371
6581.62,0.94799
6582.52,0.95057
6583.42,0.95094
6584.32,0.95412
6585.22,0.95508
6586.12,0.95931
6587.02,0.95661
6587.92,0.9605
6588.82,0.96367
6589.72,0.95902
6590.62,0.95481
6591.52,0.95384
6592.42,0.95595
6593.32,0.95523
6594.22,0.95151
6595.12,0.95173
6596.02,0.95524
6596.92,0.95353
6597.82,0.95334
6598.72,0.95901
6599.62,0.95991
6600.52,0.96764
6601.42,0.96921
6602.32,0.96892
6603.22,0.97056
6604.12,0.96934
6605.02,0.97088
6605.92,0.97142
6606.82,0.97086
6607.72,0.96744
6608.62,0.96725
6609.52,0.96973
6610.43,0.96498
6611.33,0.96726
6612.23,0.96941
6613.13,0.97278
6614.03,0.97738
6614.93,0.98187
6615.83,0.98064
6616.73,0.97993
6617.63,0.98651
6618.53,0.98638
6619.43,0.98579
6620.33,0.98865
6621.23,0.99034
6622.13,0.98815
6623.03,0.98669
6623.93,0.98457
6624.83,0.98837
6625.73,0.98032
6626.63,0.97697
6627.53,0.97601
6628.43,0.97552
6629.33,0.97238
6630.23,0.97294
6631.13,0.96921
6632.03,0.9705
6632.93,0.96392
6633.83,0.96269
6634.73,0.95834
6635.63,0.96189
6636.53,0.9624
6637.43,0.96454
6638.33,0.96695
6639.23,0.96641
6640.13,0.96951
6641.03,0.96686
6641.93,0.96894
6642.83,0.96925
6643.73,0.96886
6644.63,0.96768
6645.53,0.96771
6646.43,0.96687
6647.34,0.96964
6648.24,0.97049
6649.14,0.97075
6650.04,0.97334
6650.94,0.97268
6651.84,0.97012
6652.74,0.96836
6653.64,0.97185
6654.54,0.97201
6655.44,0.97488
6656.34,0.97451
6657.24,0.97213
6658.14,0.9725
6659.04,0.97037
6659.94,0.97347
6660.84,0.96874
6661.74,0.96507
6662.64,0.96379
6663.54,0.96069
6664.44,0.96193
6665.34,0.96059
6666.24,0.95691
6667.14,0.95487
6668.04,0.95582
6668.94,0.95973
6669.84,0.96221
6670.74,0.96203
6671.64,0.9633
6672.54,0.96792
6673.44,0.97032
6674.34,0.96688
6675.24,0.96495
6676.14,0.96479
6677.04,0.96432
6677.94,0.96169
6678.84,0.95347
6679.74,0.95841
6680.64,0.95433
6681.54,0.95448
6682.44,0.95795
6683.34,0.95855
6684.24,0.96011
6685.15,0.96199
6686.05,0.96434
6686.95,0.96424
6687.85,0.96704
6688.75,0.96688
6689.65,0.97021
6690.55,0.97081
6691.45,0.97085
6692.35,0.96492
6693.25,0.96639
6694.15,0.963
6695.05,0.96149
6695.95,0.96004
6696.85,0.96077
6697.75,0.95833
6698.65,0.95419
6699.55,0.95681
6700.45,0.95799
6701.35,0.95625
6702.25,0.95692
6703.15,0.95864
6704.05,0.95791
6704.95,0.95644
6705.85,0.95978
6706.75,0.95861
6707.65,0.95242
6708.55,0.95472
6709.45,0.95198
6710.35,0.95532
6711.25,0.95302
6712.15,0.95442
6713.05,0.94921
6713.95,0.94206
6714.85,0.94213
6715.75,0.94126
6716.65,0.94257
6717.55,0.93881
6718.45,0.93674
6719.35,0.93919
6720.25,0.93909
6721.16,0.9381
6722.06,0.94122
6722.96,0.94475
6723.86,0.94558
6724.76,0.94902
6725.66,0.94762
6726.56,0.94825
6727.46,0.95337
6728.36,0.95044
6729.26,0.9508
6730.16,0.95455
6731.06,0.95795
6731.96,0.95756
6732.86,0.95484
6733.76,0.95911
6734.66,0.95417
6735.56,0.96011
6736.46,0.95242
6737.36,0.954
6738.26,0.95137
6739.16,0.95276
6740.06,0.94967
6740.96,0.94807
6741.86,0.94876
6742.76,0.94306
6743.66,0.94452
6744.56,0.94033
6745.46,0.94268
6746.36,0.94025
6747.26,0.94174
6748.16,0.94262
6749.06,0.94114
6749.96,0.9367
6750.86,0.93554
6751.76,0.93906
6752.66,0.93775
6753.56,0.94093
6754.46,0.94139
6755.36,0.93811
6756.26,0.94196
6757.16,0.9417
6758.06,0.94555
6758.97,0.94895
6759.87,0.95427
6760.77,0.95229
6761.67,0.95411
6762.57,0.94928
6763.47,0.95166
6764.37,0.95424
6765.27,0.95398
6766.17,0.95
6767.07,0.9483
6767.97,0.94756
6768.87,0.9448
6769.77,0.94614
6770.67,0.9451
6771.57,0.94069
6772.47,0.94039
6773.37,0.94607
6774.27,0.94871
6775.17,0.9469
6776.07,0.95145
6776.97,0.95407
6777.87,0.95235
6778.77,0.95392
6779.67,0.95811
6780.57,0.95223
6781.47,0.95206
6782.37,0.94941
6783.27,0.94797
6784.17,0.94705
6785.07,0.94028
6785.97,0.9405
6786.87,0.93522
6787.77,0.93865
6788.67,0.93488
6789.57,0.94042
6790.47,0.93914
6791.37,0.93642
6792.27,0.93878
6793.17,0.93999
6794.07,0.94134
6794.97,0.94077
6795.88,0.93816
6796.78,0.94117
6797.68,0.93721
6798.58,0.94068
6799.48,0.94496
6800.38,0.94064
6801.28,0.941
6802.18,0.94256
6803.08,0.94179
6803.98,0.94161
6804.88,0.94593
6805.78,0.94348
6806.68,0.94
6807.58,0.94021
6808.48,0.94062
6809.38,0.94271
6810.28,0.93985
6811.18,0.94408
6812.08,0.93964
6812.98,0.94043
6813.88,0.94081
6814.78,0.93725
6815.68,0.93746
6816.58,0.93948
6817.48,0.9403
6818.38,0.93882
6819.28,0.94189
6820.18,0.93863
6821.08,0.94092
6821.98,0.94094
6822.88,0.9438
6823.78,0.94204
6824.68,0.9393
6825.58,0.93996
6826.48,0.94459
6827.38,0.94028
6828.28,0.94253
6829.18,0.94442
6830.08,0.94365
6830.98,0.94271
6831.88,0.94003
6832.79,0.9405
6833.69,0.93955
6834.59,0.93932
6835.49,0.93889
6836.39,0.9342
6837.29,0.93573
6838.19,0.93154
6839.09,0.92834
6839.99,0.92398
6840.89,0.92078
6841.79,0.91991
6842.69,0.92047
6843.59,0.91941
6844.49,0.92179
6845.39,0.92087
6846.29,0.92176
6847.19,0.92354
6848.09,0.92508
6848.99,0.92835
6849.89,0.93031
6850.79,0.93158
6851.69,0.93122
6852.59,0.93118
6853.49,0.92999
6854.39,0.92783
6855.29,0.92781
6856.19,0.92407
6857.09,0.92714
6857.99,0.92776
6858.89,0.91994
6859.79,0.92471
6860.69,0.92225
6861.59,0.9183
6862.49,0.92118
6863.39,0.92022
6864.29,0.9237
6865.19,0.92406
6866.09,0.92711
6866.99,0.92537
6867.89,0.92557
6868.79,0.92428
6869.7,0.9255
6870.6,0.92557
6871.5,0.92481
6872.4,0.92642
6873.3,0.92426
6874.2,0.92751
6875.1,0.92569
6876.0,0.92772
6876.9,0.92821
6877.8,0.92838
6878.7,0.92637
6879.6,0.92555
6880.5,0.92478
6881.4,0.92771
6882.3,0.92526
6883.2,0.92491
6884.1,0.92615
6885.0,0.92611
6885.9,0.9273
6886.8,0.92841
6887.7,0.93119
6888.6,0.92736
6889.5,0.93638
6890.4,0.93565
6891.3,0.93611
6892.2,0.93577
6893.1,0.94159
6894.0,0.939
6894.9,0.93866
6895.8,0.93919
6896.7,0.93757
6897.6,0.93751
6898.5,0.938
6899.4,0.94186
6900.3,0.93807
6901.2,0.93891
6902.1,0.93756
6903.0,0.94118
6903.9,0.93805
6904.8,0.93914
6905.7,0.94136
6906.6,0.94434
6907.51,0.94339
6908.41,0.94166
6909.31,0.93946
6910.21,0.93701
6911.11,0.93183
6912.01,0.93272
6912.91,0.93239
6913.81,0.93207
6914.71,0.92679
6915.61,0.92595
6916.51,0.92626
6917.41,0.9232
6918.31,0.92145
6919.21,0.92341
6920.11,0.92055
6921.01,0.92785
6921.91,0.92989
6922.81,0.92471
6923.71,0.92623
6924.61,0.92486
6925.51,0.92295
6926.41,0.92636
6927.31,0.92792
6928.21,0.92511
6929.11,0.9261
6930.01,0.92726
6930.91,0.9268
6931.81,0.92911
6932.71,0.93073
6933.61,0.92552
6934.51,0.9284
6935.41,0.92969
6936.31,0.93285
6937.21,0.92945
6938.11,0.92862
6939.01,0.92835
6939.91,0.92998
6940.81,0.92714
6941.71,0.92776
6942.61,0.92446
6943.52,0.92681
6944.42,0.92004
6945.31,0.91799
6946.22,0.91714
6947.12,0.91783
6948.02,0.91886
6948.92,0.9164
6949.82,0.91633
6950.72,0.91496
6951.62,0.91468
6952.52,0.91775
6953.42,0.91539
6954.32,0.92099
6955.22,0.91622
6956.12,0.91767
6957.02,0.91967
6957.92,0.91631
6958.82,0.92113
6959.72,0.92135
6960.62,0.92289
6961.52,0.9205
6962.42,0.92539
6963.32,0.9255
6964.22,0.92392
6965.12,0.92358
6966.02,0.92458
6966.92,0.92742
6967.82,0.92438
6968.72,0.92498
6969.62,0.92371
6970.52,0.92359
6971.42,0.92017
6972.32,0.92041
6973.22,0.91785
6974.12,0.91544
6975.02,0.9114
6975.92,0.90969
6976.82,0.9031
6977.72,0.90494
6978.62,0.90222
6979.52,0.89892
6980.42,0.90039
6981.33,0.89962
6982.23,0.9037
6983.12,0.90913
6984.03,0.90657
6984.93,0.91262
6985.83,0.91503
6986.73,0.91818
6987.63,0.91591
6988.53,0.92225
6989.43,0.92332
6990.33,0.92269
6991.23,0.92265
6992.13,0.9259
6993.03,0.92618
6993.93,0.92404
6994.83,0.91822
6995.73,0.92935
6996.63,0.92465
6997.53,0.92109
6998.43,0.91926
6999.33,0.91989
7000.23,0.91616
7001.13,0.91501
7002.03,0.91263
7002.93,0.91484
7003.83,0.91249
7004.73,0.90743
7005.63,0.90392
7006.53,0.90614
7007.43,0.90499
7008.33,0.90788
7009.23,0.90706
7010.13,0.90703
7011.03,0.90493
7011.93,0.90849
7012.83,0.90883
7013.73,0.90666
7014.63,0.90641
7015.53,0.9029
7016.43,0.90466
7017.33,0.9016
7018.23,0.90481
7019.14,0.90141
7020.04,0.90369
7020.94,0.9011
7021.84,0.90293
7022.74,0.90312
7023.64,0.90103
7024.54,0.89999
7025.44,0.90084
7026.34,0.90002
7027.24,0.90104
7028.14,0.89956
7029.04,0.90001
7029.94,0.90285
7030.84,0.90378
7031.74,0.90294
7032.64,0.90272
7033.54,0.90294
7034.44,0.90466
7035.34,0.90408
7036.24,0.90421
7037.14,0.90655
7038.04,0.90841
7038.94,0.90725
7039.84,0.91256
7040.74,0.91327
7041.64,0.9156
7042.54,0.91657
7043.44,0.91808
7044.34,0.9229
7045.24,0.92688
7046.14,0.92756
7047.04,0.92692
7047.94,0.92639
7048.84,0.92619
7049.74,0.92321
7050.64,0.92106
7051.54,0.91967
7052.44,0.9143
7053.34,0.91044
7054.25,0.90847
7055.15,0.90529
7056.04,0.90122
7056.95,0.8951
7057.85,0.8932
7058.75,0.8922
7059.65,0.89087
7060.55,0.8894
7061.45,0.88872
7062.35,0.88842
7063.25,0.88651
7064.15,0.88942
7065.05,0.89172
7065.95,0.89084
7066.85,0.88834
7067.75,0.88829
7068.65,0.8875
7069.55,0.88771
7070.45,0.89076
7071.35,0.88697
7072.25,0.88898
7073.15,0.88766
7074.05,0.89195
7074.95,0.89101
7075.85,0.89428
7076.75,0.89712
7077.65,0.89326
7078.55,0.89284
7079.45,0.89275
7080.35,0.89185
7081.25,0.88922
7082.15,0.88982
7083.05,0.88172
7083.95,0.87862
7084.85,0.87825
7085.75,0.87512
7086.65,0.86614
7087.55,0.86201
7088.45,0.85996
7089.35,0.86057
7090.25,0.85992
7091.15,0.85656
7092.06,0.85485
7092.96,0.85578
7093.85,0.85371
7094.76,0.85507
7095.66,0.85973
7096.56,0.85695
7097.46,0.85548
7098.36,0.86062
7099.26,0.86316
7100.16,0.86381
7101.06,0.86474
7101.96,0.86512
7102.86,0.86575
7103.76,0.86469
7104.66,0.86802
7105.56,0.86638
7106.46,0.86594
7107.36,0.86571
7108.26,0.86446
7109.16,0.86197
7110.06,0.8643
7110.96,0.86074
7111.86,0.86183
7112.76,0.86193
7113.66,0.86302
7114.56,0.85933
7115.46,0.85901
7116.36,0.85967
7117.26,0.86129
7118.16,0.86045
7119.06,0.86055
7119.96,0.86057
7120.86,0.86144
7121.76,0.86149
7122.66,0.86005
7123.56,0.86052
7124.46,0.86332
7125.36,0.86282
7126.26,0.8592
7127.16,0.85875
7127.27,0.85989
7128.17,0.85848
7129.07,0.85996
7129.96,0.85914
7130.86,0.86234
7131.75,0.85731
7132.65,0.85827
7133.55,0.86075
7134.44,0.86399
7135.34,0.86287
7136.23,0.86259
7137.13,0.86509
7138.03,0.86594
7138.92,0.86845
7139.82,0.87048
7140.71,0.86668
7141.61,0.86813
7142.5,0.86684
7143.4,0.86673
7144.3,0.86388
7145.19,0.85998
7146.09,0.85917
7146.98,0.86283
7147.88,0.85789
7148.78,0.8581
7149.67,0.86055
7150.57,0.86152
7151.46,0.85945
7152.36,0.86202
7153.26,0.86469
7154.15,0.8605
7155.05,0.86651
7155.94,0.86686
7156.84,0.86843
7157.74,0.86718
7158.63,0.86646
7159.53,0.86852
7160.42,0.86756
7161.32,0.86533
7162.21,0.86625
7163.11,0.86673
7164.01,0.86802
7164.9,0.86699
7165.8,0.8645
7166.69,0.86837
7167.59,0.87293
7168.49,0.87349
7169.38,0.87095
7170.28,0.87661
7171.17,0.87832
7172.07,0.88527
7172.96,0.88291
7173.86,0.88563
7174.76,0.88111
7175.65,0.87802
7176.55,0.88145
7177.44,0.87941
7178.34,0.87803
7179.24,0.87392
7180.13,0.86958
7181.03,0.87296
7181.92,0.86858
7182.82,0.86765
7183.72,0.86778
7184.61,0.8621
7185.51,0.86434
7186.4,0.86252
7187.3,0.8594
7188.19,0.85917
7189.09,0.85813
7189.99,0.86002
7190.88,0.86127
7191.78,0.858
7192.67,0.86007
7193.57,0.86198
7194.47,0.8625
7195.36,0.86205
7196.26,0.8624
7197.15,0.8638
7198.05,0.86771
7198.95,0.87012
7199.84,0.86786
7200.74,0.87038
7201.63,0.8666
7202.53,0.86949
7203.43,0.86932
7204.32,0.8657
7205.22,0.87172
7206.11,0.8648
7207.01,0.86445
7207.9,0.86361
7208.8,0.86125
7209.7,0.86473
7210.59,0.86791
7211.49,0.864
7212.38,0.86669
7213.28,0.86756
7214.18,0.8699
7215.07,0.86706
7215.97,0.86553
7216.86,0.87006
7217.76,0.87263
7218.66,0.8681
7219.55,0.87249
7220.45,0.87164
7221.34,0.86829
7222.24,0.8721
7223.13,0.87121
7224.03,0.86955
7224.93,0.87119
7225.82,0.87164
7226.72,0.87512
7227.61,0.87415
7228.51,0.87576
7229.41,0.88352
7230.3,0.88317
7231.2,0.88193
7232.09,0.88429
7232.99,0.88606
7233.89,0.88388
7234.78,0.88344
7235.68,0.88556
7236.57,0.88638
7237.47,0.88405
7238.36,0.88487
7239.26,0.88321
7240.16,0.88065
7241.05,0.88257
7241.95,0.88286
7242.84,0.88259
7243.74,0.88253
7244.64,0.87827
7245.53,0.87731
7246.43,0.87664
7247.32,0.88125
7248.22,0.88082
7249.12,0.87941
7250.01,0.8826
7250.91,0.87835
7251.8,0.87746
7252.7,0.87952
7253.6,0.88169
7254.49,0.8827
7255.39,0.88238
7256.28,0.87612
7257.18,0.88045
7258.07,0.88132
7258.97,0.88181
7259.87,0.87807
7260.76,0.87565
7261.66,0.8793
7262.55,0.88152
7263.45,0.8795
7264.35,0.87753
7265.24,0.88139
7266.14,0.87861
7267.03,0.88046
7267.93,0.87986
7268.83,0.88381
7269.72,0.88502
7270.62,0.88055
7271.51,0.88037
7272.41,0.88142
7273.3,0.88116
7274.2,0.87886
7275.1,0.88069
7275.99,0.87729
7276.89,0.87561
7277.78,0.87626
7278.68,0.87322
7279.58,0.87241
7280.47,0.87027
7281.37,0.87275
7282.26,0.86439
7283.16,0.86703
7284.06,0.86535
7284.95,0.86199
7285.85,0.85851
7286.74,0.85701
7287.64,0.85531
7288.53,0.85426
7289.43,0.85302
7290.33,0.85157
7291.22,0.85552
7292.12,0.85759
7293.01,0.8536
7293.91,0.85727
7294.81,0.85882
7295.7,0.86097
7296.6,0.86446
7297.49,0.86584
7298.39,0.86635
7299.29,0.87216
7300.18,0.87345
7301.08,0.87212
7301.97,0.87496
7302.87,0.87286
7303.76,0.87123
7304.66,0.87422
7305.56,0.8654
7306.45,0.86955
7307.35,0.86919
7308.24,0.87012
7309.14,0.87332
7310.04,0.86805
7310.93,0.8683
7311.83,0.86882
7312.72,0.87163
7313.62,0.86991
7314.52,0.87033
7315.41,0.87135
7316.31,0.87079
7317.2,0.87356
7318.1,0.87509
7318.99,0.87688
7319.89,0.87334
7320.79,0.87717
7321.68,0.87508
7322.58,0.87249
7323.47,0.8742
7324.37,0.87132
7325.27,0.87164
7326.16,0.87148
7327.06,0.8697
7327.95,0.86857
7328.85,0.87189
7329.75,0.87089
7330.64,0.87702
7331.54,0.87415
7332.43,0.87405
7333.33,0.87696
7334.22,0.87926
7335.12,0.88075
7336.02,0.87915
7336.91,0.8844
7337.81,0.88188
7338.7,0.88411
7339.6,0.88406
7340.5,0.88407
7341.39,0.88379
7342.29,0.88615
7343.18,0.88489
7344.08,0.87976
7344.98,0.87877
7345.87,0.87744
7346.77,0.88049
7347.66,0.87942
7348.56,0.87885
7349.45,0.87223
7350.35,0.87315
7351.25,0.87487
7352.14,0.87536
7353.04,0.87069
7353.93,0.86838
7354.83,0.86366
7355.73,0.86678
7356.62,0.86403
7357.52,0.86718
7358.41,0.86314
7359.31,0.86322
7360.21,0.86618
7361.1,0.86421
7362.0,0.86472
7362.89,0.86507
7363.79,0.86442
7364.69,0.87081
7365.58,0.86909
7366.48,0.87038
7367.37,0.87202
7368.27,0.87302
7369.16,0.87502
7370.06,0.87721
7370.96,0.87511
7371.85,0.87684
7372.75,0.87793
7373.64,0.87875
7374.54,0.87795
7375.44,0.87924
7376.33,0.88256
7377.23,0.88065
7378.12,0.87904
7379.02,0.87734
7379.92,0.8785
7380.81,0.87609
7381.71,0.87392
7382.6,0.86987
7383.5,0.87119
7384.39,0.86383
7385.29,0.86133
7386.19,0.85859
7387.08,0.85975
7387.98,0.8553
7388.87,0.85763
7389.77,0.85395
7390.67,0.8536
7391.56,0.85495
7392.46,0.85915
7393.35,0.85836
7394.25,0.85775
7395.15,0.86011
7396.04,0.86433
7396.94,0.86212
7397.83,0.86786
7398.73,0.86857
7399.62,0.86833
7400.52,0.87136
7401.42,0.87106
7402.31,0.8679
7403.21,0.87232
7404.1,0.86841
7405.0,0.86612
7405.9,0.86422
7406.79,0.86463
7407.69,0.86184
7408.58,0.85657
7409.48,0.85557
7410.38,0.85142
7411.27,0.84895
7412.17,0.84623
7413.06,0.83994
7413.96,0.83176
7414.85,0.83335
7415.75,0.82698
7416.65,0.83347
7417.54,0.82779
7418.44,0.83041
7419.33,0.8291
7420.23,0.83233
7421.13,0.83528
7422.02,0.83519
7422.92,0.84196
7423.81,0.84379
7424.71,0.84674
7425.6,0.85055
7426.5,0.85369
7427.4,0.86158
7428.29,0.86211
7429.19,0.86506
7431.68,0.87091
7434.18,0.8773
7436.67,0.87456
7439.17,0.87385
7441.66,0.86961
7444.16,0.86979
7446.66,0.86833
7449.15,0.86652
7451.65,0.86916
7454.14,0.87432
7456.64,0.87371
7459.13,0.87312
7461.63,0.87087
7464.12,0.86693
7466.62,0.86841
7469.11,0.87226
7471.61,0.87178
7474.1,0.87217
7476.6,0.86978
7479.09,0.86748
7481.59,0.86787
7484.08,0.8671
7486.58,0.86518
7489.07,0.86879
7491.57,0.86444
7494.06,0.85888
7496.56,0.86087
7499.05,0.86514
7501.55,0.86464
7504.04,0.86585
7506.54,0.86664
7509.03,0.86776
7511.53,0.86436
7514.02,0.86473
7516.52,0.8654
7519.01,0.87055
7521.51,0.87152
7524.0,0.86909
7526.5,0.87014
7528.99,0.86957
7531.49,0.87025
7533.99,0.87107
7536.48,0.87586
7538.98,0.87677
7541.47,0.87491
7543.97,0.87437
7546.46,0.87515
7548.96,0.87327
7551.45,0.8708
7553.95,0.86976
7556.44,0.8691
7558.94,0.86829
7561.43,0.86862
7563.93,0.86838
7566.42,0.86678
7568.92,0.8667
7571.41,0.86489
7573.91,0.86482
7576.4,0.86608
7578.9,0.86667
7581.39,0.86279
7583.89,0.85591
7586.38,0.85041
7588.88,0.84574
7591.37,0.84315
7593.87,0.84091
7596.36,0.83947
7598.86,0.83595
7601.35,0.83474
7603.85,0.83395
7606.34,0.83098
7608.84,0.83425
7611.33,0.8338
7613.83,0.83515
7616.33,0.83026
7618.82,0.8289
7621.32,0.82637
7623.81,0.8273
7626.31,0.83173
7628.8,0.83341
7631.3,0.83523
7633.79,0.83519
7636.29,0.83417
7638.78,0.83532
7641.28,0.83355
7643.77,0.83304
7646.27,0.83291
7648.76,0.83057
7651.26,0.8265
7653.75,0.82045
7656.25,0.81107
7658.74,0.8013
7661.24,0.79247
7663.73,0.78859
7666.23,0.78699
7668.72,0.79107
7671.22,0.79801
7673.71,0.80481
7676.21,0.81186
7678.7,0.81329
7681.2,0.81491
7683.69,0.8126
7686.19,0.81142
7688.69,0.8096
7691.18,0.80758
7693.68,0.80473
7696.17,0.80101
7698.67,0.8014
7701.16,0.80527
7703.66,0.80523
7706.15,0.80544
7708.65,0.80225
7711.14,0.79693
7713.64,0.79386
7716.13,0.79143
7718.63,0.79464
7721.12,0.79783
7723.62,0.79847
7726.11,0.80296
7728.61,0.80543
7731.1,0.80723
7733.6,0.81078
7736.09,0.81265
7738.59,0.81235
7741.08,0.80914
7743.58,0.80302
7746.07,0.79776
7748.57,0.79263
7751.06,0.79158
7753.56,0.794
7756.05,0.80029
7758.55,0.80514
7761.04,0.80854
7763.54,0.81094
7766.03,0.80871
7768.53,0.81178
7771.03,0.80914
7773.52,0.80725
7776.02,0.80646
7778.51,0.80599
7781.01,0.80581
7783.5,0.80411
7786.0,0.80432
7788.49,0.80357
7790.99,0.80227
7793.48,0.80101
7795.98,0.80399
7798.47,0.80115
7800.97,0.79943
7803.46,0.7993
7805.96,0.80144
7808.45,0.80083
7810.95,0.80446
7813.44,0.80402
7815.94,0.80584
7818.43,0.80949
7820.93,0.80923
7823.42,0.81172
7825.92,0.80871
7828.41,0.80239
7830.91,0.79673
7833.4,0.79159
7835.9,0.78686
7838.39,0.78861
7840.89,0.79245
7843.38,0.79345
7845.88,0.79757
7848.38,0.79657
7850.87,0.79493
7853.37,0.79337
7855.86,0.79069
7858.36,0.79381
7860.85,0.79417
7863.35,0.79566
7865.84,0.7969
7868.34,0.79708
7870.83,0.79405
7873.33,0.79029
7875.82,0.78819
7878.32,0.78421
7880.81,0.78325
7883.31,0.78499
7885.8,0.78502
7888.3,0.7877
7890.79,0.78812
7893.29,0.78458
7895.78,0.77991
7898.28,0.77764
7900.77,0.77565
7903.27,0.7774
7905.76,0.77698
7908.26,0.77341
7910.75,0.77033
7913.25,0.7647
7915.74,0.76034
7918.24,0.75927
7920.73,0.76121
7923.23,0.76318
7925.73,0.7635
7928.22,0.76395
7930.71,0.76146
7933.21,0.76019
7935.71,0.75725
7938.2,0.75307
7940.7,0.7517
7943.19,0.74988
7945.69,0.75022
7948.18,0.75038
7950.68,0.75762
7953.17,0.76244
7955.67,0.76654
7958.16,0.7703
7960.66,0.77129
7963.15,0.77088
7965.65,0.77231
7968.14,0.77629
7970.64,0.77666
7973.13,0.77557
7975.63,0.77567
7978.12,0.77513
7980.62,0.77144
7983.11,0.77055
7985.61,0.77093
7988.1,0.76839
7990.6,0.76821
7993.09,0.7655
7995.59,0.76392
7998.08,0.7613
8000.58,0.76193
8003.07,0.76461
8005.57,0.76646
8008.06,0.77076
8010.56,0.77498
8013.06,0.77513
8015.55,0.7797
8018.05,0.77831
8020.54,0.77525
8023.04,0.77306
8025.53,0.77019
8028.03,0.76641
8030.52,0.76752
8033.02,0.77047
8035.51,0.77537
8038.01,0.77859
8040.5,0.77746
8043.0,0.77384
8045.49,0.76692
8047.99,0.76359
8050.48,0.76263
8052.98,0.76429
8055.47,0.76846
8057.97,0.77294
8060.46,0.77529
8062.96,0.77447
8065.45,0.77125
8067.95,0.76862
8070.44,0.76682
8072.94,0.76197
8075.43,0.76154
8077.93,0.76074
8080.42,0.76164
8082.92,0.76114
8085.41,0.76144
8087.91,0.75931
8090.4,0.758
8092.9,0.75443
8095.4,0.75029
8097.89,0.7534
8100.39,0.75383
8102.88,0.75452
8105.38,0.75637
8107.87,0.76083
8110.37,0.75959
8112.86,0.75824
8115.36,0.75983
8117.85,0.75877
8120.35,0.75909
8122.84,0.76284
8125.34,0.76484
8127.83,0.76491
8130.33,0.76757
8132.82,0.76667
8135.32,0.76657
8137.81,0.76767
8140.31,0.76541
8142.8,0.76628
8145.3,0.7656
8147.79,0.76514
8150.29,0.76466
8152.78,0.76565
8155.28,0.7672
8157.77,0.76778
8160.27,0.7666
8162.76,0.76557
8165.26,0.76532
8167.75,0.76713
8170.25,0.76682
8172.75,0.76852
8175.24,0.76647
8177.74,0.76585
8180.23,0.76139
8182.73,0.75505
8185.22,0.75382
8187.72,0.75069
8190.21,0.74952
8192.71,0.7473
8195.2,0.74303
8197.7,0.73902
8200.19,0.73651
8202.69,0.73625
8205.18,0.73699
8207.68,0.73694
8210.17,0.73498
8212.67,0.73878
8215.16,0.73881
8217.66,0.7387
8220.15,0.74385
8222.65,0.74675
8225.14,0.74824
8227.64,0.75302
8230.13,0.75337
8232.63,0.75451
8235.12,0.75392
8237.62,0.75408
8240.11,0.75294
8242.61,0.75267
8245.1,0.75124
8247.6,0.75056
8250.1,0.74882
8252.59,0.74532
8255.08,0.74666
8257.58,0.74512
8260.08,0.74938
8262.57,0.75241
8265.07,0.75324
8267.56,0.75244
8270.06,0.74968
8272.55,0.74764
8275.05,0.74522
8277.54,0.74503
8280.04,0.74447
8282.53,0.74348
8285.03,0.74406
8287.52,0.74308
8290.02,0.73755
8292.51,0.73821
8295.01,0.7349
8297.5,0.7322
8300.0,0.73075
8302.49,0.72755
8304.99,0.72629
8307.48,0.72488
8309.98,0.72348
8312.47,0.72427
8314.97,0.72797
8317.46,0.731
8319.96,0.73065
8322.46,0.72848
8324.95,0.72316
8327.44,0.72278
8329.94,0.71494
8332.43,0.71208
8334.93,0.71083
8337.43,0.71041
8339.92,0.71245
8342.42,0.71564
8344.91,0.71558
8347.41,0.71679
8349.9,0.71685
8352.4,0.71861
8354.89,0.72109
8357.39,0.72526
8359.88,0.72422
8362.38,0.72408
8364.87,0.72271
8367.37,0.72387
8369.86,0.72406
8372.36,0.72513
8374.85,0.72624
8377.35,0.72187
8379.84,0.72018
8382.34,0.71655
8384.83,0.71093
8387.33,0.70827
8389.82,0.70659
8392.32,0.71136
8394.81,0.71783
8397.31,0.71944
8399.8,0.72295
8402.3,0.72435
8404.79,0.72824
8407.29,0.72638
8409.79,0.72458
8412.28,0.72464
8414.78,0.72216
8417.27,0.71928
8419.77,0.71699
8422.26,0.7141
8424.76,0.71303
8427.25,0.71106
8429.75,0.70985
8432.24,0.7068
8434.74,0.70479
8437.23,0.69986
8439.73,0.69504
8442.22,0.69588
8444.72,0.69754
8447.21,0.69818
8449.71,0.70104
8452.2,0.70218
8454.7,0.70214
8457.19,0.70284
8459.69,0.70305
8462.18,0.70075
8464.68,0.69512
8467.17,0.69096
8469.67,0.68635
8472.16,0.68836
8474.66,0.69036
8477.15,0.69514
8479.65,0.6975
8482.14,0.69949
8484.64,0.69924
8487.13,0.69846
8489.63,0.69216
8492.12,0.68138
8494.62,0.6671
8497.12,0.64694
8499.61,0.63278
8502.11,0.6331
8504.6,0.64203
8507.1,0.65721
8509.59,0.67022
8512.09,0.67508
8514.58,0.67934
8517.08,0.67877
8519.57,0.67832
8522.07,0.68025
8524.56,0.68032
8527.06,0.67954
8529.55,0.67634
8532.05,0.66693
8534.54,0.65107
8537.04,0.62372
8539.53,0.59065
8542.03,0.56413
8544.52,0.55178
8547.02,0.56117
8549.51,0.58657
8552.01,0.6168
8554.5,0.64382
8557.0,0.66294
8559.49,0.67208
8561.99,0.68086
8564.48,0.68577
8566.98,0.6862
8569.47,0.68866
8571.97,0.69018
8574.47,0.69047
8576.96,0.69044
8579.46,0.68938
8581.95,0.68791
8584.45,0.68879
8586.94,0.68717
8589.44,0.68401
8591.93,0.68005
8594.43,0.67684
8596.92,0.67259
8599.42,0.67206
8601.91,0.67077
8604.41,0.67331
8606.9,0.67475
8609.4,0.67618
8611.89,0.67855
8614.39,0.6828
8616.88,0.68319
8619.38,0.68738
8621.87,0.68929
8624.37,0.69304
8626.86,0.69304
8629.36,0.69475
8631.85,0.69504
8634.35,0.69973
8636.84,0.69903
8639.34,0.70029
8641.83,0.69935
8644.33,0.69823
8646.83,0.6932
8649.32,0.68606
8651.82,0.67622
8654.31,0.66137
8656.8,0.63931
8659.3,0.61283
8661.8,0.58615
8664.29,0.57229
8666.79,0.57484
8669.28,0.59277
8671.78,0.61651
8674.27,0.63767
8676.77,0.6534
8679.26,0.66426
8681.76,0.67076
8684.25,0.67087
8686.75,0.67161
8689.24,0.67219
8691.74,0.6727
8694.23,0.6766
8696.73,0.67971
8699.22,0.68298
8701.72,0.68518
8704.21,0.68677
8706.71,0.68891
8709.2,0.68862
8711.7,0.6889
8714.19,0.68912
8716.69,0.69039
8719.18,0.6928
8721.68,0.69711
8724.17,0.69676
8726.67,0.69767
8729.17,0.69528
8731.66,0.69403
8734.16,0.68975
8736.65,0.68586
8739.15,0.68256
8741.64,0.67978
8744.14,0.67292
8746.63,0.66815
8749.13,0.66432
8751.62,0.66157
8754.12,0.66067
8756.61,0.6623
8759.11,0.66943
8761.6,0.67434
8764.1,0.68127
8766.59,0.68284
8769.09,0.68554
8771.58,0.68599
8774.08,0.6882
8776.57,0.68976
8779.07,0.69439
8781.56,0.69764
8784.06,0.70029
8786.55,0.70149
8789.05,0.70079
8791.54,0.69876
8794.04,0.6969
8796.53,0.69499
8799.03,0.6949
8801.52,0.69061
8804.02,0.68483
8806.51,0.67921
8809.01,0.67637
8811.5,0.67838
8814.0,0.68675
8816.5,0.69502
8818.99,0.69562
8821.49,0.69711
8823.98,0.6956
8826.48,0.69524
8828.97,0.69599
8831.47,0.70046
8833.96,0.70144
8836.46,0.70032
8838.95,0.70059
8841.45,0.69885
8843.94,0.69769
8846.44,0.69755
8848.93,0.69885
8851.43,0.69421
8853.92,0.68899
8856.42,0.67945
8858.91,0.66661
8861.41,0.65455
8863.9,0.63904
8866.4,0.63408
8868.89,0.63333
8871.39,0.63794
8873.88,0.64411
8876.38,0.64906
8878.87,0.65435
8881.37,0.65976
8883.87,0.66118
8886.36,0.66658
8888.86,0.66908
8891.35,0.66822
8893.84,0.66997
8896.34,0.67182
8898.84,0.67356
8901.33,0.67459
8903.83,0.67479
8906.32,0.67636
8908.82,0.67402
8911.31,0.67399
8913.81,0.67005
8916.3,0.66718
8918.8,0.66645
8921.29,0.66769
8923.79,0.66457
8926.28,0.66484
8928.78,0.66287
8931.27,0.66296
8933.77,0.66502
8936.26,0.66817
8938.76,0.6669
8941.25,0.6661
8943.75,0.66385
8946.24,0.66329
8948.74,0.66225
8951.23,0.66193
8953.73,0.66665
8956.22,0.66574
8958.72,0.66974
8961.21,0.67085
8963.71,0.67027
8966.2,0.66806
8968.7,0.66644
8971.2,0.66687
8973.69,0.66619
8976.19,0.66399
8978.68,0.66674
8981.18,0.66602
8983.67,0.66846
8986.17,0.66857
8988.66,0.66947
8991.16,0.66774
8993.65,0.66571
8996.15,0.66264
8998.64,0.65899
9001.14,0.65577
9003.63,0.64689
9006.13,0.63799
9008.62,0.62687
9011.12,0.61521
9013.61,0.60401
9016.11,0.59767
9018.6,0.60091
9021.1,0.60586
9023.59,0.61577
9026.09,0.62422
9028.58,0.63639
9031.08,0.64356
9033.57,0.65078
9036.07,0.6565
9038.56,0.66196
9041.06,0.66354
9043.55,0.668
9046.05,0.66754
9048.54,0.66971
9051.04,0.67146
9053.54,0.67075
9056.03,0.66649
9058.53,0.66707
9061.02,0.66174
9063.52,0.65933
9066.01,0.65898
9068.51,0.66382
9071.0,0.66559
9073.5,0.66712
9075.99,0.6647
9078.49,0.66243
9080.98,0.65624
9083.48,0.65398
9085.97,0.64834
9088.47,0.64368
9090.96,0.64125
9093.46,0.64094
9095.95,0.64483
9098.45,0.65069
9100.94,0.65337
9103.44,0.65633
9105.93,0.65686
9108.43,0.65665
9110.92,0.65436
9113.42,0.65307
9115.91,0.65132
9118.41,0.6512
9120.9,0.65416
9123.4,0.65681
9125.89,0.65984
9128.39,0.66513
9130.88,0.6635
9133.38,0.66325
9135.88,0.66181
9138.37,0.65847
9140.87,0.65149
9143.36,0.64703
9145.86,0.64454
9148.35,0.64309
9150.85,0.64379
9153.34,0.64633
9155.84,0.6473
9158.33,0.64806
9160.83,0.64548
9163.32,0.64343
9165.82,0.63935
9168.31,0.63508
9170.81,0.63094
9173.3,0.62753
9175.8,0.62753
9178.29,0.62976
9180.79,0.63334
9183.28,0.63424
9185.78,0.63878
9188.27,0.63721
9190.77,0.63603
9193.26,0.63505
9195.76,0.63409
9198.25,0.6318
9200.75,0.631
9203.24,0.6278
9205.74,0.62432
9208.24,0.61925
9210.73,0.61458
9213.23,0.60861
9215.72,0.60338
9218.22,0.602
9220.71,0.59704
9223.21,0.59315
9225.7,0.58997
9228.2,0.58418
9230.69,0.58134
9233.19,0.57929
9235.68,0.5831
9238.18,0.58721
9240.67,0.592
9243.17,0.59732
9245.66,0.6008
9248.16,0.60308
9250.65,0.60483
9253.15,0.60494
9255.64,0.60647
9258.14,0.60641
9260.63,0.60959
9263.13,0.61333
9265.62,0.6159
9268.12,0.6214
9270.61,0.62375
9273.11,0.62376
9275.6,0.62594
9278.1,0.62298
9280.59,0.61914
9283.09,0.61852
9285.58,0.61732
9288.08,0.61494
9290.58,0.61253
9293.07,0.61208
9295.57,0.61355
9298.06,0.61283
9300.56,0.61355
9303.05,0.61293
9305.55,0.6161
9308.04,0.61489
9310.54,0.61476
9313.03,0.61407
9315.53,0.61308
9318.02,0.61204
9320.52,0.61247
9323.01,0.61247
9325.51,0.61203
9328.0,0.61375
9330.5,0.6149
9332.99,0.61721
9335.49,0.6171
9337.98,0.61708
9340.48,0.61785
9342.97,0.61746
9345.47,0.61437
9347.96,0.61364
9350.46,0.60942
9352.95,0.60669
9355.45,0.6049
9357.94,0.60099
9360.44,0.59917
9362.93,0.59975
9365.43,0.60277
9367.92,0.60091
9370.42,0.60199
9372.92,0.60357
9375.41,0.60232
9377.91,0.60195
9380.4,0.60052
9382.9,0.60086
9385.39,0.59823
9387.89,0.59844
9390.38,0.59688
9392.88,0.59812
9395.37,0.59638
9397.87,0.59583
9400.36,0.5949
9402.86,0.58898
9405.35,0.58537
9407.85,0.57897
9410.34,0.57562
9412.84,0.57313
9415.33,0.57379
9417.83,0.57511
9420.32,0.57865
9422.82,0.58407
9425.31,0.58949
9427.81,0.58859
9430.3,0.58924
9432.8,0.58959
9435.29,0.58666
9437.79,0.58493
9440.28,0.58441
9442.78,0.58388
9445.27,0.58357
9447.77,0.58449
9450.27,0.58439
9452.76,0.58685
9455.25,0.59014
9457.75,0.59077
9460.25,0.59276
9462.74,0.59346
9465.24,0.59534
9467.73,0.59686
9470.23,0.59793
9472.72,0.59846
9475.22,0.59934
9477.71,0.59969
9480.21,0.60046
9482.7,0.59987
9485.2,0.59992
9487.69,0.6016
9490.19,0.60186
9492.68,0.60354
9495.18,0.60338
9497.67,0.60226
9500.17,0.60304
9502.66,0.60128
9505.16,0.60071
9507.65,0.60054
9510.15,0.60121
9512.64,0.60055
9515.14,0.60219
9517.63,0.59937
9520.13,0.60081
9522.62,0.60094
9525.12,0.60061
9527.61,0.59888
9530.11,0.59572
9532.61,0.59204
9535.1,0.5864
9537.6,0.58214
9540.09,0.57355
9542.59,0.56577
9545.08,0.56037
9547.58,0.55816
9550.07,0.5568
9552.57,0.56371
9555.06,0.57041
9557.56,0.58027
9560.05,0.58718
9562.55,0.59095
9565.04,0.59413
9567.54,0.59477
9570.03,0.59474
9572.53,0.59349
9575.02,0.59368
9577.52,0.59561
9580.01,0.59576
9582.51,0.59725
9585.0,0.59963
9587.5,0.60102
9589.99,0.60276
9592.49,0.60075
9594.98,0.60154
9597.48,0.59842
9599.97,0.5974
9602.47,0.59493
9604.96,0.59306
9607.46,0.59581
9609.96,0.59728
9612.45,0.59959
9614.95,0.60025
9617.44,0.6005
9619.94,0.59887
9622.43,0.59649
9624.93,0.59529
9627.42,0.59424
9629.92,0.59381
9632.41,0.595
9634.91,0.59524
9637.4,0.59216
9639.9,0.59143
9642.39,0.58954
9644.89,0.59009
9647.38,0.59181
9649.88,0.59005
9652.37,0.58783
9654.87,0.58575
9657.36,0.58567
9659.86,0.58411
9662.35,0.5844
9664.85,0.58482
9667.34,0.58849
9669.84,0.58783
9672.33,0.58756
9674.83,0.58555
9677.32,0.58668
9679.82,0.58767
9682.31,0.58835
9684.81,0.58831
9687.3,0.5884
9689.8,0.58713
9692.29,0.5876
9694.79,0.58546
9697.29,0.58746
9699.78,0.58868
9702.28,0.58752
9704.77,0.58746
9707.27,0.58789
9709.76,0.58948
9712.26,0.59196
9714.75,0.5917
9717.25,0.59207
9719.74,0.58936
9722.24,0.58762
9724.73,0.58522
9727.23,0.57992
9729.72,0.57688
9732.22,0.57517
9734.71,0.57243
9737.21,0.57104
9739.7,0.5682
9742.2,0.56931
9744.69,0.56889
9747.19,0.56925
9749.68,0.57124
9752.18,0.57333
9754.67,0.57655
9757.17,0.57724
9759.66,0.57933
9762.16,0.57753
9764.65,0.57601
9767.15,0.57449
9769.64,0.57349
9772.14,0.57465
9774.64,0.57443
9777.13,0.57419
9779.63,0.57262
9782.12,0.57144
9784.62,0.56943
9787.11,0.56802
9789.61,0.56869
9792.1,0.57148
9794.6,0.57499
9797.09,0.57672
9799.59,0.57938
9802.08,0.57982
9804.58,0.57876
9807.07,0.57871
9809.57,0.57951
9812.06,0.57791
9814.56,0.5786
9817.05,0.57745
9819.55,0.57733
9822.04,0.57759
9824.54,0.57538
9827.03,0.5753
9829.53,0.57351
9832.02,0.57137
9834.52,0.57218
9837.01,0.57295
9839.51,0.5755
9842.0,0.57396
9844.5,0.5766
9847.0,0.57409
9849.49,0.57554
9851.99,0.57669
9854.48,0.57556
9856.98,0.57504
9859.47,0.57474
9861.97,0.57501
9864.46,0.57556
9866.96,0.57562
9869.45,0.57654
9871.95,0.57721
9874.44,0.57738
9876.94,0.57738
9879.43,0.57709
9881.93,0.5758
9884.42,0.57499
9886.92,0.57315
9889.41,0.57136
9891.91,0.56915
9894.4,0.5687
9896.9,0.56767
9899.39,0.56666
9901.89,0.56534
9904.38,0.56681
9906.88,0.56596
9909.37,0.56663
9911.87,0.56594
9914.36,0.56552
9916.86,0.5655
9919.35,0.5651
9921.85,0.5641
9924.34,0.56362
9926.84,0.56275
9929.33,0.56285
9931.83,0.5643
9934.33,0.5638
9936.82,0.5648
9939.32,0.56551
9941.81,0.56728
9944.31,0.5671
9946.8,0.56684
9949.3,0.56605
9951.79,0.56581
9954.29,0.56705
9956.78,0.56855
9959.28,0.56989
9961.77,0.56969
9964.27,0.57099
9966.76,0.57345
9969.26,0.57244
9971.75,0.57173
9974.25,0.57082
9976.74,0.57009
9979.24,0.56821
9981.73,0.56766
9984.23,0.56683
9986.72,0.56505
9989.22,0.56657
9991.71,0.56498
9994.21,0.5638
9996.7,0.56252
9999.2,0.56087
10001.7,0.56195
10004.2,0.56101
10006.7,0.56163
10009.2,0.5627
10011.7,0.56317
10014.2,0.56474
10016.7,0.56482
10019.2,0.56376
10021.7,0.5654
10024.2,0.56389
10026.6,0.56059
10029.1,0.55988
10031.6,0.55497
10034.1,0.55164
10036.6,0.54768
10039.1,0.54338
10041.6,0.53904
10044.1,0.53609
10046.6,0.53104
10049.1,0.52544
10051.6,0.52507
10054.1,0.5229
10056.6,0.52539
10059.1,0.5306
10061.6,0.53443
10064.1,0.53999
10066.6,0.54391
10069.1,0.54766
10071.6,0.55238
10074.1,0.55225
10076.5,0.55547
10079.0,0.55453
10081.5,0.55559
10084.0,0.5557
10086.5,0.5565
10089.0,0.55825
10091.5,0.55965
10094.0,0.56074
10096.5,0.56262
10099.0,0.56448
10101.5,0.56674
10104.0,0.56566
10106.5,0.56474
10109.0,0.56437
10111.5,0.56324
10114.0,0.561
10116.5,0.56215
10119.0,0.56106
10121.5,0.56056
10124.0,0.55936
10126.5,0.55992
10128.9,0.55933
10131.4,0.55823
10133.9,0.56031
10136.4,0.55741
10138.9,0.55777
10141.4,0.55705
10143.9,0.55333
10146.4,0.55323
10148.9,0.55253
10151.4,0.55297
10153.9,0.55279
10156.4,0.55444
10158.9,0.55389
10161.4,0.55526
10163.9,0.55552
10166.4,0.55719
10168.9,0.5548
10171.4,0.55493
10173.9,0.55596
10176.4,0.55781
10178.9,0.55761
10181.3,0.55631
10183.8,0.55624
10186.3,0.5553
10188.8,0.55391
10191.3,0.55246
10193.8,0.55207
10196.3,0.55177
10198.8,0.55118
10201.3,0.55193
10203.8,0.55305
10206.3,0.55291
10208.8,0.55435
10211.3,0.55298
10213.8,0.55196
10216.3,0.5498
10218.8,0.54932
10221.3,0.54767
10223.8,0.54964
10226.3,0.55107
10228.8,0.55104
10231.2,0.55154
10233.7,0.553
10236.2,0.5521
10238.7,0.55403
10241.2,0.55312
10243.7,0.5527
10246.2,0.55392
10248.7,0.5539
10251.2,0.55406
10253.7,0.55131
10256.2,0.55109
10258.7,0.54876
10261.2,0.54921
10263.7,0.54855
10266.2,0.54824
10268.7,0.54808
10271.2,0.54864
10273.7,0.54892
10276.2,0.54889
10278.7,0.54841
10281.2,0.54972
10283.6,0.54763
10286.1,0.54804
10288.6,0.54578
10291.1,0.54776
10293.6,0.54787
10296.1,0.54691
10298.6,0.54741
10301.1,0.54621
10303.6,0.54668
10306.1,0.54759
10308.6,0.54627
10311.1,0.54721
10313.6,0.54742
10316.1,0.54678
10318.6,0.54656
10321.1,0.5461
10323.6,0.54255
10326.1,0.53903
10328.6,0.53675
10331.1,0.536
10333.5,0.53539
10336.0,0.53502
10338.5,0.53632
10341.0,0.53585
10343.5,0.53441
10346.0,0.53616
10348.5,0.53507
10351.0,0.5361
10353.5,0.5398
10356.0,0.5409
10358.5,0.54425
10361.0,0.54312
10363.5,0.54333
10366.0,0.54234
10368.5,0.54219
10371.0,0.54
10373.5,0.53822
10376.0,0.53753
10378.5,0.53702
10381.0,0.53745
10383.5,0.5376
10385.9,0.53816
10388.4,0.53863
10390.9,0.53795
10393.4,0.53709
10395.9,0.53531
10398.4,0.53367
10400.9,0.53396
10403.4,0.53449
10405.9,0.53648
10408.4,0.53958
10410.9,0.53891
10413.4,0.53919
10415.9,0.54058
10418.4,0.54069
10420.9,0.53925
10423.4,0.5381
10425.9,0.53728
10428.4,0.53643
10430.9,0.53744
10433.4,0.53773
10435.9,0.53753
10438.3,0.53959
10440.8,0.53917
10443.3,0.53985
10445.8,0.5388
10448.3,0.53896
10450.8,0.53625
10453.3,0.53638
10455.8,0.533
10458.3,0.53107
10460.8,0.5291
10463.3,0.53008
10465.8,0.53093
10468.3,0.53047
10470.8,0.53007
10473.3,0.53321
10475.8,0.53183
10478.3,0.53306
10480.8,0.53519
10483.3,0.53397
10485.8,0.53405
10488.2,0.53397
10490.7,0.53328
10493.2,0.53261
10495.7,0.53087
10498.2,0.52973
10500.7,0.53092
10503.2,0.52978
10505.7,0.53111
10508.2,0.52943
10510.7,0.53071
10513.2,0.53095
10515.7,0.52987
10518.2,0.5307
10520.7,0.53199
10523.2,0.53129
10525.7,0.53097
10528.2,0.52915
10530.7,0.52831
10533.2,0.5289
10535.7,0.52624
10538.2,0.52587
10540.6,0.52841
10543.1,0.52799
10545.6,0.52803
10548.1,0.52829
10550.6,0.52781
10553.1,0.52834
10555.6,0.52723
10558.1,0.52626
10560.6,0.5273
10563.1,0.52577
10565.6,0.52732
10568.1,0.52499
10570.6,0.52573
10573.1,0.52482
10575.6,0.52297
10578.1,0.52089
10580.6,0.51695
10583.1,0.51377
10585.6,0.51248
10588.1,0.51143
10590.6,0.513
10593.0,0.51571
10595.5,0.51864
10598.0,0.5216
10600.5,0.52085
10603.0,0.51862
10605.5,0.51757
10608.0,0.5155
10610.5,0.51654
10613.0,0.51688
10615.5,0.51926
10618.0,0.51896
10620.5,0.5204
10623.0,0.5212
10625.5,0.52253
10628.0,0.5231
10630.5,0.52235
10633.0,0.52247
10635.5,0.52378
10638.0,0.52257
10640.5,0.5241
10642.9,0.52299
10645.4,0.52262
10647.9,0.52285
10650.4,0.52019
10652.9,0.51882
10655.4,0.51637
10657.9,0.51466
10660.4,0.51174
10662.9,0.5098
10665.4,0.50896
10667.9,0.51004
10670.4,0.51068
10672.9,0.51336
10675.4,0.51406
10677.9,0.51176
10680.4,0.51069
10682.9,0.50709
10685.4,0.50539
10687.9,0.50129
10690.4,0.49935
10692.9,0.50042
10695.3,0.50112
10697.8,0.5042
10700.3,0.50697
10702.8,0.51033
10705.3,0.51247
10707.8,0.51288
10710.3,0.51528
10712.8,0.51596
10715.3,0.51568
10717.8,0.5149
10720.3,0.51482
10722.8,0.51155
10725.3,0.50878
10727.8,0.50572
10730.3,0.50304
10732.8,0.50238
10735.3,0.50519
10737.8,0.50725
10740.3,0.50995
10742.8,0.5101
10745.3,0.5089
10747.7,0.50825
10750.2,0.50663
10752.7,0.50611
10755.2,0.5067
10757.7,0.50791
10760.2,0.51007
10762.7,0.51174
10765.2,0.51477
10767.7,0.51483
10770.2,0.5136
10772.7,0.51111
10775.2,0.51
10777.7,0.50819
10780.2,0.50384
10782.7,0.50108
10785.2,0.4986
10787.7,0.49954
10790.2,0.49888
10792.7,0.50036
10795.2,0.50205
10797.6,0.50451
10800.1,0.5051
10802.6,0.50639
10805.1,0.5053
10807.6,0.50349
10810.1,0.50155
10812.6,0.49799
10815.1,0.49591
10817.6,0.49496
10820.1,0.49426
10822.6,0.49076
10825.1,0.49142
10827.6,0.48855
10830.1,0.48996
10832.6,0.49002
10835.1,0.49112
10837.6,0.49462
10840.1,0.49723
10842.6,0.50025
10845.1,0.5007
10847.6,0.50203
10850.0,0.50284
10852.5,0.50367
10855.0,0.50428
10857.5,0.50408
10860.0,0.50249
10862.5,0.49981
10865.0,0.49619
10867.5,0.49055
10870.0,0.486
10872.5,0.48289
10875.0,0.48037
10877.5,0.48016
10880.0,0.48157
10882.5,0.48316
10885.0,0.48326
10887.5,0.48446
10890.0,0.48785
10892.5,0.48739
10895.0,0.48939
10897.5,0.49042
10900.0,0.49175
10902.4,0.49383
10904.9,0.49301
10907.4,0.49323
10909.9,0.49226
10912.4,0.49121
10914.9,0.4888
10917.4,0.48528
10919.9,0.48385
10922.4,0.48
10924.9,0.47521
10927.4,0.47151
10929.9,0.46564
10932.4,0.4605
10934.9,0.45819
10937.4,0.456
10939.9,0.45524
10942.4,0.45459
10944.9,0.45771
10947.4,0.45999
10949.9,0.46314
10952.3,0.46531
10954.8,0.46565
10957.3,0.46642
10959.8,0.46358
10962.3,0.45974
10964.8,0.45772
10967.3,0.45588
10969.8,0.45386
10972.3,0.45271
10974.8,0.4537
10977.3,0.45456
10979.8,0.45544
10982.3,0.45715
10984.8,0.45762
10987.3,0.45978
10989.8,0.46041
10992.3,0.46202
10994.8,0.46283
10997.3,0.46148
10999.8,0.46243
