wave,flux
3700.85,0.10487
3701.75,0.10302
3702.65,0.098989
3703.55,0.093512
3704.45,0.087476
3705.35,0.0816
3706.25,0.077402
3707.15,0.075045
3708.05,0.074573
3708.96,0.076591
3709.86,0.079514
3710.76,0.084228
3711.66,0.089874
3712.56,0.095511
3713.46,0.10077
3714.36,0.10458
3715.26,0.106
3716.16,0.10429
3717.06,0.10117
3717.96,0.094673
3718.86,0.086997
3719.76,0.07824
3720.66,0.071987
3721.56,0.067643
3722.46,0.067367
3723.36,0.070719
3724.26,0.076021
3725.16,0.081565
3726.06,0.086486
3726.96,0.088663
3727.86,0.08948
3728.76,0.089331
3729.66,0.088216
3730.56,0.085978
3731.46,0.08276
3732.36,0.077456
3733.26,0.071138
3734.16,0.064664
3735.06,0.059867
3735.96,0.056955
3736.86,0.057485
3737.76,0.060854
3738.66,0.066712
3739.56,0.073699
3740.46,0.079651
3741.36,0.083839
3742.26,0.084189
3743.16,0.082628
3744.06,0.078452
3744.96,0.07403
3745.86,0.068874
3746.76,0.064404
3747.67,0.061218
3748.57,0.05924
3749.47,0.05891
3750.37,0.061611
3751.27,0.066557
3752.17,0.073794
3753.07,0.081586
3753.97,0.088428
3754.87,0.093831
3755.77,0.095457
3756.67,0.09394
3757.57,0.090459
3758.47,0.085691
3759.37,0.081941
3760.27,0.08015
3761.17,0.080309
3762.07,0.081737
3762.97,0.08328
3763.87,0.0844
3764.77,0.084747
3765.67,0.084958
3766.57,0.085322
3767.47,0.085538
3768.37,0.085978
3769.27,0.087436
3770.17,0.088925
3771.07,0.09188
3771.97,0.09461
3772.87,0.097444
3773.77,0.099738
3774.67,0.10237
3775.57,0.10359
3776.47,0.10495
3777.37,0.10616
3778.27,0.10743
3779.17,0.10935
3780.07,0.111
3780.97,0.1132
3781.87,0.11436
3782.77,0.11506
3783.67,0.11508
3784.57,0.11272
3785.47,0.1094
3786.38,0.10493
3787.28,0.099773
3788.18,0.095523
3789.08,0.092153
3789.98,0.090225
3790.88,0.089719
3791.78,0.089509
3792.68,0.089425
3793.58,0.087952
3794.48,0.086326
3795.38,0.083703
3796.28,0.080862
3797.18,0.078422
3798.08,0.077052
3798.98,0.077397
3799.88,0.079637
3800.78,0.083728
3801.68,0.089436
3802.58,0.095424
3803.48,0.10074
3804.38,0.10402
3805.28,0.1061
3806.18,0.10608
3807.08,0.10559
3807.98,0.10524
3808.88,0.10506
3809.78,0.10584
3810.68,0.10543
3811.58,0.10521
3812.48,0.10242
3813.38,0.098728
3814.28,0.09314
3815.18,0.088462
3816.08,0.085299
3816.98,0.083086
3817.88,0.081699
3818.78,0.080658
3819.68,0.079436
3820.58,0.077843
3821.48,0.076169
3822.38,0.074619
3823.28,0.073768
3824.18,0.072374
3825.09,0.069748
3825.99,0.067313
3826.89,0.064967
3827.79,0.063528
3828.69,0.063267
3829.59,0.063288
3830.49,0.063024
3831.39,0.062401
3832.29,0.061362
3833.19,0.059615
3834.09,0.058111
3834.99,0.057589
3835.89,0.057848
3836.79,0.057995
3837.69,0.058412
3838.59,0.059005
3839.49,0.06011
3840.39,0.062265
3841.29,0.066229
3842.19,0.0719
3843.09,0.077604
3843.99,0.083299
3844.89,0.088207
3845.79,0.091628
3846.69,0.094009
3847.59,0.0945
3848.49,0.094701
3849.39,0.094329
3850.29,0.093267
3851.19,0.092535
3852.09,0.092368
3852.99,0.092807
3853.89,0.092159
3854.79,0.090417
3855.69,0.088528
3856.59,0.085387
3857.49,0.082132
3858.39,0.079014
3859.29,0.077321
3860.19,0.076539
3861.09,0.078028
3861.99,0.081457
3862.9,0.085592
3863.8,0.090105
3864.7,0.092873
3865.6,0.094525
3866.5,0.094224
3867.4,0.093965
3868.3,0.09286
3869.2,0.090641
3870.1,0.088055
3871.0,0.084984
3871.9,0.083262
3872.8,0.082512
3873.7,0.082791
3874.6,0.084861
3875.5,0.086969
3876.4,0.088404
3877.3,0.088079
3878.2,0.087177
3879.1,0.085548
3880.0,0.084715
3880.9,0.08402
3881.8,0.084341
3882.7,0.084706
3883.6,0.084444
3884.5,0.08409
3885.4,0.082849
3886.3,0.080846
3887.2,0.079155
3888.1,0.078129
3889.0,0.07817
3889.9,0.08049
3890.8,0.084311
3891.7,0.088896
3892.6,0.092957
3893.5,0.096538
3894.4,0.098907
3895.3,0.09997
3896.2,0.10074
3897.1,0.10122
3898.0,0.10135
3898.9,0.10219
3899.8,0.10248
3900.7,0.10232
3901.6,0.10221
3902.51,0.10144
3903.41,0.10037
3904.31,0.098819
3905.21,0.098133
3906.11,0.097558
3907.01,0.099238
3907.91,0.10149
3908.81,0.10584
3909.71,0.10938
3910.61,0.11285
3911.51,0.11504
3912.41,0.11701
3913.31,0.11739
3914.21,0.11727
3915.11,0.116
3916.01,0.11438
3916.91,0.11206
3917.81,0.10891
3918.71,0.10584
3919.61,0.1024
3920.51,0.099168
3921.41,0.096217
3922.31,0.093492
3923.21,0.092221
3924.11,0.090814
3925.01,0.089005
3925.91,0.086362
3926.81,0.081691
3927.71,0.075152
3928.61,0.068141
3929.51,0.060454
3930.41,0.052567
3931.31,0.045543
3932.21,0.03949
3933.11,0.034927
3934.01,0.032463
3934.91,0.032294
3935.81,0.034409
3936.71,0.038725
3937.61,0.044857
3938.51,0.051943
3939.42,0.059363
3940.32,0.066346
3941.22,0.07201
3942.12,0.076318
3943.02,0.080108
3943.92,0.083059
3944.82,0.086639
3945.72,0.090131
3946.62,0.09447
3947.52,0.098372
3948.42,0.10239
3949.32,0.10584
3950.22,0.10877
3951.12,0.11075
3952.02,0.11266
3952.92,0.11342
3953.82,0.11387
3954.72,0.11436
3955.62,0.11369
3956.52,0.1128
3957.42,0.11126
3958.32,0.10968
3959.22,0.10623
3960.12,0.10283
3961.02,0.096622
3961.92,0.089931
3962.82,0.082914
3963.72,0.07583
3964.62,0.068393
3965.52,0.061311
3966.42,0.054013
3967.32,0.047652
3968.22,0.042417
3969.12,0.039271
3970.02,0.039132
3970.92,0.041826
3971.82,0.046817
3972.72,0.053982
3973.62,0.062274
3974.52,0.070887
3975.42,0.079709
3976.32,0.087994
3977.22,0.09587
3978.13,0.10315
3979.03,0.10937
3979.93,0.11477
3980.83,0.11884
3981.73,0.1216
3982.63,0.12298
3983.53,0.12381
3984.43,0.12512
3985.33,0.12619
3986.23,0.12771
3987.13,0.12945
3988.03,0.13105
3988.93,0.13237
3989.83,0.13481
3990.73,0.13612
3991.63,0.13678
3992.53,0.13817
3993.43,0.13856
3994.33,0.13786
3995.23,0.13624
3996.13,0.13541
3997.03,0.13411
3997.93,0.13384
3998.83,0.13437
3999.73,0.13612
4000.63,0.13895
4001.53,0.1411
4002.43,0.14225
4003.33,0.14345
4004.23,0.14087
4005.13,0.13805
4006.03,0.13618
4006.93,0.13456
4007.83,0.13499
4008.73,0.13666
4009.63,0.13964
4010.53,0.14222
4011.43,0.14469
4012.33,0.1463
4013.23,0.14672
4014.13,0.14803
4015.03,0.14845
4015.93,0.14885
4016.84,0.14851
4017.74,0.14837
4018.64,0.14832
4019.54,0.14914
4020.44,0.14936
4021.34,0.14948
4022.24,0.14981
4023.14,0.14931
4024.04,0.14929
4024.94,0.14938
4025.84,0.14999
4026.74,0.15073
4027.64,0.15206
4028.54,0.15086
4029.44,0.14855
4030.34,0.14526
4031.24,0.14061
4032.14,0.13664
4033.04,0.13361
4033.94,0.13231
4034.84,0.13414
4035.74,0.13796
4036.64,0.14249
4037.54,0.14715
4038.44,0.15205
4039.34,0.1548
4040.24,0.15509
4041.14,0.15417
4042.04,0.15142
4042.94,0.14703
4043.84,0.14233
4044.74,0.13599
4045.64,0.1321
4046.54,0.13005
4047.44,0.13069
4048.34,0.13439
4049.24,0.139
4050.14,0.14434
4051.04,0.14883
4051.94,0.15015
4052.84,0.15112
4053.74,0.14979
4054.65,0.14803
4055.55,0.1456
4056.45,0.14335
4057.35,0.14236
4058.25,0.14105
4059.15,0.14109
4060.05,0.14127
4060.95,0.1411
4061.85,0.13999
4062.75,0.13697
4063.65,0.1348
4064.55,0.13265
4065.45,0.13229
4066.35,0.13321
4067.25,0.13648
4068.15,0.1394
4069.05,0.14225
4069.95,0.14343
4070.85,0.14329
4071.75,0.14288
4072.65,0.14202
4073.55,0.14148
4074.45,0.14038
4075.35,0.1395
4076.25,0.13804
4077.15,0.13636
4078.05,0.13516
4078.95,0.13602
4079.85,0.13855
4080.75,0.14238
4081.65,0.14575
4082.55,0.14863
4083.45,0.15108
4084.35,0.15185
4085.25,0.1523
4086.15,0.15428
4087.05,0.15635
4087.95,0.15925
4088.85,0.16226
4089.75,0.16455
4090.65,0.16498
4091.55,0.16444
4092.45,0.16301
4093.36,0.16132
4094.26,0.15921
4095.16,0.1553
4096.06,0.15204
4096.96,0.14799
4097.86,0.14402
4098.76,0.13922
4099.66,0.13478
4100.56,0.1305
4101.46,0.12754
4102.36,0.12516
4103.26,0.12533
4104.16,0.12761
4105.06,0.1325
4105.96,0.13799
4106.86,0.14301
4107.76,0.14654
4108.66,0.14876
4109.56,0.14935
4110.46,0.14966
4111.36,0.15093
4112.26,0.15173
4113.16,0.15345
4114.06,0.15395
4114.96,0.15635
4115.86,0.15724
4116.76,0.1584
4117.66,0.15791
4118.56,0.15603
4119.46,0.15441
4120.36,0.15388
4121.26,0.15312
4122.16,0.15322
4123.06,0.15381
4123.96,0.15445
4124.86,0.15564
4125.76,0.15523
4126.66,0.15501
4127.56,0.15403
4128.46,0.1523
4129.36,0.15071
4130.26,0.14817
4131.17,0.14607
4132.06,0.14368
4132.97,0.142
4133.87,0.14212
4134.77,0.14323
4135.67,0.14544
4136.57,0.14893
4137.47,0.15225
4138.37,0.15551
4139.27,0.15784
4140.17,0.15761
4141.07,0.15485
4141.97,0.15129
4142.87,0.14723
4143.77,0.14331
4144.67,0.14119
4145.57,0.14212
4146.47,0.14397
4147.37,0.14633
4148.27,0.1477
4149.17,0.15013
4150.07,0.14984
4150.97,0.15038
4151.87,0.14901
4152.77,0.14778
4153.67,0.14713
4154.57,0.14639
4155.47,0.14657
4156.37,0.14648
4157.27,0.1478
4158.17,0.14937
4159.07,0.15302
4159.97,0.15456
4160.87,0.1577
4161.77,0.15867
4162.67,0.15965
4163.57,0.15992
4164.47,0.16001
4165.37,0.1591
4166.27,0.15813
4167.17,0.15602
4168.07,0.15554
4168.98,0.15343
4169.88,0.15116
4170.78,0.14954
4171.68,0.14693
4172.58,0.1434
4173.48,0.14109
4174.38,0.14011
4175.28,0.13957
4176.18,0.14001
4177.08,0.14172
4177.98,0.14337
4178.88,0.14522
4179.78,0.14622
4180.68,0.1475
4181.58,0.14892
4182.48,0.14965
4183.38,0.14944
4184.28,0.14956
4185.18,0.14968
4186.08,0.14955
4186.98,0.14932
4187.88,0.14817
4188.78,0.14808
4189.68,0.14867
4190.58,0.14917
4191.48,0.15123
4192.38,0.15284
4193.28,0.15358
4194.18,0.15417
4195.08,0.15269
4195.98,0.15071
4196.88,0.1473
4197.78,0.14414
4198.68,0.14175
4199.58,0.13955
4200.48,0.13845
4201.38,0.13883
4202.28,0.13893
4203.18,0.14059
4204.08,0.14366
4204.98,0.1467
4205.88,0.1493
4206.79,0.15257
4207.69,0.15493
4208.59,0.15749
4209.49,0.15952
4210.39,0.15906
4211.29,0.15923
4212.19,0.15895
4213.09,0.1576
4213.99,0.15637
4214.89,0.15426
4215.79,0.15231
4216.69,0.15229
4217.59,0.15321
4218.49,0.15527
4219.39,0.15761
4220.29,0.15918
4221.19,0.15969
4222.09,0.15711
4222.99,0.15328
4223.89,0.14649
4224.79,0.13907
4225.69,0.13137
4226.59,0.12511
4227.49,0.12333
4228.39,0.12439
4229.29,0.12931
4230.19,0.13601
4231.09,0.14286
4231.99,0.14781
4232.89,0.15064
4233.79,0.15135
4234.69,0.15118
4235.59,0.1496
4236.49,0.14867
4237.39,0.1475
4238.29,0.14763
4239.19,0.1482
4240.09,0.15095
4240.99,0.153
4241.89,0.15562
4242.79,0.15778
4243.69,0.16056
4244.59,0.16123
4245.5,0.16176
4246.4,0.16004
4247.3,0.15758
4248.2,0.15421
4249.1,0.15122
4250.0,0.14819
4250.9,0.14697
4251.8,0.14594
4252.7,0.14603
4253.6,0.14703
4254.5,0.14723
4255.4,0.14877
4256.3,0.14982
4257.2,0.15029
4258.1,0.15004
4259.0,0.14966
4259.9,0.14792
4260.8,0.14735
4261.7,0.14833
4262.6,0.15071
4263.5,0.15368
4264.4,0.15779
4265.3,0.16046
4266.2,0.16252
4267.1,0.16186
4268.0,0.16031
4268.9,0.15606
4269.8,0.14989
4270.7,0.14421
4271.6,0.13923
4272.5,0.13439
4273.4,0.13234
4274.3,0.13227
4275.2,0.13469
4276.1,0.13902
4277.0,0.14389
4277.9,0.14803
4278.8,0.15167
4279.7,0.15349
4280.6,0.15439
4281.5,0.15386
4282.4,0.15232
4283.31,0.15201
4284.21,0.15079
4285.11,0.14978
4286.01,0.1476
4286.91,0.14538
4287.81,0.1423
4288.71,0.13956
4289.61,0.1375
4290.51,0.13607
4291.41,0.13645
4292.31,0.13679
4293.21,0.13881
4294.11,0.14054
4295.01,0.14108
4295.91,0.14075
4296.81,0.13709
4297.71,0.13286
4298.61,0.12764
4299.51,0.12208
4300.41,0.11743
4301.31,0.11414
4302.21,0.11175
4303.11,0.11103
4304.01,0.11092
4304.91,0.11039
4305.81,0.11035
4306.71,0.10922
4307.61,0.10837
4308.51,0.10716
4309.41,0.10659
4310.31,0.10831
4311.21,0.11185
4312.11,0.11684
4313.01,0.12412
4313.91,0.13326
4314.81,0.14256
4315.71,0.15282
4316.61,0.16198
4317.51,0.16999
4318.41,0.17604
4319.31,0.1791
4320.21,0.1791
4321.12,0.17613
4322.02,0.17066
4322.92,0.16427
4323.82,0.15632
4324.72,0.15005
4325.62,0.14586
4326.52,0.14395
4327.42,0.14636
4328.32,0.15144
4329.22,0.15791
4330.12,0.1646
4331.02,0.16957
4331.92,0.17437
4332.82,0.17615
4333.72,0.17732
4334.62,0.17632
4335.52,0.17417
4336.42,0.16947
4337.32,0.16317
4338.22,0.15631
4339.12,0.14836
4340.02,0.14321
4340.92,0.13973
4341.82,0.13942
4342.72,0.14218
4343.62,0.14697
4344.52,0.15361
4345.42,0.15902
4346.32,0.16439
4347.22,0.16886
4348.12,0.17129
4349.02,0.17211
4349.92,0.17133
4350.82,0.1687
4351.72,0.16523
4352.62,0.16355
4353.52,0.16196
4354.42,0.1622
4355.32,0.16451
4356.22,0.16566
4357.12,0.16859
4358.02,0.17034
4358.92,0.17213
4359.83,0.17364
4360.73,0.17507
4361.63,0.17573
4362.53,0.17865
4363.43,0.18043
4364.33,0.18229
4365.23,0.1832
4366.13,0.1824
4367.03,0.18048
4367.93,0.17899
4368.83,0.17714
4369.73,0.17508
4370.63,0.17356
4371.53,0.17167
4372.43,0.16892
4373.33,0.16718
4374.23,0.16529
4375.13,0.16335
4376.03,0.16403
4376.93,0.16413
4377.83,0.16563
4378.73,0.16712
4379.63,0.16778
4380.53,0.16562
4381.43,0.16175
4382.33,0.15615
4383.23,0.15038
4384.13,0.14456
4385.03,0.14141
4385.93,0.14182
4386.83,0.14452
4387.73,0.14891
4388.63,0.15288
4389.53,0.15657
4390.43,0.15992
4391.33,0.16252
4392.23,0.16318
4393.13,0.1649
4394.03,0.16667
4394.93,0.168
4395.83,0.17039
4396.73,0.17162
4397.64,0.17348
4398.54,0.17323
4399.44,0.17382
4400.34,0.1727
4401.24,0.17082
4402.14,0.16814
4403.04,0.16584
4403.94,0.16308
4404.84,0.16002
4405.74,0.15854
4406.64,0.15721
4407.54,0.1582
4408.44,0.16205
4409.34,0.16482
4410.24,0.17008
4411.14,0.17398
4412.04,0.17761
4412.94,0.17957
4413.84,0.17906
4414.74,0.17807
4415.64,0.17649
4416.54,0.17642
4417.44,0.17607
4418.34,0.17742
4419.24,0.17979
4420.14,0.18214
4421.04,0.18313
4421.94,0.18352
4422.84,0.18276
4423.74,0.18138
4424.64,0.18044
4425.54,0.18006
4426.44,0.18
4427.34,0.18011
4428.24,0.18081
4429.14,0.18058
4430.04,0.18115
4430.94,0.17948
4431.84,0.17935
4432.74,0.17791
4433.64,0.17654
4434.54,0.17593
4435.45,0.17462
4436.35,0.17541
4437.25,0.17671
4438.15,0.1795
4439.05,0.18231
4439.95,0.184
4440.85,0.18411
4441.75,0.18391
4442.65,0.18268
4443.55,0.18174
4444.45,0.18151
4445.35,0.18379
4446.25,0.1842
4447.15,0.18708
4448.05,0.18873
4448.95,0.18941
4449.85,0.18928
4450.75,0.1886
4451.65,0.18649
4452.55,0.18424
4453.45,0.18172
4454.35,0.17827
4455.25,0.17397
4456.15,0.17111
4457.05,0.16899
4457.95,0.16799
4458.85,0.16719
4459.75,0.16687
4460.65,0.16792
4461.55,0.16858
4462.45,0.17042
4463.35,0.17249
4464.25,0.17536
4465.15,0.17732
4466.05,0.18029
4466.95,0.18181
4467.85,0.18184
4468.75,0.18195
4469.65,0.18308
4470.55,0.18436
4471.45,0.18629
4472.35,0.1879
4473.25,0.19143
4474.16,0.19403
4475.06,0.19649
4475.96,0.19833
4476.86,0.20022
4477.76,0.19923
4478.66,0.19811
4479.56,0.19647
4480.46,0.19387
4481.36,0.19183
4482.26,0.19078
4483.16,0.1899
4484.06,0.19062
4484.96,0.19288
4485.86,0.1952
4486.76,0.19569
4487.66,0.19666
4488.56,0.19578
4489.46,0.19476
4490.36,0.19315
4491.26,0.19261
4492.16,0.19183
4493.06,0.19
4493.96,0.19055
4494.86,0.19007
4495.76,0.1898
4496.66,0.19057
4497.56,0.19207
4498.46,0.19275
4499.36,0.19557
4500.26,0.19894
4501.16,0.20016
4502.06,0.20319
4502.96,0.20455
4503.86,0.20705
4504.76,0.2086
4505.66,0.21033
4506.56,0.21191
4507.46,0.21192
4508.36,0.21255
4509.26,0.21064
4510.17,0.20985
4511.06,0.20948
4511.97,0.20892
4512.87,0.20663
4513.77,0.20438
4514.67,0.20372
4515.57,0.20201
4516.47,0.20085
4517.37,0.20047
4518.27,0.20062
4519.17,0.20067
4520.07,0.20183
4520.97,0.20094
4521.87,0.20038
4522.77,0.19946
4523.67,0.19779
4524.57,0.19472
4525.47,0.19085
4526.37,0.18787
4527.27,0.18363
4528.17,0.18107
4529.07,0.17842
4529.97,0.1782
4530.87,0.17703
4531.77,0.17766
4532.67,0.17811
4533.57,0.1794
4534.47,0.17994
4535.37,0.18207
4536.27,0.18377
4537.17,0.18759
4538.07,0.191
4538.97,0.19301
4539.87,0.19579
4540.77,0.19812
4541.67,0.19791
4542.57,0.19864
4543.47,0.19775
4544.37,0.19745
4545.27,0.19648
4546.17,0.19469
4547.07,0.19392
4547.97,0.19249
4548.88,0.19159
4549.77,0.19147
4550.68,0.19018
4551.58,0.18988
4552.48,0.19005
4553.38,0.19045
4554.28,0.19068
4555.18,0.19132
4556.08,0.1933
4556.98,0.19493
4557.88,0.19901
4558.78,0.20132
4559.68,0.20304
4560.58,0.20545
4561.48,0.20646
4562.38,0.20656
4563.28,0.20429
4564.18,0.20325
4565.08,0.20274
4565.98,0.2015
4566.88,0.2018
4567.78,0.20334
4568.68,0.20378
4569.58,0.20504
4570.48,0.20538
4571.38,0.20525
4572.28,0.20458
4573.18,0.20476
4574.08,0.20537
4574.98,0.20539
4575.88,0.206
4576.78,0.20651
4577.68,0.20521
4578.58,0.20349
4579.48,0.20101
4580.38,0.1993
4581.28,0.1974
4582.18,0.19525
4583.08,0.19521
4583.98,0.19511
4584.88,0.19583
4585.78,0.19636
4586.69,0.19737
4587.58,0.19898
4588.49,0.2006
4589.39,0.20209
4590.29,0.20262
4591.19,0.20268
4592.09,0.20219
4592.99,0.20078
4593.89,0.19976
4594.79,0.19891
4595.69,0.19881
4596.59,0.19799
4597.49,0.19745
4598.39,0.19873
4599.29,0.19869
4600.19,0.19881
4601.09,0.19861
4601.99,0.1992
4602.89,0.19927
4603.79,0.1996
4604.69,0.20036
4605.59,0.20243
4606.49,0.20364
4607.39,0.2062
4608.29,0.20807
4609.19,0.20941
4610.09,0.21147
4610.99,0.212
4611.89,0.21271
4612.79,0.21241
4613.69,0.21133
4614.59,0.21134
4615.49,0.21063
4616.39,0.21086
4617.29,0.21084
4618.19,0.21131
4619.09,0.21111
4619.99,0.21182
4620.89,0.21141
4621.79,0.21171
4622.69,0.21249
4623.59,0.21273
4624.5,0.2125
4625.4,0.21231
4626.3,0.21261
4627.2,0.21212
4628.1,0.21227
4629.0,0.21078
4629.9,0.21145
4630.8,0.21107
4631.7,0.2108
4632.6,0.21016
4633.5,0.20989
4634.4,0.20771
4635.3,0.20645
4636.2,0.2057
4637.1,0.20292
4638.0,0.20418
4638.9,0.20233
4639.8,0.20246
4640.7,0.20145
4641.6,0.20287
4642.5,0.20284
4643.4,0.20315
4644.3,0.2022
4645.2,0.20066
4646.1,0.19956
4647.0,0.19743
4647.9,0.19642
4648.8,0.19598
4649.7,0.19736
4650.6,0.19807
4651.5,0.1996
4652.4,0.20026
4653.3,0.20167
4654.2,0.20259
4655.1,0.20325
4656.0,0.20245
4656.9,0.20362
4657.8,0.20572
4658.7,0.20817
4659.6,0.21103
4660.5,0.21181
4661.4,0.21206
4662.3,0.21114
4663.21,0.21041
4664.11,0.2071
4665.01,0.20347
4665.91,0.20063
4666.81,0.19547
4667.71,0.19277
4668.61,0.19115
4669.51,0.19129
4670.41,0.19364
4671.31,0.19522
4672.21,0.19814
4673.11,0.2005
4674.01,0.20258
4674.91,0.20377
4675.81,0.20559
4676.71,0.20565
4677.61,0.20634
4678.51,0.20509
4679.41,0.20476
4680.31,0.20295
4681.21,0.20246
4682.11,0.20117
4683.01,0.20138
4683.91,0.20253
4684.81,0.203
4685.71,0.20483
4686.61,0.2048
4687.51,0.20489
4688.41,0.20536
4689.31,0.2049
4690.21,0.2055
4691.11,0.20575
4692.01,0.20566
4692.91,0.20687
4693.81,0.20669
4694.71,0.20889
4695.61,0.20873
4696.51,0.20916
4697.41,0.20796
4698.31,0.20697
4699.21,0.20554
4700.12,0.20269
4701.02,0.20107
4701.92,0.19895
4702.82,0.19752
4703.72,0.19747
4704.62,0.19826
4705.52,0.19745
4706.42,0.198
4707.32,0.19754
4708.22,0.19724
4709.12,0.19908
4710.02,0.19924
4710.92,0.20081
4711.82,0.20197
4712.72,0.20368
4713.62,0.20442
4714.52,0.20473
4715.42,0.20643
4716.32,0.2074
4717.22,0.21032
4718.12,0.21167
4719.02,0.2132
4719.92,0.21507
4720.82,0.21619
4721.72,0.21696
4722.62,0.21681
4723.52,0.21569
4724.42,0.21543
4725.32,0.21452
4726.22,0.21331
4727.12,0.21044
4728.02,0.20754
4728.92,0.20519
4729.82,0.20306
4730.72,0.20173
4731.62,0.20273
4732.52,0.20205
4733.42,0.20354
4734.32,0.20499
4735.22,0.20586
4736.12,0.20684
4737.02,0.20742
4737.92,0.20873
4738.83,0.20877
4739.73,0.20937
4740.63,0.21013
4741.53,0.21081
4742.43,0.21081
4743.33,0.21092
4744.23,0.21361
4745.13,0.21373
4746.03,0.21387
4746.93,0.21446
4747.83,0.21576
4748.73,0.21678
4749.63,0.21671
4750.53,0.21591
4751.43,0.21501
4752.33,0.21534
4753.23,0.21393
4754.13,0.21254
4755.03,0.21216
4755.93,0.21026
4756.83,0.20954
4757.73,0.2089
4758.63,0.20913
4759.53,0.20885
4760.43,0.20778
4761.33,0.20663
4762.23,0.20573
4763.13,0.20323
4764.03,0.20115
4764.93,0.20068
4765.83,0.19952
4766.73,0.20025
4767.63,0.19966
4768.53,0.20222
4769.43,0.20269
4770.33,0.20465
4771.23,0.20578
4772.13,0.20702
4773.03,0.20948
4773.93,0.21107
4774.83,0.21132
4775.73,0.21279
4776.64,0.2132
4777.54,0.21407
4778.44,0.21462
4779.34,0.2145
4780.24,0.21294
4781.14,0.21225
4782.04,0.21057
4782.94,0.20943
4783.84,0.20833
4784.74,0.20648
4785.64,0.20639
4786.54,0.20545
4787.44,0.20442
4788.34,0.20482
4789.24,0.20557
4790.14,0.20568
4791.04,0.20769
4791.94,0.20859
4792.84,0.21052
4793.74,0.21358
4794.64,0.21421
4795.54,0.21611
4796.44,0.21649
4797.34,0.21659
4798.24,0.21588
4799.14,0.21494
4800.04,0.21368
4800.94,0.21378
4801.84,0.2134
4802.74,0.21348
4803.64,0.2148
4804.54,0.21373
4805.44,0.21291
4806.34,0.2121
4807.24,0.21175
4808.14,0.2109
4809.04,0.21075
4809.94,0.21098
4810.84,0.21184
4811.74,0.21245
4812.64,0.21245
4813.54,0.21484
4814.45,0.21525
4815.35,0.21568
4816.25,0.218
4817.15,0.21762
4818.05,0.21919
4818.95,0.21952
4819.85,0.21924
4820.75,0.21856
4821.65,0.21736
4822.55,0.21675
4823.45,0.21571
4824.35,0.21439
4825.25,0.21354
4826.15,0.21252
4827.05,0.21171
4827.95,0.21163
4828.85,0.21191
4829.75,0.21138
4830.65,0.21082
4831.55,0.21105
4832.45,0.21084
4833.35,0.2108
4834.25,0.21053
4835.15,0.2121
4836.05,0.21327
4836.95,0.21262
4837.85,0.21274
4838.75,0.21106
4839.65,0.21034
4840.55,0.21024
4841.45,0.20932
4842.35,0.208
4843.25,0.20863
4844.15,0.20975
4845.05,0.21073
4845.95,0.21111
4846.85,0.21109
4847.75,0.21115
4848.65,0.21182
4849.55,0.2112
4850.45,0.21112
4851.35,0.2105
4852.26,0.20908
4853.16,0.20774
4854.06,0.20681
4854.96,0.20413
4855.86,0.20053
4856.76,0.19877
4857.66,0.19382
4858.56,0.18957
4859.46,0.18429
4860.36,0.17936
4861.26,0.17615
4862.16,0.17413
4863.06,0.17363
4863.96,0.1759
4864.86,0.17974
4865.76,0.18378
4866.66,0.1886
4867.56,0.19237
4868.46,0.19448
4869.36,0.19655
4870.26,0.19697
4871.16,0.1971
4872.06,0.19506
4872.96,0.19545
4873.86,0.19593
4874.76,0.19732
4875.66,0.20016
4876.56,0.20202
4877.46,0.20467
4878.36,0.20591
4879.26,0.20738
4880.16,0.20836
4881.06,0.20908
4881.96,0.20932
4882.86,0.20951
4883.76,0.20757
4884.66,0.20661
4885.56,0.20443
4886.46,0.20229
4887.36,0.20082
4888.26,0.19923
4889.17,0.19873
4890.07,0.19973
4890.97,0.19917
4891.87,0.20076
4892.77,0.20377
4893.67,0.20733
4894.57,0.21138
4895.47,0.21551
4896.37,0.21994
4897.27,0.22166
4898.17,0.22267
4899.07,0.22263
4899.97,0.22246
4900.87,0.22054
4901.77,0.21928
4902.67,0.21824
4903.57,0.21769
4904.47,0.21721
4905.37,0.21635
4906.27,0.21688
4907.17,0.21646
4908.07,0.21509
4908.97,0.21471
4909.87,0.21331
4910.77,0.21196
4911.67,0.21168
4912.57,0.2111
4913.47,0.21189
4914.37,0.21182
4915.27,0.21305
4916.17,0.21229
4917.07,0.21041
4917.97,0.20773
4918.87,0.20408
4919.77,0.20017
4920.67,0.19748
4921.57,0.196
4922.47,0.1959
4923.37,0.19801
4924.27,0.20005
4925.17,0.2027
4926.07,0.20691
4926.98,0.21053
4927.88,0.21347
4928.78,0.21582
4929.68,0.2182
4930.58,0.21965
4931.48,0.21782
4932.38,0.2184
4933.28,0.21597
4934.18,0.2131
4935.08,0.2113
4935.98,0.20912
4936.88,0.20755
4937.78,0.20543
4938.68,0.20547
4939.58,0.20572
4940.48,0.20653
4941.38,0.209
4942.28,0.21135
4943.18,0.21459
4944.08,0.2175
4944.98,0.21977
4945.88,0.22061
4946.78,0.22131
4947.68,0.22326
4948.58,0.22304
4949.48,0.22505
4950.38,0.22386
4951.28,0.22282
4952.18,0.22365
4953.08,0.22168
4953.98,0.21865
4954.88,0.2156
4955.78,0.21206
4956.68,0.20829
4957.58,0.20688
4958.48,0.20411
4959.38,0.20516
4960.28,0.20564
4961.18,0.20677
4962.08,0.20958
4962.98,0.21039
4963.88,0.21182
4964.79,0.21124
4965.69,0.21007
4966.59,0.2098
4967.49,0.20898
4968.39,0.20897
4969.29,0.20843
4970.19,0.20917
4971.09,0.2108
4971.99,0.21138
4972.89,0.21287
4973.79,0.21475
4974.69,0.21466
4975.59,0.2151
4976.49,0.21451
4977.39,0.21261
4978.29,0.21187
4979.19,0.20836
4980.09,0.20638
4980.99,0.20252
4981.89,0.19924
4982.79,0.1968
4983.69,0.19525
4984.59,0.19539
4985.49,0.19503
4986.39,0.1966
4987.29,0.19918
4988.19,0.20133
4989.09,0.20322
4989.99,0.2053
4990.89,0.20649
4991.79,0.2073
4992.69,0.20802
4993.59,0.20879
4994.49,0.20912
4995.39,0.20857
4996.29,0.20911
4997.19,0.20875
4998.09,0.208
4998.99,0.20618
4999.89,0.20549
5000.79,0.20232
5001.7,0.20124
5002.6,0.19954
5003.5,0.19845
5004.4,0.19635
5005.3,0.1962
5006.2,0.19581
5007.1,0.1958
5008.0,0.19576
5008.9,0.19722
5009.8,0.19737
5010.7,0.19647
5011.6,0.19631
5012.5,0.19559
5013.4,0.19332
5014.3,0.1919
5015.2,0.19168
5016.1,0.19018
5017.0,0.19135
5017.9,0.1924
5018.8,0.19254
5019.7,0.19343
5020.6,0.19583
5021.5,0.19723
5022.4,0.1968
5023.3,0.19841
5024.2,0.19893
5025.1,0.20005
5026.0,0.20102
5026.9,0.20199
5027.8,0.20329
5028.7,0.20442
5029.6,0.20499
5030.5,0.20644
5031.4,0.20859
5032.3,0.20904
5033.2,0.20984
5034.1,0.21018
5035.0,0.20897
5035.9,0.20666
5036.8,0.20394
5037.7,0.20042
5038.6,0.1973
5039.5,0.19457
5040.41,0.19267
5041.31,0.19121
5042.21,0.19252
5043.11,0.19411
5044.01,0.19572
5044.91,0.1999
5045.81,0.20367
5046.71,0.2062
5047.61,0.20671
5048.51,0.20715
5049.41,0.20596
5050.31,0.20608
5051.21,0.20571
5052.11,0.2051
5053.01,0.20643
5053.91,0.20654
5054.81,0.20858
5055.71,0.21015
5056.61,0.21262
5057.51,0.21473
5058.41,0.21572
5059.31,0.21675
5060.21,0.21753
5061.11,0.21665
5062.01,0.21494
5062.91,0.21469
5063.81,0.21269
5064.71,0.21122
5065.61,0.20836
5066.51,0.20745
5067.41,0.20532
5068.31,0.20434
5069.21,0.20456
5070.11,0.20453
5071.01,0.20443
5071.91,0.20554
5072.81,0.20526
5073.71,0.20598
5074.61,0.20522
5075.51,0.20495
5076.42,0.20426
5077.31,0.20141
5078.21,0.20069
5079.12,0.19844
5080.02,0.19748
5080.92,0.19582
5081.82,0.19493
5082.72,0.19476
5083.62,0.19581
5084.52,0.19811
5085.42,0.20032
5086.32,0.20288
5087.22,0.20516
5088.12,0.20663
5089.02,0.2074
5089.92,0.20926
5090.82,0.2109
5091.72,0.21253
5092.62,0.21238
5093.52,0.21211
5094.42,0.21223
5095.32,0.21091
5096.22,0.20837
5097.12,0.20622
5098.02,0.2054
5098.92,0.20301
5099.82,0.20226
5100.72,0.20163
5101.62,0.2024
5102.52,0.20191
5103.42,0.20319
5104.32,0.20218
5105.22,0.20355
5106.12,0.20249
5107.02,0.20178
5107.92,0.2011
5108.82,0.19981
5109.72,0.19991
5110.62,0.20086
5111.52,0.2016
5112.42,0.20357
5113.32,0.20477
5114.22,0.20689
5115.12,0.20783
5116.03,0.21
5116.93,0.2115
5117.83,0.21168
5118.73,0.21278
5119.63,0.21212
5120.53,0.21046
5121.43,0.20828
5122.33,0.20578
5123.23,0.20303
5124.13,0.20076
5125.03,0.19816
5125.93,0.19651
5126.83,0.19434
5127.73,0.19568
5128.63,0.19631
5129.53,0.19642
5130.43,0.19717
5131.33,0.19796
5132.23,0.20047
5133.13,0.20113
5134.03,0.20226
5134.93,0.20356
5135.83,0.20375
5136.73,0.20345
5137.63,0.20204
5138.53,0.20142
5139.43,0.19971
5140.33,0.19829
5141.23,0.19731
5142.13,0.1974
5143.03,0.19615
5143.93,0.19611
5144.83,0.19557
5145.73,0.19579
5146.63,0.1963
5147.53,0.19606
5148.43,0.19597
5149.33,0.19683
5150.23,0.19612
5151.13,0.19744
5152.03,0.19727
5152.94,0.19636
5153.84,0.19724
5154.74,0.19927
5155.64,0.20081
5156.54,0.20265
5157.44,0.2037
5158.34,0.20614
5159.24,0.20863
5160.14,0.20968
5161.04,0.20845
5161.94,0.20695
5162.84,0.20452
5163.74,0.19922
5164.64,0.19401
5165.54,0.18826
5166.44,0.18138
5167.34,0.17486
5168.24,0.16958
5169.14,0.16424
5170.04,0.16199
5170.94,0.15973
5171.84,0.15938
5172.74,0.16046
5173.64,0.16245
5174.54,0.16568
5175.44,0.1696
5176.34,0.1747
5177.24,0.18049
5178.14,0.18416
5179.04,0.18623
5179.94,0.18588
5180.84,0.18323
5181.74,0.18081
5182.64,0.17701
5183.54,0.17352
5184.44,0.17212
5185.34,0.17247
5186.24,0.17453
5187.14,0.17723
5188.04,0.18244
5188.94,0.18671
5189.84,0.18931
5190.75,0.19275
5191.65,0.19435
5192.55,0.1936
5193.45,0.19362
5194.35,0.1947
5195.25,0.19456
5196.15,0.19565
5197.05,0.19816
5197.95,0.19894
5198.85,0.20047
5199.75,0.20272
5200.65,0.20333
5201.55,0.20252
5202.45,0.20138
5203.35,0.20022
5204.25,0.19828
5205.15,0.19438
5206.05,0.19134
5206.95,0.18833
5207.85,0.187
5208.75,0.18625
5209.65,0.18684
5210.55,0.1892
5211.45,0.19209
5212.35,0.1952
5213.25,0.19845
5214.15,0.20157
5215.05,0.20414
5215.95,0.2059
5216.85,0.20677
5217.75,0.20839
5218.65,0.20906
5219.55,0.21058
5220.45,0.21045
5221.35,0.21006
5222.25,0.21049
5223.15,0.20851
5224.05,0.20528
5224.95,0.20347
5225.85,0.2004
5226.75,0.19736
5227.66,0.19636
5228.56,0.197
5229.46,0.19749
5230.36,0.19869
5231.26,0.20104
5232.16,0.20306
5233.06,0.20496
5233.96,0.20662
5234.86,0.20786
5235.76,0.20996
5236.66,0.21179
5237.56,0.21302
5238.46,0.21494
5239.36,0.21652
5240.26,0.21793
5241.16,0.21822
5242.06,0.21893
5242.96,0.21863
5243.86,0.21803
5244.76,0.21795
5245.66,0.21646
5246.56,0.21468
5247.46,0.21231
5248.36,0.21117
5249.26,0.21009
5250.16,0.20764
5251.06,0.20638
5251.96,0.20596
5252.86,0.20694
5253.76,0.20744
5254.66,0.20955
5255.56,0.2111
5256.46,0.21245
5257.36,0.21366
5258.26,0.21453
5259.16,0.21382
5260.06,0.21466
5260.96,0.21179
5261.86,0.20885
5262.76,0.20405
5263.66,0.19952
5264.56,0.19431
5265.47,0.19044
5266.37,0.18692
5267.27,0.1855
5268.17,0.18287
5269.07,0.18308
5269.97,0.18346
5270.87,0.18409
5271.77,0.18676
5272.67,0.18954
5273.57,0.19314
5274.47,0.19641
5275.37,0.2005
5276.27,0.20521
5277.17,0.20761
5278.07,0.21093
5278.97,0.21234
5279.87,0.21415
5280.77,0.21417
5281.67,0.21435
5282.57,0.21474
5283.47,0.21428
5284.37,0.21479
5285.27,0.21607
5286.17,0.2168
5287.07,0.22006
5287.97,0.22232
5288.87,0.22483
5289.77,0.22592
5290.67,0.2268
5291.57,0.22693
5292.47,0.22702
5293.37,0.22534
5294.27,0.22325
5295.17,0.22159
5296.07,0.21851
5296.97,0.21475
5297.87,0.21362
5298.77,0.21108
5299.67,0.21121
5300.57,0.21075
5301.48,0.21218
5302.38,0.2129
5303.27,0.21571
5304.18,0.21835
5305.08,0.22186
5305.98,0.22292
5306.88,0.22522
5307.78,0.2267
5308.68,0.2273
5309.58,0.22849
5310.48,0.22872
5311.38,0.22895
5312.28,0.22755
5313.18,0.22849
5314.08,0.22656
5314.98,0.22727
5315.88,0.22546
5316.78,0.22513
5317.68,0.22402
5318.58,0.22332
5319.48,0.22224
5320.38,0.2215
5321.28,0.21953
5322.18,0.2183
5323.08,0.21577
5323.98,0.21442
5324.88,0.2112
5325.78,0.20819
5326.68,0.20444
5327.58,0.20172
5328.48,0.19962
5329.38,0.19874
5330.28,0.1997
5331.18,0.20146
5332.08,0.20493
5332.98,0.20856
5333.88,0.21139
5334.78,0.21482
5335.68,0.21608
5336.58,0.2184
5337.48,0.21814
5338.38,0.21752
5339.28,0.21726
5340.19,0.21689
5341.08,0.21535
5341.99,0.21454
5342.89,0.21425
5343.79,0.21492
5344.69,0.21506
5345.59,0.21518
5346.49,0.21658
5347.39,0.21712
5348.29,0.21657
5349.19,0.21669
5350.09,0.21824
5350.99,0.21944
5351.89,0.22127
5352.79,0.22337
5353.69,0.22613
5354.59,0.22742
5355.49,0.22861
5356.39,0.23155
5357.29,0.23126
5358.19,0.23293
5359.09,0.23294
5359.99,0.2321
5360.89,0.23106
5361.79,0.23056
5362.69,0.22825
5363.59,0.22616
5364.49,0.2229
5365.39,0.22147
5366.29,0.21978
5367.19,0.21793
5368.09,0.21617
5368.99,0.21443
5369.89,0.21327
5370.79,0.21249
5371.69,0.21179
5372.59,0.21242
5373.49,0.2129
5374.39,0.21596
5375.29,0.21944
5376.19,0.2204
5377.09,0.22377
5378.0,0.22505
5378.9,0.22573
5379.8,0.22607
5380.7,0.22618
5381.6,0.22574
5382.5,0.22565
5383.4,0.22501
5384.3,0.22471
5385.2,0.22385
5386.1,0.22419
5387.0,0.22326
5387.9,0.22255
5388.8,0.222
5389.7,0.22075
5390.6,0.21997
5391.5,0.21823
5392.4,0.21682
5393.3,0.21477
5394.2,0.21328
5395.1,0.21256
5396.0,0.21247
5396.9,0.21028
5397.8,0.20964
5398.7,0.20972
5399.6,0.21006
5400.5,0.21102
5401.4,0.21022
5402.3,0.21089
5403.2,0.20918
5404.1,0.20845
5405.0,0.20764
5405.9,0.20629
5406.8,0.20536
5407.7,0.20498
5408.6,0.20451
5409.5,0.20621
5410.4,0.20697
5411.3,0.20962
5412.2,0.21209
5413.1,0.21403
5414.0,0.21602
5414.9,0.21832
5415.81,0.21984
5416.71,0.22225
5417.61,0.22261
5418.51,0.22346
5419.41,0.2236
5420.31,0.22426
5421.21,0.22311
5422.11,0.22309
5423.01,0.22247
5423.91,0.22151
5424.81,0.22084
5425.71,0.22026
5426.61,0.22007
5427.51,0.21976
5428.41,0.21888
5429.31,0.217
5430.21,0.21538
5431.11,0.21491
5432.01,0.21385
5432.91,0.21248
5433.81,0.21179
5434.71,0.21136
5435.61,0.21273
5436.51,0.21344
5437.41,0.21628
5438.31,0.21785
5439.21,0.22131
5440.11,0.2235
5441.01,0.2243
5441.91,0.22663
5442.81,0.2266
5443.71,0.22505
5444.61,0.22353
5445.51,0.22161
5446.41,0.21857
5447.31,0.21765
5448.21,0.21601
5449.11,0.21583
5450.01,0.21558
5450.91,0.21476
5451.81,0.21661
5452.72,0.21633
5453.62,0.21551
5454.52,0.21492
5455.42,0.21497
5456.32,0.2145
5457.22,0.21425
5458.12,0.21451
5459.02,0.21493
5459.92,0.21575
5460.82,0.21568
5461.72,0.2165
5462.62,0.21631
5463.52,0.21613
5464.42,0.21607
5465.32,0.21635
5466.22,0.21674
5467.12,0.21807
5468.02,0.21753
5468.92,0.21787
5469.82,0.21814
5470.72,0.21689
5471.62,0.2167
5472.52,0.21533
5473.42,0.21398
5474.32,0.2132
5475.22,0.21139
5476.12,0.21144
5477.02,0.2091
5477.92,0.20931
5478.82,0.20898
5479.72,0.20967
5480.62,0.20918
5481.52,0.21092
5482.42,0.2118
5483.32,0.2127
5484.22,0.21427
5485.12,0.21601
5486.02,0.21573
5486.92,0.21738
5487.82,0.21728
5488.72,0.21793
5489.62,0.21784
5490.53,0.21881
5491.43,0.21871
5492.33,0.21959
5493.23,0.21883
5494.13,0.21924
5495.03,0.21877
5495.93,0.21858
5496.83,0.21829
5497.73,0.2181
5498.63,0.21895
5499.53,0.21849
5500.43,0.21734
5501.33,0.21732
5502.23,0.21644
5503.13,0.21743
5504.03,0.21616
5504.93,0.21544
5505.83,0.21461
5506.73,0.2148
5507.63,0.21419
5508.53,0.21364
5509.43,0.21399
5510.33,0.21438
5511.23,0.21258
5512.13,0.21298
5513.03,0.21322
5513.93,0.21216
5514.83,0.21252
5515.73,0.21382
5516.63,0.21458
5517.53,0.21759
5518.43,0.21921
5519.33,0.22022
5520.23,0.2217
5521.13,0.22273
5522.03,0.2233
5522.93,0.22317
5523.83,0.22279
5524.73,0.22145
5525.63,0.22034
5526.54,0.21893
5527.44,0.21844
5528.33,0.21751
5529.24,0.21603
5530.14,0.21541
5531.04,0.21645
5531.94,0.21603
5532.84,0.21733
5533.74,0.21805
5534.64,0.21891
5535.54,0.21914
5536.44,0.22051
5537.34,0.2203
5538.24,0.22116
5539.14,0.22173
5540.04,0.22319
5540.94,0.22341
5541.84,0.22406
5542.74,0.22405
5543.64,0.22414
5544.54,0.22375
5545.44,0.22336
5546.34,0.2242
5547.24,0.22407
5548.14,0.22473
5549.04,0.22506
5549.94,0.22563
5550.84,0.2259
5551.74,0.22537
5552.64,0.22555
5553.54,0.22473
5554.44,0.22395
5555.34,0.22368
5556.24,0.22384
5557.14,0.2224
5558.04,0.22215
5558.94,0.22215
5559.84,0.22098
5560.74,0.22108
5561.64,0.22032
5562.54,0.21986
5563.44,0.21879
5564.34,0.21833
5565.25,0.21663
5566.15,0.21686
5567.05,0.21666
5567.95,0.2159
5568.85,0.21654
5569.75,0.21614
5570.65,0.21615
5571.55,0.21601
5572.45,0.21629
5573.35,0.21709
5574.25,0.21614
5575.15,0.2184
5576.05,0.21871
5576.95,0.21928
5577.85,0.21988
5578.75,0.22031
5579.65,0.22066
5580.55,0.22046
5581.45,0.22147
5582.35,0.21999
5583.25,0.21886
5584.15,0.21802
5585.05,0.21519
5585.95,0.21367
5586.85,0.21159
5587.75,0.20953
5588.65,0.20794
5589.55,0.20703
5590.45,0.20739
5591.35,0.20724
5592.25,0.20796
5593.15,0.2086
5594.05,0.21031
5594.95,0.21085
5595.85,0.21256
5596.75,0.21305
5597.65,0.21313
5598.55,0.2125
5599.45,0.21262
5600.35,0.21229
5601.25,0.21126
5602.15,0.21219
5603.06,0.21207
5603.96,0.21289
5604.86,0.21531
5605.76,0.21697
5606.66,0.21827
5607.56,0.2211
5608.46,0.22267
5609.36,0.22464
5610.26,0.22461
5611.16,0.22471
5612.06,0.22241
5612.96,0.22216
5613.86,0.22057
5614.76,0.21941
5615.66,0.2175
5616.56,0.21495
5617.46,0.21497
5618.36,0.21467
5619.26,0.21433
5620.16,0.21453
5621.06,0.21462
5621.96,0.21483
5622.86,0.215
5623.76,0.2163
5624.66,0.21583
5625.56,0.21592
5626.46,0.21609
5627.36,0.21638
5628.26,0.21782
5629.16,0.21847
5630.06,0.21866
5630.96,0.22072
5631.86,0.22186
5632.76,0.22144
5633.66,0.22254
5634.56,0.22042
5635.46,0.22085
5636.36,0.22015
5637.26,0.21941
5638.16,0.21824
5639.06,0.21684
5639.96,0.21596
5640.86,0.21651
5641.77,0.21637
5642.67,0.21667
5643.57,0.21711
5644.47,0.21719
5645.37,0.2177
5646.27,0.21885
5647.17,0.21847
5648.07,0.22003
5648.97,0.22049
5649.87,0.2204
5650.77,0.22052
5651.67,0.22077
5652.57,0.2208
5653.47,0.22077
5654.37,0.21974
5655.27,0.21969
5656.17,0.21706
5657.07,0.21444
5657.97,0.21471
5658.87,0.21319
5659.77,0.21277
5660.67,0.21128
5661.57,0.21174
5662.47,0.21203
5663.37,0.21321
5664.27,0.21423
5665.17,0.21434
5666.07,0.21443
5666.97,0.21626
5667.87,0.21686
5668.77,0.21761
5669.67,0.21721
5670.57,0.21965
5671.47,0.22037
5672.37,0.22111
5673.27,0.22159
5674.17,0.22216
5675.07,0.22275
5675.97,0.22281
5676.88,0.22443
5677.77,0.2245
5678.68,0.2251
5679.58,0.22402
5680.48,0.2222
5681.38,0.2215
5682.28,0.22068
5683.18,0.22066
5684.08,0.21909
5684.98,0.21866
5685.88,0.21843
5686.78,0.21807
5687.68,0.21732
5688.58,0.21809
5689.48,0.21922
5690.38,0.21935
5691.28,0.21943
5692.18,0.22058
5693.08,0.22181
5693.98,0.22276
5694.88,0.22335
5695.78,0.22335
5696.68,0.22314
5697.58,0.2223
5698.48,0.22191
5699.38,0.21995
5700.28,0.22044
5701.18,0.21782
5702.08,0.21814
5702.98,0.21723
5703.88,0.2158
5704.78,0.21499
5705.68,0.21465
5706.58,0.21328
5707.48,0.21188
5708.38,0.21188
5709.28,0.20998
5710.18,0.21071
5711.08,0.21111
5711.98,0.21103
5712.88,0.2115
5713.78,0.21302
5714.68,0.21484
5715.59,0.21714
5716.49,0.21881
5717.39,0.22156
5718.29,0.22189
5719.19,0.22437
5720.09,0.22496
5720.99,0.22591
5721.89,0.22629
5722.79,0.2277
5723.69,0.22666
5724.59,0.22708
5725.49,0.22684
5726.39,0.22678
5727.29,0.2256
5728.19,0.22636
5729.09,0.22411
5729.99,0.22448
5730.89,0.22432
5731.79,0.22457
5732.69,0.22499
5733.59,0.22481
5734.49,0.22454
5735.39,0.22556
5736.29,0.22611
5737.19,0.22693
5738.09,0.22628
5738.99,0.22654
5739.89,0.22624
5740.79,0.22602
5741.69,0.22716
5742.59,0.22603
5743.49,0.22648
5744.39,0.22695
5745.29,0.22649
5746.19,0.22702
5747.09,0.22714
5747.99,0.22743
5748.89,0.22614
5749.79,0.2249
5750.69,0.22549
5751.59,0.22392
5752.5,0.22456
5753.4,0.22256
5754.3,0.2229
5755.2,0.22314
5756.1,0.22316
5757.0,0.22278
5757.9,0.22236
5758.8,0.22305
5759.7,0.22339
5760.6,0.22411
5761.5,0.22382
5762.4,0.22308
5763.3,0.22398
5764.2,0.22323
5765.1,0.2241
5766.0,0.22413
5766.9,0.22529
5767.8,0.22629
5768.7,0.22692
5769.6,0.22715
5770.5,0.22745
5771.4,0.22772
5772.3,0.22705
5773.2,0.22722
5774.1,0.22632
5775.0,0.22596
5775.9,0.22505
5776.8,0.22469
5777.7,0.22392
5778.6,0.22404
5779.5,0.22134
5780.4,0.22064
5781.3,0.21948
5782.2,0.21754
5783.1,0.21658
5784.0,0.21553
5784.9,0.21534
5785.8,0.2153
5786.7,0.21572
5787.6,0.21643
5788.5,0.21777
5789.41,0.2185
5790.31,0.22082
5791.21,0.22129
5792.11,0.22177
5793.01,0.22332
5793.91,0.2238
5794.81,0.22516
5795.71,0.22544
5796.61,0.2267
5797.51,0.22687
5798.41,0.2263
5799.31,0.22755
5800.21,0.22731
5801.11,0.22871
5802.01,0.22928
5802.91,0.22941
5803.81,0.2288
5804.71,0.22828
5805.61,0.22906
5806.51,0.22814
5807.41,0.22835
5808.31,0.22711
5809.21,0.22743
5810.11,0.22754
5811.01,0.22809
5811.91,0.22766
5812.81,0.22683
5813.71,0.22883
5814.61,0.22694
5815.51,0.22755
5816.41,0.22812
5817.31,0.2274
5818.21,0.2271
5819.11,0.22686
5820.01,0.22895
5820.91,0.22889
5821.81,0.22986
5822.71,0.22937
5823.61,0.23017
5824.51,0.23009
5825.41,0.2308
5826.31,0.2314
5827.22,0.23097
5828.12,0.23174
5829.02,0.23163
5829.92,0.2311
5830.82,0.23119
5831.72,0.2308
5832.62,0.23139
5833.52,0.23053
5834.42,0.23118
5835.32,0.23074
5836.22,0.23013
5837.12,0.23009
5838.02,0.23026
5838.92,0.23045
5839.82,0.23035
5840.72,0.22989
5841.62,0.22957
5842.52,0.23072
5843.42,0.23017
5844.32,0.23047
5845.22,0.23027
5846.12,0.22877
5847.02,0.22883
5847.92,0.22811
5848.82,0.2275
5849.72,0.22622
5850.62,0.22445
5851.52,0.22441
5852.42,0.2219
5853.32,0.22111
5854.22,0.22017
5855.12,0.21948
5856.02,0.21851
5856.92,0.2171
5857.82,0.21664
5858.72,0.21617
5859.62,0.21636
5860.52,0.21728
5861.42,0.2166
5862.32,0.21828
5863.23,0.21826
5864.12,0.21906
5865.03,0.21911
5865.93,0.2206
5866.83,0.22197
5867.73,0.22188
5868.63,0.22234
5869.53,0.22276
5870.43,0.22328
5871.33,0.22428
5872.23,0.224
5873.13,0.22481
5874.03,0.22355
5874.93,0.22322
5875.83,0.22464
5876.73,0.22448
5877.63,0.22295
5878.53,0.22167
5879.43,0.22263
5880.33,0.22074
5881.23,0.21945
5882.13,0.21793
5883.03,0.21872
5883.93,0.216
5884.83,0.21394
5885.73,0.21177
5886.63,0.20886
5887.53,0.20459
5888.43,0.2018
5889.33,0.19754
5890.23,0.19339
5891.13,0.19034
5892.03,0.18722
5892.93,0.1869
5893.83,0.18509
5894.73,0.18615
5895.63,0.18738
5896.53,0.18864
5897.43,0.19058
5898.33,0.19345
5899.23,0.19528
5900.13,0.19981
5901.04,0.20335
5901.94,0.2062
5902.83,0.20852
5903.74,0.21134
5904.64,0.21392
5905.54,0.21553
5906.44,0.21626
5907.34,0.21756
5908.24,0.21769
5909.14,0.21818
5910.04,0.2188
5910.94,0.21833
5911.84,0.21756
5912.74,0.21846
5913.64,0.21753
5914.54,0.21689
5915.44,0.21614
5916.34,0.21592
5917.24,0.21527
5918.14,0.21609
5919.04,0.21721
5919.94,0.2171
5920.84,0.21784
5921.74,0.21862
5922.64,0.21892
5923.54,0.21892
5924.44,0.21856
5925.34,0.21959
5926.24,0.21951
5927.14,0.21976
5928.04,0.21953
5928.94,0.21965
5929.84,0.21875
5930.74,0.21881
5931.64,0.21859
5932.54,0.21836
5933.44,0.2183
5934.34,0.21857
5935.24,0.21781
5936.14,0.21916
5937.04,0.21888
5937.94,0.21923
5938.85,0.21967
5939.75,0.21893
5940.65,0.22005
5941.55,0.21972
5942.45,0.21955
5943.35,0.21954
5944.25,0.21973
5945.15,0.21965
5946.05,0.21991
5946.95,0.21971
5947.85,0.21912
5948.75,0.21936
5949.65,0.21898
5950.55,0.21897
5951.45,0.21819
5952.35,0.21751
5953.25,0.21839
5954.15,0.21754
5955.05,0.21665
5955.95,0.21715
5956.85,0.21781
5957.75,0.21811
5958.65,0.21837
5959.55,0.21862
5960.45,0.2198
5961.35,0.2197
5962.25,0.22178
5963.15,0.22165
5964.05,0.22228
5964.95,0.22233
5965.85,0.22279
5966.75,0.22349
5967.65,0.22235
5968.55,0.22326
5969.45,0.22311
5970.35,0.22289
5971.25,0.22366
5972.15,0.22403
5973.05,0.22311
5973.95,0.22385
5974.85,0.22276
5975.75,0.22194
5976.65,0.22072
5977.56,0.22045
5978.46,0.22111
5979.36,0.22001
5980.26,0.22023
5981.16,0.21955
5982.06,0.21923
5982.96,0.21948
5983.86,0.21845
5984.76,0.21845
5985.66,0.21867
5986.56,0.21824
5987.46,0.21812
5988.36,0.21963
5989.26,0.21904
5990.16,0.22073
5991.06,0.22123
5991.96,0.22119
5992.86,0.22121
5993.76,0.22267
5994.66,0.22221
5995.56,0.22208
5996.46,0.22175
5997.36,0.22149
5998.26,0.22121
5999.16,0.22079
6000.06,0.22139
6000.96,0.22011
6001.86,0.21973
6002.76,0.22005
6003.66,0.21947
6004.56,0.21915
6005.46,0.21873
6006.36,0.218
6007.26,0.21808
6008.16,0.21775
6009.06,0.21775
6009.96,0.21717
6010.86,0.21746
6011.76,0.21778
6012.67,0.21814
6013.56,0.21739
6014.47,0.21847
6015.37,0.21781
6016.27,0.21844
6017.17,0.21795
6018.07,0.21736
6018.97,0.21756
6019.87,0.21729
6020.77,0.21659
6021.67,0.21787
6022.57,0.21695
6023.47,0.21635
6024.37,0.21781
6025.27,0.21839
6026.17,0.21942
6027.07,0.22019
6027.97,0.22083
6028.87,0.22104
6029.77,0.22208
6030.67,0.22256
6031.57,0.22399
6032.47,0.22537
6033.37,0.22532
6034.27,0.22475
6035.17,0.22568
6036.07,0.22581
6036.97,0.22465
6037.87,0.22555
6038.77,0.22581
6039.67,0.22553
6040.57,0.22611
6041.47,0.22539
6042.37,0.22588
6043.27,0.2254
6044.17,0.22671
6045.07,0.2258
6045.97,0.22673
6046.87,0.22729
6047.77,0.22788
6048.67,0.22759
6049.57,0.22779
6050.47,0.22792
6051.38,0.22782
6052.28,0.22722
6053.18,0.22719
6054.08,0.22688
6054.98,0.22588
6055.88,0.22653
6056.78,0.22493
6057.68,0.22471
6058.58,0.22438
6059.48,0.22478
6060.38,0.22371
6061.28,0.22396
6062.18,0.22352
6063.08,0.22403
6063.98,0.22296
6064.88,0.2231
6065.78,0.22275
6066.68,0.22291
6067.58,0.22309
6068.48,0.22357
6069.38,0.22409
6070.28,0.22586
6071.18,0.22733
6072.08,0.22794
6072.98,0.22822
6073.88,0.22766
6074.78,0.22845
6075.68,0.22694
6076.58,0.22772
6077.48,0.22735
6078.38,0.22594
6079.28,0.22496
6080.18,0.22459
6081.08,0.2236
6081.98,0.222
6082.88,0.22196
6083.78,0.22102
6084.68,0.22154
6085.58,0.22102
6086.48,0.22171
6087.38,0.22175
6088.28,0.22051
6089.19,0.22043
6090.09,0.22108
6090.99,0.22171
6091.89,0.22087
6092.79,0.22099
6093.69,0.22159
6094.59,0.22096
6095.49,0.22188
6096.39,0.22183
6097.29,0.22304
6098.19,0.22309
6099.09,0.22252
6099.99,0.22179
6100.89,0.22139
6101.79,0.22001
6102.69,0.21991
6103.59,0.21902
6104.49,0.21849
6105.39,0.21865
6106.29,0.21932
6107.19,0.21887
6108.09,0.21999
6108.99,0.22166
6109.89,0.2215
6110.79,0.22198
6111.69,0.22248
6112.59,0.22441
6113.49,0.22424
6114.39,0.22525
6115.29,0.22451
6116.19,0.22394
6117.09,0.22391
6117.99,0.22345
6118.89,0.22262
6119.79,0.22053
6120.69,0.2197
6121.59,0.21844
6122.49,0.21799
6123.39,0.21805
6124.29,0.21801
6125.19,0.21771
6126.1,0.21891
6127.0,0.21891
6127.9,0.21978
6128.8,0.21971
6129.7,0.21971
6130.6,0.22055
6131.5,0.2209
6132.4,0.22003
6133.3,0.21919
6134.2,0.21866
6135.1,0.21694
6136.0,0.21637
6136.9,0.21476
6137.8,0.21355
6138.7,0.21399
6139.6,0.21378
6140.5,0.21353
6141.4,0.21511
6142.3,0.21643
6143.2,0.21723
6144.1,0.21922
6145.0,0.21989
6145.9,0.21961
6146.8,0.22135
6147.7,0.22151
6148.6,0.22183
6149.5,0.22092
6150.4,0.21976
6151.3,0.22033
6152.2,0.22071
6153.1,0.21971
6154.0,0.2193
6154.9,0.21937
6155.8,0.2184
6156.7,0.21648
6157.6,0.21556
6158.5,0.21421
6159.4,0.21265
6160.3,0.21022
6161.2,0.2078
6162.1,0.20583
6163.01,0.20407
6163.91,0.2035
6164.81,0.20204
6165.71,0.20223
6166.61,0.20099
6167.51,0.20195
6168.41,0.20217
6169.31,0.20376
6170.21,0.204
6171.11,0.20493
6172.01,0.20628
6172.91,0.20564
6173.81,0.20786
6174.71,0.20867
6175.61,0.20938
6176.51,0.21077
6177.41,0.21179
6178.31,0.21272
6179.21,0.21313
6180.11,0.21335
6181.01,0.21355
6181.91,0.21474
6182.81,0.21482
6183.71,0.21474
6184.61,0.21392
6185.51,0.21331
6186.41,0.21345
6187.31,0.21233
6188.21,0.21166
6189.11,0.20976
6190.01,0.2089
6190.91,0.20825
6191.81,0.20902
6192.71,0.20805
6193.61,0.20732
6194.51,0.20816
6195.41,0.20952
6196.31,0.20971
6197.21,0.21128
6198.11,0.21093
6199.01,0.21167
6199.92,0.21314
6200.82,0.21269
6201.72,0.21326
6202.62,0.21353
6203.52,0.21488
6204.42,0.21548
6205.32,0.21473
6206.22,0.21569
6207.12,0.21527
6208.02,0.21546
6208.92,0.2152
6209.82,0.21461
6210.72,0.21301
6211.62,0.21273
6212.52,0.2111
6213.42,0.2101
6214.32,0.20923
6215.22,0.20787
6216.12,0.20732
6217.02,0.20553
6217.92,0.2055
6218.82,0.20509
6219.72,0.20539
6220.62,0.205
6221.52,0.20589
6222.42,0.206
6223.32,0.20637
6224.22,0.20636
6225.12,0.20717
6226.02,0.20675
6226.92,0.2059
6227.82,0.2059
6228.72,0.20604
6229.62,0.20576
6230.52,0.20532
6231.42,0.20469
6232.32,0.20475
6233.22,0.20484
6234.12,0.204
6235.02,0.20507
6235.92,0.20648
6236.83,0.20537
6237.73,0.20644
6238.63,0.20636
6239.53,0.20585
6240.43,0.20645
6241.33,0.205
6242.23,0.20483
6243.13,0.20455
6244.03,0.20302
6244.93,0.20337
6245.83,0.20353
6246.73,0.20385
6247.63,0.20447
6248.53,0.20425
6249.43,0.20485
6250.33,0.20408
6251.23,0.20486
6252.13,0.20404
6253.03,0.20307
6253.93,0.20245
6254.83,0.2017
6255.73,0.20115
6256.63,0.19969
6257.53,0.19944
6258.43,0.20038
6259.33,0.20099
6260.23,0.19992
6261.13,0.20216
6262.03,0.20243
6262.93,0.20371
6263.83,0.20515
6264.73,0.20631
6265.63,0.20661
6266.53,0.20831
6267.43,0.20772
6268.33,0.20883
6269.23,0.20883
6270.13,0.20976
6271.03,0.20969
6271.93,0.21021
6272.83,0.21021
6273.73,0.21087
6274.64,0.21107
6275.54,0.2113
6276.44,0.2115
6277.34,0.21102
6278.24,0.21085
6279.14,0.21168
6280.04,0.21195
6280.94,0.21115
6281.84,0.21162
6282.74,0.21102
6283.64,0.21152
6284.54,0.21273
6285.44,0.21143
6286.34,0.21364
6287.24,0.21472
6288.14,0.21397
6289.04,0.2154
6289.94,0.21431
6290.84,0.21492
6291.74,0.2141
6292.64,0.21452
6293.54,0.21286
6294.44,0.2134
6295.34,0.21188
6296.24,0.21166
6297.14,0.211
6298.04,0.21108
6298.94,0.2095
6299.84,0.20864
6300.74,0.20939
6301.64,0.20943
6302.54,0.20864
6303.44,0.20884
6304.34,0.20954
6305.24,0.20983
6306.14,0.21215
6307.04,0.21195
6307.94,0.21297
6308.84,0.2134
6309.74,0.21292
6310.64,0.21315
6311.54,0.21384
6312.45,0.21371
6313.35,0.21338
6314.25,0.21233
6315.15,0.21158
6316.05,0.21017
6316.95,0.21067
6317.85,0.20955
6318.75,0.20908
6319.65,0.2098
6320.55,0.21019
6321.45,0.211
6322.35,0.2125
6323.25,0.21262
6324.15,0.21272
6325.05,0.21363
6325.95,0.21505
6326.85,0.21404
6327.75,0.21553
6328.65,0.21545
6329.55,0.21597
6330.45,0.2157
6331.35,0.2153
6332.25,0.2151
6333.15,0.215
6334.05,0.21485
6334.95,0.21448
6335.85,0.21431
6336.75,0.21327
6337.65,0.21297
6338.55,0.21422
6339.45,0.21399
6340.35,0.21358
6341.25,0.21339
6342.15,0.21383
6343.05,0.21393
6343.95,0.21423
6344.85,0.21452
6345.75,0.21482
6346.65,0.21371
6347.55,0.21536
6348.46,0.21539
6349.35,0.21552
6350.26,0.21574
6351.16,0.21582
6352.06,0.21582
6352.96,0.21584
6353.86,0.21519
6354.76,0.21438
6355.66,0.21326
6356.56,0.21249
6357.46,0.21111
6358.36,0.21092
6359.26,0.2097
6360.16,0.20823
6361.06,0.20845
6361.96,0.20791
6362.86,0.20794
6363.76,0.20765
6364.66,0.20874
6365.56,0.20883
6366.46,0.20985
6367.36,0.21131
6368.26,0.21225
6369.16,0.21332
6370.06,0.21399
6370.96,0.21495
6371.86,0.21662
6372.76,0.21663
6373.66,0.21816
6374.56,0.21775
6375.46,0.21805
6376.36,0.21834
6377.26,0.21736
6378.16,0.21847
6379.06,0.21764
6379.96,0.21661
6380.86,0.21689
6381.76,0.21681
6382.66,0.21691
6383.56,0.21631
6384.46,0.21638
6385.36,0.21666
6386.27,0.2166
6387.17,0.21621
6388.07,0.21558
6388.97,0.21667
6389.87,0.21579
6390.77,0.21613
6391.67,0.21491
6392.57,0.21492
6393.47,0.21453
6394.37,0.21366
6395.27,0.21421
6396.17,0.21403
6397.07,0.21288
6397.97,0.21308
6398.87,0.21297
6399.77,0.21301
6400.67,0.21382
6401.57,0.21388
6402.47,0.2145
6403.37,0.21485
6404.27,0.21564
6405.17,0.21615
6406.07,0.21575
6406.97,0.21721
6407.87,0.21662
6408.77,0.21625
6409.67,0.21599
6410.57,0.21583
6411.47,0.21406
6412.37,0.2155
6413.27,0.21534
6414.17,0.21519
6415.07,0.21537
6415.97,0.21462
6416.87,0.21493
6417.77,0.21473
6418.67,0.21537
6419.57,0.21509
6420.47,0.21529
6421.37,0.21542
6422.27,0.2151
6423.17,0.21534
6424.08,0.21641
6424.98,0.21651
6425.88,0.21652
6426.78,0.21689
6427.68,0.21799
6428.58,0.21843
6429.48,0.21721
6430.38,0.21827
6431.28,0.21693
6432.18,0.21685
6433.08,0.21643
6433.98,0.21699
6434.88,0.21625
6435.78,0.21655
6436.68,0.21659
6437.58,0.21597
6438.48,0.21744
6439.38,0.21757
6440.28,0.2171
6441.18,0.21906
6442.08,0.21912
6442.98,0.21909
6443.88,0.21937
6444.78,0.22052
6445.68,0.2206
6446.58,0.22076
6447.48,0.2193
6448.38,0.21755
6449.28,0.21744
6450.18,0.21679
6451.08,0.21554
6451.98,0.21569
6452.88,0.21487
6453.78,0.21488
6454.68,0.21496
6455.58,0.21552
6456.48,0.21595
6457.38,0.21698
6458.28,0.21756
6459.18,0.21732
6460.08,0.21755
6460.98,0.21748
6461.89,0.21693
6462.79,0.21665
6463.69,0.21601
6464.59,0.21681
6465.49,0.21719
6466.39,0.21642
6467.29,0.217
6468.19,0.21727
6469.09,0.21818
6469.99,0.21826
6470.89,0.21882
6471.79,0.21886
6472.69,0.21847
6473.59,0.21841
6474.49,0.21686
6475.39,0.21678
6476.29,0.21678
6477.19,0.21711
6478.09,0.21516
6478.99,0.21669
6479.89,0.21601
6480.79,0.21544
6481.69,0.21482
6482.59,0.21435
6483.49,0.21398
6484.39,0.21379
6485.29,0.21426
6486.19,0.21348
6487.09,0.21364
6487.99,0.21356
6488.89,0.21302
6489.79,0.211
6490.69,0.21086
6491.59,0.20935
6492.49,0.20774
6493.39,0.20596
6494.29,0.20368
6495.19,0.20116
6496.09,0.2005
6496.99,0.20006
6497.9,0.19873
6498.79,0.19904
6499.7,0.1999
6500.6,0.20137
6501.5,0.20269
6502.4,0.20459
6503.3,0.20655
6504.2,0.20814
6505.1,0.20995
6506.0,0.21174
6506.9,0.21279
6507.8,0.21298
6508.7,0.21414
6509.6,0.2135
6510.5,0.2145
6511.4,0.21489
6512.3,0.21423
6513.2,0.21409
6514.1,0.2142
6515.0,0.21409
6515.9,0.21337
6516.8,0.21376
6517.7,0.21228
6518.6,0.21316
6519.5,0.21268
6520.4,0.21329
6521.3,0.21357
6522.2,0.21282
6523.1,0.21413
6524.0,0.2145
6524.9,0.21447
6525.8,0.21447
6526.7,0.21483
6527.6,0.2151
6528.5,0.21439
6529.4,0.21461
6530.3,0.21442
6531.2,0.21478
6532.1,0.21567
6533.0,0.21507
6533.9,0.2146
6534.8,0.21551
6535.71,0.21554
6536.61,0.21634
6537.51,0.2158
6538.41,0.2166
6539.31,0.21602
6540.21,0.21585
6541.11,0.21584
6542.01,0.21542
6542.91,0.21468
6543.81,0.21418
6544.71,0.21332
6545.61,0.2126
6546.51,0.2112
6547.41,0.21009
6548.31,0.21065
6549.21,0.20923
6550.11,0.20826
6551.01,0.20876
6551.91,0.20891
6552.81,0.20706
6553.71,0.20658
6554.61,0.20555
6555.51,0.2046
6556.41,0.20188
6557.31,0.19977
6558.21,0.19822
6559.11,0.19434
6560.01,0.19194
6560.91,0.18825
6561.81,0.18519
6562.71,0.18345
6563.61,0.18155
6564.51,0.18077
6565.41,0.18083
6566.31,0.18326
6567.21,0.18442
6568.11,0.18786
6569.01,0.19038
6569.91,0.19353
6570.81,0.1968
6571.71,0.1985
6572.61,0.20033
6573.52,0.20263
6574.42,0.20321
6575.32,0.20365
6576.22,0.20486
6577.12,0.20609
6578.02,0.20711
6578.92,0.207
6579.82,0.20871
6580.72,0.20873
6581.62,0.20971
6582.52,0.21016
6583.42,0.21048
6584.32,0.2113
6585.22,0.21147
6586.12,0.21174
6587.02,0.21149
6587.92,0.21094
6588.82,0.2121
6589.72,0.21141
6590.62,0.21091
6591.52,0.21107
6592.42,0.20939
6593.32,0.20857
6594.22,0.20837
6595.12,0.20843
6596.02,0.20761
6596.92,0.20722
6597.82,0.20845
6598.72,0.20938
6599.62,0.20937
6600.52,0.21044
6601.42,0.21035
6602.32,0.21057
6603.22,0.21121
6604.12,0.21144
6605.02,0.21176
6605.92,0.21108
6606.82,0.20984
6607.72,0.21014
6608.62,0.20998
6609.52,0.21026
6610.43,0.2098
6611.33,0.20949
6612.23,0.21094
6613.13,0.2107
6614.03,0.21109
6614.93,0.2117
6615.83,0.21196
6616.73,0.21267
6617.63,0.2131
6618.53,0.21283
6619.43,0.21404
6620.33,0.2136
6621.23,0.21409
6622.13,0.21354
6623.03,0.21287
6623.93,0.21288
6624.83,0.21199
6625.73,0.21116
6626.63,0.21151
6627.53,0.21085
6628.43,0.2114
6629.33,0.21014
6630.23,0.20892
6631.13,0.2095
6632.03,0.20949
6632.93,0.20892
6633.83,0.2083
6634.73,0.20894
6635.63,0.2088
6636.53,0.20819
6637.43,0.20834
6638.33,0.20871
6639.23,0.20866
6640.13,0.20986
6641.03,0.20949
6641.93,0.20881
6642.83,0.20989
6643.73,0.2095
6644.63,0.20927
6645.53,0.20964
6646.43,0.20943
6647.34,0.20964
6648.24,0.2098
6649.14,0.20889
6650.04,0.20869
6650.94,0.20996
6651.84,0.20941
6652.74,0.21026
6653.64,0.20993
6654.54,0.21045
6655.44,0.20933
6656.34,0.2091
6657.24,0.20907
6658.14,0.20913
6659.04,0.20795
6659.94,0.20796
6660.84,0.20846
6661.74,0.20741
6662.64,0.20739
6663.54,0.20696
6664.44,0.20614
6665.34,0.20583
6666.24,0.20591
6667.14,0.20612
6668.04,0.20712
6668.94,0.20763
6669.84,0.20772
6670.74,0.20828
6671.64,0.2083
6672.54,0.20818
6673.44,0.20882
6674.34,0.20866
6675.24,0.2089
6676.14,0.20748
6677.04,0.20684
6677.94,0.20702
6678.84,0.20596
6679.74,0.2053
6680.64,0.2053
6681.54,0.20427
6682.44,0.20506
6683.34,0.20497
6684.24,0.2054
6685.15,0.20555
6686.05,0.20609
6686.95,0.20683
6687.85,0.20695
6688.75,0.20742
6689.65,0.20739
6690.55,0.20732
6691.45,0.2076
6692.35,0.20639
6693.25,0.2072
6694.15,0.20773
6695.05,0.20693
6695.95,0.20629
6696.85,0.20699
6697.75,0.20657
6698.65,0.20627
6699.55,0.20635
6700.45,0.20653
6701.35,0.2062
6702.25,0.20599
6703.15,0.20623
6704.05,0.20672
6704.95,0.20626
6705.85,0.20671
6706.75,0.2059
6707.65,0.20556
6708.55,0.2061
6709.45,0.20596
6710.35,0.20586
6711.25,0.20536
6712.15,0.20513
6713.05,0.20471
6713.95,0.204
6714.85,0.20253
6715.75,0.20205
6716.65,0.20183
6717.55,0.20123
6718.45,0.20081
6719.35,0.19978
6720.25,0.20097
6721.16,0.20072
6722.06,0.20121
6722.96,0.20136
6723.86,0.20238
6724.76,0.20265
6725.66,0.20327
6726.56,0.20406
6727.46,0.2036
6728.36,0.20382
6729.26,0.20389
6730.16,0.20465
6731.06,0.20592
6731.96,0.20476
6732.86,0.20547
6733.76,0.20532
6734.66,0.20452
6735.56,0.20578
6736.46,0.20505
6737.36,0.2041
6738.26,0.20463
6739.16,0.2053
6740.06,0.20382
6740.96,0.20395
6741.86,0.20304
6742.76,0.20299
6743.66,0.2034
6744.56,0.20293
6745.46,0.20159
6746.36,0.20337
6747.26,0.20367
6748.16,0.20177
6749.06,0.20189
6749.96,0.20276
6750.86,0.20173
6751.76,0.20183
6752.66,0.20131
6753.56,0.20201
6754.46,0.20201
6755.36,0.2028
6756.26,0.20383
6757.16,0.20352
6758.06,0.20397
6758.97,0.20489
6759.87,0.20463
6760.77,0.20533
6761.67,0.20583
6762.57,0.20558
6763.47,0.20583
6764.37,0.20559
6765.27,0.20578
6766.17,0.20564
6767.07,0.20456
6767.97,0.2043
6768.87,0.20432
6769.77,0.20394
6770.67,0.20378
6771.57,0.20355
6772.47,0.20447
6773.37,0.20498
6774.27,0.20529
6775.17,0.20649
6776.07,0.20592
6776.97,0.20688
6777.87,0.20657
6778.77,0.20684
6779.67,0.20766
6780.57,0.20627
6781.47,0.20619
6782.37,0.20516
6783.27,0.20451
6784.17,0.20451
6785.07,0.20398
6785.97,0.20362
6786.87,0.20303
6787.77,0.20297
6788.67,0.20193
6789.57,0.20283
6790.47,0.20319
6791.37,0.2033
6792.27,0.20387
6793.17,0.2034
6794.07,0.20423
6794.97,0.20277
6795.88,0.20294
6796.78,0.20383
6797.68,0.20492
6798.58,0.20546
6799.48,0.20459
6800.38,0.20491
6801.28,0.20511
6802.18,0.20473
6803.08,0.20521
6803.98,0.20568
6804.88,0.20625
6805.78,0.2048
6806.68,0.206
6807.58,0.20506
6808.48,0.20521
6809.38,0.20525
6810.28,0.20511
6811.18,0.20459
6812.08,0.2045
6812.98,0.20411
6813.88,0.20552
6814.78,0.20501
6815.68,0.20469
6816.58,0.20466
6817.48,0.20495
6818.38,0.20462
6819.28,0.20524
6820.18,0.20489
6821.08,0.20532
6821.98,0.20502
6822.88,0.20507
6823.78,0.206
6824.68,0.2065
6825.58,0.20599
6826.48,0.2066
6827.38,0.20614
6828.28,0.2063
6829.18,0.20619
6830.08,0.20568
6830.98,0.20593
6831.88,0.20565
6832.79,0.20582
6833.69,0.20623
6834.59,0.20667
6835.49,0.20554
6836.39,0.20583
6837.29,0.20459
6838.19,0.20439
6839.09,0.20532
6839.99,0.2039
6840.89,0.20329
6841.79,0.20299
6842.69,0.2026
6843.59,0.20274
6844.49,0.202
6845.39,0.20302
6846.29,0.20347
6847.19,0.20343
6848.09,0.20486
6848.99,0.2048
6849.89,0.20338
6850.79,0.20522
6851.69,0.20442
6852.59,0.20423
6853.49,0.20281
6854.39,0.20353
6855.29,0.20299
6856.19,0.20272
6857.09,0.20293
6857.99,0.20221
6858.89,0.20205
6859.79,0.20234
6860.69,0.20174
6861.59,0.20181
6862.49,0.20132
6863.39,0.2022
6864.29,0.20263
6865.19,0.20358
6866.09,0.2029
6866.99,0.20333
6867.89,0.20315
6868.79,0.20283
6869.7,0.20343
6870.6,0.20255
6871.5,0.20353
6872.4,0.20297
6873.3,0.20256
6874.2,0.20362
6875.1,0.20317
6876.0,0.20367
6876.9,0.20398
6877.8,0.20471
6878.7,0.20566
6879.6,0.20479
6880.5,0.20469
6881.4,0.20518
6882.3,0.20482
6883.2,0.20533
6884.1,0.20497
6885.0,0.20517
6885.9,0.20447
6886.8,0.20533
6887.7,0.20561
6888.6,0.20618
6889.5,0.2055
6890.4,0.20671
6891.3,0.20703
6892.2,0.20786
6893.1,0.20742
6894.0,0.20766
6894.9,0.20756
6895.8,0.20787
6896.7,0.20725
6897.6,0.20812
6898.5,0.20829
6899.4,0.20746
6900.3,0.20715
6901.2,0.20746
6902.1,0.20845
6903.0,0.20758
6903.9,0.20798
6904.8,0.20819
6905.7,0.20922
6906.6,0.2086
6907.51,0.20909
6908.41,0.20943
6909.31,0.20925
6910.21,0.20928
6911.11,0.20936
6912.01,0.20818
6912.91,0.20797
6913.81,0.20827
6914.71,0.20728
6915.61,0.20734
6916.51,0.20679
6917.41,0.20725
6918.31,0.20642
6919.21,0.20636
6920.11,0.20653
6921.01,0.20732
6921.91,0.20699
6922.81,0.20729
6923.71,0.20692
6924.61,0.20695
6925.51,0.20678
6926.41,0.20756
6927.31,0.207
6928.21,0.20731
6929.11,0.20724
6930.01,0.20746
6930.91,0.20734
6931.81,0.20697
6932.71,0.20764
6933.61,0.20807
6934.51,0.20793
6935.41,0.2087
6936.31,0.2086
6937.21,0.20865
6938.11,0.20828
6939.01,0.20817
6939.91,0.2085
6940.81,0.20929
6941.71,0.20735
6942.61,0.20856
6943.52,0.20803
6944.42,0.20828
6945.31,0.20875
6946.22,0.20705
6947.12,0.20779
6948.02,0.20812
6948.92,0.20751
6949.82,0.20816
6950.72,0.20783
6951.62,0.20836
6952.52,0.20826
6953.42,0.20851
6954.32,0.20734
6955.22,0.20838
6956.12,0.20811
6957.02,0.20871
6957.92,0.2089
6958.82,0.20905
6959.72,0.2098
6960.62,0.2099
6961.52,0.20883
6962.42,0.21032
6963.32,0.21025
6964.22,0.2116
6965.12,0.21028
6966.02,0.21085
6966.92,0.21078
6967.82,0.21166
6968.72,0.21186
6969.62,0.21148
6970.52,0.21159
6971.42,0.20983
6972.32,0.21025
6973.22,0.20956
6974.12,0.20961
6975.02,0.20894
6975.92,0.2083
6976.82,0.20813
6977.72,0.20741
6978.62,0.20684
6979.52,0.20638
6980.42,0.20561
6981.33,0.20718
6982.23,0.20666
6983.12,0.20719
6984.03,0.20773
6984.93,0.20815
6985.83,0.20896
6986.73,0.21027
6987.63,0.20975
6988.53,0.21025
6989.43,0.20996
6990.33,0.21029
6991.23,0.21187
6992.13,0.21079
6993.03,0.21089
6993.93,0.21086
6994.83,0.21086
6995.73,0.21003
6996.63,0.21057
6997.53,0.2102
6998.43,0.21061
6999.33,0.21066
7000.23,0.20922
7001.13,0.20974
7002.03,0.20915
7002.93,0.20835
7003.83,0.20834
7004.73,0.20918
7005.63,0.20818
7006.53,0.20893
7007.43,0.20841
7008.33,0.20822
7009.23,0.20866
7010.13,0.20916
7011.03,0.20825
7011.93,0.20818
7012.83,0.20815
7013.73,0.20827
7014.63,0.20804
7015.53,0.20807
7016.43,0.2077
7017.33,0.20755
7018.23,0.20804
7019.14,0.20724
7020.04,0.20758
7020.94,0.20781
7021.84,0.20785
7022.74,0.20821
7023.64,0.20767
7024.54,0.20853
7025.44,0.20865
7026.34,0.20892
7027.24,0.20905
7028.14,0.20881
7029.04,0.20883
7029.94,0.20934
7030.84,0.20945
7031.74,0.20928
7032.64,0.21036
7033.54,0.21033
7034.44,0.20972
7035.34,0.21008
7036.24,0.21041
7037.14,0.21033
7038.04,0.21049
7038.94,0.21064
7039.84,0.21089
7040.74,0.21191
7041.64,0.21235
7042.54,0.21244
7043.44,0.21359
7044.34,0.21402
7045.24,0.21388
7046.14,0.21422
7047.04,0.21466
7047.94,0.2145
7048.84,0.2145
7049.74,0.21369
7050.64,0.2137
7051.54,0.21221
7052.44,0.21182
7053.34,0.21038
7054.25,0.20892
7055.15,0.20768
7056.04,0.20624
7056.95,0.20605
7057.85,0.20448
7058.75,0.20415
7059.65,0.20297
7060.55,0.20249
7061.45,0.20143
7062.35,0.20177
7063.25,0.20138
7064.15,0.20112
7065.05,0.20191
7065.95,0.20201
7066.85,0.20075
7067.75,0.20063
7068.65,0.20208
7069.55,0.20156
7070.45,0.20209
7071.35,0.2017
7072.25,0.20234
7073.15,0.20248
7074.05,0.20343
7074.95,0.20472
7075.85,0.20456
7076.75,0.20487
7077.65,0.20485
7078.55,0.20478
7079.45,0.20449
7080.35,0.20529
7081.25,0.20378
7082.15,0.20335
7083.05,0.2019
7083.95,0.20156
7084.85,0.19979
7085.75,0.19937
7086.65,0.19784
7087.55,0.19627
7088.45,0.19658
7089.35,0.19493
7090.25,0.19432
7091.15,0.19411
7092.06,0.19408
7092.96,0.19321
7093.85,0.19248
7094.76,0.19289
7095.66,0.19312
7096.56,0.19334
7097.46,0.19349
7098.36,0.19404
7099.26,0.19425
7100.16,0.19519
7101.06,0.19453
7101.96,0.19533
7102.86,0.19518
7103.76,0.1962
7104.66,0.19707
7105.56,0.19669
7106.46,0.19619
7107.36,0.19705
7108.26,0.19755
7109.16,0.19716
7110.06,0.19693
7110.96,0.19708
7111.86,0.19745
7112.76,0.19755
7113.66,0.19682
7114.56,0.19738
7115.46,0.19801
7116.36,0.19789
7117.26,0.19709
7118.16,0.19879
7119.06,0.19792
7119.96,0.19808
7120.86,0.19833
7121.76,0.19818
7122.66,0.1982
7123.56,0.19727
7124.46,0.19629
7125.36,0.19635
7126.26,0.19555
7127.16,0.19467
7127.27,0.19432
7128.17,0.19389
7129.07,0.19386
7129.96,0.19315
7130.86,0.19182
7131.75,0.19253
7132.65,0.19281
7133.55,0.19214
7134.44,0.19267
7135.34,0.19337
7136.23,0.19322
7137.13,0.19368
7138.03,0.19424
7138.92,0.19369
7139.82,0.19414
7140.71,0.19504
7141.61,0.19478
7142.5,0.19458
7143.4,0.19494
7144.3,0.19408
7145.19,0.19477
7146.09,0.19369
7146.98,0.19331
7147.88,0.19346
7148.78,0.1941
7149.67,0.19402
7150.57,0.19421
7151.46,0.19432
7152.36,0.19488
7153.26,0.19624
7154.15,0.19566
7155.05,0.1973
7155.94,0.19604
7156.84,0.19606
7157.74,0.19745
7158.63,0.19724
7159.53,0.19634
7160.42,0.19685
7161.32,0.19712
7162.21,0.19642
7163.11,0.1959
7164.01,0.19606
7164.9,0.19536
7165.8,0.19589
7166.69,0.19584
7167.59,0.19627
7168.49,0.19616
7169.38,0.19675
7170.28,0.19723
7171.17,0.19776
7172.07,0.19809
7172.96,0.19837
7173.86,0.19837
7174.76,0.19907
7175.65,0.19841
7176.55,0.19818
7177.44,0.19939
7178.34,0.19849
7179.24,0.1984
7180.13,0.19768
7181.03,0.19717
7181.92,0.19657
7182.82,0.19698
7183.72,0.19655
7184.61,0.19574
7185.51,0.19587
7186.4,0.19651
7187.3,0.19538
7188.19,0.19493
7189.09,0.19553
7189.99,0.19545
7190.88,0.19469
7191.78,0.19512
7192.67,0.19509
7193.57,0.19587
7194.47,0.19592
7195.36,0.19625
7196.26,0.19664
7197.15,0.19679
7198.05,0.19708
7198.95,0.19675
7199.84,0.19717
7200.74,0.19557
7201.63,0.19636
7202.53,0.19661
7203.43,0.19655
7204.32,0.19597
7205.22,0.19548
7206.11,0.19582
7207.01,0.19572
7207.9,0.19549
7208.8,0.19526
7209.7,0.19594
7210.59,0.19587
7211.49,0.19604
7212.38,0.19661
7213.28,0.19639
7214.18,0.19782
7215.07,0.1979
7215.97,0.19845
7216.86,0.19792
7217.76,0.19857
7218.66,0.19919
7219.55,0.19959
7220.45,0.2003
7221.34,0.19969
7222.24,0.19986
7223.13,0.2007
7224.03,0.20048
7224.93,0.20096
7225.82,0.20118
7226.72,0.20183
7227.61,0.2025
7228.51,0.20229
7229.41,0.20329
7230.3,0.20325
7231.2,0.20432
7232.09,0.20434
7232.99,0.20388
7233.89,0.20437
7234.78,0.2041
7235.68,0.20448
7236.57,0.20346
7237.47,0.20406
7238.36,0.20379
7239.26,0.20415
7240.16,0.20412
7241.05,0.20339
7241.95,0.20315
7242.84,0.20344
7243.74,0.20326
7244.64,0.2039
7245.53,0.20336
7246.43,0.20331
7247.32,0.20381
7248.22,0.20298
7249.12,0.20393
7250.01,0.20393
7250.91,0.20349
7251.8,0.20291
7252.7,0.20368
7253.6,0.20448
7254.49,0.20405
7255.39,0.20396
7256.28,0.20468
7257.18,0.20512
7258.07,0.20405
7258.97,0.20445
7259.87,0.20483
7260.76,0.20389
7261.66,0.20382
7262.55,0.20501
7263.45,0.20501
7264.35,0.20548
7265.24,0.20524
7266.14,0.20546
7267.03,0.20641
7267.93,0.20599
7268.83,0.2073
7269.72,0.20546
7270.62,0.20654
7271.51,0.20645
7272.41,0.20616
7273.3,0.20757
7274.2,0.20612
7275.1,0.20692
7275.99,0.20658
7276.89,0.20735
7277.78,0.20599
7278.68,0.20659
7279.58,0.20614
7280.47,0.20518
7281.37,0.20494
7282.26,0.20451
7283.16,0.20408
7284.06,0.20356
7284.95,0.20309
7285.85,0.20275
7286.74,0.20294
7287.64,0.20242
7288.53,0.20278
7289.43,0.20213
7290.33,0.20256
7291.22,0.20144
7292.12,0.20261
7293.01,0.20255
7293.91,0.20232
7294.81,0.20328
7295.7,0.20363
7296.6,0.20499
7297.49,0.20485
7298.39,0.20582
7299.29,0.20719
7300.18,0.2076
7301.08,0.20699
7301.97,0.20742
7302.87,0.20769
7303.76,0.20813
7304.66,0.20755
7305.56,0.20712
7306.45,0.20864
7307.35,0.20747
7308.24,0.20797
7309.14,0.20744
7310.04,0.20677
7310.93,0.20668
7311.83,0.20719
7312.72,0.20694
7313.62,0.20744
7314.52,0.20748
7315.41,0.20737
7316.31,0.20787
7317.2,0.20843
7318.1,0.207
7318.99,0.20778
7319.89,0.20808
7320.79,0.20789
7321.68,0.20729
7322.58,0.2079
7323.47,0.20687
7324.37,0.20687
7325.27,0.20681
7326.16,0.20636
7327.06,0.20617
7327.95,0.20725
7328.85,0.20624
7329.75,0.20763
7330.64,0.20786
7331.54,0.20765
7332.43,0.20898
7333.33,0.20869
7334.22,0.20973
7335.12,0.21072
7336.02,0.21031
7336.91,0.21028
7337.81,0.2113
7338.7,0.21136
7339.6,0.21157
7340.5,0.21133
7341.39,0.2121
7342.29,0.21132
7343.18,0.21148
7344.08,0.21143
7344.98,0.21104
7345.87,0.21077
7346.77,0.21007
7347.66,0.20979
7348.56,0.20979
7349.45,0.20951
7350.35,0.20965
7351.25,0.20854
7352.14,0.20908
7353.04,0.2083
7353.93,0.20699
7354.83,0.20686
7355.73,0.20661
7356.62,0.20595
7357.52,0.20661
7358.41,0.20641
7359.31,0.20622
7360.21,0.20661
7361.1,0.20731
7362.0,0.20629
7362.89,0.2063
7363.79,0.20807
7364.69,0.20828
7365.58,0.20752
7366.48,0.2089
7367.37,0.20797
7368.27,0.20915
7369.16,0.20987
7370.06,0.21068
7370.96,0.21036
7371.85,0.21094
7372.75,0.21148
7373.64,0.21231
7374.54,0.21184
7375.44,0.21292
7376.33,0.21231
7377.23,0.21147
7378.12,0.21263
7379.02,0.21297
7379.92,0.21202
7380.81,0.21246
7381.71,0.21092
7382.6,0.20998
7383.5,0.20984
7384.39,0.209
7385.29,0.20945
7386.19,0.20784
7387.08,0.20827
7387.98,0.20724
7388.87,0.20617
7389.77,0.20726
7390.67,0.20662
7391.56,0.20742
7392.46,0.20778
7393.35,0.20738
7394.25,0.20769
7395.15,0.20787
7396.04,0.20804
7396.94,0.20799
7397.83,0.20905
7398.73,0.20903
7399.62,0.20919
7400.52,0.20942
7401.42,0.20919
7402.31,0.20967
7403.21,0.20988
7404.1,0.20928
7405.0,0.20992
7405.9,0.20864
7406.79,0.20921
7407.69,0.20845
7408.58,0.20739
7409.48,0.20652
7410.38,0.20618
7411.27,0.20529
7412.17,0.2038
7413.06,0.20269
7413.96,0.20272
7414.85,0.2009
7415.75,0.20106
7416.65,0.20098
7417.54,0.20081
7418.44,0.20088
7419.33,0.20101
7420.23,0.20071
7421.13,0.20266
7422.02,0.20266
7422.92,0.20396
7423.81,0.20445
7424.71,0.20526
7425.6,0.20625
7426.5,0.20693
7427.4,0.20827
7428.29,0.20873
7429.19,0.20941
7431.68,0.21202
7434.18,0.21186
7436.67,0.21145
7439.17,0.21134
7441.66,0.21129
7444.16,0.21061
7446.66,0.21042
7449.15,0.21107
7451.65,0.21147
7454.14,0.21348
7456.64,0.21345
7459.13,0.21263
7461.63,0.21079
7464.12,0.21163
7466.62,0.21237
7469.11,0.21242
7471.61,0.21277
7474.1,0.21287
7476.6,0.21292
7479.09,0.21257
7481.59,0.21176
7484.08,0.21219
7486.58,0.21276
7489.07,0.21117
7491.57,0.21099
7494.06,0.21053
7496.56,0.2095
7499.05,0.21099
7501.55,0.2124
7504.04,0.21302
7506.54,0.21248
7509.03,0.21218
7511.53,0.21199
7514.02,0.21171
7516.52,0.21226
7519.01,0.21387
7521.51,0.21366
7524.0,0.21303
7526.5,0.21248
7528.99,0.21221
7531.49,0.21287
7533.99,0.21353
7536.48,0.21418
7538.98,0.2148
7541.47,0.21481
7543.97,0.21386
7546.46,0.21407
7548.96,0.21336
7551.45,0.21364
7553.95,0.2134
7556.44,0.21208
7558.94,0.21323
7561.43,0.21294
7563.93,0.21275
7566.42,0.21277
7568.92,0.21292
7571.41,0.21306
7573.91,0.21286
7576.4,0.21255
7578.9,0.21224
7581.39,0.21163
7583.89,0.21063
7586.38,0.20897
7588.88,0.2079
7591.37,0.20749
7593.87,0.20747
7596.36,0.20714
7598.86,0.20706
7601.35,0.20654
7603.85,0.20606
7606.34,0.20633
7608.84,0.20676
7611.33,0.2061
7613.83,0.20647
7616.33,0.20518
7618.82,0.20507
7621.32,0.20437
7623.81,0.2053
7626.31,0.20554
7628.8,0.20597
7631.3,0.20599
7633.79,0.20539
7636.29,0.20543
7638.78,0.20548
7641.28,0.20566
7643.77,0.20546
7646.27,0.20575
7648.76,0.2053
7651.26,0.20432
7653.75,0.20286
7656.25,0.201
7658.74,0.19821
7661.24,0.19592
7663.73,0.19416
7666.23,0.19334
7668.72,0.19429
7671.22,0.19547
7673.71,0.19804
7676.21,0.19935
7678.7,0.20001
7681.2,0.20072
7683.69,0.19981
7686.19,0.20091
7688.69,0.20003
7691.18,0.19996
7693.68,0.19902
7696.17,0.19858
7698.67,0.19789
7701.16,0.19756
7703.66,0.19805
7706.15,0.19808
7708.65,0.19777
7711.14,0.19735
7713.64,0.19621
7716.13,0.19614
7718.63,0.19679
7721.12,0.19739
7723.62,0.19863
7726.11,0.19978
7728.61,0.19989
7731.1,0.20118
7733.6,0.20218
7736.09,0.20273
7738.59,0.20286
7741.08,0.20201
7743.58,0.20061
7746.07,0.19905
7748.57,0.19708
7751.06,0.19628
7753.56,0.197
7756.05,0.19843
7758.55,0.19983
7761.04,0.20125
7763.54,0.20178
7766.03,0.20247
7768.53,0.20261
7771.03,0.20333
7773.52,0.20382
7776.02,0.20404
7778.51,0.20273
7781.01,0.20313
7783.5,0.2017
7786.0,0.20103
7788.49,0.20033
7790.99,0.20011
7793.48,0.19996
7795.98,0.20017
7798.47,0.20067
7800.97,0.20068
7803.46,0.20088
7805.96,0.20091
7808.45,0.20145
7810.95,0.20171
7813.44,0.20223
7815.94,0.20252
7818.43,0.20378
7820.93,0.20362
7823.42,0.20341
7825.92,0.20269
7828.41,0.20135
7830.91,0.20016
7833.4,0.19842
7835.9,0.19766
7838.39,0.19809
7840.89,0.19884
7843.38,0.19978
7845.88,0.20019
7848.38,0.20032
7850.87,0.20029
7853.37,0.20024
7855.86,0.20017
7858.36,0.20048
7860.85,0.20156
7863.35,0.20134
7865.84,0.20101
7868.34,0.20173
7870.83,0.20077
7873.33,0.2004
7875.82,0.20031
7878.32,0.20024
7880.81,0.20021
7883.31,0.20003
7885.8,0.20032
7888.3,0.19998
7890.79,0.20078
7893.29,0.20019
7895.78,0.20029
7898.28,0.19955
7900.77,0.19949
7903.27,0.19903
7905.76,0.19844
7908.26,0.19775
7910.75,0.19647
7913.25,0.19527
7915.74,0.19477
7918.24,0.19465
7920.73,0.1951
7923.23,0.19552
7925.73,0.19649
7928.22,0.19646
7930.71,0.19629
7933.21,0.19581
7935.71,0.19501
7938.2,0.19359
7940.7,0.19298
7943.19,0.1926
7945.69,0.19235
7948.18,0.19313
7950.68,0.19452
7953.17,0.19612
7955.67,0.19702
7958.16,0.19777
7960.66,0.19817
7963.15,0.1985
7965.65,0.1994
7968.14,0.19898
7970.64,0.19976
7973.13,0.20007
7975.63,0.19958
7978.12,0.19951
7980.62,0.19864
7983.11,0.19827
7985.61,0.19774
7988.1,0.19753
7990.6,0.19777
7993.09,0.19714
7995.59,0.19642
7998.08,0.19596
8000.58,0.19664
8003.07,0.19722
8005.57,0.19794
8008.06,0.19952
8010.56,0.19988
8013.06,0.20138
8015.55,0.20139
8018.05,0.20088
8020.54,0.20102
8023.04,0.19971
8025.53,0.19858
8028.03,0.19789
8030.52,0.19797
8033.02,0.19922
8035.51,0.20079
8038.01,0.20088
8040.5,0.20091
8043.0,0.20009
8045.49,0.19862
8047.99,0.19765
8050.48,0.19702
8052.98,0.19768
8055.47,0.19861
8057.97,0.19939
8060.46,0.19972
8062.96,0.1999
8065.45,0.19918
8067.95,0.19818
8070.44,0.19726
8072.94,0.19708
8075.43,0.19659
8077.93,0.19635
8080.42,0.19744
8082.92,0.19727
8085.41,0.19733
8087.91,0.19661
8090.4,0.19614
8092.9,0.19552
8095.4,0.19561
8097.89,0.19513
8100.39,0.19612
8102.88,0.19594
8105.38,0.19685
8107.87,0.19704
8110.37,0.19735
8112.86,0.19704
8115.36,0.19652
8117.85,0.19617
8120.35,0.19671
8122.84,0.19734
8125.34,0.19771
8127.83,0.19819
8130.33,0.19837
8132.82,0.19823
8135.32,0.19832
8137.81,0.19847
8140.31,0.19813
8142.8,0.198
8145.3,0.19817
8147.79,0.19792
8150.29,0.19782
8152.78,0.19788
8155.28,0.1984
8157.77,0.19868
8160.27,0.19852
8162.76,0.19809
8165.26,0.19795
8167.75,0.19803
8170.25,0.19865
8172.75,0.19857
8175.24,0.19829
8177.74,0.19683
8180.23,0.19607
8182.73,0.19432
8185.22,0.19347
8187.72,0.1931
8190.21,0.19295
8192.71,0.19243
8195.2,0.19171
8197.7,0.19087
8200.19,0.19076
8202.69,0.19145
8205.18,0.19238
8207.68,0.19285
8210.17,0.19286
8212.67,0.19349
8215.16,0.19371
8217.66,0.19434
8220.15,0.19505
8222.65,0.19531
8225.14,0.19639
8227.64,0.19629
8230.13,0.19737
8232.63,0.19758
8235.12,0.19691
8237.62,0.19692
8240.11,0.19688
8242.61,0.19687
8245.1,0.19652
8247.6,0.19615
8250.1,0.19644
8252.59,0.19542
8255.08,0.19537
8257.58,0.19576
8260.08,0.1965
8262.57,0.19684
8265.07,0.19778
8267.56,0.19693
8270.06,0.19726
8272.55,0.19684
8275.05,0.1965
8277.54,0.19651
8280.04,0.19604
8282.53,0.19647
8285.03,0.1963
8287.52,0.19563
8290.02,0.19522
8292.51,0.19449
8295.01,0.19435
8297.5,0.19353
8300.0,0.19293
8302.49,0.19276
8304.99,0.19226
8307.48,0.19113
8309.98,0.19144
8312.47,0.19141
8314.97,0.19208
8317.46,0.19332
8319.96,0.19291
8322.46,0.19261
8324.95,0.19112
8327.44,0.18987
8329.94,0.1887
8332.43,0.18828
8334.93,0.18862
8337.43,0.18917
8339.92,0.18942
8342.42,0.18957
8344.91,0.19007
8347.41,0.19009
8349.9,0.19035
8352.4,0.19075
8354.89,0.19103
8357.39,0.19102
8359.88,0.19098
8362.38,0.19059
8364.87,0.19043
8367.37,0.19032
8369.86,0.1912
8372.36,0.19144
8374.85,0.19153
8377.35,0.19042
8379.84,0.18931
8382.34,0.18715
8384.83,0.18619
8387.33,0.1854
8389.82,0.18641
8392.32,0.18711
8394.81,0.1889
8397.31,0.18994
8399.8,0.19071
8402.3,0.19198
8404.79,0.19186
8407.29,0.19157
8409.79,0.19184
8412.28,0.19171
8414.78,0.19073
8417.27,0.19052
8419.77,0.18976
8422.26,0.18921
8424.76,0.18894
8427.25,0.18817
8429.75,0.18714
8432.24,0.18627
8434.74,0.1848
8437.23,0.18434
8439.73,0.18384
8442.22,0.18509
8444.72,0.18652
8447.21,0.18747
8449.71,0.18802
8452.2,0.18807
8454.7,0.18798
8457.19,0.18714
8459.69,0.18716
8462.18,0.18621
8464.68,0.18505
8467.17,0.18442
8469.67,0.18342
8472.16,0.18376
8474.66,0.18453
8477.15,0.18558
8479.65,0.18639
8482.14,0.18635
8484.64,0.18655
8487.13,0.18661
8489.63,0.18503
8492.12,0.182
8494.62,0.17746
8497.12,0.17299
8499.61,0.16968
8502.11,0.16963
8504.6,0.1723
8507.1,0.1762
8509.59,0.17937
8512.09,0.18074
8514.58,0.18031
8517.08,0.18024
8519.57,0.17991
8522.07,0.18051
8524.56,0.18135
8527.06,0.18154
8529.55,0.18057
8532.05,0.17861
8534.54,0.17394
8537.04,0.16654
8539.53,0.1578
8542.03,0.15019
8544.52,0.14733
8547.02,0.14998
8549.51,0.15776
8552.01,0.16655
8554.5,0.17328
8557.0,0.17811
8559.49,0.18106
8561.99,0.18237
8564.48,0.18308
8566.98,0.18378
8569.47,0.18376
8571.97,0.18403
8574.47,0.18396
8576.96,0.18391
8579.46,0.18458
8581.95,0.1844
8584.45,0.18445
8586.94,0.18463
8589.44,0.1853
8591.93,0.18479
8594.43,0.18468
8596.92,0.18454
8599.42,0.18447
8601.91,0.18449
8604.41,0.18432
8606.9,0.18452
8609.4,0.18426
8611.89,0.18318
8614.39,0.18321
8616.88,0.18277
8619.38,0.18342
8621.87,0.18341
8624.37,0.18366
8626.86,0.1838
8629.36,0.18426
8631.85,0.1848
8634.35,0.18545
8636.84,0.18554
8639.34,0.18602
8641.83,0.18607
8644.33,0.18588
8646.83,0.18519
8649.32,0.18377
8651.82,0.1812
8654.31,0.17801
8656.8,0.17216
8659.3,0.16482
8661.8,0.15808
8664.29,0.15551
8666.79,0.15559
8669.28,0.16151
8671.78,0.16831
8674.27,0.17354
8676.77,0.17734
8679.26,0.17943
8681.76,0.18031
8684.25,0.1802
8686.75,0.17902
8689.24,0.17896
8691.74,0.17812
8694.23,0.17906
8696.73,0.18039
8699.22,0.18124
8701.72,0.18193
8704.21,0.18166
8706.71,0.18255
8709.2,0.1816
8711.7,0.18194
8714.19,0.18222
8716.69,0.18217
8719.18,0.18287
8721.68,0.18346
8724.17,0.18458
8726.67,0.18441
8729.17,0.18465
8731.66,0.1844
8734.16,0.18368
8736.65,0.18371
8739.15,0.18348
8741.64,0.18407
8744.14,0.18363
8746.63,0.18383
8749.13,0.1833
8751.62,0.18292
8754.12,0.18253
8756.61,0.18253
8759.11,0.1832
8761.6,0.18289
8764.1,0.18318
8766.59,0.18287
8769.09,0.18247
8771.58,0.18238
8774.08,0.18276
8776.57,0.18244
8779.07,0.183
8781.56,0.18384
8784.06,0.18447
8786.55,0.18443
8789.05,0.18395
8791.54,0.18338
8794.04,0.18282
8796.53,0.18192
8799.03,0.18157
8801.52,0.17973
8804.02,0.17794
8806.51,0.17686
8809.01,0.17608
8811.5,0.17689
8814.0,0.17884
8816.5,0.18125
8818.99,0.18206
8821.49,0.18192
8823.98,0.18155
8826.48,0.18167
8828.97,0.18157
8831.47,0.18289
8833.96,0.18354
8836.46,0.18371
8838.95,0.18404
8841.45,0.18433
8843.94,0.18495
8846.44,0.18551
8848.93,0.18613
8851.43,0.1863
8853.92,0.1866
8856.42,0.18593
8858.91,0.18448
8861.41,0.18309
8863.9,0.18183
8866.4,0.18052
8868.89,0.17962
8871.39,0.17981
8873.88,0.18053
8876.38,0.18134
8878.87,0.18105
8881.37,0.18173
8883.87,0.1819
8886.36,0.18213
8888.86,0.18229
8891.35,0.18226
8893.84,0.18228
8896.34,0.18218
8898.84,0.18223
8901.33,0.18233
8903.83,0.18187
8906.32,0.18234
8908.82,0.18189
8911.31,0.18109
8913.81,0.18098
8916.3,0.18021
8918.8,0.17981
8921.29,0.17935
8923.79,0.17878
8926.28,0.17818
8928.78,0.17862
8931.27,0.1786
8933.77,0.17887
8936.26,0.17922
8938.76,0.17885
8941.25,0.17859
8943.75,0.17799
8946.24,0.17806
8948.74,0.17786
8951.23,0.17809
8953.73,0.17935
8956.22,0.18056
8958.72,0.18094
8961.21,0.18077
8963.71,0.18116
8966.2,0.1809
8968.7,0.18016
8971.2,0.17971
8973.69,0.17955
8976.19,0.17917
8978.68,0.17922
8981.18,0.17933
8983.67,0.1799
8986.17,0.1803
8988.66,0.18063
8991.16,0.18085
8993.65,0.18071
8996.15,0.18033
8998.64,0.17995
9001.14,0.17942
9003.63,0.17794
9006.13,0.17703
9008.62,0.17537
9011.12,0.17357
9013.61,0.17224
9016.11,0.17167
9018.6,0.17119
9021.1,0.17142
9023.59,0.17316
9026.09,0.17479
9028.58,0.17591
9031.08,0.1772
9033.57,0.17818
9036.07,0.179
9038.56,0.18006
9041.06,0.18098
9043.55,0.1805
9046.05,0.18075
9048.54,0.18101
9051.04,0.18053
9053.54,0.1804
9056.03,0.17989
9058.53,0.17977
9061.02,0.17887
9063.52,0.17877
9066.01,0.17871
9068.51,0.17873
9071.0,0.1786
9073.5,0.17939
9075.99,0.17856
9078.49,0.17788
9080.98,0.17703
9083.48,0.17597
9085.97,0.17436
9088.47,0.17351
9090.96,0.1727
9093.46,0.17297
9095.95,0.17393
9098.45,0.17476
9100.94,0.17613
9103.44,0.17706
9105.93,0.17718
9108.43,0.17739
9110.92,0.17711
9113.42,0.17637
9115.91,0.17605
9118.41,0.17588
9120.9,0.17593
9123.4,0.17624
9125.89,0.17684
9128.39,0.17765
9130.88,0.1785
9133.38,0.17756
9135.88,0.17773
9138.37,0.17608
9140.87,0.17482
9143.36,0.17339
9145.86,0.17269
9148.35,0.17208
9150.85,0.17239
9153.34,0.17286
9155.84,0.17367
9158.33,0.17391
9160.83,0.17303
9163.32,0.1726
9165.82,0.17176
9168.31,0.1711
9170.81,0.16913
9173.3,0.16876
9175.8,0.16876
9178.29,0.16919
9180.79,0.16973
9183.28,0.171
9185.78,0.17113
9188.27,0.17109
9190.77,0.17083
9193.26,0.17064
9195.76,0.16996
9198.25,0.16984
9200.75,0.17004
9203.24,0.16996
9205.74,0.16945
9208.24,0.16894
9210.73,0.1682
9213.23,0.16849
9215.72,0.16802
9218.22,0.16796
9220.71,0.1685
9223.21,0.16929
9225.7,0.16901
9228.2,0.16843
9230.69,0.16858
9233.19,0.16824
9235.68,0.16815
9238.18,0.16898
9240.67,0.16947
9243.17,0.16858
9245.66,0.16836
9248.16,0.16817
9250.65,0.16789
9253.15,0.16773
9255.64,0.16712
9258.14,0.16689
9260.63,0.1677
9263.13,0.16835
9265.62,0.16937
9268.12,0.17049
9270.61,0.17039
9273.11,0.1703
9275.6,0.16989
9278.1,0.16913
9280.59,0.16851
9283.09,0.16785
9285.58,0.16728
9288.08,0.1672
9290.58,0.16642
9293.07,0.16632
9295.57,0.16598
9298.06,0.16641
9300.56,0.16675
9303.05,0.16714
9305.55,0.16706
9308.04,0.16707
9310.54,0.1674
9313.03,0.1668
9315.53,0.16712
9318.02,0.16673
9320.52,0.16646
9323.01,0.1666
9325.51,0.16702
9328.0,0.16665
9330.5,0.16725
9332.99,0.16733
9335.49,0.16719
9337.98,0.16781
9340.48,0.16752
9342.97,0.16679
9345.47,0.1663
9347.96,0.16576
9350.46,0.16481
9352.95,0.16441
9355.45,0.16358
9357.94,0.16292
9360.44,0.16241
9362.93,0.16247
9365.43,0.16247
9367.92,0.16265
9370.42,0.16242
9372.92,0.16284
9375.41,0.16319
9377.91,0.16283
9380.4,0.16269
9382.9,0.16244
9385.39,0.16293
9387.89,0.16286
9390.38,0.16262
9392.88,0.16307
9395.37,0.16242
9397.87,0.16245
9400.36,0.16153
9402.86,0.16133
9405.35,0.16038
9407.85,0.15966
9410.34,0.15881
9412.84,0.15782
9415.33,0.15804
9417.83,0.15832
9420.32,0.15909
9422.82,0.15969
9425.31,0.16091
9427.81,0.16123
9430.3,0.16098
9432.8,0.16076
9435.29,0.16046
9437.79,0.1603
9440.28,0.15952
9442.78,0.15976
9445.27,0.15926
9447.77,0.15941
9450.27,0.15961
9452.76,0.16014
9455.25,0.16089
9457.75,0.16103
9460.25,0.16172
9462.74,0.16197
9465.24,0.16248
9467.73,0.16267
9470.23,0.16319
9472.72,0.16281
9475.22,0.16286
9477.71,0.1628
9480.21,0.16279
9482.7,0.16316
9485.2,0.16314
9487.69,0.16319
9490.19,0.16348
9492.68,0.16332
9495.18,0.16322
9497.67,0.1635
9500.17,0.16395
9502.66,0.16421
9505.16,0.16414
9507.65,0.16422
9510.15,0.16393
9512.64,0.16424
9515.14,0.16416
9517.63,0.16428
9520.13,0.16496
9522.62,0.16501
9525.12,0.16512
9527.61,0.16533
9530.11,0.16515
9532.61,0.16497
9535.1,0.16411
9537.6,0.16366
9540.09,0.16228
9542.59,0.1618
9545.08,0.16046
9547.58,0.16049
9550.07,0.16025
9552.57,0.161
9555.06,0.16241
9557.56,0.16369
9560.05,0.16463
9562.55,0.16442
9565.04,0.16459
9567.54,0.16451
9570.03,0.16333
9572.53,0.16301
9575.02,0.16243
9577.52,0.16245
9580.01,0.16267
9582.51,0.16316
9585.0,0.1636
9587.5,0.16375
9589.99,0.16412
9592.49,0.16352
9594.98,0.16314
9597.48,0.16255
9599.97,0.16162
9602.47,0.16103
9604.96,0.16166
9607.46,0.16205
9609.96,0.16213
9612.45,0.16282
9614.95,0.16291
9617.44,0.16312
9619.94,0.16325
9622.43,0.1626
9624.93,0.16279
9627.42,0.1619
9629.92,0.16192
9632.41,0.1616
9634.91,0.16138
9637.4,0.16051
9639.9,0.15947
9642.39,0.15963
9644.89,0.15922
9647.38,0.15915
9649.88,0.15916
9652.37,0.15905
9654.87,0.1593
9657.36,0.15924
9659.86,0.15915
9662.35,0.15955
9664.85,0.15942
9667.34,0.15957
9669.84,0.15909
9672.33,0.1588
9674.83,0.15855
9677.32,0.15908
9679.82,0.15873
9682.31,0.15901
9684.81,0.15919
9687.3,0.15922
9689.8,0.15918
9692.29,0.15917
9694.79,0.15904
9697.29,0.15926
9699.78,0.15918
9702.28,0.15903
9704.77,0.15823
9707.27,0.15873
9709.76,0.15851
9712.26,0.15947
9714.75,0.15931
9717.25,0.15966
9719.74,0.15884
9722.24,0.15901
9724.73,0.15861
9727.23,0.15859
9729.72,0.15772
9732.22,0.15724
9734.71,0.15715
9737.21,0.15718
9739.7,0.15639
9742.2,0.15681
9744.69,0.15668
9747.19,0.1568
9749.68,0.15777
9752.18,0.15818
9754.67,0.15849
9757.17,0.15904
9759.66,0.15907
9762.16,0.15891
9764.65,0.15877
9767.15,0.15813
9769.64,0.15797
9772.14,0.15779
9774.64,0.15745
9777.13,0.15733
9779.63,0.15708
9782.12,0.15648
9784.62,0.15547
9787.11,0.15507
9789.61,0.15552
9792.1,0.15606
9794.6,0.15703
9797.09,0.15812
9799.59,0.15887
9802.08,0.15941
9804.58,0.15995
9807.07,0.15985
9809.57,0.15976
9812.06,0.16013
9814.56,0.16006
9817.05,0.16008
9819.55,0.15988
9822.04,0.16003
9824.54,0.1598
9827.03,0.1596
9829.53,0.15956
9832.02,0.15902
9834.52,0.15879
9837.01,0.15931
9839.51,0.15973
9842.0,0.16
9844.5,0.15998
9847.0,0.15988
9849.49,0.15985
9851.99,0.16014
9854.48,0.15949
9856.98,0.15941
9859.47,0.15896
9861.97,0.15915
9864.46,0.1589
9866.96,0.15891
9869.45,0.15894
9871.95,0.15924
9874.44,0.15908
9876.94,0.15932
9879.43,0.15912
9881.93,0.15904
9884.42,0.15881
9886.92,0.15886
9889.41,0.15814
9891.91,0.15792
9894.4,0.15783
9896.9,0.1577
9899.39,0.15784
9901.89,0.15712
9904.38,0.15706
9906.88,0.15732
9909.37,0.1569
9911.87,0.15664
9914.36,0.15644
9916.86,0.15628
9919.35,0.15649
9921.85,0.15623
9924.34,0.15577
9926.84,0.15597
9929.33,0.15552
9931.83,0.15616
9934.33,0.15599
9936.82,0.1567
9939.32,0.15686
9941.81,0.15716
9944.31,0.15659
9946.8,0.15634
9949.3,0.15661
9951.79,0.15667
9954.29,0.1565
9956.78,0.15669
9959.28,0.15728
9961.77,0.1573
9964.27,0.15748
9966.76,0.1578
9969.26,0.15759
9971.75,0.15745
9974.25,0.15717
9976.74,0.15713
9979.24,0.15663
9981.73,0.15695
9984.23,0.15649
9986.72,0.15658
9989.22,0.15658
9991.71,0.15642
9994.21,0.15619
9996.7,0.15569
9999.2,0.15614
10001.7,0.15558
10004.2,0.15496
10006.7,0.15546
10009.2,0.15608
10011.7,0.15637
10014.2,0.15657
10016.7,0.15692
10019.2,0.15697
10021.7,0.15748
10024.2,0.15791
10026.6,0.15741
10029.1,0.15734
10031.6,0.15679
10034.1,0.15639
10036.6,0.15536
10039.1,0.15499
10041.6,0.15497
10044.1,0.15446
10046.6,0.15459
10049.1,0.15396
10051.6,0.15333
10054.1,0.15319
10056.6,0.15275
10059.1,0.15316
10061.6,0.15316
10064.1,0.1536
10066.6,0.15363
10069.1,0.15445
10071.6,0.15473
10074.1,0.15466
10076.5,0.15529
10079.0,0.15505
10081.5,0.15493
10084.0,0.15506
10086.5,0.15503
10089.0,0.15564
10091.5,0.15566
10094.0,0.15614
10096.5,0.15637
10099.0,0.15651
10101.5,0.15623
10104.0,0.15673
10106.5,0.1563
10109.0,0.15615
10111.5,0.15572
10114.0,0.15524
10116.5,0.15476
10119.0,0.15483
10121.5,0.15444
10124.0,0.15494
10126.5,0.15488
10128.9,0.1553
10131.4,0.15485
10133.9,0.15495
10136.4,0.15439
10138.9,0.15432
10141.4,0.15362
10143.9,0.15283
10146.4,0.15278
10148.9,0.15304
10151.4,0.15277
10153.9,0.1534
10156.4,0.15319
10158.9,0.15363
10161.4,0.15377
10163.9,0.1536
10166.4,0.15366
10168.9,0.15364
10171.4,0.15354
10173.9,0.15338
10176.4,0.1535
10178.9,0.15371
10181.3,0.15375
10183.8,0.1534
10186.3,0.15349
10188.8,0.15309
10191.3,0.1528
10193.8,0.15262
10196.3,0.15169
10198.8,0.15217
10201.3,0.15248
10203.8,0.15233
10206.3,0.15267
10208.8,0.15253
10211.3,0.15248
10213.8,0.15229
10216.3,0.15149
10218.8,0.15135
10221.3,0.15129
10223.8,0.1513
10226.3,0.15155
10228.8,0.152
10231.2,0.15221
10233.7,0.15231
10236.2,0.1525
10238.7,0.15224
10241.2,0.15283
10243.7,0.15257
10246.2,0.15226
10248.7,0.15243
10251.2,0.15224
10253.7,0.1517
10256.2,0.15183
10258.7,0.15152
10261.2,0.15126
10263.7,0.15107
10266.2,0.15102
10268.7,0.15094
10271.2,0.15109
10273.7,0.15111
10276.2,0.15086
10278.7,0.15133
10281.2,0.1512
10283.6,0.15137
10286.1,0.15086
10288.6,0.15097
10291.1,0.15083
10293.6,0.15072
10296.1,0.1509
10298.6,0.15084
10301.1,0.15071
10303.6,0.15084
10306.1,0.15064
10308.6,0.15086
10311.1,0.15106
10313.6,0.15098
10316.1,0.15111
10318.6,0.15109
10321.1,0.1504
10323.6,0.14976
10326.1,0.1486
10328.6,0.14831
10331.1,0.14774
10333.5,0.14762
10336.0,0.1476
10338.5,0.14761
10341.0,0.14743
10343.5,0.14699
10346.0,0.14687
10348.5,0.14713
10351.0,0.14777
10353.5,0.14839
10356.0,0.14895
10358.5,0.14951
10361.0,0.14996
10363.5,0.14994
10366.0,0.14994
10368.5,0.14928
10371.0,0.14912
10373.5,0.1487
10376.0,0.14824
10378.5,0.14813
10381.0,0.14847
10383.5,0.14851
10385.9,0.14812
10388.4,0.14847
10390.9,0.14812
10393.4,0.14764
10395.9,0.14734
10398.4,0.14712
10400.9,0.14693
10403.4,0.14743
10405.9,0.14832
10408.4,0.14868
10410.9,0.14885
10413.4,0.14924
10415.9,0.1493
10418.4,0.14874
10420.9,0.14838
10423.4,0.14799
10425.9,0.14803
10428.4,0.14816
10430.9,0.14818
10433.4,0.14837
10435.9,0.14836
10438.3,0.14838
10440.8,0.14862
10443.3,0.14883
10445.8,0.1487
10448.3,0.14912
10450.8,0.14873
10453.3,0.14812
10455.8,0.14808
10458.3,0.14796
10460.8,0.14776
10463.3,0.14755
10465.8,0.14716
10468.3,0.14726
10470.8,0.14728
10473.3,0.14701
10475.8,0.14722
10478.3,0.14752
10480.8,0.14763
10483.3,0.14709
10485.8,0.14747
10488.2,0.14734
10490.7,0.14726
10493.2,0.14628
10495.7,0.14633
10498.2,0.14614
10500.7,0.14588
10503.2,0.14596
10505.7,0.14661
10508.2,0.14653
10510.7,0.14644
10513.2,0.1464
10515.7,0.14703
10518.2,0.14653
10520.7,0.14707
10523.2,0.14701
10525.7,0.14717
10528.2,0.14674
10530.7,0.14649
10533.2,0.1465
10535.7,0.14629
10538.2,0.14641
10540.6,0.14633
10543.1,0.14648
10545.6,0.1468
10548.1,0.14653
10550.6,0.14654
10553.1,0.14667
10555.6,0.14595
10558.1,0.14643
10560.6,0.14665
10563.1,0.14658
10565.6,0.14617
10568.1,0.14623
10570.6,0.14602
10573.1,0.14575
10575.6,0.14521
10578.1,0.14475
10580.6,0.14405
10583.1,0.14283
10585.6,0.14233
10588.1,0.14232
10590.6,0.14268
10593.0,0.1429
10595.5,0.14371
10598.0,0.14427
10600.5,0.14402
10603.0,0.14327
10605.5,0.14335
10608.0,0.14329
10610.5,0.14328
10613.0,0.14352
10615.5,0.14359
10618.0,0.14405
10620.5,0.14455
10623.0,0.14447
10625.5,0.14467
10628.0,0.14462
10630.5,0.14463
10633.0,0.14492
10635.5,0.1453
10638.0,0.14521
10640.5,0.14562
10642.9,0.14496
10645.4,0.14518
10647.9,0.14472
10650.4,0.14431
10652.9,0.14416
10655.4,0.14353
10657.9,0.14244
10660.4,0.14202
10662.9,0.14119
10665.4,0.14135
10667.9,0.14137
10670.4,0.14175
10672.9,0.14189
10675.4,0.14226
10677.9,0.14265
10680.4,0.14266
10682.9,0.14262
10685.4,0.14189
10687.9,0.1416
10690.4,0.14131
10692.9,0.14108
10695.3,0.14131
10697.8,0.14149
10700.3,0.14217
10702.8,0.14252
10705.3,0.14312
10707.8,0.14318
10710.3,0.14362
10712.8,0.1436
10715.3,0.14312
10717.8,0.14316
10720.3,0.1425
10722.8,0.14186
10725.3,0.1412
10727.8,0.14048
10730.3,0.13978
10732.8,0.13985
10735.3,0.14012
10737.8,0.14065
10740.3,0.14121
10742.8,0.14116
10745.3,0.14101
10747.7,0.14121
10750.2,0.14055
10752.7,0.14031
10755.2,0.14043
10757.7,0.14081
10760.2,0.14145
10762.7,0.1419
10765.2,0.14185
10767.7,0.14216
10770.2,0.14219
10772.7,0.14145
10775.2,0.14108
10777.7,0.14029
10780.2,0.13995
10782.7,0.13932
10785.2,0.13888
10787.7,0.13843
10790.2,0.13889
10792.7,0.13947
10795.2,0.13982
10797.6,0.14074
10800.1,0.14038
10802.6,0.14061
10805.1,0.14051
10807.6,0.13972
10810.1,0.1396
10812.6,0.13877
10815.1,0.13838
10817.6,0.13802
10820.1,0.13766
10822.6,0.13728
10825.1,0.1372
10827.6,0.13698
10830.1,0.13681
10832.6,0.13731
10835.1,0.13766
10837.6,0.1382
10840.1,0.13891
10842.6,0.13927
10845.1,0.13939
10847.6,0.13934
10850.0,0.13952
10852.5,0.13981
10855.0,0.14009
10857.5,0.13997
10860.0,0.13968
10862.5,0.139
10865.0,0.13805
10867.5,0.13693
10870.0,0.13642
10872.5,0.13545
10875.0,0.13494
10877.5,0.13537
10880.0,0.13536
10882.5,0.13592
10885.0,0.13595
10887.5,0.13634
10890.0,0.13645
10892.5,0.13705
10895.0,0.13762
10897.5,0.13788
10900.0,0.13833
10902.4,0.13828
10904.9,0.13853
10907.4,0.13831
10909.9,0.13803
10912.4,0.13852
10914.9,0.13756
10917.4,0.1378
10919.9,0.13715
10922.4,0.13684
10924.9,0.13619
10927.4,0.13557
10929.9,0.13518
10932.4,0.13442
10934.9,0.13434
10937.4,0.13395
10939.9,0.13416
10942.4,0.13445
10944.9,0.13467
10947.4,0.13446
10949.9,0.13502
10952.3,0.13472
10954.8,0.13396
10957.3,0.13355
10959.8,0.13263
10962.3,0.13168
10964.8,0.1307
10967.3,0.12951
10969.8,0.1294
10972.3,0.12906
10974.8,0.12921
10977.3,0.12978
10979.8,0.12986
10982.3,0.13015
10984.8,0.12982
10987.3,0.13039
10989.8,0.13047
10992.3,0.13033
10994.8,0.13067
10997.3,0.13033
10999.8,0.13036
