wave,flux
3700.85,0.14774
3701.75,0.14595
3702.65,0.14118
3703.55,0.13466
3704.45,0.12742
3705.35,0.12111
3706.25,0.116
3707.15,0.11395
3708.05,0.11438
3708.96,0.11643
3709.86,0.11997
3710.76,0.12394
3711.66,0.12899
3712.56,0.13636
3713.46,0.14166
3714.36,0.14755
3715.26,0.15029
3716.16,0.15022
3717.06,0.14729
3717.96,0.14164
3718.86,0.1322
3719.76,0.12239
3720.66,0.1132
3721.56,0.10773
3722.46,0.10636
3723.36,0.10986
3724.26,0.11654
3725.16,0.12409
3726.06,0.13013
3726.96,0.13372
3727.86,0.13534
3728.76,0.13601
3729.66,0.13537
3730.56,0.13257
3731.46,0.12719
3732.36,0.12064
3733.26,0.11245
3734.16,0.10337
3735.06,0.096987
3735.96,0.093079
3736.86,0.094666
3737.76,0.0994
3738.66,0.1074
3739.56,0.11741
3740.46,0.12488
3741.36,0.1303
3742.26,0.13288
3743.16,0.13072
3744.06,0.12629
3744.96,0.1201
3745.86,0.11348
3746.76,0.10747
3747.67,0.10171
3748.57,0.097794
3749.47,0.096494
3750.37,0.098055
3751.27,0.1033
3752.17,0.11208
3753.07,0.12304
3753.97,0.13339
3754.87,0.13973
3755.77,0.14382
3756.67,0.14327
3757.57,0.13955
3758.47,0.13394
3759.37,0.12975
3760.27,0.12762
3761.17,0.12842
3762.07,0.13012
3762.97,0.13278
3763.87,0.13452
3764.77,0.13559
3765.67,0.13553
3766.57,0.13493
3767.47,0.13316
3768.37,0.13259
3769.27,0.13112
3770.17,0.13165
3771.07,0.13258
3771.97,0.13589
3772.87,0.13972
3773.77,0.14476
3774.67,0.14822
3775.57,0.15228
3776.47,0.15526
3777.37,0.15725
3778.27,0.15982
3779.17,0.16274
3780.07,0.1666
3780.97,0.16915
3781.87,0.17132
3782.77,0.17226
3783.67,0.17223
3784.57,0.17009
3785.47,0.16605
3786.38,0.16012
3787.28,0.15459
3788.18,0.14932
3789.08,0.14555
3789.98,0.14313
3790.88,0.14242
3791.78,0.14127
3792.68,0.14048
3793.58,0.13769
3794.48,0.13442
3795.38,0.12981
3796.28,0.12448
3797.18,0.12032
3798.08,0.11808
3798.98,0.11785
3799.88,0.12135
3800.78,0.12729
3801.68,0.13613
3802.58,0.14529
3803.48,0.15381
3804.38,0.15878
3805.28,0.16268
3806.18,0.16271
3807.08,0.16278
3807.98,0.1629
3808.88,0.16323
3809.78,0.16491
3810.68,0.16511
3811.58,0.16493
3812.48,0.16143
3813.38,0.15606
3814.28,0.15044
3815.18,0.14424
3816.08,0.14085
3816.98,0.13886
3817.88,0.13802
3818.78,0.13711
3819.68,0.13571
3820.58,0.13386
3821.48,0.13127
3822.38,0.13033
3823.28,0.12846
3824.18,0.12648
3825.09,0.12234
3825.99,0.11897
3826.89,0.11532
3827.79,0.11303
3828.69,0.11202
3829.59,0.11115
3830.49,0.10977
3831.39,0.10752
3832.29,0.10369
3833.19,0.10002
3834.09,0.096542
3834.99,0.094614
3835.89,0.093256
3836.79,0.093534
3837.69,0.09498
3838.59,0.097167
3839.49,0.10009
3840.39,0.10497
3841.29,0.11156
3842.19,0.11924
3843.09,0.12858
3843.99,0.13672
3844.89,0.14299
3845.79,0.14838
3846.69,0.15163
3847.59,0.15306
3848.49,0.15412
3849.39,0.15378
3850.29,0.15319
3851.19,0.15395
3852.09,0.15368
3852.99,0.15405
3853.89,0.1545
3854.79,0.15231
3855.69,0.14982
3856.59,0.14574
3857.49,0.14219
3858.39,0.13837
3859.29,0.13461
3860.19,0.13392
3861.09,0.13617
3861.99,0.14028
3862.9,0.14616
3863.8,0.15129
3864.7,0.15571
3865.6,0.15699
3866.5,0.15756
3867.4,0.15721
3868.3,0.15505
3869.2,0.15386
3870.1,0.15031
3871.0,0.14668
3871.9,0.14331
3872.8,0.1404
3873.7,0.13983
3874.6,0.14116
3875.5,0.14335
3876.4,0.14386
3877.3,0.14394
3878.2,0.143
3879.1,0.14139
3880.0,0.14054
3880.9,0.13989
3881.8,0.14059
3882.7,0.13989
3883.6,0.13878
3884.5,0.1364
3885.4,0.13275
3886.3,0.12852
3887.2,0.12403
3888.1,0.1201
3889.0,0.11862
3889.9,0.12017
3890.8,0.12416
3891.7,0.12987
3892.6,0.1361
3893.5,0.14124
3894.4,0.14531
3895.3,0.14842
3896.2,0.15055
3897.1,0.15277
3898.0,0.15373
3898.9,0.15453
3899.8,0.1559
3900.7,0.15667
3901.6,0.15594
3902.51,0.15558
3903.41,0.15525
3904.31,0.15394
3905.21,0.15239
3906.11,0.15213
3907.01,0.15298
3907.91,0.15654
3908.81,0.16055
3909.71,0.1652
3910.61,0.17013
3911.51,0.1731
3912.41,0.17511
3913.31,0.17549
3914.21,0.17465
3915.11,0.17347
3916.01,0.17088
3916.91,0.16774
3917.81,0.16524
3918.71,0.16079
3919.61,0.15772
3920.51,0.15313
3921.41,0.14993
3922.31,0.14771
3923.21,0.14562
3924.11,0.14368
3925.01,0.14146
3925.91,0.13669
3926.81,0.12978
3927.71,0.12026
3928.61,0.10992
3929.51,0.097864
3930.41,0.085634
3931.31,0.073888
3932.21,0.063914
3933.11,0.055876
3934.01,0.051452
3934.91,0.05082
3935.81,0.054146
3936.71,0.061217
3937.61,0.07138
3938.51,0.083047
3939.42,0.09522
3940.32,0.10609
3941.22,0.11506
3942.12,0.12264
3943.02,0.12812
3943.92,0.13305
3944.82,0.13809
3945.72,0.14361
3946.62,0.14767
3947.52,0.15309
3948.42,0.15678
3949.32,0.16038
3950.22,0.16293
3951.12,0.16521
3952.02,0.16706
3952.92,0.16811
3953.82,0.16872
3954.72,0.16909
3955.62,0.16976
3956.52,0.16861
3957.42,0.16703
3958.32,0.16376
3959.22,0.16032
3960.12,0.15631
3961.02,0.14944
3961.92,0.14034
3962.82,0.13122
3963.72,0.12069
3964.62,0.10921
3965.52,0.097468
3966.42,0.086564
3967.32,0.075491
3968.22,0.066989
3969.12,0.061444
3970.02,0.060372
3970.92,0.0638
3971.82,0.071637
3972.72,0.082551
3973.62,0.09465
3974.52,0.10808
3975.42,0.12082
3976.32,0.13296
3977.22,0.14322
3978.13,0.1532
3979.03,0.16164
3979.93,0.16838
3980.83,0.17342
3981.73,0.17673
3982.63,0.17861
3983.53,0.18007
3984.43,0.18214
3985.33,0.18254
3986.23,0.18504
3987.13,0.18685
3988.03,0.18929
3988.93,0.19128
3989.83,0.19409
3990.73,0.19563
3991.63,0.19672
3992.53,0.19886
3993.43,0.19915
3994.33,0.19872
3995.23,0.19732
3996.13,0.19479
3997.03,0.19375
3997.93,0.19259
3998.83,0.19328
3999.73,0.19523
4000.63,0.19805
4001.53,0.20014
4002.43,0.20303
4003.33,0.20202
4004.23,0.1999
4005.13,0.19783
4006.03,0.19497
4006.93,0.19296
4007.83,0.19521
4008.73,0.19667
4009.63,0.20006
4010.53,0.2028
4011.43,0.20535
4012.33,0.2079
4013.23,0.20845
4014.13,0.20888
4015.03,0.20911
4015.93,0.20915
4016.84,0.21003
4017.74,0.21025
4018.64,0.21067
4019.54,0.21027
4020.44,0.21059
4021.34,0.21107
4022.24,0.21155
4023.14,0.21145
4024.04,0.21081
4024.94,0.21106
4025.84,0.21235
4026.74,0.21322
4027.64,0.21423
4028.54,0.21302
4029.44,0.21143
4030.34,0.20705
4031.24,0.20226
4032.14,0.19764
4033.04,0.19504
4033.94,0.19334
4034.84,0.19601
4035.74,0.20106
4036.64,0.20596
4037.54,0.21156
4038.44,0.21602
4039.34,0.21897
4040.24,0.21886
4041.14,0.21859
4042.04,0.21413
4042.94,0.20999
4043.84,0.20512
4044.74,0.19877
4045.64,0.19394
4046.54,0.1914
4047.44,0.19232
4048.34,0.19639
4049.24,0.20238
4050.14,0.20797
4051.04,0.21162
4051.94,0.21394
4052.84,0.21458
4053.74,0.21239
4054.65,0.20993
4055.55,0.2086
4056.45,0.20599
4057.35,0.20508
4058.25,0.20406
4059.15,0.20485
4060.05,0.20556
4060.95,0.20489
4061.85,0.2031
4062.75,0.20089
4063.65,0.1979
4064.55,0.19549
4065.45,0.1938
4066.35,0.19618
4067.25,0.19899
4068.15,0.20145
4069.05,0.20504
4069.95,0.20611
4070.85,0.20675
4071.75,0.20619
4072.65,0.2054
4073.55,0.20374
4074.45,0.20133
4075.35,0.2
4076.25,0.19789
4077.15,0.19472
4078.05,0.19331
4078.95,0.19348
4079.85,0.19665
4080.75,0.20041
4081.65,0.20435
4082.55,0.20905
4083.45,0.21101
4084.35,0.21144
4085.25,0.21423
4086.15,0.21396
4087.05,0.21787
4087.95,0.22168
4088.85,0.22489
4089.75,0.22778
4090.65,0.22797
4091.55,0.22788
4092.45,0.22611
4093.36,0.22332
4094.26,0.22023
4095.16,0.21649
4096.06,0.21117
4096.96,0.20649
4097.86,0.20127
4098.76,0.19484
4099.66,0.18685
4100.56,0.17981
4101.46,0.17412
4102.36,0.17129
4103.26,0.17059
4104.16,0.17445
4105.06,0.18121
4105.96,0.18815
4106.86,0.19547
4107.76,0.20185
4108.66,0.20535
4109.56,0.20661
4110.46,0.20855
4111.36,0.21045
4112.26,0.21258
4113.16,0.21392
4114.06,0.2168
4114.96,0.21875
4115.86,0.22034
4116.76,0.22043
4117.66,0.22052
4118.56,0.21884
4119.46,0.2176
4120.36,0.21567
4121.26,0.21501
4122.16,0.21458
4123.06,0.21533
4123.96,0.21622
4124.86,0.21731
4125.76,0.21788
4126.66,0.21685
4127.56,0.21716
4128.46,0.21577
4129.36,0.21364
4130.26,0.21208
4131.17,0.20816
4132.06,0.2073
4132.97,0.20542
4133.87,0.2039
4134.77,0.20579
4135.67,0.20824
4136.57,0.21241
4137.47,0.21692
4138.37,0.22045
4139.27,0.22287
4140.17,0.2226
4141.07,0.22048
4141.97,0.217
4142.87,0.21222
4143.77,0.20689
4144.67,0.20567
4145.57,0.20639
4146.47,0.208
4147.37,0.21095
4148.27,0.21329
4149.17,0.21548
4150.07,0.21583
4150.97,0.21535
4151.87,0.2144
4152.77,0.21417
4153.67,0.21146
4154.57,0.21164
4155.47,0.21136
4156.37,0.21151
4157.27,0.2122
4158.17,0.21354
4159.07,0.21625
4159.97,0.21922
4160.87,0.22094
4161.77,0.224
4162.67,0.22553
4163.57,0.22688
4164.47,0.22638
4165.37,0.22499
4166.27,0.22386
4167.17,0.22241
4168.07,0.22011
4168.98,0.21807
4169.88,0.21509
4170.78,0.21322
4171.68,0.2098
4172.58,0.20621
4173.48,0.20264
4174.38,0.20125
4175.28,0.20039
4176.18,0.20196
4177.08,0.20422
4177.98,0.20658
4178.88,0.20772
4179.78,0.21047
4180.68,0.21213
4181.58,0.21344
4182.48,0.21338
4183.38,0.21355
4184.28,0.21383
4185.18,0.21359
4186.08,0.21322
4186.98,0.21213
4187.88,0.21142
4188.78,0.21163
4189.68,0.2117
4190.58,0.21332
4191.48,0.21496
4192.38,0.21714
4193.28,0.21851
4194.18,0.21882
4195.08,0.21773
4195.98,0.21583
4196.88,0.21079
4197.78,0.20786
4198.68,0.20508
4199.58,0.20208
4200.48,0.20053
4201.38,0.19995
4202.28,0.20076
4203.18,0.20315
4204.08,0.20458
4204.98,0.20741
4205.88,0.21039
4206.79,0.21464
4207.69,0.2179
4208.59,0.21928
4209.49,0.22131
4210.39,0.22236
4211.29,0.2225
4212.19,0.22256
4213.09,0.22084
4213.99,0.21888
4214.89,0.21666
4215.79,0.21456
4216.69,0.21344
4217.59,0.215
4218.49,0.21593
4219.39,0.21818
4220.29,0.21968
4221.19,0.22045
4222.09,0.21869
4222.99,0.21457
4223.89,0.20758
4224.79,0.19938
4225.69,0.19096
4226.59,0.18494
4227.49,0.18175
4228.39,0.18353
4229.29,0.18875
4230.19,0.19688
4231.09,0.20409
4231.99,0.20895
4232.89,0.21261
4233.79,0.21255
4234.69,0.21223
4235.59,0.21066
4236.49,0.20943
4237.39,0.20814
4238.29,0.20753
4239.19,0.21014
4240.09,0.21077
4240.99,0.21374
4241.89,0.21557
4242.79,0.21784
4243.69,0.21985
4244.59,0.22122
4245.5,0.22088
4246.4,0.21883
4247.3,0.21693
4248.2,0.21411
4249.1,0.20998
4250.0,0.20822
4250.9,0.20793
4251.8,0.20703
4252.7,0.20843
4253.6,0.20902
4254.5,0.21044
4255.4,0.21085
4256.3,0.21197
4257.2,0.21178
4258.1,0.21188
4259.0,0.211
4259.9,0.20958
4260.8,0.20749
4261.7,0.2086
4262.6,0.21086
4263.5,0.21509
4264.4,0.21929
4265.3,0.22315
4266.2,0.2245
4267.1,0.22314
4268.0,0.22124
4268.9,0.21765
4269.8,0.2115
4270.7,0.2048
4271.6,0.19969
4272.5,0.19514
4273.4,0.19276
4274.3,0.19179
4275.2,0.19494
4276.1,0.19941
4277.0,0.20457
4277.9,0.20879
4278.8,0.21277
4279.7,0.21469
4280.6,0.21516
4281.5,0.2131
4282.4,0.21262
4283.31,0.21061
4284.21,0.2097
4285.11,0.20803
4286.01,0.20535
4286.91,0.20264
4287.81,0.19933
4288.71,0.19603
4289.61,0.19237
4290.51,0.19204
4291.41,0.19137
4292.31,0.19403
4293.21,0.19516
4294.11,0.1967
4295.01,0.1983
4295.91,0.19608
4296.81,0.19314
4297.71,0.18778
4298.61,0.18162
4299.51,0.17472
4300.41,0.16921
4301.31,0.16481
4302.21,0.16294
4303.11,0.16126
4304.01,0.16166
4304.91,0.16109
4305.81,0.1613
4306.71,0.16104
4307.61,0.1593
4308.51,0.15789
4309.41,0.15827
4310.31,0.15995
4311.21,0.16356
4312.11,0.16947
4313.01,0.17703
4313.91,0.18632
4314.81,0.19625
4315.71,0.20851
4316.61,0.21835
4317.51,0.22774
4318.41,0.23449
4319.31,0.23862
4320.21,0.23929
4321.12,0.23467
4322.02,0.23083
4322.92,0.22312
4323.82,0.21476
4324.72,0.20786
4325.62,0.20368
4326.52,0.20193
4327.42,0.2043
4328.32,0.20999
4329.22,0.21637
4330.12,0.22299
4331.02,0.229
4331.92,0.23169
4332.82,0.23431
4333.72,0.23442
4334.62,0.23261
4335.52,0.22933
4336.42,0.22381
4337.32,0.21433
4338.22,0.20525
4339.12,0.19696
4340.02,0.18762
4340.92,0.18367
4341.82,0.18358
4342.72,0.18684
4343.62,0.19265
4344.52,0.20106
4345.42,0.2101
4346.32,0.21687
4347.22,0.22214
4348.12,0.22573
4349.02,0.22854
4349.92,0.22737
4350.82,0.22463
4351.72,0.22277
4352.62,0.22008
4353.52,0.21956
4354.42,0.21979
4355.32,0.22129
4356.22,0.22384
4357.12,0.22658
4358.02,0.22995
4358.92,0.231
4359.83,0.23303
4360.73,0.2346
4361.63,0.23731
4362.53,0.23877
4363.43,0.24132
4364.33,0.24259
4365.23,0.24322
4366.13,0.24357
4367.03,0.24154
4367.93,0.23957
4368.83,0.23718
4369.73,0.23526
4370.63,0.23346
4371.53,0.2317
4372.43,0.22884
4373.33,0.22651
4374.23,0.22362
4375.13,0.22288
4376.03,0.22248
4376.93,0.22474
4377.83,0.22569
4378.73,0.22871
4379.63,0.22734
4380.53,0.22644
4381.43,0.22244
4382.33,0.21732
4383.23,0.21096
4384.13,0.20521
4385.03,0.2023
4385.93,0.2021
4386.83,0.20368
4387.73,0.20879
4388.63,0.21318
4389.53,0.21732
4390.43,0.22076
4391.33,0.22307
4392.23,0.225
4393.13,0.22682
4394.03,0.22788
4394.93,0.22915
4395.83,0.23067
4396.73,0.23044
4397.64,0.2336
4398.54,0.23384
4399.44,0.23364
4400.34,0.23272
4401.24,0.23126
4402.14,0.22895
4403.04,0.22594
4403.94,0.22323
4404.84,0.22275
4405.74,0.22045
4406.64,0.22124
4407.54,0.2209
4408.44,0.22412
4409.34,0.2277
4410.24,0.23195
4411.14,0.23685
4412.04,0.23966
4412.94,0.24129
4413.84,0.24082
4414.74,0.23928
4415.64,0.23836
4416.54,0.2378
4417.44,0.23647
4418.34,0.2376
4419.24,0.24135
4420.14,0.2429
4421.04,0.2441
4421.94,0.24482
4422.84,0.24551
4423.74,0.24465
4424.64,0.24354
4425.54,0.24324
4426.44,0.2421
4427.34,0.24141
4428.24,0.24221
4429.14,0.24248
4430.04,0.24112
4430.94,0.24239
4431.84,0.23925
4432.74,0.24016
4433.64,0.23791
4434.54,0.23637
4435.45,0.23653
4436.35,0.23757
4437.25,0.23945
4438.15,0.24202
4439.05,0.2441
4439.95,0.24595
4440.85,0.24753
4441.75,0.24575
4442.65,0.2439
4443.55,0.24245
4444.45,0.24205
4445.35,0.24285
4446.25,0.2447
4447.15,0.24687
4448.05,0.24846
4448.95,0.24981
4449.85,0.24934
4450.75,0.24903
4451.65,0.24777
4452.55,0.24442
4453.45,0.24144
4454.35,0.23813
4455.25,0.23461
4456.15,0.23258
4457.05,0.23
4457.95,0.22897
4458.85,0.22832
4459.75,0.22803
4460.65,0.22878
4461.55,0.23027
4462.45,0.23187
4463.35,0.2336
4464.25,0.23577
4465.15,0.23883
4466.05,0.24206
4466.95,0.24235
4467.85,0.24383
4468.75,0.24363
4469.65,0.24384
4470.55,0.24499
4471.45,0.24675
4472.35,0.24954
4473.25,0.25201
4474.16,0.25618
4475.06,0.25922
4475.96,0.26124
4476.86,0.26305
4477.76,0.26283
4478.66,0.26063
4479.56,0.25898
4480.46,0.25569
4481.36,0.25292
4482.26,0.25107
4483.16,0.25159
4484.06,0.2525
4484.96,0.25347
4485.86,0.25675
4486.76,0.25758
4487.66,0.25755
4488.56,0.25737
4489.46,0.25612
4490.36,0.25506
4491.26,0.25318
4492.16,0.25227
4493.06,0.25222
4493.96,0.2538
4494.86,0.25331
4495.76,0.2523
4496.66,0.25399
4497.56,0.2543
4498.46,0.25562
4499.36,0.25782
4500.26,0.26041
4501.16,0.26312
4502.06,0.26646
4502.96,0.26649
4503.86,0.26926
4504.76,0.27087
4505.66,0.27346
4506.56,0.27419
4507.46,0.27399
4508.36,0.27478
4509.26,0.27322
4510.17,0.27403
4511.06,0.27315
4511.97,0.27015
4512.87,0.26892
4513.77,0.26797
4514.67,0.26707
4515.57,0.2644
4516.47,0.26385
4517.37,0.26265
4518.27,0.2622
4519.17,0.26207
4520.07,0.26243
4520.97,0.26276
4521.87,0.26221
4522.77,0.25934
4523.67,0.25788
4524.57,0.25516
4525.47,0.25271
4526.37,0.24823
4527.27,0.24449
4528.17,0.24229
4529.07,0.23895
4529.97,0.23892
4530.87,0.23822
4531.77,0.23865
4532.67,0.23771
4533.57,0.2386
4534.47,0.24023
4535.37,0.24026
4536.27,0.24258
4537.17,0.24676
4538.07,0.25039
4538.97,0.25493
4539.87,0.25737
4540.77,0.25964
4541.67,0.25939
4542.57,0.26139
4543.47,0.25967
4544.37,0.25901
4545.27,0.25723
4546.17,0.25683
4547.07,0.25483
4547.97,0.25369
4548.88,0.25185
4549.77,0.25155
4550.68,0.25038
4551.58,0.25018
4552.48,0.24896
4553.38,0.24916
4554.28,0.25023
4555.18,0.24935
4556.08,0.25273
4556.98,0.25478
4557.88,0.25787
4558.78,0.26056
4559.68,0.26495
4560.58,0.26569
4561.48,0.26713
4562.38,0.2659
4563.28,0.26616
4564.18,0.2644
4565.08,0.26418
4565.98,0.26413
4566.88,0.26392
4567.78,0.26506
4568.68,0.26556
4569.58,0.26563
4570.48,0.26642
4571.38,0.2655
4572.28,0.2658
4573.18,0.26607
4574.08,0.26561
4574.98,0.26718
4575.88,0.26793
4576.78,0.26809
4577.68,0.26636
4578.58,0.26415
4579.48,0.26271
4580.38,0.2612
4581.28,0.25884
4582.18,0.25705
4583.08,0.25605
4583.98,0.2564
4584.88,0.2563
4585.78,0.25802
4586.69,0.25985
4587.58,0.26122
4588.49,0.26278
4589.39,0.26427
4590.29,0.26546
4591.19,0.26458
4592.09,0.26461
4592.99,0.2635
4593.89,0.26229
4594.79,0.26227
4595.69,0.2607
4596.59,0.26143
4597.49,0.26166
4598.39,0.26165
4599.29,0.26184
4600.19,0.26192
4601.09,0.26173
4601.99,0.2614
4602.89,0.26152
4603.79,0.26226
4604.69,0.26319
4605.59,0.26331
4606.49,0.26634
4607.39,0.26836
4608.29,0.27064
4609.19,0.27244
4610.09,0.27373
4610.99,0.27386
4611.89,0.27339
4612.79,0.27477
4613.69,0.27451
4614.59,0.27348
4615.49,0.27244
4616.39,0.27283
4617.29,0.2719
4618.19,0.27208
4619.09,0.27315
4619.99,0.27154
4620.89,0.27347
4621.79,0.27363
4622.69,0.27436
4623.59,0.2747
4624.5,0.27453
4625.4,0.27452
4626.3,0.27563
4627.2,0.27335
4628.1,0.27469
4629.0,0.2731
4629.9,0.27408
4630.8,0.27239
4631.7,0.27341
4632.6,0.2723
4633.5,0.27251
4634.4,0.27158
4635.3,0.2706
4636.2,0.26845
4637.1,0.26754
4638.0,0.26721
4638.9,0.26655
4639.8,0.26784
4640.7,0.26642
4641.6,0.26691
4642.5,0.26804
4643.4,0.26834
4644.3,0.26802
4645.2,0.26659
4646.1,0.26549
4647.0,0.2626
4647.9,0.26159
4648.8,0.26096
4649.7,0.26124
4650.6,0.26364
4651.5,0.26391
4652.4,0.2639
4653.3,0.26586
4654.2,0.26467
4655.1,0.26523
4656.0,0.2653
4656.9,0.26635
4657.8,0.26833
4658.7,0.27055
4659.6,0.27318
4660.5,0.27458
4661.4,0.27685
4662.3,0.27617
4663.21,0.27318
4664.11,0.27048
4665.01,0.26734
4665.91,0.26366
4666.81,0.25963
4667.71,0.25702
4668.61,0.25567
4669.51,0.25364
4670.41,0.25659
4671.31,0.25898
4672.21,0.26136
4673.11,0.26363
4674.01,0.26571
4674.91,0.26811
4675.81,0.26926
4676.71,0.27064
4677.61,0.27033
4678.51,0.26895
4679.41,0.268
4680.31,0.26677
4681.21,0.26574
4682.11,0.26554
4683.01,0.26599
4683.91,0.26509
4684.81,0.26706
4685.71,0.26761
4686.61,0.26892
4687.51,0.26925
4688.41,0.26982
4689.31,0.2698
4690.21,0.27012
4691.11,0.27014
4692.01,0.27039
4692.91,0.27138
4693.81,0.27259
4694.71,0.27408
4695.61,0.27424
4696.51,0.2743
4697.41,0.27424
4698.31,0.2727
4699.21,0.27057
4700.12,0.26762
4701.02,0.26635
4701.92,0.26438
4702.82,0.26256
4703.72,0.26238
4704.62,0.2608
4705.52,0.26136
4706.42,0.26115
4707.32,0.26161
4708.22,0.26024
4709.12,0.26122
4710.02,0.26167
4710.92,0.26358
4711.82,0.26546
4712.72,0.2663
4713.62,0.26737
4714.52,0.26901
4715.42,0.26985
4716.32,0.27186
4717.22,0.27258
4718.12,0.27447
4719.02,0.27667
4719.92,0.27837
4720.82,0.27883
4721.72,0.27926
4722.62,0.27968
4723.52,0.27956
4724.42,0.27909
4725.32,0.2781
4726.22,0.27578
4727.12,0.27471
4728.02,0.27271
4728.92,0.26863
4729.82,0.26668
4730.72,0.26693
4731.62,0.26589
4732.52,0.26605
4733.42,0.26619
4734.32,0.26896
4735.22,0.26976
4736.12,0.2696
4737.02,0.27048
4737.92,0.27086
4738.83,0.27264
4739.73,0.27121
4740.63,0.27237
4741.53,0.27266
4742.43,0.27268
4743.33,0.27488
4744.23,0.2753
4745.13,0.27712
4746.03,0.27727
4746.93,0.27784
4747.83,0.27925
4748.73,0.28005
4749.63,0.27812
4750.53,0.27985
4751.43,0.2785
4752.33,0.27739
4753.23,0.27553
4754.13,0.27564
4755.03,0.27417
4755.93,0.27267
4756.83,0.27177
4757.73,0.27137
4758.63,0.27149
4759.53,0.27103
4760.43,0.26865
4761.33,0.26864
4762.23,0.26721
4763.13,0.26629
4764.03,0.26423
4764.93,0.26334
4765.83,0.26197
4766.73,0.26217
4767.63,0.26415
4768.53,0.26476
4769.43,0.26545
4770.33,0.2679
4771.23,0.26974
4772.13,0.27154
4773.03,0.27272
4773.93,0.27348
4774.83,0.27448
4775.73,0.27599
4776.64,0.27701
4777.54,0.27656
4778.44,0.27748
4779.34,0.27612
4780.24,0.27566
4781.14,0.27455
4782.04,0.27334
4782.94,0.27127
4783.84,0.27043
4784.74,0.27024
4785.64,0.26832
4786.54,0.26808
4787.44,0.26811
4788.34,0.26672
4789.24,0.2673
4790.14,0.26727
4791.04,0.2692
4791.94,0.27057
4792.84,0.27264
4793.74,0.2764
4794.64,0.27687
4795.54,0.278
4796.44,0.27866
4797.34,0.27873
4798.24,0.27834
4799.14,0.27728
4800.04,0.27679
4800.94,0.27555
4801.84,0.27614
4802.74,0.27504
4803.64,0.27663
4804.54,0.27658
4805.44,0.27549
4806.34,0.27496
4807.24,0.27435
4808.14,0.27465
4809.04,0.27364
4809.94,0.27453
4810.84,0.27497
4811.74,0.27552
4812.64,0.27652
4813.54,0.27768
4814.45,0.2794
4815.35,0.28021
4816.25,0.2815
4817.15,0.28134
4818.05,0.28297
4818.95,0.28127
4819.85,0.28292
4820.75,0.28079
4821.65,0.27885
4822.55,0.28013
4823.45,0.27528
4824.35,0.27544
4825.25,0.27574
4826.15,0.27484
4827.05,0.27511
4827.95,0.27484
4828.85,0.27486
4829.75,0.27538
4830.65,0.27405
4831.55,0.2733
4832.45,0.27267
4833.35,0.2733
4834.25,0.27371
4835.15,0.27465
4836.05,0.27351
4836.95,0.27382
4837.85,0.27387
4838.75,0.27359
4839.65,0.2716
4840.55,0.27088
4841.45,0.27097
4842.35,0.27073
4843.25,0.27051
4844.15,0.27108
4845.05,0.27205
4845.95,0.27279
4846.85,0.27258
4847.75,0.27357
4848.65,0.27289
4849.55,0.27215
4850.45,0.27192
4851.35,0.27127
4852.26,0.27059
4853.16,0.26883
4854.06,0.2664
4854.96,0.26287
4855.86,0.25908
4856.76,0.25504
4857.66,0.24915
4858.56,0.24295
4859.46,0.23699
4860.36,0.23016
4861.26,0.225
4862.16,0.22052
4863.06,0.22153
4863.96,0.22387
4864.86,0.22772
4865.76,0.235
4866.66,0.24105
4867.56,0.24653
4868.46,0.24939
4869.36,0.25258
4870.26,0.25462
4871.16,0.25451
4872.06,0.2554
4872.96,0.25532
4873.86,0.25638
4874.76,0.25755
4875.66,0.25986
4876.56,0.26187
4877.46,0.26361
4878.36,0.26667
4879.26,0.2694
4880.16,0.2698
4881.06,0.26929
4881.96,0.27055
4882.86,0.26998
4883.76,0.26886
4884.66,0.2675
4885.56,0.26632
4886.46,0.26467
4887.36,0.26358
4888.26,0.26142
4889.17,0.26255
4890.07,0.26118
4890.97,0.26151
4891.87,0.26335
4892.77,0.266
4893.67,0.26774
4894.57,0.27491
4895.47,0.2766
4896.37,0.28271
4897.27,0.28482
4898.17,0.2853
4899.07,0.28597
4899.97,0.28499
4900.87,0.283
4901.77,0.28173
4902.67,0.27923
4903.57,0.27864
4904.47,0.27865
4905.37,0.2787
4906.27,0.27857
4907.17,0.27854
4908.07,0.27746
4908.97,0.27573
4909.87,0.27513
4910.77,0.27366
4911.67,0.27327
4912.57,0.27316
4913.47,0.27477
4914.37,0.27494
4915.27,0.27515
4916.17,0.27457
4917.07,0.27376
4917.97,0.27013
4918.87,0.26593
4919.77,0.26286
4920.67,0.25886
4921.57,0.25782
4922.47,0.25681
4923.37,0.25871
4924.27,0.26148
4925.17,0.2642
4926.07,0.26929
4926.98,0.27296
4927.88,0.27382
4928.78,0.27708
4929.68,0.27859
4930.58,0.27963
4931.48,0.27925
4932.38,0.27843
4933.28,0.27633
4934.18,0.27332
4935.08,0.27125
4935.98,0.26963
4936.88,0.26722
4937.78,0.26745
4938.68,0.26689
4939.58,0.26659
4940.48,0.26751
4941.38,0.27013
4942.28,0.27333
4943.18,0.27556
4944.08,0.27874
4944.98,0.28022
4945.88,0.28206
4946.78,0.28438
4947.68,0.28429
4948.58,0.28446
4949.48,0.28508
4950.38,0.28626
4951.28,0.28596
4952.18,0.28473
4953.08,0.28244
4953.98,0.28045
4954.88,0.27764
4955.78,0.27445
4956.68,0.27213
4957.58,0.26803
4958.48,0.26581
4959.38,0.26642
4960.28,0.26844
4961.18,0.26914
4962.08,0.2716
4962.98,0.27333
4963.88,0.27368
4964.79,0.27459
4965.69,0.27398
4966.59,0.27288
4967.49,0.27186
4968.39,0.27099
4969.29,0.27085
4970.19,0.2694
4971.09,0.271
4971.99,0.27296
4972.89,0.27479
4973.79,0.27619
4974.69,0.27697
4975.59,0.27792
4976.49,0.27624
4977.39,0.27515
4978.29,0.27349
4979.19,0.27046
4980.09,0.26752
4980.99,0.2639
4981.89,0.26009
4982.79,0.25793
4983.69,0.25518
4984.59,0.25511
4985.49,0.25626
4986.39,0.25707
4987.29,0.26065
4988.19,0.26178
4989.09,0.26518
4989.99,0.26684
4990.89,0.26753
4991.79,0.26814
4992.69,0.26897
4993.59,0.26882
4994.49,0.26983
4995.39,0.26945
4996.29,0.26927
4997.19,0.26927
4998.09,0.26932
4998.99,0.26666
4999.89,0.26457
5000.79,0.26521
5001.7,0.26279
5002.6,0.2616
5003.5,0.25914
5004.4,0.25888
5005.3,0.25888
5006.2,0.25818
5007.1,0.25849
5008.0,0.25819
5008.9,0.25882
5009.8,0.25811
5010.7,0.25887
5011.6,0.25689
5012.5,0.25574
5013.4,0.25311
5014.3,0.25355
5015.2,0.25099
5016.1,0.25082
5017.0,0.25195
5017.9,0.25197
5018.8,0.25355
5019.7,0.25517
5020.6,0.25591
5021.5,0.25685
5022.4,0.25945
5023.3,0.25959
5024.2,0.26141
5025.1,0.26189
5026.0,0.26301
5026.9,0.26343
5027.8,0.26484
5028.7,0.26607
5029.6,0.26812
5030.5,0.2693
5031.4,0.2709
5032.3,0.27107
5033.2,0.27216
5034.1,0.27177
5035.0,0.2701
5035.9,0.26746
5036.8,0.2639
5037.7,0.25996
5038.6,0.25638
5039.5,0.25393
5040.41,0.25158
5041.31,0.25054
5042.21,0.25212
5043.11,0.25231
5044.01,0.2552
5044.91,0.25926
5045.81,0.26364
5046.71,0.26612
5047.61,0.26767
5048.51,0.26942
5049.41,0.26783
5050.31,0.2668
5051.21,0.26796
5052.11,0.26623
5053.01,0.26773
5053.91,0.2689
5054.81,0.27161
5055.71,0.27369
5056.61,0.27537
5057.51,0.27658
5058.41,0.2785
5059.31,0.27847
5060.21,0.27932
5061.11,0.27833
5062.01,0.27736
5062.91,0.27585
5063.81,0.2734
5064.71,0.27133
5065.61,0.26853
5066.51,0.26791
5067.41,0.26606
5068.31,0.26467
5069.21,0.26518
5070.11,0.26536
5071.01,0.26564
5071.91,0.26583
5072.81,0.26621
5073.71,0.2666
5074.61,0.26678
5075.51,0.26579
5076.42,0.2656
5077.31,0.26279
5078.21,0.26199
5079.12,0.25874
5080.02,0.25778
5080.92,0.25614
5081.82,0.25429
5082.72,0.25558
5083.62,0.25632
5084.52,0.25893
5085.42,0.25965
5086.32,0.26401
5087.22,0.26506
5088.12,0.26686
5089.02,0.26942
5089.92,0.26975
5090.82,0.27167
5091.72,0.27218
5092.62,0.27315
5093.52,0.27335
5094.42,0.27302
5095.32,0.27183
5096.22,0.26918
5097.12,0.26727
5098.02,0.26507
5098.92,0.26347
5099.82,0.26255
5100.72,0.26247
5101.62,0.26265
5102.52,0.26234
5103.42,0.26354
5104.32,0.2635
5105.22,0.26337
5106.12,0.26296
5107.02,0.26185
5107.92,0.26032
5108.82,0.25987
5109.72,0.25972
5110.62,0.26007
5111.52,0.26125
5112.42,0.26416
5113.32,0.26536
5114.22,0.26847
5115.12,0.26903
5116.03,0.27121
5116.93,0.27269
5117.83,0.27364
5118.73,0.27389
5119.63,0.27134
5120.53,0.27104
5121.43,0.26927
5122.33,0.26784
5123.23,0.2641
5124.13,0.26138
5125.03,0.25976
5125.93,0.25723
5126.83,0.25483
5127.73,0.25562
5128.63,0.25534
5129.53,0.25513
5130.43,0.25716
5131.33,0.2587
5132.23,0.25969
5133.13,0.26064
5134.03,0.26298
5134.93,0.26331
5135.83,0.26275
5136.73,0.26245
5137.63,0.2615
5138.53,0.25941
5139.43,0.25843
5140.33,0.25736
5141.23,0.25643
5142.13,0.25554
5143.03,0.25484
5143.93,0.25516
5144.83,0.25484
5145.73,0.25508
5146.63,0.25643
5147.53,0.25672
5148.43,0.25584
5149.33,0.25707
5150.23,0.25662
5151.13,0.25618
5152.03,0.25612
5152.94,0.25695
5153.84,0.25645
5154.74,0.25929
5155.64,0.26016
5156.54,0.26301
5157.44,0.26548
5158.34,0.26629
5159.24,0.26863
5160.14,0.27012
5161.04,0.26909
5161.94,0.26831
5162.84,0.2645
5163.74,0.2606
5164.64,0.25442
5165.54,0.2489
5166.44,0.24054
5167.34,0.23322
5168.24,0.22813
5169.14,0.22325
5170.04,0.21976
5170.94,0.21825
5171.84,0.21722
5172.74,0.21795
5173.64,0.22107
5174.54,0.22537
5175.44,0.23123
5176.34,0.23617
5177.24,0.24155
5178.14,0.24473
5179.04,0.24726
5179.94,0.2486
5180.84,0.2463
5181.74,0.24235
5182.64,0.2389
5183.54,0.23476
5184.44,0.23165
5185.34,0.23164
5186.24,0.23377
5187.14,0.23657
5188.04,0.24236
5188.94,0.24631
5189.84,0.2496
5190.75,0.25138
5191.65,0.2529
5192.55,0.25253
5193.45,0.25291
5194.35,0.254
5195.25,0.25452
5196.15,0.25429
5197.05,0.25678
5197.95,0.25969
5198.85,0.26116
5199.75,0.26196
5200.65,0.26225
5201.55,0.2622
5202.45,0.26211
5203.35,0.25923
5204.25,0.25543
5205.15,0.2534
5206.05,0.25034
5206.95,0.24778
5207.85,0.24724
5208.75,0.24549
5209.65,0.24701
5210.55,0.24966
5211.45,0.25339
5212.35,0.25674
5213.25,0.25938
5214.15,0.26223
5215.05,0.26399
5215.95,0.26507
5216.85,0.26779
5217.75,0.26896
5218.65,0.26848
5219.55,0.27019
5220.45,0.2705
5221.35,0.27127
5222.25,0.27021
5223.15,0.26885
5224.05,0.26613
5224.95,0.26449
5225.85,0.26064
5226.75,0.25666
5227.66,0.25568
5228.56,0.25565
5229.46,0.25623
5230.36,0.26011
5231.26,0.26064
5232.16,0.26318
5233.06,0.26483
5233.96,0.26667
5234.86,0.26891
5235.76,0.27028
5236.66,0.27063
5237.56,0.27386
5238.46,0.27471
5239.36,0.27682
5240.26,0.27801
5241.16,0.2795
5242.06,0.27932
5242.96,0.27974
5243.86,0.27869
5244.76,0.27776
5245.66,0.27678
5246.56,0.27464
5247.46,0.27225
5248.36,0.27103
5249.26,0.2682
5250.16,0.26656
5251.06,0.26583
5251.96,0.26753
5252.86,0.26693
5253.76,0.26838
5254.66,0.26832
5255.56,0.27024
5256.46,0.27324
5257.36,0.27381
5258.26,0.275
5259.16,0.27492
5260.06,0.27392
5260.96,0.27135
5261.86,0.26687
5262.76,0.26255
5263.66,0.25768
5264.56,0.25449
5265.47,0.24922
5266.37,0.24576
5267.27,0.24357
5268.17,0.24294
5269.07,0.24159
5269.97,0.24234
5270.87,0.24366
5271.77,0.24576
5272.67,0.24863
5273.57,0.25261
5274.47,0.25711
5275.37,0.25948
5276.27,0.26372
5277.17,0.26611
5278.07,0.27129
5278.97,0.27306
5279.87,0.27426
5280.77,0.27587
5281.67,0.27412
5282.57,0.2739
5283.47,0.27422
5284.37,0.27398
5285.27,0.27606
5286.17,0.277
5287.07,0.27886
5287.97,0.28165
5288.87,0.28391
5289.77,0.28523
5290.67,0.28685
5291.57,0.28777
5292.47,0.28641
5293.37,0.28431
5294.27,0.28404
5295.17,0.27929
5296.07,0.27854
5296.97,0.27432
5297.87,0.27207
5298.77,0.27152
5299.67,0.27006
5300.57,0.26993
5301.48,0.27088
5302.38,0.27333
5303.27,0.27495
5304.18,0.27688
5305.08,0.27904
5305.98,0.28153
5306.88,0.28384
5307.78,0.28594
5308.68,0.285
5309.58,0.28894
5310.48,0.2876
5311.38,0.28744
5312.28,0.28723
5313.18,0.28709
5314.08,0.28691
5314.98,0.285
5315.88,0.28541
5316.78,0.28343
5317.68,0.28247
5318.58,0.28195
5319.48,0.28118
5320.38,0.27987
5321.28,0.27742
5322.18,0.27741
5323.08,0.27529
5323.98,0.27298
5324.88,0.26962
5325.78,0.26653
5326.68,0.26384
5327.58,0.26041
5328.48,0.25775
5329.38,0.25791
5330.28,0.25736
5331.18,0.26138
5332.08,0.26351
5332.98,0.26699
5333.88,0.26907
5334.78,0.27361
5335.68,0.27465
5336.58,0.2772
5337.48,0.27713
5338.38,0.27591
5339.28,0.2745
5340.19,0.27499
5341.08,0.27427
5341.99,0.27277
5342.89,0.27261
5343.79,0.2729
5344.69,0.27339
5345.59,0.27475
5346.49,0.27526
5347.39,0.27563
5348.29,0.2761
5349.19,0.27667
5350.09,0.27662
5350.99,0.27889
5351.89,0.28046
5352.79,0.28219
5353.69,0.28304
5354.59,0.28618
5355.49,0.28738
5356.39,0.28888
5357.29,0.28987
5358.19,0.29082
5359.09,0.29093
5359.99,0.28965
5360.89,0.28875
5361.79,0.289
5362.69,0.28798
5363.59,0.28407
5364.49,0.28232
5365.39,0.28135
5366.29,0.27752
5367.19,0.27691
5368.09,0.27516
5368.99,0.2725
5369.89,0.27063
5370.79,0.27037
5371.69,0.27048
5372.59,0.27074
5373.49,0.27194
5374.39,0.27401
5375.29,0.27663
5376.19,0.28016
5377.09,0.28308
5378.0,0.28371
5378.9,0.28409
5379.8,0.28491
5380.7,0.28477
5381.6,0.2832
5382.5,0.28259
5383.4,0.28331
5384.3,0.28302
5385.2,0.28225
5386.1,0.28259
5387.0,0.28132
5387.9,0.28164
5388.8,0.28132
5389.7,0.27926
5390.6,0.27803
5391.5,0.27669
5392.4,0.27462
5393.3,0.27368
5394.2,0.2725
5395.1,0.27056
5396.0,0.27059
5396.9,0.26803
5397.8,0.26899
5398.7,0.2696
5399.6,0.26839
5400.5,0.27007
5401.4,0.27012
5402.3,0.26915
5403.2,0.26888
5404.1,0.26722
5405.0,0.26669
5405.9,0.26508
5406.8,0.26354
5407.7,0.26352
5408.6,0.26389
5409.5,0.26431
5410.4,0.26604
5411.3,0.268
5412.2,0.26978
5413.1,0.27265
5414.0,0.2736
5414.9,0.27653
5415.81,0.27722
5416.71,0.27972
5417.61,0.28055
5418.51,0.28089
5419.41,0.2829
5420.31,0.28148
5421.21,0.28056
5422.11,0.28128
5423.01,0.28048
5423.91,0.27855
5424.81,0.2791
5425.71,0.27893
5426.61,0.27868
5427.51,0.27736
5428.41,0.27595
5429.31,0.27495
5430.21,0.27434
5431.11,0.27251
5432.01,0.27056
5432.91,0.26972
5433.81,0.26914
5434.71,0.26941
5435.61,0.27036
5436.51,0.27237
5437.41,0.27403
5438.31,0.27524
5439.21,0.2787
5440.11,0.28044
5441.01,0.28355
5441.91,0.28415
5442.81,0.28349
5443.71,0.28274
5444.61,0.28016
5445.51,0.27764
5446.41,0.27673
5447.31,0.27588
5448.21,0.27446
5449.11,0.27395
5450.01,0.27347
5450.91,0.27463
5451.81,0.27456
5452.72,0.27555
5453.62,0.27465
5454.52,0.27386
5455.42,0.27378
5456.32,0.27252
5457.22,0.27362
5458.12,0.27368
5459.02,0.27402
5459.92,0.27408
5460.82,0.27476
5461.72,0.27556
5462.62,0.27549
5463.52,0.27614
5464.42,0.27468
5465.32,0.27524
5466.22,0.27552
5467.12,0.27711
5468.02,0.27651
5468.92,0.27725
5469.82,0.27698
5470.72,0.27683
5471.62,0.27544
5472.52,0.27528
5473.42,0.27368
5474.32,0.27207
5475.22,0.27008
5476.12,0.26924
5477.02,0.269
5477.92,0.26769
5478.82,0.26701
5479.72,0.26669
5480.62,0.26851
5481.52,0.26963
5482.42,0.27146
5483.32,0.27183
5484.22,0.27253
5485.12,0.27422
5486.02,0.27491
5486.92,0.27576
5487.82,0.27578
5488.72,0.27685
5489.62,0.27519
5490.53,0.2765
5491.43,0.27764
5492.33,0.27718
5493.23,0.27721
5494.13,0.27722
5495.03,0.27842
5495.93,0.27704
5496.83,0.27792
5497.73,0.27629
5498.63,0.27641
5499.53,0.27633
5500.43,0.27676
5501.33,0.27538
5502.23,0.27519
5503.13,0.27518
5504.03,0.27412
5504.93,0.27461
5505.83,0.27438
5506.73,0.27402
5507.63,0.27389
5508.53,0.27279
5509.43,0.27402
5510.33,0.27185
5511.23,0.27085
5512.13,0.27295
5513.03,0.27027
5513.93,0.27196
5514.83,0.27282
5515.73,0.27347
5516.63,0.27364
5517.53,0.27712
5518.43,0.27718
5519.33,0.27918
5520.23,0.2804
5521.13,0.28264
5522.03,0.28212
5522.93,0.2824
5523.83,0.28107
5524.73,0.28209
5525.63,0.27946
5526.54,0.27791
5527.44,0.27599
5528.33,0.27508
5529.24,0.27305
5530.14,0.27286
5531.04,0.27335
5531.94,0.27632
5532.84,0.27539
5533.74,0.27653
5534.64,0.27717
5535.54,0.27843
5536.44,0.27823
5537.34,0.27964
5538.24,0.28098
5539.14,0.28043
5540.04,0.28126
5540.94,0.28291
5541.84,0.28197
5542.74,0.28323
5543.64,0.28258
5544.54,0.2829
5545.44,0.28299
5546.34,0.28268
5547.24,0.28365
5548.14,0.28315
5549.04,0.2832
5549.94,0.28433
5550.84,0.28604
5551.74,0.28382
5552.64,0.28394
5553.54,0.28406
5554.44,0.28202
5555.34,0.28212
5556.24,0.28178
5557.14,0.28114
5558.04,0.27971
5558.94,0.27961
5559.84,0.27974
5560.74,0.27892
5561.64,0.27879
5562.54,0.2784
5563.44,0.27652
5564.34,0.27728
5565.25,0.27489
5566.15,0.2738
5567.05,0.27407
5567.95,0.27315
5568.85,0.27368
5569.75,0.27296
5570.65,0.27467
5571.55,0.27321
5572.45,0.27349
5573.35,0.27445
5574.25,0.27456
5575.15,0.27527
5576.05,0.27569
5576.95,0.27726
5577.85,0.27612
5578.75,0.2775
5579.65,0.27921
5580.55,0.2792
5581.45,0.27775
5582.35,0.27608
5583.25,0.27605
5584.15,0.27626
5585.05,0.27299
5585.95,0.27079
5586.85,0.26929
5587.75,0.26729
5588.65,0.26632
5589.55,0.26455
5590.45,0.26366
5591.35,0.26418
5592.25,0.26485
5593.15,0.26589
5594.05,0.26635
5594.95,0.26852
5595.85,0.26936
5596.75,0.27012
5597.65,0.26976
5598.55,0.26915
5599.45,0.26968
5600.35,0.26896
5601.25,0.26934
5602.15,0.26914
5603.06,0.26976
5603.96,0.27128
5604.86,0.27298
5605.76,0.27535
5606.66,0.27694
5607.56,0.27742
5608.46,0.28087
5609.36,0.28136
5610.26,0.28287
5611.16,0.28274
5612.06,0.28159
5612.96,0.28141
5613.86,0.27896
5614.76,0.27738
5615.66,0.27455
5616.56,0.27382
5617.46,0.27247
5618.36,0.27256
5619.26,0.27251
5620.16,0.27269
5621.06,0.27448
5621.96,0.27482
5622.86,0.27418
5623.76,0.27432
5624.66,0.27477
5625.56,0.27406
5626.46,0.27535
5627.36,0.27546
5628.26,0.27668
5629.16,0.27757
5630.06,0.27796
5630.96,0.2798
5631.86,0.28072
5632.76,0.28004
5633.66,0.28047
5634.56,0.27976
5635.46,0.27944
5636.36,0.27856
5637.26,0.27788
5638.16,0.27687
5639.06,0.2757
5639.96,0.27517
5640.86,0.27554
5641.77,0.27443
5642.67,0.27397
5643.57,0.27519
5644.47,0.27553
5645.37,0.27571
5646.27,0.27703
5647.17,0.27749
5648.07,0.27722
5648.97,0.28
5649.87,0.27959
5650.77,0.27847
5651.67,0.27852
5652.57,0.27846
5653.47,0.27766
5654.37,0.27716
5655.27,0.27591
5656.17,0.27563
5657.07,0.27325
5657.97,0.27075
5658.87,0.27135
5659.77,0.26901
5660.67,0.2694
5661.57,0.26841
5662.47,0.26915
5663.37,0.27005
5664.27,0.26975
5665.17,0.27211
5666.07,0.27284
5666.97,0.27306
5667.87,0.27362
5668.77,0.27473
5669.67,0.27573
5670.57,0.27633
5671.47,0.27685
5672.37,0.27851
5673.27,0.27865
5674.17,0.28023
5675.07,0.28062
5675.97,0.28061
5676.88,0.28156
5677.77,0.28142
5678.68,0.28253
5679.58,0.28039
5680.48,0.27986
5681.38,0.27969
5682.28,0.27887
5683.18,0.2771
5684.08,0.27701
5684.98,0.27604
5685.88,0.2755
5686.78,0.27347
5687.68,0.27498
5688.58,0.27454
5689.48,0.27535
5690.38,0.27539
5691.28,0.27605
5692.18,0.27791
5693.08,0.27858
5693.98,0.2799
5694.88,0.27997
5695.78,0.2796
5696.68,0.28078
5697.58,0.27946
5698.48,0.27954
5699.38,0.27757
5700.28,0.27569
5701.18,0.27548
5702.08,0.27408
5702.98,0.27332
5703.88,0.27193
5704.78,0.27047
5705.68,0.27072
5706.58,0.27053
5707.48,0.26824
5708.38,0.26739
5709.28,0.26644
5710.18,0.26603
5711.08,0.26685
5711.98,0.2665
5712.88,0.26904
5713.78,0.27026
5714.68,0.27137
5715.59,0.27245
5716.49,0.27507
5717.39,0.27747
5718.29,0.279
5719.19,0.2798
5720.09,0.28109
5720.99,0.28225
5721.89,0.28269
5722.79,0.28279
5723.69,0.28299
5724.59,0.28383
5725.49,0.28282
5726.39,0.28184
5727.29,0.28095
5728.19,0.28114
5729.09,0.28026
5729.99,0.28045
5730.89,0.28062
5731.79,0.28078
5732.69,0.28093
5733.59,0.28165
5734.49,0.28162
5735.39,0.28239
5736.29,0.28183
5737.19,0.28208
5738.09,0.28211
5738.99,0.2829
5739.89,0.28224
5740.79,0.28114
5741.69,0.28256
5742.59,0.28169
5743.49,0.28183
5744.39,0.28332
5745.29,0.28272
5746.19,0.28193
5747.09,0.28303
5747.99,0.28183
5748.89,0.28094
5749.79,0.28237
5750.69,0.2807
5751.59,0.27925
5752.5,0.27891
5753.4,0.27871
5754.3,0.27827
5755.2,0.27791
5756.1,0.2788
5757.0,0.27853
5757.9,0.27952
5758.8,0.27901
5759.7,0.27954
5760.6,0.27912
5761.5,0.27853
5762.4,0.27975
5763.3,0.27903
5764.2,0.27899
5765.1,0.27985
5766.0,0.28071
5766.9,0.28155
5767.8,0.28217
5768.7,0.28232
5769.6,0.28282
5770.5,0.28264
5771.4,0.28274
5772.3,0.2827
5773.2,0.28285
5774.1,0.28161
5775.0,0.28137
5775.9,0.28082
5776.8,0.28043
5777.7,0.28013
5778.6,0.27833
5779.5,0.27865
5780.4,0.27638
5781.3,0.2746
5782.2,0.27453
5783.1,0.27383
5784.0,0.27164
5784.9,0.27247
5785.8,0.27177
5786.7,0.27257
5787.6,0.27328
5788.5,0.27369
5789.41,0.27416
5790.31,0.27666
5791.21,0.27734
5792.11,0.27804
5793.01,0.27853
5793.91,0.28001
5794.81,0.28078
5795.71,0.28065
5796.61,0.28213
5797.51,0.28239
5798.41,0.28175
5799.31,0.28323
5800.21,0.28237
5801.11,0.28299
5802.01,0.28326
5802.91,0.28375
5803.81,0.28404
5804.71,0.28389
5805.61,0.28304
5806.51,0.28362
5807.41,0.28267
5808.31,0.28299
5809.21,0.28404
5810.11,0.28323
5811.01,0.28314
5811.91,0.28348
5812.81,0.28429
5813.71,0.28244
5814.61,0.28382
5815.51,0.28322
5816.41,0.28183
5817.31,0.28389
5818.21,0.28357
5819.11,0.2843
5820.01,0.28382
5820.91,0.28455
5821.81,0.28411
5822.71,0.28558
5823.61,0.28547
5824.51,0.2851
5825.41,0.2875
5826.31,0.28725
5827.22,0.2875
5828.12,0.28643
5829.02,0.28589
5829.92,0.28701
5830.82,0.28714
5831.72,0.28576
5832.62,0.28646
5833.52,0.28617
5834.42,0.28577
5835.32,0.28639
5836.22,0.28565
5837.12,0.28654
5838.02,0.2857
5838.92,0.28568
5839.82,0.28689
5840.72,0.28614
5841.62,0.28516
5842.52,0.28537
5843.42,0.28613
5844.32,0.2861
5845.22,0.28513
5846.12,0.28413
5847.02,0.28488
5847.92,0.28275
5848.82,0.28265
5849.72,0.28255
5850.62,0.2811
5851.52,0.27943
5852.42,0.27695
5853.32,0.27721
5854.22,0.27598
5855.12,0.2748
5856.02,0.27402
5856.92,0.27293
5857.82,0.27078
5858.72,0.27111
5859.62,0.27214
5860.52,0.27124
5861.42,0.27205
5862.32,0.2734
5863.23,0.27282
5864.12,0.27491
5865.03,0.27578
5865.93,0.27543
5866.83,0.27732
5867.73,0.27695
5868.63,0.27725
5869.53,0.27874
5870.43,0.27861
5871.33,0.2794
5872.23,0.27978
5873.13,0.2801
5874.03,0.28072
5874.93,0.27984
5875.83,0.27935
5876.73,0.2795
5877.63,0.27782
5878.53,0.27803
5879.43,0.2772
5880.33,0.27588
5881.23,0.27608
5882.13,0.2755
5883.03,0.27492
5883.93,0.27216
5884.83,0.26894
5885.73,0.26825
5886.63,0.26538
5887.53,0.26127
5888.43,0.25771
5889.33,0.25408
5890.23,0.25034
5891.13,0.24797
5892.03,0.2452
5892.93,0.24332
5893.83,0.24324
5894.73,0.24289
5895.63,0.24438
5896.53,0.24564
5897.43,0.24734
5898.33,0.24919
5899.23,0.25231
5900.13,0.25566
5901.04,0.25865
5901.94,0.2624
5902.83,0.26576
5903.74,0.26703
5904.64,0.26929
5905.54,0.26981
5906.44,0.27245
5907.34,0.27159
5908.24,0.27252
5909.14,0.274
5910.04,0.27392
5910.94,0.27342
5911.84,0.27314
5912.74,0.27355
5913.64,0.27211
5914.54,0.27176
5915.44,0.2706
5916.34,0.27168
5917.24,0.27095
5918.14,0.27198
5919.04,0.27173
5919.94,0.27225
5920.84,0.27305
5921.74,0.27312
5922.64,0.27388
5923.54,0.27367
5924.44,0.27404
5925.34,0.27427
5926.24,0.27496
5927.14,0.27383
5928.04,0.27486
5928.94,0.27407
5929.84,0.27423
5930.74,0.27418
5931.64,0.27311
5932.54,0.27343
5933.44,0.27406
5934.34,0.2728
5935.24,0.27369
5936.14,0.27446
5937.04,0.27589
5937.94,0.27351
5938.85,0.27445
5939.75,0.2752
5940.65,0.27502
5941.55,0.27396
5942.45,0.27385
5943.35,0.27527
5944.25,0.27494
5945.15,0.27516
5946.05,0.27508
5946.95,0.2743
5947.85,0.27418
5948.75,0.27418
5949.65,0.27409
5950.55,0.27365
5951.45,0.27246
5952.35,0.2716
5953.25,0.2725
5954.15,0.27281
5955.05,0.2716
5955.95,0.2732
5956.85,0.27179
5957.75,0.27261
5958.65,0.27418
5959.55,0.27441
5960.45,0.27507
5961.35,0.27596
5962.25,0.27711
5963.15,0.2769
5964.05,0.27785
5964.95,0.27771
5965.85,0.27776
5966.75,0.27697
5967.65,0.27849
5968.55,0.27821
5969.45,0.27919
5970.35,0.27751
5971.25,0.27811
5972.15,0.27899
5973.05,0.27793
5973.95,0.27698
5974.85,0.27692
5975.75,0.27719
5976.65,0.2759
5977.56,0.27682
5978.46,0.27406
5979.36,0.27619
5980.26,0.27423
5981.16,0.27361
5982.06,0.27298
5982.96,0.27167
5983.86,0.27486
5984.76,0.27307
5985.66,0.27388
5986.56,0.273
5987.46,0.2737
5988.36,0.27352
5989.26,0.27428
5990.16,0.27367
5991.06,0.27525
5991.96,0.2755
5992.86,0.27557
5993.76,0.27728
5994.66,0.27603
5995.56,0.2771
5996.46,0.27672
5997.36,0.27616
5998.26,0.27673
5999.16,0.27616
6000.06,0.27635
6000.96,0.27507
6001.86,0.27586
6002.76,0.27452
6003.66,0.27428
6004.56,0.27353
6005.46,0.27337
6006.36,0.27257
6007.26,0.27176
6008.16,0.27303
6009.06,0.27173
6009.96,0.27237
6010.86,0.2717
6011.76,0.27355
6012.67,0.2723
6013.56,0.27221
6014.47,0.27318
6015.37,0.27233
6016.27,0.272
6017.17,0.27217
6018.07,0.27289
6018.97,0.27282
6019.87,0.27169
6020.77,0.27229
6021.67,0.27251
6022.57,0.27131
6023.47,0.27127
6024.37,0.27159
6025.27,0.27249
6026.17,0.27429
6027.07,0.27489
6027.97,0.2746
6028.87,0.27545
6029.77,0.27584
6030.67,0.27745
6031.57,0.27804
6032.47,0.27929
6033.37,0.27846
6034.27,0.27839
6035.17,0.27838
6036.07,0.27988
6036.97,0.27887
6037.87,0.27877
6038.77,0.27982
6039.67,0.27963
6040.57,0.27818
6041.47,0.27856
6042.37,0.28021
6043.27,0.2794
6044.17,0.27983
6045.07,0.27986
6045.97,0.27999
6046.87,0.27996
6047.77,0.28094
6048.67,0.28091
6049.57,0.28209
6050.47,0.28199
6051.38,0.28116
6052.28,0.28144
6053.18,0.2803
6054.08,0.28008
6054.98,0.28057
6055.88,0.27882
6056.78,0.27798
6057.68,0.27952
6058.58,0.27875
6059.48,0.27705
6060.38,0.27774
6061.28,0.27719
6062.18,0.27673
6063.08,0.27805
6063.98,0.27667
6064.88,0.27692
6065.78,0.27578
6066.68,0.27587
6067.58,0.27709
6068.48,0.27726
6069.38,0.27936
6070.28,0.2783
6071.18,0.27884
6072.08,0.28054
6072.98,0.28135
6073.88,0.28125
6074.78,0.28171
6075.68,0.28101
6076.58,0.28101
6077.48,0.28077
6078.38,0.27917
6079.28,0.27884
6080.18,0.2777
6081.08,0.2762
6081.98,0.27545
6082.88,0.27625
6083.78,0.2755
6084.68,0.27504
6085.58,0.27446
6086.48,0.27432
6087.38,0.27417
6088.28,0.27413
6089.19,0.27497
6090.09,0.27402
6090.99,0.27377
6091.89,0.27437
6092.79,0.27568
6093.69,0.27611
6094.59,0.27592
6095.49,0.27561
6096.39,0.27618
6097.29,0.27651
6098.19,0.27753
6099.09,0.27662
6099.99,0.27552
6100.89,0.27319
6101.79,0.27317
6102.69,0.27318
6103.59,0.2717
6104.49,0.27154
6105.39,0.27145
6106.29,0.27185
6107.19,0.27286
6108.09,0.27278
6108.99,0.27314
6109.89,0.27502
6110.79,0.27598
6111.69,0.27697
6112.59,0.27719
6113.49,0.27659
6114.39,0.27709
6115.29,0.27715
6116.19,0.27692
6117.09,0.2767
6117.99,0.27572
6118.89,0.27601
6119.79,0.27404
6120.69,0.27384
6121.59,0.27161
6122.49,0.27115
6123.39,0.27131
6124.29,0.27124
6125.19,0.27162
6126.1,0.27076
6127.0,0.27137
6127.9,0.2727
6128.8,0.2737
6129.7,0.27381
6130.6,0.27274
6131.5,0.27317
6132.4,0.27303
6133.3,0.27245
6134.2,0.27149
6135.1,0.27069
6136.0,0.26806
6136.9,0.26815
6137.8,0.26647
6138.7,0.26627
6139.6,0.26506
6140.5,0.26405
6141.4,0.26667
6142.3,0.26814
6143.2,0.2677
6144.1,0.26968
6145.0,0.27049
6145.9,0.2717
6146.8,0.27314
6147.7,0.27335
6148.6,0.27336
6149.5,0.27367
6150.4,0.27384
6151.3,0.27331
6152.2,0.27312
6153.1,0.27377
6154.0,0.27335
6154.9,0.27222
6155.8,0.27111
6156.7,0.27012
6157.6,0.26875
6158.5,0.26909
6159.4,0.26538
6160.3,0.26287
6161.2,0.26087
6162.1,0.26009
6163.01,0.25837
6163.91,0.25613
6164.81,0.25565
6165.71,0.25422
6166.61,0.25587
6167.51,0.25502
6168.41,0.25655
6169.31,0.2563
6170.21,0.25714
6171.11,0.25699
6172.01,0.25949
6172.91,0.25992
6173.81,0.26084
6174.71,0.26258
6175.61,0.26282
6176.51,0.26285
6177.41,0.26492
6178.31,0.26605
6179.21,0.26616
6180.11,0.26634
6181.01,0.26712
6181.91,0.26704
6182.81,0.26778
6183.71,0.26863
6184.61,0.2687
6185.51,0.26713
6186.41,0.2671
6187.31,0.26591
6188.21,0.26426
6189.11,0.26344
6190.01,0.2625
6190.91,0.26205
6191.81,0.26155
6192.71,0.26163
6193.61,0.26283
6194.51,0.26113
6195.41,0.26299
6196.31,0.26427
6197.21,0.26415
6198.11,0.2653
6199.01,0.26569
6199.92,0.26509
6200.82,0.26663
6201.72,0.26638
6202.62,0.26726
6203.52,0.26815
6204.42,0.26752
6205.32,0.26822
6206.22,0.26954
6207.12,0.26943
6208.02,0.26836
6208.92,0.2682
6209.82,0.26729
6210.72,0.26738
6211.62,0.26659
6212.52,0.26499
6213.42,0.26353
6214.32,0.26203
6215.22,0.26102
6216.12,0.26013
6217.02,0.25909
6217.92,0.25967
6218.82,0.259
6219.72,0.25872
6220.62,0.25945
6221.52,0.25952
6222.42,0.26065
6223.32,0.25979
6224.22,0.26079
6225.12,0.26041
6226.02,0.26058
6226.92,0.25955
6227.82,0.25978
6228.72,0.25945
6229.62,0.2586
6230.52,0.25781
6231.42,0.25878
6232.32,0.25691
6233.22,0.25783
6234.12,0.25701
6235.02,0.25834
6235.92,0.25871
6236.83,0.2599
6237.73,0.26049
6238.63,0.26058
6239.53,0.25957
6240.43,0.25981
6241.33,0.25876
6242.23,0.25888
6243.13,0.25831
6244.03,0.2563
6244.93,0.25729
6245.83,0.25683
6246.73,0.25701
6247.63,0.25723
6248.53,0.25618
6249.43,0.258
6250.33,0.25683
6251.23,0.25725
6252.13,0.25696
6253.03,0.25583
6253.93,0.25396
6254.83,0.25435
6255.73,0.25282
6256.63,0.25365
6257.53,0.25196
6258.43,0.25355
6259.33,0.25304
6260.23,0.25277
6261.13,0.2545
6262.03,0.25605
6262.93,0.25743
6263.83,0.25759
6264.73,0.25839
6265.63,0.25847
6266.53,0.26042
6267.43,0.26161
6268.33,0.26117
6269.23,0.26264
6270.13,0.26238
6271.03,0.26307
6271.93,0.26336
6272.83,0.26423
6273.73,0.26377
6274.64,0.26426
6275.54,0.2636
6276.44,0.26361
6277.34,0.26362
6278.24,0.26306
6279.14,0.26351
6280.04,0.26249
6280.94,0.26279
6281.84,0.26359
6282.74,0.26406
6283.64,0.26236
6284.54,0.26304
6285.44,0.26496
6286.34,0.26611
6287.24,0.2654
6288.14,0.26663
6289.04,0.26612
6289.94,0.26753
6290.84,0.26658
6291.74,0.26694
6292.64,0.26681
6293.54,0.26545
6294.44,0.26504
6295.34,0.2653
6296.24,0.26359
6297.14,0.2616
6298.04,0.26263
6298.94,0.26132
6299.84,0.26045
6300.74,0.2606
6301.64,0.2609
6302.54,0.26187
6303.44,0.26092
6304.34,0.26218
6305.24,0.26167
6306.14,0.26347
6307.04,0.26367
6307.94,0.26427
6308.84,0.26615
6309.74,0.26565
6310.64,0.26545
6311.54,0.26596
6312.45,0.26515
6313.35,0.26434
6314.25,0.26451
6315.15,0.26376
6316.05,0.26245
6316.95,0.26162
6317.85,0.26223
6318.75,0.26123
6319.65,0.26233
6320.55,0.26154
6321.45,0.26291
6322.35,0.2622
6323.25,0.26318
6324.15,0.2646
6325.05,0.26566
6325.95,0.26722
6326.85,0.2663
6327.75,0.26773
6328.65,0.2675
6329.55,0.26762
6330.45,0.26702
6331.35,0.26714
6332.25,0.26817
6333.15,0.26578
6334.05,0.26639
6334.95,0.26563
6335.85,0.26542
6336.75,0.2643
6337.65,0.26563
6338.55,0.26275
6339.45,0.26492
6340.35,0.26527
6341.25,0.26588
6342.15,0.26529
6343.05,0.26569
6343.95,0.26627
6344.85,0.26651
6345.75,0.26624
6346.65,0.26725
6347.55,0.26633
6348.46,0.26714
6349.35,0.26663
6350.26,0.26678
6351.16,0.26802
6352.06,0.26819
6352.96,0.26636
6353.86,0.26682
6354.76,0.26524
6355.66,0.26482
6356.56,0.26408
6357.46,0.26315
6358.36,0.26251
6359.26,0.2617
6360.16,0.26047
6361.06,0.26056
6361.96,0.26003
6362.86,0.25938
6363.76,0.26058
6364.66,0.25987
6365.56,0.2628
6366.46,0.26154
6367.36,0.26454
6368.26,0.26434
6369.16,0.26575
6370.06,0.26579
6370.96,0.26709
6371.86,0.26691
6372.76,0.26848
6373.66,0.26885
6374.56,0.26854
6375.46,0.26908
6376.36,0.26917
6377.26,0.26791
6378.16,0.26793
6379.06,0.26738
6379.96,0.2672
6380.86,0.26763
6381.76,0.26775
6382.66,0.26693
6383.56,0.2666
6384.46,0.26689
6385.36,0.26709
6386.27,0.26742
6387.17,0.26692
6388.07,0.26648
6388.97,0.26704
6389.87,0.26694
6390.77,0.26743
6391.67,0.26643
6392.57,0.26464
6393.47,0.26407
6394.37,0.26455
6395.27,0.26368
6396.17,0.26367
6397.07,0.26307
6397.97,0.26293
6398.87,0.26472
6399.77,0.26345
6400.67,0.26319
6401.57,0.26438
6402.47,0.26542
6403.37,0.26423
6404.27,0.2657
6405.17,0.26531
6406.07,0.2664
6406.97,0.26485
6407.87,0.26638
6408.77,0.2667
6409.67,0.26586
6410.57,0.26704
6411.47,0.26603
6412.37,0.26527
6413.27,0.26517
6414.17,0.26609
6415.07,0.26563
6415.97,0.26577
6416.87,0.26554
6417.77,0.26573
6418.67,0.26592
6419.57,0.26406
6420.47,0.26509
6421.37,0.26588
6422.27,0.26539
6423.17,0.26637
6424.08,0.26686
6424.98,0.26771
6425.88,0.26695
6426.78,0.26657
6427.68,0.26872
6428.58,0.26855
6429.48,0.26768
6430.38,0.26823
6431.28,0.26682
6432.18,0.26609
6433.08,0.2659
6433.98,0.26615
6434.88,0.26702
6435.78,0.26603
6436.68,0.26615
6437.58,0.26735
6438.48,0.26702
6439.38,0.26619
6440.28,0.26711
6441.18,0.26862
6442.08,0.26902
6442.98,0.26861
6443.88,0.26849
6444.78,0.26945
6445.68,0.26961
6446.58,0.2699
6447.48,0.26836
6448.38,0.26887
6449.28,0.26769
6450.18,0.26737
6451.08,0.26657
6451.98,0.26475
6452.88,0.26449
6453.78,0.2653
6454.68,0.2655
6455.58,0.26568
6456.48,0.26621
6457.38,0.26565
6458.28,0.2654
6459.18,0.26687
6460.08,0.26553
6460.98,0.26618
6461.89,0.26515
6462.79,0.2648
6463.69,0.26493
6464.59,0.26562
6465.49,0.26531
6466.39,0.26442
6467.29,0.266
6468.19,0.26601
6469.09,0.267
6469.99,0.26682
6470.89,0.26715
6471.79,0.26606
6472.69,0.2672
6473.59,0.26595
6474.49,0.26635
6475.39,0.26436
6476.29,0.26563
6477.19,0.26486
6478.09,0.26588
6478.99,0.26542
6479.89,0.26529
6480.79,0.26338
6481.69,0.2636
6482.59,0.26273
6483.49,0.26153
6484.39,0.26262
6485.29,0.26177
6486.19,0.26305
6487.09,0.26197
6487.99,0.26223
6488.89,0.26183
6489.79,0.26176
6490.69,0.25899
6491.59,0.25782
6492.49,0.25656
6493.39,0.25367
6494.29,0.25197
6495.19,0.25004
6496.09,0.24876
6496.99,0.24759
6497.9,0.24622
6498.79,0.24704
6499.7,0.2473
6500.6,0.24946
6501.5,0.25088
6502.4,0.25261
6503.3,0.25474
6504.2,0.25703
6505.1,0.25823
6506.0,0.25944
6506.9,0.26127
6507.8,0.2619
6508.7,0.26183
6509.6,0.26184
6510.5,0.26276
6511.4,0.2628
6512.3,0.26284
6513.2,0.26147
6514.1,0.26237
6515.0,0.26287
6515.9,0.26161
6516.8,0.2606
6517.7,0.26104
6518.6,0.2609
6519.5,0.2613
6520.4,0.26098
6521.3,0.26004
6522.2,0.26127
6523.1,0.26192
6524.0,0.26288
6524.9,0.26266
6525.8,0.26372
6526.7,0.26239
6527.6,0.26242
6528.5,0.26237
6529.4,0.26259
6530.3,0.26232
6531.2,0.26276
6532.1,0.26253
6533.0,0.26257
6533.9,0.26233
6534.8,0.26244
6535.71,0.26156
6536.61,0.26266
6537.51,0.26343
6538.41,0.26264
6539.31,0.26306
6540.21,0.26144
6541.11,0.26186
6542.01,0.26243
6542.91,0.26176
6543.81,0.26082
6544.71,0.26033
6545.61,0.25809
6546.51,0.25799
6547.41,0.25694
6548.31,0.25655
6549.21,0.25522
6550.11,0.25495
6551.01,0.25464
6551.91,0.25363
6552.81,0.25328
6553.71,0.25295
6554.61,0.25186
6555.51,0.24863
6556.41,0.24701
6557.31,0.24378
6558.21,0.2402
6559.11,0.23627
6560.01,0.23263
6560.91,0.22921
6561.81,0.22531
6562.71,0.2214
6563.61,0.21958
6564.51,0.21777
6565.41,0.21901
6566.31,0.2207
6567.21,0.22393
6568.11,0.22791
6569.01,0.23172
6569.91,0.2355
6570.81,0.23957
6571.71,0.24257
6572.61,0.24488
6573.52,0.24602
6574.42,0.24984
6575.32,0.25007
6576.22,0.25165
6577.12,0.25256
6578.02,0.2527
6578.92,0.25369
6579.82,0.25554
6580.72,0.25584
6581.62,0.25776
6582.52,0.25739
6583.42,0.25757
6584.32,0.25783
6585.22,0.25869
6586.12,0.25923
6587.02,0.25943
6587.92,0.25908
6588.82,0.25795
6589.72,0.25924
6590.62,0.25737
6591.52,0.25691
6592.42,0.25587
6593.32,0.25535
6594.22,0.25605
6595.12,0.25644
6596.02,0.25571
6596.92,0.25515
6597.82,0.25595
6598.72,0.2568
6599.62,0.25753
6600.52,0.2573
6601.42,0.25774
6602.32,0.25847
6603.22,0.25909
6604.12,0.25838
6605.02,0.25872
6605.92,0.25914
6606.82,0.25888
6607.72,0.25813
6608.62,0.25807
6609.52,0.25819
6610.43,0.25802
6611.33,0.25823
6612.23,0.25812
6613.13,0.25934
6614.03,0.25851
6614.93,0.26048
6615.83,0.26123
6616.73,0.26115
6617.63,0.26131
6618.53,0.26141
6619.43,0.26207
6620.33,0.26045
6621.23,0.26121
6622.13,0.26132
6623.03,0.26141
6623.93,0.26057
6624.83,0.25969
6625.73,0.26046
6626.63,0.25943
6627.53,0.25962
6628.43,0.25886
6629.33,0.25908
6630.23,0.25859
6631.13,0.25829
6632.03,0.25809
6632.93,0.25771
6633.83,0.25753
6634.73,0.25757
6635.63,0.25776
6636.53,0.25735
6637.43,0.25803
6638.33,0.25827
6639.23,0.25757
6640.13,0.25761
6641.03,0.25736
6641.93,0.25815
6642.83,0.25817
6643.73,0.25864
6644.63,0.25863
6645.53,0.25782
6646.43,0.25727
6647.34,0.25756
6648.24,0.25778
6649.14,0.25772
6650.04,0.25855
6650.94,0.25886
6651.84,0.25709
6652.74,0.25843
6653.64,0.25807
6654.54,0.25765
6655.44,0.25844
6656.34,0.25724
6657.24,0.25819
6658.14,0.25834
6659.04,0.25854
6659.94,0.25643
6660.84,0.25615
6661.74,0.25614
6662.64,0.25716
6663.54,0.25578
6664.44,0.2544
6665.34,0.25514
6666.24,0.25496
6667.14,0.25571
6668.04,0.25547
6668.94,0.25591
6669.84,0.25689
6670.74,0.25743
6671.64,0.25731
6672.54,0.25733
6673.44,0.25811
6674.34,0.25656
6675.24,0.25615
6676.14,0.25662
6677.04,0.25545
6677.94,0.25466
6678.84,0.2541
6679.74,0.25322
6680.64,0.25489
6681.54,0.25416
6682.44,0.25269
6683.34,0.25434
6684.24,0.2546
6685.15,0.25554
6686.05,0.25493
6686.95,0.256
6687.85,0.25599
6688.75,0.25788
6689.65,0.25619
6690.55,0.25596
6691.45,0.25584
6692.35,0.25552
6693.25,0.25709
6694.15,0.256
6695.05,0.25561
6695.95,0.25526
6696.85,0.25652
6697.75,0.25424
6698.65,0.25609
6699.55,0.25433
6700.45,0.2552
6701.35,0.25573
6702.25,0.25501
6703.15,0.25577
6704.05,0.2548
6704.95,0.25458
6705.85,0.2548
6706.75,0.25507
6707.65,0.25454
6708.55,0.2546
6709.45,0.25364
6710.35,0.25459
6711.25,0.25414
6712.15,0.25393
6713.05,0.25392
6713.95,0.25243
6714.85,0.25141
6715.75,0.2521
6716.65,0.25085
6717.55,0.25012
6718.45,0.24968
6719.35,0.24992
6720.25,0.25077
6721.16,0.25012
6722.06,0.24971
6722.96,0.25037
6723.86,0.25007
6724.76,0.25207
6725.66,0.25114
6726.56,0.25238
6727.46,0.25226
6728.36,0.25258
6729.26,0.25461
6730.16,0.25326
6731.06,0.25375
6731.96,0.254
6732.86,0.25415
6733.76,0.25346
6734.66,0.25376
6735.56,0.25387
6736.46,0.25315
6737.36,0.25359
6738.26,0.25417
6739.16,0.25312
6740.06,0.25325
6740.96,0.25266
6741.86,0.253
6742.76,0.25172
6743.66,0.25147
6744.56,0.25159
6745.46,0.24988
6746.36,0.25171
6747.26,0.25113
6748.16,0.25013
6749.06,0.24991
6749.96,0.25106
6750.86,0.25031
6751.76,0.25013
6752.66,0.24958
6753.56,0.25107
6754.46,0.25098
6755.36,0.25078
6756.26,0.25198
6757.16,0.25236
6758.06,0.25276
6758.97,0.25396
6759.87,0.25443
6760.77,0.25426
6761.67,0.25384
6762.57,0.25436
6763.47,0.254
6764.37,0.25362
6765.27,0.25313
6766.17,0.25341
6767.07,0.25272
6767.97,0.25182
6768.87,0.25234
6769.77,0.25234
6770.67,0.25257
6771.57,0.25264
6772.47,0.25258
6773.37,0.25298
6774.27,0.2518
6775.17,0.25288
6776.07,0.25353
6776.97,0.25404
6777.87,0.25347
6778.77,0.25438
6779.67,0.25363
6780.57,0.25377
6781.47,0.25319
6782.37,0.2535
6783.27,0.25264
6784.17,0.25291
6785.07,0.25143
6785.97,0.25169
6786.87,0.2514
6787.77,0.25006
6788.67,0.25113
6789.57,0.25095
6790.47,0.25073
6791.37,0.25083
6792.27,0.25204
6793.17,0.25218
6794.07,0.25234
6794.97,0.25195
6795.88,0.25221
6796.78,0.25229
6797.68,0.25248
6798.58,0.25221
6799.48,0.25318
6800.38,0.25318
6801.28,0.2533
6802.18,0.25325
6803.08,0.25336
6803.98,0.25231
6804.88,0.25389
6805.78,0.25294
6806.68,0.25289
6807.58,0.25248
6808.48,0.25232
6809.38,0.25074
6810.28,0.25209
6811.18,0.25209
6812.08,0.25213
6812.98,0.25218
6813.88,0.25198
6814.78,0.25166
6815.68,0.25262
6816.58,0.25212
6817.48,0.25275
6818.38,0.2523
6819.28,0.252
6820.18,0.25242
6821.08,0.25193
6821.98,0.25124
6822.88,0.25261
6823.78,0.2527
6824.68,0.25274
6825.58,0.25318
6826.48,0.25251
6827.38,0.2534
6828.28,0.25365
6829.18,0.25219
6830.08,0.25281
6830.98,0.25288
6831.88,0.25345
6832.79,0.25414
6833.69,0.25365
6834.59,0.25278
6835.49,0.2527
6836.39,0.25254
6837.29,0.25267
6838.19,0.25139
6839.09,0.25154
6839.99,0.25072
6840.89,0.24985
6841.79,0.25046
6842.69,0.24992
6843.59,0.25041
6844.49,0.24968
6845.39,0.24951
6846.29,0.25061
6847.19,0.25088
6848.09,0.25058
6848.99,0.251
6849.89,0.2513
6850.79,0.25042
6851.69,0.25243
6852.59,0.25182
6853.49,0.25126
6854.39,0.25061
6855.29,0.25027
6856.19,0.2509
6857.09,0.24932
6857.99,0.25009
6858.89,0.24895
6859.79,0.24984
6860.69,0.25009
6861.59,0.24891
6862.49,0.24949
6863.39,0.24893
6864.29,0.24976
6865.19,0.25007
6866.09,0.25018
6866.99,0.24988
6867.89,0.2498
6868.79,0.24947
6869.7,0.24962
6870.6,0.25042
6871.5,0.25022
6872.4,0.25049
6873.3,0.25076
6874.2,0.25107
6875.1,0.25075
6876.0,0.25162
6876.9,0.25041
6877.8,0.25183
6878.7,0.25118
6879.6,0.25121
6880.5,0.25129
6881.4,0.25112
6882.3,0.25238
6883.2,0.25249
6884.1,0.25163
6885.0,0.25165
6885.9,0.25222
6886.8,0.25162
6887.7,0.25137
6888.6,0.25286
6889.5,0.25177
6890.4,0.25215
6891.3,0.25322
6892.2,0.25423
6893.1,0.25295
6894.0,0.25291
6894.9,0.2525
6895.8,0.25314
6896.7,0.25362
6897.6,0.25362
6898.5,0.25315
6899.4,0.25288
6900.3,0.25376
6901.2,0.25459
6902.1,0.25293
6903.0,0.25484
6903.9,0.25464
6904.8,0.25474
6905.7,0.2553
6906.6,0.25453
6907.51,0.25454
6908.41,0.25522
6909.31,0.25392
6910.21,0.25476
6911.11,0.25393
6912.01,0.25451
6912.91,0.25435
6913.81,0.25328
6914.71,0.25194
6915.61,0.25237
6916.51,0.25169
6917.41,0.25228
6918.31,0.25273
6919.21,0.25164
6920.11,0.25161
6921.01,0.25221
6921.91,0.25259
6922.81,0.25238
6923.71,0.2527
6924.61,0.25358
6925.51,0.25235
6926.41,0.25278
6927.31,0.25284
6928.21,0.25317
6929.11,0.25286
6930.01,0.25316
6930.91,0.25287
6931.81,0.25329
6932.71,0.25367
6933.61,0.2531
6934.51,0.25352
6935.41,0.25304
6936.31,0.25381
6937.21,0.25328
6938.11,0.25341
6939.01,0.25407
6939.91,0.2548
6940.81,0.25344
6941.71,0.25378
6942.61,0.25334
6943.52,0.25356
6944.42,0.25236
6945.31,0.2518
6946.22,0.25255
6947.12,0.25285
6948.02,0.25338
6948.92,0.25257
6949.82,0.25322
6950.72,0.25221
6951.62,0.25191
6952.52,0.2529
6953.42,0.25309
6954.32,0.25211
6955.22,0.25346
6956.12,0.25331
6957.02,0.25419
6957.92,0.25388
6958.82,0.25456
6959.72,0.25473
6960.62,0.2547
6961.52,0.25456
6962.42,0.25533
6963.32,0.25543
6964.22,0.25535
6965.12,0.25475
6966.02,0.25485
6966.92,0.25543
6967.82,0.25525
6968.72,0.25557
6969.62,0.25557
6970.52,0.25519
6971.42,0.25476
6972.32,0.25476
6973.22,0.25434
6974.12,0.25416
6975.02,0.25327
6975.92,0.25299
6976.82,0.2519
6977.72,0.25081
6978.62,0.25181
6979.52,0.2505
6980.42,0.25047
6981.33,0.24997
6982.23,0.25111
6983.12,0.25113
6984.03,0.25167
6984.93,0.25173
6985.83,0.2525
6986.73,0.2534
6987.63,0.25314
6988.53,0.25508
6989.43,0.25407
6990.33,0.25368
6991.23,0.25475
6992.13,0.25522
6993.03,0.25471
6993.93,0.25379
6994.83,0.25464
6995.73,0.25341
6996.63,0.25387
6997.53,0.2528
6998.43,0.25305
6999.33,0.2527
7000.23,0.25356
7001.13,0.25341
7002.03,0.25415
7002.93,0.25302
7003.83,0.25296
7004.73,0.25313
7005.63,0.25327
7006.53,0.25294
7007.43,0.25227
7008.33,0.25301
7009.23,0.25394
7010.13,0.25293
7011.03,0.25393
7011.93,0.25286
7012.83,0.25305
7013.73,0.25318
7014.63,0.25173
7015.53,0.25145
7016.43,0.25106
7017.33,0.25229
7018.23,0.2507
7019.14,0.25219
7020.04,0.25179
7020.94,0.25225
7021.84,0.25062
7022.74,0.25124
7023.64,0.25286
7024.54,0.25225
7025.44,0.25223
7026.34,0.2521
7027.24,0.25207
7028.14,0.2527
7029.04,0.25319
7029.94,0.25266
7030.84,0.25314
7031.74,0.25347
7032.64,0.25358
7033.54,0.25322
7034.44,0.25347
7035.34,0.25334
7036.24,0.25384
7037.14,0.2545
7038.04,0.25379
7038.94,0.25336
7039.84,0.25565
7040.74,0.25485
7041.64,0.25629
7042.54,0.25512
7043.44,0.25553
7044.34,0.2562
7045.24,0.25745
7046.14,0.25783
7047.04,0.25812
7047.94,0.25705
7048.84,0.25655
7049.74,0.25602
7050.64,0.25646
7051.54,0.25518
7052.44,0.25446
7053.34,0.2534
7054.25,0.2529
7055.15,0.25162
7056.04,0.25108
7056.95,0.25012
7057.85,0.24883
7058.75,0.2482
7059.65,0.24906
7060.55,0.24856
7061.45,0.24796
7062.35,0.24741
7063.25,0.24689
7064.15,0.24664
7065.05,0.24611
7065.95,0.24807
7066.85,0.24661
7067.75,0.24709
7068.65,0.24671
7069.55,0.24807
7070.45,0.2481
7071.35,0.24906
7072.25,0.24862
7073.15,0.24879
7074.05,0.24961
7074.95,0.2491
7075.85,0.25012
7076.75,0.25106
7077.65,0.25045
7078.55,0.25008
7079.45,0.25005
7080.35,0.2503
7081.25,0.24943
7082.15,0.24914
7083.05,0.24773
7083.95,0.24728
7084.85,0.24603
7085.75,0.24536
7086.65,0.24345
7087.55,0.24235
7088.45,0.24186
7089.35,0.24075
7090.25,0.23897
7091.15,0.23892
7092.06,0.2391
7092.96,0.23986
7093.85,0.23886
7094.76,0.23911
7095.66,0.2391
7096.56,0.23898
7097.46,0.23986
7098.36,0.23965
7099.26,0.24151
7100.16,0.24107
7101.06,0.24175
7101.96,0.24179
7102.86,0.24184
7103.76,0.24273
7104.66,0.24219
7105.56,0.24284
7106.46,0.24401
7107.36,0.24385
7108.26,0.24358
7109.16,0.24287
7110.06,0.2431
7110.96,0.24427
7111.86,0.2425
7112.76,0.24334
7113.66,0.24344
7114.56,0.24476
7115.46,0.24517
7116.36,0.24439
7117.26,0.24494
7118.16,0.24417
7119.06,0.24535
7119.96,0.2436
7120.86,0.24531
7121.76,0.24453
7122.66,0.2443
7123.56,0.2428
7124.46,0.24301
7125.36,0.24178
7126.26,0.24136
7127.16,0.24086
7127.27,0.24134
7128.17,0.23937
7129.07,0.23984
7129.96,0.23895
7130.86,0.23995
7131.75,0.23929
7132.65,0.23849
7133.55,0.23991
7134.44,0.23927
7135.34,0.23872
7136.23,0.24026
7137.13,0.24041
7138.03,0.23977
7138.92,0.24115
7139.82,0.24029
7140.71,0.24097
7141.61,0.24124
7142.5,0.24049
7143.4,0.24079
7144.3,0.24159
7145.19,0.24044
7146.09,0.23945
7146.98,0.23951
7147.88,0.24017
7148.78,0.23949
7149.67,0.23979
7150.57,0.23927
7151.46,0.24137
7152.36,0.24183
7153.26,0.24181
7154.15,0.24224
7155.05,0.24306
7155.94,0.24266
7156.84,0.24325
7157.74,0.24413
7158.63,0.24274
7159.53,0.24313
7160.42,0.24289
7161.32,0.2419
7162.21,0.24242
7163.11,0.24227
7164.01,0.24188
7164.9,0.24205
7165.8,0.24234
7166.69,0.24274
7167.59,0.24245
7168.49,0.24312
7169.38,0.24279
7170.28,0.24303
7171.17,0.243
7172.07,0.2442
7172.96,0.24434
7173.86,0.24514
7174.76,0.24426
7175.65,0.24582
7176.55,0.24584
7177.44,0.24529
7178.34,0.24467
7179.24,0.24339
7180.13,0.24372
7181.03,0.24253
7181.92,0.24361
7182.82,0.24254
7183.72,0.24175
7184.61,0.24168
7185.51,0.24244
7186.4,0.24157
7187.3,0.24165
7188.19,0.24092
7189.09,0.24034
7189.99,0.24048
7190.88,0.24088
7191.78,0.24067
7192.67,0.24117
7193.57,0.24126
7194.47,0.24224
7195.36,0.24213
7196.26,0.24146
7197.15,0.24164
7198.05,0.24173
7198.95,0.24199
7199.84,0.24181
7200.74,0.24272
7201.63,0.24173
7202.53,0.24256
7203.43,0.2426
7204.32,0.24131
7205.22,0.24238
7206.11,0.24132
7207.01,0.23994
7207.9,0.24141
7208.8,0.241
7209.7,0.24135
7210.59,0.24032
7211.49,0.24077
7212.38,0.24203
7213.28,0.24228
7214.18,0.24323
7215.07,0.24453
7215.97,0.24389
7216.86,0.24427
7217.76,0.24419
7218.66,0.24437
7219.55,0.24487
7220.45,0.24549
7221.34,0.24644
7222.24,0.24529
7223.13,0.24587
7224.03,0.24656
7224.93,0.24648
7225.82,0.24655
7226.72,0.24704
7227.61,0.24781
7228.51,0.24771
7229.41,0.24866
7230.3,0.24793
7231.2,0.24744
7232.09,0.24934
7232.99,0.24874
7233.89,0.24865
7234.78,0.24929
7235.68,0.24829
7236.57,0.24922
7237.47,0.24828
7238.36,0.24839
7239.26,0.24847
7240.16,0.24845
7241.05,0.24846
7241.95,0.24792
7242.84,0.24803
7243.74,0.24751
7244.64,0.24805
7245.53,0.24746
7246.43,0.24768
7247.32,0.24791
7248.22,0.24837
7249.12,0.24705
7250.01,0.2477
7250.91,0.24848
7251.8,0.24867
7252.7,0.24841
7253.6,0.24842
7254.49,0.24748
7255.39,0.24834
7256.28,0.24802
7257.18,0.24953
7258.07,0.24947
7258.97,0.24813
7259.87,0.24859
7260.76,0.24866
7261.66,0.24863
7262.55,0.24824
7263.45,0.24883
7264.35,0.24941
7265.24,0.24983
7266.14,0.25025
7267.03,0.25004
7267.93,0.25009
7268.83,0.24977
7269.72,0.25081
7270.62,0.25078
7271.51,0.25038
7272.41,0.25036
7273.3,0.25023
7274.2,0.25163
7275.1,0.2517
7275.99,0.24983
7276.89,0.2505
7277.78,0.24994
7278.68,0.24936
7279.58,0.2501
7280.47,0.2495
7281.37,0.24885
7282.26,0.24778
7283.16,0.2477
7284.06,0.24834
7284.95,0.24629
7285.85,0.24641
7286.74,0.24675
7287.64,0.24584
7288.53,0.24534
7289.43,0.24521
7290.33,0.24556
7291.22,0.24551
7292.12,0.24548
7293.01,0.24595
7293.91,0.24586
7294.81,0.24704
7295.7,0.24767
7296.6,0.24727
7297.49,0.24877
7298.39,0.2487
7299.29,0.24953
7300.18,0.24885
7301.08,0.24975
7301.97,0.25057
7302.87,0.2497
7303.76,0.24956
7304.66,0.24974
7305.56,0.24895
7306.45,0.24948
7307.35,0.2506
7308.24,0.24973
7309.14,0.24898
7310.04,0.24928
7310.93,0.24937
7311.83,0.24958
7312.72,0.25017
7313.62,0.24915
7314.52,0.24964
7315.41,0.24982
7316.31,0.25
7317.2,0.24872
7318.1,0.25013
7318.99,0.24965
7319.89,0.24973
7320.79,0.24966
7321.68,0.24986
7322.58,0.24895
7323.47,0.24967
7324.37,0.24897
7325.27,0.248
7326.16,0.24853
7327.06,0.24926
7327.95,0.24927
7328.85,0.24937
7329.75,0.24913
7330.64,0.25055
7331.54,0.25044
7332.43,0.25009
7333.33,0.2505
7334.22,0.25086
7335.12,0.25171
7336.02,0.25102
7336.91,0.25091
7337.81,0.25164
7338.7,0.25143
7339.6,0.25246
7340.5,0.25199
7341.39,0.25186
7342.29,0.25175
7343.18,0.25141
7344.08,0.25096
7344.98,0.25123
7345.87,0.25108
7346.77,0.25099
7347.66,0.25062
7348.56,0.25031
7349.45,0.25024
7350.35,0.24974
7351.25,0.24996
7352.14,0.24898
7353.04,0.2489
7353.93,0.2486
7354.83,0.24787
7355.73,0.24798
7356.62,0.24653
7357.52,0.24675
7358.41,0.24704
7359.31,0.2463
7360.21,0.24652
7361.1,0.24796
7362.0,0.24712
7362.89,0.24672
7363.79,0.24677
7364.69,0.24777
7365.58,0.24785
7366.48,0.24894
7367.37,0.24951
7368.27,0.2502
7369.16,0.24918
7370.06,0.24958
7370.96,0.25139
7371.85,0.24976
7372.75,0.2513
7373.64,0.25199
7374.54,0.25195
7375.44,0.25157
7376.33,0.25146
7377.23,0.25222
7378.12,0.25004
7379.02,0.25139
7379.92,0.2509
7380.81,0.25034
7381.71,0.2502
7382.6,0.24879
7383.5,0.24845
7384.39,0.24777
7385.29,0.24784
7386.19,0.24751
7387.08,0.24579
7387.98,0.24484
7388.87,0.24582
7389.77,0.24518
7390.67,0.24572
7391.56,0.24544
7392.46,0.24531
7393.35,0.24626
7394.25,0.2468
7395.15,0.24605
7396.04,0.24656
7396.94,0.24695
7397.83,0.24718
7398.73,0.24783
7399.62,0.24735
7400.52,0.24821
7401.42,0.24869
7402.31,0.24746
7403.21,0.2488
7404.1,0.24819
7405.0,0.24809
7405.9,0.24821
7406.79,0.2459
7407.69,0.24617
7408.58,0.2457
7409.48,0.24403
7410.38,0.24352
7411.27,0.24211
7412.17,0.24081
7413.06,0.24122
7413.96,0.24085
7414.85,0.23973
7415.75,0.23904
7416.65,0.23835
7417.54,0.23845
7418.44,0.23774
7419.33,0.23813
7420.23,0.23953
7421.13,0.23968
7422.02,0.24063
7422.92,0.24044
7423.81,0.24125
7424.71,0.24345
7425.6,0.24381
7426.5,0.24441
7427.4,0.2456
7428.29,0.24637
7429.19,0.24807
7431.68,0.25023
7434.18,0.24962
7436.67,0.25027
7439.17,0.24919
7441.66,0.25003
7444.16,0.24863
7446.66,0.24861
7449.15,0.24808
7451.65,0.2485
7454.14,0.25121
7456.64,0.2504
7459.13,0.25095
7461.63,0.24986
7464.12,0.24871
7466.62,0.24968
7469.11,0.25004
7471.61,0.25074
7474.1,0.25058
7476.6,0.25026
7479.09,0.25093
7481.59,0.251
7484.08,0.24917
7486.58,0.24855
7489.07,0.24941
7491.57,0.24743
7494.06,0.24687
7496.56,0.24613
7499.05,0.2473
7501.55,0.24909
7504.04,0.24961
7506.54,0.24958
7509.03,0.24928
7511.53,0.24838
7514.02,0.24844
7516.52,0.24932
7519.01,0.24987
7521.51,0.24966
7524.0,0.24933
7526.5,0.249
7528.99,0.24907
7531.49,0.24905
7533.99,0.25009
7536.48,0.25029
7538.98,0.25079
7541.47,0.25031
7543.97,0.25061
7546.46,0.25018
7548.96,0.24952
7551.45,0.24907
7553.95,0.24849
7556.44,0.24849
7558.94,0.24835
7561.43,0.24861
7563.93,0.24915
7566.42,0.24914
7568.92,0.24858
7571.41,0.24899
7573.91,0.24848
7576.4,0.24851
7578.9,0.24862
7581.39,0.24764
7583.89,0.24671
7586.38,0.24632
7588.88,0.24504
7591.37,0.24551
7593.87,0.24551
7596.36,0.24607
7598.86,0.24541
7601.35,0.24522
7603.85,0.24547
7606.34,0.24493
7608.84,0.2452
7611.33,0.24539
7613.83,0.24442
7616.33,0.24368
7618.82,0.24328
7621.32,0.24347
7623.81,0.24354
7626.31,0.24439
7628.8,0.24455
7631.3,0.24464
7633.79,0.24444
7636.29,0.24434
7638.78,0.24439
7641.28,0.24468
7643.77,0.24507
7646.27,0.24427
7648.76,0.24394
7651.26,0.24301
7653.75,0.24109
7656.25,0.23982
7658.74,0.23711
7661.24,0.23509
7663.73,0.23232
7666.23,0.23199
7668.72,0.23281
7671.22,0.2353
7673.71,0.23759
7676.21,0.23942
7678.7,0.23944
7681.2,0.2407
7683.69,0.24127
7686.19,0.23987
7688.69,0.24021
7691.18,0.23951
7693.68,0.23823
7696.17,0.2379
7698.67,0.23675
7701.16,0.23697
7703.66,0.23679
7706.15,0.23776
7708.65,0.23745
7711.14,0.23628
7713.64,0.23592
7716.13,0.23596
7718.63,0.23662
7721.12,0.2373
7723.62,0.23865
7726.11,0.23925
7728.61,0.23908
7731.1,0.24009
7733.6,0.24106
7736.09,0.24163
7738.59,0.24204
7741.08,0.2411
7743.58,0.23961
7746.07,0.23855
7748.57,0.23675
7751.06,0.2359
7753.56,0.23691
7756.05,0.23877
7758.55,0.23938
7761.04,0.24106
7763.54,0.24087
7766.03,0.24195
7768.53,0.24174
7771.03,0.2427
7773.52,0.24207
7776.02,0.24275
7778.51,0.2421
7781.01,0.24133
7783.5,0.24023
7786.0,0.23912
7788.49,0.23815
7790.99,0.23864
7793.48,0.23881
7795.98,0.23916
7798.47,0.23883
7800.97,0.23865
7803.46,0.23928
7805.96,0.2389
7808.45,0.23995
7810.95,0.23976
7813.44,0.24039
7815.94,0.24099
7818.43,0.24111
7820.93,0.24112
7823.42,0.24038
7825.92,0.23998
7828.41,0.23932
7830.91,0.23747
7833.4,0.23668
7835.9,0.23649
7838.39,0.23678
7840.89,0.23694
7843.38,0.23777
7845.88,0.23871
7848.38,0.23777
7850.87,0.2381
7853.37,0.23804
7855.86,0.23781
7858.36,0.23813
7860.85,0.23853
7863.35,0.23876
7865.84,0.23953
7868.34,0.23916
7870.83,0.23842
7873.33,0.23785
7875.82,0.23782
7878.32,0.23829
7880.81,0.23738
7883.31,0.23773
7885.8,0.23722
7888.3,0.23765
7890.79,0.23789
7893.29,0.23796
7895.78,0.23729
7898.28,0.23725
7900.77,0.2364
7903.27,0.23646
7905.76,0.23613
7908.26,0.23531
7910.75,0.23372
7913.25,0.23327
7915.74,0.23209
7918.24,0.23206
7920.73,0.23234
7923.23,0.23274
7925.73,0.2328
7928.22,0.23414
7930.71,0.2332
7933.21,0.23227
7935.71,0.23111
7938.2,0.23056
7940.7,0.22952
7943.19,0.22931
7945.69,0.22927
7948.18,0.22973
7950.68,0.23065
7953.17,0.23215
7955.67,0.23306
7958.16,0.23448
7960.66,0.23409
7963.15,0.23432
7965.65,0.23484
7968.14,0.23488
7970.64,0.23496
7973.13,0.23503
7975.63,0.23443
7978.12,0.2344
7980.62,0.23348
7983.11,0.23385
7985.61,0.23376
7988.1,0.23274
7990.6,0.2326
7993.09,0.23235
7995.59,0.23175
7998.08,0.23152
8000.58,0.23166
8003.07,0.232
8005.57,0.23336
8008.06,0.23375
8010.56,0.23492
8013.06,0.23554
8015.55,0.23664
8018.05,0.23558
8020.54,0.23532
8023.04,0.23441
8025.53,0.23284
8028.03,0.23231
8030.52,0.23224
8033.02,0.23264
8035.51,0.23426
8038.01,0.23437
8040.5,0.23428
8043.0,0.23362
8045.49,0.23208
8047.99,0.23064
8050.48,0.23078
8052.98,0.23117
8055.47,0.23224
8057.97,0.23354
8060.46,0.23372
8062.96,0.23345
8065.45,0.23316
8067.95,0.23227
8070.44,0.23095
8072.94,0.23069
8075.43,0.23019
8077.93,0.22992
8080.42,0.23038
8082.92,0.23115
8085.41,0.23046
8087.91,0.23062
8090.4,0.2293
8092.9,0.22902
8095.4,0.2287
8097.89,0.22844
8100.39,0.2298
8102.88,0.22929
8105.38,0.23016
8107.87,0.23041
8110.37,0.23018
8112.86,0.22981
8115.36,0.22907
8117.85,0.22924
8120.35,0.22941
8122.84,0.22992
8125.34,0.23075
8127.83,0.23031
8130.33,0.23087
8132.82,0.23054
8135.32,0.23086
8137.81,0.23076
8140.31,0.23007
8142.8,0.23031
8145.3,0.23007
8147.79,0.2303
8150.29,0.22974
8152.78,0.22984
8155.28,0.23039
8157.77,0.23035
8160.27,0.23071
8162.76,0.23005
8165.26,0.2301
8167.75,0.23001
8170.25,0.22954
8172.75,0.23006
8175.24,0.22968
8177.74,0.22835
8180.23,0.22829
8182.73,0.2266
8185.22,0.22545
8187.72,0.22488
8190.21,0.22423
8192.71,0.22428
8195.2,0.22406
8197.7,0.22349
8200.19,0.22271
8202.69,0.22386
8205.18,0.22513
8207.68,0.22537
8210.17,0.22646
8212.67,0.22652
8215.16,0.22654
8217.66,0.22606
8220.15,0.22704
8222.65,0.22788
8225.14,0.22818
8227.64,0.22798
8230.13,0.22895
8232.63,0.22871
8235.12,0.22828
8237.62,0.22873
8240.11,0.22803
8242.61,0.22855
8245.1,0.22794
8247.6,0.22817
8250.1,0.22835
8252.59,0.22732
8255.08,0.22778
8257.58,0.22723
8260.08,0.22818
8262.57,0.2288
8265.07,0.22902
8267.56,0.22904
8270.06,0.2291
8272.55,0.22903
8275.05,0.22876
8277.54,0.2283
8280.04,0.22843
8282.53,0.2281
8285.03,0.22837
8287.52,0.228
8290.02,0.22774
8292.51,0.22681
8295.01,0.22642
8297.5,0.22647
8300.0,0.22631
8302.49,0.22459
8304.99,0.22502
8307.48,0.22401
8309.98,0.22404
8312.47,0.22447
8314.97,0.22544
8317.46,0.22574
8319.96,0.22502
8322.46,0.22453
8324.95,0.22368
8327.44,0.22174
8329.94,0.22166
8332.43,0.22021
8334.93,0.22072
8337.43,0.22126
8339.92,0.22189
8342.42,0.22256
8344.91,0.22277
8347.41,0.22265
8349.9,0.22328
8352.4,0.22242
8354.89,0.22405
8357.39,0.22407
8359.88,0.22368
8362.38,0.22303
8364.87,0.22245
8367.37,0.22257
8369.86,0.22252
8372.36,0.2236
8374.85,0.2231
8377.35,0.22229
8379.84,0.22153
8382.34,0.21931
8384.83,0.21784
8387.33,0.21789
8389.82,0.21789
8392.32,0.21948
8394.81,0.22029
8397.31,0.22203
8399.8,0.22307
8402.3,0.22358
8404.79,0.22386
8407.29,0.22396
8409.79,0.22319
8412.28,0.22283
8414.78,0.22259
8417.27,0.22163
8419.77,0.22195
8422.26,0.22145
8424.76,0.22068
8427.25,0.2201
8429.75,0.21898
8432.24,0.21764
8434.74,0.21667
8437.23,0.21651
8439.73,0.21642
8442.22,0.21788
8444.72,0.21936
8447.21,0.22027
8449.71,0.22067
8452.2,0.22084
8454.7,0.22077
8457.19,0.22096
8459.69,0.2205
8462.18,0.21913
8464.68,0.21785
8467.17,0.21672
8469.67,0.21597
8472.16,0.21652
8474.66,0.21684
8477.15,0.21873
8479.65,0.21877
8482.14,0.22001
8484.64,0.21912
8487.13,0.21881
8489.63,0.21706
8492.12,0.2136
8494.62,0.20883
8497.12,0.20427
8499.61,0.20061
8502.11,0.2005
8504.6,0.2032
8507.1,0.20754
8509.59,0.2117
8512.09,0.21305
8514.58,0.21294
8517.08,0.21252
8519.57,0.21219
8522.07,0.2133
8524.56,0.21437
8527.06,0.2141
8529.55,0.21336
8532.05,0.2107
8534.54,0.20509
8537.04,0.19727
8539.53,0.18716
8542.03,0.17825
8544.52,0.17485
8547.02,0.17813
8549.51,0.18623
8552.01,0.1963
8554.5,0.20361
8557.0,0.20904
8559.49,0.21224
8561.99,0.21416
8564.48,0.21506
8566.98,0.21464
8569.47,0.21562
8571.97,0.21585
8574.47,0.21573
8576.96,0.21574
8579.46,0.21532
8581.95,0.21535
8584.45,0.21596
8586.94,0.21571
8589.44,0.21559
8591.93,0.21552
8594.43,0.21556
8596.92,0.21468
8599.42,0.21464
8601.91,0.21477
8604.41,0.21492
8606.9,0.21441
8609.4,0.21421
8611.89,0.21379
8614.39,0.21333
8616.88,0.21334
8619.38,0.21281
8621.87,0.21314
8624.37,0.21324
8626.86,0.21385
8629.36,0.2139
8631.85,0.21488
8634.35,0.21482
8636.84,0.21577
8639.34,0.21582
8641.83,0.21621
8644.33,0.21572
8646.83,0.21448
8649.32,0.21314
8651.82,0.21095
8654.31,0.20618
8656.8,0.2001
8659.3,0.19244
8661.8,0.18441
8664.29,0.18129
8666.79,0.1829
8669.28,0.1887
8671.78,0.19584
8674.27,0.20225
8676.77,0.20569
8679.26,0.20862
8681.76,0.209
8684.25,0.20939
8686.75,0.20932
8689.24,0.20817
8691.74,0.20795
8694.23,0.20814
8696.73,0.20923
8699.22,0.21108
8701.72,0.21078
8704.21,0.21115
8706.71,0.21129
8709.2,0.21105
8711.7,0.21118
8714.19,0.2112
8716.69,0.21094
8719.18,0.21143
8721.68,0.21287
8724.17,0.21312
8726.67,0.21292
8729.17,0.21319
8731.66,0.2131
8734.16,0.21274
8736.65,0.21181
8739.15,0.21211
8741.64,0.21144
8744.14,0.21112
8746.63,0.2107
8749.13,0.21024
8751.62,0.20951
8754.12,0.20926
8756.61,0.20942
8759.11,0.20985
8761.6,0.21066
8764.1,0.21039
8766.59,0.21044
8769.09,0.21104
8771.58,0.21016
8774.08,0.21053
8776.57,0.21021
8779.07,0.21139
8781.56,0.2116
8784.06,0.21147
8786.55,0.21155
8789.05,0.2118
8791.54,0.21054
8794.04,0.20999
8796.53,0.20996
8799.03,0.20874
8801.52,0.20801
8804.02,0.20543
8806.51,0.20401
8809.01,0.20375
8811.5,0.2046
8814.0,0.20621
8816.5,0.20847
8818.99,0.20877
8821.49,0.20954
8823.98,0.20837
8826.48,0.20879
8828.97,0.20921
8831.47,0.21011
8833.96,0.21056
8836.46,0.21103
8838.95,0.21085
8841.45,0.21106
8843.94,0.21115
8846.44,0.21194
8848.93,0.21283
8851.43,0.21274
8853.92,0.21262
8856.42,0.21275
8858.91,0.21105
8861.41,0.21
8863.9,0.20863
8866.4,0.20762
8868.89,0.20724
8871.39,0.20777
8873.88,0.20908
8876.38,0.20981
8878.87,0.21025
8881.37,0.21071
8883.87,0.21076
8886.36,0.21113
8888.86,0.21131
8891.35,0.21112
8893.84,0.21125
8896.34,0.21094
8898.84,0.21054
8901.33,0.21009
8903.83,0.21084
8906.32,0.21068
8908.82,0.20972
8911.31,0.20976
8913.81,0.20924
8916.3,0.20886
8918.8,0.2085
8921.29,0.20717
8923.79,0.20658
8926.28,0.20618
8928.78,0.20606
8931.27,0.20655
8933.77,0.20616
8936.26,0.20694
8938.76,0.20693
8941.25,0.20674
8943.75,0.20634
8946.24,0.20605
8948.74,0.20623
8951.23,0.2066
8953.73,0.20827
8956.22,0.20822
8958.72,0.20918
8961.21,0.20949
8963.71,0.20915
8966.2,0.20864
8968.7,0.20852
8971.2,0.20738
8973.69,0.20698
8976.19,0.20669
8978.68,0.20677
8981.18,0.20701
8983.67,0.20734
8986.17,0.20783
8988.66,0.20763
8991.16,0.20785
8993.65,0.20715
8996.15,0.20725
8998.64,0.20618
9001.14,0.205
9003.63,0.20474
9006.13,0.20275
9008.62,0.2011
9011.12,0.19946
9013.61,0.19813
9016.11,0.19666
9018.6,0.19727
9021.1,0.19798
9023.59,0.19945
9026.09,0.20124
9028.58,0.20241
9031.08,0.20396
9033.57,0.20525
9036.07,0.20614
9038.56,0.20603
9041.06,0.20694
9043.55,0.20717
9046.05,0.20751
9048.54,0.20711
9051.04,0.20702
9053.54,0.20646
9056.03,0.20598
9058.53,0.20588
9061.02,0.20525
9063.52,0.20453
9066.01,0.20452
9068.51,0.20459
9071.0,0.20419
9073.5,0.20454
9075.99,0.20405
9078.49,0.20406
9080.98,0.2022
9083.48,0.20127
9085.97,0.20021
9088.47,0.19891
9090.96,0.19887
9093.46,0.19859
9095.95,0.19987
9098.45,0.20092
9100.94,0.20176
9103.44,0.20258
9105.93,0.20325
9108.43,0.20278
9110.92,0.20251
9113.42,0.20238
9115.91,0.2016
9118.41,0.20115
9120.9,0.20149
9123.4,0.20219
9125.89,0.20237
9128.39,0.2027
9130.88,0.20356
9133.38,0.20297
9135.88,0.20255
9138.37,0.20133
9140.87,0.20017
9143.36,0.19955
9145.86,0.19883
9148.35,0.19767
9150.85,0.19846
9153.34,0.19946
9155.84,0.199
9158.33,0.19871
9160.83,0.19866
9163.32,0.1981
9165.82,0.19771
9168.31,0.19666
9170.81,0.19563
9173.3,0.19481
9175.8,0.1949
9178.29,0.19544
9180.79,0.19621
9183.28,0.19648
9185.78,0.19678
9188.27,0.19675
9190.77,0.19638
9193.26,0.19619
9195.76,0.19594
9198.25,0.1954
9200.75,0.1955
9203.24,0.19602
9205.74,0.19507
9208.24,0.19482
9210.73,0.19396
9213.23,0.19425
9215.72,0.19356
9218.22,0.19331
9220.71,0.19415
9223.21,0.19375
9225.7,0.19323
9228.2,0.19289
9230.69,0.19276
9233.19,0.1923
9235.68,0.19277
9238.18,0.19319
9240.67,0.19429
9243.17,0.194
9245.66,0.1945
9248.16,0.19376
9250.65,0.19399
9253.15,0.19319
9255.64,0.19323
9258.14,0.19288
9260.63,0.19321
9263.13,0.19417
9265.62,0.19458
9268.12,0.19561
9270.61,0.1956
9273.11,0.19586
9275.6,0.19527
9278.1,0.19489
9280.59,0.19376
9283.09,0.19332
9285.58,0.19294
9288.08,0.19255
9290.58,0.19239
9293.07,0.19251
9295.57,0.19186
9298.06,0.19215
9300.56,0.19193
9303.05,0.19243
9305.55,0.19277
9308.04,0.19305
9310.54,0.19261
9313.03,0.1926
9315.53,0.19221
9318.02,0.19231
9320.52,0.19265
9323.01,0.19237
9325.51,0.19236
9328.0,0.1921
9330.5,0.19262
9332.99,0.19287
9335.49,0.19281
9337.98,0.19268
9340.48,0.19273
9342.97,0.19205
9345.47,0.19167
9347.96,0.19147
9350.46,0.191
9352.95,0.19007
9355.45,0.18936
9357.94,0.1889
9360.44,0.188
9362.93,0.18814
9365.43,0.18816
9367.92,0.18815
9370.42,0.18808
9372.92,0.18837
9375.41,0.18858
9377.91,0.18845
9380.4,0.18852
9382.9,0.18812
9385.39,0.18885
9387.89,0.18845
9390.38,0.18865
9392.88,0.18884
9395.37,0.18859
9397.87,0.18794
9400.36,0.18782
9402.86,0.18707
9405.35,0.18617
9407.85,0.18526
9410.34,0.18427
9412.84,0.1841
9415.33,0.18347
9417.83,0.18367
9420.32,0.18448
9422.82,0.18572
9425.31,0.18625
9427.81,0.18627
9430.3,0.18664
9432.8,0.18607
9435.29,0.18583
9437.79,0.18542
9440.28,0.18523
9442.78,0.18522
9445.27,0.18478
9447.77,0.18488
9450.27,0.18563
9452.76,0.18562
9455.25,0.18619
9457.75,0.18644
9460.25,0.18639
9462.74,0.18679
9465.24,0.18722
9467.73,0.18694
9470.23,0.18782
9472.72,0.18773
9475.22,0.18736
9477.71,0.18765
9480.21,0.18737
9482.7,0.18764
9485.2,0.18716
9487.69,0.18727
9490.19,0.18779
9492.68,0.18821
9495.18,0.18812
9497.67,0.18755
9500.17,0.18818
9502.66,0.18805
9505.16,0.18772
9507.65,0.18781
9510.15,0.18806
9512.64,0.18794
9515.14,0.18845
9517.63,0.18825
9520.13,0.1882
9522.62,0.18821
9525.12,0.18884
9527.61,0.18857
9530.11,0.18829
9532.61,0.18784
9535.1,0.18739
9537.6,0.18684
9540.09,0.18476
9542.59,0.18348
9545.08,0.18296
9547.58,0.18208
9550.07,0.18273
9552.57,0.18374
9555.06,0.18528
9557.56,0.18624
9560.05,0.1875
9562.55,0.18756
9565.04,0.1877
9567.54,0.18737
9570.03,0.18663
9572.53,0.18629
9575.02,0.18605
9577.52,0.18527
9580.01,0.18602
9582.51,0.18646
9585.0,0.18639
9587.5,0.18692
9589.99,0.18685
9592.49,0.1868
9594.98,0.18611
9597.48,0.18541
9599.97,0.18441
9602.47,0.18405
9604.96,0.18427
9607.46,0.18502
9609.96,0.18523
9612.45,0.18575
9614.95,0.18582
9617.44,0.18597
9619.94,0.18592
9622.43,0.1854
9624.93,0.18497
9627.42,0.18503
9629.92,0.18495
9632.41,0.18409
9634.91,0.18356
9637.4,0.18325
9639.9,0.18248
9642.39,0.18199
9644.89,0.18216
9647.38,0.18171
9649.88,0.18233
9652.37,0.1821
9654.87,0.18239
9657.36,0.18276
9659.86,0.18234
9662.35,0.18294
9664.85,0.18251
9667.34,0.18233
9669.84,0.1822
9672.33,0.18159
9674.83,0.1813
9677.32,0.18103
9679.82,0.18097
9682.31,0.18185
9684.81,0.18144
9687.3,0.18193
9689.8,0.18151
9692.29,0.18183
9694.79,0.18135
9697.29,0.18162
9699.78,0.1821
9702.28,0.18155
9704.77,0.18098
9707.27,0.18059
9709.76,0.18096
9712.26,0.18088
9714.75,0.18169
9717.25,0.18182
9719.74,0.18163
9722.24,0.18122
9724.73,0.18145
9727.23,0.18069
9729.72,0.18005
9732.22,0.18013
9734.71,0.1799
9737.21,0.17993
9739.7,0.18003
9742.2,0.17926
9744.69,0.17927
9747.19,0.18004
9749.68,0.18048
9752.18,0.18067
9754.67,0.18116
9757.17,0.18137
9759.66,0.1814
9762.16,0.18132
9764.65,0.18105
9767.15,0.18093
9769.64,0.18022
9772.14,0.18015
9774.64,0.18004
9777.13,0.18005
9779.63,0.17922
9782.12,0.17849
9784.62,0.17766
9787.11,0.17695
9789.61,0.17783
9792.1,0.17853
9794.6,0.17924
9797.09,0.18018
9799.59,0.18064
9802.08,0.18094
9804.58,0.18154
9807.07,0.18167
9809.57,0.18169
9812.06,0.18205
9814.56,0.18213
9817.05,0.1823
9819.55,0.18199
9822.04,0.18203
9824.54,0.18206
9827.03,0.18163
9829.53,0.18125
9832.02,0.18135
9834.52,0.18144
9837.01,0.18101
9839.51,0.18134
9842.0,0.18181
9844.5,0.18168
9847.0,0.1816
9849.49,0.18182
9851.99,0.18141
9854.48,0.18143
9856.98,0.18115
9859.47,0.1809
9861.97,0.18057
9864.46,0.1808
9866.96,0.18055
9869.45,0.18007
9871.95,0.18056
9874.44,0.18057
9876.94,0.18082
9879.43,0.18043
9881.93,0.18073
9884.42,0.18034
9886.92,0.17974
9889.41,0.1793
9891.91,0.17919
9894.4,0.1793
9896.9,0.17914
9899.39,0.17905
9901.89,0.17871
9904.38,0.17883
9906.88,0.17877
9909.37,0.17838
9911.87,0.17826
9914.36,0.17852
9916.86,0.17797
9919.35,0.17816
9921.85,0.17822
9924.34,0.1775
9926.84,0.1775
9929.33,0.17765
9931.83,0.17766
9934.33,0.17801
9936.82,0.17808
9939.32,0.17838
9941.81,0.17849
9944.31,0.1781
9946.8,0.17791
9949.3,0.17782
9951.79,0.17798
9954.29,0.17847
9956.78,0.17824
9959.28,0.1783
9961.77,0.17854
9964.27,0.17816
9966.76,0.1788
9969.26,0.17821
9971.75,0.17828
9974.25,0.17808
9976.74,0.17785
9979.24,0.17805
9981.73,0.17817
9984.23,0.17782
9986.72,0.1775
9989.22,0.17785
9991.71,0.1773
9994.21,0.17708
9996.7,0.17698
9999.2,0.17671
10001.7,0.17682
10004.2,0.1767
10006.7,0.17675
10009.2,0.17688
10011.7,0.17726
10014.2,0.17747
10016.7,0.1778
10019.2,0.17838
10021.7,0.17848
10024.2,0.17772
10026.6,0.17784
10029.1,0.1772
10031.6,0.17694
10034.1,0.17646
10036.6,0.17601
10039.1,0.17556
10041.6,0.17519
10044.1,0.17442
10046.6,0.17348
10049.1,0.17311
10051.6,0.17226
10054.1,0.17259
10056.6,0.17268
10059.1,0.17292
10061.6,0.17326
10064.1,0.174
10066.6,0.17404
10069.1,0.17462
10071.6,0.17468
10074.1,0.17559
10076.5,0.17516
10079.0,0.17555
10081.5,0.17544
10084.0,0.17531
10086.5,0.17583
10089.0,0.1755
10091.5,0.17582
10094.0,0.17645
10096.5,0.17625
10099.0,0.17613
10101.5,0.17648
10104.0,0.17627
10106.5,0.17632
10109.0,0.17589
10111.5,0.1756
10114.0,0.1752
10116.5,0.1751
10119.0,0.17485
10121.5,0.17481
10124.0,0.17466
10126.5,0.17464
10128.9,0.17446
10131.4,0.17466
10133.9,0.17462
10136.4,0.174
10138.9,0.17387
10141.4,0.17361
10143.9,0.17317
10146.4,0.1729
10148.9,0.1725
10151.4,0.17264
10153.9,0.17326
10156.4,0.17323
10158.9,0.17326
10161.4,0.17326
10163.9,0.17322
10166.4,0.17369
10168.9,0.17289
10171.4,0.1732
10173.9,0.17358
10176.4,0.17332
10178.9,0.17374
10181.3,0.17358
10183.8,0.17305
10186.3,0.17283
10188.8,0.17266
10191.3,0.17238
10193.8,0.1722
10196.3,0.17225
10198.8,0.17195
10201.3,0.17195
10203.8,0.17221
10206.3,0.17206
10208.8,0.172
10211.3,0.17218
10213.8,0.17179
10216.3,0.17103
10218.8,0.17074
10221.3,0.17051
10223.8,0.17095
10226.3,0.17153
10228.8,0.17122
10231.2,0.17152
10233.7,0.17142
10236.2,0.1716
10238.7,0.17186
10241.2,0.17194
10243.7,0.17151
10246.2,0.17156
10248.7,0.17136
10251.2,0.17121
10253.7,0.17114
10256.2,0.17071
10258.7,0.17067
10261.2,0.17087
10263.7,0.17058
10266.2,0.17031
10268.7,0.1703
10271.2,0.16982
10273.7,0.16985
10276.2,0.1704
10278.7,0.16994
10281.2,0.17026
10283.6,0.17016
10286.1,0.16955
10288.6,0.16953
10291.1,0.16969
10293.6,0.16948
10296.1,0.16998
10298.6,0.16941
10301.1,0.16959
10303.6,0.16955
10306.1,0.16982
10308.6,0.17002
10311.1,0.17016
10313.6,0.16986
10316.1,0.16948
10318.6,0.16941
10321.1,0.16947
10323.6,0.16851
10326.1,0.1681
10328.6,0.16696
10331.1,0.16675
10333.5,0.16693
10336.0,0.16635
10338.5,0.16637
10341.0,0.1663
10343.5,0.16611
10346.0,0.16603
10348.5,0.16588
10351.0,0.16693
10353.5,0.16755
10356.0,0.16783
10358.5,0.1678
10361.0,0.16868
10363.5,0.16838
10366.0,0.16787
10368.5,0.16819
10371.0,0.16775
10373.5,0.16756
10376.0,0.16678
10378.5,0.16652
10381.0,0.16694
10383.5,0.16703
10385.9,0.16729
10388.4,0.16764
10390.9,0.16681
10393.4,0.16621
10395.9,0.16582
10398.4,0.16564
10400.9,0.16545
10403.4,0.16597
10405.9,0.16605
10408.4,0.167
10410.9,0.1671
10413.4,0.16704
10415.9,0.167
10418.4,0.16731
10420.9,0.16652
10423.4,0.16642
10425.9,0.16626
10428.4,0.16645
10430.9,0.16643
10433.4,0.167
10435.9,0.16696
10438.3,0.167
10440.8,0.16708
10443.3,0.16719
10445.8,0.16717
10448.3,0.16728
10450.8,0.16672
10453.3,0.1663
10455.8,0.16605
10458.3,0.1657
10460.8,0.16607
10463.3,0.16557
10465.8,0.16553
10468.3,0.1656
10470.8,0.16529
10473.3,0.1653
10475.8,0.16517
10478.3,0.16513
10480.8,0.16533
10483.3,0.16593
10485.8,0.16574
10488.2,0.16492
10490.7,0.16501
10493.2,0.16451
10495.7,0.16447
10498.2,0.16382
10500.7,0.16439
10503.2,0.16415
10505.7,0.16397
10508.2,0.16428
10510.7,0.16447
10513.2,0.16452
10515.7,0.16473
10518.2,0.16472
10520.7,0.1647
10523.2,0.16497
10525.7,0.16446
10528.2,0.1645
10530.7,0.16412
10533.2,0.16396
10535.7,0.16356
10538.2,0.16442
10540.6,0.16414
10543.1,0.16458
10545.6,0.16465
10548.1,0.16462
10550.6,0.16436
10553.1,0.16418
10555.6,0.16445
10558.1,0.16403
10560.6,0.16397
10563.1,0.16392
10565.6,0.16383
10568.1,0.16368
10570.6,0.16343
10573.1,0.16342
10575.6,0.16283
10578.1,0.16207
10580.6,0.16169
10583.1,0.1605
10585.6,0.15967
10588.1,0.15974
10590.6,0.16026
10593.0,0.16058
10595.5,0.16106
10598.0,0.16159
10600.5,0.16182
10603.0,0.161
10605.5,0.16083
10608.0,0.16032
10610.5,0.16055
10613.0,0.1612
10615.5,0.161
10618.0,0.16148
10620.5,0.16165
10623.0,0.1618
10625.5,0.16166
10628.0,0.16205
10630.5,0.16175
10633.0,0.16203
10635.5,0.16176
10638.0,0.16213
10640.5,0.16218
10642.9,0.16212
10645.4,0.16232
10647.9,0.16187
10650.4,0.16147
10652.9,0.16124
10655.4,0.16026
10657.9,0.16003
10660.4,0.15933
10662.9,0.15866
10665.4,0.15858
10667.9,0.15907
10670.4,0.15895
10672.9,0.15945
10675.4,0.16016
10677.9,0.16005
10680.4,0.15957
10682.9,0.15918
10685.4,0.15942
10687.9,0.15853
10690.4,0.15805
10692.9,0.15761
10695.3,0.15825
10697.8,0.15831
10700.3,0.15929
10702.8,0.15987
10705.3,0.15999
10707.8,0.16008
10710.3,0.15972
10712.8,0.16026
10715.3,0.16039
10717.8,0.16008
10720.3,0.15919
10722.8,0.15883
10725.3,0.15819
10727.8,0.15711
10730.3,0.15667
10732.8,0.15667
10735.3,0.15714
10737.8,0.15782
10740.3,0.15836
10742.8,0.1584
10745.3,0.15793
10747.7,0.15776
10750.2,0.15728
10752.7,0.1572
10755.2,0.15707
10757.7,0.15732
10760.2,0.15736
10762.7,0.15858
10765.2,0.15898
10767.7,0.15855
10770.2,0.15871
10772.7,0.15816
10775.2,0.15773
10777.7,0.15759
10780.2,0.15666
10782.7,0.15599
10785.2,0.15559
10787.7,0.15521
10790.2,0.15551
10792.7,0.156
10795.2,0.15631
10797.6,0.15699
10800.1,0.1573
10802.6,0.15789
10805.1,0.15737
10807.6,0.15635
10810.1,0.1561
10812.6,0.15594
10815.1,0.1551
10817.6,0.15479
10820.1,0.1543
10822.6,0.15447
10825.1,0.15362
10827.6,0.1534
10830.1,0.15339
10832.6,0.15371
10835.1,0.15447
10837.6,0.15493
10840.1,0.15481
10842.6,0.1557
10845.1,0.15569
10847.6,0.1558
10850.0,0.1558
10852.5,0.15643
10855.0,0.15634
10857.5,0.15662
10860.0,0.15597
10862.5,0.15524
10865.0,0.15438
10867.5,0.15317
10870.0,0.15259
10872.5,0.15195
10875.0,0.15176
10877.5,0.15171
10880.0,0.15221
10882.5,0.15252
10885.0,0.15302
10887.5,0.15282
10890.0,0.15302
10892.5,0.15342
10895.0,0.15374
10897.5,0.15401
10900.0,0.1544
10902.4,0.15452
10904.9,0.1544
10907.4,0.15456
10909.9,0.15455
10912.4,0.15427
10914.9,0.15337
10917.4,0.15393
10919.9,0.1533
10922.4,0.15283
10924.9,0.15227
10927.4,0.1519
10929.9,0.15138
10932.4,0.15054
10934.9,0.15024
10937.4,0.1499
10939.9,0.14987
10942.4,0.15021
10944.9,0.14996
10947.4,0.1508
10949.9,0.15088
10952.3,0.15076
10954.8,0.15049
10957.3,0.14973
10959.8,0.14917
10962.3,0.14807
10964.8,0.1475
10967.3,0.14668
10969.8,0.14662
10972.3,0.14619
10974.8,0.14606
10977.3,0.14656
10979.8,0.14642
10982.3,0.14661
10984.8,0.14653
10987.3,0.14678
10989.8,0.14702
10992.3,0.14721
10994.8,0.14732
10997.3,0.14762
10999.8,0.14737
