wave,flux
3700.85,0.18104
3701.75,0.17978
3702.65,0.1746
3703.55,0.16749
3704.45,0.15959
3705.35,0.15365
3706.25,0.14924
3707.15,0.14781
3708.05,0.14907
3708.96,0.15101
3709.86,0.15412
3710.76,0.15739
3711.66,0.16169
3712.56,0.16753
3713.46,0.17308
3714.36,0.17985
3715.26,0.18403
3716.16,0.1864
3717.06,0.18531
3717.96,0.18
3718.86,0.17212
3719.76,0.161
3720.66,0.15106
3721.56,0.14363
3722.46,0.14111
3723.36,0.14468
3724.26,0.15151
3725.16,0.15982
3726.06,0.16717
3726.96,0.17212
3727.86,0.17527
3728.76,0.17564
3729.66,0.17474
3730.56,0.17169
3731.46,0.16698
3732.36,0.15845
3733.26,0.14903
3734.16,0.13851
3735.06,0.13102
3735.96,0.12788
3736.86,0.13019
3737.76,0.13653
3738.66,0.14605
3739.56,0.15722
3740.46,0.16609
3741.36,0.17298
3742.26,0.17584
3743.16,0.17433
3744.06,0.17011
3744.96,0.16357
3745.86,0.15641
3746.76,0.14867
3747.67,0.14064
3748.57,0.13485
3749.47,0.13128
3750.37,0.13117
3751.27,0.13721
3752.17,0.14705
3753.07,0.15868
3753.97,0.17078
3754.87,0.18024
3755.77,0.18494
3756.67,0.18604
3757.57,0.18286
3758.47,0.17768
3759.37,0.17407
3760.27,0.17137
3761.17,0.17238
3762.07,0.17585
3762.97,0.17868
3763.87,0.18132
3764.77,0.1825
3765.67,0.18194
3766.57,0.18037
3767.47,0.17743
3768.37,0.1734
3769.27,0.16975
3770.17,0.16693
3771.07,0.16715
3771.97,0.16925
3772.87,0.17445
3773.77,0.18076
3774.67,0.18628
3775.57,0.19171
3776.47,0.19706
3777.37,0.20092
3778.27,0.20468
3779.17,0.20904
3780.07,0.21418
3780.97,0.2183
3781.87,0.22121
3782.77,0.22174
3783.67,0.22165
3784.57,0.21973
3785.47,0.21554
3786.38,0.21104
3787.28,0.20476
3788.18,0.19973
3789.08,0.19519
3789.98,0.19244
3790.88,0.19105
3791.78,0.18907
3792.68,0.18761
3793.58,0.18321
3794.48,0.1776
3795.38,0.17106
3796.28,0.16476
3797.18,0.15742
3798.08,0.15326
3798.98,0.15435
3799.88,0.15796
3800.78,0.16635
3801.68,0.17689
3802.58,0.18895
3803.48,0.19934
3804.38,0.20654
3805.28,0.21142
3806.18,0.21315
3807.08,0.21476
3807.98,0.21454
3808.88,0.21599
3809.78,0.21685
3810.68,0.21883
3811.58,0.21778
3812.48,0.21445
3813.38,0.20967
3814.28,0.20316
3815.18,0.19861
3816.08,0.19469
3816.98,0.19476
3817.88,0.1937
3818.78,0.19311
3819.68,0.19216
3820.58,0.19006
3821.48,0.18872
3822.38,0.18628
3823.28,0.18414
3824.18,0.18144
3825.09,0.17719
3825.99,0.17289
3826.89,0.16877
3827.79,0.16569
3828.69,0.16384
3829.59,0.16109
3830.49,0.15862
3831.39,0.15413
3832.29,0.14778
3833.19,0.1406
3834.09,0.13425
3834.99,0.13021
3835.89,0.1285
3836.79,0.12785
3837.69,0.13053
3838.59,0.13467
3839.49,0.14027
3840.39,0.14783
3841.29,0.15704
3842.19,0.16749
3843.09,0.17788
3843.99,0.18776
3844.89,0.19501
3845.79,0.20114
3846.69,0.20606
3847.59,0.20801
3848.49,0.2101
3849.39,0.21037
3850.29,0.21059
3851.19,0.21221
3852.09,0.21227
3852.99,0.21304
3853.89,0.21346
3854.79,0.21237
3855.69,0.20938
3856.59,0.20643
3857.49,0.20234
3858.39,0.19767
3859.29,0.19474
3860.19,0.19373
3861.09,0.19541
3861.99,0.19975
3862.9,0.20483
3863.8,0.21098
3864.7,0.21553
3865.6,0.21778
3866.5,0.21889
3867.4,0.2183
3868.3,0.21792
3869.2,0.21567
3870.1,0.21231
3871.0,0.20736
3871.9,0.20236
3872.8,0.1981
3873.7,0.19564
3874.6,0.19543
3875.5,0.19742
3876.4,0.19736
3877.3,0.19833
3878.2,0.19574
3879.1,0.19504
3880.0,0.19421
3880.9,0.19362
3881.8,0.19368
3882.7,0.19276
3883.6,0.19029
3884.5,0.18647
3885.4,0.18035
3886.3,0.17298
3887.2,0.16502
3888.1,0.15936
3889.0,0.15488
3889.9,0.15496
3890.8,0.15811
3891.7,0.16529
3892.6,0.17229
3893.5,0.17928
3894.4,0.185
3895.3,0.19038
3896.2,0.19388
3897.1,0.19721
3898.0,0.19946
3898.9,0.20187
3899.8,0.20333
3900.7,0.20446
3901.6,0.20519
3902.51,0.20483
3903.41,0.2043
3904.31,0.20339
3905.21,0.20254
3906.11,0.20201
3907.01,0.20338
3907.91,0.20567
3908.81,0.21048
3909.71,0.21568
3910.61,0.22065
3911.51,0.22422
3912.41,0.22552
3913.31,0.22565
3914.21,0.22534
3915.11,0.22378
3916.01,0.22021
3916.91,0.21735
3917.81,0.21406
3918.71,0.2108
3919.61,0.2079
3920.51,0.20375
3921.41,0.20022
3922.31,0.19777
3923.21,0.19671
3924.11,0.19404
3925.01,0.19022
3925.91,0.18487
3926.81,0.17654
3927.71,0.1655
3928.61,0.15137
3929.51,0.13663
3930.41,0.1205
3931.31,0.10383
3932.21,0.089025
3933.11,0.077981
3934.01,0.071164
3934.91,0.069841
3935.81,0.074595
3936.71,0.084357
3937.61,0.098564
3938.51,0.11478
3939.42,0.13142
3940.32,0.14614
3941.22,0.15899
3942.12,0.16898
3943.02,0.17593
3943.92,0.18272
3944.82,0.18726
3945.72,0.19287
3946.62,0.19744
3947.52,0.20306
3948.42,0.20732
3949.32,0.21014
3950.22,0.21257
3951.12,0.21403
3952.02,0.21538
3952.92,0.21615
3953.82,0.2183
3954.72,0.21861
3955.62,0.21728
3956.52,0.21567
3957.42,0.215
3958.32,0.21273
3959.22,0.2095
3960.12,0.20449
3961.02,0.19809
3961.92,0.18745
3962.82,0.17654
3963.72,0.16379
3964.62,0.14995
3965.52,0.13435
3966.42,0.1178
3967.32,0.10296
3968.22,0.090086
3969.12,0.082048
3970.02,0.080279
3970.92,0.084448
3971.82,0.094869
3972.72,0.10889
3973.62,0.12588
3974.52,0.14338
3975.42,0.15854
3976.32,0.17366
3977.22,0.1872
3978.13,0.19786
3979.03,0.20642
3979.93,0.21443
3980.83,0.22038
3981.73,0.22449
3982.63,0.227
3983.53,0.22863
3984.43,0.22949
3985.33,0.23033
3986.23,0.23416
3987.13,0.23554
3988.03,0.23992
3988.93,0.24164
3989.83,0.24393
3990.73,0.24401
3991.63,0.24682
3992.53,0.2484
3993.43,0.25021
3994.33,0.24792
3995.23,0.24702
3996.13,0.24536
3997.03,0.24201
3997.93,0.24047
3998.83,0.24112
3999.73,0.24322
4000.63,0.24666
4001.53,0.2501
4002.43,0.2511
4003.33,0.25134
4004.23,0.25013
4005.13,0.24736
4006.03,0.24496
4006.93,0.24492
4007.83,0.24429
4008.73,0.24682
4009.63,0.25087
4010.53,0.25332
4011.43,0.25625
4012.33,0.25798
4013.23,0.25782
4014.13,0.25883
4015.03,0.25822
4015.93,0.2597
4016.84,0.25934
4017.74,0.25939
4018.64,0.25918
4019.54,0.26016
4020.44,0.2617
4021.34,0.26156
4022.24,0.26134
4023.14,0.26071
4024.04,0.26191
4024.94,0.26114
4025.84,0.26158
4026.74,0.26301
4027.64,0.26413
4028.54,0.26327
4029.44,0.26247
4030.34,0.25779
4031.24,0.25238
4032.14,0.24905
4033.04,0.24575
4033.94,0.24582
4034.84,0.24808
4035.74,0.2524
4036.64,0.25888
4037.54,0.26428
4038.44,0.26822
4039.34,0.27049
4040.24,0.27077
4041.14,0.26929
4042.04,0.26671
4042.94,0.26178
4043.84,0.25651
4044.74,0.25097
4045.64,0.24605
4046.54,0.24464
4047.44,0.24572
4048.34,0.24893
4049.24,0.25484
4050.14,0.25984
4051.04,0.26327
4051.94,0.26525
4052.84,0.26538
4053.74,0.26385
4054.65,0.26256
4055.55,0.25976
4056.45,0.25861
4057.35,0.25786
4058.25,0.25836
4059.15,0.25758
4060.05,0.25929
4060.95,0.25884
4061.85,0.25801
4062.75,0.25451
4063.65,0.25082
4064.55,0.24828
4065.45,0.24767
4066.35,0.24804
4067.25,0.25023
4068.15,0.25364
4069.05,0.25669
4069.95,0.25759
4070.85,0.25914
4071.75,0.25843
4072.65,0.25626
4073.55,0.25537
4074.45,0.25303
4075.35,0.25075
4076.25,0.24648
4077.15,0.24287
4078.05,0.24079
4078.95,0.24096
4079.85,0.24314
4080.75,0.24824
4081.65,0.25187
4082.55,0.25563
4083.45,0.25977
4084.35,0.25882
4085.25,0.26135
4086.15,0.26257
4087.05,0.2647
4087.95,0.27031
4088.85,0.27321
4089.75,0.2755
4090.65,0.27528
4091.55,0.27627
4092.45,0.2743
4093.36,0.27154
4094.26,0.26832
4095.16,0.26373
4096.06,0.25834
4096.96,0.2531
4097.86,0.24444
4098.76,0.2359
4099.66,0.22592
4100.56,0.21574
4101.46,0.20863
4102.36,0.20484
4103.26,0.20453
4104.16,0.20859
4105.06,0.21676
4105.96,0.22558
4106.86,0.23548
4107.76,0.24262
4108.66,0.24955
4109.56,0.25147
4110.46,0.25486
4111.36,0.25638
4112.26,0.25855
4113.16,0.26118
4114.06,0.26467
4114.96,0.26841
4115.86,0.26823
4116.76,0.27074
4117.66,0.2682
4118.56,0.26796
4119.46,0.26679
4120.36,0.26419
4121.26,0.26368
4122.16,0.26408
4123.06,0.26619
4123.96,0.26577
4124.86,0.26678
4125.76,0.26708
4126.66,0.26833
4127.56,0.26662
4128.46,0.26541
4129.36,0.26412
4130.26,0.26355
4131.17,0.2601
4132.06,0.25812
4132.97,0.2562
4133.87,0.25661
4134.77,0.25556
4135.67,0.25873
4136.57,0.26289
4137.47,0.26801
4138.37,0.27125
4139.27,0.27334
4140.17,0.27429
4141.07,0.27158
4141.97,0.26822
4142.87,0.26508
4143.77,0.2622
4144.67,0.25881
4145.57,0.25898
4146.47,0.26019
4147.37,0.26356
4148.27,0.26618
4149.17,0.26891
4150.07,0.26842
4150.97,0.26769
4151.87,0.26796
4152.77,0.26663
4153.67,0.26555
4154.57,0.26409
4155.47,0.26416
4156.37,0.265
4157.27,0.264
4158.17,0.26709
4159.07,0.26949
4159.97,0.27196
4160.87,0.27306
4161.77,0.27623
4162.67,0.27672
4163.57,0.27775
4164.47,0.27751
4165.37,0.27705
4166.27,0.27663
4167.17,0.27583
4168.07,0.2726
4168.98,0.27103
4169.88,0.26879
4170.78,0.26466
4171.68,0.26279
4172.58,0.25731
4173.48,0.25371
4174.38,0.25154
4175.28,0.25105
4176.18,0.25229
4177.08,0.25435
4177.98,0.25673
4178.88,0.26024
4179.78,0.26171
4180.68,0.26474
4181.58,0.26445
4182.48,0.26551
4183.38,0.26581
4184.28,0.26639
4185.18,0.26605
4186.08,0.26503
4186.98,0.26387
4187.88,0.26337
4188.78,0.26246
4189.68,0.26431
4190.58,0.26618
4191.48,0.26699
4192.38,0.26864
4193.28,0.26942
4194.18,0.26964
4195.08,0.26978
4195.98,0.26904
4196.88,0.26409
4197.78,0.26096
4198.68,0.25778
4199.58,0.25473
4200.48,0.25251
4201.38,0.25292
4202.28,0.25317
4203.18,0.25366
4204.08,0.25613
4204.98,0.25764
4205.88,0.25978
4206.79,0.26227
4207.69,0.26585
4208.59,0.26784
4209.49,0.27073
4210.39,0.27154
4211.29,0.2729
4212.19,0.2723
4213.09,0.26976
4213.99,0.26827
4214.89,0.26588
4215.79,0.26434
4216.69,0.26188
4217.59,0.26283
4218.49,0.2615
4219.39,0.26451
4220.29,0.26697
4221.19,0.26889
4222.09,0.26595
4222.99,0.26182
4223.89,0.25641
4224.79,0.24807
4225.69,0.24096
4226.59,0.23466
4227.49,0.23202
4228.39,0.23363
4229.29,0.23888
4230.19,0.24604
4231.09,0.25357
4231.99,0.25767
4232.89,0.26109
4233.79,0.26112
4234.69,0.26122
4235.59,0.26
4236.49,0.2564
4237.39,0.25622
4238.29,0.25763
4239.19,0.25833
4240.09,0.25992
4240.99,0.26213
4241.89,0.26398
4242.79,0.26538
4243.69,0.26855
4244.59,0.26695
4245.5,0.26639
4246.4,0.26626
4247.3,0.26278
4248.2,0.2607
4249.1,0.2567
4250.0,0.25521
4250.9,0.25582
4251.8,0.25676
4252.7,0.25878
4253.6,0.25973
4254.5,0.26077
4255.4,0.26157
4256.3,0.26244
4257.2,0.26151
4258.1,0.26271
4259.0,0.26112
4259.9,0.25914
4260.8,0.25889
4261.7,0.25986
4262.6,0.26013
4263.5,0.2639
4264.4,0.26736
4265.3,0.27087
4266.2,0.27246
4267.1,0.2724
4268.0,0.27038
4268.9,0.26595
4269.8,0.26028
4270.7,0.25484
4271.6,0.24985
4272.5,0.24604
4273.4,0.24463
4274.3,0.24235
4275.2,0.2463
4276.1,0.24965
4277.0,0.25425
4277.9,0.25886
4278.8,0.26064
4279.7,0.26294
4280.6,0.26243
4281.5,0.26184
4282.4,0.25959
4283.31,0.25885
4284.21,0.25689
4285.11,0.25509
4286.01,0.25288
4286.91,0.24913
4287.81,0.24446
4288.71,0.24186
4289.61,0.23915
4290.51,0.23625
4291.41,0.2368
4292.31,0.23871
4293.21,0.23996
4294.11,0.24165
4295.01,0.24246
4295.91,0.2418
4296.81,0.23838
4297.71,0.23274
4298.61,0.22667
4299.51,0.2195
4300.41,0.21363
4301.31,0.20984
4302.21,0.20614
4303.11,0.20643
4304.01,0.20684
4304.91,0.20616
4305.81,0.20704
4306.71,0.20611
4307.61,0.20564
4308.51,0.2043
4309.41,0.20429
4310.31,0.20562
4311.21,0.20943
4312.11,0.21439
4313.01,0.2211
4313.91,0.23046
4314.81,0.24045
4315.71,0.25086
4316.61,0.26063
4317.51,0.27124
4318.41,0.27656
4319.31,0.28125
4320.21,0.28126
4321.12,0.28033
4322.02,0.27456
4322.92,0.26765
4323.82,0.26054
4324.72,0.25473
4325.62,0.24976
4326.52,0.2492
4327.42,0.25152
4328.32,0.25515
4329.22,0.26184
4330.12,0.26807
4331.02,0.27196
4331.92,0.27406
4332.82,0.27711
4333.72,0.27537
4334.62,0.274
4335.52,0.26853
4336.42,0.2602
4337.32,0.25127
4338.22,0.24069
4339.12,0.23004
4340.02,0.22059
4340.92,0.21467
4341.82,0.21361
4342.72,0.21812
4343.62,0.22491
4344.52,0.23547
4345.42,0.24563
4346.32,0.25345
4347.22,0.2606
4348.12,0.26525
4349.02,0.26841
4349.92,0.26801
4350.82,0.26623
4351.72,0.26427
4352.62,0.26307
4353.52,0.26292
4354.42,0.2636
4355.32,0.26567
4356.22,0.26794
4357.12,0.27168
4358.02,0.27318
4358.92,0.27609
4359.83,0.2778
4360.73,0.27883
4361.63,0.28123
4362.53,0.28435
4363.43,0.28584
4364.33,0.28725
4365.23,0.28777
4366.13,0.28646
4367.03,0.28642
4367.93,0.284
4368.83,0.28152
4369.73,0.28022
4370.63,0.27736
4371.53,0.27641
4372.43,0.27458
4373.33,0.27202
4374.23,0.27029
4375.13,0.2684
4376.03,0.26946
4376.93,0.26954
4377.83,0.27261
4378.73,0.27311
4379.63,0.27505
4380.53,0.27353
4381.43,0.27181
4382.33,0.26633
4383.23,0.26046
4384.13,0.25542
4385.03,0.25142
4385.93,0.25194
4386.83,0.25494
4387.73,0.25807
4388.63,0.262
4389.53,0.26596
4390.43,0.26847
4391.33,0.27137
4392.23,0.27231
4393.13,0.27551
4394.03,0.27493
4394.93,0.2759
4395.83,0.2773
4396.73,0.27826
4397.64,0.27813
4398.54,0.27854
4399.44,0.27806
4400.34,0.27746
4401.24,0.27573
4402.14,0.27551
4403.04,0.27429
4403.94,0.27309
4404.84,0.27107
4405.74,0.27036
4406.64,0.27015
4407.54,0.26962
4408.44,0.27273
4409.34,0.27568
4410.24,0.27784
4411.14,0.28262
4412.04,0.28574
4412.94,0.28665
4413.84,0.28648
4414.74,0.28593
4415.64,0.28477
4416.54,0.28225
4417.44,0.28268
4418.34,0.28288
4419.24,0.28534
4420.14,0.28739
4421.04,0.29011
4421.94,0.29059
4422.84,0.29082
4423.74,0.29064
4424.64,0.28974
4425.54,0.28881
4426.44,0.28988
4427.34,0.28831
4428.24,0.28799
4429.14,0.28864
4430.04,0.287
4430.94,0.28675
4431.84,0.28644
4432.74,0.2853
4433.64,0.28433
4434.54,0.2841
4435.45,0.28265
4436.35,0.28329
4437.25,0.28473
4438.15,0.28814
4439.05,0.29058
4439.95,0.2915
4440.85,0.29152
4441.75,0.29036
4442.65,0.28833
4443.55,0.28642
4444.45,0.28511
4445.35,0.28539
4446.25,0.28814
4447.15,0.28912
4448.05,0.29087
4448.95,0.29186
4449.85,0.29268
4450.75,0.29214
4451.65,0.29077
4452.55,0.28995
4453.45,0.28545
4454.35,0.28267
4455.25,0.2808
4456.15,0.27814
4457.05,0.2752
4457.95,0.2747
4458.85,0.27399
4459.75,0.27623
4460.65,0.27676
4461.55,0.27678
4462.45,0.27914
4463.35,0.28039
4464.25,0.2831
4465.15,0.28422
4466.05,0.2865
4466.95,0.28684
4467.85,0.28703
4468.75,0.28724
4469.65,0.28829
4470.55,0.28886
4471.45,0.29116
4472.35,0.29384
4473.25,0.29708
4474.16,0.29988
4475.06,0.30312
4475.96,0.30486
4476.86,0.3062
4477.76,0.30556
4478.66,0.30486
4479.56,0.30233
4480.46,0.30094
4481.36,0.29714
4482.26,0.2963
4483.16,0.29501
4484.06,0.29594
4484.96,0.29773
4485.86,0.3007
4486.76,0.3
4487.66,0.30189
4488.56,0.30049
4489.46,0.29952
4490.36,0.29807
4491.26,0.29765
4492.16,0.29675
4493.06,0.29771
4493.96,0.29816
4494.86,0.29732
4495.76,0.29872
4496.66,0.29781
4497.56,0.29999
4498.46,0.29981
4499.36,0.3031
4500.26,0.30404
4501.16,0.30632
4502.06,0.30792
4502.96,0.31094
4503.86,0.3123
4504.76,0.31476
4505.66,0.31641
4506.56,0.31649
4507.46,0.31768
4508.36,0.31754
4509.26,0.31768
4510.17,0.31659
4511.06,0.31649
4511.97,0.31601
4512.87,0.31384
4513.77,0.31301
4514.67,0.31059
4515.57,0.30904
4516.47,0.3078
4517.37,0.30676
4518.27,0.3068
4519.17,0.30595
4520.07,0.30522
4520.97,0.30458
4521.87,0.30442
4522.77,0.30261
4523.67,0.30033
4524.57,0.29762
4525.47,0.29548
4526.37,0.29223
4527.27,0.28838
4528.17,0.28633
4529.07,0.28516
4529.97,0.28352
4530.87,0.28331
4531.77,0.2825
4532.67,0.28141
4533.57,0.28303
4534.47,0.28214
4535.37,0.28316
4536.27,0.28664
4537.17,0.29029
4538.07,0.2941
4538.97,0.29724
4539.87,0.30042
4540.77,0.30276
4541.67,0.30361
4542.57,0.30474
4543.47,0.30385
4544.37,0.30259
4545.27,0.30124
4546.17,0.29967
4547.07,0.29801
4547.97,0.29607
4548.88,0.2945
4549.77,0.29435
4550.68,0.29207
4551.58,0.2908
4552.48,0.29186
4553.38,0.28977
4554.28,0.29097
4555.18,0.29182
4556.08,0.29286
4556.98,0.29644
4557.88,0.29958
4558.78,0.30403
4559.68,0.30559
4560.58,0.30953
4561.48,0.30949
4562.38,0.30986
4563.28,0.30893
4564.18,0.30733
4565.08,0.30677
4565.98,0.3066
4566.88,0.30622
4567.78,0.30814
4568.68,0.31021
4569.58,0.30856
4570.48,0.30896
4571.38,0.30801
4572.28,0.3068
4573.18,0.3076
4574.08,0.30829
4574.98,0.30856
4575.88,0.30971
4576.78,0.30795
4577.68,0.30921
4578.58,0.30767
4579.48,0.30585
4580.38,0.30399
4581.28,0.30172
4582.18,0.30027
4583.08,0.30027
4583.98,0.29977
4584.88,0.30048
4585.78,0.30195
4586.69,0.3028
4587.58,0.30595
4588.49,0.30668
4589.39,0.30763
4590.29,0.30776
4591.19,0.30765
4592.09,0.30694
4592.99,0.30734
4593.89,0.30693
4594.79,0.30643
4595.69,0.30599
4596.59,0.30633
4597.49,0.30703
4598.39,0.30689
4599.29,0.3064
4600.19,0.30682
4601.09,0.30681
4601.99,0.30635
4602.89,0.30625
4603.79,0.30658
4604.69,0.30714
4605.59,0.30913
4606.49,0.30969
4607.39,0.31082
4608.29,0.31483
4609.19,0.31517
4610.09,0.31565
4610.99,0.31661
4611.89,0.31699
4612.79,0.3158
4613.69,0.31481
4614.59,0.31494
4615.49,0.31467
4616.39,0.31351
4617.29,0.31382
4618.19,0.31305
4619.09,0.31319
4619.99,0.31445
4620.89,0.31383
4621.79,0.31505
4622.69,0.31688
4623.59,0.31655
4624.5,0.31621
4625.4,0.31746
4626.3,0.3164
4627.2,0.31729
4628.1,0.31652
4629.0,0.31632
4629.9,0.31715
4630.8,0.31585
4631.7,0.31452
4632.6,0.31456
4633.5,0.31481
4634.4,0.3144
4635.3,0.31498
4636.2,0.31443
4637.1,0.31303
4638.0,0.31129
4638.9,0.31122
4639.8,0.3121
4640.7,0.31232
4641.6,0.31495
4642.5,0.31493
4643.4,0.31575
4644.3,0.31435
4645.2,0.31478
4646.1,0.31363
4647.0,0.31078
4647.9,0.31043
4648.8,0.30927
4649.7,0.30803
4650.6,0.30839
4651.5,0.30977
4652.4,0.30899
4653.3,0.30796
4654.2,0.30862
4655.1,0.30904
4656.0,0.3087
4656.9,0.31059
4657.8,0.31072
4658.7,0.31378
4659.6,0.31709
4660.5,0.31813
4661.4,0.31921
4662.3,0.31865
4663.21,0.31759
4664.11,0.31562
4665.01,0.31283
4665.91,0.31037
4666.81,0.30667
4667.71,0.30328
4668.61,0.30243
4669.51,0.30173
4670.41,0.30205
4671.31,0.30423
4672.21,0.30754
4673.11,0.30917
4674.01,0.30998
4674.91,0.31305
4675.81,0.31243
4676.71,0.31505
4677.61,0.31564
4678.51,0.31346
4679.41,0.31313
4680.31,0.31196
4681.21,0.31069
4682.11,0.31035
4683.01,0.31023
4683.91,0.31098
4684.81,0.31222
4685.71,0.31365
4686.61,0.31369
4687.51,0.31581
4688.41,0.31559
4689.31,0.31574
4690.21,0.3162
4691.11,0.31599
4692.01,0.3159
4692.91,0.31725
4693.81,0.31749
4694.71,0.31937
4695.61,0.32089
4696.51,0.31978
4697.41,0.32149
4698.31,0.31645
4699.21,0.31611
4700.12,0.31441
4701.02,0.31133
4701.92,0.31162
4702.82,0.30816
4703.72,0.30718
4704.62,0.30778
4705.52,0.30636
4706.42,0.30759
4707.32,0.30705
4708.22,0.30631
4709.12,0.30546
4710.02,0.30785
4710.92,0.30875
4711.82,0.30994
4712.72,0.31062
4713.62,0.31303
4714.52,0.31469
4715.42,0.31517
4716.32,0.31711
4717.22,0.31667
4718.12,0.31827
4719.02,0.32027
4719.92,0.32016
4720.82,0.32167
4721.72,0.32105
4722.62,0.32287
4723.52,0.3229
4724.42,0.32148
4725.32,0.31946
4726.22,0.31852
4727.12,0.3191
4728.02,0.31717
4728.92,0.31489
4729.82,0.3127
4730.72,0.31345
4731.62,0.31057
4732.52,0.31128
4733.42,0.31187
4734.32,0.31208
4735.22,0.31283
4736.12,0.31374
4737.02,0.31294
4737.92,0.31444
4738.83,0.31438
4739.73,0.3148
4740.63,0.31442
4741.53,0.31626
4742.43,0.31615
4743.33,0.31696
4744.23,0.3171
4745.13,0.31872
4746.03,0.31917
4746.93,0.32006
4747.83,0.32069
4748.73,0.32041
4749.63,0.32282
4750.53,0.32165
4751.43,0.32147
4752.33,0.31916
4753.23,0.31879
4754.13,0.3183
4755.03,0.31655
4755.93,0.31606
4756.83,0.31604
4757.73,0.31435
4758.63,0.31287
4759.53,0.31314
4760.43,0.31323
4761.33,0.31213
4762.23,0.31102
4763.13,0.30939
4764.03,0.30758
4764.93,0.30937
4765.83,0.30876
4766.73,0.30814
4767.63,0.30955
4768.53,0.31016
4769.43,0.31113
4770.33,0.31333
4771.23,0.31427
4772.13,0.31465
4773.03,0.3165
4773.93,0.31719
4774.83,0.31786
4775.73,0.31865
4776.64,0.31948
4777.54,0.31999
4778.44,0.31852
4779.34,0.31913
4780.24,0.31788
4781.14,0.31714
4782.04,0.3164
4782.94,0.31418
4783.84,0.3138
4784.74,0.31345
4785.64,0.31247
4786.54,0.31067
4787.44,0.30925
4788.34,0.30976
4789.24,0.31081
4790.14,0.31083
4791.04,0.31192
4791.94,0.31317
4792.84,0.3159
4793.74,0.31692
4794.64,0.3205
4795.54,0.31972
4796.44,0.32096
4797.34,0.31988
4798.24,0.32091
4799.14,0.31918
4800.04,0.31804
4800.94,0.31865
4801.84,0.31769
4802.74,0.31747
4803.64,0.31845
4804.54,0.31869
4805.44,0.31839
4806.34,0.31936
4807.24,0.31644
4808.14,0.31874
4809.04,0.31899
4809.94,0.31767
4810.84,0.31808
4811.74,0.31985
4812.64,0.32025
4813.54,0.32029
4814.45,0.3227
4815.35,0.32129
4816.25,0.32338
4817.15,0.32489
4818.05,0.3237
4818.95,0.3234
4819.85,0.32352
4820.75,0.32288
4821.65,0.32193
4822.55,0.32105
4823.45,0.31887
4824.35,0.31819
4825.25,0.31772
4826.15,0.31625
4827.05,0.31628
4827.95,0.31781
4828.85,0.31758
4829.75,0.31708
4830.65,0.31705
4831.55,0.31652
4832.45,0.31704
4833.35,0.31692
4834.25,0.31574
4835.15,0.31692
4836.05,0.31661
4836.95,0.31784
4837.85,0.31551
4838.75,0.31622
4839.65,0.31322
4840.55,0.3138
4841.45,0.3124
4842.35,0.31346
4843.25,0.31219
4844.15,0.31354
4845.05,0.31414
4845.95,0.314
4846.85,0.316
4847.75,0.31447
4848.65,0.31423
4849.55,0.31354
4850.45,0.31275
4851.35,0.31301
4852.26,0.31065
4853.16,0.30835
4854.06,0.30577
4854.96,0.30266
4855.86,0.29863
4856.76,0.29316
4857.66,0.28729
4858.56,0.27973
4859.46,0.272
4860.36,0.26444
4861.26,0.25633
4862.16,0.25331
4863.06,0.25339
4863.96,0.25652
4864.86,0.26274
4865.76,0.26899
4866.66,0.2767
4867.56,0.28391
4868.46,0.28963
4869.36,0.29369
4870.26,0.29514
4871.16,0.29491
4872.06,0.29707
4872.96,0.2981
4873.86,0.29831
4874.76,0.30089
4875.66,0.30243
4876.56,0.30449
4877.46,0.30698
4878.36,0.30795
4879.26,0.30976
4880.16,0.31006
4881.06,0.3119
4881.96,0.311
4882.86,0.31131
4883.76,0.31156
4884.66,0.31021
4885.56,0.31003
4886.46,0.30888
4887.36,0.30797
4888.26,0.30524
4889.17,0.30645
4890.07,0.30399
4890.97,0.30535
4891.87,0.30618
4892.77,0.30988
4893.67,0.3108
4894.57,0.31644
4895.47,0.32009
4896.37,0.32335
4897.27,0.32677
4898.17,0.32652
4899.07,0.32534
4899.97,0.3247
4900.87,0.32357
4901.77,0.32427
4902.67,0.32123
4903.57,0.3214
4904.47,0.32043
4905.37,0.32003
4906.27,0.31931
4907.17,0.31972
4908.07,0.31908
4908.97,0.31783
4909.87,0.31672
4910.77,0.31653
4911.67,0.31626
4912.57,0.31625
4913.47,0.31583
4914.37,0.31695
4915.27,0.31695
4916.17,0.31674
4917.07,0.31503
4917.97,0.31302
4918.87,0.31062
4919.77,0.30567
4920.67,0.30274
4921.57,0.30103
4922.47,0.30076
4923.37,0.30095
4924.27,0.30405
4925.17,0.30693
4926.07,0.30894
4926.98,0.31329
4927.88,0.31682
4928.78,0.31929
4929.68,0.31921
4930.58,0.32032
4931.48,0.31878
4932.38,0.3193
4933.28,0.31559
4934.18,0.3133
4935.08,0.31167
4935.98,0.30922
4936.88,0.30871
4937.78,0.30695
4938.68,0.30904
4939.58,0.30934
4940.48,0.30955
4941.38,0.31226
4942.28,0.31488
4943.18,0.31621
4944.08,0.31878
4944.98,0.32056
4945.88,0.32101
4946.78,0.32224
4947.68,0.32459
4948.58,0.32409
4949.48,0.32389
4950.38,0.32485
4951.28,0.32474
4952.18,0.32405
4953.08,0.32236
4953.98,0.32208
4954.88,0.31926
4955.78,0.31703
4956.68,0.31339
4957.58,0.31104
4958.48,0.31025
4959.38,0.3095
4960.28,0.31107
4961.18,0.31307
4962.08,0.3158
4962.98,0.31604
4963.88,0.31829
4964.79,0.3185
4965.69,0.31736
4966.59,0.31683
4967.49,0.31557
4968.39,0.31484
4969.29,0.31536
4970.19,0.31517
4971.09,0.31544
4971.99,0.31575
4972.89,0.31824
4973.79,0.31925
4974.69,0.32003
4975.59,0.32039
4976.49,0.31943
4977.39,0.31906
4978.29,0.3157
4979.19,0.31429
4980.09,0.31105
4980.99,0.30741
4981.89,0.3044
4982.79,0.30157
4983.69,0.29815
4984.59,0.29901
4985.49,0.29964
4986.39,0.29972
4987.29,0.3017
4988.19,0.30619
4989.09,0.30739
4989.99,0.30838
4990.89,0.31015
4991.79,0.31129
4992.69,0.30934
4993.59,0.31041
4994.49,0.31091
4995.39,0.31122
4996.29,0.31118
4997.19,0.31114
4998.09,0.31116
4998.99,0.30981
4999.89,0.30851
5000.79,0.30818
5001.7,0.30627
5002.6,0.30607
5003.5,0.30438
5004.4,0.3035
5005.3,0.30313
5006.2,0.30212
5007.1,0.30239
5008.0,0.30113
5008.9,0.30325
5009.8,0.30241
5010.7,0.30109
5011.6,0.30067
5012.5,0.29941
5013.4,0.29699
5014.3,0.29668
5015.2,0.29512
5016.1,0.29469
5017.0,0.2955
5017.9,0.29585
5018.8,0.29763
5019.7,0.2993
5020.6,0.29954
5021.5,0.30074
5022.4,0.30267
5023.3,0.30325
5024.2,0.30363
5025.1,0.30468
5026.0,0.30601
5026.9,0.30707
5027.8,0.3074
5028.7,0.3094
5029.6,0.31093
5030.5,0.31108
5031.4,0.31128
5032.3,0.31402
5033.2,0.31315
5034.1,0.31234
5035.0,0.31066
5035.9,0.30866
5036.8,0.30496
5037.7,0.30237
5038.6,0.29809
5039.5,0.29584
5040.41,0.29333
5041.31,0.29317
5042.21,0.29173
5043.11,0.29482
5044.01,0.29682
5044.91,0.30082
5045.81,0.30435
5046.71,0.30837
5047.61,0.30895
5048.51,0.30959
5049.41,0.30941
5050.31,0.30834
5051.21,0.30967
5052.11,0.30818
5053.01,0.30927
5053.91,0.31051
5054.81,0.31264
5055.71,0.315
5056.61,0.31668
5057.51,0.31829
5058.41,0.31912
5059.31,0.32025
5060.21,0.31977
5061.11,0.31861
5062.01,0.31684
5062.91,0.31594
5063.81,0.31374
5064.71,0.31143
5065.61,0.30891
5066.51,0.30799
5067.41,0.30729
5068.31,0.30744
5069.21,0.30534
5070.11,0.30795
5071.01,0.30831
5071.91,0.30803
5072.81,0.30808
5073.71,0.30801
5074.61,0.30725
5075.51,0.30702
5076.42,0.30748
5077.31,0.30576
5078.21,0.3026
5079.12,0.30113
5080.02,0.29947
5080.92,0.29711
5081.82,0.29757
5082.72,0.2972
5083.62,0.29757
5084.52,0.29923
5085.42,0.30094
5086.32,0.30421
5087.22,0.30671
5088.12,0.30773
5089.02,0.30965
5089.92,0.31115
5090.82,0.30946
5091.72,0.31074
5092.62,0.31325
5093.52,0.31267
5094.42,0.31146
5095.32,0.31132
5096.22,0.30904
5097.12,0.30802
5098.02,0.30591
5098.92,0.30462
5099.82,0.30413
5100.72,0.30394
5101.62,0.30329
5102.52,0.30459
5103.42,0.30521
5104.32,0.30461
5105.22,0.30524
5106.12,0.30372
5107.02,0.30345
5107.92,0.30256
5108.82,0.3014
5109.72,0.30164
5110.62,0.30181
5111.52,0.30231
5112.42,0.30313
5113.32,0.30676
5114.22,0.30846
5115.12,0.31024
5116.03,0.31217
5116.93,0.31382
5117.83,0.31312
5118.73,0.31451
5119.63,0.31213
5120.53,0.31134
5121.43,0.30939
5122.33,0.30639
5123.23,0.30414
5124.13,0.30285
5125.03,0.30038
5125.93,0.29771
5126.83,0.29631
5127.73,0.29628
5128.63,0.29643
5129.53,0.29927
5130.43,0.2983
5131.33,0.29962
5132.23,0.29984
5133.13,0.301
5134.03,0.30216
5134.93,0.30354
5135.83,0.30412
5136.73,0.30299
5137.63,0.30178
5138.53,0.30072
5139.43,0.29829
5140.33,0.29868
5141.23,0.29776
5142.13,0.29558
5143.03,0.29598
5143.93,0.29615
5144.83,0.2958
5145.73,0.29638
5146.63,0.29677
5147.53,0.29898
5148.43,0.29694
5149.33,0.29661
5150.23,0.29834
5151.13,0.2977
5152.03,0.29718
5152.94,0.29743
5153.84,0.29813
5154.74,0.30141
5155.64,0.3017
5156.54,0.30238
5157.44,0.30385
5158.34,0.30634
5159.24,0.30833
5160.14,0.31041
5161.04,0.30972
5161.94,0.30787
5162.84,0.30596
5163.74,0.30105
5164.64,0.29632
5165.54,0.29074
5166.44,0.28457
5167.34,0.27659
5168.24,0.2713
5169.14,0.26807
5170.04,0.264
5170.94,0.26205
5171.84,0.26296
5172.74,0.26398
5173.64,0.26632
5174.54,0.27041
5175.44,0.27585
5176.34,0.28113
5177.24,0.28524
5178.14,0.28923
5179.04,0.29264
5179.94,0.29226
5180.84,0.2909
5181.74,0.28818
5182.64,0.2834
5183.54,0.28093
5184.44,0.27724
5185.34,0.27675
5186.24,0.27966
5187.14,0.28184
5188.04,0.28407
5188.94,0.29008
5189.84,0.29225
5190.75,0.29396
5191.65,0.29535
5192.55,0.29463
5193.45,0.29538
5194.35,0.2948
5195.25,0.29432
5196.15,0.29633
5197.05,0.29662
5197.95,0.29911
5198.85,0.30041
5199.75,0.30191
5200.65,0.30238
5201.55,0.30215
5202.45,0.30169
5203.35,0.2994
5204.25,0.2972
5205.15,0.29485
5206.05,0.29256
5206.95,0.28871
5207.85,0.28864
5208.75,0.28879
5209.65,0.28916
5210.55,0.29098
5211.45,0.29355
5212.35,0.29781
5213.25,0.30011
5214.15,0.30372
5215.05,0.3059
5215.95,0.30721
5216.85,0.30859
5217.75,0.3092
5218.65,0.31105
5219.55,0.31161
5220.45,0.31212
5221.35,0.31169
5222.25,0.31067
5223.15,0.30946
5224.05,0.30888
5224.95,0.30503
5225.85,0.30282
5226.75,0.29949
5227.66,0.29848
5228.56,0.29845
5229.46,0.2986
5230.36,0.29948
5231.26,0.30064
5232.16,0.30265
5233.06,0.30552
5233.96,0.30713
5234.86,0.30788
5235.76,0.31047
5236.66,0.31127
5237.56,0.31316
5238.46,0.31534
5239.36,0.3172
5240.26,0.3182
5241.16,0.31966
5242.06,0.31918
5242.96,0.32025
5243.86,0.31953
5244.76,0.31836
5245.66,0.31705
5246.56,0.31608
5247.46,0.31392
5248.36,0.31171
5249.26,0.31103
5250.16,0.30902
5251.06,0.30792
5251.96,0.30784
5252.86,0.3085
5253.76,0.30854
5254.66,0.31012
5255.56,0.31235
5256.46,0.31201
5257.36,0.31474
5258.26,0.31511
5259.16,0.31489
5260.06,0.31237
5260.96,0.31083
5261.86,0.307
5262.76,0.30287
5263.66,0.30016
5264.56,0.29493
5265.47,0.29124
5266.37,0.28826
5267.27,0.28609
5268.17,0.28513
5269.07,0.28572
5269.97,0.28522
5270.87,0.28708
5271.77,0.28921
5272.67,0.2902
5273.57,0.29361
5274.47,0.29832
5275.37,0.30088
5276.27,0.30496
5277.17,0.30907
5278.07,0.31142
5278.97,0.31364
5279.87,0.31367
5280.77,0.31335
5281.67,0.31444
5282.57,0.31388
5283.47,0.31485
5284.37,0.31412
5285.27,0.31671
5286.17,0.31813
5287.07,0.31823
5287.97,0.32019
5288.87,0.32187
5289.77,0.3236
5290.67,0.3243
5291.57,0.32504
5292.47,0.32292
5293.37,0.32288
5294.27,0.32139
5295.17,0.31922
5296.07,0.31671
5296.97,0.31373
5297.87,0.31266
5298.77,0.31035
5299.67,0.30937
5300.57,0.31032
5301.48,0.31087
5302.38,0.31339
5303.27,0.31341
5304.18,0.31482
5305.08,0.31838
5305.98,0.32027
5306.88,0.32135
5307.78,0.32131
5308.68,0.32323
5309.58,0.32385
5310.48,0.32415
5311.38,0.32594
5312.28,0.32531
5313.18,0.32505
5314.08,0.32437
5314.98,0.32395
5315.88,0.3218
5316.78,0.32166
5317.68,0.32106
5318.58,0.31944
5319.48,0.3177
5320.38,0.31847
5321.28,0.31682
5322.18,0.31481
5323.08,0.31477
5323.98,0.31171
5324.88,0.30849
5325.78,0.30608
5326.68,0.30237
5327.58,0.29967
5328.48,0.29847
5329.38,0.2976
5330.28,0.2984
5331.18,0.3002
5332.08,0.30154
5332.98,0.30557
5333.88,0.30819
5334.78,0.31196
5335.68,0.31386
5336.58,0.31345
5337.48,0.31437
5338.38,0.3144
5339.28,0.31414
5340.19,0.31406
5341.08,0.31247
5341.99,0.31114
5342.89,0.3112
5343.79,0.31291
5344.69,0.31324
5345.59,0.31375
5346.49,0.31304
5347.39,0.313
5348.29,0.3148
5349.19,0.31339
5350.09,0.31481
5350.99,0.31679
5351.89,0.31702
5352.79,0.31997
5353.69,0.3211
5354.59,0.32217
5355.49,0.32445
5356.39,0.32532
5357.29,0.32798
5358.19,0.32839
5359.09,0.32809
5359.99,0.32829
5360.89,0.32788
5361.79,0.32541
5362.69,0.32442
5363.59,0.32226
5364.49,0.31925
5365.39,0.31919
5366.29,0.31633
5367.19,0.31527
5368.09,0.31239
5368.99,0.31242
5369.89,0.30996
5370.79,0.30973
5371.69,0.3076
5372.59,0.30974
5373.49,0.31155
5374.39,0.31428
5375.29,0.31592
5376.19,0.31809
5377.09,0.31989
5378.0,0.32115
5378.9,0.32306
5379.8,0.32375
5380.7,0.32137
5381.6,0.31994
5382.5,0.32045
5383.4,0.31899
5384.3,0.3201
5385.2,0.31972
5386.1,0.3208
5387.0,0.31823
5387.9,0.31859
5388.8,0.31793
5389.7,0.31769
5390.6,0.31769
5391.5,0.31546
5392.4,0.31416
5393.3,0.31334
5394.2,0.3124
5395.1,0.31095
5396.0,0.30795
5396.9,0.30853
5397.8,0.30774
5398.7,0.30812
5399.6,0.30796
5400.5,0.30799
5401.4,0.30906
5402.3,0.30823
5403.2,0.30909
5404.1,0.30598
5405.0,0.30518
5405.9,0.30406
5406.8,0.30429
5407.7,0.30371
5408.6,0.30295
5409.5,0.3037
5410.4,0.30517
5411.3,0.30693
5412.2,0.30874
5413.1,0.31057
5414.0,0.31304
5414.9,0.31471
5415.81,0.31632
5416.71,0.31591
5417.61,0.31702
5418.51,0.31944
5419.41,0.31696
5420.31,0.31855
5421.21,0.31817
5422.11,0.31819
5423.01,0.31764
5423.91,0.31652
5424.81,0.3158
5425.71,0.31596
5426.61,0.31355
5427.51,0.31335
5428.41,0.31275
5429.31,0.3126
5430.21,0.31074
5431.11,0.30948
5432.01,0.30869
5432.91,0.30714
5433.81,0.3076
5434.71,0.30735
5435.61,0.30865
5436.51,0.31006
5437.41,0.31117
5438.31,0.31422
5439.21,0.31489
5440.11,0.31812
5441.01,0.319
5441.91,0.32036
5442.81,0.31903
5443.71,0.31969
5444.61,0.31704
5445.51,0.31542
5446.41,0.31405
5447.31,0.31169
5448.21,0.31087
5449.11,0.31317
5450.01,0.31131
5450.91,0.31315
5451.81,0.31391
5452.72,0.31407
5453.62,0.31421
5454.52,0.31275
5455.42,0.31297
5456.32,0.31262
5457.22,0.31274
5458.12,0.31269
5459.02,0.31296
5459.92,0.31466
5460.82,0.31332
5461.72,0.31587
5462.62,0.31544
5463.52,0.3159
5464.42,0.31466
5465.32,0.31468
5466.22,0.31627
5467.12,0.31619
5468.02,0.31612
5468.92,0.31665
5469.82,0.31694
5470.72,0.31553
5471.62,0.31492
5472.52,0.31488
5473.42,0.31292
5474.32,0.31214
5475.22,0.30936
5476.12,0.30995
5477.02,0.30792
5477.92,0.30693
5478.82,0.30756
5479.72,0.30683
5480.62,0.30724
5481.52,0.30873
5482.42,0.30979
5483.32,0.3112
5484.22,0.31229
5485.12,0.31379
5486.02,0.31448
5486.92,0.31413
5487.82,0.31475
5488.72,0.31546
5489.62,0.31565
5490.53,0.31565
5491.43,0.31657
5492.33,0.31648
5493.23,0.31633
5494.13,0.31673
5495.03,0.31576
5495.93,0.31633
5496.83,0.3148
5497.73,0.31526
5498.63,0.31523
5499.53,0.31488
5500.43,0.3136
5501.33,0.31486
5502.23,0.31323
5503.13,0.31208
5504.03,0.31309
5504.93,0.31269
5505.83,0.31316
5506.73,0.31246
5507.63,0.31205
5508.53,0.31289
5509.43,0.31267
5510.33,0.31229
5511.23,0.31085
5512.13,0.31229
5513.03,0.31121
5513.93,0.31029
5514.83,0.31188
5515.73,0.31291
5516.63,0.31408
5517.53,0.3146
5518.43,0.31691
5519.33,0.31781
5520.23,0.31997
5521.13,0.31975
5522.03,0.32085
5522.93,0.31914
5523.83,0.31757
5524.73,0.31825
5525.63,0.31656
5526.54,0.31457
5527.44,0.314
5528.33,0.31277
5529.24,0.31263
5530.14,0.31273
5531.04,0.31184
5531.94,0.31393
5532.84,0.31569
5533.74,0.31513
5534.64,0.31652
5535.54,0.3167
5536.44,0.31777
5537.34,0.31846
5538.24,0.3189
5539.14,0.31907
5540.04,0.3218
5540.94,0.32062
5541.84,0.32057
5542.74,0.3219
5543.64,0.3213
5544.54,0.32049
5545.44,0.32101
5546.34,0.3211
5547.24,0.32179
5548.14,0.32095
5549.04,0.32205
5549.94,0.32225
5550.84,0.32181
5551.74,0.32139
5552.64,0.32178
5553.54,0.32189
5554.44,0.32064
5555.34,0.32052
5556.24,0.31857
5557.14,0.31848
5558.04,0.31776
5558.94,0.31895
5559.84,0.31754
5560.74,0.31886
5561.64,0.31619
5562.54,0.31565
5563.44,0.31529
5564.34,0.31374
5565.25,0.31445
5566.15,0.31378
5567.05,0.31242
5567.95,0.31162
5568.85,0.31255
5569.75,0.31216
5570.65,0.30919
5571.55,0.31169
5572.45,0.31071
5573.35,0.31206
5574.25,0.31163
5575.15,0.31324
5576.05,0.31259
5576.95,0.31353
5577.85,0.31388
5578.75,0.31577
5579.65,0.31498
5580.55,0.31479
5581.45,0.31493
5582.35,0.31483
5583.25,0.31382
5584.15,0.31373
5585.05,0.31058
5585.95,0.30996
5586.85,0.30723
5587.75,0.30569
5588.65,0.30538
5589.55,0.30299
5590.45,0.30369
5591.35,0.30245
5592.25,0.30366
5593.15,0.30445
5594.05,0.30405
5594.95,0.30589
5595.85,0.30638
5596.75,0.30556
5597.65,0.30788
5598.55,0.30703
5599.45,0.30827
5600.35,0.30644
5601.25,0.3075
5602.15,0.30667
5603.06,0.30657
5603.96,0.30742
5604.86,0.31055
5605.76,0.31206
5606.66,0.31395
5607.56,0.31744
5608.46,0.31775
5609.36,0.31902
5610.26,0.3187
5611.16,0.31965
5612.06,0.31997
5612.96,0.31837
5613.86,0.31553
5614.76,0.31461
5615.66,0.31234
5616.56,0.31275
5617.46,0.31173
5618.36,0.31114
5619.26,0.31192
5620.16,0.31184
5621.06,0.31157
5621.96,0.31387
5622.86,0.31308
5623.76,0.31334
5624.66,0.31409
5625.56,0.31374
5626.46,0.31414
5627.36,0.31402
5628.26,0.31513
5629.16,0.31662
5630.06,0.31909
5630.96,0.31707
5631.86,0.32016
5632.76,0.31791
5633.66,0.31896
5634.56,0.31905
5635.46,0.31806
5636.36,0.31793
5637.26,0.3162
5638.16,0.31616
5639.06,0.31522
5639.96,0.31589
5640.86,0.31699
5641.77,0.31526
5642.67,0.31437
5643.57,0.31416
5644.47,0.31645
5645.37,0.31468
5646.27,0.31674
5647.17,0.31678
5648.07,0.31765
5648.97,0.31658
5649.87,0.31722
5650.77,0.31675
5651.67,0.31764
5652.57,0.31674
5653.47,0.31691
5654.37,0.31648
5655.27,0.31613
5656.17,0.31398
5657.07,0.31403
5657.97,0.30952
5658.87,0.30934
5659.77,0.30792
5660.67,0.30729
5661.57,0.30641
5662.47,0.30736
5663.37,0.30855
5664.27,0.30858
5665.17,0.31075
5666.07,0.31139
5666.97,0.3127
5667.87,0.31191
5668.77,0.31255
5669.67,0.31295
5670.57,0.31469
5671.47,0.31497
5672.37,0.31573
5673.27,0.31467
5674.17,0.31738
5675.07,0.31904
5675.97,0.31873
5676.88,0.319
5677.77,0.31796
5678.68,0.31839
5679.58,0.3182
5680.48,0.31697
5681.38,0.31678
5682.28,0.31637
5683.18,0.31453
5684.08,0.31389
5684.98,0.31358
5685.88,0.31211
5686.78,0.31246
5687.68,0.3135
5688.58,0.3117
5689.48,0.31374
5690.38,0.31341
5691.28,0.31529
5692.18,0.31478
5693.08,0.31587
5693.98,0.31629
5694.88,0.31732
5695.78,0.31693
5696.68,0.31668
5697.58,0.31609
5698.48,0.31573
5699.38,0.31477
5700.28,0.31349
5701.18,0.31176
5702.08,0.31176
5702.98,0.31172
5703.88,0.312
5704.78,0.30999
5705.68,0.30876
5706.58,0.30771
5707.48,0.30565
5708.38,0.306
5709.28,0.30516
5710.18,0.30486
5711.08,0.30424
5711.98,0.30407
5712.88,0.30679
5713.78,0.30686
5714.68,0.30884
5715.59,0.30993
5716.49,0.31191
5717.39,0.31407
5718.29,0.31524
5719.19,0.31713
5720.09,0.31664
5720.99,0.31659
5721.89,0.31709
5722.79,0.31845
5723.69,0.31841
5724.59,0.31859
5725.49,0.31911
5726.39,0.31842
5727.29,0.31615
5728.19,0.31691
5729.09,0.31629
5729.99,0.31564
5730.89,0.31708
5731.79,0.31608
5732.69,0.31645
5733.59,0.31645
5734.49,0.3173
5735.39,0.3166
5736.29,0.31752
5737.19,0.3182
5738.09,0.31717
5738.99,0.31719
5739.89,0.31732
5740.79,0.31777
5741.69,0.31775
5742.59,0.31767
5743.49,0.31776
5744.39,0.31835
5745.29,0.31744
5746.19,0.31842
5747.09,0.31762
5747.99,0.31739
5748.89,0.31771
5749.79,0.31519
5750.69,0.31576
5751.59,0.31554
5752.5,0.31554
5753.4,0.3139
5754.3,0.31299
5755.2,0.31358
5756.1,0.31289
5757.0,0.31333
5757.9,0.31389
5758.8,0.31511
5759.7,0.31526
5760.6,0.31451
5761.5,0.31523
5762.4,0.31417
5763.3,0.31518
5764.2,0.315
5765.1,0.31526
5766.0,0.31629
5766.9,0.31643
5767.8,0.31736
5768.7,0.3183
5769.6,0.31855
5770.5,0.31778
5771.4,0.3184
5772.3,0.31713
5773.2,0.31694
5774.1,0.31685
5775.0,0.31722
5775.9,0.31604
5776.8,0.31571
5777.7,0.31447
5778.6,0.31436
5779.5,0.31307
5780.4,0.31317
5781.3,0.3106
5782.2,0.31068
5783.1,0.30948
5784.0,0.31053
5784.9,0.30859
5785.8,0.31004
5786.7,0.31009
5787.6,0.31091
5788.5,0.31111
5789.41,0.31176
5790.31,0.31159
5791.21,0.31195
5792.11,0.31412
5793.01,0.31503
5793.91,0.31386
5794.81,0.31596
5795.71,0.31602
5796.61,0.31612
5797.51,0.31591
5798.41,0.31648
5799.31,0.31633
5800.21,0.31645
5801.11,0.31718
5802.01,0.31753
5802.91,0.31712
5803.81,0.31782
5804.71,0.31759
5805.61,0.31725
5806.51,0.3172
5807.41,0.31682
5808.31,0.31815
5809.21,0.31762
5810.11,0.31789
5811.01,0.31651
5811.91,0.31866
5812.81,0.31744
5813.71,0.31774
5814.61,0.31861
5815.51,0.3184
5816.41,0.31826
5817.31,0.31907
5818.21,0.3182
5819.11,0.3187
5820.01,0.3179
5820.91,0.31946
5821.81,0.32026
5822.71,0.32025
5823.61,0.32002
5824.51,0.3197
5825.41,0.31948
5826.31,0.32075
5827.22,0.32135
5828.12,0.32108
5829.02,0.32063
5829.92,0.3209
5830.82,0.32138
5831.72,0.32081
5832.62,0.32119
5833.52,0.32168
5834.42,0.31998
5835.32,0.32065
5836.22,0.32164
5837.12,0.31967
5838.02,0.3195
5838.92,0.31943
5839.82,0.31835
5840.72,0.32012
5841.62,0.32011
5842.52,0.31986
5843.42,0.31928
5844.32,0.31925
5845.22,0.31869
5846.12,0.31901
5847.02,0.31794
5847.92,0.31757
5848.82,0.31653
5849.72,0.31606
5850.62,0.31621
5851.52,0.31489
5852.42,0.31335
5853.32,0.31324
5854.22,0.31189
5855.12,0.31109
5856.02,0.30992
5856.92,0.30878
5857.82,0.3083
5858.72,0.30852
5859.62,0.30876
5860.52,0.30967
5861.42,0.30896
5862.32,0.30887
5863.23,0.31045
5864.12,0.3114
5865.03,0.31136
5865.93,0.3116
5866.83,0.31297
5867.73,0.31314
5868.63,0.31284
5869.53,0.31401
5870.43,0.31406
5871.33,0.31437
5872.23,0.3157
5873.13,0.31538
5874.03,0.31717
5874.93,0.31693
5875.83,0.31662
5876.73,0.31458
5877.63,0.316
5878.53,0.31428
5879.43,0.31229
5880.33,0.31324
5881.23,0.31315
5882.13,0.31195
5883.03,0.31101
5883.93,0.30844
5884.83,0.30733
5885.73,0.30492
5886.63,0.30147
5887.53,0.2979
5888.43,0.29613
5889.33,0.29231
5890.23,0.28861
5891.13,0.28554
5892.03,0.28391
5892.93,0.28371
5893.83,0.28212
5894.73,0.28332
5895.63,0.28309
5896.53,0.28532
5897.43,0.28625
5898.33,0.28721
5899.23,0.29227
5900.13,0.2941
5901.04,0.29662
5901.94,0.29907
5902.83,0.30127
5903.74,0.30525
5904.64,0.30715
5905.54,0.30727
5906.44,0.30782
5907.34,0.30791
5908.24,0.30899
5909.14,0.30987
5910.04,0.31002
5910.94,0.31055
5911.84,0.30888
5912.74,0.3089
5913.64,0.30819
5914.54,0.30848
5915.44,0.30697
5916.34,0.30843
5917.24,0.30768
5918.14,0.30673
5919.04,0.30744
5919.94,0.30768
5920.84,0.30804
5921.74,0.30965
5922.64,0.30817
5923.54,0.30917
5924.44,0.30907
5925.34,0.31086
5926.24,0.3099
5927.14,0.31016
5928.04,0.30998
5928.94,0.31016
5929.84,0.30974
5930.74,0.30993
5931.64,0.30948
5932.54,0.30866
5933.44,0.30876
5934.34,0.30921
5935.24,0.31011
5936.14,0.30836
5937.04,0.31015
5937.94,0.31038
5938.85,0.30941
5939.75,0.30965
5940.65,0.31029
5941.55,0.30987
5942.45,0.30907
5943.35,0.30997
5944.25,0.30997
5945.15,0.31049
5946.05,0.3105
5946.95,0.30928
5947.85,0.30794
5948.75,0.30791
5949.65,0.3085
5950.55,0.3089
5951.45,0.30814
5952.35,0.30852
5953.25,0.30825
5954.15,0.30844
5955.05,0.30876
5955.95,0.3091
5956.85,0.30876
5957.75,0.30821
5958.65,0.30929
5959.55,0.30894
5960.45,0.31117
5961.35,0.31199
5962.25,0.31192
5963.15,0.31154
5964.05,0.31202
5964.95,0.31268
5965.85,0.31351
5966.75,0.31166
5967.65,0.31354
5968.55,0.3126
5969.45,0.31251
5970.35,0.31259
5971.25,0.31383
5972.15,0.31372
5973.05,0.31286
5973.95,0.31298
5974.85,0.31189
5975.75,0.31316
5976.65,0.31175
5977.56,0.30982
5978.46,0.31099
5979.36,0.31025
5980.26,0.31008
5981.16,0.31017
5982.06,0.3085
5982.96,0.30946
5983.86,0.30881
5984.76,0.309
5985.66,0.30915
5986.56,0.30977
5987.46,0.30941
5988.36,0.30841
5989.26,0.31109
5990.16,0.30972
5991.06,0.3101
5991.96,0.3116
5992.86,0.31008
5993.76,0.31123
5994.66,0.31142
5995.56,0.31162
5996.46,0.31167
5997.36,0.30985
5998.26,0.30995
5999.16,0.30957
6000.06,0.30974
6000.96,0.31098
6001.86,0.30944
6002.76,0.30947
6003.66,0.30964
6004.56,0.30947
6005.46,0.30791
6006.36,0.3078
6007.26,0.30897
6008.16,0.30722
6009.06,0.30734
6009.96,0.30769
6010.86,0.30657
6011.76,0.30732
6012.67,0.30734
6013.56,0.3085
6014.47,0.3073
6015.37,0.30801
6016.27,0.30741
6017.17,0.30823
6018.07,0.30878
6018.97,0.30726
6019.87,0.3076
6020.77,0.30737
6021.67,0.30691
6022.57,0.30842
6023.47,0.30571
6024.37,0.30661
6025.27,0.30672
6026.17,0.30876
6027.07,0.30909
6027.97,0.30762
6028.87,0.30867
6029.77,0.30964
6030.67,0.31014
6031.57,0.31155
6032.47,0.31169
6033.37,0.31266
6034.27,0.31193
6035.17,0.31375
6036.07,0.31238
6036.97,0.31255
6037.87,0.31352
6038.77,0.31302
6039.67,0.31239
6040.57,0.31289
6041.47,0.31291
6042.37,0.31274
6043.27,0.31331
6044.17,0.31354
6045.07,0.31333
6045.97,0.31381
6046.87,0.31311
6047.77,0.31455
6048.67,0.31406
6049.57,0.31437
6050.47,0.31494
6051.38,0.31444
6052.28,0.31374
6053.18,0.31359
6054.08,0.31471
6054.98,0.31284
6055.88,0.31386
6056.78,0.31165
6057.68,0.31303
6058.58,0.31197
6059.48,0.31181
6060.38,0.31126
6061.28,0.31098
6062.18,0.31009
6063.08,0.31011
6063.98,0.31017
6064.88,0.30951
6065.78,0.30917
6066.68,0.30849
6067.58,0.31013
6068.48,0.30968
6069.38,0.31067
6070.28,0.3122
6071.18,0.31192
6072.08,0.3123
6072.98,0.31416
6073.88,0.31373
6074.78,0.31351
6075.68,0.31455
6076.58,0.31347
6077.48,0.31277
6078.38,0.31097
6079.28,0.31176
6080.18,0.30935
6081.08,0.31021
6081.98,0.30981
6082.88,0.30911
6083.78,0.30894
6084.68,0.30818
6085.58,0.30877
6086.48,0.30764
6087.38,0.30859
6088.28,0.30746
6089.19,0.30826
6090.09,0.30895
6090.99,0.30982
6091.89,0.3079
6092.79,0.30806
6093.69,0.30883
6094.59,0.30982
6095.49,0.30905
6096.39,0.3102
6097.29,0.30996
6098.19,0.30874
6099.09,0.3085
6099.99,0.31049
6100.89,0.30802
6101.79,0.30544
6102.69,0.30495
6103.59,0.30429
6104.49,0.30485
6105.39,0.30498
6106.29,0.30501
6107.19,0.30488
6108.09,0.30657
6108.99,0.30743
6109.89,0.30772
6110.79,0.3079
6111.69,0.30948
6112.59,0.31017
6113.49,0.30904
6114.39,0.31045
6115.29,0.30898
6116.19,0.30971
6117.09,0.31025
6117.99,0.30888
6118.89,0.30749
6119.79,0.30762
6120.69,0.30555
6121.59,0.30409
6122.49,0.30395
6123.39,0.3039
6124.29,0.30338
6125.19,0.30318
6126.1,0.3033
6127.0,0.30439
6127.9,0.30529
6128.8,0.30561
6129.7,0.30522
6130.6,0.30636
6131.5,0.3059
6132.4,0.30665
6133.3,0.30379
6134.2,0.30367
6135.1,0.30323
6136.0,0.30183
6136.9,0.29982
6137.8,0.29858
6138.7,0.2988
6139.6,0.29785
6140.5,0.29924
6141.4,0.29863
6142.3,0.30095
6143.2,0.30011
6144.1,0.30156
6145.0,0.30235
6145.9,0.30535
6146.8,0.30463
6147.7,0.30474
6148.6,0.30626
6149.5,0.30562
6150.4,0.30578
6151.3,0.30625
6152.2,0.30569
6153.1,0.30672
6154.0,0.30656
6154.9,0.30576
6155.8,0.30557
6156.7,0.30543
6157.6,0.30251
6158.5,0.30135
6159.4,0.30086
6160.3,0.29799
6161.2,0.29632
6162.1,0.29571
6163.01,0.29346
6163.91,0.29304
6164.81,0.29091
6165.71,0.29194
6166.61,0.29083
6167.51,0.29149
6168.41,0.29115
6169.31,0.29148
6170.21,0.29243
6171.11,0.29386
6172.01,0.29339
6172.91,0.29501
6173.81,0.29678
6174.71,0.29703
6175.61,0.29713
6176.51,0.2989
6177.41,0.2994
6178.31,0.30038
6179.21,0.30287
6180.11,0.30165
6181.01,0.30193
6181.91,0.30286
6182.81,0.30299
6183.71,0.30305
6184.61,0.3015
6185.51,0.30267
6186.41,0.30171
6187.31,0.30106
6188.21,0.30002
6189.11,0.29943
6190.01,0.29881
6190.91,0.29758
6191.81,0.29733
6192.71,0.29769
6193.61,0.2975
6194.51,0.29796
6195.41,0.29821
6196.31,0.29881
6197.21,0.30033
6198.11,0.30041
6199.01,0.29964
6199.92,0.30248
6200.82,0.30166
6201.72,0.30163
6202.62,0.30266
6203.52,0.30209
6204.42,0.30315
6205.32,0.30307
6206.22,0.30386
6207.12,0.30303
6208.02,0.30384
6208.92,0.30297
6209.82,0.30186
6210.72,0.30245
6211.62,0.30061
6212.52,0.29928
6213.42,0.29943
6214.32,0.29854
6215.22,0.29634
6216.12,0.29679
6217.02,0.29702
6217.92,0.29569
6218.82,0.29449
6219.72,0.29481
6220.62,0.29652
6221.52,0.29459
6222.42,0.29607
6223.32,0.29582
6224.22,0.29598
6225.12,0.29688
6226.02,0.29689
6226.92,0.2954
6227.82,0.29546
6228.72,0.29404
6229.62,0.29372
6230.52,0.29479
6231.42,0.29402
6232.32,0.29388
6233.22,0.29305
6234.12,0.29442
6235.02,0.29423
6235.92,0.29492
6236.83,0.29496
6237.73,0.29543
6238.63,0.29544
6239.53,0.29552
6240.43,0.29478
6241.33,0.29556
6242.23,0.29294
6243.13,0.29379
6244.03,0.29254
6244.93,0.29252
6245.83,0.29293
6246.73,0.29272
6247.63,0.29217
6248.53,0.29195
6249.43,0.29303
6250.33,0.29197
6251.23,0.29313
6252.13,0.2912
6253.03,0.29255
6253.93,0.29038
6254.83,0.28955
6255.73,0.28925
6256.63,0.28913
6257.53,0.28938
6258.43,0.28801
6259.33,0.28768
6260.23,0.2878
6261.13,0.28878
6262.03,0.2913
6262.93,0.29202
6263.83,0.29199
6264.73,0.29368
6265.63,0.29508
6266.53,0.29499
6267.43,0.29662
6268.33,0.29591
6269.23,0.29684
6270.13,0.29718
6271.03,0.29613
6271.93,0.29745
6272.83,0.2971
6273.73,0.29849
6274.64,0.29952
6275.54,0.29874
6276.44,0.2984
6277.34,0.29894
6278.24,0.29794
6279.14,0.29767
6280.04,0.29759
6280.94,0.29864
6281.84,0.2963
6282.74,0.29746
6283.64,0.29695
6284.54,0.29826
6285.44,0.29817
6286.34,0.29881
6287.24,0.3002
6288.14,0.29974
6289.04,0.29999
6289.94,0.30172
6290.84,0.3003
6291.74,0.29999
6292.64,0.30014
6293.54,0.29938
6294.44,0.29964
6295.34,0.29814
6296.24,0.29847
6297.14,0.29635
6298.04,0.29611
6298.94,0.29608
6299.84,0.2937
6300.74,0.2953
6301.64,0.29424
6302.54,0.29367
6303.44,0.29543
6304.34,0.29539
6305.24,0.29611
6306.14,0.29583
6307.04,0.29749
6307.94,0.2982
6308.84,0.29824
6309.74,0.2991
6310.64,0.29818
6311.54,0.2985
6312.45,0.29825
6313.35,0.29798
6314.25,0.29786
6315.15,0.29676
6316.05,0.29553
6316.95,0.29463
6317.85,0.29528
6318.75,0.29485
6319.65,0.29444
6320.55,0.29559
6321.45,0.29589
6322.35,0.2957
6323.25,0.29741
6324.15,0.29725
6325.05,0.29904
6325.95,0.29838
6326.85,0.30008
6327.75,0.29997
6328.65,0.29932
6329.55,0.30102
6330.45,0.29844
6331.35,0.29988
6332.25,0.29921
6333.15,0.29952
6334.05,0.29845
6334.95,0.29842
6335.85,0.29815
6336.75,0.29726
6337.65,0.29688
6338.55,0.29783
6339.45,0.29672
6340.35,0.29665
6341.25,0.29691
6342.15,0.29854
6343.05,0.29655
6343.95,0.29951
6344.85,0.2988
6345.75,0.29929
6346.65,0.29931
6347.55,0.29851
6348.46,0.29961
6349.35,0.29962
6350.26,0.29934
6351.16,0.2988
6352.06,0.3001
6352.96,0.29844
6353.86,0.29899
6354.76,0.29858
6355.66,0.2989
6356.56,0.29668
6357.46,0.2955
6358.36,0.29561
6359.26,0.29395
6360.16,0.29488
6361.06,0.29338
6361.96,0.29361
6362.86,0.29291
6363.76,0.29475
6364.66,0.29472
6365.56,0.29486
6366.46,0.2949
6367.36,0.29493
6368.26,0.29662
6369.16,0.29807
6370.06,0.29829
6370.96,0.29874
6371.86,0.29843
6372.76,0.29883
6373.66,0.29944
6374.56,0.29834
6375.46,0.29955
6376.36,0.2995
6377.26,0.29831
6378.16,0.29985
6379.06,0.2989
6379.96,0.29871
6380.86,0.2984
6381.76,0.29875
6382.66,0.29874
6383.56,0.29754
6384.46,0.29813
6385.36,0.29837
6386.27,0.29811
6387.17,0.29791
6388.07,0.29798
6388.97,0.29795
6389.87,0.29783
6390.77,0.29704
6391.67,0.29674
6392.57,0.29567
6393.47,0.29619
6394.37,0.29569
6395.27,0.29435
6396.17,0.29385
6397.07,0.29521
6397.97,0.29464
6398.87,0.29411
6399.77,0.29367
6400.67,0.29345
6401.57,0.29495
6402.47,0.29524
6403.37,0.29611
6404.27,0.29676
6405.17,0.29569
6406.07,0.29755
6406.97,0.2974
6407.87,0.29684
6408.77,0.29751
6409.67,0.29747
6410.57,0.29574
6411.47,0.2959
6412.37,0.29696
6413.27,0.29648
6414.17,0.2965
6415.07,0.29641
6415.97,0.29635
6416.87,0.29702
6417.77,0.29643
6418.67,0.29714
6419.57,0.297
6420.47,0.29642
6421.37,0.29639
6422.27,0.2952
6423.17,0.29587
6424.08,0.29746
6424.98,0.29778
6425.88,0.29679
6426.78,0.29962
6427.68,0.2979
6428.58,0.29671
6429.48,0.29849
6430.38,0.29824
6431.28,0.29736
6432.18,0.29608
6433.08,0.29709
6433.98,0.29668
6434.88,0.29618
6435.78,0.29748
6436.68,0.29606
6437.58,0.29597
6438.48,0.29585
6439.38,0.29696
6440.28,0.29657
6441.18,0.29669
6442.08,0.29688
6442.98,0.29903
6443.88,0.29832
6444.78,0.29851
6445.68,0.29925
6446.58,0.29942
6447.48,0.29945
6448.38,0.29817
6449.28,0.29629
6450.18,0.29658
6451.08,0.29634
6451.98,0.29452
6452.88,0.29505
6453.78,0.29586
6454.68,0.2949
6455.58,0.29517
6456.48,0.29613
6457.38,0.29499
6458.28,0.29535
6459.18,0.29487
6460.08,0.29505
6460.98,0.29414
6461.89,0.29356
6462.79,0.29262
6463.69,0.29218
6464.59,0.29252
6465.49,0.29337
6466.39,0.29327
6467.29,0.29456
6468.19,0.29414
6469.09,0.29534
6469.99,0.29506
6470.89,0.29538
6471.79,0.29488
6472.69,0.29463
6473.59,0.29485
6474.49,0.29413
6475.39,0.29416
6476.29,0.29429
6477.19,0.29455
6478.09,0.29396
6478.99,0.29379
6479.89,0.2926
6480.79,0.29364
6481.69,0.29303
6482.59,0.29345
6483.49,0.29226
6484.39,0.29159
6485.29,0.29203
6486.19,0.29232
6487.09,0.29244
6487.99,0.29019
6488.89,0.29059
6489.79,0.29108
6490.69,0.28935
6491.59,0.28926
6492.49,0.28576
6493.39,0.28416
6494.29,0.28145
6495.19,0.27985
6496.09,0.27857
6496.99,0.27732
6497.9,0.27733
6498.79,0.27737
6499.7,0.27727
6500.6,0.28025
6501.5,0.28125
6502.4,0.28339
6503.3,0.28444
6504.2,0.28702
6505.1,0.28791
6506.0,0.28949
6506.9,0.29138
6507.8,0.291
6508.7,0.29281
6509.6,0.2921
6510.5,0.29272
6511.4,0.29194
6512.3,0.29179
6513.2,0.29115
6514.1,0.29113
6515.0,0.29055
6515.9,0.29055
6516.8,0.2897
6517.7,0.28959
6518.6,0.29016
6519.5,0.29016
6520.4,0.29031
6521.3,0.29008
6522.2,0.28991
6523.1,0.29116
6524.0,0.2904
6524.9,0.29008
6525.8,0.29151
6526.7,0.29085
6527.6,0.29044
6528.5,0.29033
6529.4,0.29089
6530.3,0.29069
6531.2,0.28998
6532.1,0.29146
6533.0,0.29116
6533.9,0.28964
6534.8,0.29076
6535.71,0.29046
6536.61,0.29034
6537.51,0.29079
6538.41,0.29075
6539.31,0.29043
6540.21,0.29025
6541.11,0.29115
6542.01,0.28998
6542.91,0.28747
6543.81,0.28868
6544.71,0.28704
6545.61,0.28572
6546.51,0.28645
6547.41,0.28472
6548.31,0.28433
6549.21,0.28425
6550.11,0.28284
6551.01,0.2838
6551.91,0.2825
6552.81,0.28063
6553.71,0.27942
6554.61,0.27702
6555.51,0.27573
6556.41,0.27278
6557.31,0.26954
6558.21,0.2658
6559.11,0.2614
6560.01,0.257
6560.91,0.25256
6561.81,0.24798
6562.71,0.244
6563.61,0.24165
6564.51,0.23947
6565.41,0.24071
6566.31,0.24307
6567.21,0.24775
6568.11,0.25091
6569.01,0.25595
6569.91,0.2606
6570.81,0.26474
6571.71,0.26889
6572.61,0.27145
6573.52,0.27389
6574.42,0.2755
6575.32,0.27802
6576.22,0.27888
6577.12,0.28015
6578.02,0.28226
6578.92,0.28274
6579.82,0.28412
6580.72,0.28461
6581.62,0.28514
6582.52,0.28667
6583.42,0.28696
6584.32,0.2859
6585.22,0.28659
6586.12,0.28819
6587.02,0.28704
6587.92,0.28561
6588.82,0.28667
6589.72,0.28607
6590.62,0.28531
6591.52,0.28471
6592.42,0.28494
6593.32,0.28325
6594.22,0.2845
6595.12,0.28448
6596.02,0.2843
6596.92,0.28482
6597.82,0.28516
6598.72,0.28497
6599.62,0.28588
6600.52,0.28588
6601.42,0.28755
6602.32,0.28797
6603.22,0.28855
6604.12,0.28854
6605.02,0.28811
6605.92,0.28873
6606.82,0.28751
6607.72,0.28768
6608.62,0.28591
6609.52,0.28714
6610.43,0.28731
6611.33,0.28818
6612.23,0.2883
6613.13,0.28751
6614.03,0.28832
6614.93,0.28829
6615.83,0.28826
6616.73,0.28862
6617.63,0.28764
6618.53,0.28945
6619.43,0.28953
6620.33,0.29044
6621.23,0.29005
6622.13,0.29042
6623.03,0.29052
6623.93,0.28997
6624.83,0.28889
6625.73,0.28885
6626.63,0.28961
6627.53,0.28928
6628.43,0.28853
6629.33,0.28873
6630.23,0.28762
6631.13,0.28782
6632.03,0.28844
6632.93,0.28712
6633.83,0.28676
6634.73,0.28835
6635.63,0.28816
6636.53,0.28733
6637.43,0.28755
6638.33,0.28822
6639.23,0.28833
6640.13,0.28768
6641.03,0.28786
6641.93,0.28698
6642.83,0.28707
6643.73,0.28799
6644.63,0.2874
6645.53,0.28872
6646.43,0.28688
6647.34,0.28796
6648.24,0.28729
6649.14,0.28795
6650.04,0.28809
6650.94,0.28906
6651.84,0.28923
6652.74,0.28845
6653.64,0.28947
6654.54,0.28726
6655.44,0.28904
6656.34,0.28868
6657.24,0.28812
6658.14,0.28937
6659.04,0.28903
6659.94,0.28833
6660.84,0.28734
6661.74,0.28697
6662.64,0.2862
6663.54,0.28613
6664.44,0.28586
6665.34,0.28594
6666.24,0.28595
6667.14,0.2862
6668.04,0.28654
6668.94,0.2862
6669.84,0.28687
6670.74,0.28645
6671.64,0.28815
6672.54,0.28692
6673.44,0.28768
6674.34,0.28713
6675.24,0.28597
6676.14,0.28599
6677.04,0.28482
6677.94,0.28582
6678.84,0.28408
6679.74,0.28409
6680.64,0.28466
6681.54,0.28491
6682.44,0.28496
6683.34,0.28566
6684.24,0.28535
6685.15,0.28561
6686.05,0.28637
6686.95,0.28555
6687.85,0.28649
6688.75,0.28665
6689.65,0.28661
6690.55,0.28661
6691.45,0.28681
6692.35,0.28668
6693.25,0.28586
6694.15,0.28652
6695.05,0.28603
6695.95,0.28569
6696.85,0.28669
6697.75,0.28625
6698.65,0.28673
6699.55,0.28496
6700.45,0.28634
6701.35,0.28644
6702.25,0.28479
6703.15,0.28546
6704.05,0.2861
6704.95,0.28598
6705.85,0.28497
6706.75,0.28476
6707.65,0.28548
6708.55,0.2848
6709.45,0.28344
6710.35,0.28359
6711.25,0.28459
6712.15,0.28436
6713.05,0.28473
6713.95,0.28316
6714.85,0.28301
6715.75,0.28273
6716.65,0.28168
6717.55,0.28036
6718.45,0.2803
6719.35,0.28055
6720.25,0.27991
6721.16,0.27988
6722.06,0.28184
6722.96,0.28153
6723.86,0.28173
6724.76,0.2824
6725.66,0.28261
6726.56,0.28246
6727.46,0.28359
6728.36,0.28363
6729.26,0.28502
6730.16,0.28375
6731.06,0.28555
6731.96,0.28421
6732.86,0.28468
6733.76,0.28421
6734.66,0.28428
6735.56,0.28463
6736.46,0.28429
6737.36,0.28399
6738.26,0.28408
6739.16,0.28319
6740.06,0.28332
6740.96,0.28254
6741.86,0.28323
6742.76,0.28302
6743.66,0.28236
6744.56,0.28203
6745.46,0.28171
6746.36,0.28173
6747.26,0.28058
6748.16,0.28123
6749.06,0.28176
6749.96,0.28003
6750.86,0.2801
6751.76,0.2806
6752.66,0.28131
6753.56,0.28201
6754.46,0.28176
6755.36,0.28103
6756.26,0.28337
6757.16,0.28246
6758.06,0.28235
6758.97,0.28256
6759.87,0.28429
6760.77,0.28432
6761.67,0.28344
6762.57,0.28372
6763.47,0.28292
6764.37,0.28275
6765.27,0.28249
6766.17,0.28196
6767.07,0.28195
6767.97,0.28217
6768.87,0.28078
6769.77,0.28126
6770.67,0.28131
6771.57,0.2815
6772.47,0.28215
6773.37,0.28254
6774.27,0.28211
6775.17,0.28166
6776.07,0.28213
6776.97,0.28257
6777.87,0.28288
6778.77,0.28238
6779.67,0.2837
6780.57,0.28364
6781.47,0.28274
6782.37,0.28334
6783.27,0.28306
6784.17,0.28249
6785.07,0.28286
6785.97,0.2816
6786.87,0.28099
6787.77,0.28151
6788.67,0.2802
6789.57,0.2822
6790.47,0.28083
6791.37,0.28225
6792.27,0.28064
6793.17,0.28162
6794.07,0.28111
6794.97,0.28114
6795.88,0.28151
6796.78,0.28112
6797.68,0.28195
6798.58,0.28325
6799.48,0.28165
6800.38,0.28175
6801.28,0.28271
6802.18,0.28236
6803.08,0.28243
6803.98,0.28169
6804.88,0.28258
6805.78,0.2811
6806.68,0.28192
6807.58,0.2812
6808.48,0.28009
6809.38,0.28054
6810.28,0.28041
6811.18,0.28036
6812.08,0.28026
6812.98,0.2809
6813.88,0.28054
6814.78,0.28077
6815.68,0.28165
6816.58,0.27959
6817.48,0.28115
6818.38,0.28054
6819.28,0.28134
6820.18,0.28118
6821.08,0.28155
6821.98,0.28195
6822.88,0.28067
6823.78,0.28218
6824.68,0.28136
6825.58,0.28137
6826.48,0.28191
6827.38,0.28282
6828.28,0.28092
6829.18,0.28084
6830.08,0.28077
6830.98,0.28182
6831.88,0.28178
6832.79,0.28128
6833.69,0.28086
6834.59,0.28126
6835.49,0.28006
6836.39,0.28009
6837.29,0.28077
6838.19,0.28105
6839.09,0.28048
6839.99,0.27957
6840.89,0.27911
6841.79,0.27903
6842.69,0.27849
6843.59,0.27693
6844.49,0.27792
6845.39,0.27841
6846.29,0.27786
6847.19,0.27912
6848.09,0.27923
6848.99,0.27862
6849.89,0.27927
6850.79,0.27966
6851.69,0.28005
6852.59,0.2774
6853.49,0.27875
6854.39,0.27992
6855.29,0.27835
6856.19,0.2784
6857.09,0.27689
6857.99,0.27841
6858.89,0.27703
6859.79,0.27711
6860.69,0.27779
6861.59,0.27802
6862.49,0.27658
6863.39,0.2777
6864.29,0.27684
6865.19,0.27799
6866.09,0.27819
6866.99,0.27856
6867.89,0.27749
6868.79,0.27886
6869.7,0.27859
6870.6,0.27912
6871.5,0.27894
6872.4,0.279
6873.3,0.27932
6874.2,0.27854
6875.1,0.27863
6876.0,0.27908
6876.9,0.27857
6877.8,0.27922
6878.7,0.27842
6879.6,0.27865
6880.5,0.2785
6881.4,0.27899
6882.3,0.27944
6883.2,0.27892
6884.1,0.27868
6885.0,0.27877
6885.9,0.27813
6886.8,0.27947
6887.7,0.27839
6888.6,0.27969
6889.5,0.2788
6890.4,0.27894
6891.3,0.27944
6892.2,0.27869
6893.1,0.28012
6894.0,0.27978
6894.9,0.27927
6895.8,0.2796
6896.7,0.2793
6897.6,0.27871
6898.5,0.27912
6899.4,0.27926
6900.3,0.27878
6901.2,0.27952
6902.1,0.27973
6903.0,0.27914
6903.9,0.27957
6904.8,0.27947
6905.7,0.27979
6906.6,0.28081
6907.51,0.27937
6908.41,0.28024
6909.31,0.28031
6910.21,0.27946
6911.11,0.27988
6912.01,0.27915
6912.91,0.27934
6913.81,0.27869
6914.71,0.2794
6915.61,0.27795
6916.51,0.27764
6917.41,0.27793
6918.31,0.27702
6919.21,0.27739
6920.11,0.27809
6921.01,0.27806
6921.91,0.27726
6922.81,0.27892
6923.71,0.27917
6924.61,0.2781
6925.51,0.2787
6926.41,0.27797
6927.31,0.27893
6928.21,0.27867
6929.11,0.27881
6930.01,0.28038
6930.91,0.27866
6931.81,0.2781
6932.71,0.27905
6933.61,0.27843
6934.51,0.27981
6935.41,0.2788
6936.31,0.2785
6937.21,0.27793
6938.11,0.27836
6939.01,0.27848
6939.91,0.27873
6940.81,0.27859
6941.71,0.27851
6942.61,0.27907
6943.52,0.27819
6944.42,0.27889
6945.31,0.27796
6946.22,0.27698
6947.12,0.27791
6948.02,0.27774
6948.92,0.27731
6949.82,0.2778
6950.72,0.27758
6951.62,0.27748
6952.52,0.27859
6953.42,0.27727
6954.32,0.27872
6955.22,0.27886
6956.12,0.27802
6957.02,0.2795
6957.92,0.28015
6958.82,0.27861
6959.72,0.27938
6960.62,0.27915
6961.52,0.27964
6962.42,0.27975
6963.32,0.27978
6964.22,0.27952
6965.12,0.28021
6966.02,0.27972
6966.92,0.28076
6967.82,0.28001
6968.72,0.2786
6969.62,0.28053
6970.52,0.27911
6971.42,0.27962
6972.32,0.27909
6973.22,0.27874
6974.12,0.27805
6975.02,0.27713
6975.92,0.27607
6976.82,0.2755
6977.72,0.2765
6978.62,0.27508
6979.52,0.27575
6980.42,0.27491
6981.33,0.27494
6982.23,0.27527
6983.12,0.27478
6984.03,0.27599
6984.93,0.27668
6985.83,0.27786
6986.73,0.27604
6987.63,0.27843
6988.53,0.27798
6989.43,0.27797
6990.33,0.27841
6991.23,0.27826
6992.13,0.27812
6993.03,0.27905
6993.93,0.27845
6994.83,0.27774
6995.73,0.27759
6996.63,0.2775
6997.53,0.27639
6998.43,0.2776
6999.33,0.27648
7000.23,0.2775
7001.13,0.27822
7002.03,0.27771
7002.93,0.27658
7003.83,0.27691
7004.73,0.27654
7005.63,0.27646
7006.53,0.27748
7007.43,0.27588
7008.33,0.27646
7009.23,0.2753
7010.13,0.27632
7011.03,0.27541
7011.93,0.27661
7012.83,0.27604
7013.73,0.27611
7014.63,0.27644
7015.53,0.27571
7016.43,0.27492
7017.33,0.27525
7018.23,0.2742
7019.14,0.27515
7020.04,0.27507
7020.94,0.27478
7021.84,0.27555
7022.74,0.27443
7023.64,0.2753
7024.54,0.27603
7025.44,0.2757
7026.34,0.2761
7027.24,0.27742
7028.14,0.2765
7029.04,0.27647
7029.94,0.27698
7030.84,0.27613
7031.74,0.27671
7032.64,0.27694
7033.54,0.27712
7034.44,0.27621
7035.34,0.27646
7036.24,0.2762
7037.14,0.27638
7038.04,0.27731
7038.94,0.27745
7039.84,0.27677
7040.74,0.27527
7041.64,0.27704
7042.54,0.27801
7043.44,0.27906
7044.34,0.27875
7045.24,0.2784
7046.14,0.28026
7047.04,0.27864
7047.94,0.27958
7048.84,0.27867
7049.74,0.27918
7050.64,0.2793
7051.54,0.27865
7052.44,0.27875
7053.34,0.27648
7054.25,0.27569
7055.15,0.27696
7056.04,0.27544
7056.95,0.27729
7057.85,0.27495
7058.75,0.27638
7059.65,0.27549
7060.55,0.27677
7061.45,0.27543
7062.35,0.27606
7063.25,0.27565
7064.15,0.27528
7065.05,0.27511
7065.95,0.27541
7066.85,0.27509
7067.75,0.27577
7068.65,0.27565
7069.55,0.27572
7070.45,0.27647
7071.35,0.2762
7072.25,0.27465
7073.15,0.27704
7074.05,0.27706
7074.95,0.27737
7075.85,0.27724
7076.75,0.27767
7077.65,0.27621
7078.55,0.27768
7079.45,0.27698
7080.35,0.27696
7081.25,0.27594
7082.15,0.27565
7083.05,0.27448
7083.95,0.27507
7084.85,0.2726
7085.75,0.2728
7086.65,0.27161
7087.55,0.27115
7088.45,0.27067
7089.35,0.26884
7090.25,0.2681
7091.15,0.26939
7092.06,0.26812
7092.96,0.26787
7093.85,0.26829
7094.76,0.26847
7095.66,0.26917
7096.56,0.26924
7097.46,0.26882
7098.36,0.2695
7099.26,0.27039
7100.16,0.26917
7101.06,0.27039
7101.96,0.27081
7102.86,0.27088
7103.76,0.27115
7104.66,0.27289
7105.56,0.2725
7106.46,0.27234
7107.36,0.27194
7108.26,0.27224
7109.16,0.27245
7110.06,0.27204
7110.96,0.27088
7111.86,0.27144
7112.76,0.2724
7113.66,0.27167
7114.56,0.27276
7115.46,0.2714
7116.36,0.27205
7117.26,0.2731
7118.16,0.27313
7119.06,0.27321
7119.96,0.2726
7120.86,0.27259
7121.76,0.2717
7122.66,0.2724
7123.56,0.27213
7124.46,0.27093
7125.36,0.27116
7126.26,0.26999
7127.16,0.27006
7127.27,0.26967
7128.17,0.26928
7129.07,0.26917
7129.96,0.26835
7130.86,0.26881
7131.75,0.26753
7132.65,0.26852
7133.55,0.26891
7134.44,0.2685
7135.34,0.26909
7136.23,0.269
7137.13,0.26942
7138.03,0.26954
7138.92,0.27003
7139.82,0.26908
7140.71,0.27027
7141.61,0.26961
7142.5,0.26902
7143.4,0.27062
7144.3,0.27047
7145.19,0.26813
7146.09,0.26891
7146.98,0.26888
7147.88,0.26792
7148.78,0.26876
7149.67,0.26721
7150.57,0.2685
7151.46,0.26762
7152.36,0.26805
7153.26,0.26968
7154.15,0.27008
7155.05,0.27005
7155.94,0.27136
7156.84,0.27081
7157.74,0.27175
7158.63,0.27102
7159.53,0.27189
7160.42,0.27271
7161.32,0.27135
7162.21,0.27172
7163.11,0.27084
7164.01,0.27112
7164.9,0.27024
7165.8,0.27214
7166.69,0.27107
7167.59,0.27083
7168.49,0.27232
7169.38,0.27047
7170.28,0.27201
7171.17,0.27212
7172.07,0.27303
7172.96,0.2722
7173.86,0.27463
7174.76,0.27362
7175.65,0.27332
7176.55,0.27343
7177.44,0.27279
7178.34,0.27298
7179.24,0.273
7180.13,0.27095
7181.03,0.27099
7181.92,0.26993
7182.82,0.27046
7183.72,0.27033
7184.61,0.26898
7185.51,0.27006
7186.4,0.2693
7187.3,0.26813
7188.19,0.26984
7189.09,0.26882
7189.99,0.26831
7190.88,0.26858
7191.78,0.26988
7192.67,0.26964
7193.57,0.2699
7194.47,0.26903
7195.36,0.27076
7196.26,0.27065
7197.15,0.27012
7198.05,0.2704
7198.95,0.27007
7199.84,0.27018
7200.74,0.27002
7201.63,0.27038
7202.53,0.27038
7203.43,0.27053
7204.32,0.26991
7205.22,0.2684
7206.11,0.26894
7207.01,0.26985
7207.9,0.26828
7208.8,0.2693
7209.7,0.26885
7210.59,0.26969
7211.49,0.26997
7212.38,0.27007
7213.28,0.26989
7214.18,0.27045
7215.07,0.27095
7215.97,0.27114
7216.86,0.27132
7217.76,0.2722
7218.66,0.27235
7219.55,0.27211
7220.45,0.27225
7221.34,0.27349
7222.24,0.27276
7223.13,0.27347
7224.03,0.2723
7224.93,0.27331
7225.82,0.27331
7226.72,0.27357
7227.61,0.27431
7228.51,0.2741
7229.41,0.27414
7230.3,0.27509
7231.2,0.27543
7232.09,0.27514
7232.99,0.27569
7233.89,0.27578
7234.78,0.27468
7235.68,0.27471
7236.57,0.27462
7237.47,0.27431
7238.36,0.27355
7239.26,0.27515
7240.16,0.27437
7241.05,0.27402
7241.95,0.2735
7242.84,0.27381
7243.74,0.27412
7244.64,0.27276
7245.53,0.27287
7246.43,0.27314
7247.32,0.2725
7248.22,0.27271
7249.12,0.27256
7250.01,0.27324
7250.91,0.27292
7251.8,0.27236
7252.7,0.27227
7253.6,0.27317
7254.49,0.27317
7255.39,0.27356
7256.28,0.27247
7257.18,0.27325
7258.07,0.27348
7258.97,0.27589
7259.87,0.27347
7260.76,0.27384
7261.66,0.2729
7262.55,0.27328
7263.45,0.27347
7264.35,0.27314
7265.24,0.27365
7266.14,0.27413
7267.03,0.27396
7267.93,0.2751
7268.83,0.27383
7269.72,0.27447
7270.62,0.27443
7271.51,0.27407
7272.41,0.274
7273.3,0.27464
7274.2,0.27462
7275.1,0.27348
7275.99,0.27459
7276.89,0.27497
7277.78,0.27425
7278.68,0.27405
7279.58,0.27351
7280.47,0.27307
7281.37,0.27352
7282.26,0.27248
7283.16,0.27216
7284.06,0.27176
7284.95,0.27093
7285.85,0.2713
7286.74,0.27021
7287.64,0.27078
7288.53,0.27042
7289.43,0.26944
7290.33,0.26948
7291.22,0.26871
7292.12,0.27092
7293.01,0.27063
7293.91,0.27039
7294.81,0.27022
7295.7,0.27043
7296.6,0.27139
7297.49,0.27176
7298.39,0.26993
7299.29,0.27202
7300.18,0.2726
7301.08,0.27266
7301.97,0.27381
7302.87,0.27171
7303.76,0.27321
7304.66,0.27273
7305.56,0.27242
7306.45,0.2725
7307.35,0.27149
7308.24,0.27143
7309.14,0.2714
7310.04,0.27125
7310.93,0.27171
7311.83,0.2717
7312.72,0.27175
7313.62,0.2711
7314.52,0.27158
7315.41,0.2737
7316.31,0.27111
7317.2,0.2716
7318.1,0.27134
7318.99,0.27204
7319.89,0.27217
7320.79,0.27137
7321.68,0.2714
7322.58,0.27071
7323.47,0.27098
7324.37,0.27074
7325.27,0.27068
7326.16,0.26938
7327.06,0.26935
7327.95,0.26964
7328.85,0.2698
7329.75,0.26988
7330.64,0.27105
7331.54,0.27059
7332.43,0.27031
7333.33,0.27082
7334.22,0.27116
7335.12,0.2708
7336.02,0.27126
7336.91,0.27265
7337.81,0.27243
7338.7,0.27203
7339.6,0.27271
7340.5,0.27247
7341.39,0.27155
7342.29,0.27285
7343.18,0.27192
7344.08,0.27148
7344.98,0.27097
7345.87,0.27091
7346.77,0.27118
7347.66,0.27076
7348.56,0.27101
7349.45,0.27103
7350.35,0.26933
7351.25,0.27014
7352.14,0.26927
7353.04,0.26894
7353.93,0.26891
7354.83,0.26711
7355.73,0.26783
7356.62,0.26804
7357.52,0.26753
7358.41,0.26696
7359.31,0.26726
7360.21,0.26708
7361.1,0.26794
7362.0,0.26783
7362.89,0.26729
7363.79,0.26736
7364.69,0.26873
7365.58,0.26764
7366.48,0.26699
7367.37,0.26941
7368.27,0.2689
7369.16,0.26931
7370.06,0.26875
7370.96,0.2686
7371.85,0.26936
7372.75,0.26965
7373.64,0.26946
7374.54,0.27011
7375.44,0.27026
7376.33,0.2695
7377.23,0.27063
7378.12,0.2704
7379.02,0.2692
7379.92,0.26908
7380.81,0.26854
7381.71,0.26833
7382.6,0.26672
7383.5,0.26748
7384.39,0.26669
7385.29,0.26661
7386.19,0.26611
7387.08,0.26452
7387.98,0.2647
7388.87,0.26494
7389.77,0.26372
7390.67,0.26419
7391.56,0.26448
7392.46,0.26343
7393.35,0.26435
7394.25,0.26525
7395.15,0.26473
7396.04,0.26445
7396.94,0.26533
7397.83,0.26569
7398.73,0.26621
7399.62,0.26512
7400.52,0.26628
7401.42,0.26611
7402.31,0.2656
7403.21,0.26596
7404.1,0.26615
7405.0,0.26574
7405.9,0.26588
7406.79,0.26393
7407.69,0.26362
7408.58,0.26286
7409.48,0.26213
7410.38,0.26134
7411.27,0.26065
7412.17,0.25841
7413.06,0.25804
7413.96,0.25699
7414.85,0.25786
7415.75,0.25657
7416.65,0.25641
7417.54,0.25554
7418.44,0.25609
7419.33,0.25703
7420.23,0.25712
7421.13,0.25768
7422.02,0.25833
7422.92,0.25932
7423.81,0.26033
7424.71,0.26179
7425.6,0.26206
7426.5,0.26324
7427.4,0.26297
7428.29,0.26507
7429.19,0.26438
7431.68,0.26677
7434.18,0.26681
7436.67,0.26672
7439.17,0.26702
7441.66,0.26593
7444.16,0.26585
7446.66,0.26603
7449.15,0.26522
7451.65,0.26677
7454.14,0.26678
7456.64,0.26729
7459.13,0.26707
7461.63,0.2673
7464.12,0.26714
7466.62,0.26686
7469.11,0.26689
7471.61,0.26713
7474.1,0.26811
7476.6,0.26637
7479.09,0.26725
7481.59,0.26659
7484.08,0.26617
7486.58,0.26596
7489.07,0.26513
7491.57,0.2641
7494.06,0.26464
7496.56,0.26367
7499.05,0.26485
7501.55,0.26544
7504.04,0.26595
7506.54,0.26577
7509.03,0.26484
7511.53,0.26526
7514.02,0.26429
7516.52,0.26494
7519.01,0.26525
7521.51,0.26543
7524.0,0.26482
7526.5,0.26438
7528.99,0.26483
7531.49,0.26442
7533.99,0.26519
7536.48,0.26573
7538.98,0.26547
7541.47,0.2657
7543.97,0.26585
7546.46,0.26546
7548.96,0.2651
7551.45,0.26525
7553.95,0.26466
7556.44,0.26509
7558.94,0.26363
7561.43,0.2639
7563.93,0.26431
7566.42,0.26434
7568.92,0.26424
7571.41,0.26389
7573.91,0.26335
7576.4,0.26389
7578.9,0.26269
7581.39,0.26303
7583.89,0.26232
7586.38,0.26193
7588.88,0.26205
7591.37,0.26285
7593.87,0.26443
7596.36,0.26396
7598.86,0.26393
7601.35,0.26313
7603.85,0.26374
7606.34,0.26359
7608.84,0.26288
7611.33,0.26336
7613.83,0.2623
7616.33,0.26145
7618.82,0.26093
7621.32,0.26076
7623.81,0.26127
7626.31,0.26259
7628.8,0.26285
7631.3,0.26339
7633.79,0.26311
7636.29,0.26324
7638.78,0.26331
7641.28,0.26329
7643.77,0.26326
7646.27,0.26233
7648.76,0.26212
7651.26,0.2614
7653.75,0.25981
7656.25,0.25798
7658.74,0.25619
7661.24,0.25338
7663.73,0.25188
7666.23,0.25145
7668.72,0.25323
7671.22,0.25536
7673.71,0.25752
7676.21,0.25948
7678.7,0.2603
7681.2,0.26109
7683.69,0.26091
7686.19,0.26071
7688.69,0.25963
7691.18,0.25934
7693.68,0.25834
7696.17,0.25695
7698.67,0.25665
7701.16,0.2566
7703.66,0.25679
7706.15,0.25728
7708.65,0.2568
7711.14,0.2573
7713.64,0.25628
7716.13,0.25622
7718.63,0.25715
7721.12,0.25804
7723.62,0.25839
7726.11,0.25895
7728.61,0.25906
7731.1,0.25967
7733.6,0.25999
7736.09,0.26048
7738.59,0.26086
7741.08,0.26017
7743.58,0.25896
7746.07,0.25801
7748.57,0.25703
7751.06,0.25636
7753.56,0.25746
7756.05,0.25818
7758.55,0.25962
7761.04,0.26076
7763.54,0.26094
7766.03,0.26112
7768.53,0.26104
7771.03,0.26139
7773.52,0.26132
7776.02,0.26128
7778.51,0.26064
7781.01,0.25984
7783.5,0.2592
7786.0,0.25876
7788.49,0.25722
7790.99,0.25697
7793.48,0.2578
7795.98,0.2579
7798.47,0.25756
7800.97,0.25726
7803.46,0.25771
7805.96,0.25782
7808.45,0.25813
7810.95,0.25737
7813.44,0.25818
7815.94,0.25861
7818.43,0.25876
7820.93,0.25836
7823.42,0.25866
7825.92,0.25806
7828.41,0.257
7830.91,0.25637
7833.4,0.25547
7835.9,0.25524
7838.39,0.25484
7840.89,0.2557
7843.38,0.25586
7845.88,0.256
7848.38,0.25561
7850.87,0.25607
7853.37,0.25577
7855.86,0.25596
7858.36,0.25559
7860.85,0.25625
7863.35,0.25639
7865.84,0.25646
7868.34,0.25633
7870.83,0.25551
7873.33,0.25543
7875.82,0.25472
7878.32,0.25514
7880.81,0.25511
7883.31,0.2551
7885.8,0.25432
7888.3,0.25548
7890.79,0.25476
7893.29,0.25423
7895.78,0.25407
7898.28,0.25386
7900.77,0.25413
7903.27,0.25383
7905.76,0.25314
7908.26,0.25239
7910.75,0.25158
7913.25,0.25111
7915.74,0.25021
7918.24,0.2502
7920.73,0.25051
7923.23,0.25052
7925.73,0.25151
7928.22,0.25109
7930.71,0.25068
7933.21,0.24963
7935.71,0.24946
7938.2,0.24847
7940.7,0.24671
7943.19,0.24678
7945.69,0.24715
7948.18,0.24698
7950.68,0.24822
7953.17,0.24917
7955.67,0.24922
7958.16,0.25006
7960.66,0.25
7963.15,0.25056
7965.65,0.25056
7968.14,0.25022
7970.64,0.25085
7973.13,0.25038
7975.63,0.25041
7978.12,0.24986
7980.62,0.24913
7983.11,0.24879
7985.61,0.24878
7988.1,0.24858
7990.6,0.24786
7993.09,0.24817
7995.59,0.24724
7998.08,0.24719
8000.58,0.2469
8003.07,0.24771
8005.57,0.24834
8008.06,0.24937
8010.56,0.24995
8013.06,0.2497
8015.55,0.25011
8018.05,0.24987
8020.54,0.24945
8023.04,0.24849
8025.53,0.24747
8028.03,0.24659
8030.52,0.24656
8033.02,0.24709
8035.51,0.24821
8038.01,0.24855
8040.5,0.24779
8043.0,0.24738
8045.49,0.24577
8047.99,0.24523
8050.48,0.2446
8052.98,0.24523
8055.47,0.24564
8057.97,0.247
8060.46,0.24709
8062.96,0.24638
8065.45,0.24625
8067.95,0.24534
8070.44,0.24516
8072.94,0.24473
8075.43,0.24406
8077.93,0.24373
8080.42,0.24452
8082.92,0.24456
8085.41,0.24408
8087.91,0.24405
8090.4,0.2434
8092.9,0.2436
8095.4,0.24267
8097.89,0.24356
8100.39,0.24296
8102.88,0.24368
8105.38,0.2444
8107.87,0.24418
8110.37,0.24436
8112.86,0.2433
8115.36,0.2434
8117.85,0.24354
8120.35,0.24375
8122.84,0.24385
8125.34,0.24322
8127.83,0.24423
8130.33,0.24348
8132.82,0.24418
8135.32,0.24347
8137.81,0.24439
8140.31,0.24328
8142.8,0.24338
8145.3,0.24308
8147.79,0.24299
8150.29,0.24345
8152.78,0.24267
8155.28,0.24294
8157.77,0.24336
8160.27,0.24324
8162.76,0.24243
8165.26,0.24281
8167.75,0.24291
8170.25,0.24261
8172.75,0.24256
8175.24,0.24205
8177.74,0.24123
8180.23,0.2406
8182.73,0.2385
8185.22,0.23826
8187.72,0.2381
8190.21,0.23802
8192.71,0.238
8195.2,0.23729
8197.7,0.23734
8200.19,0.23721
8202.69,0.23845
8205.18,0.23884
8207.68,0.23909
8210.17,0.24003
8212.67,0.24021
8215.16,0.24025
8217.66,0.24011
8220.15,0.24021
8222.65,0.24053
8225.14,0.24069
8227.64,0.24128
8230.13,0.24168
8232.63,0.24151
8235.12,0.24112
8237.62,0.24136
8240.11,0.24065
8242.61,0.24006
8245.1,0.24102
8247.6,0.24055
8250.1,0.24081
8252.59,0.24052
8255.08,0.24039
8257.58,0.24036
8260.08,0.24087
8262.57,0.24158
8265.07,0.24133
8267.56,0.24177
8270.06,0.24191
8272.55,0.24123
8275.05,0.24086
8277.54,0.24119
8280.04,0.24185
8282.53,0.24154
8285.03,0.24049
8287.52,0.24034
8290.02,0.24083
8292.51,0.2406
8295.01,0.23981
8297.5,0.2401
8300.0,0.23942
8302.49,0.23947
8304.99,0.23882
8307.48,0.2383
8309.98,0.2382
8312.47,0.23828
8314.97,0.23829
8317.46,0.23869
8319.96,0.23875
8322.46,0.23773
8324.95,0.23731
8327.44,0.23612
8329.94,0.23478
8332.43,0.23443
8334.93,0.2348
8337.43,0.23538
8339.92,0.23561
8342.42,0.23702
8344.91,0.23659
8347.41,0.23715
8349.9,0.23738
8352.4,0.2372
8354.89,0.23737
8357.39,0.23725
8359.88,0.23655
8362.38,0.23668
8364.87,0.23624
8367.37,0.23574
8369.86,0.23596
8372.36,0.23647
8374.85,0.23662
8377.35,0.23572
8379.84,0.2346
8382.34,0.23334
8384.83,0.23216
8387.33,0.23188
8389.82,0.23259
8392.32,0.23279
8394.81,0.23381
8397.31,0.23497
8399.8,0.23563
8402.3,0.23598
8404.79,0.23601
8407.29,0.2362
8409.79,0.23597
8412.28,0.23521
8414.78,0.23443
8417.27,0.23468
8419.77,0.23474
8422.26,0.23429
8424.76,0.23409
8427.25,0.23289
8429.75,0.23273
8432.24,0.23162
8434.74,0.23066
8437.23,0.23034
8439.73,0.23144
8442.22,0.23152
8444.72,0.23385
8447.21,0.23485
8449.71,0.23504
8452.2,0.23593
8454.7,0.23552
8457.19,0.23512
8459.69,0.23461
8462.18,0.23385
8464.68,0.23268
8467.17,0.23184
8469.67,0.23092
8472.16,0.23124
8474.66,0.23168
8477.15,0.23303
8479.65,0.23365
8482.14,0.23385
8484.64,0.23352
8487.13,0.23296
8489.63,0.23066
8492.12,0.22748
8494.62,0.22309
8497.12,0.21841
8499.61,0.21513
8502.11,0.21478
8504.6,0.21794
8507.1,0.22153
8509.59,0.22525
8512.09,0.22614
8514.58,0.22665
8517.08,0.22687
8519.57,0.22727
8522.07,0.22785
8524.56,0.22836
8527.06,0.22885
8529.55,0.22857
8532.05,0.22481
8534.54,0.21987
8537.04,0.21084
8539.53,0.20153
8542.03,0.19334
8544.52,0.1896
8547.02,0.19268
8549.51,0.20073
8552.01,0.21005
8554.5,0.21738
8557.0,0.2227
8559.49,0.22602
8561.99,0.22719
8564.48,0.22796
8566.98,0.22871
8569.47,0.22838
8571.97,0.22913
8574.47,0.22847
8576.96,0.22884
8579.46,0.22865
8581.95,0.22863
8584.45,0.22864
8586.94,0.22824
8589.44,0.2277
8591.93,0.2277
8594.43,0.22737
8596.92,0.22671
8599.42,0.22652
8601.91,0.22683
8604.41,0.22591
8606.9,0.22639
8609.4,0.22632
8611.89,0.2263
8614.39,0.2253
8616.88,0.22547
8619.38,0.22483
8621.87,0.22577
8624.37,0.22566
8626.86,0.22589
8629.36,0.22647
8631.85,0.22683
8634.35,0.22707
8636.84,0.22685
8639.34,0.22737
8641.83,0.22728
8644.33,0.22678
8646.83,0.22615
8649.32,0.22476
8651.82,0.2228
8654.31,0.21851
8656.8,0.21205
8659.3,0.2037
8661.8,0.19553
8664.29,0.19229
8666.79,0.19421
8669.28,0.20053
8671.78,0.20741
8674.27,0.2137
8676.77,0.21797
8679.26,0.22047
8681.76,0.22148
8684.25,0.22195
8686.75,0.22166
8689.24,0.2205
8691.74,0.22023
8694.23,0.22055
8696.73,0.22207
8699.22,0.22192
8701.72,0.223
8704.21,0.22379
8706.71,0.2232
8709.2,0.22367
8711.7,0.22268
8714.19,0.22261
8716.69,0.22263
8719.18,0.22305
8721.68,0.22407
8724.17,0.2247
8726.67,0.22434
8729.17,0.22418
8731.66,0.22398
8734.16,0.22354
8736.65,0.22296
8739.15,0.22192
8741.64,0.2215
8744.14,0.22061
8746.63,0.22024
8749.13,0.21938
8751.62,0.21816
8754.12,0.21823
8756.61,0.2186
8759.11,0.21931
8761.6,0.21984
8764.1,0.22062
8766.59,0.22101
8769.09,0.22162
8771.58,0.22104
8774.08,0.22149
8776.57,0.22192
8779.07,0.22165
8781.56,0.22214
8784.06,0.22228
8786.55,0.22239
8789.05,0.22173
8791.54,0.22139
8794.04,0.22086
8796.53,0.22061
8799.03,0.21979
8801.52,0.21839
8804.02,0.21736
8806.51,0.21578
8809.01,0.21568
8811.5,0.21665
8814.0,0.21734
8816.5,0.21869
8818.99,0.22024
8821.49,0.2201
8823.98,0.2199
8826.48,0.21943
8828.97,0.21996
8831.47,0.22047
8833.96,0.22093
8836.46,0.22094
8838.95,0.22125
8841.45,0.22128
8843.94,0.22171
8846.44,0.22174
8848.93,0.22229
8851.43,0.22161
8853.92,0.22166
8856.42,0.22133
8858.91,0.22023
8861.41,0.21834
8863.9,0.21773
8866.4,0.21741
8868.89,0.21738
8871.39,0.21878
8873.88,0.21972
8876.38,0.22057
8878.87,0.22167
8881.37,0.22184
8883.87,0.22233
8886.36,0.22203
8888.86,0.2224
8891.35,0.22196
8893.84,0.22185
8896.34,0.22179
8898.84,0.22132
8901.33,0.22131
8903.83,0.2212
8906.32,0.22087
8908.82,0.22051
8911.31,0.22
8913.81,0.21981
8916.3,0.21902
8918.8,0.21878
8921.29,0.2182
8923.79,0.2179
8926.28,0.21695
8928.78,0.21698
8931.27,0.21721
8933.77,0.2173
8936.26,0.21734
8938.76,0.21813
8941.25,0.218
8943.75,0.21745
8946.24,0.21741
8948.74,0.21734
8951.23,0.21837
8953.73,0.21813
8956.22,0.21938
8958.72,0.21948
8961.21,0.2199
8963.71,0.21914
8966.2,0.21861
8968.7,0.21836
8971.2,0.21769
8973.69,0.21749
8976.19,0.21748
8978.68,0.21697
8981.18,0.21755
8983.67,0.21748
8986.17,0.21735
8988.66,0.21753
8991.16,0.21764
8993.65,0.21716
8996.15,0.21611
8998.64,0.21513
9001.14,0.21412
9003.63,0.21335
9006.13,0.21205
9008.62,0.2101
9011.12,0.20835
9013.61,0.2071
9016.11,0.20581
9018.6,0.20686
9021.1,0.20773
9023.59,0.20922
9026.09,0.21095
9028.58,0.21277
9031.08,0.21361
9033.57,0.21447
9036.07,0.21494
9038.56,0.21602
9041.06,0.2161
9043.55,0.2159
9046.05,0.21601
9048.54,0.21662
9051.04,0.21652
9053.54,0.21614
9056.03,0.21501
9058.53,0.21433
9061.02,0.21398
9063.52,0.21392
9066.01,0.21374
9068.51,0.21344
9071.0,0.21352
9073.5,0.21385
9075.99,0.21353
9078.49,0.21297
9080.98,0.2125
9083.48,0.21078
9085.97,0.21023
9088.47,0.20919
9090.96,0.20858
9093.46,0.20882
9095.95,0.20931
9098.45,0.21017
9100.94,0.21112
9103.44,0.21167
9105.93,0.21248
9108.43,0.21186
9110.92,0.21159
9113.42,0.21129
9115.91,0.21113
9118.41,0.21092
9120.9,0.21089
9123.4,0.21059
9125.89,0.21212
9128.39,0.2119
9130.88,0.21254
9133.38,0.21195
9135.88,0.2117
9138.37,0.2105
9140.87,0.20974
9143.36,0.20928
9145.86,0.20859
9148.35,0.20867
9150.85,0.20872
9153.34,0.2088
9155.84,0.20918
9158.33,0.20867
9160.83,0.20892
9163.32,0.20921
9165.82,0.2083
9168.31,0.20703
9170.81,0.20673
9173.3,0.20599
9175.8,0.20601
9178.29,0.20676
9180.79,0.20627
9183.28,0.20686
9185.78,0.20688
9188.27,0.20664
9190.77,0.2072
9193.26,0.20725
9195.76,0.20663
9198.25,0.20648
9200.75,0.2061
9203.24,0.20628
9205.74,0.2059
9208.24,0.2057
9210.73,0.20492
9213.23,0.2042
9215.72,0.20392
9218.22,0.20358
9220.71,0.20348
9223.21,0.20315
9225.7,0.20294
9228.2,0.20169
9230.69,0.20108
9233.19,0.20101
9235.68,0.20223
9238.18,0.20263
9240.67,0.20347
9243.17,0.20374
9245.66,0.20432
9248.16,0.20419
9250.65,0.20411
9253.15,0.20356
9255.64,0.20296
9258.14,0.20279
9260.63,0.20356
9263.13,0.20358
9265.62,0.20441
9268.12,0.20508
9270.61,0.20516
9273.11,0.20494
9275.6,0.20484
9278.1,0.20401
9280.59,0.20404
9283.09,0.20329
9285.58,0.20322
9288.08,0.20321
9290.58,0.2027
9293.07,0.20229
9295.57,0.20235
9298.06,0.20254
9300.56,0.20278
9303.05,0.2029
9305.55,0.20308
9308.04,0.20273
9310.54,0.20268
9313.03,0.20269
9315.53,0.20251
9318.02,0.20287
9320.52,0.20245
9323.01,0.20257
9325.51,0.20211
9328.0,0.20258
9330.5,0.20251
9332.99,0.20303
9335.49,0.20304
9337.98,0.20302
9340.48,0.20294
9342.97,0.20305
9345.47,0.20204
9347.96,0.20185
9350.46,0.20155
9352.95,0.20076
9355.45,0.20006
9357.94,0.19942
9360.44,0.19978
9362.93,0.19895
9365.43,0.19914
9367.92,0.19876
9370.42,0.19943
9372.92,0.19891
9375.41,0.19902
9377.91,0.19915
9380.4,0.19904
9382.9,0.1995
9385.39,0.19977
9387.89,0.19914
9390.38,0.19991
9392.88,0.19985
9395.37,0.19895
9397.87,0.1992
9400.36,0.19814
9402.86,0.19785
9405.35,0.19682
9407.85,0.19647
9410.34,0.1957
9412.84,0.19497
9415.33,0.19477
9417.83,0.19527
9420.32,0.19616
9422.82,0.19631
9425.31,0.19723
9427.81,0.19801
9430.3,0.19768
9432.8,0.19717
9435.29,0.19694
9437.79,0.19682
9440.28,0.19626
9442.78,0.19667
9445.27,0.19668
9447.77,0.19623
9450.27,0.19651
9452.76,0.19629
9455.25,0.19676
9457.75,0.19703
9460.25,0.19667
9462.74,0.19752
9465.24,0.19723
9467.73,0.1975
9470.23,0.19723
9472.72,0.19734
9475.22,0.19754
9477.71,0.19753
9480.21,0.19711
9482.7,0.19707
9485.2,0.19672
9487.69,0.1972
9490.19,0.1974
9492.68,0.19713
9495.18,0.19714
9497.67,0.19714
9500.17,0.19748
9502.66,0.19718
9505.16,0.19716
9507.65,0.19721
9510.15,0.19723
9512.64,0.197
9515.14,0.19728
9517.63,0.19752
9520.13,0.19747
9522.62,0.1975
9525.12,0.19741
9527.61,0.1974
9530.11,0.19693
9532.61,0.1963
9535.1,0.19554
9537.6,0.19418
9540.09,0.19304
9542.59,0.19164
9545.08,0.19087
9547.58,0.18967
9550.07,0.19064
9552.57,0.1913
9555.06,0.19279
9557.56,0.19387
9560.05,0.19475
9562.55,0.19545
9565.04,0.19587
9567.54,0.1961
9570.03,0.19518
9572.53,0.1947
9575.02,0.19456
9577.52,0.19445
9580.01,0.19481
9582.51,0.19445
9585.0,0.19469
9587.5,0.19514
9589.99,0.19508
9592.49,0.19424
9594.98,0.19433
9597.48,0.19399
9599.97,0.19292
9602.47,0.19273
9604.96,0.1928
9607.46,0.19367
9609.96,0.19384
9612.45,0.19421
9614.95,0.19401
9617.44,0.19396
9619.94,0.19374
9622.43,0.19358
9624.93,0.1936
9627.42,0.19314
9629.92,0.19302
9632.41,0.19275
9634.91,0.19275
9637.4,0.19155
9639.9,0.19098
9642.39,0.19084
9644.89,0.19029
9647.38,0.19041
9649.88,0.19074
9652.37,0.19089
9654.87,0.19107
9657.36,0.19095
9659.86,0.19084
9662.35,0.19145
9664.85,0.19096
9667.34,0.19147
9669.84,0.19122
9672.33,0.19082
9674.83,0.19054
9677.32,0.19013
9679.82,0.19003
9682.31,0.19
9684.81,0.19059
9687.3,0.18996
9689.8,0.19011
9692.29,0.19009
9694.79,0.19045
9697.29,0.19054
9699.78,0.19026
9702.28,0.19003
9704.77,0.18942
9707.27,0.18922
9709.76,0.18921
9712.26,0.1898
9714.75,0.18952
9717.25,0.18968
9719.74,0.18945
9722.24,0.18977
9724.73,0.18947
9727.23,0.18873
9729.72,0.18909
9732.22,0.18889
9734.71,0.18824
9737.21,0.18809
9739.7,0.18839
9742.2,0.18797
9744.69,0.18797
9747.19,0.1882
9749.68,0.18856
9752.18,0.18876
9754.67,0.18939
9757.17,0.18945
9759.66,0.1891
9762.16,0.18901
9764.65,0.18895
9767.15,0.18876
9769.64,0.18864
9772.14,0.18841
9774.64,0.18813
9777.13,0.1878
9779.63,0.18732
9782.12,0.18683
9784.62,0.18615
9787.11,0.18606
9789.61,0.18635
9792.1,0.18682
9794.6,0.18722
9797.09,0.18799
9799.59,0.18873
9802.08,0.18847
9804.58,0.18858
9807.07,0.18901
9809.57,0.18931
9812.06,0.18889
9814.56,0.18888
9817.05,0.18925
9819.55,0.18909
9822.04,0.18875
9824.54,0.18934
9827.03,0.18867
9829.53,0.18831
9832.02,0.18901
9834.52,0.18817
9837.01,0.18866
9839.51,0.18843
9842.0,0.18852
9844.5,0.18847
9847.0,0.18848
9849.49,0.18885
9851.99,0.18856
9854.48,0.18838
9856.98,0.18809
9859.47,0.18782
9861.97,0.18742
9864.46,0.18757
9866.96,0.18741
9869.45,0.18759
9871.95,0.18765
9874.44,0.18781
9876.94,0.18729
9879.43,0.18774
9881.93,0.18754
9884.42,0.1873
9886.92,0.1864
9889.41,0.18694
9891.91,0.18628
9894.4,0.18614
9896.9,0.18652
9899.39,0.18607
9901.89,0.18645
9904.38,0.18627
9906.88,0.18611
9909.37,0.18568
9911.87,0.18584
9914.36,0.18598
9916.86,0.18557
9919.35,0.18565
9921.85,0.18498
9924.34,0.18477
9926.84,0.18538
9929.33,0.18533
9931.83,0.18496
9934.33,0.18529
9936.82,0.18492
9939.32,0.18471
9941.81,0.18506
9944.31,0.18473
9946.8,0.18496
9949.3,0.18521
9951.79,0.18505
9954.29,0.18492
9956.78,0.18517
9959.28,0.18518
9961.77,0.1851
9964.27,0.18557
9966.76,0.18506
9969.26,0.18549
9971.75,0.18518
9974.25,0.18522
9976.74,0.18515
9979.24,0.18488
9981.73,0.1844
9984.23,0.18417
9986.72,0.18489
9989.22,0.1846
9991.71,0.18402
9994.21,0.18375
9996.7,0.18406
9999.2,0.18389
10001.7,0.18459
10004.2,0.18399
10006.7,0.18379
10009.2,0.1839
10011.7,0.18416
10014.2,0.18379
10016.7,0.18418
10019.2,0.1839
10021.7,0.18443
10024.2,0.18503
10026.6,0.18447
10029.1,0.18455
10031.6,0.18366
10034.1,0.18327
10036.6,0.1824
10039.1,0.18199
10041.6,0.18108
10044.1,0.18046
10046.6,0.17958
10049.1,0.17899
10051.6,0.17852
10054.1,0.17838
10056.6,0.17887
10059.1,0.17931
10061.6,0.18007
10064.1,0.18032
10066.6,0.18078
10069.1,0.18132
10071.6,0.18168
10074.1,0.18178
10076.5,0.18235
10079.0,0.18197
10081.5,0.18211
10084.0,0.18174
10086.5,0.18211
10089.0,0.1823
10091.5,0.18239
10094.0,0.18262
10096.5,0.18269
10099.0,0.18251
10101.5,0.18204
10104.0,0.18267
10106.5,0.1815
10109.0,0.18205
10111.5,0.18161
10114.0,0.18149
10116.5,0.18152
10119.0,0.18068
10121.5,0.18059
10124.0,0.18071
10126.5,0.18079
10128.9,0.18037
10131.4,0.18022
10133.9,0.18002
10136.4,0.18066
10138.9,0.17976
10141.4,0.17955
10143.9,0.17988
10146.4,0.17936
10148.9,0.17921
10151.4,0.17932
10153.9,0.1795
10156.4,0.1793
10158.9,0.17993
10161.4,0.17933
10163.9,0.17938
10166.4,0.17952
10168.9,0.17914
10171.4,0.17911
10173.9,0.17895
10176.4,0.17959
10178.9,0.1794
10181.3,0.17922
10183.8,0.17927
10186.3,0.17897
10188.8,0.17848
10191.3,0.17871
10193.8,0.17854
10196.3,0.17842
10198.8,0.17816
10201.3,0.17825
10203.8,0.17808
10206.3,0.17808
10208.8,0.17829
10211.3,0.17765
10213.8,0.17745
10216.3,0.1769
10218.8,0.17717
10221.3,0.17652
10223.8,0.17755
10226.3,0.177
10228.8,0.17704
10231.2,0.1774
10233.7,0.17716
10236.2,0.17743
10238.7,0.17706
10241.2,0.17697
10243.7,0.17722
10246.2,0.17707
10248.7,0.17679
10251.2,0.17781
10253.7,0.17691
10256.2,0.17685
10258.7,0.17703
10261.2,0.17658
10263.7,0.17664
10266.2,0.17607
10268.7,0.17637
10271.2,0.17622
10273.7,0.17618
10276.2,0.17599
10278.7,0.17603
10281.2,0.17625
10283.6,0.17566
10286.1,0.17571
10288.6,0.17548
10291.1,0.17539
10293.6,0.17535
10296.1,0.17533
10298.6,0.17569
10301.1,0.17537
10303.6,0.17563
10306.1,0.17565
10308.6,0.17564
10311.1,0.1759
10313.6,0.17606
10316.1,0.17568
10318.6,0.17531
10321.1,0.17506
10323.6,0.174
10326.1,0.17331
10328.6,0.17347
10331.1,0.1731
10333.5,0.17287
10336.0,0.17261
10338.5,0.17298
10341.0,0.1726
10343.5,0.17231
10346.0,0.17247
10348.5,0.17223
10351.0,0.17275
10353.5,0.17318
10356.0,0.17335
10358.5,0.17419
10361.0,0.17395
10363.5,0.17387
10366.0,0.17345
10368.5,0.17346
10371.0,0.17317
10373.5,0.17286
10376.0,0.1724
10378.5,0.17227
10381.0,0.17291
10383.5,0.17283
10385.9,0.17288
10388.4,0.17329
10390.9,0.1729
10393.4,0.17237
10395.9,0.17199
10398.4,0.17175
10400.9,0.17201
10403.4,0.17163
10405.9,0.17185
10408.4,0.1723
10410.9,0.17252
10413.4,0.17288
10415.9,0.17266
10418.4,0.17247
10420.9,0.1721
10423.4,0.17197
10425.9,0.1718
10428.4,0.17184
10430.9,0.172
10433.4,0.17233
10435.9,0.17223
10438.3,0.17267
10440.8,0.17255
10443.3,0.17228
10445.8,0.17255
10448.3,0.17195
10450.8,0.17206
10453.3,0.17188
10455.8,0.17137
10458.3,0.17111
10460.8,0.17077
10463.3,0.17063
10465.8,0.17106
10468.3,0.17077
10470.8,0.17025
10473.3,0.17083
10475.8,0.17059
10478.3,0.17078
10480.8,0.17095
10483.3,0.17091
10485.8,0.1708
10488.2,0.17045
10490.7,0.17029
10493.2,0.17011
10495.7,0.16996
10498.2,0.1695
10500.7,0.16973
10503.2,0.16974
10505.7,0.16999
10508.2,0.16966
10510.7,0.16982
10513.2,0.16985
10515.7,0.1701
10518.2,0.16969
10520.7,0.17018
10523.2,0.16945
10525.7,0.16953
10528.2,0.16983
10530.7,0.16944
10533.2,0.1693
10535.7,0.16908
10538.2,0.16921
10540.6,0.16937
10543.1,0.1692
10545.6,0.16966
10548.1,0.16948
10550.6,0.16974
10553.1,0.16936
10555.6,0.16866
10558.1,0.16905
10560.6,0.16893
10563.1,0.16898
10565.6,0.16861
10568.1,0.16865
10570.6,0.16859
10573.1,0.16801
10575.6,0.16775
10578.1,0.16742
10580.6,0.16665
10583.1,0.166
10585.6,0.16517
10588.1,0.16492
10590.6,0.16546
10593.0,0.16566
10595.5,0.16608
10598.0,0.16651
10600.5,0.16636
10603.0,0.16587
10605.5,0.16541
10608.0,0.16589
10610.5,0.1657
10613.0,0.1664
10615.5,0.16639
10618.0,0.16657
10620.5,0.16672
10623.0,0.16659
10625.5,0.16641
10628.0,0.16691
10630.5,0.16713
10633.0,0.16696
10635.5,0.16681
10638.0,0.16691
10640.5,0.16685
10642.9,0.16717
10645.4,0.16661
10647.9,0.16659
10650.4,0.16691
10652.9,0.16626
10655.4,0.16569
10657.9,0.16499
10660.4,0.16462
10662.9,0.16411
10665.4,0.1642
10667.9,0.16412
10670.4,0.16478
10672.9,0.16496
10675.4,0.16517
10677.9,0.16562
10680.4,0.16519
10682.9,0.16446
10685.4,0.16377
10687.9,0.16327
10690.4,0.16313
10692.9,0.16278
10695.3,0.16277
10697.8,0.16326
10700.3,0.16408
10702.8,0.16414
10705.3,0.16444
10707.8,0.16487
10710.3,0.16458
10712.8,0.16484
10715.3,0.16465
10717.8,0.16469
10720.3,0.16433
10722.8,0.1639
10725.3,0.16288
10727.8,0.16224
10730.3,0.16192
10732.8,0.16164
10735.3,0.16245
10737.8,0.16298
10740.3,0.16297
10742.8,0.1632
10745.3,0.16309
10747.7,0.16283
10750.2,0.16229
10752.7,0.16185
10755.2,0.16213
10757.7,0.16246
10760.2,0.16268
10762.7,0.16245
10765.2,0.16321
10767.7,0.16331
10770.2,0.16324
10772.7,0.16309
10775.2,0.16242
10777.7,0.16208
10780.2,0.16172
10782.7,0.16128
10785.2,0.16102
10787.7,0.16058
10790.2,0.16065
10792.7,0.16097
10795.2,0.16117
10797.6,0.16191
10800.1,0.16188
10802.6,0.16191
10805.1,0.16177
10807.6,0.16095
10810.1,0.16067
10812.6,0.16045
10815.1,0.15997
10817.6,0.15976
10820.1,0.15961
10822.6,0.15912
10825.1,0.15889
10827.6,0.15874
10830.1,0.15846
10832.6,0.15849
10835.1,0.15926
10837.6,0.15977
10840.1,0.16021
10842.6,0.16006
10845.1,0.16048
10847.6,0.16057
10850.0,0.16036
10852.5,0.16062
10855.0,0.16058
10857.5,0.16102
10860.0,0.16047
10862.5,0.15983
10865.0,0.15868
10867.5,0.15837
10870.0,0.15711
10872.5,0.15713
10875.0,0.1569
10877.5,0.15713
10880.0,0.15724
10882.5,0.1574
10885.0,0.15805
10887.5,0.158
10890.0,0.15822
10892.5,0.15855
10895.0,0.15877
10897.5,0.15859
10900.0,0.1592
10902.4,0.15929
10904.9,0.15918
10907.4,0.15932
10909.9,0.15921
10912.4,0.15884
10914.9,0.15871
10917.4,0.15803
10919.9,0.15819
10922.4,0.15757
10924.9,0.15734
10927.4,0.15706
10929.9,0.15603
10932.4,0.15599
10934.9,0.15466
10937.4,0.15426
10939.9,0.15405
10942.4,0.154
10944.9,0.15468
10947.4,0.15433
10949.9,0.15537
10952.3,0.15549
10954.8,0.15552
10957.3,0.15518
10959.8,0.15452
10962.3,0.15426
10964.8,0.15351
10967.3,0.15287
10969.8,0.15272
10972.3,0.1526
10974.8,0.15255
10977.3,0.1527
10979.8,0.15262
10982.3,0.15284
10984.8,0.1527
10987.3,0.15305
10989.8,0.15319
10992.3,0.15352
10994.8,0.15336
10997.3,0.15361
10999.8,0.15373
