wave,flux
3700.85,0.11881
3701.75,0.11749
3702.65,0.11352
3703.55,0.1074
3704.45,0.10198
3705.35,0.096641
3706.25,0.092975
3707.15,0.091076
3708.05,0.091759
3708.96,0.093116
3709.86,0.095763
3710.76,0.099732
3711.66,0.10474
3712.56,0.10926
3713.46,0.11427
3714.36,0.11869
3715.26,0.12043
3716.16,0.12047
3717.06,0.118
3717.96,0.1129
3718.86,0.10535
3719.76,0.097165
3720.66,0.090245
3721.56,0.085655
3722.46,0.084848
3723.36,0.087669
3724.26,0.09294
3725.16,0.099109
3726.06,0.10384
3726.96,0.10718
3727.86,0.10814
3728.76,0.10855
3729.66,0.10798
3730.56,0.10566
3731.46,0.10217
3732.36,0.096613
3733.26,0.089505
3734.16,0.082637
3735.06,0.076968
3735.96,0.074462
3736.86,0.074988
3737.76,0.079228
3738.66,0.085878
3739.56,0.092976
3740.46,0.099265
3741.36,0.1038
3742.26,0.10507
3743.16,0.10416
3744.06,0.09996
3744.96,0.095337
3745.86,0.089887
3746.76,0.085343
3747.67,0.080905
3748.57,0.077879
3749.47,0.076581
3750.37,0.078053
3751.27,0.083389
3752.17,0.090618
3753.07,0.098805
3753.97,0.1071
3754.87,0.11215
3755.77,0.11477
3756.67,0.11471
3757.57,0.11172
3758.47,0.10681
3759.37,0.10304
3760.27,0.10193
3761.17,0.10205
3762.07,0.10418
3762.97,0.10563
3763.87,0.10715
3764.77,0.1082
3765.67,0.10824
3766.57,0.10818
3767.47,0.10713
3768.37,0.10651
3769.27,0.10579
3770.17,0.10623
3771.07,0.10811
3771.97,0.11018
3772.87,0.11354
3773.77,0.11683
3774.67,0.1201
3775.57,0.12301
3776.47,0.12476
3777.37,0.12658
3778.27,0.12879
3779.17,0.13081
3780.07,0.13329
3780.97,0.13608
3781.87,0.13738
3782.77,0.13836
3783.67,0.13706
3784.57,0.13585
3785.47,0.13257
3786.38,0.12897
3787.28,0.12359
3788.18,0.11944
3789.08,0.11646
3789.98,0.11524
3790.88,0.11416
3791.78,0.11415
3792.68,0.11306
3793.58,0.1112
3794.48,0.1085
3795.38,0.10472
3796.28,0.10088
3797.18,0.097906
3798.08,0.095937
3798.98,0.09558
3799.88,0.098457
3800.78,0.10341
3801.68,0.11051
3802.58,0.11746
3803.48,0.12424
3804.38,0.12808
3805.28,0.13064
3806.18,0.13071
3807.08,0.1307
3807.98,0.13081
3808.88,0.13072
3809.78,0.13185
3810.68,0.13253
3811.58,0.1312
3812.48,0.12868
3813.38,0.12464
3814.28,0.11952
3815.18,0.11511
3816.08,0.11237
3816.98,0.11049
3817.88,0.10947
3818.78,0.10906
3819.68,0.10762
3820.58,0.10602
3821.48,0.10396
3822.38,0.10272
3823.28,0.10174
3824.18,0.099929
3825.09,0.096947
3825.99,0.094218
3826.89,0.091164
3827.79,0.089593
3828.69,0.088693
3829.59,0.088372
3830.49,0.087123
3831.39,0.085565
3832.29,0.083056
3833.19,0.079489
3834.09,0.077317
3834.99,0.075491
3835.89,0.075148
3836.79,0.075532
3837.69,0.0765
3838.59,0.07812
3839.49,0.080443
3840.39,0.083808
3841.29,0.089304
3842.19,0.09599
3843.09,0.10274
3843.99,0.10941
3844.89,0.11452
3845.79,0.11883
3846.69,0.12187
3847.59,0.12252
3848.49,0.12279
3849.39,0.12278
3850.29,0.12303
3851.19,0.12277
3852.09,0.12257
3852.99,0.12273
3853.89,0.12231
3854.79,0.12073
3855.69,0.11887
3856.59,0.11533
3857.49,0.11241
3858.39,0.10894
3859.29,0.10668
3860.19,0.10586
3861.09,0.10719
3861.99,0.11053
3862.9,0.1152
3863.8,0.11957
3864.7,0.12324
3865.6,0.12459
3866.5,0.12538
3867.4,0.12493
3868.3,0.12363
3869.2,0.12195
3870.1,0.1195
3871.0,0.11564
3871.9,0.11289
3872.8,0.11113
3873.7,0.11085
3874.6,0.112
3875.5,0.1131
3876.4,0.11433
3877.3,0.11449
3878.2,0.11309
3879.1,0.1119
3880.0,0.11179
3880.9,0.1115
3881.8,0.1117
3882.7,0.11133
3883.6,0.11082
3884.5,0.10856
3885.4,0.10659
3886.3,0.10283
3887.2,0.099487
3888.1,0.096911
3889.0,0.096264
3889.9,0.097381
3890.8,0.10015
3891.7,0.10467
3892.6,0.10969
3893.5,0.11394
3894.4,0.11662
3895.3,0.11898
3896.2,0.12055
3897.1,0.12162
3898.0,0.12264
3898.9,0.12389
3899.8,0.12337
3900.7,0.12445
3901.6,0.12416
3902.51,0.12442
3903.41,0.12232
3904.31,0.12145
3905.21,0.12074
3906.11,0.12
3907.01,0.1212
3907.91,0.12375
3908.81,0.12747
3909.71,0.13157
3910.61,0.1352
3911.51,0.13732
3912.41,0.13937
3913.31,0.13988
3914.21,0.13852
3915.11,0.13783
3916.01,0.13514
3916.91,0.13329
3917.81,0.13041
3918.71,0.12747
3919.61,0.12477
3920.51,0.12129
3921.41,0.11892
3922.31,0.11642
3923.21,0.11486
3924.11,0.11294
3925.01,0.11057
3925.91,0.10747
3926.81,0.10198
3927.71,0.094531
3928.61,0.085724
3929.51,0.076443
3930.41,0.066579
3931.31,0.05755
3932.21,0.049472
3933.11,0.043267
3934.01,0.03988
3934.91,0.039437
3935.81,0.042317
3936.71,0.047815
3937.61,0.055841
3938.51,0.065306
3939.42,0.074943
3940.32,0.08355
3941.22,0.090699
3942.12,0.096683
3943.02,0.10124
3943.92,0.10481
3944.82,0.10864
3945.72,0.11298
3946.62,0.11657
3947.52,0.12068
3948.42,0.12446
3949.32,0.1273
3950.22,0.12956
3951.12,0.13164
3952.02,0.13253
3952.92,0.13418
3953.82,0.1345
3954.72,0.13496
3955.62,0.13506
3956.52,0.13416
3957.42,0.1328
3958.32,0.13081
3959.22,0.1277
3960.12,0.12361
3961.02,0.11862
3961.92,0.11156
3962.82,0.10343
3963.72,0.095039
3964.62,0.086286
3965.52,0.07707
3966.42,0.067744
3967.32,0.059238
3968.22,0.052406
3969.12,0.048122
3970.02,0.047597
3970.92,0.050352
3971.82,0.057071
3972.72,0.065764
3973.62,0.075732
3974.52,0.086241
3975.42,0.096542
3976.32,0.1065
3977.22,0.11483
3978.13,0.12268
3979.03,0.12949
3979.93,0.13447
3980.83,0.13882
3981.73,0.14118
3982.63,0.14314
3983.53,0.14385
3984.43,0.14538
3985.33,0.14598
3986.23,0.14745
3987.13,0.1496
3988.03,0.15175
3988.93,0.15295
3989.83,0.15455
3990.73,0.15595
3991.63,0.15773
3992.53,0.15779
3993.43,0.15808
3994.33,0.15735
3995.23,0.15673
3996.13,0.1553
3997.03,0.15392
3997.93,0.15254
3998.83,0.15357
3999.73,0.15505
4000.63,0.15757
4001.53,0.15935
4002.43,0.16117
4003.33,0.16161
4004.23,0.1598
4005.13,0.15785
4006.03,0.1553
4006.93,0.15442
4007.83,0.15586
4008.73,0.1575
4009.63,0.16001
4010.53,0.16127
4011.43,0.16361
4012.33,0.16583
4013.23,0.16611
4014.13,0.16619
4015.03,0.16596
4015.93,0.16706
4016.84,0.16698
4017.74,0.1669
4018.64,0.16659
4019.54,0.16715
4020.44,0.16732
4021.34,0.16771
4022.24,0.16799
4023.14,0.1676
4024.04,0.16763
4024.94,0.16815
4025.84,0.16891
4026.74,0.17018
4027.64,0.16992
4028.54,0.1697
4029.44,0.16815
4030.34,0.16424
4031.24,0.16066
4032.14,0.15719
4033.04,0.15489
4033.94,0.15401
4034.84,0.15582
4035.74,0.15948
4036.64,0.16394
4037.54,0.16841
4038.44,0.17185
4039.34,0.1741
4040.24,0.17465
4041.14,0.17357
4042.04,0.17082
4042.94,0.16694
4043.84,0.1629
4044.74,0.15816
4045.64,0.15427
4046.54,0.1519
4047.44,0.1529
4048.34,0.15608
4049.24,0.16022
4050.14,0.16531
4051.04,0.16917
4051.94,0.17041
4052.84,0.17142
4053.74,0.16938
4054.65,0.1686
4055.55,0.1668
4056.45,0.16536
4057.35,0.16475
4058.25,0.16371
4059.15,0.16374
4060.05,0.1639
4060.95,0.1636
4061.85,0.16316
4062.75,0.16017
4063.65,0.15728
4064.55,0.15548
4065.45,0.15517
4066.35,0.1559
4067.25,0.15734
4068.15,0.16151
4069.05,0.16315
4069.95,0.16379
4070.85,0.16504
4071.75,0.1637
4072.65,0.16291
4073.55,0.16236
4074.45,0.16131
4075.35,0.15921
4076.25,0.15704
4077.15,0.15516
4078.05,0.15425
4078.95,0.15485
4079.85,0.15707
4080.75,0.16033
4081.65,0.16286
4082.55,0.16686
4083.45,0.16786
4084.35,0.17011
4085.25,0.17076
4086.15,0.1718
4087.05,0.17428
4087.95,0.17719
4088.85,0.17973
4089.75,0.18197
4090.65,0.18328
4091.55,0.18236
4092.45,0.18153
4093.36,0.18012
4094.26,0.17649
4095.16,0.17373
4096.06,0.17069
4096.96,0.16667
4097.86,0.1619
4098.76,0.15638
4099.66,0.15089
4100.56,0.14546
4101.46,0.14138
4102.36,0.13796
4103.26,0.13823
4104.16,0.14151
4105.06,0.146
4105.96,0.15231
4106.86,0.1577
4107.76,0.16223
4108.66,0.1644
4109.56,0.16728
4110.46,0.16846
4111.36,0.16948
4112.26,0.17104
4113.16,0.17214
4114.06,0.17358
4114.96,0.17513
4115.86,0.17676
4116.76,0.17654
4117.66,0.17622
4118.56,0.17502
4119.46,0.17443
4120.36,0.17282
4121.26,0.17215
4122.16,0.1722
4123.06,0.1723
4123.96,0.17347
4124.86,0.17426
4125.76,0.17471
4126.66,0.17506
4127.56,0.17371
4128.46,0.1723
4129.36,0.17115
4130.26,0.16943
4131.17,0.1675
4132.06,0.1649
4132.97,0.1632
4133.87,0.16329
4134.77,0.16418
4135.67,0.16673
4136.57,0.1697
4137.47,0.17284
4138.37,0.1758
4139.27,0.17811
4140.17,0.17797
4141.07,0.17547
4141.97,0.17257
4142.87,0.16949
4143.77,0.16654
4144.67,0.16421
4145.57,0.16388
4146.47,0.16563
4147.37,0.16896
4148.27,0.17072
4149.17,0.17229
4150.07,0.17233
4150.97,0.17191
4151.87,0.17133
4152.77,0.17155
4153.67,0.1707
4154.57,0.16939
4155.47,0.16905
4156.37,0.16927
4157.27,0.17073
4158.17,0.17152
4159.07,0.17328
4159.97,0.17635
4160.87,0.17775
4161.77,0.17882
4162.67,0.17999
4163.57,0.18079
4164.47,0.18046
4165.37,0.17982
4166.27,0.17886
4167.17,0.1776
4168.07,0.17709
4168.98,0.17513
4169.88,0.17299
4170.78,0.17049
4171.68,0.16758
4172.58,0.16475
4173.48,0.16151
4174.38,0.16102
4175.28,0.16079
4176.18,0.16157
4177.08,0.16321
4177.98,0.16496
4178.88,0.16724
4179.78,0.16913
4180.68,0.16988
4181.58,0.17071
4182.48,0.17154
4183.38,0.17089
4184.28,0.17121
4185.18,0.17059
4186.08,0.16988
4186.98,0.16926
4187.88,0.16937
4188.78,0.16879
4189.68,0.16904
4190.58,0.1702
4191.48,0.17209
4192.38,0.17319
4193.28,0.17466
4194.18,0.17448
4195.08,0.17438
4195.98,0.17181
4196.88,0.16991
4197.78,0.1665
4198.68,0.16398
4199.58,0.16153
4200.48,0.16012
4201.38,0.16025
4202.28,0.16068
4203.18,0.16178
4204.08,0.1636
4204.98,0.16516
4205.88,0.16803
4206.79,0.17111
4207.69,0.17281
4208.59,0.17535
4209.49,0.17711
4210.39,0.17786
4211.29,0.17792
4212.19,0.17763
4213.09,0.17723
4213.99,0.17448
4214.89,0.17323
4215.79,0.17109
4216.69,0.17048
4217.59,0.16977
4218.49,0.17154
4219.39,0.17353
4220.29,0.17516
4221.19,0.17598
4222.09,0.17428
4222.99,0.17059
4223.89,0.16471
4224.79,0.15816
4225.69,0.15117
4226.59,0.14664
4227.49,0.14456
4228.39,0.1457
4229.29,0.14883
4230.19,0.15599
4231.09,0.1612
4231.99,0.16609
4232.89,0.16899
4233.79,0.16915
4234.69,0.16903
4235.59,0.16824
4236.49,0.16682
4237.39,0.16511
4238.29,0.16571
4239.19,0.16626
4240.09,0.16822
4240.99,0.17008
4241.89,0.17248
4242.79,0.17425
4243.69,0.17617
4244.59,0.17633
4245.5,0.17578
4246.4,0.17474
4247.3,0.17285
4248.2,0.16981
4249.1,0.16753
4250.0,0.16548
4250.9,0.16438
4251.8,0.16502
4252.7,0.16522
4253.6,0.16665
4254.5,0.16773
4255.4,0.1679
4256.3,0.1681
4257.2,0.16948
4258.1,0.1692
4259.0,0.16811
4259.9,0.16656
4260.8,0.1659
4261.7,0.16671
4262.6,0.1678
4263.5,0.17119
4264.4,0.17427
4265.3,0.17703
4266.2,0.17859
4267.1,0.17797
4268.0,0.17643
4268.9,0.17304
4269.8,0.16854
4270.7,0.1636
4271.6,0.15959
4272.5,0.1546
4273.4,0.15353
4274.3,0.15281
4275.2,0.15493
4276.1,0.15841
4277.0,0.16244
4277.9,0.16657
4278.8,0.16894
4279.7,0.1706
4280.6,0.1713
4281.5,0.16969
4282.4,0.16866
4283.31,0.16797
4284.21,0.16739
4285.11,0.16565
4286.01,0.16419
4286.91,0.16117
4287.81,0.15896
4288.71,0.15616
4289.61,0.15382
4290.51,0.15221
4291.41,0.153
4292.31,0.15401
4293.21,0.15543
4294.11,0.15606
4295.01,0.15724
4295.91,0.15615
4296.81,0.15347
4297.71,0.1495
4298.61,0.14445
4299.51,0.13919
4300.41,0.13465
4301.31,0.13079
4302.21,0.12905
4303.11,0.12826
4304.01,0.12809
4304.91,0.12841
4305.81,0.12841
4306.71,0.12724
4307.61,0.12646
4308.51,0.12602
4309.41,0.12526
4310.31,0.12701
4311.21,0.12931
4312.11,0.13411
4313.01,0.14022
4313.91,0.14802
4314.81,0.15631
4315.71,0.16515
4316.61,0.17481
4317.51,0.18218
4318.41,0.18795
4319.31,0.19047
4320.21,0.1912
4321.12,0.18904
4322.02,0.18464
4322.92,0.17842
4323.82,0.17201
4324.72,0.16668
4325.62,0.16397
4326.52,0.16222
4327.42,0.16387
4328.32,0.16824
4329.22,0.17353
4330.12,0.17927
4331.02,0.18296
4331.92,0.18669
4332.82,0.18822
4333.72,0.189
4334.62,0.1879
4335.52,0.1846
4336.42,0.17999
4337.32,0.17343
4338.22,0.16632
4339.12,0.15903
4340.02,0.15243
4340.92,0.14924
4341.82,0.14852
4342.72,0.15187
4343.62,0.15592
4344.52,0.16304
4345.42,0.16956
4346.32,0.17492
4347.22,0.18009
4348.12,0.18222
4349.02,0.18352
4349.92,0.18226
4350.82,0.18096
4351.72,0.17913
4352.62,0.17667
4353.52,0.17562
4354.42,0.17641
4355.32,0.17695
4356.22,0.17901
4357.12,0.18259
4358.02,0.18363
4358.92,0.18534
4359.83,0.18609
4360.73,0.18744
4361.63,0.18826
4362.53,0.19057
4363.43,0.19251
4364.33,0.19377
4365.23,0.19485
4366.13,0.19385
4367.03,0.1923
4367.93,0.19083
4368.83,0.18983
4369.73,0.18802
4370.63,0.18685
4371.53,0.18511
4372.43,0.18326
4373.33,0.18092
4374.23,0.17957
4375.13,0.1794
4376.03,0.17881
4376.93,0.17902
4377.83,0.1802
4378.73,0.18131
4379.63,0.18199
4380.53,0.18078
4381.43,0.17768
4382.33,0.1737
4383.23,0.16858
4384.13,0.16418
4385.03,0.16194
4385.93,0.16148
4386.83,0.16439
4387.73,0.16731
4388.63,0.17118
4389.53,0.17486
4390.43,0.17658
4391.33,0.17825
4392.23,0.18059
4393.13,0.18109
4394.03,0.18284
4394.93,0.18412
4395.83,0.18447
4396.73,0.18566
4397.64,0.18609
4398.54,0.18675
4399.44,0.18652
4400.34,0.18625
4401.24,0.18482
4402.14,0.18238
4403.04,0.18111
4403.94,0.17909
4404.84,0.17805
4405.74,0.17687
4406.64,0.17675
4407.54,0.17693
4408.44,0.17932
4409.34,0.18245
4410.24,0.18595
4411.14,0.18836
4412.04,0.19181
4412.94,0.19329
4413.84,0.19339
4414.74,0.19223
4415.64,0.19077
4416.54,0.18931
4417.44,0.18948
4418.34,0.19061
4419.24,0.19236
4420.14,0.19493
4421.04,0.19578
4421.94,0.19597
4422.84,0.19609
4423.74,0.19544
4424.64,0.19545
4425.54,0.19434
4426.44,0.19397
4427.34,0.19478
4428.24,0.19339
4429.14,0.19418
4430.04,0.1937
4430.94,0.19386
4431.84,0.19314
4432.74,0.1919
4433.64,0.19175
4434.54,0.19
4435.45,0.18998
4436.35,0.19079
4437.25,0.19186
4438.15,0.19404
4439.05,0.19613
4439.95,0.19694
4440.85,0.19756
4441.75,0.1972
4442.65,0.19575
4443.55,0.19442
4444.45,0.19378
4445.35,0.19498
4446.25,0.19633
4447.15,0.19757
4448.05,0.19929
4448.95,0.19964
4449.85,0.19983
4450.75,0.19931
4451.65,0.19869
4452.55,0.1964
4453.45,0.19391
4454.35,0.19094
4455.25,0.18868
4456.15,0.18536
4457.05,0.18413
4457.95,0.18361
4458.85,0.18326
4459.75,0.18376
4460.65,0.18454
4461.55,0.18481
4462.45,0.1869
4463.35,0.18853
4464.25,0.19077
4465.15,0.19174
4466.05,0.19414
4466.95,0.19403
4467.85,0.19514
4468.75,0.19573
4469.65,0.19569
4470.55,0.19768
4471.45,0.19889
4472.35,0.19914
4473.25,0.20333
4474.16,0.20578
4475.06,0.20833
4475.96,0.20893
4476.86,0.21035
4477.76,0.21063
4478.66,0.21046
4479.56,0.2071
4480.46,0.20632
4481.36,0.20406
4482.26,0.20206
4483.16,0.20248
4484.06,0.20259
4484.96,0.20487
4485.86,0.20536
4486.76,0.20704
4487.66,0.20741
4488.56,0.2064
4489.46,0.20592
4490.36,0.20472
4491.26,0.20387
4492.16,0.20373
4493.06,0.20276
4493.96,0.20236
4494.86,0.20398
4495.76,0.20327
4496.66,0.20379
4497.56,0.20473
4498.46,0.20499
4499.36,0.20762
4500.26,0.20857
4501.16,0.21102
4502.06,0.21297
4502.96,0.21438
4503.86,0.21647
4504.76,0.21827
4505.66,0.21878
4506.56,0.22031
4507.46,0.22066
4508.36,0.22032
4509.26,0.21982
4510.17,0.2201
4511.06,0.21791
4511.97,0.21829
4512.87,0.21665
4513.77,0.21605
4514.67,0.2138
4515.57,0.21294
4516.47,0.21267
4517.37,0.21158
4518.27,0.21111
4519.17,0.21141
4520.07,0.21077
4520.97,0.21067
4521.87,0.21032
4522.77,0.20906
4523.67,0.20652
4524.57,0.20432
4525.47,0.20245
4526.37,0.20009
4527.27,0.19635
4528.17,0.1949
4529.07,0.19253
4529.97,0.19112
4530.87,0.19189
4531.77,0.19151
4532.67,0.19131
4533.57,0.19172
4534.47,0.19333
4535.37,0.19332
4536.27,0.19515
4537.17,0.19794
4538.07,0.20118
4538.97,0.2046
4539.87,0.2068
4540.77,0.20911
4541.67,0.20966
4542.57,0.2096
4543.47,0.20963
4544.37,0.20876
4545.27,0.20809
4546.17,0.2066
4547.07,0.20507
4547.97,0.20398
4548.88,0.2026
4549.77,0.20106
4550.68,0.20041
4551.58,0.20189
4552.48,0.19959
4553.38,0.20031
4554.28,0.19977
4555.18,0.20229
4556.08,0.20284
4556.98,0.20472
4557.88,0.20707
4558.78,0.21041
4559.68,0.21285
4560.58,0.21406
4561.48,0.21444
4562.38,0.21497
4563.28,0.21509
4564.18,0.21318
4565.08,0.21312
4565.98,0.21142
4566.88,0.21274
4567.78,0.21401
4568.68,0.21412
4569.58,0.2134
4570.48,0.21336
4571.38,0.21385
4572.28,0.21421
4573.18,0.21338
4574.08,0.2141
4574.98,0.21461
4575.88,0.21524
4576.78,0.21424
4577.68,0.2139
4578.58,0.21283
4579.48,0.21184
4580.38,0.21042
4581.28,0.20792
4582.18,0.20643
4583.08,0.2062
4583.98,0.20725
4584.88,0.20665
4585.78,0.20819
4586.69,0.20959
4587.58,0.21007
4588.49,0.21143
4589.39,0.21317
4590.29,0.21298
4591.19,0.21345
4592.09,0.21164
4592.99,0.21214
4593.89,0.21097
4594.79,0.21019
4595.69,0.2101
4596.59,0.21092
4597.49,0.21153
4598.39,0.21121
4599.29,0.21176
4600.19,0.21113
4601.09,0.2119
4601.99,0.21131
4602.89,0.21094
4603.79,0.21159
4604.69,0.21159
4605.59,0.21392
4606.49,0.21377
4607.39,0.21574
4608.29,0.21649
4609.19,0.21899
4610.09,0.21947
4610.99,0.22099
4611.89,0.22062
4612.79,0.22069
4613.69,0.21997
4614.59,0.21834
4615.49,0.21905
4616.39,0.21883
4617.29,0.21862
4618.19,0.21816
4619.09,0.2188
4619.99,0.21829
4620.89,0.21926
4621.79,0.22024
4622.69,0.22082
4623.59,0.22085
4624.5,0.22032
4625.4,0.22128
4626.3,0.22042
4627.2,0.22044
4628.1,0.22004
4629.0,0.21966
4629.9,0.22042
4630.8,0.22025
4631.7,0.22006
4632.6,0.21896
4633.5,0.2192
4634.4,0.21838
4635.3,0.2171
4636.2,0.21591
4637.1,0.21576
4638.0,0.21572
4638.9,0.21431
4639.8,0.2159
4640.7,0.21599
4641.6,0.21531
4642.5,0.21676
4643.4,0.21714
4644.3,0.21732
4645.2,0.21542
4646.1,0.21427
4647.0,0.21212
4647.9,0.21199
4648.8,0.21162
4649.7,0.21216
4650.6,0.21229
4651.5,0.21262
4652.4,0.21302
4653.3,0.214
4654.2,0.21264
4655.1,0.21277
4656.0,0.21353
4656.9,0.21366
4657.8,0.21592
4658.7,0.21749
4659.6,0.21965
4660.5,0.22097
4661.4,0.22241
4662.3,0.22205
4663.21,0.22032
4664.11,0.21747
4665.01,0.21636
4665.91,0.21305
4666.81,0.20973
4667.71,0.20791
4668.61,0.20633
4669.51,0.20615
4670.41,0.20713
4671.31,0.20889
4672.21,0.21118
4673.11,0.21326
4674.01,0.21514
4674.91,0.21633
4675.81,0.21753
4676.71,0.21863
4677.61,0.21816
4678.51,0.21687
4679.41,0.21687
4680.31,0.21509
4681.21,0.21493
4682.11,0.21453
4683.01,0.21368
4683.91,0.21457
4684.81,0.21588
4685.71,0.21692
4686.61,0.21682
4687.51,0.21755
4688.41,0.21681
4689.31,0.21771
4690.21,0.21763
4691.11,0.21786
4692.01,0.21856
4692.91,0.21991
4693.81,0.21973
4694.71,0.22084
4695.61,0.22114
4696.51,0.22155
4697.41,0.22176
4698.31,0.22002
4699.21,0.21812
4700.12,0.21708
4701.02,0.21501
4701.92,0.21309
4702.82,0.21303
4703.72,0.21162
4704.62,0.2106
4705.52,0.21117
4706.42,0.21173
4707.32,0.21121
4708.22,0.21153
4709.12,0.21105
4710.02,0.2122
4710.92,0.21251
4711.82,0.21408
4712.72,0.21566
4713.62,0.21619
4714.52,0.21687
4715.42,0.21815
4716.32,0.21921
4717.22,0.2209
4718.12,0.22114
4719.02,0.22235
4719.92,0.22433
4720.82,0.22431
4721.72,0.22471
4722.62,0.22578
4723.52,0.22553
4724.42,0.22421
4725.32,0.22348
4726.22,0.22209
4727.12,0.22147
4728.02,0.21897
4728.92,0.21815
4729.82,0.21598
4730.72,0.21451
4731.62,0.21465
4732.52,0.21516
4733.42,0.21555
4734.32,0.21697
4735.22,0.21725
4736.12,0.21783
4737.02,0.21846
4737.92,0.21825
4738.83,0.21938
4739.73,0.21883
4740.63,0.21887
4741.53,0.21993
4742.43,0.22043
4743.33,0.22116
4744.23,0.22155
4745.13,0.22238
4746.03,0.22342
4746.93,0.22394
4747.83,0.22437
4748.73,0.22413
4749.63,0.22494
4750.53,0.22489
4751.43,0.22518
4752.33,0.22383
4753.23,0.22365
4754.13,0.22177
4755.03,0.22121
4755.93,0.21949
4756.83,0.2191
4757.73,0.21931
4758.63,0.2185
4759.53,0.2176
4760.43,0.21857
4761.33,0.21716
4762.23,0.21516
4763.13,0.21475
4764.03,0.2138
4764.93,0.21259
4765.83,0.21171
4766.73,0.21286
4767.63,0.21332
4768.53,0.21373
4769.43,0.21571
4770.33,0.21597
4771.23,0.21786
4772.13,0.2191
4773.03,0.21994
4773.93,0.22128
4774.83,0.22095
4775.73,0.22135
4776.64,0.22188
4777.54,0.22245
4778.44,0.22298
4779.34,0.22233
4780.24,0.22143
4781.14,0.22136
4782.04,0.21976
4782.94,0.21925
4783.84,0.21787
4784.74,0.21662
4785.64,0.21575
4786.54,0.21566
4787.44,0.21573
4788.34,0.21467
4789.24,0.21539
4790.14,0.21613
4791.04,0.21688
4791.94,0.21852
4792.84,0.22053
4793.74,0.22224
4794.64,0.22279
4795.54,0.22314
4796.44,0.22413
4797.34,0.22396
4798.24,0.2241
4799.14,0.22332
4800.04,0.22309
4800.94,0.22232
4801.84,0.22281
4802.74,0.22167
4803.64,0.22289
4804.54,0.22284
4805.44,0.22262
4806.34,0.22217
4807.24,0.2216
4808.14,0.22175
4809.04,0.22217
4809.94,0.22172
4810.84,0.22262
4811.74,0.22295
4812.64,0.22325
4813.54,0.22373
4814.45,0.22432
4815.35,0.22537
4816.25,0.2264
4817.15,0.22689
4818.05,0.22677
4818.95,0.22687
4819.85,0.2278
4820.75,0.22624
4821.65,0.22549
4822.55,0.22498
4823.45,0.22349
4824.35,0.22199
4825.25,0.22208
4826.15,0.22271
4827.05,0.22085
4827.95,0.22141
4828.85,0.22141
4829.75,0.22182
4830.65,0.22092
4831.55,0.22118
4832.45,0.22068
4833.35,0.22093
4834.25,0.22062
4835.15,0.22128
4836.05,0.22226
4836.95,0.2217
4837.85,0.22147
4838.75,0.22102
4839.65,0.2207
4840.55,0.21955
4841.45,0.21821
4842.35,0.21887
4843.25,0.21931
4844.15,0.21936
4845.05,0.22019
4845.95,0.22058
4846.85,0.2208
4847.75,0.22125
4848.65,0.22144
4849.55,0.22101
4850.45,0.22043
4851.35,0.22045
4852.26,0.21981
4853.16,0.21743
4854.06,0.21555
4854.96,0.21356
4855.86,0.21083
4856.76,0.20672
4857.66,0.2036
4858.56,0.1984
4859.46,0.19328
4860.36,0.18786
4861.26,0.18383
4862.16,0.18174
4863.06,0.18052
4863.96,0.18222
4864.86,0.18712
4865.76,0.1918
4866.66,0.19752
4867.56,0.20048
4868.46,0.20499
4869.36,0.20687
4870.26,0.20729
4871.16,0.20744
4872.06,0.20707
4872.96,0.20692
4873.86,0.20913
4874.76,0.20925
4875.66,0.21092
4876.56,0.21267
4877.46,0.21465
4878.36,0.21681
4879.26,0.21704
4880.16,0.21936
4881.06,0.21796
4881.96,0.21951
4882.86,0.21783
4883.76,0.21805
4884.66,0.21722
4885.56,0.21557
4886.46,0.21404
4887.36,0.21278
4888.26,0.21236
4889.17,0.21101
4890.07,0.21074
4890.97,0.21102
4891.87,0.21263
4892.77,0.21453
4893.67,0.21819
4894.57,0.2214
4895.47,0.22457
4896.37,0.22829
4897.27,0.22939
4898.17,0.23
4899.07,0.23013
4899.97,0.22981
4900.87,0.22867
4901.77,0.22752
4902.67,0.22654
4903.57,0.22535
4904.47,0.22558
4905.37,0.22506
4906.27,0.22543
4907.17,0.22435
4908.07,0.22488
4908.97,0.2237
4909.87,0.22264
4910.77,0.22161
4911.67,0.22188
4912.57,0.22131
4913.47,0.22189
4914.37,0.22283
4915.27,0.22216
4916.17,0.22151
4917.07,0.22036
4917.97,0.21765
4918.87,0.21521
4919.77,0.2122
4920.67,0.21038
4921.57,0.20844
4922.47,0.20845
4923.37,0.20923
4924.27,0.21246
4925.17,0.21454
4926.07,0.21719
4926.98,0.21965
4927.88,0.22172
4928.78,0.22323
4929.68,0.22487
4930.58,0.22556
4931.48,0.22574
4932.38,0.22437
4933.28,0.22268
4934.18,0.22077
4935.08,0.21916
4935.98,0.21756
4936.88,0.21568
4937.78,0.2159
4938.68,0.21515
4939.58,0.21445
4940.48,0.21576
4941.38,0.21796
4942.28,0.21998
4943.18,0.22244
4944.08,0.22553
4944.98,0.22556
4945.88,0.22775
4946.78,0.22863
4947.68,0.22911
4948.58,0.22883
4949.48,0.23003
4950.38,0.22995
4951.28,0.22981
4952.18,0.23067
4953.08,0.22765
4953.98,0.2262
4954.88,0.22508
4955.78,0.22152
4956.68,0.21858
4957.58,0.21629
4958.48,0.21583
4959.38,0.21558
4960.28,0.21584
4961.18,0.217
4962.08,0.21933
4962.98,0.22062
4963.88,0.22151
4964.79,0.22158
4965.69,0.22115
4966.59,0.22197
4967.49,0.22048
4968.39,0.2188
4969.29,0.21928
4970.19,0.21933
4971.09,0.2198
4971.99,0.2208
4972.89,0.2225
4973.79,0.22233
4974.69,0.22417
4975.59,0.22418
4976.49,0.2232
4977.39,0.22242
4978.29,0.22113
4979.19,0.21949
4980.09,0.21689
4980.99,0.21415
4981.89,0.21039
4982.79,0.20821
4983.69,0.20741
4984.59,0.20517
4985.49,0.20751
4986.39,0.20872
4987.29,0.20985
4988.19,0.21279
4989.09,0.21333
4989.99,0.21525
4990.89,0.2161
4991.79,0.21637
4992.69,0.21701
4993.59,0.21698
4994.49,0.21707
4995.39,0.21803
4996.29,0.21848
4997.19,0.21765
4998.09,0.21715
4998.99,0.2153
4999.89,0.21499
5000.79,0.21344
5001.7,0.21222
5002.6,0.21091
5003.5,0.21065
5004.4,0.20966
5005.3,0.20946
5006.2,0.20923
5007.1,0.20879
5008.0,0.2079
5008.9,0.20875
5009.8,0.20909
5010.7,0.21014
5011.6,0.20843
5012.5,0.20661
5013.4,0.20533
5014.3,0.20509
5015.2,0.20486
5016.1,0.20396
5017.0,0.20323
5017.9,0.20429
5018.8,0.20631
5019.7,0.20682
5020.6,0.20807
5021.5,0.20822
5022.4,0.20946
5023.3,0.21034
5024.2,0.21056
5025.1,0.21203
5026.0,0.21297
5026.9,0.2136
5027.8,0.21439
5028.7,0.21483
5029.6,0.21547
5030.5,0.21703
5031.4,0.21833
5032.3,0.21855
5033.2,0.21895
5034.1,0.21913
5035.0,0.21774
5035.9,0.21628
5036.8,0.21263
5037.7,0.21014
5038.6,0.20763
5039.5,0.2048
5040.41,0.20349
5041.31,0.20237
5042.21,0.2028
5043.11,0.20373
5044.01,0.20611
5044.91,0.21021
5045.81,0.21315
5046.71,0.21478
5047.61,0.21565
5048.51,0.21706
5049.41,0.21613
5050.31,0.21633
5051.21,0.21518
5052.11,0.21453
5053.01,0.21599
5053.91,0.21656
5054.81,0.21955
5055.71,0.22063
5056.61,0.22185
5057.51,0.22422
5058.41,0.22496
5059.31,0.22427
5060.21,0.2248
5061.11,0.22365
5062.01,0.22363
5062.91,0.22154
5063.81,0.22017
5064.71,0.21861
5065.61,0.21719
5066.51,0.21554
5067.41,0.21463
5068.31,0.21311
5069.21,0.21372
5070.11,0.2144
5071.01,0.21444
5071.91,0.21529
5072.81,0.21603
5073.71,0.21545
5074.61,0.21474
5075.51,0.21483
5076.42,0.21412
5077.31,0.21207
5078.21,0.21139
5079.12,0.20996
5080.02,0.20777
5080.92,0.20635
5081.82,0.20647
5082.72,0.20584
5083.62,0.20789
5084.52,0.20851
5085.42,0.21079
5086.32,0.21195
5087.22,0.21335
5088.12,0.21555
5089.02,0.21641
5089.92,0.21841
5090.82,0.21924
5091.72,0.21917
5092.62,0.21884
5093.52,0.22025
5094.42,0.21976
5095.32,0.21877
5096.22,0.21762
5097.12,0.21654
5098.02,0.21486
5098.92,0.21317
5099.82,0.21229
5100.72,0.21106
5101.62,0.21109
5102.52,0.21264
5103.42,0.21211
5104.32,0.21309
5105.22,0.21236
5106.12,0.21252
5107.02,0.21144
5107.92,0.2113
5108.82,0.20986
5109.72,0.21018
5110.62,0.21005
5111.52,0.21014
5112.42,0.21277
5113.32,0.21383
5114.22,0.21652
5115.12,0.21734
5116.03,0.2185
5116.93,0.21959
5117.83,0.22025
5118.73,0.21986
5119.63,0.21928
5120.53,0.21822
5121.43,0.21655
5122.33,0.21461
5123.23,0.21242
5124.13,0.20969
5125.03,0.20882
5125.93,0.20722
5126.83,0.20625
5127.73,0.20608
5128.63,0.20659
5129.53,0.20586
5130.43,0.20773
5131.33,0.20919
5132.23,0.20946
5133.13,0.21072
5134.03,0.21211
5134.93,0.21197
5135.83,0.21242
5136.73,0.21165
5137.63,0.21104
5138.53,0.21048
5139.43,0.20957
5140.33,0.20956
5141.23,0.20741
5142.13,0.20634
5143.03,0.20613
5143.93,0.20592
5144.83,0.20682
5145.73,0.20594
5146.63,0.20674
5147.53,0.20736
5148.43,0.20739
5149.33,0.20734
5150.23,0.2074
5151.13,0.2066
5152.03,0.2065
5152.94,0.20749
5153.84,0.20774
5154.74,0.20753
5155.64,0.21074
5156.54,0.21207
5157.44,0.21439
5158.34,0.21548
5159.24,0.21741
5160.14,0.21845
5161.04,0.21716
5161.94,0.21601
5162.84,0.2135
5163.74,0.20975
5164.64,0.20634
5165.54,0.20082
5166.44,0.19493
5167.34,0.18982
5168.24,0.18449
5169.14,0.18066
5170.04,0.17816
5170.94,0.1767
5171.84,0.17665
5172.74,0.17724
5173.64,0.17887
5174.54,0.1818
5175.44,0.18593
5176.34,0.19006
5177.24,0.19417
5178.14,0.19834
5179.04,0.20001
5179.94,0.20064
5180.84,0.19841
5181.74,0.19623
5182.64,0.19248
5183.54,0.18832
5184.44,0.18742
5185.34,0.18729
5186.24,0.18894
5187.14,0.19216
5188.04,0.19654
5188.94,0.19914
5189.84,0.20181
5190.75,0.20405
5191.65,0.20523
5192.55,0.20458
5193.45,0.20541
5194.35,0.20519
5195.25,0.20542
5196.15,0.20695
5197.05,0.20795
5197.95,0.20862
5198.85,0.21071
5199.75,0.21142
5200.65,0.21185
5201.55,0.21218
5202.45,0.21045
5203.35,0.20956
5204.25,0.20753
5205.15,0.20581
5206.05,0.20302
5206.95,0.20017
5207.85,0.19903
5208.75,0.19899
5209.65,0.20052
5210.55,0.20188
5211.45,0.20369
5212.35,0.20674
5213.25,0.2095
5214.15,0.21242
5215.05,0.21381
5215.95,0.21559
5216.85,0.21637
5217.75,0.21736
5218.65,0.21851
5219.55,0.21913
5220.45,0.21936
5221.35,0.2204
5222.25,0.22076
5223.15,0.21843
5224.05,0.21671
5224.95,0.21368
5225.85,0.21154
5226.75,0.20902
5227.66,0.20833
5228.56,0.20847
5229.46,0.20873
5230.36,0.21004
5231.26,0.21142
5232.16,0.21354
5233.06,0.21575
5233.96,0.21624
5234.86,0.21803
5235.76,0.219
5236.66,0.22029
5237.56,0.22173
5238.46,0.22326
5239.36,0.22538
5240.26,0.2259
5241.16,0.22619
5242.06,0.22691
5242.96,0.22775
5243.86,0.22668
5244.76,0.2264
5245.66,0.22502
5246.56,0.22322
5247.46,0.22139
5248.36,0.22022
5249.26,0.21915
5250.16,0.21749
5251.06,0.21751
5251.96,0.2169
5252.86,0.21779
5253.76,0.21714
5254.66,0.21925
5255.56,0.21938
5256.46,0.22121
5257.36,0.22159
5258.26,0.22306
5259.16,0.22329
5260.06,0.22137
5260.96,0.21977
5261.86,0.21723
5262.76,0.21344
5263.66,0.2099
5264.56,0.20625
5265.47,0.20257
5266.37,0.20051
5267.27,0.19914
5268.17,0.19787
5269.07,0.19644
5269.97,0.19722
5270.87,0.19839
5271.77,0.1997
5272.67,0.20228
5273.57,0.2045
5274.47,0.20849
5275.37,0.21185
5276.27,0.21435
5277.17,0.21766
5278.07,0.21987
5278.97,0.2207
5279.87,0.22277
5280.77,0.22268
5281.67,0.22263
5282.57,0.22262
5283.47,0.22375
5284.37,0.22285
5285.27,0.22392
5286.17,0.22425
5287.07,0.22668
5287.97,0.22945
5288.87,0.22964
5289.77,0.23159
5290.67,0.23217
5291.57,0.23282
5292.47,0.23186
5293.37,0.23211
5294.27,0.2302
5295.17,0.22845
5296.07,0.22503
5296.97,0.22378
5297.87,0.22172
5298.77,0.21969
5299.67,0.21887
5300.57,0.21869
5301.48,0.22038
5302.38,0.22156
5303.27,0.2233
5304.18,0.22498
5305.08,0.22705
5305.98,0.22873
5306.88,0.22946
5307.78,0.23118
5308.68,0.23269
5309.58,0.23263
5310.48,0.23307
5311.38,0.23326
5312.28,0.23313
5313.18,0.23313
5314.08,0.23315
5314.98,0.231
5315.88,0.23153
5316.78,0.23043
5317.68,0.2307
5318.58,0.22954
5319.48,0.22832
5320.38,0.22748
5321.28,0.22639
5322.18,0.22495
5323.08,0.22301
5323.98,0.22231
5324.88,0.21888
5325.78,0.21702
5326.68,0.21387
5327.58,0.21226
5328.48,0.20976
5329.38,0.20864
5330.28,0.20935
5331.18,0.21259
5332.08,0.21428
5332.98,0.21681
5333.88,0.21893
5334.78,0.22094
5335.68,0.22395
5336.58,0.22435
5337.48,0.22484
5338.38,0.2248
5339.28,0.22412
5340.19,0.22412
5341.08,0.22394
5341.99,0.22228
5342.89,0.22266
5343.79,0.22114
5344.69,0.2226
5345.59,0.22344
5346.49,0.2234
5347.39,0.22355
5348.29,0.22419
5349.19,0.22312
5350.09,0.22459
5350.99,0.22585
5351.89,0.22747
5352.79,0.22889
5353.69,0.22976
5354.59,0.23163
5355.49,0.23368
5356.39,0.23497
5357.29,0.23555
5358.19,0.23526
5359.09,0.23678
5359.99,0.23583
5360.89,0.23521
5361.79,0.2343
5362.69,0.23343
5363.59,0.23111
5364.49,0.22952
5365.39,0.22824
5366.29,0.2264
5367.19,0.22413
5368.09,0.22287
5368.99,0.22182
5369.89,0.22074
5370.79,0.21955
5371.69,0.2197
5372.59,0.2205
5373.49,0.22162
5374.39,0.22369
5375.29,0.22582
5376.19,0.22759
5377.09,0.22887
5378.0,0.23085
5378.9,0.23182
5379.8,0.23219
5380.7,0.23167
5381.6,0.23108
5382.5,0.2304
5383.4,0.22836
5384.3,0.22937
5385.2,0.23001
5386.1,0.22967
5387.0,0.22838
5387.9,0.2292
5388.8,0.228
5389.7,0.22844
5390.6,0.22681
5391.5,0.22464
5392.4,0.22449
5393.3,0.2231
5394.2,0.22218
5395.1,0.22049
5396.0,0.21992
5396.9,0.21906
5397.8,0.21775
5398.7,0.21831
5399.6,0.21918
5400.5,0.21875
5401.4,0.21849
5402.3,0.21975
5403.2,0.21867
5404.1,0.21824
5405.0,0.21674
5405.9,0.21561
5406.8,0.21522
5407.7,0.21539
5408.6,0.21451
5409.5,0.21589
5410.4,0.21653
5411.3,0.21851
5412.2,0.22051
5413.1,0.22177
5414.0,0.2241
5414.9,0.22624
5415.81,0.22618
5416.71,0.22757
5417.61,0.22864
5418.51,0.22822
5419.41,0.22894
5420.31,0.22835
5421.21,0.22778
5422.11,0.22853
5423.01,0.22831
5423.91,0.22718
5424.81,0.22743
5425.71,0.22692
5426.61,0.22631
5427.51,0.22484
5428.41,0.22389
5429.31,0.22304
5430.21,0.22212
5431.11,0.22056
5432.01,0.22037
5432.91,0.21898
5433.81,0.2191
5434.71,0.21995
5435.61,0.22038
5436.51,0.22202
5437.41,0.22247
5438.31,0.22497
5439.21,0.22741
5440.11,0.22812
5441.01,0.23045
5441.91,0.23026
5442.81,0.23056
5443.71,0.22955
5444.61,0.22841
5445.51,0.22682
5446.41,0.22506
5447.31,0.22269
5448.21,0.22223
5449.11,0.2222
5450.01,0.22299
5450.91,0.22213
5451.81,0.22397
5452.72,0.22356
5453.62,0.22418
5454.52,0.22336
5455.42,0.22244
5456.32,0.22297
5457.22,0.22226
5458.12,0.2225
5459.02,0.22206
5459.92,0.22347
5460.82,0.22398
5461.72,0.22493
5462.62,0.22418
5463.52,0.2242
5464.42,0.22465
5465.32,0.22473
5466.22,0.22461
5467.12,0.22584
5468.02,0.22524
5468.92,0.22602
5469.82,0.22553
5470.72,0.22618
5471.62,0.22468
5472.52,0.22326
5473.42,0.22266
5474.32,0.22188
5475.22,0.22006
5476.12,0.2196
5477.02,0.21871
5477.92,0.21853
5478.82,0.21864
5479.72,0.2178
5480.62,0.21851
5481.52,0.2194
5482.42,0.22083
5483.32,0.2228
5484.22,0.22241
5485.12,0.22329
5486.02,0.22452
5486.92,0.22455
5487.82,0.22482
5488.72,0.22491
5489.62,0.22469
5490.53,0.22536
5491.43,0.22579
5492.33,0.22641
5493.23,0.22559
5494.13,0.2263
5495.03,0.22602
5495.93,0.22642
5496.83,0.22531
5497.73,0.22507
5498.63,0.22548
5499.53,0.22419
5500.43,0.22405
5501.33,0.22519
5502.23,0.22466
5503.13,0.22446
5504.03,0.2235
5504.93,0.22317
5505.83,0.22313
5506.73,0.2226
5507.63,0.22235
5508.53,0.22343
5509.43,0.22223
5510.33,0.22266
5511.23,0.22109
5512.13,0.22238
5513.03,0.22056
5513.93,0.22143
5514.83,0.2221
5515.73,0.22277
5516.63,0.22275
5517.53,0.22477
5518.43,0.22646
5519.33,0.22739
5520.23,0.22937
5521.13,0.22905
5522.03,0.22984
5522.93,0.2288
5523.83,0.22871
5524.73,0.22863
5525.63,0.22722
5526.54,0.22565
5527.44,0.22436
5528.33,0.22411
5529.24,0.22404
5530.14,0.22374
5531.04,0.22403
5531.94,0.22448
5532.84,0.22545
5533.74,0.22475
5534.64,0.22712
5535.54,0.22663
5536.44,0.22812
5537.34,0.22799
5538.24,0.22914
5539.14,0.22932
5540.04,0.22986
5540.94,0.23021
5541.84,0.22998
5542.74,0.22979
5543.64,0.23061
5544.54,0.2307
5545.44,0.23053
5546.34,0.23067
5547.24,0.23136
5548.14,0.23114
5549.04,0.23157
5549.94,0.23103
5550.84,0.23162
5551.74,0.23132
5552.64,0.23172
5553.54,0.23023
5554.44,0.23056
5555.34,0.22978
5556.24,0.22876
5557.14,0.2288
5558.04,0.22851
5558.94,0.22753
5559.84,0.22713
5560.74,0.22728
5561.64,0.22763
5562.54,0.22668
5563.44,0.22642
5564.34,0.22542
5565.25,0.22493
5566.15,0.22424
5567.05,0.22384
5567.95,0.22267
5568.85,0.22323
5569.75,0.22285
5570.65,0.22246
5571.55,0.22295
5572.45,0.2225
5573.35,0.22323
5574.25,0.22323
5575.15,0.22385
5576.05,0.22482
5576.95,0.22521
5577.85,0.22672
5578.75,0.22656
5579.65,0.22746
5580.55,0.22717
5581.45,0.22615
5582.35,0.22624
5583.25,0.22524
5584.15,0.22492
5585.05,0.22269
5585.95,0.22132
5586.85,0.21989
5587.75,0.21765
5588.65,0.21668
5589.55,0.21564
5590.45,0.21471
5591.35,0.21543
5592.25,0.21641
5593.15,0.21624
5594.05,0.21766
5594.95,0.21866
5595.85,0.2199
5596.75,0.2196
5597.65,0.21927
5598.55,0.22067
5599.45,0.21995
5600.35,0.2197
5601.25,0.21868
5602.15,0.21856
5603.06,0.21923
5603.96,0.22084
5604.86,0.22329
5605.76,0.22373
5606.66,0.22567
5607.56,0.22682
5608.46,0.22895
5609.36,0.22846
5610.26,0.23091
5611.16,0.23025
5612.06,0.23029
5612.96,0.22882
5613.86,0.22738
5614.76,0.22549
5615.66,0.22386
5616.56,0.22379
5617.46,0.22268
5618.36,0.22232
5619.26,0.22256
5620.16,0.22254
5621.06,0.22278
5621.96,0.22378
5622.86,0.22481
5623.76,0.22369
5624.66,0.2243
5625.56,0.22417
5626.46,0.22494
5627.36,0.22517
5628.26,0.22571
5629.16,0.22747
5630.06,0.22633
5630.96,0.22838
5631.86,0.22906
5632.76,0.22839
5633.66,0.22817
5634.56,0.2297
5635.46,0.22878
5636.36,0.22806
5637.26,0.22699
5638.16,0.2265
5639.06,0.22624
5639.96,0.22519
5640.86,0.22509
5641.77,0.22552
5642.67,0.22539
5643.57,0.22489
5644.47,0.22554
5645.37,0.22726
5646.27,0.22649
5647.17,0.22704
5648.07,0.22714
5648.97,0.227
5649.87,0.22807
5650.77,0.22759
5651.67,0.22784
5652.57,0.22907
5653.47,0.22809
5654.37,0.22655
5655.27,0.22635
5656.17,0.22495
5657.07,0.22395
5657.97,0.22267
5658.87,0.22087
5659.77,0.22056
5660.67,0.21988
5661.57,0.22005
5662.47,0.2208
5663.37,0.2211
5664.27,0.22205
5665.17,0.22255
5666.07,0.22224
5666.97,0.22373
5667.87,0.22396
5668.77,0.22573
5669.67,0.22503
5670.57,0.2262
5671.47,0.22599
5672.37,0.22671
5673.27,0.22765
5674.17,0.22833
5675.07,0.22885
5675.97,0.22873
5676.88,0.23063
5677.77,0.22996
5678.68,0.22976
5679.58,0.22893
5680.48,0.22828
5681.38,0.22871
5682.28,0.22739
5683.18,0.22637
5684.08,0.22702
5684.98,0.22497
5685.88,0.22521
5686.78,0.22506
5687.68,0.2247
5688.58,0.22434
5689.48,0.2244
5690.38,0.22574
5691.28,0.22605
5692.18,0.22691
5693.08,0.22725
5693.98,0.22796
5694.88,0.22787
5695.78,0.22794
5696.68,0.2283
5697.58,0.22891
5698.48,0.22714
5699.38,0.22733
5700.28,0.22661
5701.18,0.2251
5702.08,0.22438
5702.98,0.22321
5703.88,0.22266
5704.78,0.2224
5705.68,0.22145
5706.58,0.2206
5707.48,0.21979
5708.38,0.21864
5709.28,0.21857
5710.18,0.21885
5711.08,0.21782
5711.98,0.21899
5712.88,0.21997
5713.78,0.22057
5714.68,0.22197
5715.59,0.22359
5716.49,0.22527
5717.39,0.22691
5718.29,0.22761
5719.19,0.22808
5720.09,0.22871
5720.99,0.22994
5721.89,0.23033
5722.79,0.23057
5723.69,0.23111
5724.59,0.2305
5725.49,0.2317
5726.39,0.23061
5727.29,0.2294
5728.19,0.23014
5729.09,0.2298
5729.99,0.22912
5730.89,0.2286
5731.79,0.22807
5732.69,0.22986
5733.59,0.22874
5734.49,0.22991
5735.39,0.23038
5736.29,0.23004
5737.19,0.22994
5738.09,0.23044
5738.99,0.23051
5739.89,0.22993
5740.79,0.23069
5741.69,0.23068
5742.59,0.23044
5743.49,0.22964
5744.39,0.23021
5745.29,0.23034
5746.19,0.23026
5747.09,0.23087
5747.99,0.23055
5748.89,0.22971
5749.79,0.22915
5750.69,0.2296
5751.59,0.2281
5752.5,0.22662
5753.4,0.22738
5754.3,0.22778
5755.2,0.2274
5756.1,0.22803
5757.0,0.22708
5757.9,0.22829
5758.8,0.22743
5759.7,0.22818
5760.6,0.22794
5761.5,0.22808
5762.4,0.22812
5763.3,0.22838
5764.2,0.22819
5765.1,0.22826
5766.0,0.22954
5766.9,0.22945
5767.8,0.23131
5768.7,0.2304
5769.6,0.23133
5770.5,0.2303
5771.4,0.23063
5772.3,0.22992
5773.2,0.22984
5774.1,0.22967
5775.0,0.23041
5775.9,0.22919
5776.8,0.22931
5777.7,0.22916
5778.6,0.22802
5779.5,0.22688
5780.4,0.22675
5781.3,0.22546
5782.2,0.22508
5783.1,0.224
5784.0,0.22334
5784.9,0.22251
5785.8,0.22216
5786.7,0.22231
5787.6,0.22443
5788.5,0.22384
5789.41,0.22614
5790.31,0.22593
5791.21,0.22619
5792.11,0.22682
5793.01,0.22734
5793.91,0.22903
5794.81,0.22962
5795.71,0.22925
5796.61,0.22854
5797.51,0.23046
5798.41,0.23062
5799.31,0.23064
5800.21,0.23165
5801.11,0.23188
5802.01,0.23095
5802.91,0.23212
5803.81,0.23171
5804.71,0.232
5805.61,0.23163
5806.51,0.23079
5807.41,0.23055
5808.31,0.23093
5809.21,0.23145
5810.11,0.23217
5811.01,0.23127
5811.91,0.23161
5812.81,0.23133
5813.71,0.23166
5814.61,0.23235
5815.51,0.23172
5816.41,0.23043
5817.31,0.23167
5818.21,0.23064
5819.11,0.23168
5820.01,0.23178
5820.91,0.23253
5821.81,0.23251
5822.71,0.23304
5823.61,0.23296
5824.51,0.23343
5825.41,0.23342
5826.31,0.23398
5827.22,0.2336
5828.12,0.23352
5829.02,0.23375
5829.92,0.235
5830.82,0.23433
5831.72,0.23395
5832.62,0.23465
5833.52,0.23393
5834.42,0.23425
5835.32,0.23334
5836.22,0.23348
5837.12,0.2331
5838.02,0.23328
5838.92,0.23346
5839.82,0.23316
5840.72,0.23335
5841.62,0.23281
5842.52,0.23391
5843.42,0.23292
5844.32,0.23339
5845.22,0.23307
5846.12,0.2324
5847.02,0.23179
5847.92,0.23081
5848.82,0.23076
5849.72,0.23095
5850.62,0.22902
5851.52,0.22812
5852.42,0.22758
5853.32,0.22607
5854.22,0.22557
5855.12,0.22472
5856.02,0.22336
5856.92,0.2234
5857.82,0.22214
5858.72,0.22213
5859.62,0.22301
5860.52,0.22302
5861.42,0.22248
5862.32,0.22391
5863.23,0.22312
5864.12,0.2243
5865.03,0.22602
5865.93,0.22505
5866.83,0.2258
5867.73,0.22669
5868.63,0.22727
5869.53,0.22766
5870.43,0.22663
5871.33,0.22893
5872.23,0.2287
5873.13,0.22859
5874.03,0.22832
5874.93,0.22833
5875.83,0.22753
5876.73,0.22726
5877.63,0.22869
5878.53,0.22719
5879.43,0.22662
5880.33,0.22631
5881.23,0.22542
5882.13,0.22519
5883.03,0.22315
5883.93,0.22223
5884.83,0.22161
5885.73,0.21916
5886.63,0.21636
5887.53,0.21355
5888.43,0.21107
5889.33,0.20635
5890.23,0.20454
5891.13,0.20188
5892.03,0.19999
5892.93,0.19928
5893.83,0.19776
5894.73,0.199
5895.63,0.19971
5896.53,0.19966
5897.43,0.20108
5898.33,0.20408
5899.23,0.20599
5900.13,0.20778
5901.04,0.2114
5901.94,0.21364
5902.83,0.21634
5903.74,0.21888
5904.64,0.21932
5905.54,0.22197
5906.44,0.22273
5907.34,0.22284
5908.24,0.223
5909.14,0.22295
5910.04,0.22365
5910.94,0.22364
5911.84,0.22346
5912.74,0.22364
5913.64,0.22296
5914.54,0.22218
5915.44,0.22236
5916.34,0.22191
5917.24,0.22163
5918.14,0.22132
5919.04,0.22264
5919.94,0.22205
5920.84,0.22249
5921.74,0.22278
5922.64,0.22338
5923.54,0.22402
5924.44,0.2241
5925.34,0.22419
5926.24,0.22411
5927.14,0.22353
5928.04,0.22449
5928.94,0.22377
5929.84,0.22369
5930.74,0.22416
5931.64,0.22413
5932.54,0.22419
5933.44,0.22475
5934.34,0.22426
5935.24,0.22417
5936.14,0.22453
5937.04,0.22406
5937.94,0.22353
5938.85,0.2248
5939.75,0.22371
5940.65,0.22541
5941.55,0.22404
5942.45,0.22464
5943.35,0.22546
5944.25,0.22505
5945.15,0.22476
5946.05,0.22491
5946.95,0.22435
5947.85,0.22464
5948.75,0.22529
5949.65,0.22401
5950.55,0.22308
5951.45,0.22385
5952.35,0.22348
5953.25,0.22308
5954.15,0.22309
5955.05,0.22313
5955.95,0.22209
5956.85,0.22298
5957.75,0.22366
5958.65,0.22467
5959.55,0.22428
5960.45,0.22494
5961.35,0.2252
5962.25,0.22633
5963.15,0.2269
5964.05,0.22749
5964.95,0.22752
5965.85,0.22702
5966.75,0.22751
5967.65,0.22709
5968.55,0.22755
5969.45,0.22796
5970.35,0.22822
5971.25,0.22775
5972.15,0.2274
5973.05,0.22697
5973.95,0.2271
5974.85,0.22587
5975.75,0.22559
5976.65,0.22517
5977.56,0.22462
5978.46,0.22538
5979.36,0.22476
5980.26,0.22537
5981.16,0.2247
5982.06,0.22412
5982.96,0.22399
5983.86,0.22395
5984.76,0.22406
5985.66,0.22322
5986.56,0.22294
5987.46,0.22343
5988.36,0.22449
5989.26,0.22508
5990.16,0.22387
5991.06,0.22494
5991.96,0.22522
5992.86,0.22647
5993.76,0.22668
5994.66,0.22637
5995.56,0.2275
5996.46,0.22713
5997.36,0.22596
5998.26,0.22684
5999.16,0.22585
6000.06,0.22564
6000.96,0.22469
6001.86,0.22598
6002.76,0.22487
6003.66,0.22515
6004.56,0.22427
6005.46,0.22376
6006.36,0.22337
6007.26,0.22315
6008.16,0.22346
6009.06,0.22259
6009.96,0.22339
6010.86,0.22362
6011.76,0.22365
6012.67,0.22294
6013.56,0.22362
6014.47,0.22417
6015.37,0.22383
6016.27,0.22259
6017.17,0.22271
6018.07,0.22233
6018.97,0.22317
6019.87,0.2224
6020.77,0.22249
6021.67,0.22275
6022.57,0.22267
6023.47,0.22195
6024.37,0.22325
6025.27,0.22348
6026.17,0.22325
6027.07,0.22415
6027.97,0.22475
6028.87,0.22606
6029.77,0.22605
6030.67,0.22668
6031.57,0.22762
6032.47,0.22812
6033.37,0.22818
6034.27,0.22879
6035.17,0.22942
6036.07,0.22895
6036.97,0.22888
6037.87,0.22811
6038.77,0.22897
6039.67,0.22885
6040.57,0.22834
6041.47,0.22868
6042.37,0.22814
6043.27,0.22886
6044.17,0.22937
6045.07,0.22985
6045.97,0.22951
6046.87,0.22953
6047.77,0.22964
6048.67,0.23058
6049.57,0.22965
6050.47,0.2307
6051.38,0.23076
6052.28,0.2303
6053.18,0.23024
6054.08,0.22842
6054.98,0.22994
6055.88,0.2292
6056.78,0.22846
6057.68,0.22797
6058.58,0.22877
6059.48,0.22794
6060.38,0.22675
6061.28,0.22699
6062.18,0.2274
6063.08,0.22654
6063.98,0.22675
6064.88,0.22598
6065.78,0.225
6066.68,0.22543
6067.58,0.22644
6068.48,0.22649
6069.38,0.22709
6070.28,0.22729
6071.18,0.22889
6072.08,0.22998
6072.98,0.22981
6073.88,0.22923
6074.78,0.23011
6075.68,0.22996
6076.58,0.22964
6077.48,0.22964
6078.38,0.22903
6079.28,0.22761
6080.18,0.2263
6081.08,0.22671
6081.98,0.22655
6082.88,0.22574
6083.78,0.22588
6084.68,0.22487
6085.58,0.22551
6086.48,0.22557
6087.38,0.22538
6088.28,0.22523
6089.19,0.22484
6090.09,0.22521
6090.99,0.22454
6091.89,0.2248
6092.79,0.22539
6093.69,0.22578
6094.59,0.22552
6095.49,0.22668
6096.39,0.22617
6097.29,0.2255
6098.19,0.22682
6099.09,0.22605
6099.99,0.22508
6100.89,0.22505
6101.79,0.22346
6102.69,0.22328
6103.59,0.22346
6104.49,0.22229
6105.39,0.22235
6106.29,0.22251
6107.19,0.22267
6108.09,0.22452
6108.99,0.22457
6109.89,0.22502
6110.79,0.22616
6111.69,0.22626
6112.59,0.22657
6113.49,0.22628
6114.39,0.22712
6115.29,0.22629
6116.19,0.22578
6117.09,0.22647
6117.99,0.22609
6118.89,0.22534
6119.79,0.22425
6120.69,0.22357
6121.59,0.22322
6122.49,0.22233
6123.39,0.22192
6124.29,0.22184
6125.19,0.22165
6126.1,0.22188
6127.0,0.22247
6127.9,0.22261
6128.8,0.22402
6129.7,0.22327
6130.6,0.22437
6131.5,0.22379
6132.4,0.22336
6133.3,0.22222
6134.2,0.22266
6135.1,0.22099
6136.0,0.22077
6136.9,0.21916
6137.8,0.21726
6138.7,0.21722
6139.6,0.2167
6140.5,0.21777
6141.4,0.218
6142.3,0.21896
6143.2,0.21991
6144.1,0.22121
6145.0,0.22131
6145.9,0.22278
6146.8,0.2239
6147.7,0.22361
6148.6,0.22436
6149.5,0.22406
6150.4,0.22337
6151.3,0.22453
6152.2,0.22431
6153.1,0.22343
6154.0,0.22383
6154.9,0.22338
6155.8,0.22291
6156.7,0.22169
6157.6,0.2205
6158.5,0.21937
6159.4,0.21703
6160.3,0.21568
6161.2,0.21457
6162.1,0.21337
6163.01,0.21145
6163.91,0.21045
6164.81,0.20978
6165.71,0.20929
6166.61,0.20929
6167.51,0.20966
6168.41,0.20957
6169.31,0.20998
6170.21,0.21126
6171.11,0.21156
6172.01,0.21211
6172.91,0.21337
6173.81,0.21344
6174.71,0.21487
6175.61,0.21631
6176.51,0.21683
6177.41,0.21767
6178.31,0.21651
6179.21,0.21814
6180.11,0.21975
6181.01,0.21981
6181.91,0.21926
6182.81,0.21947
6183.71,0.21962
6184.61,0.21979
6185.51,0.21953
6186.41,0.21921
6187.31,0.219
6188.21,0.21773
6189.11,0.21646
6190.01,0.21595
6190.91,0.21581
6191.81,0.21462
6192.71,0.21502
6193.61,0.21513
6194.51,0.21547
6195.41,0.21584
6196.31,0.21693
6197.21,0.21624
6198.11,0.21723
6199.01,0.21849
6199.92,0.21824
6200.82,0.21876
6201.72,0.21874
6202.62,0.21986
6203.52,0.21891
6204.42,0.21941
6205.32,0.22069
6206.22,0.22047
6207.12,0.22071
6208.02,0.22071
6208.92,0.22009
6209.82,0.22036
6210.72,0.21854
6211.62,0.21797
6212.52,0.21728
6213.42,0.21683
6214.32,0.21603
6215.22,0.2144
6216.12,0.21376
6217.02,0.21324
6217.92,0.21292
6218.82,0.21235
6219.72,0.21312
6220.62,0.21322
6221.52,0.21297
6222.42,0.21321
6223.32,0.21423
6224.22,0.21288
6225.12,0.21446
6226.02,0.21341
6226.92,0.21376
6227.82,0.21397
6228.72,0.21235
6229.62,0.21184
6230.52,0.21217
6231.42,0.21206
6232.32,0.211
6233.22,0.21058
6234.12,0.2117
6235.02,0.21197
6235.92,0.21242
6236.83,0.21304
6237.73,0.21388
6238.63,0.21401
6239.53,0.21349
6240.43,0.21318
6241.33,0.21331
6242.23,0.21204
6243.13,0.21164
6244.03,0.21194
6244.93,0.21048
6245.83,0.21049
6246.73,0.21207
6247.63,0.2106
6248.53,0.21046
6249.43,0.21085
6250.33,0.21165
6251.23,0.21126
6252.13,0.21074
6253.03,0.21076
6253.93,0.20909
6254.83,0.20888
6255.73,0.20839
6256.63,0.20833
6257.53,0.20727
6258.43,0.20724
6259.33,0.20678
6260.23,0.20798
6261.13,0.20958
6262.03,0.21007
6262.93,0.2098
6263.83,0.21096
6264.73,0.21215
6265.63,0.2133
6266.53,0.21375
6267.43,0.21452
6268.33,0.21447
6269.23,0.21483
6270.13,0.21542
6271.03,0.21512
6271.93,0.2166
6272.83,0.21632
6273.73,0.21666
6274.64,0.21598
6275.54,0.21653
6276.44,0.21698
6277.34,0.21673
6278.24,0.21614
6279.14,0.21609
6280.04,0.21511
6280.94,0.21618
6281.84,0.21611
6282.74,0.21651
6283.64,0.21626
6284.54,0.21734
6285.44,0.21755
6286.34,0.21769
6287.24,0.21833
6288.14,0.21841
6289.04,0.21917
6289.94,0.21987
6290.84,0.21881
6291.74,0.2185
6292.64,0.21874
6293.54,0.21835
6294.44,0.21808
6295.34,0.21617
6296.24,0.21621
6297.14,0.21615
6298.04,0.21546
6298.94,0.21504
6299.84,0.21437
6300.74,0.21428
6301.64,0.21414
6302.54,0.21376
6303.44,0.21545
6304.34,0.21439
6305.24,0.21485
6306.14,0.21562
6307.04,0.21604
6307.94,0.21685
6308.84,0.21788
6309.74,0.21712
6310.64,0.21776
6311.54,0.21722
6312.45,0.2184
6313.35,0.21731
6314.25,0.21722
6315.15,0.21665
6316.05,0.21569
6316.95,0.2157
6317.85,0.21603
6318.75,0.21543
6319.65,0.21412
6320.55,0.21471
6321.45,0.21617
6322.35,0.21579
6323.25,0.21663
6324.15,0.21727
6325.05,0.21803
6325.95,0.2189
6326.85,0.21968
6327.75,0.21902
6328.65,0.21963
6329.55,0.21974
6330.45,0.21991
6331.35,0.22045
6332.25,0.2196
6333.15,0.21958
6334.05,0.21837
6334.95,0.2184
6335.85,0.21755
6336.75,0.2178
6337.65,0.21714
6338.55,0.21677
6339.45,0.21763
6340.35,0.21754
6341.25,0.21788
6342.15,0.21848
6343.05,0.21845
6343.95,0.21886
6344.85,0.21895
6345.75,0.21837
6346.65,0.21873
6347.55,0.21961
6348.46,0.21886
6349.35,0.21978
6350.26,0.21932
6351.16,0.21886
6352.06,0.21942
6352.96,0.21915
6353.86,0.2186
6354.76,0.21787
6355.66,0.21736
6356.56,0.21715
6357.46,0.21648
6358.36,0.21514
6359.26,0.21541
6360.16,0.21424
6361.06,0.21382
6361.96,0.21403
6362.86,0.21383
6363.76,0.21495
6364.66,0.21514
6365.56,0.21431
6366.46,0.21587
6367.36,0.21647
6368.26,0.21714
6369.16,0.21776
6370.06,0.21857
6370.96,0.21871
6371.86,0.22001
6372.76,0.22011
6373.66,0.21976
6374.56,0.2206
6375.46,0.22
6376.36,0.22018
6377.26,0.22028
6378.16,0.21989
6379.06,0.21992
6379.96,0.21921
6380.86,0.21893
6381.76,0.21943
6382.66,0.21804
6383.56,0.21822
6384.46,0.21852
6385.36,0.21899
6386.27,0.21905
6387.17,0.21907
6388.07,0.21857
6388.97,0.21839
6389.87,0.21874
6390.77,0.21783
6391.67,0.21717
6392.57,0.21644
6393.47,0.21732
6394.37,0.21639
6395.27,0.21648
6396.17,0.21637
6397.07,0.2151
6397.97,0.21537
6398.87,0.21611
6399.77,0.2159
6400.67,0.21581
6401.57,0.2169
6402.47,0.21614
6403.37,0.21723
6404.27,0.21695
6405.17,0.21783
6406.07,0.21856
6406.97,0.21932
6407.87,0.21915
6408.77,0.21866
6409.67,0.21897
6410.57,0.21846
6411.47,0.21861
6412.37,0.21816
6413.27,0.21851
6414.17,0.21799
6415.07,0.21874
6415.97,0.21863
6416.87,0.21849
6417.77,0.21809
6418.67,0.2177
6419.57,0.21785
6420.47,0.21717
6421.37,0.21815
6422.27,0.21829
6423.17,0.21883
6424.08,0.21837
6424.98,0.21901
6425.88,0.21895
6426.78,0.21964
6427.68,0.22009
6428.58,0.22022
6429.48,0.22025
6430.38,0.21958
6431.28,0.21912
6432.18,0.21933
6433.08,0.21946
6433.98,0.219
6434.88,0.21883
6435.78,0.21888
6436.68,0.218
6437.58,0.21892
6438.48,0.21868
6439.38,0.21876
6440.28,0.21933
6441.18,0.21901
6442.08,0.21924
6442.98,0.22025
6443.88,0.22058
6444.78,0.22117
6445.68,0.22128
6446.58,0.22081
6447.48,0.22068
6448.38,0.22016
6449.28,0.21904
6450.18,0.21854
6451.08,0.21848
6451.98,0.21831
6452.88,0.21773
6453.78,0.21697
6454.68,0.21708
6455.58,0.21783
6456.48,0.21821
6457.38,0.21785
6458.28,0.21834
6459.18,0.21799
6460.08,0.21812
6460.98,0.21852
6461.89,0.21776
6462.79,0.21711
6463.69,0.21719
6464.59,0.21573
6465.49,0.217
6466.39,0.21733
6467.29,0.21755
6468.19,0.21859
6469.09,0.21805
6469.99,0.21858
6470.89,0.21953
6471.79,0.21805
6472.69,0.2182
6473.59,0.21697
6474.49,0.21833
6475.39,0.21758
6476.29,0.21823
6477.19,0.21773
6478.09,0.21744
6478.99,0.21804
6479.89,0.21699
6480.79,0.21647
6481.69,0.21652
6482.59,0.21629
6483.49,0.21537
6484.39,0.21574
6485.29,0.21579
6486.19,0.21525
6487.09,0.21542
6487.99,0.21531
6488.89,0.21479
6489.79,0.21416
6490.69,0.2131
6491.59,0.21184
6492.49,0.20998
6493.39,0.20899
6494.29,0.2075
6495.19,0.20537
6496.09,0.20387
6496.99,0.20367
6497.9,0.20374
6498.79,0.20236
6499.7,0.20306
6500.6,0.205
6501.5,0.20643
6502.4,0.20817
6503.3,0.20955
6504.2,0.21115
6505.1,0.21189
6506.0,0.21337
6506.9,0.21511
6507.8,0.21484
6508.7,0.21553
6509.6,0.21577
6510.5,0.21542
6511.4,0.21629
6512.3,0.21611
6513.2,0.21571
6514.1,0.21595
6515.0,0.21512
6515.9,0.21476
6516.8,0.21502
6517.7,0.2148
6518.6,0.21422
6519.5,0.21412
6520.4,0.2144
6521.3,0.21481
6522.2,0.21417
6523.1,0.21523
6524.0,0.21464
6524.9,0.21527
6525.8,0.21589
6526.7,0.21505
6527.6,0.21514
6528.5,0.21635
6529.4,0.21606
6530.3,0.21537
6531.2,0.21552
6532.1,0.21564
6533.0,0.21536
6533.9,0.2162
6534.8,0.21573
6535.71,0.21536
6536.61,0.21545
6537.51,0.21627
6538.41,0.21595
6539.31,0.21613
6540.21,0.21682
6541.11,0.21547
6542.01,0.21607
6542.91,0.21474
6543.81,0.21397
6544.71,0.21298
6545.61,0.21309
6546.51,0.21223
6547.41,0.21149
6548.31,0.2117
6549.21,0.21036
6550.11,0.21023
6551.01,0.20977
6551.91,0.20969
6552.81,0.20829
6553.71,0.20736
6554.61,0.20665
6555.51,0.20497
6556.41,0.20311
6557.31,0.20122
6558.21,0.19838
6559.11,0.19516
6560.01,0.19146
6560.91,0.18956
6561.81,0.1854
6562.71,0.18341
6563.61,0.18147
6564.51,0.18006
6565.41,0.18096
6566.31,0.18216
6567.21,0.18525
6568.11,0.18852
6569.01,0.19083
6569.91,0.19497
6570.81,0.19724
6571.71,0.19953
6572.61,0.20135
6573.52,0.20415
6574.42,0.20527
6575.32,0.20688
6576.22,0.20635
6577.12,0.20819
6578.02,0.20889
6578.92,0.20888
6579.82,0.21068
6580.72,0.21157
6581.62,0.21117
6582.52,0.21223
6583.42,0.21165
6584.32,0.21299
6585.22,0.21244
6586.12,0.21349
6587.02,0.21337
6587.92,0.21226
6588.82,0.21206
6589.72,0.21211
6590.62,0.21195
6591.52,0.2118
6592.42,0.2118
6593.32,0.21097
6594.22,0.21033
6595.12,0.20982
6596.02,0.21035
6596.92,0.20985
6597.82,0.21033
6598.72,0.21158
6599.62,0.21116
6600.52,0.21183
6601.42,0.21264
6602.32,0.21337
6603.22,0.21367
6604.12,0.21306
6605.02,0.21355
6605.92,0.21241
6606.82,0.21286
6607.72,0.21266
6608.62,0.21267
6609.52,0.2122
6610.43,0.21198
6611.33,0.21273
6612.23,0.21247
6613.13,0.21276
6614.03,0.21325
6614.93,0.21342
6615.83,0.21415
6616.73,0.21361
6617.63,0.21431
6618.53,0.21481
6619.43,0.21554
6620.33,0.21491
6621.23,0.21562
6622.13,0.21508
6623.03,0.21418
6623.93,0.21423
6624.83,0.21373
6625.73,0.214
6626.63,0.21338
6627.53,0.21339
6628.43,0.2135
6629.33,0.21306
6630.23,0.21214
6631.13,0.21265
6632.03,0.21235
6632.93,0.21212
6633.83,0.21255
6634.73,0.21203
6635.63,0.21169
6636.53,0.21266
6637.43,0.21271
6638.33,0.21313
6639.23,0.2123
6640.13,0.21275
6641.03,0.21345
6641.93,0.21155
6642.83,0.21254
6643.73,0.21174
6644.63,0.21171
6645.53,0.21234
6646.43,0.21198
6647.34,0.21125
6648.24,0.21281
6649.14,0.21272
6650.04,0.21206
6650.94,0.21259
6651.84,0.21224
6652.74,0.2131
6653.64,0.21309
6654.54,0.21272
6655.44,0.21259
6656.34,0.21268
6657.24,0.21282
6658.14,0.213
6659.04,0.21282
6659.94,0.21207
6660.84,0.21181
6661.74,0.21187
6662.64,0.21088
6663.54,0.21059
6664.44,0.21004
6665.34,0.21045
6666.24,0.21094
6667.14,0.21059
6668.04,0.21057
6668.94,0.21083
6669.84,0.21148
6670.74,0.21148
6671.64,0.2117
6672.54,0.21151
6673.44,0.21073
6674.34,0.2115
6675.24,0.21089
6676.14,0.21164
6677.04,0.20993
6677.94,0.21042
6678.84,0.20998
6679.74,0.20947
6680.64,0.20936
6681.54,0.2096
6682.44,0.20949
6683.34,0.20908
6684.24,0.21002
6685.15,0.21008
6686.05,0.21094
6686.95,0.21117
6687.85,0.21006
6688.75,0.2102
6689.65,0.21142
6690.55,0.21126
6691.45,0.21083
6692.35,0.21137
6693.25,0.21045
6694.15,0.21152
6695.05,0.21085
6695.95,0.21112
6696.85,0.21033
6697.75,0.21073
6698.65,0.21051
6699.55,0.21027
6700.45,0.20991
6701.35,0.21045
6702.25,0.21064
6703.15,0.21
6704.05,0.20998
6704.95,0.21015
6705.85,0.21055
6706.75,0.20937
6707.65,0.21056
6708.55,0.20963
6709.45,0.20962
6710.35,0.2089
6711.25,0.2097
6712.15,0.20895
6713.05,0.20858
6713.95,0.20829
6714.85,0.20767
6715.75,0.20692
6716.65,0.20687
6717.55,0.20692
6718.45,0.20605
6719.35,0.20493
6720.25,0.20586
6721.16,0.20561
6722.06,0.20618
6722.96,0.20724
6723.86,0.20724
6724.76,0.20717
6725.66,0.20783
6726.56,0.20812
6727.46,0.20728
6728.36,0.20835
6729.26,0.20835
6730.16,0.2087
6731.06,0.20926
6731.96,0.2094
6732.86,0.20908
6733.76,0.20918
6734.66,0.2086
6735.56,0.20885
6736.46,0.20886
6737.36,0.20872
6738.26,0.20859
6739.16,0.20825
6740.06,0.2082
6740.96,0.20774
6741.86,0.2087
6742.76,0.20776
6743.66,0.20779
6744.56,0.20702
6745.46,0.2073
6746.36,0.20689
6747.26,0.20672
6748.16,0.20678
6749.06,0.20606
6749.96,0.2061
6750.86,0.2061
6751.76,0.20591
6752.66,0.20588
6753.56,0.20642
6754.46,0.20597
6755.36,0.20761
6756.26,0.20705
6757.16,0.20787
6758.06,0.20817
6758.97,0.20911
6759.87,0.20849
6760.77,0.20942
6761.67,0.20862
6762.57,0.20826
6763.47,0.20885
6764.37,0.20917
6765.27,0.20894
6766.17,0.2095
6767.07,0.20824
6767.97,0.20771
6768.87,0.20744
6769.77,0.20694
6770.67,0.20682
6771.57,0.20687
6772.47,0.20815
6773.37,0.20747
6774.27,0.2084
6775.17,0.20838
6776.07,0.20882
6776.97,0.20967
6777.87,0.2099
6778.77,0.20836
6779.67,0.20926
6780.57,0.20942
6781.47,0.2092
6782.37,0.20923
6783.27,0.20844
6784.17,0.20771
6785.07,0.20743
6785.97,0.20744
6786.87,0.20758
6787.77,0.20668
6788.67,0.20658
6789.57,0.20635
6790.47,0.20669
6791.37,0.20742
6792.27,0.20692
6793.17,0.20764
6794.07,0.2076
6794.97,0.207
6795.88,0.20682
6796.78,0.20803
6797.68,0.20777
6798.58,0.20764
6799.48,0.20767
6800.38,0.20873
6801.28,0.20805
6802.18,0.20785
6803.08,0.20833
6803.98,0.20817
6804.88,0.20701
6805.78,0.20752
6806.68,0.20758
6807.58,0.20791
6808.48,0.20755
6809.38,0.20711
6810.28,0.20707
6811.18,0.20812
6812.08,0.20681
6812.98,0.20707
6813.88,0.20672
6814.78,0.20744
6815.68,0.20709
6816.58,0.20692
6817.48,0.20741
6818.38,0.20669
6819.28,0.2069
6820.18,0.20751
6821.08,0.20749
6821.98,0.20726
6822.88,0.20836
6823.78,0.20802
6824.68,0.2082
6825.58,0.20805
6826.48,0.20786
6827.38,0.20779
6828.28,0.20802
6829.18,0.20773
6830.08,0.20759
6830.98,0.20787
6831.88,0.20812
6832.79,0.20754
6833.69,0.2079
6834.59,0.20747
6835.49,0.20768
6836.39,0.20803
6837.29,0.20722
6838.19,0.20731
6839.09,0.20679
6839.99,0.20668
6840.89,0.20582
6841.79,0.20538
6842.69,0.20469
6843.59,0.20559
6844.49,0.20605
6845.39,0.20485
6846.29,0.20483
6847.19,0.20552
6848.09,0.20623
6848.99,0.20704
6849.89,0.20641
6850.79,0.20662
6851.69,0.20662
6852.59,0.206
6853.49,0.20655
6854.39,0.20581
6855.29,0.20545
6856.19,0.20597
6857.09,0.20481
6857.99,0.20522
6858.89,0.20437
6859.79,0.20501
6860.69,0.20506
6861.59,0.20543
6862.49,0.20544
6863.39,0.20444
6864.29,0.20536
6865.19,0.20529
6866.09,0.20507
6866.99,0.20599
6867.89,0.20572
6868.79,0.20532
6869.7,0.20569
6870.6,0.20544
6871.5,0.20485
6872.4,0.20542
6873.3,0.20512
6874.2,0.20535
6875.1,0.20595
6876.0,0.20605
6876.9,0.20544
6877.8,0.20682
6878.7,0.20604
6879.6,0.2062
6880.5,0.20702
6881.4,0.20617
6882.3,0.20699
6883.2,0.20693
6884.1,0.2062
6885.0,0.20634
6885.9,0.20632
6886.8,0.20625
6887.7,0.20649
6888.6,0.20617
6889.5,0.20732
6890.4,0.20747
6891.3,0.20733
6892.2,0.20842
6893.1,0.20727
6894.0,0.20753
6894.9,0.20866
6895.8,0.20749
6896.7,0.20685
6897.6,0.20765
6898.5,0.2082
6899.4,0.20769
6900.3,0.20764
6901.2,0.20748
6902.1,0.20849
6903.0,0.20781
6903.9,0.20789
6904.8,0.20879
6905.7,0.20849
6906.6,0.20894
6907.51,0.20933
6908.41,0.20851
6909.31,0.20891
6910.21,0.20883
6911.11,0.20899
6912.01,0.20839
6912.91,0.20831
6913.81,0.20736
6914.71,0.20726
6915.61,0.20687
6916.51,0.20748
6917.41,0.20715
6918.31,0.20715
6919.21,0.20668
6920.11,0.20611
6921.01,0.20728
6921.91,0.20697
6922.81,0.20716
6923.71,0.20676
6924.61,0.207
6925.51,0.20769
6926.41,0.20759
6927.31,0.20718
6928.21,0.20776
6929.11,0.20826
6930.01,0.20716
6930.91,0.20729
6931.81,0.20758
6932.71,0.20785
6933.61,0.20823
6934.51,0.20782
6935.41,0.20738
6936.31,0.20795
6937.21,0.20877
6938.11,0.2081
6939.01,0.20851
6939.91,0.20809
6940.81,0.20765
6941.71,0.20821
6942.61,0.20868
6943.52,0.20768
6944.42,0.20826
6945.31,0.20767
6946.22,0.2073
6947.12,0.20797
6948.02,0.2075
6948.92,0.20794
6949.82,0.20724
6950.72,0.20735
6951.62,0.20789
6952.52,0.20746
6953.42,0.2071
6954.32,0.20721
6955.22,0.20784
6956.12,0.20913
6957.02,0.20859
6957.92,0.20963
6958.82,0.20921
6959.72,0.20925
6960.62,0.20986
6961.52,0.20912
6962.42,0.21005
6963.32,0.21041
6964.22,0.21014
6965.12,0.20954
6966.02,0.21044
6966.92,0.21029
6967.82,0.20995
6968.72,0.20955
6969.62,0.20898
6970.52,0.20949
6971.42,0.21001
6972.32,0.208
6973.22,0.2087
6974.12,0.20863
6975.02,0.2085
6975.92,0.20765
6976.82,0.20669
6977.72,0.20618
6978.62,0.20586
6979.52,0.20623
6980.42,0.20585
6981.33,0.20627
6982.23,0.20569
6983.12,0.20677
6984.03,0.20734
6984.93,0.20781
6985.83,0.20698
6986.73,0.20805
6987.63,0.20833
6988.53,0.20815
6989.43,0.20842
6990.33,0.20847
6991.23,0.20951
6992.13,0.20891
6993.03,0.20794
6993.93,0.20852
6994.83,0.20906
6995.73,0.20834
6996.63,0.20815
6997.53,0.20888
6998.43,0.2087
6999.33,0.20876
7000.23,0.20805
7001.13,0.20779
7002.03,0.20781
7002.93,0.20706
7003.83,0.20786
7004.73,0.20829
7005.63,0.20773
7006.53,0.2076
7007.43,0.20657
7008.33,0.2075
7009.23,0.20784
7010.13,0.2072
7011.03,0.20721
7011.93,0.20676
7012.83,0.20738
7013.73,0.20701
7014.63,0.20715
7015.53,0.20693
7016.43,0.2066
7017.33,0.20658
7018.23,0.20601
7019.14,0.20647
7020.04,0.20627
7020.94,0.20656
7021.84,0.20608
7022.74,0.2069
7023.64,0.20675
7024.54,0.20696
7025.44,0.20676
7026.34,0.20701
7027.24,0.20735
7028.14,0.20785
7029.04,0.20801
7029.94,0.20826
7030.84,0.20798
7031.74,0.2088
7032.64,0.20808
7033.54,0.20883
7034.44,0.20765
7035.34,0.20719
7036.24,0.20845
7037.14,0.20862
7038.04,0.20895
7038.94,0.20836
7039.84,0.20917
7040.74,0.20858
7041.64,0.20845
7042.54,0.21005
7043.44,0.21005
7044.34,0.21068
7045.24,0.21082
7046.14,0.21086
7047.04,0.2116
7047.94,0.21173
7048.84,0.21101
7049.74,0.21145
7050.64,0.20967
7051.54,0.20901
7052.44,0.20823
7053.34,0.20843
7054.25,0.20818
7055.15,0.207
7056.04,0.2067
7056.95,0.20572
7057.85,0.20588
7058.75,0.20553
7059.65,0.20523
7060.55,0.20468
7061.45,0.20385
7062.35,0.20394
7063.25,0.20408
7064.15,0.20408
7065.05,0.20387
7065.95,0.20476
7066.85,0.20413
7067.75,0.20441
7068.65,0.204
7069.55,0.20343
7070.45,0.20451
7071.35,0.20407
7072.25,0.20562
7073.15,0.20563
7074.05,0.20575
7074.95,0.20617
7075.85,0.2062
7076.75,0.20656
7077.65,0.20611
7078.55,0.20681
7079.45,0.20556
7080.35,0.20591
7081.25,0.2056
7082.15,0.20571
7083.05,0.2045
7083.95,0.20346
7084.85,0.20308
7085.75,0.20206
7086.65,0.20061
7087.55,0.20098
7088.45,0.19937
7089.35,0.19888
7090.25,0.19845
7091.15,0.19872
7092.06,0.19839
7092.96,0.19829
7093.85,0.198
7094.76,0.19747
7095.66,0.19846
7096.56,0.19804
7097.46,0.19876
7098.36,0.19808
7099.26,0.19854
7100.16,0.19889
7101.06,0.19944
7101.96,0.20038
7102.86,0.20089
7103.76,0.20041
7104.66,0.20015
7105.56,0.20104
7106.46,0.20103
7107.36,0.20082
7108.26,0.20072
7109.16,0.20104
7110.06,0.20092
7110.96,0.20154
7111.86,0.20187
7112.76,0.20168
7113.66,0.2011
7114.56,0.2013
7115.46,0.20189
7116.36,0.20195
7117.26,0.20076
7118.16,0.20211
7119.06,0.20262
7119.96,0.20183
7120.86,0.20214
7121.76,0.2017
7122.66,0.20095
7123.56,0.20053
7124.46,0.201
7125.36,0.19972
7126.26,0.19856
7127.16,0.19832
7127.27,0.19898
7128.17,0.19801
7129.07,0.19851
7129.96,0.19832
7130.86,0.19819
7131.75,0.19724
7132.65,0.19702
7133.55,0.19683
7134.44,0.19828
7135.34,0.19782
7136.23,0.19829
7137.13,0.19832
7138.03,0.19851
7138.92,0.19899
7139.82,0.19856
7140.71,0.19974
7141.61,0.19963
7142.5,0.19946
7143.4,0.19944
7144.3,0.19868
7145.19,0.19838
7146.09,0.1989
7146.98,0.19813
7147.88,0.19846
7148.78,0.1982
7149.67,0.19852
7150.57,0.1987
7151.46,0.1985
7152.36,0.19835
7153.26,0.19887
7154.15,0.20004
7155.05,0.19986
7155.94,0.19981
7156.84,0.20076
7157.74,0.20151
7158.63,0.20063
7159.53,0.2009
7160.42,0.20028
7161.32,0.19978
7162.21,0.19971
7163.11,0.20037
7164.01,0.20017
7164.9,0.20003
7165.8,0.19975
7166.69,0.19916
7167.59,0.20046
7168.49,0.20084
7169.38,0.20047
7170.28,0.20152
7171.17,0.20166
7172.07,0.20107
7172.96,0.20207
7173.86,0.2015
7174.76,0.2017
7175.65,0.20208
7176.55,0.20192
7177.44,0.20118
7178.34,0.2022
7179.24,0.20102
7180.13,0.20076
7181.03,0.20114
7181.92,0.20108
7182.82,0.20066
7183.72,0.20058
7184.61,0.19924
7185.51,0.1996
7186.4,0.19916
7187.3,0.19888
7188.19,0.19944
7189.09,0.1984
7189.99,0.19947
7190.88,0.19842
7191.78,0.19869
7192.67,0.19899
7193.57,0.19865
7194.47,0.19927
7195.36,0.20004
7196.26,0.20014
7197.15,0.1998
7198.05,0.20013
7198.95,0.19989
7199.84,0.19953
7200.74,0.19966
7201.63,0.19986
7202.53,0.19938
7203.43,0.19964
7204.32,0.19914
7205.22,0.1995
7206.11,0.19843
7207.01,0.19878
7207.9,0.19904
7208.8,0.19883
7209.7,0.19874
7210.59,0.19846
7211.49,0.19952
7212.38,0.19923
7213.28,0.2003
7214.18,0.19977
7215.07,0.19991
7215.97,0.20096
7216.86,0.20087
7217.76,0.20149
7218.66,0.20208
7219.55,0.20194
7220.45,0.20199
7221.34,0.20201
7222.24,0.20273
7223.13,0.20313
7224.03,0.20245
7224.93,0.20293
7225.82,0.20312
7226.72,0.20311
7227.61,0.20349
7228.51,0.20432
7229.41,0.20494
7230.3,0.205
7231.2,0.20474
7232.09,0.20457
7232.99,0.20528
7233.89,0.20486
7234.78,0.20561
7235.68,0.20523
7236.57,0.20484
7237.47,0.20438
7238.36,0.20515
7239.26,0.20426
7240.16,0.2044
7241.05,0.20389
7241.95,0.20372
7242.84,0.20484
7243.74,0.20398
7244.64,0.20345
7245.53,0.20381
7246.43,0.2032
7247.32,0.2036
7248.22,0.20357
7249.12,0.2037
7250.01,0.20367
7250.91,0.20378
7251.8,0.20384
7252.7,0.20385
7253.6,0.20467
7254.49,0.20455
7255.39,0.20363
7256.28,0.20402
7257.18,0.20426
7258.07,0.20475
7258.97,0.20475
7259.87,0.20422
7260.76,0.20426
7261.66,0.20416
7262.55,0.20483
7263.45,0.20458
7264.35,0.20406
7265.24,0.2049
7266.14,0.20531
7267.03,0.20532
7267.93,0.20498
7268.83,0.20473
7269.72,0.20525
7270.62,0.20611
7271.51,0.20621
7272.41,0.20632
7273.3,0.20685
7274.2,0.20626
7275.1,0.20573
7275.99,0.20638
7276.89,0.2058
7277.78,0.20621
7278.68,0.20508
7279.58,0.20519
7280.47,0.20458
7281.37,0.2051
7282.26,0.20481
7283.16,0.20436
7284.06,0.20434
7284.95,0.20412
7285.85,0.20359
7286.74,0.20307
7287.64,0.20283
7288.53,0.20251
7289.43,0.20215
7290.33,0.20189
7291.22,0.20221
7292.12,0.20238
7293.01,0.20255
7293.91,0.20327
7294.81,0.20287
7295.7,0.20364
7296.6,0.20375
7297.49,0.20419
7298.39,0.20413
7299.29,0.20489
7300.18,0.20469
7301.08,0.20508
7301.97,0.20526
7302.87,0.20584
7303.76,0.20587
7304.66,0.20546
7305.56,0.20511
7306.45,0.20614
7307.35,0.20477
7308.24,0.2057
7309.14,0.20573
7310.04,0.20504
7310.93,0.20521
7311.83,0.20531
7312.72,0.2048
7313.62,0.20538
7314.52,0.20509
7315.41,0.20499
7316.31,0.20539
7317.2,0.20478
7318.1,0.2055
7318.99,0.20473
7319.89,0.20453
7320.79,0.20565
7321.68,0.20518
7322.58,0.20489
7323.47,0.20496
7324.37,0.20436
7325.27,0.20348
7326.16,0.20362
7327.06,0.20412
7327.95,0.205
7328.85,0.20394
7329.75,0.20419
7330.64,0.20449
7331.54,0.20509
7332.43,0.20532
7333.33,0.20502
7334.22,0.20511
7335.12,0.20667
7336.02,0.20694
7336.91,0.20709
7337.81,0.20686
7338.7,0.20743
7339.6,0.20717
7340.5,0.20667
7341.39,0.20636
7342.29,0.20693
7343.18,0.20726
7344.08,0.20641
7344.98,0.20617
7345.87,0.20585
7346.77,0.20606
7347.66,0.20577
7348.56,0.20653
7349.45,0.2052
7350.35,0.20511
7351.25,0.20452
7352.14,0.20476
7353.04,0.20457
7353.93,0.20417
7354.83,0.20441
7355.73,0.20352
7356.62,0.20388
7357.52,0.2027
7358.41,0.20217
7359.31,0.20302
7360.21,0.20301
7361.1,0.20283
7362.0,0.20337
7362.89,0.20318
7363.79,0.20314
7364.69,0.20326
7365.58,0.20394
7366.48,0.20415
7367.37,0.20389
7368.27,0.20459
7369.16,0.20516
7370.06,0.20472
7370.96,0.2055
7371.85,0.20536
7372.75,0.20519
7373.64,0.20709
7374.54,0.20589
7375.44,0.20614
7376.33,0.20592
7377.23,0.20693
7378.12,0.20626
7379.02,0.20603
7379.92,0.20559
7380.81,0.20551
7381.71,0.20512
7382.6,0.20415
7383.5,0.20378
7384.39,0.20403
7385.29,0.20431
7386.19,0.20269
7387.08,0.20189
7387.98,0.20188
7388.87,0.20097
7389.77,0.20176
7390.67,0.20186
7391.56,0.20149
7392.46,0.20102
7393.35,0.20199
7394.25,0.20172
7395.15,0.20268
7396.04,0.2027
7396.94,0.20331
7397.83,0.20253
7398.73,0.20377
7399.62,0.20283
7400.52,0.20309
7401.42,0.20374
7402.31,0.20361
7403.21,0.20306
7404.1,0.20375
7405.0,0.20342
7405.9,0.20259
7406.79,0.20163
7407.69,0.20186
7408.58,0.20127
7409.48,0.19971
7410.38,0.20001
7411.27,0.19887
7412.17,0.19833
7413.06,0.19748
7413.96,0.19615
7414.85,0.19632
7415.75,0.19647
7416.65,0.19534
7417.54,0.19531
7418.44,0.19549
7419.33,0.19667
7420.23,0.19617
7421.13,0.19683
7422.02,0.19728
7422.92,0.19844
7423.81,0.1993
7424.71,0.1995
7425.6,0.19969
7426.5,0.20159
7427.4,0.20125
7428.29,0.20182
7429.19,0.20303
7431.68,0.20409
7434.18,0.20452
7436.67,0.20526
7439.17,0.20491
7441.66,0.20393
7444.16,0.20374
7446.66,0.20364
7449.15,0.2038
7451.65,0.20473
7454.14,0.20558
7456.64,0.20556
7459.13,0.20512
7461.63,0.20468
7464.12,0.20394
7466.62,0.20479
7469.11,0.2056
7471.61,0.20519
7474.1,0.20507
7476.6,0.20559
7479.09,0.20533
7481.59,0.20501
7484.08,0.20521
7486.58,0.20461
7489.07,0.20458
7491.57,0.20329
7494.06,0.20217
7496.56,0.20267
7499.05,0.20279
7501.55,0.20407
7504.04,0.20464
7506.54,0.2042
7509.03,0.20363
7511.53,0.20359
7514.02,0.20361
7516.52,0.20403
7519.01,0.20442
7521.51,0.20434
7524.0,0.20438
7526.5,0.2038
7528.99,0.20389
7531.49,0.20405
7533.99,0.20469
7536.48,0.20494
7538.98,0.20513
7541.47,0.20479
7543.97,0.20467
7546.46,0.20463
7548.96,0.20418
7551.45,0.20413
7553.95,0.2044
7556.44,0.20397
7558.94,0.20337
7561.43,0.20379
7563.93,0.20393
7566.42,0.2038
7568.92,0.20382
7571.41,0.20333
7573.91,0.20343
7576.4,0.20372
7578.9,0.20334
7581.39,0.20277
7583.89,0.20236
7586.38,0.20198
7588.88,0.20122
7591.37,0.20148
7593.87,0.20213
7596.36,0.20177
7598.86,0.20178
7601.35,0.20201
7603.85,0.20177
7606.34,0.20179
7608.84,0.20138
7611.33,0.20132
7613.83,0.20074
7616.33,0.19992
7618.82,0.19973
7621.32,0.19997
7623.81,0.20042
7626.31,0.20044
7628.8,0.20119
7631.3,0.20087
7633.79,0.20146
7636.29,0.20125
7638.78,0.20156
7641.28,0.20121
7643.77,0.20151
7646.27,0.20125
7648.76,0.20056
7651.26,0.20002
7653.75,0.19863
7656.25,0.19701
7658.74,0.19485
7661.24,0.1933
7663.73,0.19109
7666.23,0.19089
7668.72,0.19214
7671.22,0.19354
7673.71,0.19535
7676.21,0.19724
7678.7,0.19742
7681.2,0.19859
7683.69,0.19818
7686.19,0.19821
7688.69,0.19755
7691.18,0.19715
7693.68,0.19664
7696.17,0.1956
7698.67,0.19479
7701.16,0.19519
7703.66,0.1954
7706.15,0.19557
7708.65,0.1953
7711.14,0.19555
7713.64,0.1951
7716.13,0.19472
7718.63,0.19507
7721.12,0.19553
7723.62,0.19681
7726.11,0.19731
7728.61,0.1979
7731.1,0.1981
7733.6,0.19852
7736.09,0.19869
7738.59,0.19903
7741.08,0.19869
7743.58,0.19768
7746.07,0.19646
7748.57,0.19537
7751.06,0.19456
7753.56,0.19545
7756.05,0.19638
7758.55,0.19775
7761.04,0.19831
7763.54,0.19889
7766.03,0.19989
7768.53,0.19899
7771.03,0.19989
7773.52,0.19994
7776.02,0.20008
7778.51,0.19946
7781.01,0.19867
7783.5,0.1983
7786.0,0.19745
7788.49,0.19673
7790.99,0.19661
7793.48,0.19646
7795.98,0.19664
7798.47,0.19652
7800.97,0.19698
7803.46,0.19688
7805.96,0.19712
7808.45,0.19736
7810.95,0.1979
7813.44,0.19736
7815.94,0.19825
7818.43,0.19838
7820.93,0.19866
7823.42,0.19806
7825.92,0.19744
7828.41,0.19711
7830.91,0.19598
7833.4,0.19505
7835.9,0.19485
7838.39,0.19459
7840.89,0.19517
7843.38,0.19574
7845.88,0.19602
7848.38,0.19607
7850.87,0.19611
7853.37,0.19601
7855.86,0.19588
7858.36,0.19617
7860.85,0.19634
7863.35,0.19661
7865.84,0.19661
7868.34,0.19644
7870.83,0.19592
7873.33,0.19617
7875.82,0.19591
7878.32,0.19533
7880.81,0.19582
7883.31,0.19577
7885.8,0.19547
7888.3,0.19541
7890.79,0.1956
7893.29,0.19563
7895.78,0.1954
7898.28,0.19493
7900.77,0.19491
7903.27,0.19491
7905.76,0.19389
7908.26,0.19396
7910.75,0.19257
7913.25,0.19243
7915.74,0.19151
7918.24,0.19124
7920.73,0.19182
7923.23,0.19213
7925.73,0.1929
7928.22,0.19268
7930.71,0.19177
7933.21,0.1914
7935.71,0.19093
7938.2,0.19033
7940.7,0.18977
7943.19,0.18885
7945.69,0.18841
7948.18,0.18886
7950.68,0.18993
7953.17,0.19134
7955.67,0.19223
7958.16,0.1926
7960.66,0.19307
7963.15,0.19267
7965.65,0.19327
7968.14,0.19341
7970.64,0.19325
7973.13,0.19339
7975.63,0.19334
7978.12,0.19301
7980.62,0.19257
7983.11,0.19184
7985.61,0.19183
7988.1,0.19173
7990.6,0.19134
7993.09,0.19109
7995.59,0.1905
7998.08,0.19088
8000.58,0.19049
8003.07,0.19145
8005.57,0.19198
8008.06,0.19281
8010.56,0.19336
8013.06,0.19314
8015.55,0.19339
8018.05,0.19346
8020.54,0.19282
8023.04,0.19288
8025.53,0.19157
8028.03,0.19065
8030.52,0.19077
8033.02,0.19091
8035.51,0.19227
8038.01,0.19249
8040.5,0.19253
8043.0,0.19179
8045.49,0.19077
8047.99,0.18947
8050.48,0.18969
8052.98,0.18955
8055.47,0.19107
8057.97,0.19122
8060.46,0.19173
8062.96,0.19128
8065.45,0.19129
8067.95,0.19021
8070.44,0.18987
8072.94,0.18966
8075.43,0.18895
8077.93,0.18923
8080.42,0.18936
8082.92,0.18939
8085.41,0.18912
8087.91,0.18927
8090.4,0.18862
8092.9,0.1885
8095.4,0.18769
8097.89,0.18823
8100.39,0.18856
8102.88,0.18875
8105.38,0.1897
8107.87,0.18915
8110.37,0.18965
8112.86,0.18905
8115.36,0.18868
8117.85,0.18863
8120.35,0.18816
8122.84,0.18863
8125.34,0.18931
8127.83,0.18942
8130.33,0.18889
8132.82,0.18922
8135.32,0.18942
8137.81,0.18933
8140.31,0.18906
8142.8,0.18948
8145.3,0.18866
8147.79,0.18899
8150.29,0.18892
8152.78,0.18942
8155.28,0.18906
8157.77,0.18861
8160.27,0.18867
8162.76,0.18852
8165.26,0.18877
8167.75,0.18855
8170.25,0.18869
8172.75,0.18853
8175.24,0.18889
8177.74,0.18816
8180.23,0.18668
8182.73,0.18581
8185.22,0.18501
8187.72,0.18496
8190.21,0.1846
8192.71,0.1845
8195.2,0.18331
8197.7,0.18336
8200.19,0.18386
8202.69,0.18451
8205.18,0.18472
8207.68,0.18492
8210.17,0.18592
8212.67,0.18632
8215.16,0.18619
8217.66,0.18676
8220.15,0.18661
8222.65,0.18649
8225.14,0.18706
8227.64,0.18775
8230.13,0.18807
8232.63,0.18803
8235.12,0.18799
8237.62,0.18797
8240.11,0.18752
8242.61,0.18695
8245.1,0.18732
8247.6,0.18732
8250.1,0.18708
8252.59,0.18706
8255.08,0.18646
8257.58,0.18693
8260.08,0.18771
8262.57,0.18753
8265.07,0.1879
8267.56,0.18815
8270.06,0.18806
8272.55,0.18791
8275.05,0.18783
8277.54,0.188
8280.04,0.18764
8282.53,0.18752
8285.03,0.18768
8287.52,0.18736
8290.02,0.18697
8292.51,0.18639
8295.01,0.18611
8297.5,0.18664
8300.0,0.18587
8302.49,0.18571
8304.99,0.18519
8307.48,0.18447
8309.98,0.18463
8312.47,0.18454
8314.97,0.18474
8317.46,0.18541
8319.96,0.18542
8322.46,0.18498
8324.95,0.18384
8327.44,0.18242
8329.94,0.18173
8332.43,0.18155
8334.93,0.18175
8337.43,0.18187
8339.92,0.18294
8342.42,0.18356
8344.91,0.18337
8347.41,0.18294
8349.9,0.18369
8352.4,0.18384
8354.89,0.18348
8357.39,0.18409
8359.88,0.18348
8362.38,0.1835
8364.87,0.18311
8367.37,0.18265
8369.86,0.18338
8372.36,0.18426
8374.85,0.18331
8377.35,0.18296
8379.84,0.18121
8382.34,0.18063
8384.83,0.17954
8387.33,0.17884
8389.82,0.17953
8392.32,0.18045
8394.81,0.1816
8397.31,0.18238
8399.8,0.18324
8402.3,0.18343
8404.79,0.18407
8407.29,0.18429
8409.79,0.18388
8412.28,0.18346
8414.78,0.18269
8417.27,0.18272
8419.77,0.18234
8422.26,0.18215
8424.76,0.18123
8427.25,0.18108
8429.75,0.18016
8432.24,0.17941
8434.74,0.17906
8437.23,0.17844
8439.73,0.1784
8442.22,0.17959
8444.72,0.1811
8447.21,0.18139
8449.71,0.18213
8452.2,0.18217
8454.7,0.1817
8457.19,0.18149
8459.69,0.18105
8462.18,0.18081
8464.68,0.17977
8467.17,0.17896
8469.67,0.17862
8472.16,0.17839
8474.66,0.17918
8477.15,0.18034
8479.65,0.18096
8482.14,0.18109
8484.64,0.18104
8487.13,0.18027
8489.63,0.17906
8492.12,0.17627
8494.62,0.17233
8497.12,0.16833
8499.61,0.16534
8502.11,0.16589
8504.6,0.16808
8507.1,0.17132
8509.59,0.17409
8512.09,0.17518
8514.58,0.17569
8517.08,0.17539
8519.57,0.17501
8522.07,0.17608
8524.56,0.1767
8527.06,0.17676
8529.55,0.17628
8532.05,0.17389
8534.54,0.16956
8537.04,0.16259
8539.53,0.15475
8542.03,0.14758
8544.52,0.1451
8547.02,0.14757
8549.51,0.15434
8552.01,0.1621
8554.5,0.16859
8557.0,0.17271
8559.49,0.17486
8561.99,0.1763
8564.48,0.17711
8566.98,0.17711
8569.47,0.1772
8571.97,0.17769
8574.47,0.17788
8576.96,0.17774
8579.46,0.17753
8581.95,0.17703
8584.45,0.17777
8586.94,0.1777
8589.44,0.17741
8591.93,0.17771
8594.43,0.17678
8596.92,0.17681
8599.42,0.17657
8601.91,0.17688
8604.41,0.17621
8606.9,0.17654
8609.4,0.17657
8611.89,0.1764
8614.39,0.17575
8616.88,0.17603
8619.38,0.17513
8621.87,0.17601
8624.37,0.17556
8626.86,0.17602
8629.36,0.17633
8631.85,0.1769
8634.35,0.17674
8636.84,0.177
8639.34,0.17735
8641.83,0.17719
8644.33,0.17716
8646.83,0.17639
8649.32,0.1753
8651.82,0.17315
8654.31,0.17018
8656.8,0.16463
8659.3,0.158
8661.8,0.1524
8664.29,0.1496
8666.79,0.15047
8669.28,0.15565
8671.78,0.16146
8674.27,0.16656
8676.77,0.16975
8679.26,0.17173
8681.76,0.1726
8684.25,0.17251
8686.75,0.17156
8689.24,0.17177
8691.74,0.17135
8694.23,0.17145
8696.73,0.17191
8699.22,0.17312
8701.72,0.17368
8704.21,0.17442
8706.71,0.17389
8709.2,0.17386
8711.7,0.17367
8714.19,0.17342
8716.69,0.17416
8719.18,0.17387
8721.68,0.17465
8724.17,0.1749
8726.67,0.17574
8729.17,0.17523
8731.66,0.17482
8734.16,0.17416
8736.65,0.17426
8739.15,0.17441
8741.64,0.17358
8744.14,0.17325
8746.63,0.17307
8749.13,0.17277
8751.62,0.17257
8754.12,0.17172
8756.61,0.17188
8759.11,0.17226
8761.6,0.17264
8764.1,0.1728
8766.59,0.17274
8769.09,0.17306
8771.58,0.17276
8774.08,0.17298
8776.57,0.17275
8779.07,0.1733
8781.56,0.1739
8784.06,0.17382
8786.55,0.17379
8789.05,0.17395
8791.54,0.17319
8794.04,0.17239
8796.53,0.17224
8799.03,0.17174
8801.52,0.171
8804.02,0.16916
8806.51,0.16743
8809.01,0.16759
8811.5,0.16821
8814.0,0.16973
8816.5,0.17191
8818.99,0.17178
8821.49,0.17225
8823.98,0.17191
8826.48,0.17202
8828.97,0.17235
8831.47,0.17242
8833.96,0.17318
8836.46,0.1732
8838.95,0.1734
8841.45,0.17329
8843.94,0.17354
8846.44,0.17429
8848.93,0.17421
8851.43,0.17479
8853.92,0.17461
8856.42,0.17423
8858.91,0.1733
8861.41,0.17266
8863.9,0.17147
8866.4,0.17068
8868.89,0.17087
8871.39,0.17133
8873.88,0.17214
8876.38,0.17266
8878.87,0.17271
8881.37,0.17311
8883.87,0.17351
8886.36,0.17362
8888.86,0.17374
8891.35,0.17358
8893.84,0.17307
8896.34,0.17323
8898.84,0.17351
8901.33,0.17317
8903.83,0.17333
8906.32,0.173
8908.82,0.17233
8911.31,0.1726
8913.81,0.17177
8916.3,0.17181
8918.8,0.17101
8921.29,0.17061
8923.79,0.16987
8926.28,0.1699
8928.78,0.16989
8931.27,0.17028
8933.77,0.17002
8936.26,0.17034
8938.76,0.1704
8941.25,0.17029
8943.75,0.16998
8946.24,0.16945
8948.74,0.16999
8951.23,0.17032
8953.73,0.17073
8956.22,0.17163
8958.72,0.17211
8961.21,0.17197
8963.71,0.17173
8966.2,0.17164
8968.7,0.17142
8971.2,0.1707
8973.69,0.17026
8976.19,0.17044
8978.68,0.17031
8981.18,0.1701
8983.67,0.1703
8986.17,0.17081
8988.66,0.17077
8991.16,0.17109
8993.65,0.17039
8996.15,0.16993
8998.64,0.16932
9001.14,0.16875
9003.63,0.16801
9006.13,0.16667
9008.62,0.16577
9011.12,0.16409
9013.61,0.1629
9016.11,0.16249
9018.6,0.16245
9021.1,0.16302
9023.59,0.16404
9026.09,0.16567
9028.58,0.16658
9031.08,0.16807
9033.57,0.16878
9036.07,0.1691
9038.56,0.16958
9041.06,0.16995
9043.55,0.17019
9046.05,0.17031
9048.54,0.17005
9051.04,0.17002
9053.54,0.17017
9056.03,0.16938
9058.53,0.16888
9061.02,0.16841
9063.52,0.16781
9066.01,0.16797
9068.51,0.1678
9071.0,0.1684
9073.5,0.16798
9075.99,0.16797
9078.49,0.16739
9080.98,0.16678
9083.48,0.16569
9085.97,0.16495
9088.47,0.16385
9090.96,0.16343
9093.46,0.16339
9095.95,0.1645
9098.45,0.16508
9100.94,0.16595
9103.44,0.16643
9105.93,0.1671
9108.43,0.16711
9110.92,0.1668
9113.42,0.16634
9115.91,0.16595
9118.41,0.16565
9120.9,0.16567
9123.4,0.16577
9125.89,0.16623
9128.39,0.1669
9130.88,0.16667
9133.38,0.16697
9135.88,0.16576
9138.37,0.16576
9140.87,0.16476
9143.36,0.16408
9145.86,0.16351
9148.35,0.16337
9150.85,0.16353
9153.34,0.16362
9155.84,0.16341
9158.33,0.16391
9160.83,0.1636
9163.32,0.16329
9165.82,0.16289
9168.31,0.16217
9170.81,0.16171
9173.3,0.16072
9175.8,0.16066
9178.29,0.16119
9180.79,0.1618
9183.28,0.16193
9185.78,0.16196
9188.27,0.16208
9190.77,0.16196
9193.26,0.16201
9195.76,0.16174
9198.25,0.16124
9200.75,0.16147
9203.24,0.16141
9205.74,0.161
9208.24,0.16066
9210.73,0.16025
9213.23,0.15994
9215.72,0.15941
9218.22,0.15958
9220.71,0.15971
9223.21,0.15945
9225.7,0.15942
9228.2,0.15914
9230.69,0.15877
9233.19,0.15882
9235.68,0.15915
9238.18,0.16013
9240.67,0.15997
9243.17,0.16008
9245.66,0.16004
9248.16,0.16011
9250.65,0.15957
9253.15,0.1591
9255.64,0.15896
9258.14,0.15907
9260.63,0.15928
9263.13,0.15947
9265.62,0.1605
9268.12,0.16117
9270.61,0.16139
9273.11,0.16117
9275.6,0.16069
9278.1,0.16058
9280.59,0.16004
9283.09,0.15959
9285.58,0.1595
9288.08,0.15905
9290.58,0.15843
9293.07,0.15816
9295.57,0.15849
9298.06,0.15814
9300.56,0.15853
9303.05,0.15834
9305.55,0.1588
9308.04,0.15842
9310.54,0.15878
9313.03,0.15881
9315.53,0.15849
9318.02,0.15831
9320.52,0.15843
9323.01,0.15878
9325.51,0.1587
9328.0,0.15859
9330.5,0.15835
9332.99,0.15894
9335.49,0.15913
9337.98,0.15894
9340.48,0.15866
9342.97,0.15834
9345.47,0.15778
9347.96,0.15772
9350.46,0.15705
9352.95,0.15649
9355.45,0.15617
9357.94,0.15582
9360.44,0.15532
9362.93,0.1554
9365.43,0.1554
9367.92,0.15525
9370.42,0.15537
9372.92,0.15566
9375.41,0.15522
9377.91,0.15537
9380.4,0.15565
9382.9,0.15534
9385.39,0.15534
9387.89,0.15563
9390.38,0.15576
9392.88,0.15588
9395.37,0.1552
9397.87,0.15546
9400.36,0.15536
9402.86,0.15402
9405.35,0.15401
9407.85,0.15332
9410.34,0.15276
9412.84,0.15171
9415.33,0.15203
9417.83,0.15183
9420.32,0.15229
9422.82,0.15354
9425.31,0.15391
9427.81,0.15408
9430.3,0.15358
9432.8,0.15394
9435.29,0.1534
9437.79,0.15307
9440.28,0.15303
9442.78,0.153
9445.27,0.15333
9447.77,0.15322
9450.27,0.15302
9452.76,0.15338
9455.25,0.15367
9457.75,0.15355
9460.25,0.15393
9462.74,0.15395
9465.24,0.15457
9467.73,0.15437
9470.23,0.15469
9472.72,0.15447
9475.22,0.1544
9477.71,0.15473
9480.21,0.15436
9482.7,0.15435
9485.2,0.15501
9487.69,0.15494
9490.19,0.15519
9492.68,0.15419
9495.18,0.15456
9497.67,0.15456
9500.17,0.15423
9502.66,0.15484
9505.16,0.15483
9507.65,0.15473
9510.15,0.15485
9512.64,0.15478
9515.14,0.15467
9517.63,0.15473
9520.13,0.15543
9522.62,0.15549
9525.12,0.15528
9527.61,0.15526
9530.11,0.15507
9532.61,0.155
9535.1,0.15413
9537.6,0.1537
9540.09,0.15264
9542.59,0.15149
9545.08,0.15044
9547.58,0.15011
9550.07,0.15067
9552.57,0.15124
9555.06,0.15249
9557.56,0.15333
9560.05,0.15392
9562.55,0.15437
9565.04,0.15406
9567.54,0.15382
9570.03,0.15356
9572.53,0.15357
9575.02,0.15315
9577.52,0.15275
9580.01,0.15286
9582.51,0.15309
9585.0,0.15316
9587.5,0.15379
9589.99,0.15363
9592.49,0.15315
9594.98,0.15285
9597.48,0.15256
9599.97,0.15215
9602.47,0.15201
9604.96,0.15176
9607.46,0.15222
9609.96,0.15222
9612.45,0.15293
9614.95,0.15314
9617.44,0.15295
9619.94,0.15299
9622.43,0.15255
9624.93,0.15216
9627.42,0.15205
9629.92,0.15184
9632.41,0.15152
9634.91,0.15115
9637.4,0.15061
9639.9,0.15042
9642.39,0.15019
9644.89,0.14955
9647.38,0.14975
9649.88,0.14963
9652.37,0.14999
9654.87,0.14996
9657.36,0.14995
9659.86,0.14997
9662.35,0.15013
9664.85,0.15068
9667.34,0.15039
9669.84,0.15047
9672.33,0.14983
9674.83,0.14962
9677.32,0.14888
9679.82,0.14918
9682.31,0.14931
9684.81,0.14937
9687.3,0.14977
9689.8,0.14993
9692.29,0.14959
9694.79,0.14961
9697.29,0.14982
9699.78,0.14955
9702.28,0.14916
9704.77,0.1493
9707.27,0.14881
9709.76,0.14873
9712.26,0.14894
9714.75,0.14903
9717.25,0.14943
9719.74,0.14959
9722.24,0.14963
9724.73,0.14887
9727.23,0.14854
9729.72,0.14856
9732.22,0.14805
9734.71,0.14826
9737.21,0.14824
9739.7,0.14776
9742.2,0.14807
9744.69,0.14768
9747.19,0.14823
9749.68,0.14847
9752.18,0.14873
9754.67,0.14899
9757.17,0.1496
9759.66,0.14958
9762.16,0.14931
9764.65,0.14922
9767.15,0.14843
9769.64,0.14832
9772.14,0.14841
9774.64,0.14842
9777.13,0.14779
9779.63,0.14713
9782.12,0.14716
9784.62,0.14647
9787.11,0.14614
9789.61,0.14634
9792.1,0.14716
9794.6,0.14767
9797.09,0.14801
9799.59,0.14843
9802.08,0.14925
9804.58,0.14951
9807.07,0.14967
9809.57,0.14968
9812.06,0.14987
9814.56,0.14958
9817.05,0.14974
9819.55,0.14974
9822.04,0.14932
9824.54,0.14971
9827.03,0.14901
9829.53,0.14922
9832.02,0.1491
9834.52,0.14908
9837.01,0.14871
9839.51,0.14929
9842.0,0.14918
9844.5,0.14908
9847.0,0.14931
9849.49,0.14934
9851.99,0.14926
9854.48,0.14946
9856.98,0.14895
9859.47,0.1486
9861.97,0.14848
9864.46,0.14856
9866.96,0.14859
9869.45,0.14837
9871.95,0.14824
9874.44,0.1483
9876.94,0.14864
9879.43,0.14879
9881.93,0.14807
9884.42,0.1482
9886.92,0.14771
9889.41,0.14744
9891.91,0.14747
9894.4,0.14739
9896.9,0.14707
9899.39,0.14709
9901.89,0.14687
9904.38,0.14705
9906.88,0.14726
9909.37,0.14695
9911.87,0.14649
9914.36,0.1466
9916.86,0.14652
9919.35,0.14663
9921.85,0.1465
9924.34,0.14613
9926.84,0.14624
9929.33,0.146
9931.83,0.14624
9934.33,0.14611
9936.82,0.14642
9939.32,0.14674
9941.81,0.14641
9944.31,0.14609
9946.8,0.1462
9949.3,0.14624
9951.79,0.14625
9954.29,0.14601
9956.78,0.14659
9959.28,0.14692
9961.77,0.14664
9964.27,0.1469
9966.76,0.14686
9969.26,0.14696
9971.75,0.14678
9974.25,0.14675
9976.74,0.14632
9979.24,0.14608
9981.73,0.14599
9984.23,0.14604
9986.72,0.1461
9989.22,0.14627
9991.71,0.14591
9994.21,0.1459
9996.7,0.14581
9999.2,0.14572
10001.7,0.14558
10004.2,0.14538
10006.7,0.14557
10009.2,0.14567
10011.7,0.14591
10014.2,0.14551
10016.7,0.1462
10019.2,0.147
10021.7,0.14651
10024.2,0.14667
10026.6,0.14663
10029.1,0.14596
10031.6,0.14559
10034.1,0.14503
10036.6,0.14465
10039.1,0.14418
10041.6,0.14414
10044.1,0.14332
10046.6,0.14321
10049.1,0.14248
10051.6,0.14237
10054.1,0.14229
10056.6,0.14212
10059.1,0.14256
10061.6,0.14258
10064.1,0.14316
10066.6,0.14334
10069.1,0.14356
10071.6,0.14405
10074.1,0.14411
10076.5,0.14437
10079.0,0.14437
10081.5,0.14437
10084.0,0.14441
10086.5,0.14459
10089.0,0.1442
10091.5,0.14495
10094.0,0.14462
10096.5,0.14506
10099.0,0.14487
10101.5,0.14495
10104.0,0.14476
10106.5,0.14475
10109.0,0.1444
10111.5,0.14397
10114.0,0.14401
10116.5,0.14351
10119.0,0.14336
10121.5,0.14348
10124.0,0.14329
10126.5,0.14379
10128.9,0.14375
10131.4,0.1434
10133.9,0.14347
10136.4,0.14315
10138.9,0.14256
10141.4,0.14297
10143.9,0.14235
10146.4,0.14173
10148.9,0.14186
10151.4,0.1422
10153.9,0.14189
10156.4,0.1419
10158.9,0.14262
10161.4,0.1428
10163.9,0.14267
10166.4,0.14241
10168.9,0.14252
10171.4,0.14298
10173.9,0.14235
10176.4,0.14238
10178.9,0.14223
10181.3,0.14231
10183.8,0.14228
10186.3,0.14209
10188.8,0.14166
10191.3,0.14155
10193.8,0.14145
10196.3,0.14156
10198.8,0.14134
10201.3,0.14137
10203.8,0.14125
10206.3,0.1418
10208.8,0.14156
10211.3,0.14151
10213.8,0.14086
10216.3,0.14065
10218.8,0.14053
10221.3,0.1402
10223.8,0.14058
10226.3,0.14084
10228.8,0.14099
10231.2,0.14091
10233.7,0.1408
10236.2,0.14118
10238.7,0.14084
10241.2,0.14079
10243.7,0.1411
10246.2,0.14064
10248.7,0.14119
10251.2,0.1406
10253.7,0.14058
10256.2,0.14063
10258.7,0.1406
10261.2,0.14001
10263.7,0.14004
10266.2,0.13982
10268.7,0.13967
10271.2,0.13972
10273.7,0.14016
10276.2,0.14011
10278.7,0.13984
10281.2,0.13978
10283.6,0.14008
10286.1,0.13969
10288.6,0.1398
10291.1,0.13932
10293.6,0.13928
10296.1,0.13977
10298.6,0.13926
10301.1,0.13959
10303.6,0.13964
10306.1,0.13961
10308.6,0.13942
10311.1,0.13973
10313.6,0.13946
10316.1,0.13946
10318.6,0.13937
10321.1,0.13899
10323.6,0.13848
10326.1,0.13773
10328.6,0.13744
10331.1,0.13698
10333.5,0.13698
10336.0,0.13693
10338.5,0.13697
10341.0,0.1366
10343.5,0.13645
10346.0,0.13663
10348.5,0.13671
10351.0,0.13701
10353.5,0.13711
10356.0,0.13771
10358.5,0.13814
10361.0,0.13821
10363.5,0.13861
10366.0,0.13834
10368.5,0.13787
10371.0,0.13791
10373.5,0.13722
10376.0,0.13726
10378.5,0.13718
10381.0,0.13689
10383.5,0.13708
10385.9,0.13721
10388.4,0.13747
10390.9,0.1369
10393.4,0.13686
10395.9,0.13622
10398.4,0.13624
10400.9,0.13616
10403.4,0.1365
10405.9,0.13689
10408.4,0.13719
10410.9,0.13719
10413.4,0.1373
10415.9,0.13718
10418.4,0.13732
10420.9,0.13691
10423.4,0.13679
10425.9,0.13686
10428.4,0.13672
10430.9,0.13679
10433.4,0.13666
10435.9,0.13694
10438.3,0.13711
10440.8,0.13733
10443.3,0.13719
10445.8,0.13731
10448.3,0.13702
10450.8,0.13683
10453.3,0.13668
10455.8,0.13665
10458.3,0.1362
10460.8,0.13596
10463.3,0.13603
10465.8,0.13593
10468.3,0.13617
10470.8,0.13605
10473.3,0.13561
10475.8,0.1357
10478.3,0.13576
10480.8,0.13581
10483.3,0.13573
10485.8,0.13586
10488.2,0.13607
10490.7,0.13571
10493.2,0.13563
10495.7,0.13495
10498.2,0.13482
10500.7,0.13493
10503.2,0.13484
10505.7,0.13505
10508.2,0.135
10510.7,0.13522
10513.2,0.13493
10515.7,0.1353
10518.2,0.13515
10520.7,0.13519
10523.2,0.13501
10525.7,0.13486
10528.2,0.13478
10530.7,0.13466
10533.2,0.13505
10535.7,0.1346
10538.2,0.13481
10540.6,0.13513
10543.1,0.13528
10545.6,0.13509
10548.1,0.13508
10550.6,0.13497
10553.1,0.13503
10555.6,0.13485
10558.1,0.13467
10560.6,0.13478
10563.1,0.13463
10565.6,0.13422
10568.1,0.13449
10570.6,0.134
10573.1,0.13414
10575.6,0.13395
10578.1,0.13314
10580.6,0.13225
10583.1,0.13204
10585.6,0.13151
10588.1,0.13137
10590.6,0.13137
10593.0,0.13196
10595.5,0.13218
10598.0,0.13267
10600.5,0.13258
10603.0,0.1324
10605.5,0.13204
10608.0,0.13198
10610.5,0.13192
10613.0,0.13201
10615.5,0.13216
10618.0,0.13251
10620.5,0.13289
10623.0,0.13263
10625.5,0.13287
10628.0,0.13296
10630.5,0.13309
10633.0,0.13297
10635.5,0.1334
10638.0,0.13307
10640.5,0.13311
10642.9,0.13338
10645.4,0.13299
10647.9,0.13325
10650.4,0.13275
10652.9,0.13233
10655.4,0.13205
10657.9,0.13141
10660.4,0.13088
10662.9,0.13058
10665.4,0.1305
10667.9,0.13087
10670.4,0.13107
10672.9,0.13125
10675.4,0.13156
10677.9,0.13141
10680.4,0.13133
10682.9,0.13135
10685.4,0.13057
10687.9,0.13021
10690.4,0.12997
10692.9,0.13008
10695.3,0.13025
10697.8,0.13027
10700.3,0.13089
10702.8,0.131
10705.3,0.13136
10707.8,0.13151
10710.3,0.13199
10712.8,0.13157
10715.3,0.13148
10717.8,0.13119
10720.3,0.1309
10722.8,0.1306
10725.3,0.12989
10727.8,0.1293
10730.3,0.12907
10732.8,0.12915
10735.3,0.12936
10737.8,0.12985
10740.3,0.13044
10742.8,0.12983
10745.3,0.1298
10747.7,0.1297
10750.2,0.12946
10752.7,0.12936
10755.2,0.12913
10757.7,0.1293
10760.2,0.13001
10762.7,0.1306
10765.2,0.13013
10767.7,0.13049
10770.2,0.1303
10772.7,0.13011
10775.2,0.12999
10777.7,0.12935
10780.2,0.12858
10782.7,0.12855
10785.2,0.12808
10787.7,0.12775
10790.2,0.12781
10792.7,0.12847
10795.2,0.12889
10797.6,0.12896
10800.1,0.12963
10802.6,0.129
10805.1,0.12905
10807.6,0.12882
10810.1,0.12835
10812.6,0.12792
10815.1,0.12757
10817.6,0.12747
10820.1,0.12693
10822.6,0.12678
10825.1,0.12655
10827.6,0.12613
10830.1,0.12628
10832.6,0.12637
10835.1,0.12709
10837.6,0.12738
10840.1,0.1275
10842.6,0.12793
10845.1,0.12797
10847.6,0.12825
10850.0,0.12818
10852.5,0.12822
10855.0,0.12849
10857.5,0.12809
10860.0,0.12824
10862.5,0.12785
10865.0,0.12704
10867.5,0.12645
10870.0,0.12555
10872.5,0.12487
10875.0,0.12486
10877.5,0.12514
10880.0,0.12548
10882.5,0.12567
10885.0,0.12593
10887.5,0.12597
10890.0,0.12601
10892.5,0.12644
10895.0,0.12663
10897.5,0.12686
10900.0,0.12725
10902.4,0.12694
10904.9,0.12732
10907.4,0.12737
10909.9,0.12707
10912.4,0.1269
10914.9,0.12665
10917.4,0.12654
10919.9,0.12604
10922.4,0.12572
10924.9,0.12557
10927.4,0.12504
10929.9,0.12462
10932.4,0.12434
10934.9,0.12375
10937.4,0.12344
10939.9,0.12356
10942.4,0.12354
10944.9,0.12357
10947.4,0.12423
10949.9,0.12417
10952.3,0.12415
10954.8,0.12419
10957.3,0.12364
10959.8,0.12299
10962.3,0.12216
10964.8,0.12166
10967.3,0.12124
10969.8,0.12103
10972.3,0.12083
10974.8,0.12107
10977.3,0.12105
10979.8,0.12087
10982.3,0.12101
10984.8,0.12145
10987.3,0.1215
10989.8,0.12137
10992.3,0.12166
10994.8,0.12184
10997.3,0.12193
10999.8,0.12206
