wave,flux
3700.85,0.28176
3701.75,0.27809
3702.65,0.26902
3703.55,0.25623
3704.45,0.24202
3705.35,0.22923
3706.25,0.22022
3707.15,0.21534
3708.05,0.21672
3708.96,0.21986
3709.86,0.22669
3710.76,0.23441
3711.66,0.24571
3712.56,0.25682
3713.46,0.2695
3714.36,0.27903
3715.26,0.28438
3716.16,0.28594
3717.06,0.2805
3717.96,0.26861
3718.86,0.25416
3719.76,0.23477
3720.66,0.21884
3721.56,0.20685
3722.46,0.20453
3723.36,0.21014
3724.26,0.22216
3725.16,0.23606
3726.06,0.24782
3726.96,0.25463
3727.86,0.25708
3728.76,0.25866
3729.66,0.25593
3730.56,0.24922
3731.46,0.23994
3732.36,0.22617
3733.26,0.20971
3734.16,0.19385
3735.06,0.1821
3735.96,0.17728
3736.86,0.18092
3737.76,0.19207
3738.66,0.20922
3739.56,0.22605
3740.46,0.24199
3741.36,0.25128
3742.26,0.25548
3743.16,0.25004
3744.06,0.24171
3744.96,0.22995
3745.86,0.21838
3746.76,0.20645
3747.67,0.19519
3748.57,0.18642
3749.47,0.18212
3750.37,0.18449
3751.27,0.19488
3752.17,0.21194
3753.07,0.23229
3753.97,0.25259
3754.87,0.2682
3755.77,0.27439
3756.67,0.27338
3757.57,0.26776
3758.47,0.25803
3759.37,0.24936
3760.27,0.24601
3761.17,0.24638
3762.07,0.25072
3762.97,0.25412
3763.87,0.25686
3764.77,0.25833
3765.67,0.25573
3766.57,0.25353
3767.47,0.24916
3768.37,0.246
3769.27,0.24256
3770.17,0.24106
3771.07,0.24293
3771.97,0.2482
3772.87,0.25708
3773.77,0.26755
3774.67,0.27686
3775.57,0.28359
3776.47,0.29047
3777.37,0.29675
3778.27,0.30318
3779.17,0.30985
3780.07,0.31729
3780.97,0.32333
3781.87,0.32899
3782.77,0.33165
3783.67,0.32982
3784.57,0.32714
3785.47,0.31919
3786.38,0.30797
3787.28,0.29596
3788.18,0.28372
3789.08,0.27672
3789.98,0.27035
3790.88,0.26732
3791.78,0.2656
3792.68,0.26153
3793.58,0.25522
3794.48,0.24689
3795.38,0.23854
3796.28,0.22732
3797.18,0.21843
3798.08,0.21351
3798.98,0.2132
3799.88,0.2194
3800.78,0.23294
3801.68,0.25118
3802.58,0.26802
3803.48,0.28479
3804.38,0.29483
3805.28,0.30176
3806.18,0.30439
3807.08,0.30486
3807.98,0.3077
3808.88,0.30943
3809.78,0.31343
3810.68,0.31637
3811.58,0.31509
3812.48,0.30984
3813.38,0.29929
3814.28,0.28785
3815.18,0.27799
3816.08,0.27152
3816.98,0.26923
3817.88,0.26786
3818.78,0.26764
3819.68,0.26502
3820.58,0.26098
3821.48,0.25849
3822.38,0.25501
3823.28,0.25135
3824.18,0.24652
3825.09,0.23943
3825.99,0.23219
3826.89,0.2254
3827.79,0.2198
3828.69,0.2178
3829.59,0.21378
3830.49,0.2116
3831.39,0.20594
3832.29,0.19847
3833.19,0.19023
3834.09,0.18221
3834.99,0.17719
3835.89,0.1748
3836.79,0.1755
3837.69,0.17836
3838.59,0.18417
3839.49,0.19113
3840.39,0.20186
3841.29,0.21425
3842.19,0.22923
3843.09,0.24589
3843.99,0.26048
3844.89,0.27346
3845.79,0.28113
3846.69,0.28874
3847.59,0.29277
3848.49,0.29511
3849.39,0.29671
3850.29,0.29838
3851.19,0.29782
3852.09,0.29954
3852.99,0.29947
3853.89,0.30039
3854.79,0.2974
3855.69,0.29345
3856.59,0.28694
3857.49,0.28031
3858.39,0.27518
3859.29,0.27049
3860.19,0.26943
3861.09,0.27401
3861.99,0.28143
3862.9,0.29174
3863.8,0.29923
3864.7,0.30685
3865.6,0.31016
3866.5,0.31059
3867.4,0.30847
3868.3,0.30474
3869.2,0.30075
3870.1,0.29472
3871.0,0.28739
3871.9,0.28263
3872.8,0.27774
3873.7,0.27676
3874.6,0.28004
3875.5,0.28351
3876.4,0.28733
3877.3,0.28552
3878.2,0.2827
3879.1,0.2788
3880.0,0.27546
3880.9,0.27369
3881.8,0.27157
3882.7,0.26941
3883.6,0.266
3884.5,0.25954
3885.4,0.25232
3886.3,0.24075
3887.2,0.23212
3888.1,0.22363
3889.0,0.22017
3889.9,0.22277
3890.8,0.23218
3891.7,0.24373
3892.6,0.2572
3893.5,0.27029
3894.4,0.27984
3895.3,0.28543
3896.2,0.29151
3897.1,0.29644
3898.0,0.3016
3898.9,0.30497
3899.8,0.3076
3900.7,0.30876
3901.6,0.30981
3902.51,0.31084
3903.41,0.30925
3904.31,0.30755
3905.21,0.30501
3906.11,0.30422
3907.01,0.30754
3907.91,0.3145
3908.81,0.32342
3909.71,0.33232
3910.61,0.34046
3911.51,0.34846
3912.41,0.3521
3913.31,0.35221
3914.21,0.35081
3915.11,0.34752
3916.01,0.34243
3916.91,0.33892
3917.81,0.33333
3918.71,0.32578
3919.61,0.31728
3920.51,0.31152
3921.41,0.30694
3922.31,0.30185
3923.21,0.29883
3924.11,0.29626
3925.01,0.29131
3925.91,0.2816
3926.81,0.26808
3927.71,0.25014
3928.61,0.2285
3929.51,0.2052
3930.41,0.18033
3931.31,0.15635
3932.21,0.13598
3933.11,0.1195
3934.01,0.11014
3934.91,0.10913
3935.81,0.11618
3936.71,0.13085
3937.61,0.15129
3938.51,0.17478
3939.42,0.19979
3940.32,0.22147
3941.22,0.23883
3942.12,0.25228
3943.02,0.26308
3943.92,0.27171
3944.82,0.28021
3945.72,0.29022
3946.62,0.29857
3947.52,0.30669
3948.42,0.31504
3949.32,0.32216
3950.22,0.32745
3951.12,0.3313
3952.02,0.33552
3952.92,0.33786
3953.82,0.33934
3954.72,0.33798
3955.62,0.33679
3956.52,0.33456
3957.42,0.33109
3958.32,0.32527
3959.22,0.32073
3960.12,0.30993
3961.02,0.2971
3961.92,0.28169
3962.82,0.2617
3963.72,0.24172
3964.62,0.21967
3965.52,0.19759
3966.42,0.17458
3967.32,0.15374
3968.22,0.13662
3969.12,0.12587
3970.02,0.12309
3970.92,0.13003
3971.82,0.14418
3972.72,0.16461
3973.62,0.18887
3974.52,0.21338
3975.42,0.23795
3976.32,0.26064
3977.22,0.28158
3978.13,0.3007
3979.03,0.31646
3979.93,0.33188
3980.83,0.34258
3981.73,0.35091
3982.63,0.35399
3983.53,0.35726
3984.43,0.35839
3985.33,0.36222
3986.23,0.36573
3987.13,0.36982
3988.03,0.3743
3988.93,0.37982
3989.83,0.38524
3990.73,0.38772
3991.63,0.39271
3992.53,0.39332
3993.43,0.39394
3994.33,0.39583
3995.23,0.39266
3996.13,0.3892
3997.03,0.38735
3997.93,0.38435
3998.83,0.38812
3999.73,0.39226
4000.63,0.39992
4001.53,0.40503
4002.43,0.40915
4003.33,0.40711
4004.23,0.40288
4005.13,0.39535
4006.03,0.39228
4006.93,0.3892
4007.83,0.38853
4008.73,0.39426
4009.63,0.40044
4010.53,0.4068
4011.43,0.41325
4012.33,0.41676
4013.23,0.41784
4014.13,0.41913
4015.03,0.42123
4015.93,0.42173
4016.84,0.4233
4017.74,0.42631
4018.64,0.42761
4019.54,0.42934
4020.44,0.4301
4021.34,0.4312
4022.24,0.4301
4023.14,0.42877
4024.04,0.42886
4024.94,0.42802
4025.84,0.43078
4026.74,0.42992
4027.64,0.43184
4028.54,0.43059
4029.44,0.42497
4030.34,0.41598
4031.24,0.40182
4032.14,0.39268
4033.04,0.38604
4033.94,0.38559
4034.84,0.3909
4035.74,0.40055
4036.64,0.41253
4037.54,0.42473
4038.44,0.43356
4039.34,0.43858
4040.24,0.44201
4041.14,0.43774
4042.04,0.43257
4042.94,0.42414
4043.84,0.41162
4044.74,0.39886
4045.64,0.38798
4046.54,0.38407
4047.44,0.3867
4048.34,0.39574
4049.24,0.40725
4050.14,0.41734
4051.04,0.42645
4051.94,0.42801
4052.84,0.42756
4053.74,0.42285
4054.65,0.41538
4055.55,0.41091
4056.45,0.40383
4057.35,0.39995
4058.25,0.39934
4059.15,0.40037
4060.05,0.40183
4060.95,0.402
4061.85,0.39953
4062.75,0.39469
4063.65,0.38913
4064.55,0.38486
4065.45,0.38497
4066.35,0.38682
4067.25,0.3925
4068.15,0.39902
4069.05,0.40357
4069.95,0.4086
4070.85,0.40968
4071.75,0.40548
4072.65,0.4045
4073.55,0.40364
4074.45,0.40012
4075.35,0.39533
4076.25,0.39039
4077.15,0.38403
4078.05,0.37908
4078.95,0.38205
4079.85,0.3873
4080.75,0.39611
4081.65,0.40609
4082.55,0.41269
4083.45,0.41731
4084.35,0.41896
4085.25,0.41833
4086.15,0.42361
4087.05,0.4258
4087.95,0.43197
4088.85,0.4369
4089.75,0.44123
4090.65,0.44393
4091.55,0.4398
4092.45,0.4358
4093.36,0.43073
4094.26,0.42159
4095.16,0.41344
4096.06,0.40121
4096.96,0.39058
4097.86,0.37688
4098.76,0.3618
4099.66,0.34765
4100.56,0.33363
4101.46,0.32054
4102.36,0.31569
4103.26,0.31581
4104.16,0.32458
4105.06,0.33759
4105.96,0.35347
4106.86,0.36873
4107.76,0.38033
4108.66,0.39006
4109.56,0.39563
4110.46,0.39732
4111.36,0.40397
4112.26,0.40602
4113.16,0.41233
4114.06,0.41819
4114.96,0.42409
4115.86,0.42769
4116.76,0.43133
4117.66,0.42755
4118.56,0.42679
4119.46,0.42342
4120.36,0.42209
4121.26,0.41857
4122.16,0.4184
4123.06,0.4184
4123.96,0.4204
4124.86,0.42257
4125.76,0.424
4126.66,0.42233
4127.56,0.42219
4128.46,0.41689
4129.36,0.41366
4130.26,0.41041
4131.17,0.40532
4132.06,0.40059
4132.97,0.39761
4133.87,0.39828
4134.77,0.40359
4135.67,0.40901
4136.57,0.41796
4137.47,0.42709
4138.37,0.43449
4139.27,0.43852
4140.17,0.43858
4141.07,0.43502
4141.97,0.42751
4142.87,0.41955
4143.77,0.41076
4144.67,0.4063
4145.57,0.40427
4146.47,0.40886
4147.37,0.41426
4148.27,0.4176
4149.17,0.42048
4150.07,0.41885
4150.97,0.41799
4151.87,0.41521
4152.77,0.41406
4153.67,0.41157
4154.57,0.40715
4155.47,0.40731
4156.37,0.40729
4157.27,0.40975
4158.17,0.4132
4159.07,0.41936
4159.97,0.4247
4160.87,0.43015
4161.77,0.43669
4162.67,0.43934
4163.57,0.44166
4164.47,0.4427
4165.37,0.44145
4166.27,0.43809
4167.17,0.43479
4168.07,0.43053
4168.98,0.42499
4169.88,0.42138
4170.78,0.41476
4171.68,0.40838
4172.58,0.40171
4173.48,0.39477
4174.38,0.39008
4175.28,0.38935
4176.18,0.39086
4177.08,0.39398
4177.98,0.3961
4178.88,0.40119
4179.78,0.40546
4180.68,0.40596
4181.58,0.41028
4182.48,0.41387
4183.38,0.41538
4184.28,0.41641
4185.18,0.41607
4186.08,0.41659
4186.98,0.41793
4187.88,0.41733
4188.78,0.41742
4189.68,0.42001
4190.58,0.42209
4191.48,0.42583
4192.38,0.42794
4193.28,0.43146
4194.18,0.43125
4195.08,0.42957
4195.98,0.42325
4196.88,0.41553
4197.78,0.40771
4198.68,0.3996
4199.58,0.39575
4200.48,0.39445
4201.38,0.393
4202.28,0.397
4203.18,0.40066
4204.08,0.40525
4204.98,0.41184
4205.88,0.41851
4206.79,0.42571
4207.69,0.42995
4208.59,0.43503
4209.49,0.44002
4210.39,0.44065
4211.29,0.4437
4212.19,0.44161
4213.09,0.44029
4213.99,0.43515
4214.89,0.43087
4215.79,0.4265
4216.69,0.42898
4217.59,0.42893
4218.49,0.43585
4219.39,0.44178
4220.29,0.44626
4221.19,0.44775
4222.09,0.4426
4222.99,0.43408
4223.89,0.41836
4224.79,0.40194
4225.69,0.38309
4226.59,0.37005
4227.49,0.36579
4228.39,0.36935
4229.29,0.38247
4230.19,0.39549
4231.09,0.41082
4231.99,0.42207
4232.89,0.42742
4233.79,0.42953
4234.69,0.42689
4235.59,0.42298
4236.49,0.41809
4237.39,0.41738
4238.29,0.4153
4239.19,0.41833
4240.09,0.42372
4240.99,0.42868
4241.89,0.43545
4242.79,0.44048
4243.69,0.44545
4244.59,0.44949
4245.5,0.44987
4246.4,0.44644
4247.3,0.4407
4248.2,0.43477
4249.1,0.42734
4250.0,0.42002
4250.9,0.4156
4251.8,0.4166
4252.7,0.41846
4253.6,0.4201
4254.5,0.42174
4255.4,0.42376
4256.3,0.42684
4257.2,0.42775
4258.1,0.42659
4259.0,0.42424
4259.9,0.42071
4260.8,0.41862
4261.7,0.42083
4262.6,0.42674
4263.5,0.43294
4264.4,0.44549
4265.3,0.45321
4266.2,0.4549
4267.1,0.45427
4268.0,0.4492
4268.9,0.43889
4269.8,0.42691
4270.7,0.41311
4271.6,0.39781
4272.5,0.39017
4273.4,0.38565
4274.3,0.38629
4275.2,0.39188
4276.1,0.40179
4277.0,0.41139
4277.9,0.42179
4278.8,0.42895
4279.7,0.43563
4280.6,0.43675
4281.5,0.43446
4282.4,0.43268
4283.31,0.43021
4284.21,0.42703
4285.11,0.42241
4286.01,0.42017
4286.91,0.41205
4287.81,0.40525
4288.71,0.39758
4289.61,0.39068
4290.51,0.38636
4291.41,0.38544
4292.31,0.39007
4293.21,0.39513
4294.11,0.39804
4295.01,0.40054
4295.91,0.39759
4296.81,0.39335
4297.71,0.38272
4298.61,0.37174
4299.51,0.3582
4300.41,0.34545
4301.31,0.33622
4302.21,0.33206
4303.11,0.3309
4304.01,0.33095
4304.91,0.33161
4305.81,0.33153
4306.71,0.3296
4307.61,0.32734
4308.51,0.32502
4309.41,0.32619
4310.31,0.33105
4311.21,0.33827
4312.11,0.35132
4313.01,0.36691
4313.91,0.38277
4314.81,0.40241
4315.71,0.4204
4316.61,0.44078
4317.51,0.4587
4318.41,0.47103
4319.31,0.47606
4320.21,0.47278
4321.12,0.46797
4322.02,0.45701
4322.92,0.44081
4323.82,0.42702
4324.72,0.41124
4325.62,0.40182
4326.52,0.39754
4327.42,0.40086
4328.32,0.41189
4329.22,0.42645
4330.12,0.43692
4331.02,0.44814
4331.92,0.45573
4332.82,0.45889
4333.72,0.45797
4334.62,0.4537
4335.52,0.44369
4336.42,0.4313
4337.32,0.4121
4338.22,0.39096
4339.12,0.37085
4340.02,0.35441
4340.92,0.34238
4341.82,0.34269
4342.72,0.34939
4343.62,0.36235
4344.52,0.38048
4345.42,0.3964
4346.32,0.41384
4347.22,0.42739
4348.12,0.43531
4349.02,0.44109
4349.92,0.44496
4350.82,0.44143
4351.72,0.43534
4352.62,0.4307
4353.52,0.4304
4354.42,0.43202
4355.32,0.4352
4356.22,0.44298
4357.12,0.45005
4358.02,0.45523
4358.92,0.46067
4359.83,0.46339
4360.73,0.46784
4361.63,0.47311
4362.53,0.47798
4363.43,0.48346
4364.33,0.48691
4365.23,0.49108
4366.13,0.48972
4367.03,0.48652
4367.93,0.48094
4368.83,0.47421
4369.73,0.47159
4370.63,0.46464
4371.53,0.46274
4372.43,0.4577
4373.33,0.45322
4374.23,0.4503
4375.13,0.44501
4376.03,0.44654
4376.93,0.44869
4377.83,0.45226
4378.73,0.45594
4379.63,0.45574
4380.53,0.45506
4381.43,0.44695
4382.33,0.43172
4383.23,0.41752
4384.13,0.40647
4385.03,0.39714
4385.93,0.39628
4386.83,0.40221
4387.73,0.41056
4388.63,0.42004
4389.53,0.42824
4390.43,0.43513
4391.33,0.43959
4392.23,0.4452
4393.13,0.44727
4394.03,0.45033
4394.93,0.45409
4395.83,0.45792
4396.73,0.46244
4397.64,0.46506
4398.54,0.46856
4399.44,0.46646
4400.34,0.46373
4401.24,0.46001
4402.14,0.45484
4403.04,0.44941
4403.94,0.44241
4404.84,0.43869
4405.74,0.43345
4406.64,0.43367
4407.54,0.43621
4408.44,0.44062
4409.34,0.44945
4410.24,0.45886
4411.14,0.46731
4412.04,0.4759
4412.94,0.47921
4413.84,0.47913
4414.74,0.47488
4415.64,0.47249
4416.54,0.47118
4417.44,0.46721
4418.34,0.47184
4419.24,0.47651
4420.14,0.48075
4421.04,0.48634
4421.94,0.4852
4422.84,0.48719
4423.74,0.48196
4424.64,0.48195
4425.54,0.47959
4426.44,0.48143
4427.34,0.48227
4428.24,0.48087
4429.14,0.48063
4430.04,0.48067
4430.94,0.47817
4431.84,0.47627
4432.74,0.47263
4433.64,0.46777
4434.54,0.46571
4435.45,0.46428
4436.35,0.46632
4437.25,0.47011
4438.15,0.47679
4439.05,0.48282
4439.95,0.48769
4440.85,0.48504
4441.75,0.4867
4442.65,0.48035
4443.55,0.47772
4444.45,0.4788
4445.35,0.48223
4446.25,0.48544
4447.15,0.49095
4448.05,0.4952
4448.95,0.49752
4449.85,0.49895
4450.75,0.49572
4451.65,0.49134
4452.55,0.48782
4453.45,0.48038
4454.35,0.47027
4455.25,0.46278
4456.15,0.45305
4457.05,0.44832
4457.95,0.44546
4458.85,0.44475
4459.75,0.44556
4460.65,0.44588
4461.55,0.44585
4462.45,0.45206
4463.35,0.45522
4464.25,0.46059
4465.15,0.46674
4466.05,0.46983
4466.95,0.47335
4467.85,0.47577
4468.75,0.47715
4469.65,0.4771
4470.55,0.48133
4471.45,0.48547
4472.35,0.49056
4473.25,0.49844
4474.16,0.5053
4475.06,0.51123
4475.96,0.51779
4476.86,0.51963
4477.76,0.51578
4478.66,0.51547
4479.56,0.50762
4480.46,0.50293
4481.36,0.4959
4482.26,0.49199
4483.16,0.4893
4484.06,0.49336
4484.96,0.50199
4485.86,0.50679
4486.76,0.50962
4487.66,0.50989
4488.56,0.50826
4489.46,0.50305
4490.36,0.50112
4491.26,0.49556
4492.16,0.49545
4493.06,0.49446
4493.96,0.49378
4494.86,0.49322
4495.76,0.49457
4496.66,0.49511
4497.56,0.49893
4498.46,0.50168
4499.36,0.50815
4500.26,0.51254
4501.16,0.51938
4502.06,0.52478
4502.96,0.52793
4503.86,0.53439
4504.76,0.53846
4505.66,0.54212
4506.56,0.54602
4507.46,0.54652
4508.36,0.54414
4509.26,0.54444
4510.17,0.54317
4511.06,0.53891
4511.97,0.53509
4512.87,0.53472
4513.77,0.52737
4514.67,0.52517
4515.57,0.52278
4516.47,0.51798
4517.37,0.51633
4518.27,0.51609
4519.17,0.52053
4520.07,0.51959
4520.97,0.51789
4521.87,0.51724
4522.77,0.51467
4523.67,0.50992
4524.57,0.50394
4525.47,0.49432
4526.37,0.48702
4527.27,0.47834
4528.17,0.46965
4529.07,0.46603
4529.97,0.46497
4530.87,0.46297
4531.77,0.46151
4532.67,0.46361
4533.57,0.46666
4534.47,0.47208
4535.37,0.47353
4536.27,0.48198
4537.17,0.48728
4538.07,0.49344
4538.97,0.5017
4539.87,0.50794
4540.77,0.51233
4541.67,0.51119
4542.57,0.51244
4543.47,0.50948
4544.37,0.50829
4545.27,0.50757
4546.17,0.50446
4547.07,0.50243
4547.97,0.49903
4548.88,0.49421
4549.77,0.4912
4550.68,0.4916
4551.58,0.48876
4552.48,0.48731
4553.38,0.48819
4554.28,0.48761
4555.18,0.49252
4556.08,0.4964
4556.98,0.50135
4557.88,0.50635
4558.78,0.51443
4559.68,0.52059
4560.58,0.52424
4561.48,0.52767
4562.38,0.52822
4563.28,0.52199
4564.18,0.52023
4565.08,0.51638
4565.98,0.51609
4566.88,0.51733
4567.78,0.51779
4568.68,0.52362
4569.58,0.52306
4570.48,0.52485
4571.38,0.52497
4572.28,0.52537
4573.18,0.52063
4574.08,0.5263
4574.98,0.52497
4575.88,0.52625
4576.78,0.52453
4577.68,0.52266
4578.58,0.52052
4579.48,0.51708
4580.38,0.51104
4581.28,0.5051
4582.18,0.5003
4583.08,0.49886
4583.98,0.49524
4584.88,0.49778
4585.78,0.50063
4586.69,0.5041
4587.58,0.50712
4588.49,0.51211
4589.39,0.5166
4590.29,0.51674
4591.19,0.51831
4592.09,0.51478
4592.99,0.51192
4593.89,0.50813
4594.79,0.50618
4595.69,0.50474
4596.59,0.50559
4597.49,0.50623
4598.39,0.50647
4599.29,0.50503
4600.19,0.50998
4601.09,0.50588
4601.99,0.50621
4602.89,0.50895
4603.79,0.51131
4604.69,0.51165
4605.59,0.51489
4606.49,0.52069
4607.39,0.52469
4608.29,0.53168
4609.19,0.5358
4610.09,0.53851
4610.99,0.53873
4611.89,0.53958
4612.79,0.54137
4613.69,0.54017
4614.59,0.53597
4615.49,0.53636
4616.39,0.53506
4617.29,0.53806
4618.19,0.53757
4619.09,0.53913
4619.99,0.53581
4620.89,0.53846
4621.79,0.54105
4622.69,0.54168
4623.59,0.53848
4624.5,0.54206
4625.4,0.54205
4626.3,0.53966
4627.2,0.54136
4628.1,0.53701
4629.0,0.53954
4629.9,0.53595
4630.8,0.53464
4631.7,0.53646
4632.6,0.53576
4633.5,0.53058
4634.4,0.52733
4635.3,0.52925
4636.2,0.5227
4637.1,0.51854
4638.0,0.51606
4638.9,0.51771
4639.8,0.5156
4640.7,0.51546
4641.6,0.51468
4642.5,0.51513
4643.4,0.51417
4644.3,0.51152
4645.2,0.50832
4646.1,0.505
4647.0,0.50106
4647.9,0.49803
4648.8,0.49758
4649.7,0.49999
4650.6,0.50386
4651.5,0.50847
4652.4,0.51053
4653.3,0.51182
4654.2,0.51387
4655.1,0.51546
4656.0,0.5172
4656.9,0.52054
4657.8,0.52134
4658.7,0.52682
4659.6,0.53264
4660.5,0.53676
4661.4,0.5375
4662.3,0.53365
4663.21,0.52956
4664.11,0.52307
4665.01,0.51406
4665.91,0.50424
4666.81,0.49545
4667.71,0.4891
4668.61,0.48542
4669.51,0.48773
4670.41,0.48806
4671.31,0.49334
4672.21,0.49952
4673.11,0.50598
4674.01,0.51478
4674.91,0.51823
4675.81,0.52102
4676.71,0.52261
4677.61,0.5231
4678.51,0.52118
4679.41,0.51616
4680.31,0.51378
4681.21,0.51359
4682.11,0.51246
4683.01,0.51113
4683.91,0.51211
4684.81,0.51613
4685.71,0.51716
4686.61,0.51894
4687.51,0.51901
4688.41,0.52121
4689.31,0.51779
4690.21,0.51977
4691.11,0.51723
4692.01,0.5201
4692.91,0.52115
4693.81,0.52149
4694.71,0.52383
4695.61,0.52366
4696.51,0.5246
4697.41,0.52355
4698.31,0.521
4699.21,0.51669
4700.12,0.51055
4701.02,0.50672
4701.92,0.50281
4702.82,0.50068
4703.72,0.49933
4704.62,0.4979
4705.52,0.50044
4706.42,0.50076
4707.32,0.50015
4708.22,0.50275
4709.12,0.50264
4710.02,0.50203
4710.92,0.505
4711.82,0.50975
4712.72,0.51201
4713.62,0.51317
4714.52,0.51948
4715.42,0.5206
4716.32,0.52379
4717.22,0.52831
4718.12,0.53151
4719.02,0.53635
4719.92,0.54113
4720.82,0.54549
4721.72,0.54521
4722.62,0.54761
4723.52,0.54703
4724.42,0.54427
4725.32,0.54078
4726.22,0.53701
4727.12,0.53323
4728.02,0.52415
4728.92,0.51835
4729.82,0.51211
4730.72,0.50841
4731.62,0.5084
4732.52,0.50967
4733.42,0.51484
4734.32,0.51491
4735.22,0.51848
4736.12,0.52247
4737.02,0.52342
4737.92,0.52625
4738.83,0.52796
4739.73,0.52981
4740.63,0.5307
4741.53,0.53108
4742.43,0.53262
4743.33,0.5351
4744.23,0.53617
4745.13,0.53824
4746.03,0.54011
4746.93,0.54186
4747.83,0.54287
4748.73,0.54313
4749.63,0.54354
4750.53,0.54369
4751.43,0.54168
4752.33,0.53909
4753.23,0.53624
4754.13,0.53328
4755.03,0.53112
4755.93,0.52827
4756.83,0.52787
4757.73,0.5247
4758.63,0.52394
4759.53,0.52352
4760.43,0.52375
4761.33,0.52278
4762.23,0.51802
4763.13,0.51388
4764.03,0.50941
4764.93,0.50697
4765.83,0.50415
4766.73,0.50097
4767.63,0.50599
4768.53,0.50818
4769.43,0.51264
4770.33,0.5166
4771.23,0.52081
4772.13,0.52423
4773.03,0.52789
4773.93,0.5324
4774.83,0.53504
4775.73,0.53903
4776.64,0.542
4777.54,0.54168
4778.44,0.54337
4779.34,0.54204
4780.24,0.54032
4781.14,0.53579
4782.04,0.53619
4782.94,0.53144
4783.84,0.52809
4784.74,0.52512
4785.64,0.52138
4786.54,0.5188
4787.44,0.51878
4788.34,0.51924
4789.24,0.51854
4790.14,0.52155
4791.04,0.52226
4791.94,0.52835
4792.84,0.53199
4793.74,0.53735
4794.64,0.54101
4795.54,0.54388
4796.44,0.54759
4797.34,0.54633
4798.24,0.54361
4799.14,0.54337
4800.04,0.53986
4800.94,0.53674
4801.84,0.53787
4802.74,0.53676
4803.64,0.53809
4804.54,0.53597
4805.44,0.53601
4806.34,0.53297
4807.24,0.53156
4808.14,0.52924
4809.04,0.53066
4809.94,0.5313
4810.84,0.53048
4811.74,0.53434
4812.64,0.53319
4813.54,0.53551
4814.45,0.53934
4815.35,0.54173
4816.25,0.54379
4817.15,0.54922
4818.05,0.54963
4818.95,0.55036
4819.85,0.54897
4820.75,0.54733
4821.65,0.54706
4822.55,0.54171
4823.45,0.53824
4824.35,0.53583
4825.25,0.53501
4826.15,0.53056
4827.05,0.53228
4827.95,0.53267
4828.85,0.52774
4829.75,0.52899
4830.65,0.52921
4831.55,0.52705
4832.45,0.52731
4833.35,0.52711
4834.25,0.52807
4835.15,0.52839
4836.05,0.52917
4836.95,0.52825
4837.85,0.52736
4838.75,0.52563
4839.65,0.5247
4840.55,0.5201
4841.45,0.51918
4842.35,0.51876
4843.25,0.51808
4844.15,0.5175
4845.05,0.52084
4845.95,0.52005
4846.85,0.52046
4847.75,0.5206
4848.65,0.51872
4849.55,0.51837
4850.45,0.51709
4851.35,0.51324
4852.26,0.50925
4853.16,0.5042
4854.06,0.49819
4854.96,0.49239
4855.86,0.4822
4856.76,0.47159
4857.66,0.46144
4858.56,0.44672
4859.46,0.43429
4860.36,0.42068
4861.26,0.41088
4862.16,0.40387
4863.06,0.40335
4863.96,0.40854
4864.86,0.4183
4865.76,0.42985
4866.66,0.44451
4867.56,0.45667
4868.46,0.46482
4869.36,0.47289
4870.26,0.47206
4871.16,0.47449
4872.06,0.47542
4872.96,0.47475
4873.86,0.47774
4874.76,0.48339
4875.66,0.48732
4876.56,0.49368
4877.46,0.49985
4878.36,0.50607
4879.26,0.51099
4880.16,0.51474
4881.06,0.51694
4881.96,0.51508
4882.86,0.51614
4883.76,0.51325
4884.66,0.50891
4885.56,0.5066
4886.46,0.49938
4887.36,0.49766
4888.26,0.49452
4889.17,0.49351
4890.07,0.49097
4890.97,0.49538
4891.87,0.49734
4892.77,0.50555
4893.67,0.51557
4894.57,0.52236
4895.47,0.53327
4896.37,0.54298
4897.27,0.54767
4898.17,0.55205
4899.07,0.55047
4899.97,0.5478
4900.87,0.54625
4901.77,0.54344
4902.67,0.53927
4903.57,0.53941
4904.47,0.53734
4905.37,0.53885
4906.27,0.53725
4907.17,0.53647
4908.07,0.53337
4908.97,0.53092
4909.87,0.52809
4910.77,0.52712
4911.67,0.52533
4912.57,0.52335
4913.47,0.52427
4914.37,0.52639
4915.27,0.52901
4916.17,0.52707
4917.07,0.52158
4917.97,0.5148
4918.87,0.50921
4919.77,0.49904
4920.67,0.49063
4921.57,0.48737
4922.47,0.4891
4923.37,0.48965
4924.27,0.49722
4925.17,0.50405
4926.07,0.51054
4926.98,0.52072
4927.88,0.52801
4928.78,0.53344
4929.68,0.54032
4930.58,0.54097
4931.48,0.54128
4932.38,0.5382
4933.28,0.5353
4934.18,0.5304
4935.08,0.52236
4935.98,0.51865
4936.88,0.51424
4937.78,0.51328
4938.68,0.50857
4939.58,0.51147
4940.48,0.51277
4941.38,0.52004
4942.28,0.52452
4943.18,0.5316
4944.08,0.53808
4944.98,0.54063
4945.88,0.54691
4946.78,0.54674
4947.68,0.55241
4948.58,0.55337
4949.48,0.55322
4950.38,0.55518
4951.28,0.55337
4952.18,0.55114
4953.08,0.54824
4953.98,0.54355
4954.88,0.53666
4955.78,0.5287
4956.68,0.5214
4957.58,0.51799
4958.48,0.51045
4959.38,0.51109
4960.28,0.51377
4961.18,0.51738
4962.08,0.5244
4962.98,0.525
4963.88,0.52954
4964.79,0.52938
4965.69,0.5278
4966.59,0.5249
4967.49,0.52081
4968.39,0.52074
4969.29,0.52109
4970.19,0.52129
4971.09,0.52344
4971.99,0.52856
4972.89,0.52784
4973.79,0.53051
4974.69,0.5362
4975.59,0.53414
4976.49,0.53436
4977.39,0.53079
4978.29,0.52749
4979.19,0.52066
4980.09,0.51294
4980.99,0.50562
4981.89,0.49619
4982.79,0.49155
4983.69,0.48652
4984.59,0.48491
4985.49,0.48612
4986.39,0.4906
4987.29,0.49471
4988.19,0.5004
4989.09,0.50914
4989.99,0.51207
4990.89,0.51375
4991.79,0.51518
4992.69,0.51873
4993.59,0.51826
4994.49,0.51966
4995.39,0.51961
4996.29,0.52019
4997.19,0.5211
4998.09,0.51724
4998.99,0.51161
4999.89,0.50925
5000.79,0.50548
5001.7,0.49974
5002.6,0.49473
5003.5,0.49269
5004.4,0.48866
5005.3,0.48894
5006.2,0.48665
5007.1,0.48544
5008.0,0.48635
5008.9,0.49092
5009.8,0.48962
5010.7,0.49076
5011.6,0.48736
5012.5,0.48569
5013.4,0.48103
5014.3,0.47912
5015.2,0.47693
5016.1,0.47454
5017.0,0.47369
5017.9,0.47562
5018.8,0.47933
5019.7,0.47895
5020.6,0.48211
5021.5,0.48557
5022.4,0.48984
5023.3,0.49209
5024.2,0.49638
5025.1,0.49552
5026.0,0.49881
5026.9,0.50111
5027.8,0.50523
5028.7,0.50854
5029.6,0.51031
5030.5,0.51431
5031.4,0.51795
5032.3,0.52086
5033.2,0.52302
5034.1,0.52136
5035.0,0.51905
5035.9,0.51535
5036.8,0.50792
5037.7,0.49976
5038.6,0.49246
5039.5,0.48568
5040.41,0.48121
5041.31,0.47592
5042.21,0.47945
5043.11,0.483
5044.01,0.48937
5044.91,0.49693
5045.81,0.50531
5046.71,0.51142
5047.61,0.51554
5048.51,0.51601
5049.41,0.51343
5050.31,0.51155
5051.21,0.50906
5052.11,0.50838
5053.01,0.50909
5053.91,0.51351
5054.81,0.51799
5055.71,0.52191
5056.61,0.52683
5057.51,0.53151
5058.41,0.53616
5059.31,0.53854
5060.21,0.53997
5061.11,0.53793
5062.01,0.53749
5062.91,0.53414
5063.81,0.52985
5064.71,0.52548
5065.61,0.51888
5066.51,0.51435
5067.41,0.51072
5068.31,0.51087
5069.21,0.50827
5070.11,0.50843
5071.01,0.50892
5071.91,0.51099
5072.81,0.50962
5073.71,0.51249
5074.61,0.50943
5075.51,0.5106
5076.42,0.50541
5077.31,0.50354
5078.21,0.49932
5079.12,0.49366
5080.02,0.48849
5080.92,0.48696
5081.82,0.48554
5082.72,0.48339
5083.62,0.4886
5084.52,0.49023
5085.42,0.49719
5086.32,0.50278
5087.22,0.50549
5088.12,0.51103
5089.02,0.5149
5089.92,0.51891
5090.82,0.52191
5091.72,0.52212
5092.62,0.52561
5093.52,0.52672
5094.42,0.52627
5095.32,0.52188
5096.22,0.5191
5097.12,0.51187
5098.02,0.50852
5098.92,0.50305
5099.82,0.50061
5100.72,0.49794
5101.62,0.49913
5102.52,0.50263
5103.42,0.50375
5104.32,0.50266
5105.22,0.50645
5106.12,0.50429
5107.02,0.5032
5107.92,0.50075
5108.82,0.50048
5109.72,0.49683
5110.62,0.50256
5111.52,0.50118
5112.42,0.50419
5113.32,0.50803
5114.22,0.51326
5115.12,0.516
5116.03,0.52244
5116.93,0.52571
5117.83,0.52727
5118.73,0.52677
5119.63,0.52597
5120.53,0.5234
5121.43,0.51639
5122.33,0.50915
5123.23,0.50578
5124.13,0.49793
5125.03,0.4957
5125.93,0.4897
5126.83,0.48714
5127.73,0.48655
5128.63,0.48772
5129.53,0.48811
5130.43,0.48957
5131.33,0.4928
5132.23,0.49765
5133.13,0.4997
5134.03,0.50123
5134.93,0.50554
5135.83,0.50461
5136.73,0.5027
5137.63,0.5016
5138.53,0.49731
5139.43,0.4965
5140.33,0.49337
5141.23,0.48868
5142.13,0.49021
5143.03,0.48767
5143.93,0.48708
5144.83,0.48574
5145.73,0.48851
5146.63,0.48789
5147.53,0.48717
5148.43,0.48637
5149.33,0.48758
5150.23,0.48831
5151.13,0.48807
5152.03,0.48825
5152.94,0.48784
5153.84,0.49029
5154.74,0.49446
5155.64,0.49647
5156.54,0.50156
5157.44,0.50448
5158.34,0.50999
5159.24,0.51235
5160.14,0.51692
5161.04,0.5128
5161.94,0.50965
5162.84,0.5022
5163.74,0.49287
5164.64,0.48039
5165.54,0.46772
5166.44,0.45121
5167.34,0.43915
5168.24,0.42588
5169.14,0.41576
5170.04,0.40993
5170.94,0.40688
5171.84,0.40557
5172.74,0.4099
5173.64,0.41604
5174.54,0.42372
5175.44,0.43644
5176.34,0.44651
5177.24,0.4585
5178.14,0.46517
5179.04,0.47136
5179.94,0.47227
5180.84,0.46789
5181.74,0.46173
5182.64,0.45348
5183.54,0.44488
5184.44,0.43979
5185.34,0.44061
5186.24,0.44319
5187.14,0.45015
5188.04,0.45806
5188.94,0.46531
5189.84,0.47436
5190.75,0.47738
5191.65,0.48016
5192.55,0.47941
5193.45,0.47907
5194.35,0.47779
5195.25,0.47992
5196.15,0.48144
5197.05,0.48408
5197.95,0.48822
5198.85,0.49094
5199.75,0.49435
5200.65,0.49984
5201.55,0.49821
5202.45,0.49623
5203.35,0.49119
5204.25,0.48791
5205.15,0.48176
5206.05,0.47716
5206.95,0.46745
5207.85,0.46709
5208.75,0.46536
5209.65,0.46739
5210.55,0.47094
5211.45,0.47775
5212.35,0.48238
5213.25,0.48919
5214.15,0.49514
5215.05,0.49855
5215.95,0.50278
5216.85,0.5064
5217.75,0.50664
5218.65,0.51018
5219.55,0.51024
5220.45,0.51027
5221.35,0.51318
5222.25,0.51202
5223.15,0.50735
5224.05,0.50199
5224.95,0.49525
5225.85,0.48662
5226.75,0.48295
5227.66,0.478
5228.56,0.47752
5229.46,0.48148
5230.36,0.48423
5231.26,0.48969
5232.16,0.49423
5233.06,0.49763
5233.96,0.50112
5234.86,0.50658
5235.76,0.50866
5236.66,0.5117
5237.56,0.51509
5238.46,0.51721
5239.36,0.52284
5240.26,0.52785
5241.16,0.52646
5242.06,0.5298
5242.96,0.52947
5243.86,0.52854
5244.76,0.52753
5245.66,0.52253
5246.56,0.51989
5247.46,0.51334
5248.36,0.51089
5249.26,0.50797
5250.16,0.50459
5251.06,0.50326
5251.96,0.50289
5252.86,0.50289
5253.76,0.50578
5254.66,0.50878
5255.56,0.51198
5256.46,0.51456
5257.36,0.51922
5258.26,0.52093
5259.16,0.51713
5260.06,0.5189
5260.96,0.51425
5261.86,0.50621
5262.76,0.49474
5263.66,0.48439
5264.56,0.47313
5265.47,0.46335
5266.37,0.45633
5267.27,0.44991
5268.17,0.44814
5269.07,0.44638
5269.97,0.44843
5270.87,0.45024
5271.77,0.45522
5272.67,0.46013
5273.57,0.47093
5274.47,0.4755
5275.37,0.48514
5276.27,0.49261
5277.17,0.50016
5278.07,0.50845
5278.97,0.51099
5279.87,0.51465
5280.77,0.51697
5281.67,0.51573
5282.57,0.51609
5283.47,0.51506
5284.37,0.51728
5285.27,0.52149
5286.17,0.52303
5287.07,0.52961
5287.97,0.53668
5288.87,0.53786
5289.77,0.54467
5290.67,0.54635
5291.57,0.5458
5292.47,0.54735
5293.37,0.54349
5294.27,0.53999
5295.17,0.5344
5296.07,0.52811
5296.97,0.5205
5297.87,0.5153
5298.77,0.51119
5299.67,0.50864
5300.57,0.51006
5301.48,0.51235
5302.38,0.5173
5303.27,0.52266
5304.18,0.52788
5305.08,0.53066
5305.98,0.53713
5306.88,0.54362
5307.78,0.54486
5308.68,0.54809
5309.58,0.54857
5310.48,0.5495
5311.38,0.5465
5312.28,0.54871
5313.18,0.54776
5314.08,0.546
5314.98,0.54405
5315.88,0.541
5316.78,0.53785
5317.68,0.53699
5318.58,0.53592
5319.48,0.53488
5320.38,0.53299
5321.28,0.52699
5322.18,0.52648
5323.08,0.52028
5323.98,0.51528
5324.88,0.511
5325.78,0.50359
5326.68,0.4942
5327.58,0.48929
5328.48,0.48572
5329.38,0.48288
5330.28,0.48443
5331.18,0.4887
5332.08,0.49527
5332.98,0.50146
5333.88,0.50915
5334.78,0.51712
5335.68,0.52158
5336.58,0.52324
5337.48,0.52456
5338.38,0.52261
5339.28,0.52184
5340.19,0.522
5341.08,0.52062
5341.99,0.51617
5342.89,0.51613
5343.79,0.51754
5344.69,0.51649
5345.59,0.52056
5346.49,0.51875
5347.39,0.52048
5348.29,0.52437
5349.19,0.52344
5350.09,0.52803
5350.99,0.52879
5351.89,0.53148
5352.79,0.5373
5353.69,0.54156
5354.59,0.54597
5355.49,0.55105
5356.39,0.55596
5357.29,0.55738
5358.19,0.55971
5359.09,0.55874
5359.99,0.55774
5360.89,0.55805
5361.79,0.55104
5362.69,0.54674
5363.59,0.54342
5364.49,0.53544
5365.39,0.53146
5366.29,0.52553
5367.19,0.52252
5368.09,0.51722
5368.99,0.51515
5369.89,0.50962
5370.79,0.50748
5371.69,0.50835
5372.59,0.51064
5373.49,0.51448
5374.39,0.51932
5375.29,0.5249
5376.19,0.5314
5377.09,0.53389
5378.0,0.5376
5378.9,0.54002
5379.8,0.54011
5380.7,0.53873
5381.6,0.53991
5382.5,0.53736
5383.4,0.53735
5384.3,0.5382
5385.2,0.5359
5386.1,0.53543
5387.0,0.53465
5387.9,0.53193
5388.8,0.53342
5389.7,0.52614
5390.6,0.5267
5391.5,0.52063
5392.4,0.51817
5393.3,0.51502
5394.2,0.50896
5395.1,0.50957
5396.0,0.50711
5396.9,0.50616
5397.8,0.50427
5398.7,0.50533
5399.6,0.50524
5400.5,0.50466
5401.4,0.503
5402.3,0.50299
5403.2,0.50347
5404.1,0.50096
5405.0,0.4995
5405.9,0.49497
5406.8,0.49274
5407.7,0.48952
5408.6,0.49181
5409.5,0.49232
5410.4,0.49728
5411.3,0.50188
5412.2,0.50766
5413.1,0.51111
5414.0,0.51817
5414.9,0.52298
5415.81,0.52663
5416.71,0.52835
5417.61,0.53062
5418.51,0.53238
5419.41,0.53379
5420.31,0.53529
5421.21,0.53344
5422.11,0.53274
5423.01,0.52908
5423.91,0.52955
5424.81,0.52879
5425.71,0.52669
5426.61,0.52502
5427.51,0.5232
5428.41,0.52308
5429.31,0.5202
5430.21,0.51662
5431.11,0.51352
5432.01,0.51118
5432.91,0.50902
5433.81,0.50677
5434.71,0.50585
5435.61,0.50873
5436.51,0.51258
5437.41,0.5158
5438.31,0.5226
5439.21,0.52541
5440.11,0.53396
5441.01,0.53776
5441.91,0.53986
5442.81,0.53844
5443.71,0.53931
5444.61,0.53528
5445.51,0.52993
5446.41,0.5265
5447.31,0.52247
5448.21,0.51792
5449.11,0.51803
5450.01,0.51652
5450.91,0.51718
5451.81,0.51823
5452.72,0.51962
5453.62,0.51791
5454.52,0.51634
5455.42,0.51595
5456.32,0.51498
5457.22,0.51502
5458.12,0.51411
5459.02,0.51654
5459.92,0.51719
5460.82,0.5189
5461.72,0.52046
5462.62,0.51896
5463.52,0.5178
5464.42,0.51949
5465.32,0.51745
5466.22,0.51676
5467.12,0.51849
5468.02,0.51996
5468.92,0.51967
5469.82,0.51891
5470.72,0.52097
5471.62,0.51976
5472.52,0.51689
5473.42,0.51206
5474.32,0.50985
5475.22,0.50452
5476.12,0.50324
5477.02,0.49966
5477.92,0.49773
5478.82,0.49665
5479.72,0.49973
5480.62,0.5017
5481.52,0.50163
5482.42,0.50575
5483.32,0.50871
5484.22,0.51117
5485.12,0.5166
5486.02,0.51637
5486.92,0.51925
5487.82,0.51844
5488.72,0.52073
5489.62,0.5181
5490.53,0.51946
5491.43,0.52093
5492.33,0.52079
5493.23,0.52009
5494.13,0.52093
5495.03,0.52043
5495.93,0.52189
5496.83,0.51978
5497.73,0.51951
5498.63,0.52031
5499.53,0.52155
5500.43,0.52033
5501.33,0.5179
5502.23,0.51903
5503.13,0.51548
5504.03,0.51417
5504.93,0.51348
5505.83,0.51245
5506.73,0.51324
5507.63,0.51043
5508.53,0.50892
5509.43,0.50922
5510.33,0.50839
5511.23,0.50871
5512.13,0.50791
5513.03,0.50834
5513.93,0.50778
5514.83,0.50764
5515.73,0.51002
5516.63,0.51408
5517.53,0.51597
5518.43,0.51913
5519.33,0.52343
5520.23,0.52726
5521.13,0.52826
5522.03,0.52951
5522.93,0.53128
5523.83,0.531
5524.73,0.52694
5525.63,0.52305
5526.54,0.51964
5527.44,0.51686
5528.33,0.51262
5529.24,0.5151
5530.14,0.51339
5531.04,0.51484
5531.94,0.51461
5532.84,0.5166
5533.74,0.51559
5534.64,0.51989
5535.54,0.51808
5536.44,0.51977
5537.34,0.52444
5538.24,0.52514
5539.14,0.52592
5540.04,0.52579
5540.94,0.52742
5541.84,0.53051
5542.74,0.53109
5543.64,0.53017
5544.54,0.53236
5545.44,0.5305
5546.34,0.53233
5547.24,0.53181
5548.14,0.53669
5549.04,0.53515
5549.94,0.53462
5550.84,0.53732
5551.74,0.53631
5552.64,0.53561
5553.54,0.53458
5554.44,0.53344
5555.34,0.53182
5556.24,0.52753
5557.14,0.52913
5558.04,0.53029
5558.94,0.52721
5559.84,0.52508
5560.74,0.52634
5561.64,0.52259
5562.54,0.52191
5563.44,0.52069
5564.34,0.51729
5565.25,0.51551
5566.15,0.5158
5567.05,0.51507
5567.95,0.51288
5568.85,0.51216
5569.75,0.513
5570.65,0.51287
5571.55,0.51279
5572.45,0.51345
5573.35,0.51553
5574.25,0.51558
5575.15,0.51754
5576.05,0.51988
5576.95,0.5207
5577.85,0.52273
5578.75,0.52314
5579.65,0.52619
5580.55,0.52484
5581.45,0.52407
5582.35,0.52196
5583.25,0.52042
5584.15,0.51626
5585.05,0.51153
5585.95,0.50729
5586.85,0.50433
5587.75,0.49926
5588.65,0.49485
5589.55,0.49222
5590.45,0.4915
5591.35,0.49151
5592.25,0.49402
5593.15,0.49493
5594.05,0.49938
5594.95,0.50158
5595.85,0.50607
5596.75,0.50505
5597.65,0.50673
5598.55,0.50509
5599.45,0.50508
5600.35,0.50336
5601.25,0.50242
5602.15,0.50447
5603.06,0.50467
5603.96,0.50619
5604.86,0.50969
5605.76,0.5162
5606.66,0.51978
5607.56,0.52243
5608.46,0.528
5609.36,0.52975
5610.26,0.53465
5611.16,0.53238
5612.06,0.53196
5612.96,0.52722
5613.86,0.52584
5614.76,0.52017
5615.66,0.51538
5616.56,0.51186
5617.46,0.5108
5618.36,0.50844
5619.26,0.50862
5620.16,0.50913
5621.06,0.50759
5621.96,0.50974
5622.86,0.51013
5623.76,0.51222
5624.66,0.51003
5625.56,0.50963
5626.46,0.51062
5627.36,0.5118
5628.26,0.51282
5629.16,0.51544
5630.06,0.51992
5630.96,0.52
5631.86,0.52372
5632.76,0.52603
5633.66,0.52533
5634.56,0.52398
5635.46,0.52206
5636.36,0.51958
5637.26,0.51771
5638.16,0.51538
5639.06,0.51271
5639.96,0.51104
5640.86,0.51141
5641.77,0.51074
5642.67,0.51137
5643.57,0.51046
5644.47,0.51335
5645.37,0.51318
5646.27,0.51553
5647.17,0.51796
5648.07,0.51687
5648.97,0.51847
5649.87,0.51931
5650.77,0.51984
5651.67,0.51806
5652.57,0.51836
5653.47,0.51764
5654.37,0.51584
5655.27,0.51403
5656.17,0.50933
5657.07,0.50752
5657.97,0.50426
5658.87,0.50205
5659.77,0.49701
5660.67,0.49751
5661.57,0.49994
5662.47,0.49835
5663.37,0.50132
5664.27,0.50353
5665.17,0.50462
5666.07,0.50728
5666.97,0.50879
5667.87,0.51192
5668.77,0.51256
5669.67,0.51563
5670.57,0.51714
5671.47,0.51881
5672.37,0.52071
5673.27,0.52367
5674.17,0.52422
5675.07,0.52832
5675.97,0.52949
5676.88,0.52968
5677.77,0.5293
5678.68,0.5282
5679.58,0.52652
5680.48,0.52311
5681.38,0.52369
5682.28,0.5221
5683.18,0.51903
5684.08,0.51498
5684.98,0.5145
5685.88,0.5136
5686.78,0.51462
5687.68,0.51082
5688.58,0.51185
5689.48,0.51255
5690.38,0.51491
5691.28,0.51784
5692.18,0.51825
5693.08,0.52217
5693.98,0.52226
5694.88,0.5241
5695.78,0.52245
5696.68,0.52409
5697.58,0.5216
5698.48,0.5214
5699.38,0.51831
5700.28,0.51658
5701.18,0.51245
5702.08,0.51164
5702.98,0.51095
5703.88,0.50413
5704.78,0.50583
5705.68,0.50228
5706.58,0.50267
5707.48,0.49855
5708.38,0.49481
5709.28,0.49388
5710.18,0.49396
5711.08,0.4944
5711.98,0.49291
5712.88,0.49803
5713.78,0.50042
5714.68,0.50499
5715.59,0.50964
5716.49,0.51366
5717.39,0.51731
5718.29,0.52387
5719.19,0.52247
5720.09,0.52767
5720.99,0.53113
5721.89,0.53262
5722.79,0.53365
5723.69,0.5331
5724.59,0.5328
5725.49,0.53314
5726.39,0.53327
5727.29,0.53069
5728.19,0.52949
5729.09,0.52829
5729.99,0.5275
5730.89,0.52736
5731.79,0.52799
5732.69,0.52793
5733.59,0.52816
5734.49,0.52971
5735.39,0.52993
5736.29,0.53069
5737.19,0.52965
5738.09,0.53082
5738.99,0.53291
5739.89,0.53199
5740.79,0.53123
5741.69,0.53137
5742.59,0.53241
5743.49,0.53027
5744.39,0.53303
5745.29,0.53102
5746.19,0.53236
5747.09,0.53122
5747.99,0.52995
5748.89,0.52887
5749.79,0.52913
5750.69,0.52439
5751.59,0.52302
5752.5,0.52515
5753.4,0.52144
5754.3,0.52075
5755.2,0.52196
5756.1,0.52106
5757.0,0.52207
5757.9,0.5226
5758.8,0.52519
5759.7,0.52286
5760.6,0.52214
5761.5,0.52276
5762.4,0.5201
5763.3,0.52021
5764.2,0.52228
5765.1,0.5228
5766.0,0.52615
5766.9,0.52865
5767.8,0.53047
5768.7,0.53192
5769.6,0.53406
5770.5,0.53515
5771.4,0.53511
5772.3,0.53375
5773.2,0.53334
5774.1,0.53051
5775.0,0.52838
5775.9,0.52694
5776.8,0.52573
5777.7,0.52488
5778.6,0.52318
5779.5,0.51727
5780.4,0.51501
5781.3,0.51223
5782.2,0.50925
5783.1,0.50747
5784.0,0.5029
5784.9,0.50517
5785.8,0.50335
5786.7,0.50344
5787.6,0.50436
5788.5,0.50748
5789.41,0.51073
5790.31,0.51351
5791.21,0.51496
5792.11,0.51628
5793.01,0.52095
5793.91,0.52213
5794.81,0.52535
5795.71,0.52384
5796.61,0.52657
5797.51,0.52708
5798.41,0.52873
5799.31,0.52947
5800.21,0.53216
5801.11,0.53368
5802.01,0.53438
5802.91,0.53463
5803.81,0.53353
5804.71,0.53252
5805.61,0.53325
5806.51,0.53427
5807.41,0.53303
5808.31,0.53
5809.21,0.53109
5810.11,0.53196
5811.01,0.52983
5811.91,0.53332
5812.81,0.53141
5813.71,0.53102
5814.61,0.53272
5815.51,0.53152
5816.41,0.52924
5817.31,0.53192
5818.21,0.53108
5819.11,0.53402
5820.01,0.53529
5820.91,0.53452
5821.81,0.53614
5822.71,0.53805
5823.61,0.53792
5824.51,0.53881
5825.41,0.53794
5826.31,0.53925
5827.22,0.54051
5828.12,0.54038
5829.02,0.53818
5829.92,0.53909
5830.82,0.53775
5831.72,0.53872
5832.62,0.53863
5833.52,0.53971
5834.42,0.53821
5835.32,0.54041
5836.22,0.53557
5837.12,0.53572
5838.02,0.53503
5838.92,0.53566
5839.82,0.5363
5840.72,0.53479
5841.62,0.53786
5842.52,0.53799
5843.42,0.53924
5844.32,0.53684
5845.22,0.53575
5846.12,0.53555
5847.02,0.53374
5847.92,0.53083
5848.82,0.5304
5849.72,0.5258
5850.62,0.52547
5851.52,0.52304
5852.42,0.51858
5853.32,0.51819
5854.22,0.5142
5855.12,0.51254
5856.02,0.51062
5856.92,0.50708
5857.82,0.50581
5858.72,0.50602
5859.62,0.50693
5860.52,0.50567
5861.42,0.50948
5862.32,0.50848
5863.23,0.51018
5864.12,0.51251
5865.03,0.5127
5865.93,0.51423
5866.83,0.51457
5867.73,0.51868
5868.63,0.51866
5869.53,0.51934
5870.43,0.52374
5871.33,0.52421
5872.23,0.52487
5873.13,0.52423
5874.03,0.52203
5874.93,0.52327
5875.83,0.52253
5876.73,0.5218
5877.63,0.52029
5878.53,0.52124
5879.43,0.51771
5880.33,0.51634
5881.23,0.51361
5882.13,0.51155
5883.03,0.50827
5883.93,0.50786
5884.83,0.50302
5885.73,0.49871
5886.63,0.49092
5887.53,0.48353
5888.43,0.47542
5889.33,0.46743
5890.23,0.45809
5891.13,0.45371
5892.03,0.44495
5892.93,0.44181
5893.83,0.4409
5894.73,0.44039
5895.63,0.4418
5896.53,0.44598
5897.43,0.45084
5898.33,0.45846
5899.23,0.46448
5900.13,0.46973
5901.04,0.47883
5901.94,0.48565
5902.83,0.4931
5903.74,0.49742
5904.64,0.50185
5905.54,0.50439
5906.44,0.50628
5907.34,0.50995
5908.24,0.50841
5909.14,0.50993
5910.04,0.51057
5910.94,0.51089
5911.84,0.50873
5912.74,0.51017
5913.64,0.50984
5914.54,0.50812
5915.44,0.50617
5916.34,0.50492
5917.24,0.50598
5918.14,0.50587
5919.04,0.5055
5919.94,0.50726
5920.84,0.50983
5921.74,0.51149
5922.64,0.51149
5923.54,0.51176
5924.44,0.51251
5925.34,0.51274
5926.24,0.51171
5927.14,0.51228
5928.04,0.51213
5928.94,0.51219
5929.84,0.51202
5930.74,0.51093
5931.64,0.5107
5932.54,0.51179
5933.44,0.51039
5934.34,0.51033
5935.24,0.5093
5936.14,0.51267
5937.04,0.51262
5937.94,0.51137
5938.85,0.51094
5939.75,0.51484
5940.65,0.51283
5941.55,0.5143
5942.45,0.51318
5943.35,0.51215
5944.25,0.51323
5945.15,0.51331
5946.05,0.51512
5946.95,0.51449
5947.85,0.51347
5948.75,0.512
5949.65,0.50924
5950.55,0.51181
5951.45,0.51156
5952.35,0.51022
5953.25,0.50538
5954.15,0.50731
5955.05,0.50832
5955.95,0.50768
5956.85,0.50916
5957.75,0.51079
5958.65,0.51008
5959.55,0.5115
5960.45,0.51436
5961.35,0.51539
5962.25,0.51535
5963.15,0.51655
5964.05,0.51753
5964.95,0.51831
5965.85,0.52067
5966.75,0.51951
5967.65,0.52037
5968.55,0.52126
5969.45,0.5186
5970.35,0.5212
5971.25,0.52393
5972.15,0.5206
5973.05,0.52064
5973.95,0.51954
5974.85,0.5199
5975.75,0.51645
5976.65,0.51476
5977.56,0.51455
5978.46,0.51311
5979.36,0.51254
5980.26,0.51147
5981.16,0.5108
5982.06,0.50985
5982.96,0.51132
5983.86,0.51106
5984.76,0.50885
5985.66,0.50849
5986.56,0.50769
5987.46,0.50912
5988.36,0.50771
5989.26,0.50949
5990.16,0.51153
5991.06,0.51228
5991.96,0.51764
5992.86,0.51577
5993.76,0.51616
5994.66,0.51521
5995.56,0.51561
5996.46,0.5148
5997.36,0.51462
5998.26,0.5129
5999.16,0.51213
6000.06,0.51379
6000.96,0.51243
6001.86,0.51207
6002.76,0.51151
6003.66,0.50955
6004.56,0.50947
6005.46,0.50935
6006.36,0.50734
6007.26,0.50547
6008.16,0.50748
6009.06,0.50604
6009.96,0.50617
6010.86,0.50752
6011.76,0.50443
6012.67,0.50712
6013.56,0.50493
6014.47,0.50754
6015.37,0.50486
6016.27,0.50565
6017.17,0.50444
6018.07,0.50373
6018.97,0.50349
6019.87,0.50316
6020.77,0.50266
6021.67,0.50358
6022.57,0.50361
6023.47,0.50364
6024.37,0.50591
6025.27,0.5077
6026.17,0.50883
6027.07,0.50894
6027.97,0.51171
6028.87,0.51172
6029.77,0.51565
6030.67,0.51733
6031.57,0.51895
6032.47,0.52111
6033.37,0.52076
6034.27,0.52258
6035.17,0.52306
6036.07,0.52297
6036.97,0.52387
6037.87,0.52406
6038.77,0.52529
6039.67,0.52402
6040.57,0.52264
6041.47,0.52296
6042.37,0.52382
6043.27,0.52419
6044.17,0.52596
6045.07,0.52804
6045.97,0.52614
6046.87,0.5264
6047.77,0.52881
6048.67,0.52779
6049.57,0.52729
6050.47,0.52806
6051.38,0.52613
6052.28,0.52719
6053.18,0.52459
6054.08,0.52425
6054.98,0.52304
6055.88,0.52088
6056.78,0.5202
6057.68,0.52083
6058.58,0.51932
6059.48,0.51709
6060.38,0.51794
6061.28,0.51749
6062.18,0.51638
6063.08,0.51635
6063.98,0.51486
6064.88,0.51599
6065.78,0.51344
6066.68,0.51652
6067.58,0.52054
6068.48,0.51746
6069.38,0.5197
6070.28,0.52274
6071.18,0.52704
6072.08,0.52808
6072.98,0.52733
6073.88,0.52826
6074.78,0.5295
6075.68,0.529
6076.58,0.52647
6077.48,0.52388
6078.38,0.52289
6079.28,0.52125
6080.18,0.51647
6081.08,0.51512
6081.98,0.51235
6082.88,0.51152
6083.78,0.51045
6084.68,0.5108
6085.58,0.51063
6086.48,0.50959
6087.38,0.50873
6088.28,0.51163
6089.19,0.50945
6090.09,0.51038
6090.99,0.51056
6091.89,0.51152
6092.79,0.51001
6093.69,0.51119
6094.59,0.51388
6095.49,0.5136
6096.39,0.51304
6097.29,0.51443
6098.19,0.51351
6099.09,0.51324
6099.99,0.51049
6100.89,0.51004
6101.79,0.50725
6102.69,0.50797
6103.59,0.50605
6104.49,0.50709
6105.39,0.50488
6106.29,0.50577
6107.19,0.50747
6108.09,0.50938
6108.99,0.50997
6109.89,0.51377
6110.79,0.51478
6111.69,0.51705
6112.59,0.51785
6113.49,0.51772
6114.39,0.51678
6115.29,0.51508
6116.19,0.51742
6117.09,0.517
6117.99,0.51645
6118.89,0.51163
6119.79,0.51206
6120.69,0.5093
6121.59,0.50821
6122.49,0.50527
6123.39,0.50356
6124.29,0.50493
6125.19,0.50463
6126.1,0.50408
6127.0,0.50697
6127.9,0.50632
6128.8,0.50943
6129.7,0.50777
6130.6,0.51009
6131.5,0.50875
6132.4,0.508
6133.3,0.50697
6134.2,0.5051
6135.1,0.50172
6136.0,0.4972
6136.9,0.49517
6137.8,0.49363
6138.7,0.49117
6139.6,0.49103
6140.5,0.49287
6141.4,0.49409
6142.3,0.49638
6143.2,0.50149
6144.1,0.50305
6145.0,0.50639
6145.9,0.50716
6146.8,0.51069
6147.7,0.51003
6148.6,0.5107
6149.5,0.50947
6150.4,0.51005
6151.3,0.50814
6152.2,0.50616
6153.1,0.5064
6154.0,0.50515
6154.9,0.50463
6155.8,0.50092
6156.7,0.50089
6157.6,0.49718
6158.5,0.49523
6159.4,0.4918
6160.3,0.48836
6161.2,0.4832
6162.1,0.47832
6163.01,0.47526
6163.91,0.47129
6164.81,0.47249
6165.71,0.47142
6166.61,0.46924
6167.51,0.47209
6168.41,0.47159
6169.31,0.47354
6170.21,0.47493
6171.11,0.47618
6172.01,0.47796
6172.91,0.48114
6173.81,0.48273
6174.71,0.48464
6175.61,0.48616
6176.51,0.49051
6177.41,0.49008
6178.31,0.49211
6179.21,0.49365
6180.11,0.4959
6181.01,0.49567
6181.91,0.49763
6182.81,0.49806
6183.71,0.4968
6184.61,0.49858
6185.51,0.49445
6186.41,0.49415
6187.31,0.49377
6188.21,0.48921
6189.11,0.48585
6190.01,0.48679
6190.91,0.48488
6191.81,0.48199
6192.71,0.4811
6193.61,0.48488
6194.51,0.48428
6195.41,0.48639
6196.31,0.4882
6197.21,0.48909
6198.11,0.49247
6199.01,0.49371
6199.92,0.49519
6200.82,0.49278
6201.72,0.49484
6202.62,0.49424
6203.52,0.49464
6204.42,0.49684
6205.32,0.4986
6206.22,0.50015
6207.12,0.50134
6208.02,0.49857
6208.92,0.49632
6209.82,0.49817
6210.72,0.49609
6211.62,0.492
6212.52,0.49074
6213.42,0.48701
6214.32,0.48455
6215.22,0.48319
6216.12,0.47828
6217.02,0.47753
6217.92,0.47574
6218.82,0.47509
6219.72,0.47577
6220.62,0.47523
6221.52,0.47778
6222.42,0.47711
6223.32,0.47737
6224.22,0.47803
6225.12,0.48016
6226.02,0.47668
6226.92,0.47837
6227.82,0.47903
6228.72,0.47725
6229.62,0.47663
6230.52,0.47356
6231.42,0.473
6232.32,0.4734
6233.22,0.47202
6234.12,0.47392
6235.02,0.47478
6235.92,0.47702
6236.83,0.47734
6237.73,0.47848
6238.63,0.47692
6239.53,0.47815
6240.43,0.47514
6241.33,0.47456
6242.23,0.46998
6243.13,0.47082
6244.03,0.47114
6244.93,0.46917
6245.83,0.46999
6246.73,0.46993
6247.63,0.47084
6248.53,0.47331
6249.43,0.47312
6250.33,0.47111
6251.23,0.47121
6252.13,0.47148
6253.03,0.47011
6253.93,0.46899
6254.83,0.46634
6255.73,0.46422
6256.63,0.46242
6257.53,0.46299
6258.43,0.46299
6259.33,0.46355
6260.23,0.46523
6261.13,0.46583
6262.03,0.46842
6262.93,0.47158
6263.83,0.47533
6264.73,0.47791
6265.63,0.48018
6266.53,0.47964
6267.43,0.48303
6268.33,0.48323
6269.23,0.48559
6270.13,0.48409
6271.03,0.48561
6271.93,0.48719
6272.83,0.48633
6273.73,0.48837
6274.64,0.48976
6275.54,0.48702
6276.44,0.48739
6277.34,0.48821
6278.24,0.48737
6279.14,0.48521
6280.04,0.48655
6280.94,0.48783
6281.84,0.48569
6282.74,0.48759
6283.64,0.48927
6284.54,0.49136
6285.44,0.48953
6286.34,0.49121
6287.24,0.49456
6288.14,0.49596
6289.04,0.49549
6289.94,0.49468
6290.84,0.49362
6291.74,0.49392
6292.64,0.49254
6293.54,0.49299
6294.44,0.48987
6295.34,0.48855
6296.24,0.48631
6297.14,0.48387
6298.04,0.4836
6298.94,0.48118
6299.84,0.48126
6300.74,0.48109
6301.64,0.48065
6302.54,0.48089
6303.44,0.4803
6304.34,0.481
6305.24,0.48157
6306.14,0.48544
6307.04,0.48712
6307.94,0.48938
6308.84,0.48956
6309.74,0.49089
6310.64,0.49109
6311.54,0.49221
6312.45,0.4896
6313.35,0.48608
6314.25,0.48517
6315.15,0.48326
6316.05,0.4824
6316.95,0.48128
6317.85,0.4798
6318.75,0.47983
6319.65,0.47991
6320.55,0.48058
6321.45,0.48204
6322.35,0.48404
6323.25,0.48702
6324.15,0.48832
6325.05,0.49051
6325.95,0.49167
6326.85,0.49308
6327.75,0.49146
6328.65,0.4942
6329.55,0.4961
6330.45,0.49687
6331.35,0.49486
6332.25,0.49601
6333.15,0.49484
6334.05,0.49189
6334.95,0.49168
6335.85,0.49148
6336.75,0.48993
6337.65,0.48818
6338.55,0.48857
6339.45,0.4864
6340.35,0.48589
6341.25,0.48847
6342.15,0.48803
6343.05,0.48716
6343.95,0.48775
6344.85,0.48685
6345.75,0.48969
6346.65,0.4894
6347.55,0.49027
6348.46,0.49236
6349.35,0.49075
6350.26,0.49195
6351.16,0.4942
6352.06,0.49267
6352.96,0.49144
6353.86,0.48956
6354.76,0.48908
6355.66,0.4874
6356.56,0.4849
6357.46,0.48441
6358.36,0.48129
6359.26,0.47836
6360.16,0.47627
6361.06,0.4758
6361.96,0.47467
6362.86,0.47494
6363.76,0.47666
6364.66,0.47409
6365.56,0.47731
6366.46,0.47856
6367.36,0.48056
6368.26,0.4848
6369.16,0.48623
6370.06,0.4903
6370.96,0.49187
6371.86,0.49599
6372.76,0.49537
6373.66,0.49793
6374.56,0.49723
6375.46,0.49925
6376.36,0.49677
6377.26,0.49735
6378.16,0.4996
6379.06,0.49896
6379.96,0.49608
6380.86,0.49743
6381.76,0.49861
6382.66,0.49557
6383.56,0.49549
6384.46,0.49606
6385.36,0.49912
6386.27,0.49501
6387.17,0.49803
6388.07,0.49628
6388.97,0.49707
6389.87,0.49776
6390.77,0.49437
6391.67,0.49512
6392.57,0.4931
6393.47,0.4905
6394.37,0.49116
6395.27,0.48867
6396.17,0.48809
6397.07,0.48968
6397.97,0.4893
6398.87,0.49072
6399.77,0.48798
6400.67,0.48962
6401.57,0.48918
6402.47,0.48981
6403.37,0.49184
6404.27,0.49341
6405.17,0.49244
6406.07,0.49351
6406.97,0.49561
6407.87,0.49137
6408.77,0.49183
6409.67,0.49181
6410.57,0.49205
6411.47,0.49199
6412.37,0.4884
6413.27,0.48994
6414.17,0.48851
6415.07,0.4906
6415.97,0.49058
6416.87,0.48853
6417.77,0.4899
6418.67,0.49111
6419.57,0.48676
6420.47,0.48919
6421.37,0.49017
6422.27,0.49185
6423.17,0.49108
6424.08,0.4917
6424.98,0.49435
6425.88,0.49486
6426.78,0.49385
6427.68,0.49676
6428.58,0.49595
6429.48,0.4939
6430.38,0.49609
6431.28,0.49251
6432.18,0.4933
6433.08,0.49272
6433.98,0.49197
6434.88,0.49305
6435.78,0.49338
6436.68,0.49455
6437.58,0.49361
6438.48,0.49449
6439.38,0.49598
6440.28,0.4959
6441.18,0.49839
6442.08,0.49851
6442.98,0.49953
6443.88,0.50049
6444.78,0.50066
6445.68,0.5013
6446.58,0.50162
6447.48,0.49883
6448.38,0.49706
6449.28,0.49757
6450.18,0.49167
6451.08,0.49056
6451.98,0.4887
6452.88,0.48772
6453.78,0.48749
6454.68,0.48937
6455.58,0.49154
6456.48,0.49057
6457.38,0.49209
6458.28,0.49209
6459.18,0.49214
6460.08,0.49414
6460.98,0.49457
6461.89,0.49368
6462.79,0.49389
6463.69,0.49427
6464.59,0.49132
6465.49,0.49185
6466.39,0.49228
6467.29,0.49253
6468.19,0.49501
6469.09,0.49672
6469.99,0.49652
6470.89,0.4968
6471.79,0.49624
6472.69,0.49593
6473.59,0.49475
6474.49,0.49465
6475.39,0.49237
6476.29,0.49287
6477.19,0.49346
6478.09,0.49156
6478.99,0.49093
6479.89,0.49212
6480.79,0.48921
6481.69,0.48872
6482.59,0.48777
6483.49,0.4864
6484.39,0.48811
6485.29,0.486
6486.19,0.48574
6487.09,0.48419
6487.99,0.48421
6488.89,0.48413
6489.79,0.482
6490.69,0.47851
6491.59,0.4748
6492.49,0.47344
6493.39,0.46578
6494.29,0.46229
6495.19,0.45806
6496.09,0.45443
6496.99,0.45271
6497.9,0.44979
6498.79,0.45091
6499.7,0.45312
6500.6,0.4566
6501.5,0.45958
6502.4,0.46471
6503.3,0.46704
6504.2,0.47339
6505.1,0.47642
6506.0,0.47857
6506.9,0.48194
6507.8,0.48346
6508.7,0.48402
6509.6,0.48495
6510.5,0.48819
6511.4,0.48728
6512.3,0.48766
6513.2,0.48672
6514.1,0.48725
6515.0,0.48397
6515.9,0.48287
6516.8,0.48248
6517.7,0.48202
6518.6,0.48043
6519.5,0.47999
6520.4,0.48359
6521.3,0.48072
6522.2,0.48247
6523.1,0.48358
6524.0,0.48212
6524.9,0.48454
6525.8,0.48583
6526.7,0.48556
6527.6,0.48488
6528.5,0.48379
6529.4,0.48719
6530.3,0.48364
6531.2,0.48366
6532.1,0.48567
6533.0,0.48457
6533.9,0.48387
6534.8,0.48724
6535.71,0.48485
6536.61,0.48519
6537.51,0.48716
6538.41,0.48763
6539.31,0.48853
6540.21,0.48591
6541.11,0.48888
6542.01,0.48429
6542.91,0.48371
6543.81,0.48326
6544.71,0.48116
6545.61,0.47695
6546.51,0.47487
6547.41,0.47414
6548.31,0.47149
6549.21,0.46992
6550.11,0.46814
6551.01,0.46662
6551.91,0.46481
6552.81,0.46446
6553.71,0.46025
6554.61,0.4565
6555.51,0.45325
6556.41,0.44867
6557.31,0.44649
6558.21,0.43761
6559.11,0.42801
6560.01,0.42177
6560.91,0.4124
6561.81,0.40583
6562.71,0.40024
6563.61,0.39616
6564.51,0.39424
6565.41,0.39464
6566.31,0.39907
6567.21,0.40511
6568.11,0.41189
6569.01,0.4191
6569.91,0.4273
6570.81,0.43376
6571.71,0.4401
6572.61,0.44477
6573.52,0.4477
6574.42,0.45223
6575.32,0.45582
6576.22,0.45744
6577.12,0.45832
6578.02,0.46214
6578.92,0.46621
6579.82,0.46597
6580.72,0.46741
6581.62,0.47057
6582.52,0.47167
6583.42,0.47073
6584.32,0.47215
6585.22,0.47459
6586.12,0.47489
6587.02,0.47529
6587.92,0.47559
6588.82,0.47518
6589.72,0.47387
6590.62,0.47391
6591.52,0.47131
6592.42,0.47178
6593.32,0.46815
6594.22,0.46875
6595.12,0.46638
6596.02,0.46625
6596.92,0.46732
6597.82,0.46956
6598.72,0.46803
6599.62,0.4725
6600.52,0.47236
6601.42,0.47221
6602.32,0.47428
6603.22,0.47525
6604.12,0.47449
6605.02,0.477
6605.92,0.47411
6606.82,0.47424
6607.72,0.47263
6608.62,0.47365
6609.52,0.47286
6610.43,0.47207
6611.33,0.47149
6612.23,0.47443
6613.13,0.47405
6614.03,0.47543
6614.93,0.4773
6615.83,0.48042
6616.73,0.47991
6617.63,0.47978
6618.53,0.4811
6619.43,0.4821
6620.33,0.48141
6621.23,0.48094
6622.13,0.4807
6623.03,0.48131
6623.93,0.47916
6624.83,0.47844
6625.73,0.4781
6626.63,0.47502
6627.53,0.47556
6628.43,0.47376
6629.33,0.4716
6630.23,0.4728
6631.13,0.47295
6632.03,0.46923
6632.93,0.47097
6633.83,0.4689
6634.73,0.4704
6635.63,0.46979
6636.53,0.47038
6637.43,0.46896
6638.33,0.47169
6639.23,0.46956
6640.13,0.47125
6641.03,0.47085
6641.93,0.47298
6642.83,0.47153
6643.73,0.47113
6644.63,0.47221
6645.53,0.47036
6646.43,0.47095
6647.34,0.47199
6648.24,0.47313
6649.14,0.47006
6650.04,0.47372
6650.94,0.47134
6651.84,0.47097
6652.74,0.47397
6653.64,0.47356
6654.54,0.4716
6655.44,0.47128
6656.34,0.47265
6657.24,0.47169
6658.14,0.47066
6659.04,0.46941
6659.94,0.47022
6660.84,0.46871
6661.74,0.46847
6662.64,0.46732
6663.54,0.46496
6664.44,0.46615
6665.34,0.46514
6666.24,0.46497
6667.14,0.46373
6668.04,0.46611
6668.94,0.46683
6669.84,0.46863
6670.74,0.46665
6671.64,0.46829
6672.54,0.46932
6673.44,0.46945
6674.34,0.46976
6675.24,0.46894
6676.14,0.46914
6677.04,0.46651
6677.94,0.46597
6678.84,0.46557
6679.74,0.46307
6680.64,0.46356
6681.54,0.46439
6682.44,0.46452
6683.34,0.46533
6684.24,0.46619
6685.15,0.46613
6686.05,0.46671
6686.95,0.46703
6687.85,0.46769
6688.75,0.46844
6689.65,0.47057
6690.55,0.46781
6691.45,0.46876
6692.35,0.46948
6693.25,0.47102
6694.15,0.46918
6695.05,0.4696
6695.95,0.46664
6696.85,0.46766
6697.75,0.46553
6698.65,0.46618
6699.55,0.46438
6700.45,0.46477
6701.35,0.4687
6702.25,0.46474
6703.15,0.46423
6704.05,0.46669
6704.95,0.4638
6705.85,0.46423
6706.75,0.46368
6707.65,0.46735
6708.55,0.46587
6709.45,0.4647
6710.35,0.46358
6711.25,0.46275
6712.15,0.46119
6713.05,0.46124
6713.95,0.45968
6714.85,0.45767
6715.75,0.45727
6716.65,0.45498
6717.55,0.45418
6718.45,0.4543
6719.35,0.4544
6720.25,0.45297
6721.16,0.45536
6722.06,0.45559
6722.96,0.45731
6723.86,0.45767
6724.76,0.45805
6725.66,0.46023
6726.56,0.46041
6727.46,0.46088
6728.36,0.46133
6729.26,0.46324
6730.16,0.46308
6731.06,0.46215
6731.96,0.46252
6732.86,0.46387
6733.76,0.46462
6734.66,0.46313
6735.56,0.4634
6736.46,0.46415
6737.36,0.4643
6738.26,0.46226
6739.16,0.46266
6740.06,0.46141
6740.96,0.46021
6741.86,0.46048
6742.76,0.45945
6743.66,0.4586
6744.56,0.45893
6745.46,0.45784
6746.36,0.45741
6747.26,0.4568
6748.16,0.45576
6749.06,0.45683
6749.96,0.45546
6750.86,0.45428
6751.76,0.45346
6752.66,0.45408
6753.56,0.45535
6754.46,0.4575
6755.36,0.45689
6756.26,0.45801
6757.16,0.45869
6758.06,0.46209
6758.97,0.46201
6759.87,0.46301
6760.77,0.46543
6761.67,0.4664
6762.57,0.46453
6763.47,0.46426
6764.37,0.46571
6765.27,0.46207
6766.17,0.46552
6767.07,0.46293
6767.97,0.46178
6768.87,0.46081
6769.77,0.46352
6770.67,0.46225
6771.57,0.46188
6772.47,0.46214
6773.37,0.46301
6774.27,0.46389
6775.17,0.4641
6776.07,0.46401
6776.97,0.46671
6777.87,0.46681
6778.77,0.46685
6779.67,0.46728
6780.57,0.46751
6781.47,0.46582
6782.37,0.46543
6783.27,0.46385
6784.17,0.46288
6785.07,0.46121
6785.97,0.46053
6786.87,0.45981
6787.77,0.45685
6788.67,0.45982
6789.57,0.45678
6790.47,0.45629
6791.37,0.45908
6792.27,0.45844
6793.17,0.45979
6794.07,0.45936
6794.97,0.45909
6795.88,0.46075
6796.78,0.46035
6797.68,0.4627
6798.58,0.46374
6799.48,0.46191
6800.38,0.4624
6801.28,0.46189
6802.18,0.46293
6803.08,0.46247
6803.98,0.4629
6804.88,0.46508
6805.78,0.46193
6806.68,0.46255
6807.58,0.46216
6808.48,0.46252
6809.38,0.46158
6810.28,0.46323
6811.18,0.46227
6812.08,0.46229
6812.98,0.46161
6813.88,0.46214
6814.78,0.46111
6815.68,0.46278
6816.58,0.46174
6817.48,0.46331
6818.38,0.46342
6819.28,0.46265
6820.18,0.46235
6821.08,0.46375
6821.98,0.46525
6822.88,0.46645
6823.78,0.46459
6824.68,0.46379
6825.58,0.46615
6826.48,0.46537
6827.38,0.46402
6828.28,0.46264
6829.18,0.46362
6830.08,0.46493
6830.98,0.46627
6831.88,0.46427
6832.79,0.4633
6833.69,0.46421
6834.59,0.46584
6835.49,0.46299
6836.39,0.46306
6837.29,0.46196
6838.19,0.45988
6839.09,0.46047
6839.99,0.45844
6840.89,0.45579
6841.79,0.45644
6842.69,0.45674
6843.59,0.45558
6844.49,0.45675
6845.39,0.45549
6846.29,0.45913
6847.19,0.45903
6848.09,0.4584
6848.99,0.4591
6849.89,0.46227
6850.79,0.46136
6851.69,0.46047
6852.59,0.45968
6853.49,0.46006
6854.39,0.45998
6855.29,0.45868
6856.19,0.45869
6857.09,0.45777
6857.99,0.45555
6858.89,0.45599
6859.79,0.45558
6860.69,0.45472
6861.59,0.45599
6862.49,0.4562
6863.39,0.45599
6864.29,0.45667
6865.19,0.45691
6866.09,0.45672
6866.99,0.45918
6867.89,0.4559
6868.79,0.45735
6869.7,0.45736
6870.6,0.45806
6871.5,0.45653
6872.4,0.45728
6873.3,0.45706
6874.2,0.45921
6875.1,0.45745
6876.0,0.45899
6876.9,0.45785
6877.8,0.45703
6878.7,0.46024
6879.6,0.46021
6880.5,0.46083
6881.4,0.46211
6882.3,0.46006
6883.2,0.46041
6884.1,0.46037
6885.0,0.46008
6885.9,0.46254
6886.8,0.46183
6887.7,0.46153
6888.6,0.46414
6889.5,0.46491
6890.4,0.46566
6891.3,0.46779
6892.2,0.46617
6893.1,0.4688
6894.0,0.46732
6894.9,0.46812
6895.8,0.46808
6896.7,0.46691
6897.6,0.4682
6898.5,0.46807
6899.4,0.46792
6900.3,0.469
6901.2,0.46916
6902.1,0.47034
6903.0,0.46794
6903.9,0.46835
6904.8,0.46909
6905.7,0.46973
6906.6,0.46925
6907.51,0.46947
6908.41,0.47086
6909.31,0.47039
6910.21,0.4698
6911.11,0.46919
6912.01,0.46886
6912.91,0.4658
6913.81,0.46475
6914.71,0.46567
6915.61,0.46605
6916.51,0.46288
6917.41,0.46381
6918.31,0.46322
6919.21,0.46417
6920.11,0.46337
6921.01,0.46539
6921.91,0.46481
6922.81,0.46371
6923.71,0.46324
6924.61,0.46342
6925.51,0.46374
6926.41,0.46425
6927.31,0.46373
6928.21,0.46492
6929.11,0.46389
6930.01,0.46389
6930.91,0.4629
6931.81,0.4647
6932.71,0.46449
6933.61,0.46463
6934.51,0.46598
6935.41,0.46519
6936.31,0.46715
6937.21,0.46447
6938.11,0.46511
6939.01,0.46676
6939.91,0.46621
6940.81,0.46634
6941.71,0.46526
6942.61,0.46432
6943.52,0.46545
6944.42,0.46341
6945.31,0.46337
6946.22,0.46334
6947.12,0.46306
6948.02,0.46047
6948.92,0.46335
6949.82,0.46254
6950.72,0.46048
6951.62,0.46498
6952.52,0.46283
6953.42,0.4623
6954.32,0.46341
6955.22,0.46331
6956.12,0.46342
6957.02,0.46382
6957.92,0.46615
6958.82,0.46582
6959.72,0.46756
6960.62,0.46556
6961.52,0.46732
6962.42,0.46759
6963.32,0.46941
6964.22,0.46958
6965.12,0.46863
6966.02,0.46949
6966.92,0.46886
6967.82,0.46997
6968.72,0.47135
6969.62,0.47113
6970.52,0.46977
6971.42,0.46854
6972.32,0.46915
6973.22,0.4677
6974.12,0.46705
6975.02,0.46603
6975.92,0.46398
6976.82,0.4617
6977.72,0.45953
6978.62,0.45979
6979.52,0.45665
6980.42,0.4583
6981.33,0.45702
6982.23,0.46033
6983.12,0.46241
6984.03,0.46427
6984.93,0.46379
6985.83,0.4669
6986.73,0.46508
6987.63,0.46732
6988.53,0.46817
6989.43,0.4689
6990.33,0.46792
6991.23,0.46826
6992.13,0.46776
6993.03,0.47167
6993.93,0.46961
6994.83,0.47083
6995.73,0.47028
6996.63,0.4697
6997.53,0.46695
6998.43,0.46762
6999.33,0.46818
7000.23,0.46556
7001.13,0.46554
7002.03,0.46558
7002.93,0.46377
7003.83,0.46447
7004.73,0.46322
7005.63,0.46315
7006.53,0.46423
7007.43,0.46267
7008.33,0.46147
7009.23,0.46309
7010.13,0.46519
7011.03,0.46242
7011.93,0.46386
7012.83,0.4611
7013.73,0.46349
7014.63,0.46086
7015.53,0.46114
7016.43,0.45963
7017.33,0.46124
7018.23,0.46124
7019.14,0.45968
7020.04,0.45942
7020.94,0.46097
7021.84,0.46027
7022.74,0.45898
7023.64,0.46097
7024.54,0.46131
7025.44,0.46264
7026.34,0.46235
7027.24,0.46157
7028.14,0.4619
7029.04,0.46306
7029.94,0.46247
7030.84,0.46558
7031.74,0.46185
7032.64,0.46376
7033.54,0.46453
7034.44,0.46522
7035.34,0.46417
7036.24,0.46467
7037.14,0.46805
7038.04,0.46602
7038.94,0.46542
7039.84,0.46888
7040.74,0.4715
7041.64,0.47145
7042.54,0.46936
7043.44,0.47395
7044.34,0.47578
7045.24,0.47466
7046.14,0.47582
7047.04,0.47895
7047.94,0.47446
7048.84,0.47528
7049.74,0.47514
7050.64,0.47272
7051.54,0.46963
7052.44,0.46841
7053.34,0.46704
7054.25,0.46266
7055.15,0.46258
7056.04,0.4588
7056.95,0.45471
7057.85,0.45484
7058.75,0.45208
7059.65,0.44959
7060.55,0.44891
7061.45,0.44784
7062.35,0.44799
7063.25,0.44822
7064.15,0.44555
7065.05,0.44619
7065.95,0.44611
7066.85,0.44714
7067.75,0.44568
7068.65,0.44769
7069.55,0.44633
7070.45,0.44679
7071.35,0.44829
7072.25,0.44869
7073.15,0.44978
7074.05,0.45075
7074.95,0.45113
7075.85,0.4542
7076.75,0.4538
7077.65,0.4532
7078.55,0.45488
7079.45,0.45287
7080.35,0.45294
7081.25,0.45148
7082.15,0.44992
7083.05,0.44882
7083.95,0.44852
7084.85,0.4452
7085.75,0.44139
7086.65,0.43936
7087.55,0.43731
7088.45,0.43441
7089.35,0.43136
7090.25,0.4304
7091.15,0.42983
7092.06,0.43122
7092.96,0.42831
7093.85,0.42718
7094.76,0.42806
7095.66,0.42911
7096.56,0.42866
7097.46,0.42945
7098.36,0.43204
7099.26,0.43109
7100.16,0.43178
7101.06,0.43366
7101.96,0.43501
7102.86,0.43517
7103.76,0.43318
7104.66,0.4348
7105.56,0.43477
7106.46,0.43759
7107.36,0.43536
7108.26,0.43626
7109.16,0.43671
7110.06,0.43749
7110.96,0.43611
7111.86,0.43642
7112.76,0.43582
7113.66,0.43589
7114.56,0.43694
7115.46,0.43666
7116.36,0.43666
7117.26,0.43662
7118.16,0.43655
7119.06,0.43623
7119.96,0.43762
7120.86,0.43748
7121.76,0.43586
7122.66,0.43616
7123.56,0.43416
7124.46,0.43535
7125.36,0.43346
7126.26,0.43224
7127.16,0.43363
7127.27,0.43031
7128.17,0.42907
7129.07,0.42853
7129.96,0.42908
7130.86,0.42691
7131.75,0.42649
7132.65,0.42822
7133.55,0.4281
7134.44,0.42896
7135.34,0.42923
7136.23,0.42955
7137.13,0.43274
7138.03,0.43307
7138.92,0.435
7139.82,0.43332
7140.71,0.43183
7141.61,0.43518
7142.5,0.43263
7143.4,0.4357
7144.3,0.43292
7145.19,0.43409
7146.09,0.43354
7146.98,0.43194
7147.88,0.43327
7148.78,0.43191
7149.67,0.4325
7150.57,0.43184
7151.46,0.4324
7152.36,0.4319
7153.26,0.43378
7154.15,0.43592
7155.05,0.43564
7155.94,0.43672
7156.84,0.43726
7157.74,0.43731
7158.63,0.43695
7159.53,0.43609
7160.42,0.43758
7161.32,0.43713
7162.21,0.43677
7163.11,0.43603
7164.01,0.43531
7164.9,0.43597
7165.8,0.43322
7166.69,0.43515
7167.59,0.43504
7168.49,0.43517
7169.38,0.43732
7170.28,0.43931
7171.17,0.43917
7172.07,0.44157
7172.96,0.44118
7173.86,0.44111
7174.76,0.4424
7175.65,0.44222
7176.55,0.44153
7177.44,0.44178
7178.34,0.43969
7179.24,0.44031
7180.13,0.43825
7181.03,0.43733
7181.92,0.43692
7182.82,0.43744
7183.72,0.43656
7184.61,0.4362
7185.51,0.43522
7186.4,0.4328
7187.3,0.43242
7188.19,0.43545
7189.09,0.43263
7189.99,0.43215
7190.88,0.43275
7191.78,0.43201
7192.67,0.43282
7193.57,0.43307
7194.47,0.43558
7195.36,0.43503
7196.26,0.4354
7197.15,0.43653
7198.05,0.43625
7198.95,0.43788
7199.84,0.43721
7200.74,0.43707
7201.63,0.43533
7202.53,0.43598
7203.43,0.43488
7204.32,0.43573
7205.22,0.43599
7206.11,0.4354
7207.01,0.4351
7207.9,0.43529
7208.8,0.43372
7209.7,0.43515
7210.59,0.43457
7211.49,0.43588
7212.38,0.4362
7213.28,0.43718
7214.18,0.43801
7215.07,0.43956
7215.97,0.43954
7216.86,0.44035
7217.76,0.4423
7218.66,0.44141
7219.55,0.44149
7220.45,0.44335
7221.34,0.44284
7222.24,0.44357
7223.13,0.44267
7224.03,0.44342
7224.93,0.4457
7225.82,0.445
7226.72,0.44757
7227.61,0.44802
7228.51,0.44904
7229.41,0.44961
7230.3,0.44788
7231.2,0.45054
7232.09,0.45034
7232.99,0.45277
7233.89,0.4521
7234.78,0.45106
7235.68,0.45299
7236.57,0.45114
7237.47,0.45111
7238.36,0.45111
7239.26,0.44916
7240.16,0.44984
7241.05,0.45015
7241.95,0.44911
7242.84,0.44854
7243.74,0.45003
7244.64,0.44997
7245.53,0.45082
7246.43,0.45108
7247.32,0.44761
7248.22,0.44826
7249.12,0.45062
7250.01,0.45036
7250.91,0.45014
7251.8,0.45027
7252.7,0.45005
7253.6,0.45003
7254.49,0.45151
7255.39,0.45059
7256.28,0.45032
7257.18,0.4508
7258.07,0.45092
7258.97,0.45106
7259.87,0.45011
7260.76,0.45064
7261.66,0.45065
7262.55,0.45069
7263.45,0.45153
7264.35,0.45339
7265.24,0.45354
7266.14,0.4525
7267.03,0.45552
7267.93,0.45537
7268.83,0.45627
7269.72,0.45518
7270.62,0.45557
7271.51,0.45404
7272.41,0.45492
7273.3,0.45331
7274.2,0.45565
7275.1,0.45566
7275.99,0.4551
7276.89,0.45201
7277.78,0.45405
7278.68,0.4532
7279.58,0.4527
7280.47,0.45102
7281.37,0.44868
7282.26,0.447
7283.16,0.44797
7284.06,0.44668
7284.95,0.44673
7285.85,0.4436
7286.74,0.44381
7287.64,0.44325
7288.53,0.44245
7289.43,0.44352
7290.33,0.44284
7291.22,0.44216
7292.12,0.44354
7293.01,0.44415
7293.91,0.44488
7294.81,0.44611
7295.7,0.44787
7296.6,0.44945
7297.49,0.44797
7298.39,0.45062
7299.29,0.45436
7300.18,0.45113
7301.08,0.45205
7301.97,0.45449
7302.87,0.45549
7303.76,0.45512
7304.66,0.4549
7305.56,0.45513
7306.45,0.45417
7307.35,0.45554
7308.24,0.45484
7309.14,0.45368
7310.04,0.453
7310.93,0.45276
7311.83,0.45347
7312.72,0.45506
7313.62,0.4545
7314.52,0.45515
7315.41,0.45227
7316.31,0.45314
7317.2,0.45573
7318.1,0.45657
7318.99,0.45436
7319.89,0.45303
7320.79,0.45494
7321.68,0.45627
7322.58,0.45398
7323.47,0.45476
7324.37,0.45247
7325.27,0.45243
7326.16,0.4531
7327.06,0.45348
7327.95,0.45414
7328.85,0.45459
7329.75,0.45378
7330.64,0.45491
7331.54,0.45696
7332.43,0.45687
7333.33,0.458
7334.22,0.45896
7335.12,0.46057
7336.02,0.46095
7336.91,0.46245
7337.81,0.4616
7338.7,0.46374
7339.6,0.46375
7340.5,0.46306
7341.39,0.46283
7342.29,0.46165
7343.18,0.46379
7344.08,0.46174
7344.98,0.46254
7345.87,0.4601
7346.77,0.46123
7347.66,0.46175
7348.56,0.45932
7349.45,0.45795
7350.35,0.45845
7351.25,0.45878
7352.14,0.45682
7353.04,0.45452
7353.93,0.45484
7354.83,0.45483
7355.73,0.45292
7356.62,0.45359
7357.52,0.45242
7358.41,0.45146
7359.31,0.45171
7360.21,0.45003
7361.1,0.45118
7362.0,0.45139
7362.89,0.45122
7363.79,0.4522
7364.69,0.45458
7365.58,0.45485
7366.48,0.45632
7367.37,0.45766
7368.27,0.45752
7369.16,0.45865
7370.06,0.46245
7370.96,0.46199
7371.85,0.46212
7372.75,0.46307
7373.64,0.46438
7374.54,0.46466
7375.44,0.46599
7376.33,0.46642
7377.23,0.46569
7378.12,0.46497
7379.02,0.46554
7379.92,0.46523
7380.81,0.46175
7381.71,0.46264
7382.6,0.46119
7383.5,0.4599
7384.39,0.45712
7385.29,0.45739
7386.19,0.4554
7387.08,0.45395
7387.98,0.45221
7388.87,0.45115
7389.77,0.44956
7390.67,0.45011
7391.56,0.45081
7392.46,0.4516
7393.35,0.45232
7394.25,0.45378
7395.15,0.45481
7396.04,0.4562
7396.94,0.45517
7397.83,0.45731
7398.73,0.45626
7399.62,0.45891
7400.52,0.45926
7401.42,0.4595
7402.31,0.45957
7403.21,0.45931
7404.1,0.46016
7405.0,0.45785
7405.9,0.45881
7406.79,0.45738
7407.69,0.45758
7408.58,0.4545
7409.48,0.45265
7410.38,0.45007
7411.27,0.44799
7412.17,0.44632
7413.06,0.44292
7413.96,0.44194
7414.85,0.43896
7415.75,0.43907
7416.65,0.43683
7417.54,0.43871
7418.44,0.43795
7419.33,0.43743
7420.23,0.43934
7421.13,0.43967
7422.02,0.44153
7422.92,0.44348
7423.81,0.44565
7424.71,0.44853
7425.6,0.4495
7426.5,0.4507
7427.4,0.45523
7428.29,0.45579
7429.19,0.45848
7431.68,0.46225
7434.18,0.46174
7436.67,0.46264
7439.17,0.46308
7441.66,0.46116
7444.16,0.45987
7446.66,0.46007
7449.15,0.46045
7451.65,0.46212
7454.14,0.46412
7456.64,0.46617
7459.13,0.46471
7461.63,0.46397
7464.12,0.46358
7466.62,0.46255
7469.11,0.46377
7471.61,0.46421
7474.1,0.4646
7476.6,0.46222
7479.09,0.46293
7481.59,0.4618
7484.08,0.46195
7486.58,0.46283
7489.07,0.46327
7491.57,0.45938
7494.06,0.45782
7496.56,0.45614
7499.05,0.45948
7501.55,0.46163
7504.04,0.46325
7506.54,0.46372
7509.03,0.46295
7511.53,0.46177
7514.02,0.46384
7516.52,0.465
7519.01,0.46515
7521.51,0.46604
7524.0,0.46497
7526.5,0.46419
7528.99,0.4641
7531.49,0.46599
7533.99,0.46763
7536.48,0.46764
7538.98,0.46889
7541.47,0.46929
7543.97,0.46673
7546.46,0.468
7548.96,0.46714
7551.45,0.46575
7553.95,0.46593
7556.44,0.46376
7558.94,0.46459
7561.43,0.46397
7563.93,0.46489
7566.42,0.46459
7568.92,0.46586
7571.41,0.46414
7573.91,0.46553
7576.4,0.46404
7578.9,0.4642
7581.39,0.46191
7583.89,0.45961
7586.38,0.45561
7588.88,0.45353
7591.37,0.45225
7593.87,0.45048
7596.36,0.45055
7598.86,0.45049
7601.35,0.44976
7603.85,0.4493
7606.34,0.44857
7608.84,0.44743
7611.33,0.44837
7613.83,0.44694
7616.33,0.44496
7618.82,0.44414
7621.32,0.44465
7623.81,0.44509
7626.31,0.44628
7628.8,0.44699
7631.3,0.44679
7633.79,0.44753
7636.29,0.44676
7638.78,0.44688
7641.28,0.44735
7643.77,0.44808
7646.27,0.44732
7648.76,0.44617
7651.26,0.44319
7653.75,0.43986
7656.25,0.43651
7658.74,0.42982
7661.24,0.42518
7663.73,0.42188
7666.23,0.41982
7668.72,0.42355
7671.22,0.42703
7673.71,0.43052
7676.21,0.43303
7678.7,0.43428
7681.2,0.4351
7683.69,0.43521
7686.19,0.43501
7688.69,0.43374
7691.18,0.43423
7693.68,0.43115
7696.17,0.43115
7698.67,0.42961
7701.16,0.42975
7703.66,0.43065
7706.15,0.43035
7708.65,0.43042
7711.14,0.42738
7713.64,0.42505
7716.13,0.42511
7718.63,0.42675
7721.12,0.42813
7723.62,0.42926
7726.11,0.43306
7728.61,0.43457
7731.1,0.43655
7733.6,0.43842
7736.09,0.44016
7738.59,0.4398
7741.08,0.43889
7743.58,0.43417
7746.07,0.43014
7748.57,0.42684
7751.06,0.42708
7753.56,0.4285
7756.05,0.42999
7758.55,0.4338
7761.04,0.435
7763.54,0.437
7766.03,0.43825
7768.53,0.43899
7771.03,0.4405
7773.52,0.44113
7776.02,0.44111
7778.51,0.43951
7781.01,0.43884
7783.5,0.43774
7786.0,0.43571
7788.49,0.43548
7790.99,0.43397
7793.48,0.43303
7795.98,0.43255
7798.47,0.43422
7800.97,0.43382
7803.46,0.43479
7805.96,0.43578
7808.45,0.43565
7810.95,0.43675
7813.44,0.43865
7815.94,0.44022
7818.43,0.44057
7820.93,0.44049
7823.42,0.44004
7825.92,0.43953
7828.41,0.43602
7830.91,0.43385
7833.4,0.43017
7835.9,0.42742
7838.39,0.42777
7840.89,0.4296
7843.38,0.43227
7845.88,0.43236
7848.38,0.43273
7850.87,0.43256
7853.37,0.43227
7855.86,0.43261
7858.36,0.43302
7860.85,0.434
7863.35,0.43428
7865.84,0.43466
7868.34,0.43392
7870.83,0.43396
7873.33,0.43296
7875.82,0.43102
7878.32,0.43141
7880.81,0.43127
7883.31,0.43083
7885.8,0.43049
7888.3,0.43163
7890.79,0.43139
7893.29,0.42967
7895.78,0.42886
7898.28,0.42785
7900.77,0.42751
7903.27,0.42751
7905.76,0.42598
7908.26,0.42416
7910.75,0.4219
7913.25,0.41914
7915.74,0.41829
7918.24,0.41768
7920.73,0.41785
7923.23,0.41891
7925.73,0.41963
7928.22,0.4205
7930.71,0.42053
7933.21,0.41788
7935.71,0.41761
7938.2,0.41541
7940.7,0.41349
7943.19,0.41156
7945.69,0.41243
7948.18,0.41322
7950.68,0.41716
7953.17,0.42058
7955.67,0.42194
7958.16,0.42399
7960.66,0.42487
7963.15,0.42553
7965.65,0.42623
7968.14,0.42713
7970.64,0.42815
7973.13,0.42815
7975.63,0.42876
7978.12,0.42781
7980.62,0.42614
7983.11,0.42618
7985.61,0.42527
7988.1,0.42368
7990.6,0.42385
7993.09,0.42253
7995.59,0.42178
7998.08,0.42141
8000.58,0.42105
8003.07,0.42293
8005.57,0.42518
8008.06,0.4272
8010.56,0.4301
8013.06,0.43172
8015.55,0.43285
8018.05,0.43254
8020.54,0.43119
8023.04,0.42873
8025.53,0.42569
8028.03,0.42455
8030.52,0.4236
8033.02,0.42665
8035.51,0.43025
8038.01,0.43274
8040.5,0.43285
8043.0,0.42934
8045.49,0.42576
8047.99,0.4234
8050.48,0.42367
8052.98,0.42519
8055.47,0.42706
8057.97,0.42912
8060.46,0.42989
8062.96,0.42969
8065.45,0.42792
8067.95,0.42609
8070.44,0.42297
8072.94,0.42199
8075.43,0.42082
8077.93,0.42163
8080.42,0.42187
8082.92,0.42251
8085.41,0.42174
8087.91,0.4213
8090.4,0.41986
8092.9,0.41834
8095.4,0.418
8097.89,0.41781
8100.39,0.41833
8102.88,0.42007
8105.38,0.42077
8107.87,0.42066
8110.37,0.42119
8112.86,0.42115
8115.36,0.42022
8117.85,0.41912
8120.35,0.42013
8122.84,0.42236
8125.34,0.42302
8127.83,0.42488
8130.33,0.42479
8132.82,0.4245
8135.32,0.42545
8137.81,0.42389
8140.31,0.42547
8142.8,0.42475
8145.3,0.4251
8147.79,0.42413
8150.29,0.42368
8152.78,0.42393
8155.28,0.42486
8157.77,0.42435
8160.27,0.4254
8162.76,0.42469
8165.26,0.42333
8167.75,0.42409
8170.25,0.42578
8172.75,0.42642
8175.24,0.42632
8177.74,0.42408
8180.23,0.42126
8182.73,0.41805
8185.22,0.41609
8187.72,0.41469
8190.21,0.41442
8192.71,0.41485
8195.2,0.41182
8197.7,0.411
8200.19,0.41099
8202.69,0.41012
8205.18,0.41038
8207.68,0.41099
8210.17,0.41336
8212.67,0.41357
8215.16,0.41449
8217.66,0.41648
8220.15,0.41525
8222.65,0.41844
8225.14,0.42026
8227.64,0.42116
8230.13,0.42264
8232.63,0.42265
8235.12,0.42218
8237.62,0.42187
8240.11,0.42191
8242.61,0.42128
8245.1,0.42122
8247.6,0.42094
8250.1,0.4194
8252.59,0.41857
8255.08,0.41732
8257.58,0.41897
8260.08,0.42001
8262.57,0.42165
8265.07,0.42258
8267.56,0.42183
8270.06,0.42172
8272.55,0.42075
8275.05,0.41955
8277.54,0.4195
8280.04,0.42019
8282.53,0.41968
8285.03,0.41827
8287.52,0.41709
8290.02,0.4159
8292.51,0.41559
8295.01,0.41292
8297.5,0.4127
8300.0,0.4128
8302.49,0.41078
8304.99,0.40797
8307.48,0.40666
8309.98,0.40662
8312.47,0.40671
8314.97,0.40825
8317.46,0.41113
8319.96,0.41147
8322.46,0.40981
8324.95,0.40847
8327.44,0.40546
8329.94,0.40289
8332.43,0.40116
8334.93,0.4014
8337.43,0.40126
8339.92,0.40275
8342.42,0.40329
8344.91,0.40438
8347.41,0.40469
8349.9,0.40473
8352.4,0.40642
8354.89,0.40691
8357.39,0.40706
8359.88,0.40686
8362.38,0.40752
8364.87,0.40558
8367.37,0.40675
8369.86,0.40814
8372.36,0.40984
8374.85,0.408
8377.35,0.40721
8379.84,0.40472
8382.34,0.40024
8384.83,0.39735
8387.33,0.39573
8389.82,0.39671
8392.32,0.39937
8394.81,0.40372
8397.31,0.40461
8399.8,0.40791
8402.3,0.40825
8404.79,0.40911
8407.29,0.41052
8409.79,0.41014
8412.28,0.4082
8414.78,0.40756
8417.27,0.40601
8419.77,0.40504
8422.26,0.40325
8424.76,0.40201
8427.25,0.4004
8429.75,0.39968
8432.24,0.39674
8434.74,0.39651
8437.23,0.39342
8439.73,0.39333
8442.22,0.39431
8444.72,0.39469
8447.21,0.39785
8449.71,0.39886
8452.2,0.3992
8454.7,0.39873
8457.19,0.39763
8459.69,0.39731
8462.18,0.39579
8464.68,0.39399
8467.17,0.39135
8469.67,0.38931
8472.16,0.39013
8474.66,0.39246
8477.15,0.39412
8479.65,0.39567
8482.14,0.39721
8484.64,0.39686
8487.13,0.39485
8489.63,0.39362
8492.12,0.38566
8494.62,0.37636
8497.12,0.36666
8499.61,0.35868
8502.11,0.35857
8504.6,0.36535
8507.1,0.37314
8509.59,0.38087
8512.09,0.3843
8514.58,0.38312
8517.08,0.38342
8519.57,0.38183
8522.07,0.38402
8524.56,0.38464
8527.06,0.38403
8529.55,0.38392
8532.05,0.37825
8534.54,0.36768
8537.04,0.35237
8539.53,0.33284
8542.03,0.31639
8544.52,0.3105
8547.02,0.31648
8549.51,0.33218
8552.01,0.35183
8554.5,0.36692
8557.0,0.37741
8559.49,0.38378
8561.99,0.38617
8564.48,0.38832
8566.98,0.38866
8569.47,0.38984
8571.97,0.39134
8574.47,0.39132
8576.96,0.39119
8579.46,0.39174
8581.95,0.39145
8584.45,0.3915
8586.94,0.39069
8589.44,0.39255
8591.93,0.39134
8594.43,0.39138
8596.92,0.38941
8599.42,0.39066
8601.91,0.38959
8604.41,0.38911
8606.9,0.39021
8609.4,0.38997
8611.89,0.38861
8614.39,0.38903
8616.88,0.38832
8619.38,0.38938
8621.87,0.38932
8624.37,0.39147
8626.86,0.39156
8629.36,0.39266
8631.85,0.39298
8634.35,0.39439
8636.84,0.39531
8639.34,0.39688
8641.83,0.39654
8644.33,0.39551
8646.83,0.39308
8649.32,0.39079
8651.82,0.38389
8654.31,0.37764
8656.8,0.36505
8659.3,0.34913
8661.8,0.33377
8664.29,0.32662
8666.79,0.3289
8669.28,0.34065
8671.78,0.35492
8674.27,0.36684
8676.77,0.37432
8679.26,0.37941
8681.76,0.38193
8684.25,0.38167
8686.75,0.38101
8689.24,0.3801
8691.74,0.3794
8694.23,0.38187
8696.73,0.38312
8699.22,0.38518
8701.72,0.38616
8704.21,0.38776
8706.71,0.38763
8709.2,0.38816
8711.7,0.38733
8714.19,0.38743
8716.69,0.38747
8719.18,0.39021
8721.68,0.39139
8724.17,0.39367
8726.67,0.39422
8729.17,0.39378
8731.66,0.39303
8734.16,0.39058
8736.65,0.39094
8739.15,0.38953
8741.64,0.38806
8744.14,0.38905
8746.63,0.38769
8749.13,0.38641
8751.62,0.38686
8754.12,0.38549
8756.61,0.38628
8759.11,0.38676
8761.6,0.38833
8764.1,0.38988
8766.59,0.38849
8769.09,0.38947
8771.58,0.38773
8774.08,0.38874
8776.57,0.38934
8779.07,0.39019
8781.56,0.39301
8784.06,0.39257
8786.55,0.39317
8789.05,0.39355
8791.54,0.3906
8794.04,0.38971
8796.53,0.38894
8799.03,0.38692
8801.52,0.38493
8804.02,0.38115
8806.51,0.37706
8809.01,0.37649
8811.5,0.3786
8814.0,0.3831
8816.5,0.38789
8818.99,0.38945
8821.49,0.38929
8823.98,0.3885
8826.48,0.38815
8828.97,0.38977
8831.47,0.39148
8833.96,0.39247
8836.46,0.39366
8838.95,0.3934
8841.45,0.39277
8843.94,0.39447
8846.44,0.39592
8848.93,0.39689
8851.43,0.39748
8853.92,0.39673
8856.42,0.39547
8858.91,0.39153
8861.41,0.38543
8863.9,0.38178
8866.4,0.37843
8868.89,0.37834
8871.39,0.37893
8873.88,0.38005
8876.38,0.3816
8878.87,0.38268
8881.37,0.38298
8883.87,0.38432
8886.36,0.38547
8888.86,0.38605
8891.35,0.3863
8893.84,0.38682
8896.34,0.38705
8898.84,0.38694
8901.33,0.38676
8903.83,0.38753
8906.32,0.38608
8908.82,0.38588
8911.31,0.38518
8913.81,0.38309
8916.3,0.38297
8918.8,0.38105
8921.29,0.37985
8923.79,0.37955
8926.28,0.37851
8928.78,0.37931
8931.27,0.37926
8933.77,0.37954
8936.26,0.37954
8938.76,0.38035
8941.25,0.37895
8943.75,0.37822
8946.24,0.37725
8948.74,0.37691
8951.23,0.37901
8953.73,0.38114
8956.22,0.38301
8958.72,0.38392
8961.21,0.38394
8963.71,0.38363
8966.2,0.38325
8968.7,0.38193
8971.2,0.38084
8973.69,0.38033
8976.19,0.37973
8978.68,0.3805
8981.18,0.38152
8983.67,0.38201
8986.17,0.38286
8988.66,0.38413
8991.16,0.38285
8993.65,0.38285
8996.15,0.38409
8998.64,0.38085
9001.14,0.37925
9003.63,0.3775
9006.13,0.37506
9008.62,0.37029
9011.12,0.36558
9013.61,0.36109
9016.11,0.35902
9018.6,0.35841
9021.1,0.36108
9023.59,0.36404
9026.09,0.36728
9028.58,0.37168
9031.08,0.37451
9033.57,0.37748
9036.07,0.37958
9038.56,0.38078
9041.06,0.383
9043.55,0.38294
9046.05,0.38431
9048.54,0.38383
9051.04,0.38431
9053.54,0.38481
9056.03,0.38334
9058.53,0.38142
9061.02,0.37998
9063.52,0.37883
9066.01,0.38004
9068.51,0.37972
9071.0,0.37977
9073.5,0.37976
9075.99,0.38014
9078.49,0.37815
9080.98,0.37648
9083.48,0.37312
9085.97,0.3698
9088.47,0.3672
9090.96,0.3656
9093.46,0.36597
9095.95,0.36956
9098.45,0.37218
9100.94,0.37476
9103.44,0.37581
9105.93,0.37626
9108.43,0.37459
9110.92,0.37465
9113.42,0.3735
9115.91,0.37259
9118.41,0.3722
9120.9,0.37257
9123.4,0.37434
9125.89,0.37624
9128.39,0.3776
9130.88,0.37806
9133.38,0.37773
9135.88,0.37542
9138.37,0.37293
9140.87,0.3702
9143.36,0.36745
9145.86,0.36458
9148.35,0.3637
9150.85,0.36516
9153.34,0.36574
9155.84,0.36675
9158.33,0.36715
9160.83,0.36628
9163.32,0.36555
9165.82,0.36239
9168.31,0.35962
9170.81,0.35732
9173.3,0.35448
9175.8,0.35541
9178.29,0.35558
9180.79,0.35798
9183.28,0.35926
9185.78,0.36045
9188.27,0.36094
9190.77,0.36109
9193.26,0.36029
9195.76,0.35952
9198.25,0.35848
9200.75,0.35829
9203.24,0.35771
9205.74,0.35574
9208.24,0.35496
9210.73,0.35353
9213.23,0.35312
9215.72,0.35116
9218.22,0.35215
9220.71,0.3519
9223.21,0.35225
9225.7,0.35116
9228.2,0.35137
9230.69,0.34954
9233.19,0.34908
9235.68,0.34925
9238.18,0.35067
9240.67,0.35253
9243.17,0.35292
9245.66,0.35318
9248.16,0.35327
9250.65,0.35202
9253.15,0.35185
9255.64,0.35085
9258.14,0.35054
9260.63,0.35309
9263.13,0.35428
9265.62,0.35648
9268.12,0.35804
9270.61,0.35955
9273.11,0.35954
9275.6,0.35927
9278.1,0.35727
9280.59,0.35639
9283.09,0.35426
9285.58,0.35325
9288.08,0.35221
9290.58,0.35092
9293.07,0.35004
9295.57,0.3493
9298.06,0.34976
9300.56,0.35114
9303.05,0.35201
9305.55,0.35203
9308.04,0.35188
9310.54,0.35335
9313.03,0.35161
9315.53,0.35132
9318.02,0.35167
9320.52,0.35158
9323.01,0.35116
9325.51,0.35145
9328.0,0.3508
9330.5,0.35236
9332.99,0.35269
9335.49,0.35288
9337.98,0.35352
9340.48,0.35292
9342.97,0.35203
9345.47,0.35203
9347.96,0.34895
9350.46,0.3483
9352.95,0.34637
9355.45,0.34467
9357.94,0.34193
9360.44,0.34217
9362.93,0.34173
9365.43,0.34234
9367.92,0.3434
9370.42,0.34365
9372.92,0.34275
9375.41,0.34384
9377.91,0.34295
9380.4,0.34274
9382.9,0.34173
9385.39,0.34223
9387.89,0.34194
9390.38,0.34235
9392.88,0.34148
9395.37,0.34224
9397.87,0.34141
9400.36,0.34013
9402.86,0.33917
9405.35,0.3377
9407.85,0.33478
9410.34,0.33285
9412.84,0.33121
9415.33,0.33049
9417.83,0.33095
9420.32,0.333
9422.82,0.33512
9425.31,0.33703
9427.81,0.33825
9430.3,0.33778
9432.8,0.33736
9435.29,0.33616
9437.79,0.33576
9440.28,0.3347
9442.78,0.33416
9445.27,0.33399
9447.77,0.33407
9450.27,0.33522
9452.76,0.33615
9455.25,0.33666
9457.75,0.33793
9460.25,0.33927
9462.74,0.33992
9465.24,0.34101
9467.73,0.34197
9470.23,0.3423
9472.72,0.34213
9475.22,0.34327
9477.71,0.34268
9480.21,0.34243
9482.7,0.34249
9485.2,0.3428
9487.69,0.34341
9490.19,0.34407
9492.68,0.34482
9495.18,0.34466
9497.67,0.34506
9500.17,0.34485
9502.66,0.34649
9505.16,0.34586
9507.65,0.34605
9510.15,0.34511
9512.64,0.34536
9515.14,0.34576
9517.63,0.34684
9520.13,0.34713
9522.62,0.34849
9525.12,0.34849
9527.61,0.34802
9530.11,0.34725
9532.61,0.34599
9535.1,0.34456
9537.6,0.34237
9540.09,0.34067
9542.59,0.33767
9545.08,0.3352
9547.58,0.33304
9550.07,0.33471
9552.57,0.33652
9555.06,0.33991
9557.56,0.34192
9560.05,0.34471
9562.55,0.34583
9565.04,0.34683
9567.54,0.3457
9570.03,0.34411
9572.53,0.3427
9575.02,0.34326
9577.52,0.34178
9580.01,0.34278
9582.51,0.34469
9585.0,0.3445
9587.5,0.3452
9589.99,0.34623
9592.49,0.34557
9594.98,0.34443
9597.48,0.34262
9599.97,0.34014
9602.47,0.33984
9604.96,0.34037
9607.46,0.34133
9609.96,0.34171
9612.45,0.34351
9614.95,0.34427
9617.44,0.34433
9619.94,0.34381
9622.43,0.34264
9624.93,0.34228
9627.42,0.34236
9629.92,0.34174
9632.41,0.34105
9634.91,0.34006
9637.4,0.33889
9639.9,0.33749
9642.39,0.33759
9644.89,0.3368
9647.38,0.33611
9649.88,0.33608
9652.37,0.33619
9654.87,0.33546
9657.36,0.33508
9659.86,0.33585
9662.35,0.33529
9664.85,0.33538
9667.34,0.33582
9669.84,0.33504
9672.33,0.33494
9674.83,0.33465
9677.32,0.33411
9679.82,0.33495
9682.31,0.33553
9684.81,0.33646
9687.3,0.33629
9689.8,0.33568
9692.29,0.33476
9694.79,0.33501
9697.29,0.33532
9699.78,0.33519
9702.28,0.33436
9704.77,0.3348
9707.27,0.33493
9709.76,0.33525
9712.26,0.33528
9714.75,0.33719
9717.25,0.33664
9719.74,0.33646
9722.24,0.33542
9724.73,0.3341
9727.23,0.33304
9729.72,0.3319
9732.22,0.33139
9734.71,0.33036
9737.21,0.33003
9739.7,0.32903
9742.2,0.32942
9744.69,0.32944
9747.19,0.32999
9749.68,0.33139
9752.18,0.33294
9754.67,0.33401
9757.17,0.33438
9759.66,0.33482
9762.16,0.33392
9764.65,0.33449
9767.15,0.33223
9769.64,0.3315
9772.14,0.33092
9774.64,0.33059
9777.13,0.3325
9779.63,0.33069
9782.12,0.32846
9784.62,0.32725
9787.11,0.32644
9789.61,0.32673
9792.1,0.32876
9794.6,0.33137
9797.09,0.33323
9799.59,0.33521
9802.08,0.33463
9804.58,0.336
9807.07,0.33647
9809.57,0.33736
9812.06,0.33673
9814.56,0.33602
9817.05,0.33753
9819.55,0.33715
9822.04,0.33658
9824.54,0.33702
9827.03,0.33582
9829.53,0.33573
9832.02,0.33495
9834.52,0.33441
9837.01,0.33446
9839.51,0.33499
9842.0,0.33565
9844.5,0.33657
9847.0,0.33717
9849.49,0.33686
9851.99,0.33604
9854.48,0.33604
9856.98,0.33595
9859.47,0.3361
9861.97,0.33498
9864.46,0.33569
9866.96,0.33464
9869.45,0.33497
9871.95,0.33557
9874.44,0.33551
9876.94,0.33514
9879.43,0.33594
9881.93,0.33544
9884.42,0.33481
9886.92,0.33491
9889.41,0.33274
9891.91,0.33231
9894.4,0.33247
9896.9,0.33132
9899.39,0.33138
9901.89,0.3311
9904.38,0.33113
9906.88,0.33077
9909.37,0.33022
9911.87,0.32969
9914.36,0.32968
9916.86,0.32953
9919.35,0.32922
9921.85,0.32971
9924.34,0.3287
9926.84,0.32897
9929.33,0.32787
9931.83,0.32887
9934.33,0.32893
9936.82,0.3297
9939.32,0.32992
9941.81,0.33084
9944.31,0.32934
9946.8,0.32956
9949.3,0.32998
9951.79,0.32926
9954.29,0.33012
9956.78,0.33057
9959.28,0.33148
9961.77,0.33088
9964.27,0.33135
9966.76,0.33192
9969.26,0.33245
9971.75,0.33179
9974.25,0.33167
9976.74,0.33095
9979.24,0.33203
9981.73,0.33123
9984.23,0.33034
9986.72,0.33002
9989.22,0.33064
9991.71,0.32925
9994.21,0.32914
9996.7,0.32814
9999.2,0.32776
10001.7,0.32791
10004.2,0.32781
10006.7,0.32851
10009.2,0.32798
10011.7,0.32948
10014.2,0.33005
10016.7,0.3312
10019.2,0.33193
10021.7,0.33266
10024.2,0.33212
10026.6,0.33064
10029.1,0.3307
10031.6,0.32925
10034.1,0.32708
10036.6,0.32543
10039.1,0.3249
10041.6,0.32412
10044.1,0.32359
10046.6,0.32117
10049.1,0.32064
10051.6,0.3187
10054.1,0.318
10056.6,0.31924
10059.1,0.31915
10061.6,0.3204
10064.1,0.3214
10066.6,0.32267
10069.1,0.32388
10071.6,0.32476
10074.1,0.32575
10076.5,0.32662
10079.0,0.32643
10081.5,0.32594
10084.0,0.32587
10086.5,0.32565
10089.0,0.32621
10091.5,0.32801
10094.0,0.32918
10096.5,0.3299
10099.0,0.33
10101.5,0.33022
10104.0,0.33022
10106.5,0.32947
10109.0,0.32921
10111.5,0.32829
10114.0,0.32781
10116.5,0.32605
10119.0,0.32652
10121.5,0.32592
10124.0,0.32592
10126.5,0.32615
10128.9,0.32704
10131.4,0.32676
10133.9,0.32608
10136.4,0.32552
10138.9,0.32516
10141.4,0.32368
10143.9,0.32264
10146.4,0.32264
10148.9,0.32237
10151.4,0.32238
10153.9,0.32197
10156.4,0.32278
10158.9,0.32312
10161.4,0.32375
10163.9,0.32377
10166.4,0.32441
10168.9,0.32425
10171.4,0.32364
10173.9,0.3237
10176.4,0.32352
10178.9,0.32551
10181.3,0.32442
10183.8,0.3243
10186.3,0.32361
10188.8,0.32301
10191.3,0.32241
10193.8,0.32092
10196.3,0.32022
10198.8,0.32185
10201.3,0.32037
10203.8,0.32228
10206.3,0.32175
10208.8,0.32221
10211.3,0.32132
10213.8,0.32128
10216.3,0.31867
10218.8,0.31914
10221.3,0.31851
10223.8,0.31896
10226.3,0.31988
10228.8,0.32112
10231.2,0.32017
10233.7,0.321
10236.2,0.32164
10238.7,0.32269
10241.2,0.3221
10243.7,0.32232
10246.2,0.32098
10248.7,0.32127
10251.2,0.32099
10253.7,0.32085
10256.2,0.32015
10258.7,0.31976
10261.2,0.31933
10263.7,0.31849
10266.2,0.31951
10268.7,0.31919
10271.2,0.31852
10273.7,0.3184
10276.2,0.31916
10278.7,0.31917
10281.2,0.31938
10283.6,0.31924
10286.1,0.31847
10288.6,0.31852
10291.1,0.31862
10293.6,0.31869
10296.1,0.31756
10298.6,0.31802
10301.1,0.31784
10303.6,0.31768
10306.1,0.31827
10308.6,0.31829
10311.1,0.31848
10313.6,0.31874
10316.1,0.31832
10318.6,0.31806
10321.1,0.31744
10323.6,0.31608
10326.1,0.31408
10328.6,0.31274
10331.1,0.31166
10333.5,0.31047
10336.0,0.3112
10338.5,0.31139
10341.0,0.30997
10343.5,0.31009
10346.0,0.30992
10348.5,0.31132
10351.0,0.31207
10353.5,0.31353
10356.0,0.31466
10358.5,0.31617
10361.0,0.31667
10363.5,0.31668
10366.0,0.31618
10368.5,0.31486
10371.0,0.31368
10373.5,0.31378
10376.0,0.3128
10378.5,0.3128
10381.0,0.31223
10383.5,0.31357
10385.9,0.31293
10388.4,0.31305
10390.9,0.31311
10393.4,0.31099
10395.9,0.31114
10398.4,0.30973
10400.9,0.30957
10403.4,0.31067
10405.9,0.31216
10408.4,0.3133
10410.9,0.31455
10413.4,0.31459
10415.9,0.31429
10418.4,0.31408
10420.9,0.31296
10423.4,0.3129
10425.9,0.3121
10428.4,0.31157
10430.9,0.31223
10433.4,0.31236
10435.9,0.31241
10438.3,0.31363
10440.8,0.31348
10443.3,0.31393
10445.8,0.31332
10448.3,0.31284
10450.8,0.3142
10453.3,0.31238
10455.8,0.31217
10458.3,0.31136
10460.8,0.31088
10463.3,0.31018
10465.8,0.30975
10468.3,0.31008
10470.8,0.3103
10473.3,0.30933
10475.8,0.31094
10478.3,0.31123
10480.8,0.3115
10483.3,0.31159
10485.8,0.31124
10488.2,0.31104
10490.7,0.31055
10493.2,0.30909
10495.7,0.30908
10498.2,0.30883
10500.7,0.30795
10503.2,0.30819
10505.7,0.30997
10508.2,0.30865
10510.7,0.30881
10513.2,0.30967
10515.7,0.30853
10518.2,0.309
10520.7,0.30921
10523.2,0.3101
10525.7,0.30976
10528.2,0.30925
10530.7,0.30862
10533.2,0.30822
10535.7,0.30767
10538.2,0.30824
10540.6,0.30761
10543.1,0.30872
10545.6,0.30924
10548.1,0.30901
10550.6,0.3083
10553.1,0.30876
10555.6,0.30797
10558.1,0.3084
10560.6,0.30724
10563.1,0.30829
10565.6,0.30825
10568.1,0.30729
10570.6,0.30694
10573.1,0.30692
10575.6,0.30612
10578.1,0.30464
10580.6,0.30244
10583.1,0.30054
10585.6,0.29963
10588.1,0.29872
10590.6,0.29999
10593.0,0.30142
10595.5,0.30242
10598.0,0.30371
10600.5,0.303
10603.0,0.30335
10605.5,0.30171
10608.0,0.30112
10610.5,0.30171
10613.0,0.30157
10615.5,0.30251
10618.0,0.30307
10620.5,0.30356
10623.0,0.30449
10625.5,0.30435
10628.0,0.30436
10630.5,0.30499
10633.0,0.30576
10635.5,0.30496
10638.0,0.30646
10640.5,0.30619
10642.9,0.30566
10645.4,0.30564
10647.9,0.30461
10650.4,0.30379
10652.9,0.30314
10655.4,0.3021
10657.9,0.29984
10660.4,0.29867
10662.9,0.29775
10665.4,0.29744
10667.9,0.29755
10670.4,0.29811
10672.9,0.29973
10675.4,0.2995
10677.9,0.29981
10680.4,0.29861
10682.9,0.29912
10685.4,0.29677
10687.9,0.2962
10690.4,0.29523
10692.9,0.29448
10695.3,0.2967
10697.8,0.29724
10700.3,0.29821
10702.8,0.29994
10705.3,0.30009
10707.8,0.30166
10710.3,0.30249
10712.8,0.30179
10715.3,0.30162
10717.8,0.30212
10720.3,0.30153
10722.8,0.29962
10725.3,0.29656
10727.8,0.29504
10730.3,0.29431
10732.8,0.29459
10735.3,0.29456
10737.8,0.29625
10740.3,0.29714
10742.8,0.29727
10745.3,0.2972
10747.7,0.29764
10750.2,0.29575
10752.7,0.29572
10755.2,0.29553
10757.7,0.29705
10760.2,0.29775
10762.7,0.29882
10765.2,0.29961
10767.7,0.29967
10770.2,0.29984
10772.7,0.2986
10775.2,0.29682
10777.7,0.29566
10780.2,0.29377
10782.7,0.29231
10785.2,0.29189
10787.7,0.29002
10790.2,0.29113
10792.7,0.29256
10795.2,0.29472
10797.6,0.29583
10800.1,0.29685
10802.6,0.29636
10805.1,0.29609
10807.6,0.29503
10810.1,0.29311
10812.6,0.29173
10815.1,0.29109
10817.6,0.28993
10820.1,0.28947
10822.6,0.28843
10825.1,0.28758
10827.6,0.28674
10830.1,0.28701
10832.6,0.28802
10835.1,0.2888
10837.6,0.2908
10840.1,0.29186
10842.6,0.29219
10845.1,0.29338
10847.6,0.29314
10850.0,0.29356
10852.5,0.29459
10855.0,0.29543
10857.5,0.29486
10860.0,0.29444
10862.5,0.29274
10865.0,0.29053
10867.5,0.28776
10870.0,0.28466
10872.5,0.28315
10875.0,0.28309
10877.5,0.2827
10880.0,0.28369
10882.5,0.28398
10885.0,0.284
10887.5,0.28498
10890.0,0.28634
10892.5,0.28704
10895.0,0.2875
10897.5,0.289
10900.0,0.28969
10902.4,0.29015
10904.9,0.29061
10907.4,0.29173
10909.9,0.29059
10912.4,0.28984
10914.9,0.28982
10917.4,0.28867
10919.9,0.28691
10922.4,0.28605
10924.9,0.28397
10927.4,0.28146
10929.9,0.27995
10932.4,0.27849
10934.9,0.27762
10937.4,0.27661
10939.9,0.27667
10942.4,0.27736
10944.9,0.27784
10947.4,0.27885
10949.9,0.27984
10952.3,0.28018
10954.8,0.27871
10957.3,0.27782
10959.8,0.27561
10962.3,0.27346
10964.8,0.27126
10967.3,0.26964
10969.8,0.26819
10972.3,0.26733
10974.8,0.26797
10977.3,0.26868
10979.8,0.26834
10982.3,0.26998
10984.8,0.26981
10987.3,0.27039
10989.8,0.27112
10992.3,0.27167
10994.8,0.27163
10997.3,0.27154
10999.8,0.2707
