wave,flux
3700.85,0.084999
3701.75,0.083557
3702.65,0.080459
3703.55,0.075372
3704.45,0.069906
3705.35,0.06488
3706.25,0.060794
3707.15,0.058568
3708.05,0.05823
3708.96,0.059639
3709.86,0.062614
3710.76,0.066961
3711.66,0.072287
3712.56,0.077881
3713.46,0.08251
3714.36,0.085788
3715.26,0.086161
3716.16,0.08431
3717.06,0.080391
3717.96,0.074613
3718.86,0.067469
3719.76,0.060315
3720.66,0.05458
3721.56,0.051334
3722.46,0.051155
3723.36,0.054083
3724.26,0.058814
3725.16,0.063284
3726.06,0.06719
3726.96,0.06905
3727.86,0.069675
3728.76,0.069181
3729.66,0.068365
3730.56,0.066477
3731.46,0.063817
3732.36,0.059313
3733.26,0.054059
3734.16,0.048646
3735.06,0.044285
3735.96,0.041995
3736.86,0.042464
3737.76,0.045276
3738.66,0.050104
3739.56,0.055659
3740.46,0.060526
3741.36,0.063779
3742.26,0.064761
3743.16,0.062477
3744.06,0.059052
3744.96,0.054944
3745.86,0.050783
3746.76,0.047263
3747.67,0.044982
3748.57,0.043682
3749.47,0.044145
3750.37,0.046461
3751.27,0.051134
3752.17,0.057264
3753.07,0.063585
3753.97,0.06935
3754.87,0.073115
3755.77,0.074396
3756.67,0.073107
3757.57,0.0697
3758.47,0.065824
3759.37,0.062572
3760.27,0.061221
3761.17,0.061228
3762.07,0.062006
3762.97,0.06322
3763.87,0.063916
3764.77,0.06427
3765.67,0.064392
3766.57,0.064592
3767.47,0.065293
3768.37,0.06666
3769.27,0.068663
3770.17,0.070848
3771.07,0.073233
3771.97,0.07588
3772.87,0.078512
3773.77,0.080483
3774.67,0.081712
3775.57,0.083059
3776.47,0.083337
3777.37,0.083883
3778.27,0.084667
3779.17,0.086275
3780.07,0.087703
3780.97,0.08933
3781.87,0.090461
3782.77,0.090866
3783.67,0.090656
3784.57,0.089151
3785.47,0.085661
3786.38,0.081435
3787.28,0.076906
3788.18,0.072865
3789.08,0.070139
3789.98,0.068614
3790.88,0.068216
3791.78,0.068226
3792.68,0.06839
3793.58,0.067485
3794.48,0.065932
3795.38,0.064
3796.28,0.062065
3797.18,0.060446
3798.08,0.059574
3798.98,0.059582
3799.88,0.061331
3800.78,0.064817
3801.68,0.069246
3802.58,0.073916
3803.48,0.077621
3804.38,0.080493
3805.28,0.081679
3806.18,0.081635
3807.08,0.080779
3807.98,0.080216
3808.88,0.080229
3809.78,0.081038
3810.68,0.081294
3811.58,0.080438
3812.48,0.07771
3813.38,0.07428
3814.28,0.069797
3815.18,0.066148
3816.08,0.063192
3816.98,0.060932
3817.88,0.05959
3818.78,0.058385
3819.68,0.057091
3820.58,0.055849
3821.48,0.054459
3822.38,0.053504
3823.28,0.052648
3824.18,0.051313
3825.09,0.049562
3825.99,0.047549
3826.89,0.045988
3827.79,0.044996
3828.69,0.044995
3829.59,0.045413
3830.49,0.045546
3831.39,0.045333
3832.29,0.04458
3833.19,0.043741
3834.09,0.043277
3834.99,0.04309
3835.89,0.043229
3836.79,0.043637
3837.69,0.043832
3838.59,0.043998
3839.49,0.044441
3840.39,0.045992
3841.29,0.048779
3842.19,0.052793
3843.09,0.057397
3843.99,0.061848
3844.89,0.065472
3845.79,0.068183
3846.69,0.0695
3847.59,0.069913
3848.49,0.069937
3849.39,0.069082
3850.29,0.068826
3851.19,0.06791
3852.09,0.06787
3852.99,0.067735
3853.89,0.067024
3854.79,0.065997
3855.69,0.064081
3856.59,0.061405
3857.49,0.058979
3858.39,0.056621
3859.29,0.054813
3860.19,0.054512
3861.09,0.05569
3861.99,0.058534
3862.9,0.062048
3863.8,0.065312
3864.7,0.067969
3865.6,0.069112
3866.5,0.068985
3867.4,0.068469
3868.3,0.067006
3869.2,0.065032
3870.1,0.063334
3871.0,0.061168
3871.9,0.060161
3872.8,0.059811
3873.7,0.061254
3874.6,0.063123
3875.5,0.065018
3876.4,0.066308
3877.3,0.065969
3878.2,0.065106
3879.1,0.063724
3880.0,0.062782
3880.9,0.062184
3881.8,0.062535
3882.7,0.063066
3883.6,0.063221
3884.5,0.063311
3885.4,0.062679
3886.3,0.061365
3887.2,0.060398
3888.1,0.06037
3889.0,0.061371
3889.9,0.063434
3890.8,0.067399
3891.7,0.071246
3892.6,0.074979
3893.5,0.077731
3894.4,0.079534
3895.3,0.079854
3896.2,0.080061
3897.1,0.080061
3898.0,0.080497
3898.9,0.080257
3899.8,0.080339
3900.7,0.080316
3901.6,0.079973
3902.51,0.079149
3903.41,0.078432
3904.31,0.077339
3905.21,0.076608
3906.11,0.07639
3907.01,0.077912
3907.91,0.080239
3908.81,0.083218
3909.71,0.086669
3910.61,0.089707
3911.51,0.092226
3912.41,0.093505
3913.31,0.094309
3914.21,0.094092
3915.11,0.092994
3916.01,0.09153
3916.91,0.089505
3917.81,0.086735
3918.71,0.084039
3919.61,0.080861
3920.51,0.077179
3921.41,0.07435
3922.31,0.072307
3923.21,0.071131
3924.11,0.07015
3925.01,0.068708
3925.91,0.066443
3926.81,0.063042
3927.71,0.058242
3928.61,0.052723
3929.51,0.046934
3930.41,0.040799
3931.31,0.035403
3932.21,0.030852
3933.11,0.027677
3934.01,0.025941
3934.91,0.025779
3935.81,0.027582
3936.71,0.030725
3937.61,0.035604
3938.51,0.041144
3939.42,0.04653
3940.32,0.051715
3941.22,0.055866
3942.12,0.059236
3943.02,0.061737
3943.92,0.064026
3944.82,0.066443
3945.72,0.069961
3946.62,0.073409
3947.52,0.07754
3948.42,0.081208
3949.32,0.083995
3950.22,0.08661
3951.12,0.088849
3952.02,0.090488
3952.92,0.091407
3953.82,0.091877
3954.72,0.091915
3955.62,0.091757
3956.52,0.090885
3957.42,0.089321
3958.32,0.087395
3959.22,0.084454
3960.12,0.081034
3961.02,0.076233
3961.92,0.070381
3962.82,0.06462
3963.72,0.058384
3964.62,0.053007
3965.52,0.047594
3966.42,0.042341
3967.32,0.03758
3968.22,0.03361
3969.12,0.031482
3970.02,0.031468
3970.92,0.033502
3971.82,0.037665
3972.72,0.043279
3973.62,0.049763
3974.52,0.056753
3975.42,0.063981
3976.32,0.070823
3977.22,0.077491
3978.13,0.083514
3979.03,0.0887
3979.93,0.093012
3980.83,0.096819
3981.73,0.09924
3982.63,0.099651
3983.53,0.10101
3984.43,0.10119
3985.33,0.10266
3986.23,0.10448
3987.13,0.10596
3988.03,0.10724
3988.93,0.10889
3989.83,0.11037
3990.73,0.11152
3991.63,0.11225
3992.53,0.11329
3993.43,0.11338
3994.33,0.11285
3995.23,0.11278
3996.13,0.11132
3997.03,0.11035
3997.93,0.1101
3998.83,0.11079
3999.73,0.11284
4000.63,0.11468
4001.53,0.11712
4002.43,0.11796
4003.33,0.11775
4004.23,0.11628
4005.13,0.1136
4006.03,0.11127
4006.93,0.11049
4007.83,0.111
4008.73,0.11228
4009.63,0.11502
4010.53,0.1172
4011.43,0.11941
4012.33,0.12146
4013.23,0.12207
4014.13,0.12268
4015.03,0.12406
4015.93,0.12442
4016.84,0.12351
4017.74,0.1246
4018.64,0.12394
4019.54,0.1246
4020.44,0.12446
4021.34,0.12468
4022.24,0.12432
4023.14,0.12474
4024.04,0.12423
4024.94,0.12442
4025.84,0.12427
4026.74,0.1252
4027.64,0.12561
4028.54,0.12508
4029.44,0.12357
4030.34,0.11923
4031.24,0.11513
4032.14,0.11158
4033.04,0.1083
4033.94,0.10715
4034.84,0.10848
4035.74,0.11156
4036.64,0.11662
4037.54,0.121
4038.44,0.12523
4039.34,0.1282
4040.24,0.12824
4041.14,0.12768
4042.04,0.1252
4042.94,0.12148
4043.84,0.11573
4044.74,0.11069
4045.64,0.10653
4046.54,0.10405
4047.44,0.10464
4048.34,0.10795
4049.24,0.11327
4050.14,0.11822
4051.04,0.12295
4051.94,0.12485
4052.84,0.12512
4053.74,0.12404
4054.65,0.12205
4055.55,0.11939
4056.45,0.11711
4057.35,0.11559
4058.25,0.11517
4059.15,0.11489
4060.05,0.11436
4060.95,0.11407
4061.85,0.1127
4062.75,0.11079
4063.65,0.10826
4064.55,0.10614
4065.45,0.10623
4066.35,0.10765
4067.25,0.11018
4068.15,0.11318
4069.05,0.11576
4069.95,0.11703
4070.85,0.11709
4071.75,0.11663
4072.65,0.1158
4073.55,0.11494
4074.45,0.1145
4075.35,0.11443
4076.25,0.11283
4077.15,0.11176
4078.05,0.11152
4078.95,0.11232
4079.85,0.11496
4080.75,0.11786
4081.65,0.12187
4082.55,0.1245
4083.45,0.12583
4084.35,0.12657
4085.25,0.12808
4086.15,0.12849
4087.05,0.13083
4087.95,0.13353
4088.85,0.1367
4089.75,0.13783
4090.65,0.1387
4091.55,0.13762
4092.45,0.13599
4093.36,0.13425
4094.26,0.13192
4095.16,0.12867
4096.06,0.1258
4096.96,0.1223
4097.86,0.11895
4098.76,0.11556
4099.66,0.11172
4100.56,0.10891
4101.46,0.10604
4102.36,0.1048
4103.26,0.10565
4104.16,0.10766
4105.06,0.11144
4105.96,0.11587
4106.86,0.11969
4107.76,0.12307
4108.66,0.12441
4109.56,0.12461
4110.46,0.12527
4111.36,0.1249
4112.26,0.12569
4113.16,0.12678
4114.06,0.12802
4114.96,0.1294
4115.86,0.13009
4116.76,0.13077
4117.66,0.13065
4118.56,0.12963
4119.46,0.12771
4120.36,0.12692
4121.26,0.12619
4122.16,0.12625
4123.06,0.12652
4123.96,0.12772
4124.86,0.12796
4125.76,0.12846
4126.66,0.1277
4127.56,0.12696
4128.46,0.12615
4129.36,0.1243
4130.26,0.12205
4131.17,0.11912
4132.06,0.11677
4132.97,0.11572
4133.87,0.11536
4134.77,0.11643
4135.67,0.11878
4136.57,0.12225
4137.47,0.12574
4138.37,0.12783
4139.27,0.12916
4140.17,0.1287
4141.07,0.12702
4141.97,0.12387
4142.87,0.12025
4143.77,0.11654
4144.67,0.11473
4145.57,0.11476
4146.47,0.11632
4147.37,0.11876
4148.27,0.12045
4149.17,0.12215
4150.07,0.12208
4150.97,0.1217
4151.87,0.12055
4152.77,0.12039
4153.67,0.11944
4154.57,0.11885
4155.47,0.11829
4156.37,0.11856
4157.27,0.11965
4158.17,0.12181
4159.07,0.12385
4159.97,0.12623
4160.87,0.12885
4161.77,0.13049
4162.67,0.13188
4163.57,0.13233
4164.47,0.13219
4165.37,0.13108
4166.27,0.13021
4167.17,0.12792
4168.07,0.12679
4168.98,0.12517
4169.88,0.12402
4170.78,0.12243
4171.68,0.11998
4172.58,0.1177
4173.48,0.11535
4174.38,0.1144
4175.28,0.11375
4176.18,0.1139
4177.08,0.11529
4177.98,0.1166
4178.88,0.11818
4179.78,0.11906
4180.68,0.12006
4181.58,0.12128
4182.48,0.12192
4183.38,0.12176
4184.28,0.12214
4185.18,0.12267
4186.08,0.12251
4186.98,0.12214
4187.88,0.1217
4188.78,0.12162
4189.68,0.12146
4190.58,0.12308
4191.48,0.12411
4192.38,0.12556
4193.28,0.12685
4194.18,0.12658
4195.08,0.12531
4195.98,0.12324
4196.88,0.12036
4197.78,0.11761
4198.68,0.11529
4199.58,0.11302
4200.48,0.11213
4201.38,0.11252
4202.28,0.11342
4203.18,0.11509
4204.08,0.11764
4204.98,0.12012
4205.88,0.12355
4206.79,0.12674
4207.69,0.12855
4208.59,0.13073
4209.49,0.13177
4210.39,0.13192
4211.29,0.13135
4212.19,0.13155
4213.09,0.13028
4213.99,0.12862
4214.89,0.12704
4215.79,0.12661
4216.69,0.12584
4217.59,0.12719
4218.49,0.12945
4219.39,0.13134
4220.29,0.13328
4221.19,0.13348
4222.09,0.13143
4222.99,0.12811
4223.89,0.12086
4224.79,0.1139
4225.69,0.10622
4226.59,0.10126
4227.49,0.098276
4228.39,0.10036
4229.29,0.10426
4230.19,0.11012
4231.09,0.11666
4231.99,0.12204
4232.89,0.12475
4233.79,0.12587
4234.69,0.12502
4235.59,0.12395
4236.49,0.12282
4237.39,0.12218
4238.29,0.1225
4239.19,0.12381
4240.09,0.12518
4240.99,0.12764
4241.89,0.13098
4242.79,0.13385
4243.69,0.13587
4244.59,0.13718
4245.5,0.13753
4246.4,0.13585
4247.3,0.134
4248.2,0.13101
4249.1,0.12715
4250.0,0.1242
4250.9,0.12169
4251.8,0.1207
4252.7,0.12053
4253.6,0.12095
4254.5,0.12141
4255.4,0.12242
4256.3,0.1235
4257.2,0.12363
4258.1,0.12427
4259.0,0.1243
4259.9,0.12301
4260.8,0.12225
4261.7,0.12325
4262.6,0.1251
4263.5,0.12864
4264.4,0.13268
4265.3,0.13583
4266.2,0.13829
4267.1,0.13765
4268.0,0.13528
4268.9,0.1307
4269.8,0.12544
4270.7,0.11918
4271.6,0.11426
4272.5,0.10956
4273.4,0.10715
4274.3,0.10712
4275.2,0.10992
4276.1,0.11414
4277.0,0.11831
4277.9,0.12312
4278.8,0.12693
4279.7,0.12907
4280.6,0.12934
4281.5,0.12924
4282.4,0.12927
4283.31,0.12758
4284.21,0.12725
4285.11,0.12601
4286.01,0.12443
4286.91,0.12256
4287.81,0.12018
4288.71,0.11726
4289.61,0.11532
4290.51,0.1138
4291.41,0.11375
4292.31,0.11478
4293.21,0.11567
4294.11,0.11729
4295.01,0.11801
4295.91,0.11747
4296.81,0.11494
4297.71,0.11115
4298.61,0.10653
4299.51,0.10189
4300.41,0.097362
4301.31,0.093969
4302.21,0.092432
4303.11,0.091668
4304.01,0.091303
4304.91,0.091027
4305.81,0.090384
4306.71,0.089459
4307.61,0.08828
4308.51,0.087323
4309.41,0.087294
4310.31,0.089049
4311.21,0.092283
4312.11,0.097139
4313.01,0.10429
4313.91,0.11239
4314.81,0.12128
4315.71,0.13025
4316.61,0.13948
4317.51,0.14613
4318.41,0.15121
4319.31,0.15387
4320.21,0.15385
4321.12,0.15041
4322.02,0.146
4322.92,0.13943
4323.82,0.13218
4324.72,0.12626
4325.62,0.12174
4326.52,0.12059
4327.42,0.12256
4328.32,0.12772
4329.22,0.13357
4330.12,0.13976
4331.02,0.14657
4331.92,0.1503
4332.82,0.15195
4333.72,0.15316
4334.62,0.15301
4335.52,0.15128
4336.42,0.14644
4337.32,0.14114
4338.22,0.13516
4339.12,0.12856
4340.02,0.12363
4340.92,0.12101
4341.82,0.12067
4342.72,0.12357
4343.62,0.12801
4344.52,0.13288
4345.42,0.1378
4346.32,0.14267
4347.22,0.14582
4348.12,0.14823
4349.02,0.14904
4349.92,0.14818
4350.82,0.14608
4351.72,0.14259
4352.62,0.1401
4353.52,0.13897
4354.42,0.13829
4355.32,0.13957
4356.22,0.14172
4357.12,0.14435
4358.02,0.14558
4358.92,0.14755
4359.83,0.14902
4360.73,0.15055
4361.63,0.15253
4362.53,0.15408
4363.43,0.15607
4364.33,0.15672
4365.23,0.15808
4366.13,0.15745
4367.03,0.15785
4367.93,0.15495
4368.83,0.15326
4369.73,0.15049
4370.63,0.14884
4371.53,0.14642
4372.43,0.14491
4373.33,0.14313
4374.23,0.14136
4375.13,0.14058
4376.03,0.13976
4376.93,0.13974
4377.83,0.14172
4378.73,0.14214
4379.63,0.14204
4380.53,0.14053
4381.43,0.13609
4382.33,0.13046
4383.23,0.12435
4384.13,0.1195
4385.03,0.1173
4385.93,0.11708
4386.83,0.11964
4387.73,0.1235
4388.63,0.1279
4389.53,0.13132
4390.43,0.13413
4391.33,0.13664
4392.23,0.13855
4393.13,0.14007
4394.03,0.14188
4394.93,0.14363
4395.83,0.14544
4396.73,0.14739
4397.64,0.14905
4398.54,0.14909
4399.44,0.1495
4400.34,0.1482
4401.24,0.14602
4402.14,0.14273
4403.04,0.1398
4403.94,0.13661
4404.84,0.1335
4405.74,0.13142
4406.64,0.13095
4407.54,0.13275
4408.44,0.1351
4409.34,0.13914
4410.24,0.14388
4411.14,0.14791
4412.04,0.15123
4412.94,0.15308
4413.84,0.15356
4414.74,0.15231
4415.64,0.15049
4416.54,0.14961
4417.44,0.14951
4418.34,0.15206
4419.24,0.15436
4420.14,0.15615
4421.04,0.15732
4421.94,0.15685
4422.84,0.15621
4423.74,0.15481
4424.64,0.15461
4425.54,0.15361
4426.44,0.15367
4427.34,0.15375
4428.24,0.15457
4429.14,0.15463
4430.04,0.15425
4430.94,0.15493
4431.84,0.15327
4432.74,0.15234
4433.64,0.15055
4434.54,0.14945
4435.45,0.14832
4436.35,0.14975
4437.25,0.15118
4438.15,0.1536
4439.05,0.1562
4439.95,0.1574
4440.85,0.15867
4441.75,0.1577
4442.65,0.1571
4443.55,0.15698
4444.45,0.15619
4445.35,0.15817
4446.25,0.16069
4447.15,0.16181
4448.05,0.16388
4448.95,0.16424
4449.85,0.16448
4450.75,0.1631
4451.65,0.16174
4452.55,0.15975
4453.45,0.1565
4454.35,0.15232
4455.25,0.14997
4456.15,0.14613
4457.05,0.14405
4457.95,0.14243
4458.85,0.14141
4459.75,0.14142
4460.65,0.1419
4461.55,0.14298
4462.45,0.14434
4463.35,0.14648
4464.25,0.14956
4465.15,0.15138
4466.05,0.15358
4466.95,0.15517
4467.85,0.15676
4468.75,0.15731
4469.65,0.15826
4470.55,0.15834
4471.45,0.16067
4472.35,0.16238
4473.25,0.16484
4474.16,0.16775
4475.06,0.17035
4475.96,0.17269
4476.86,0.17311
4477.76,0.17341
4478.66,0.17204
4479.56,0.17022
4480.46,0.16804
4481.36,0.16568
4482.26,0.16446
4483.16,0.16428
4484.06,0.16535
4484.96,0.16748
4485.86,0.16981
4486.76,0.17048
4487.66,0.17111
4488.56,0.16955
4489.46,0.16918
4490.36,0.16708
4491.26,0.16526
4492.16,0.16552
4493.06,0.16514
4493.96,0.16388
4494.86,0.16325
4495.76,0.1629
4496.66,0.16365
4497.56,0.16508
4498.46,0.1667
4499.36,0.16981
4500.26,0.17168
4501.16,0.17406
4502.06,0.17615
4502.96,0.17832
4503.86,0.18111
4504.76,0.18322
4505.66,0.18398
4506.56,0.18527
4507.46,0.18511
4508.36,0.18508
4509.26,0.18483
4510.17,0.1829
4511.06,0.18216
4511.97,0.18102
4512.87,0.17996
4513.77,0.17865
4514.67,0.17625
4515.57,0.17551
4516.47,0.17439
4517.37,0.17452
4518.27,0.17474
4519.17,0.17517
4520.07,0.1753
4520.97,0.17594
4521.87,0.17537
4522.77,0.17404
4523.67,0.17256
4524.57,0.16906
4525.47,0.16539
4526.37,0.16215
4527.27,0.15776
4528.17,0.15524
4529.07,0.15267
4529.97,0.15139
4530.87,0.15175
4531.77,0.15155
4532.67,0.15251
4533.57,0.1537
4534.47,0.15463
4535.37,0.15677
4536.27,0.15895
4537.17,0.16169
4538.07,0.16484
4538.97,0.16789
4539.87,0.16995
4540.77,0.17098
4541.67,0.17204
4542.57,0.17249
4543.47,0.17196
4544.37,0.17042
4545.27,0.1704
4546.17,0.16954
4547.07,0.16809
4547.97,0.16712
4548.88,0.16679
4549.77,0.16637
4550.68,0.16593
4551.58,0.16582
4552.48,0.16488
4553.38,0.16511
4554.28,0.16601
4555.18,0.16653
4556.08,0.16804
4556.98,0.17074
4557.88,0.17323
4558.78,0.17622
4559.68,0.17814
4560.58,0.17928
4561.48,0.18007
4562.38,0.17992
4563.28,0.17917
4564.18,0.17787
4565.08,0.17655
4565.98,0.17611
4566.88,0.17647
4567.78,0.176
4568.68,0.17901
4569.58,0.17836
4570.48,0.17842
4571.38,0.17889
4572.28,0.17915
4573.18,0.17928
4574.08,0.17926
4574.98,0.17924
4575.88,0.18033
4576.78,0.17968
4577.68,0.17913
4578.58,0.1782
4579.48,0.175
4580.38,0.17194
4581.28,0.17095
4582.18,0.16957
4583.08,0.16867
4583.98,0.16879
4584.88,0.16964
4585.78,0.17032
4586.69,0.17183
4587.58,0.17295
4588.49,0.175
4589.39,0.17604
4590.29,0.17673
4591.19,0.17707
4592.09,0.17618
4592.99,0.17389
4593.89,0.17321
4594.79,0.172
4595.69,0.1716
4596.59,0.1707
4597.49,0.17081
4598.39,0.17097
4599.29,0.17119
4600.19,0.17152
4601.09,0.17177
4601.99,0.17239
4602.89,0.17286
4603.79,0.17297
4604.69,0.17433
4605.59,0.17546
4606.49,0.17655
4607.39,0.17922
4608.29,0.181
4609.19,0.18325
4610.09,0.18463
4610.99,0.18609
4611.89,0.18549
4612.79,0.18551
4613.69,0.18584
4614.59,0.18557
4615.49,0.18443
4616.39,0.18486
4617.29,0.1851
4618.19,0.18559
4619.09,0.18533
4619.99,0.18601
4620.89,0.18624
4621.79,0.18591
4622.69,0.18571
4623.59,0.18656
4624.5,0.18636
4625.4,0.18588
4626.3,0.18578
4627.2,0.18619
4628.1,0.18488
4629.0,0.18445
4629.9,0.18509
4630.8,0.18494
4631.7,0.18434
4632.6,0.18393
4633.5,0.1837
4634.4,0.1814
4635.3,0.18057
4636.2,0.1788
4637.1,0.17723
4638.0,0.17609
4638.9,0.17487
4639.8,0.17438
4640.7,0.17458
4641.6,0.17382
4642.5,0.17363
4643.4,0.17473
4644.3,0.17376
4645.2,0.17219
4646.1,0.17027
4647.0,0.1688
4647.9,0.16765
4648.8,0.16783
4649.7,0.16973
4650.6,0.16962
4651.5,0.17152
4652.4,0.17363
4653.3,0.17447
4654.2,0.17516
4655.1,0.17547
4656.0,0.17665
4656.9,0.17772
4657.8,0.17913
4658.7,0.18162
4659.6,0.18314
4660.5,0.18478
4661.4,0.18487
4662.3,0.18404
4663.21,0.18179
4664.11,0.1789
4665.01,0.17526
4665.91,0.17121
4666.81,0.16754
4667.71,0.16581
4668.61,0.16449
4669.51,0.16375
4670.41,0.16522
4671.31,0.16805
4672.21,0.17024
4673.11,0.17293
4674.01,0.17515
4674.91,0.17686
4675.81,0.17721
4676.71,0.17806
4677.61,0.17792
4678.51,0.17791
4679.41,0.17592
4680.31,0.17517
4681.21,0.17445
4682.11,0.17362
4683.01,0.17341
4683.91,0.17467
4684.81,0.17561
4685.71,0.17564
4686.61,0.1767
4687.51,0.17718
4688.41,0.17705
4689.31,0.17772
4690.21,0.17662
4691.11,0.17672
4692.01,0.1779
4692.91,0.17811
4693.81,0.1792
4694.71,0.17969
4695.61,0.17981
4696.51,0.17991
4697.41,0.17966
4698.31,0.17782
4699.21,0.17542
4700.12,0.17428
4701.02,0.17227
4701.92,0.17161
4702.82,0.16963
4703.72,0.16957
4704.62,0.16928
4705.52,0.16944
4706.42,0.17037
4707.32,0.16997
4708.22,0.17076
4709.12,0.17142
4710.02,0.17275
4710.92,0.17267
4711.82,0.17366
4712.72,0.17439
4713.62,0.17582
4714.52,0.17736
4715.42,0.17833
4716.32,0.17973
4717.22,0.18147
4718.12,0.18307
4719.02,0.18575
4719.92,0.18778
4720.82,0.18845
4721.72,0.18934
4722.62,0.18965
4723.52,0.18883
4724.42,0.1893
4725.32,0.18698
4726.22,0.18591
4727.12,0.18235
4728.02,0.17937
4728.92,0.1779
4729.82,0.17597
4730.72,0.17466
4731.62,0.17317
4732.52,0.17403
4733.42,0.17546
4734.32,0.17733
4735.22,0.17796
4736.12,0.1798
4737.02,0.17977
4737.92,0.18151
4738.83,0.18197
4739.73,0.18164
4740.63,0.18268
4741.53,0.18374
4742.43,0.1846
4743.33,0.18511
4744.23,0.18644
4745.13,0.18601
4746.03,0.18708
4746.93,0.18862
4747.83,0.18856
4748.73,0.18876
4749.63,0.18961
4750.53,0.18894
4751.43,0.18779
4752.33,0.18745
4753.23,0.1856
4754.13,0.18458
4755.03,0.18343
4755.93,0.18235
4756.83,0.18192
4757.73,0.18127
4758.63,0.18217
4759.53,0.18164
4760.43,0.18097
4761.33,0.17981
4762.23,0.17828
4763.13,0.17685
4764.03,0.17452
4764.93,0.17312
4765.83,0.17208
4766.73,0.17224
4767.63,0.17292
4768.53,0.17392
4769.43,0.17627
4770.33,0.17778
4771.23,0.17911
4772.13,0.18111
4773.03,0.18184
4773.93,0.18339
4774.83,0.18437
4775.73,0.18555
4776.64,0.18657
4777.54,0.1876
4778.44,0.18815
4779.34,0.18793
4780.24,0.18631
4781.14,0.1853
4782.04,0.18475
4782.94,0.1832
4783.84,0.18197
4784.74,0.18043
4785.64,0.17931
4786.54,0.17859
4787.44,0.17877
4788.34,0.17889
4789.24,0.17848
4790.14,0.17951
4791.04,0.18101
4791.94,0.18247
4792.84,0.18464
4793.74,0.18673
4794.64,0.18819
4795.54,0.19045
4796.44,0.19075
4797.34,0.19026
4798.24,0.19035
4799.14,0.18883
4800.04,0.18774
4800.94,0.1872
4801.84,0.18677
4802.74,0.18741
4803.64,0.18773
4804.54,0.18717
4805.44,0.18697
4806.34,0.18658
4807.24,0.18563
4808.14,0.18397
4809.04,0.18417
4809.94,0.18437
4810.84,0.18468
4811.74,0.18525
4812.64,0.18618
4813.54,0.18651
4814.45,0.18799
4815.35,0.18924
4816.25,0.18925
4817.15,0.19123
4818.05,0.19215
4818.95,0.19262
4819.85,0.19321
4820.75,0.19213
4821.65,0.19139
4822.55,0.18992
4823.45,0.18838
4824.35,0.18636
4825.25,0.18596
4826.15,0.18575
4827.05,0.1854
4827.95,0.18519
4828.85,0.18515
4829.75,0.18527
4830.65,0.1847
4831.55,0.18484
4832.45,0.18414
4833.35,0.18385
4834.25,0.18421
4835.15,0.1848
4836.05,0.18583
4836.95,0.186
4837.85,0.18515
4838.75,0.1848
4839.65,0.18345
4840.55,0.18279
4841.45,0.1819
4842.35,0.18194
4843.25,0.18241
4844.15,0.18283
4845.05,0.18416
4845.95,0.18495
4846.85,0.18489
4847.75,0.18526
4848.65,0.18539
4849.55,0.18525
4850.45,0.18482
4851.35,0.18447
4852.26,0.18329
4853.16,0.18279
4854.06,0.1808
4854.96,0.17881
4855.86,0.17566
4856.76,0.17283
4857.66,0.16906
4858.56,0.16565
4859.46,0.16144
4860.36,0.15771
4861.26,0.15467
4862.16,0.15274
4863.06,0.15197
4863.96,0.15395
4864.86,0.15685
4865.76,0.16104
4866.66,0.16452
4867.56,0.16689
4868.46,0.16977
4869.36,0.17062
4870.26,0.16991
4871.16,0.16957
4872.06,0.16865
4872.96,0.1686
4873.86,0.16892
4874.76,0.17121
4875.66,0.17315
4876.56,0.1754
4877.46,0.17708
4878.36,0.17898
4879.26,0.18141
4880.16,0.18262
4881.06,0.18295
4881.96,0.18274
4882.86,0.18252
4883.76,0.18002
4884.66,0.1793
4885.56,0.17733
4886.46,0.17568
4887.36,0.17458
4888.26,0.17253
4889.17,0.17131
4890.07,0.17118
4890.97,0.17194
4891.87,0.17293
4892.77,0.17539
4893.67,0.17949
4894.57,0.1834
4895.47,0.18846
4896.37,0.19163
4897.27,0.1941
4898.17,0.19572
4899.07,0.19591
4899.97,0.19443
4900.87,0.19397
4901.77,0.19157
4902.67,0.19124
4903.57,0.19021
4904.47,0.19
4905.37,0.1901
4906.27,0.18984
4907.17,0.18944
4908.07,0.18909
4908.97,0.18781
4909.87,0.18697
4910.77,0.18549
4911.67,0.18493
4912.57,0.18441
4913.47,0.18571
4914.37,0.18565
4915.27,0.18506
4916.17,0.18569
4917.07,0.18301
4917.97,0.1801
4918.87,0.17662
4919.77,0.17312
4920.67,0.17058
4921.57,0.16918
4922.47,0.16894
4923.37,0.17025
4924.27,0.17278
4925.17,0.17644
4926.07,0.17989
4926.98,0.18256
4927.88,0.18679
4928.78,0.18966
4929.68,0.19194
4930.58,0.1924
4931.48,0.19276
4932.38,0.19176
4933.28,0.18953
4934.18,0.18888
4935.08,0.18618
4935.98,0.18358
4936.88,0.18186
4937.78,0.18065
4938.68,0.17922
4939.58,0.17925
4940.48,0.18081
4941.38,0.18272
4942.28,0.18452
4943.18,0.18784
4944.08,0.19068
4944.98,0.19267
4945.88,0.19386
4946.78,0.1958
4947.68,0.19653
4948.58,0.19748
4949.48,0.19847
4950.38,0.19809
4951.28,0.19809
4952.18,0.19623
4953.08,0.19467
4953.98,0.19215
4954.88,0.1893
4955.78,0.18621
4956.68,0.18275
4957.58,0.17911
4958.48,0.17764
4959.38,0.17708
4960.28,0.17835
4961.18,0.18023
4962.08,0.18274
4962.98,0.18437
4963.88,0.18554
4964.79,0.1851
4965.69,0.18502
4966.59,0.18395
4967.49,0.18261
4968.39,0.18215
4969.29,0.18192
4970.19,0.18183
4971.09,0.1835
4971.99,0.18485
4972.89,0.18611
4973.79,0.18751
4974.69,0.18871
4975.59,0.18878
4976.49,0.18864
4977.39,0.18568
4978.29,0.18547
4979.19,0.18222
4980.09,0.17926
4980.99,0.17584
4981.89,0.1737
4982.79,0.17059
4983.69,0.16881
4984.59,0.16867
4985.49,0.169
4986.39,0.17088
4987.29,0.17278
4988.19,0.17563
4989.09,0.17759
4989.99,0.17934
4990.89,0.18024
4991.79,0.18129
4992.69,0.18179
4993.59,0.18289
4994.49,0.18262
4995.39,0.18242
4996.29,0.1826
4997.19,0.18212
4998.09,0.1809
4998.99,0.18001
4999.89,0.17817
5000.79,0.1763
5001.7,0.17484
5002.6,0.17246
5003.5,0.1707
5004.4,0.16999
5005.3,0.16862
5006.2,0.16836
5007.1,0.16837
5008.0,0.16849
5008.9,0.16979
5009.8,0.16959
5010.7,0.16998
5011.6,0.16892
5012.5,0.16887
5013.4,0.16653
5014.3,0.1654
5015.2,0.16443
5016.1,0.16438
5017.0,0.16435
5017.9,0.16511
5018.8,0.16598
5019.7,0.16713
5020.6,0.16826
5021.5,0.16942
5022.4,0.17036
5023.3,0.17162
5024.2,0.17259
5025.1,0.17369
5026.0,0.17436
5026.9,0.17441
5027.8,0.17548
5028.7,0.17676
5029.6,0.17904
5030.5,0.17998
5031.4,0.18173
5032.3,0.18307
5033.2,0.18341
5034.1,0.18411
5035.0,0.18224
5035.9,0.18078
5036.8,0.17858
5037.7,0.17514
5038.6,0.17218
5039.5,0.16925
5040.41,0.1672
5041.31,0.1655
5042.21,0.16593
5043.11,0.16869
5044.01,0.17032
5044.91,0.1738
5045.81,0.17793
5046.71,0.17896
5047.61,0.18155
5048.51,0.18131
5049.41,0.18046
5050.31,0.17927
5051.21,0.17843
5052.11,0.1785
5053.01,0.17895
5053.91,0.17993
5054.81,0.1819
5055.71,0.18381
5056.61,0.18619
5057.51,0.18674
5058.41,0.18875
5059.31,0.18972
5060.21,0.19021
5061.11,0.19065
5062.01,0.18939
5062.91,0.18936
5063.81,0.18699
5064.71,0.18399
5065.61,0.18335
5066.51,0.18002
5067.41,0.17882
5068.31,0.17776
5069.21,0.17783
5070.11,0.17764
5071.01,0.17863
5071.91,0.17894
5072.81,0.17869
5073.71,0.17908
5074.61,0.17951
5075.51,0.17914
5076.42,0.17741
5077.31,0.17652
5078.21,0.17463
5079.12,0.17293
5080.02,0.17083
5080.92,0.16903
5081.82,0.16889
5082.72,0.16938
5083.62,0.16995
5084.52,0.17168
5085.42,0.17339
5086.32,0.17544
5087.22,0.17816
5088.12,0.18035
5089.02,0.18136
5089.92,0.1828
5090.82,0.1841
5091.72,0.18523
5092.62,0.18582
5093.52,0.18586
5094.42,0.1845
5095.32,0.18392
5096.22,0.18261
5097.12,0.18058
5098.02,0.17831
5098.92,0.17674
5099.82,0.17614
5100.72,0.1745
5101.62,0.17526
5102.52,0.17603
5103.42,0.17563
5104.32,0.17633
5105.22,0.17636
5106.12,0.17616
5107.02,0.17504
5107.92,0.17379
5108.82,0.17383
5109.72,0.17378
5110.62,0.1741
5111.52,0.17497
5112.42,0.17615
5113.32,0.17777
5114.22,0.17968
5115.12,0.18199
5116.03,0.18352
5116.93,0.18463
5117.83,0.1853
5118.73,0.18617
5119.63,0.18535
5120.53,0.18364
5121.43,0.18219
5122.33,0.17961
5123.23,0.17636
5124.13,0.17443
5125.03,0.17195
5125.93,0.17074
5126.83,0.16941
5127.73,0.1691
5128.63,0.16945
5129.53,0.17006
5130.43,0.17108
5131.33,0.17276
5132.23,0.17379
5133.13,0.17509
5134.03,0.17649
5134.93,0.17716
5135.83,0.17738
5136.73,0.17704
5137.63,0.17702
5138.53,0.17469
5139.43,0.17453
5140.33,0.17284
5141.23,0.17181
5142.13,0.17054
5143.03,0.17045
5143.93,0.17037
5144.83,0.16969
5145.73,0.17006
5146.63,0.17014
5147.53,0.17067
5148.43,0.16968
5149.33,0.17039
5150.23,0.17012
5151.13,0.17055
5152.03,0.16982
5152.94,0.17104
5153.84,0.17116
5154.74,0.17237
5155.64,0.17455
5156.54,0.17644
5157.44,0.17728
5158.34,0.18015
5159.24,0.18107
5160.14,0.18242
5161.04,0.1811
5161.94,0.17931
5162.84,0.17614
5163.74,0.17234
5164.64,0.16737
5165.54,0.16138
5166.44,0.15483
5167.34,0.14878
5168.24,0.14315
5169.14,0.13891
5170.04,0.13606
5170.94,0.13435
5171.84,0.13396
5172.74,0.13501
5173.64,0.13668
5174.54,0.13945
5175.44,0.14485
5176.34,0.14937
5177.24,0.15348
5178.14,0.15709
5179.04,0.15862
5179.94,0.159
5180.84,0.15786
5181.74,0.15377
5182.64,0.15023
5183.54,0.14703
5184.44,0.14582
5185.34,0.14619
5186.24,0.14888
5187.14,0.15206
5188.04,0.15641
5188.94,0.16102
5189.84,0.16406
5190.75,0.16663
5191.65,0.16703
5192.55,0.16826
5193.45,0.16718
5194.35,0.16775
5195.25,0.16832
5196.15,0.16968
5197.05,0.17102
5197.95,0.1731
5198.85,0.17449
5199.75,0.17721
5200.65,0.1768
5201.55,0.17716
5202.45,0.17616
5203.35,0.17399
5204.25,0.17019
5205.15,0.16763
5206.05,0.16483
5206.95,0.16292
5207.85,0.16063
5208.75,0.15991
5209.65,0.16077
5210.55,0.16273
5211.45,0.1654
5212.35,0.16962
5213.25,0.17255
5214.15,0.17521
5215.05,0.17759
5215.95,0.1791
5216.85,0.18096
5217.75,0.18097
5218.65,0.18205
5219.55,0.18305
5220.45,0.18331
5221.35,0.18423
5222.25,0.18343
5223.15,0.1816
5224.05,0.17923
5224.95,0.17633
5225.85,0.17428
5226.75,0.17162
5227.66,0.17032
5228.56,0.17012
5229.46,0.17119
5230.36,0.17318
5231.26,0.17496
5232.16,0.17715
5233.06,0.17873
5233.96,0.18023
5234.86,0.18203
5235.76,0.18379
5236.66,0.18468
5237.56,0.18722
5238.46,0.18864
5239.36,0.19074
5240.26,0.19112
5241.16,0.19213
5242.06,0.19234
5242.96,0.19235
5243.86,0.19194
5244.76,0.19058
5245.66,0.19049
5246.56,0.18729
5247.46,0.18664
5248.36,0.18404
5249.26,0.1826
5250.16,0.18184
5251.06,0.18031
5251.96,0.17995
5252.86,0.18036
5253.76,0.18171
5254.66,0.18279
5255.56,0.18421
5256.46,0.18487
5257.36,0.18723
5258.26,0.18815
5259.16,0.18855
5260.06,0.18779
5260.96,0.18587
5261.86,0.18243
5262.76,0.17832
5263.66,0.17355
5264.56,0.16826
5265.47,0.16433
5266.37,0.1608
5267.27,0.15822
5268.17,0.15653
5269.07,0.15627
5269.97,0.15657
5270.87,0.15785
5271.77,0.15995
5272.67,0.16329
5273.57,0.16633
5274.47,0.17114
5275.37,0.17478
5276.27,0.1783
5277.17,0.18151
5278.07,0.18429
5278.97,0.18588
5279.87,0.18767
5280.77,0.18756
5281.67,0.18856
5282.57,0.18794
5283.47,0.18804
5284.37,0.18867
5285.27,0.19019
5286.17,0.19133
5287.07,0.19368
5287.97,0.19607
5288.87,0.19832
5289.77,0.19974
5290.67,0.20147
5291.57,0.2007
5292.47,0.20069
5293.37,0.19942
5294.27,0.19788
5295.17,0.19528
5296.07,0.19213
5296.97,0.18928
5297.87,0.18756
5298.77,0.18548
5299.67,0.18485
5300.57,0.18418
5301.48,0.1861
5302.38,0.18804
5303.27,0.19032
5304.18,0.19295
5305.08,0.19546
5305.98,0.19783
5306.88,0.19953
5307.78,0.20067
5308.68,0.20122
5309.58,0.20326
5310.48,0.20393
5311.38,0.20276
5312.28,0.20295
5313.18,0.20204
5314.08,0.20208
5314.98,0.20152
5315.88,0.20006
5316.78,0.19919
5317.68,0.19813
5318.58,0.19782
5319.48,0.19655
5320.38,0.19577
5321.28,0.19433
5322.18,0.19271
5323.08,0.19073
5323.98,0.1886
5324.88,0.18515
5325.78,0.18237
5326.68,0.17922
5327.58,0.1759
5328.48,0.17483
5329.38,0.17348
5330.28,0.17432
5331.18,0.17587
5332.08,0.179
5332.98,0.18244
5333.88,0.18595
5334.78,0.18874
5335.68,0.19125
5336.58,0.19321
5337.48,0.19338
5338.38,0.19315
5339.28,0.19133
5340.19,0.19091
5341.08,0.18985
5341.99,0.1888
5342.89,0.18849
5343.79,0.18954
5344.69,0.19053
5345.59,0.19045
5346.49,0.19084
5347.39,0.19158
5348.29,0.19157
5349.19,0.19172
5350.09,0.19287
5350.99,0.1936
5351.89,0.19653
5352.79,0.19821
5353.69,0.19954
5354.59,0.20153
5355.49,0.20402
5356.39,0.20536
5357.29,0.20669
5358.19,0.20834
5359.09,0.20725
5359.99,0.2067
5360.89,0.20574
5361.79,0.20456
5362.69,0.20293
5363.59,0.20022
5364.49,0.19968
5365.39,0.19659
5366.29,0.19545
5367.19,0.19251
5368.09,0.19001
5368.99,0.18887
5369.89,0.187
5370.79,0.18585
5371.69,0.18567
5372.59,0.1862
5373.49,0.18724
5374.39,0.18994
5375.29,0.19191
5376.19,0.19522
5377.09,0.19682
5378.0,0.19842
5378.9,0.20055
5379.8,0.20079
5380.7,0.19987
5381.6,0.19981
5382.5,0.19925
5383.4,0.19939
5384.3,0.19871
5385.2,0.19955
5386.1,0.19762
5387.0,0.19799
5387.9,0.19628
5388.8,0.19582
5389.7,0.19464
5390.6,0.19297
5391.5,0.19173
5392.4,0.19041
5393.3,0.18867
5394.2,0.18707
5395.1,0.18606
5396.0,0.18491
5396.9,0.18499
5397.8,0.18418
5398.7,0.18473
5399.6,0.18472
5400.5,0.18511
5401.4,0.18612
5402.3,0.18428
5403.2,0.18361
5404.1,0.18305
5405.0,0.18209
5405.9,0.18028
5406.8,0.17924
5407.7,0.17873
5408.6,0.17931
5409.5,0.18018
5410.4,0.18199
5411.3,0.18304
5412.2,0.1869
5413.1,0.1887
5414.0,0.19146
5414.9,0.19299
5415.81,0.19479
5416.71,0.19657
5417.61,0.19755
5418.51,0.19867
5419.41,0.19853
5420.31,0.19859
5421.21,0.19835
5422.11,0.19624
5423.01,0.19689
5423.91,0.19586
5424.81,0.19578
5425.71,0.19572
5426.61,0.19504
5427.51,0.19489
5428.41,0.19307
5429.31,0.19147
5430.21,0.18901
5431.11,0.18838
5432.01,0.18752
5432.91,0.18666
5433.81,0.18625
5434.71,0.18629
5435.61,0.18707
5436.51,0.1889
5437.41,0.19032
5438.31,0.19222
5439.21,0.19518
5440.11,0.19727
5441.01,0.19978
5441.91,0.20072
5442.81,0.2012
5443.71,0.20003
5444.61,0.19877
5445.51,0.19735
5446.41,0.19507
5447.31,0.19271
5448.21,0.19111
5449.11,0.1902
5450.01,0.18945
5450.91,0.18996
5451.81,0.19024
5452.72,0.19095
5453.62,0.19023
5454.52,0.19029
5455.42,0.18884
5456.32,0.18886
5457.22,0.18955
5458.12,0.18916
5459.02,0.18927
5459.92,0.19083
5460.82,0.19104
5461.72,0.19105
5462.62,0.19143
5463.52,0.19168
5464.42,0.191
5465.32,0.19138
5466.22,0.19141
5467.12,0.19152
5468.02,0.19193
5468.92,0.19214
5469.82,0.19241
5470.72,0.19117
5471.62,0.19075
5472.52,0.18984
5473.42,0.18896
5474.32,0.18811
5475.22,0.18633
5476.12,0.18481
5477.02,0.18428
5477.92,0.18342
5478.82,0.18304
5479.72,0.18344
5480.62,0.18458
5481.52,0.18505
5482.42,0.18632
5483.32,0.18725
5484.22,0.18933
5485.12,0.18983
5486.02,0.19013
5486.92,0.19148
5487.82,0.19186
5488.72,0.19279
5489.62,0.19222
5490.53,0.19289
5491.43,0.19331
5492.33,0.19232
5493.23,0.19305
5494.13,0.1934
5495.03,0.19356
5495.93,0.194
5496.83,0.19342
5497.73,0.19385
5498.63,0.1926
5499.53,0.19248
5500.43,0.19295
5501.33,0.19208
5502.23,0.19115
5503.13,0.1917
5504.03,0.19059
5504.93,0.18936
5505.83,0.18919
5506.73,0.18925
5507.63,0.18866
5508.53,0.18888
5509.43,0.18827
5510.33,0.18776
5511.23,0.18796
5512.13,0.18704
5513.03,0.18754
5513.93,0.18763
5514.83,0.18802
5515.73,0.18811
5516.63,0.18872
5517.53,0.19043
5518.43,0.19261
5519.33,0.19387
5520.23,0.19586
5521.13,0.19603
5522.03,0.19761
5522.93,0.19671
5523.83,0.19644
5524.73,0.19621
5525.63,0.19497
5526.54,0.19406
5527.44,0.1923
5528.33,0.1916
5529.24,0.19061
5530.14,0.19005
5531.04,0.19002
5531.94,0.19179
5532.84,0.19158
5533.74,0.19248
5534.64,0.19288
5535.54,0.19355
5536.44,0.19332
5537.34,0.19439
5538.24,0.19511
5539.14,0.1965
5540.04,0.19678
5540.94,0.19699
5541.84,0.19826
5542.74,0.19771
5543.64,0.19797
5544.54,0.19833
5545.44,0.19818
5546.34,0.19904
5547.24,0.19901
5548.14,0.19974
5549.04,0.19993
5549.94,0.20081
5550.84,0.2009
5551.74,0.20094
5552.64,0.20141
5553.54,0.19993
5554.44,0.19917
5555.34,0.19898
5556.24,0.19853
5557.14,0.1975
5558.04,0.19813
5558.94,0.19647
5559.84,0.19662
5560.74,0.19639
5561.64,0.1948
5562.54,0.19414
5563.44,0.19385
5564.34,0.19325
5565.25,0.1925
5566.15,0.19205
5567.05,0.19109
5567.95,0.19079
5568.85,0.1912
5569.75,0.19103
5570.65,0.19102
5571.55,0.19068
5572.45,0.19211
5573.35,0.19189
5574.25,0.19237
5575.15,0.19308
5576.05,0.19445
5576.95,0.19416
5577.85,0.19477
5578.75,0.19499
5579.65,0.19599
5580.55,0.19609
5581.45,0.19605
5582.35,0.1957
5583.25,0.19361
5584.15,0.19277
5585.05,0.19119
5585.95,0.18858
5586.85,0.18673
5587.75,0.18491
5588.65,0.18345
5589.55,0.18318
5590.45,0.18156
5591.35,0.18177
5592.25,0.18304
5593.15,0.18351
5594.05,0.18593
5594.95,0.18586
5595.85,0.18721
5596.75,0.18835
5597.65,0.1884
5598.55,0.18856
5599.45,0.18806
5600.35,0.188
5601.25,0.18709
5602.15,0.18672
5603.06,0.18738
5603.96,0.1896
5604.86,0.19068
5605.76,0.19225
5606.66,0.19451
5607.56,0.19525
5608.46,0.1975
5609.36,0.19902
5610.26,0.20033
5611.16,0.19955
5612.06,0.19826
5612.96,0.19677
5613.86,0.19615
5614.76,0.19416
5615.66,0.19269
5616.56,0.18961
5617.46,0.1902
5618.36,0.18946
5619.26,0.18961
5620.16,0.1899
5621.06,0.19008
5621.96,0.19035
5622.86,0.19067
5623.76,0.18999
5624.66,0.19087
5625.56,0.19048
5626.46,0.19041
5627.36,0.1912
5628.26,0.19231
5629.16,0.19269
5630.06,0.19512
5630.96,0.19549
5631.86,0.19572
5632.76,0.19631
5633.66,0.1967
5634.56,0.19676
5635.46,0.19659
5636.36,0.19503
5637.26,0.19504
5638.16,0.19259
5639.06,0.19252
5639.96,0.1913
5640.86,0.19175
5641.77,0.19192
5642.67,0.19273
5643.57,0.19169
5644.47,0.19184
5645.37,0.1927
5646.27,0.19352
5647.17,0.19368
5648.07,0.19377
5648.97,0.19487
5649.87,0.19474
5650.77,0.19477
5651.67,0.19617
5652.57,0.19523
5653.47,0.19382
5654.37,0.19356
5655.27,0.19325
5656.17,0.19264
5657.07,0.1909
5657.97,0.1898
5658.87,0.18778
5659.77,0.1875
5660.67,0.18648
5661.57,0.18731
5662.47,0.18753
5663.37,0.18822
5664.27,0.18885
5665.17,0.1901
5666.07,0.19031
5666.97,0.19066
5667.87,0.19249
5668.77,0.19312
5669.67,0.19354
5670.57,0.19433
5671.47,0.19465
5672.37,0.19565
5673.27,0.19724
5674.17,0.19799
5675.07,0.19842
5675.97,0.19862
5676.88,0.19953
5677.77,0.20011
5678.68,0.19939
5679.58,0.19907
5680.48,0.19762
5681.38,0.1983
5682.28,0.19661
5683.18,0.19559
5684.08,0.19439
5684.98,0.19424
5685.88,0.19349
5686.78,0.19301
5687.68,0.19377
5688.58,0.19303
5689.48,0.19365
5690.38,0.19499
5691.28,0.19516
5692.18,0.1959
5693.08,0.19645
5693.98,0.19799
5694.88,0.19824
5695.78,0.19813
5696.68,0.1985
5697.58,0.19775
5698.48,0.19622
5699.38,0.19535
5700.28,0.19482
5701.18,0.19357
5702.08,0.19269
5702.98,0.19214
5703.88,0.19099
5704.78,0.18983
5705.68,0.18922
5706.58,0.18886
5707.48,0.18737
5708.38,0.18645
5709.28,0.18577
5710.18,0.18517
5711.08,0.18582
5711.98,0.18605
5712.88,0.18824
5713.78,0.1892
5714.68,0.19009
5715.59,0.19241
5716.49,0.1941
5717.39,0.19632
5718.29,0.19786
5719.19,0.19926
5720.09,0.20077
5720.99,0.2017
5721.89,0.20269
5722.79,0.20337
5723.69,0.20346
5724.59,0.20341
5725.49,0.20301
5726.39,0.20332
5727.29,0.20126
5728.19,0.20108
5729.09,0.20158
5729.99,0.20019
5730.89,0.19995
5731.79,0.20093
5732.69,0.20085
5733.59,0.2001
5734.49,0.20129
5735.39,0.20192
5736.29,0.20187
5737.19,0.2022
5738.09,0.20181
5738.99,0.203
5739.89,0.20245
5740.79,0.20179
5741.69,0.20186
5742.59,0.2021
5743.49,0.20274
5744.39,0.20289
5745.29,0.20308
5746.19,0.20327
5747.09,0.20279
5747.99,0.2023
5748.89,0.20163
5749.79,0.20175
5750.69,0.20088
5751.59,0.20027
5752.5,0.19975
5753.4,0.19875
5754.3,0.19864
5755.2,0.19876
5756.1,0.19885
5757.0,0.19914
5757.9,0.20034
5758.8,0.19981
5759.7,0.19913
5760.6,0.19977
5761.5,0.19919
5762.4,0.19866
5763.3,0.1988
5764.2,0.19882
5765.1,0.19961
5766.0,0.20121
5766.9,0.20081
5767.8,0.20182
5768.7,0.20269
5769.6,0.20282
5770.5,0.20341
5771.4,0.20313
5772.3,0.20337
5773.2,0.20323
5774.1,0.20247
5775.0,0.20078
5775.9,0.20106
5776.8,0.20076
5777.7,0.19906
5778.6,0.19851
5779.5,0.19676
5780.4,0.19534
5781.3,0.19451
5782.2,0.19273
5783.1,0.19153
5784.0,0.19062
5784.9,0.18975
5785.8,0.19039
5786.7,0.1904
5787.6,0.19139
5788.5,0.19229
5789.41,0.19402
5790.31,0.19491
5791.21,0.19684
5792.11,0.1976
5793.01,0.19903
5793.91,0.19988
5794.81,0.20045
5795.71,0.2015
5796.61,0.202
5797.51,0.20264
5798.41,0.20302
5799.31,0.20399
5800.21,0.20412
5801.11,0.20506
5802.01,0.20457
5802.91,0.20603
5803.81,0.20524
5804.71,0.20476
5805.61,0.20434
5806.51,0.20446
5807.41,0.20343
5808.31,0.20384
5809.21,0.20337
5810.11,0.20409
5811.01,0.20443
5811.91,0.20351
5812.81,0.20273
5813.71,0.20283
5814.61,0.20211
5815.51,0.20305
5816.41,0.20277
5817.31,0.20302
5818.21,0.20271
5819.11,0.20389
5820.01,0.20406
5820.91,0.20561
5821.81,0.20549
5822.71,0.20542
5823.61,0.20656
5824.51,0.20733
5825.41,0.2068
5826.31,0.20736
5827.22,0.20695
5828.12,0.20758
5829.02,0.20699
5829.92,0.2067
5830.82,0.20667
5831.72,0.2071
5832.62,0.20669
5833.52,0.20628
5834.42,0.20645
5835.32,0.20668
5836.22,0.20656
5837.12,0.20527
5838.02,0.20609
5838.92,0.20536
5839.82,0.20609
5840.72,0.20577
5841.62,0.20608
5842.52,0.20628
5843.42,0.20598
5844.32,0.20573
5845.22,0.20538
5846.12,0.20555
5847.02,0.20474
5847.92,0.20308
5848.82,0.20252
5849.72,0.2011
5850.62,0.20128
5851.52,0.20009
5852.42,0.19831
5853.32,0.19796
5854.22,0.19621
5855.12,0.19528
5856.02,0.19455
5856.92,0.19366
5857.82,0.19268
5858.72,0.19211
5859.62,0.1924
5860.52,0.19331
5861.42,0.19276
5862.32,0.194
5863.23,0.19449
5864.12,0.19487
5865.03,0.19592
5865.93,0.19657
5866.83,0.19693
5867.73,0.19722
5868.63,0.19808
5869.53,0.19853
5870.43,0.19884
5871.33,0.19992
5872.23,0.19965
5873.13,0.19973
5874.03,0.1993
5874.93,0.1998
5875.83,0.1995
5876.73,0.2003
5877.63,0.19861
5878.53,0.19814
5879.43,0.1973
5880.33,0.19598
5881.23,0.19508
5882.13,0.1944
5883.03,0.19257
5883.93,0.19052
5884.83,0.18905
5885.73,0.18719
5886.63,0.18363
5887.53,0.17952
5888.43,0.17556
5889.33,0.17149
5890.23,0.16722
5891.13,0.1635
5892.03,0.16147
5892.93,0.15968
5893.83,0.15945
5894.73,0.15932
5895.63,0.16059
5896.53,0.16274
5897.43,0.16428
5898.33,0.16758
5899.23,0.17022
5900.13,0.17413
5901.04,0.17769
5901.94,0.18134
5902.83,0.18478
5903.74,0.18675
5904.64,0.18906
5905.54,0.19153
5906.44,0.19163
5907.34,0.19287
5908.24,0.19294
5909.14,0.19408
5910.04,0.19414
5910.94,0.19485
5911.84,0.19389
5912.74,0.19338
5913.64,0.1928
5914.54,0.19395
5915.44,0.19266
5916.34,0.19287
5917.24,0.193
5918.14,0.19279
5919.04,0.19266
5919.94,0.19404
5920.84,0.19444
5921.74,0.19431
5922.64,0.19484
5923.54,0.19541
5924.44,0.19611
5925.34,0.19519
5926.24,0.19607
5927.14,0.19605
5928.04,0.19567
5928.94,0.19557
5929.84,0.19582
5930.74,0.19524
5931.64,0.19607
5932.54,0.19471
5933.44,0.19547
5934.34,0.19562
5935.24,0.19514
5936.14,0.19567
5937.04,0.19623
5937.94,0.1968
5938.85,0.1959
5939.75,0.19667
5940.65,0.19659
5941.55,0.19646
5942.45,0.19653
5943.35,0.19636
5944.25,0.19709
5945.15,0.19637
5946.05,0.19626
5946.95,0.19618
5947.85,0.19612
5948.75,0.19531
5949.65,0.19605
5950.55,0.19434
5951.45,0.19478
5952.35,0.19474
5953.25,0.19394
5954.15,0.19466
5955.05,0.19388
5955.95,0.19484
5956.85,0.1943
5957.75,0.19407
5958.65,0.19487
5959.55,0.1955
5960.45,0.19614
5961.35,0.1969
5962.25,0.19693
5963.15,0.19817
5964.05,0.1987
5964.95,0.19846
5965.85,0.19911
5966.75,0.20021
5967.65,0.19968
5968.55,0.19903
5969.45,0.19998
5970.35,0.19978
5971.25,0.20031
5972.15,0.20044
5973.05,0.20013
5973.95,0.19977
5974.85,0.19888
5975.75,0.19921
5976.65,0.19848
5977.56,0.19684
5978.46,0.19644
5979.36,0.19677
5980.26,0.19605
5981.16,0.19554
5982.06,0.19504
5982.96,0.19537
5983.86,0.1954
5984.76,0.19477
5985.66,0.19442
5986.56,0.19512
5987.46,0.19475
5988.36,0.195
5989.26,0.19568
5990.16,0.19603
5991.06,0.19714
5991.96,0.19767
5992.86,0.19827
5993.76,0.19909
5994.66,0.19877
5995.56,0.19907
5996.46,0.19775
5997.36,0.19835
5998.26,0.1984
5999.16,0.19733
6000.06,0.19738
6000.96,0.19691
6001.86,0.19672
6002.76,0.19574
6003.66,0.19506
6004.56,0.19529
6005.46,0.19529
6006.36,0.19507
6007.26,0.19431
6008.16,0.19457
6009.06,0.1939
6009.96,0.1946
6010.86,0.19343
6011.76,0.19452
6012.67,0.19412
6013.56,0.19403
6014.47,0.19458
6015.37,0.19517
6016.27,0.19424
6017.17,0.19459
6018.07,0.19394
6018.97,0.19357
6019.87,0.19284
6020.77,0.19271
6021.67,0.1928
6022.57,0.19449
6023.47,0.19271
6024.37,0.19471
6025.27,0.19506
6026.17,0.19551
6027.07,0.19663
6027.97,0.1975
6028.87,0.19829
6029.77,0.19938
6030.67,0.19982
6031.57,0.19977
6032.47,0.20198
6033.37,0.20133
6034.27,0.20233
6035.17,0.20228
6036.07,0.20257
6036.97,0.20249
6037.87,0.2022
6038.77,0.20225
6039.67,0.20297
6040.57,0.20317
6041.47,0.2023
6042.37,0.20327
6043.27,0.20322
6044.17,0.20336
6045.07,0.20301
6045.97,0.20371
6046.87,0.20419
6047.77,0.20468
6048.67,0.20425
6049.57,0.20387
6050.47,0.2046
6051.38,0.20502
6052.28,0.20395
6053.18,0.20391
6054.08,0.20321
6054.98,0.2025
6055.88,0.20184
6056.78,0.20157
6057.68,0.20155
6058.58,0.20069
6059.48,0.19967
6060.38,0.20119
6061.28,0.20025
6062.18,0.20036
6063.08,0.20006
6063.98,0.19928
6064.88,0.19945
6065.78,0.1997
6066.68,0.19947
6067.58,0.19982
6068.48,0.20148
6069.38,0.20206
6070.28,0.20368
6071.18,0.20368
6072.08,0.20423
6072.98,0.20493
6073.88,0.20541
6074.78,0.20576
6075.68,0.20511
6076.58,0.20432
6077.48,0.2034
6078.38,0.20246
6079.28,0.2013
6080.18,0.20037
6081.08,0.20011
6081.98,0.19885
6082.88,0.19874
6083.78,0.19794
6084.68,0.19848
6085.58,0.19772
6086.48,0.19869
6087.38,0.19741
6088.28,0.19804
6089.19,0.19838
6090.09,0.19797
6090.99,0.19703
6091.89,0.19846
6092.79,0.19795
6093.69,0.1977
6094.59,0.19842
6095.49,0.19827
6096.39,0.19941
6097.29,0.19917
6098.19,0.19901
6099.09,0.19865
6099.99,0.19761
6100.89,0.19836
6101.79,0.19747
6102.69,0.19679
6103.59,0.1957
6104.49,0.19583
6105.39,0.19549
6106.29,0.1962
6107.19,0.19631
6108.09,0.19733
6108.99,0.19792
6109.89,0.19877
6110.79,0.19983
6111.69,0.20045
6112.59,0.20093
6113.49,0.20074
6114.39,0.20185
6115.29,0.20064
6116.19,0.20093
6117.09,0.20073
6117.99,0.19972
6118.89,0.1989
6119.79,0.19757
6120.69,0.19613
6121.59,0.1958
6122.49,0.19527
6123.39,0.19471
6124.29,0.19428
6125.19,0.19478
6126.1,0.19527
6127.0,0.19565
6127.9,0.19679
6128.8,0.19683
6129.7,0.19725
6130.6,0.19721
6131.5,0.19847
6132.4,0.19763
6133.3,0.19667
6134.2,0.19612
6135.1,0.19498
6136.0,0.19339
6136.9,0.19205
6137.8,0.1913
6138.7,0.19031
6139.6,0.19076
6140.5,0.19177
6141.4,0.19211
6142.3,0.19382
6143.2,0.19496
6144.1,0.19596
6145.0,0.1972
6145.9,0.19754
6146.8,0.19765
6147.7,0.19854
6148.6,0.19884
6149.5,0.1992
6150.4,0.19786
6151.3,0.19737
6152.2,0.19746
6153.1,0.1967
6154.0,0.19532
6154.9,0.19566
6155.8,0.19499
6156.7,0.1935
6157.6,0.19202
6158.5,0.18967
6159.4,0.1881
6160.3,0.18666
6161.2,0.18441
6162.1,0.18217
6163.01,0.18072
6163.91,0.17953
6164.81,0.17885
6165.71,0.17815
6166.61,0.17855
6167.51,0.17952
6168.41,0.17998
6169.31,0.18101
6170.21,0.1813
6171.11,0.18184
6172.01,0.18263
6172.91,0.18378
6173.81,0.18501
6174.71,0.18677
6175.61,0.18717
6176.51,0.18786
6177.41,0.18903
6178.31,0.19015
6179.21,0.18981
6180.11,0.19072
6181.01,0.19114
6181.91,0.19163
6182.81,0.19214
6183.71,0.19182
6184.61,0.19225
6185.51,0.19217
6186.41,0.19086
6187.31,0.18945
6188.21,0.18805
6189.11,0.18773
6190.01,0.18665
6190.91,0.18577
6191.81,0.18542
6192.71,0.1855
6193.61,0.1854
6194.51,0.1854
6195.41,0.18702
6196.31,0.18699
6197.21,0.18903
6198.11,0.18888
6199.01,0.18954
6199.92,0.18925
6200.82,0.19007
6201.72,0.19047
6202.62,0.19
6203.52,0.19217
6204.42,0.19131
6205.32,0.19301
6206.22,0.1933
6207.12,0.1929
6208.02,0.19307
6208.92,0.19234
6209.82,0.19201
6210.72,0.19062
6211.62,0.19036
6212.52,0.18949
6213.42,0.18741
6214.32,0.18664
6215.22,0.18493
6216.12,0.18364
6217.02,0.18317
6217.92,0.1822
6218.82,0.18286
6219.72,0.18214
6220.62,0.18194
6221.52,0.1819
6222.42,0.18322
6223.32,0.18295
6224.22,0.18284
6225.12,0.18295
6226.02,0.18361
6226.92,0.18394
6227.82,0.18344
6228.72,0.18259
6229.62,0.18221
6230.52,0.18233
6231.42,0.18213
6232.32,0.18137
6233.22,0.18224
6234.12,0.18155
6235.02,0.1823
6235.92,0.18265
6236.83,0.18311
6237.73,0.18309
6238.63,0.18305
6239.53,0.18322
6240.43,0.18244
6241.33,0.18288
6242.23,0.18154
6243.13,0.18068
6244.03,0.18086
6244.93,0.18007
6245.83,0.18039
6246.73,0.1807
6247.63,0.18102
6248.53,0.18178
6249.43,0.1818
6250.33,0.18147
6251.23,0.18211
6252.13,0.1812
6253.03,0.18069
6253.93,0.17955
6254.83,0.17857
6255.73,0.17787
6256.63,0.17765
6257.53,0.17748
6258.43,0.17714
6259.33,0.1774
6260.23,0.17829
6261.13,0.17907
6262.03,0.18021
6262.93,0.18109
6263.83,0.18174
6264.73,0.18352
6265.63,0.18407
6266.53,0.18525
6267.43,0.18605
6268.33,0.18608
6269.23,0.18561
6270.13,0.18661
6271.03,0.18744
6271.93,0.18827
6272.83,0.18803
6273.73,0.18782
6274.64,0.18866
6275.54,0.1885
6276.44,0.1887
6277.34,0.18841
6278.24,0.18823
6279.14,0.18836
6280.04,0.18801
6280.94,0.18795
6281.84,0.18815
6282.74,0.18858
6283.64,0.18901
6284.54,0.1892
6285.44,0.18978
6286.34,0.19122
6287.24,0.19178
6288.14,0.19204
6289.04,0.19241
6289.94,0.19242
6290.84,0.19321
6291.74,0.19174
6292.64,0.19168
6293.54,0.1904
6294.44,0.18959
6295.34,0.18977
6296.24,0.18889
6297.14,0.18859
6298.04,0.18703
6298.94,0.18709
6299.84,0.18575
6300.74,0.18625
6301.64,0.18673
6302.54,0.18644
6303.44,0.18709
6304.34,0.18635
6305.24,0.18722
6306.14,0.18849
6307.04,0.18893
6307.94,0.18898
6308.84,0.19056
6309.74,0.19104
6310.64,0.19105
6311.54,0.19101
6312.45,0.1907
6313.35,0.1895
6314.25,0.1889
6315.15,0.18837
6316.05,0.18727
6316.95,0.18783
6317.85,0.18667
6318.75,0.18665
6319.65,0.1873
6320.55,0.18717
6321.45,0.18791
6322.35,0.18804
6323.25,0.18858
6324.15,0.18978
6325.05,0.18993
6325.95,0.19101
6326.85,0.19228
6327.75,0.19204
6328.65,0.19273
6329.55,0.19338
6330.45,0.1938
6331.35,0.19454
6332.25,0.19266
6333.15,0.19337
6334.05,0.19223
6334.95,0.1914
6335.85,0.19206
6336.75,0.19077
6337.65,0.19058
6338.55,0.19012
6339.45,0.19029
6340.35,0.18983
6341.25,0.19018
6342.15,0.19122
6343.05,0.19084
6343.95,0.19074
6344.85,0.19129
6345.75,0.19151
6346.65,0.19167
6347.55,0.19137
6348.46,0.19178
6349.35,0.19235
6350.26,0.19279
6351.16,0.19219
6352.06,0.19333
6352.96,0.1934
6353.86,0.1918
6354.76,0.1916
6355.66,0.19053
6356.56,0.18994
6357.46,0.18857
6358.36,0.1879
6359.26,0.18733
6360.16,0.18589
6361.06,0.18467
6361.96,0.18469
6362.86,0.18412
6363.76,0.18512
6364.66,0.18533
6365.56,0.18553
6366.46,0.18686
6367.36,0.18795
6368.26,0.18939
6369.16,0.19093
6370.06,0.19166
6370.96,0.19385
6371.86,0.19354
6372.76,0.19482
6373.66,0.19533
6374.56,0.19502
6375.46,0.19626
6376.36,0.19589
6377.26,0.1962
6378.16,0.1957
6379.06,0.19547
6379.96,0.19483
6380.86,0.19505
6381.76,0.19423
6382.66,0.19477
6383.56,0.19387
6384.46,0.19449
6385.36,0.19456
6386.27,0.19437
6387.17,0.1941
6388.07,0.19492
6388.97,0.19394
6389.87,0.19371
6390.77,0.19343
6391.67,0.19379
6392.57,0.19253
6393.47,0.19214
6394.37,0.19137
6395.27,0.19116
6396.17,0.19151
6397.07,0.19062
6397.97,0.19079
6398.87,0.19167
6399.77,0.19131
6400.67,0.1914
6401.57,0.1911
6402.47,0.19187
6403.37,0.19249
6404.27,0.19271
6405.17,0.19313
6406.07,0.19408
6406.97,0.19416
6407.87,0.19345
6408.77,0.19349
6409.67,0.1937
6410.57,0.19344
6411.47,0.19264
6412.37,0.19263
6413.27,0.19329
6414.17,0.19262
6415.07,0.19213
6415.97,0.19328
6416.87,0.19292
6417.77,0.1922
6418.67,0.19249
6419.57,0.19292
6420.47,0.19229
6421.37,0.19237
6422.27,0.19287
6423.17,0.19308
6424.08,0.19383
6424.98,0.19383
6425.88,0.19531
6426.78,0.19479
6427.68,0.19491
6428.58,0.19498
6429.48,0.19507
6430.38,0.19484
6431.28,0.19566
6432.18,0.19304
6433.08,0.19428
6433.98,0.19377
6434.88,0.19315
6435.78,0.19459
6436.68,0.19408
6437.58,0.19497
6438.48,0.19519
6439.38,0.19513
6440.28,0.1957
6441.18,0.19536
6442.08,0.19726
6442.98,0.19682
6443.88,0.1966
6444.78,0.19775
6445.68,0.19807
6446.58,0.197
6447.48,0.19716
6448.38,0.19657
6449.28,0.19502
6450.18,0.19434
6451.08,0.19343
6451.98,0.19294
6452.88,0.1923
6453.78,0.19332
6454.68,0.19326
6455.58,0.19328
6456.48,0.19454
6457.38,0.19564
6458.28,0.19508
6459.18,0.19503
6460.08,0.19634
6460.98,0.19588
6461.89,0.19537
6462.79,0.19506
6463.69,0.19406
6464.59,0.19473
6465.49,0.19433
6466.39,0.19496
6467.29,0.19545
6468.19,0.19621
6469.09,0.19615
6469.99,0.1965
6470.89,0.19658
6471.79,0.19699
6472.69,0.1968
6473.59,0.19575
6474.49,0.19643
6475.39,0.19529
6476.29,0.19559
6477.19,0.19509
6478.09,0.19522
6478.99,0.19472
6479.89,0.19492
6480.79,0.19398
6481.69,0.19345
6482.59,0.19341
6483.49,0.19228
6484.39,0.19205
6485.29,0.19248
6486.19,0.19244
6487.09,0.19145
6487.99,0.19174
6488.89,0.19047
6489.79,0.1904
6490.69,0.18935
6491.59,0.18805
6492.49,0.18627
6493.39,0.18445
6494.29,0.18237
6495.19,0.18057
6496.09,0.17931
6496.99,0.17851
6497.9,0.17782
6498.79,0.17728
6499.7,0.17867
6500.6,0.17958
6501.5,0.182
6502.4,0.18369
6503.3,0.18577
6504.2,0.1873
6505.1,0.18923
6506.0,0.18966
6506.9,0.19129
6507.8,0.19215
6508.7,0.1928
6509.6,0.19272
6510.5,0.19402
6511.4,0.19321
6512.3,0.19293
6513.2,0.19365
6514.1,0.19326
6515.0,0.19267
6515.9,0.19233
6516.8,0.19227
6517.7,0.19203
6518.6,0.19229
6519.5,0.19203
6520.4,0.1916
6521.3,0.19278
6522.2,0.19243
6523.1,0.19369
6524.0,0.19353
6524.9,0.19356
6525.8,0.19422
6526.7,0.19382
6527.6,0.19413
6528.5,0.19461
6529.4,0.19381
6530.3,0.1936
6531.2,0.19342
6532.1,0.19426
6533.0,0.19384
6533.9,0.1945
6534.8,0.19427
6535.71,0.19415
6536.61,0.1947
6537.51,0.19482
6538.41,0.19524
6539.31,0.19626
6540.21,0.19551
6541.11,0.19532
6542.01,0.19427
6542.91,0.19446
6543.81,0.19303
6544.71,0.19278
6545.61,0.19226
6546.51,0.19126
6547.41,0.19029
6548.31,0.1893
6549.21,0.18906
6550.11,0.18815
6551.01,0.18841
6551.91,0.18725
6552.81,0.18699
6553.71,0.18618
6554.61,0.18414
6555.51,0.18363
6556.41,0.18207
6557.31,0.18038
6558.21,0.17799
6559.11,0.17536
6560.01,0.17318
6560.91,0.17035
6561.81,0.16854
6562.71,0.16549
6563.61,0.16406
6564.51,0.16408
6565.41,0.164
6566.31,0.1657
6567.21,0.16776
6568.11,0.17007
6569.01,0.17219
6569.91,0.17464
6570.81,0.17621
6571.71,0.17883
6572.61,0.18123
6573.52,0.18172
6574.42,0.18223
6575.32,0.18345
6576.22,0.18465
6577.12,0.18472
6578.02,0.18592
6578.92,0.18692
6579.82,0.18697
6580.72,0.18769
6581.62,0.18873
6582.52,0.19031
6583.42,0.19035
6584.32,0.19009
6585.22,0.19084
6586.12,0.19052
6587.02,0.18986
6587.92,0.19013
6588.82,0.19095
6589.72,0.19093
6590.62,0.18935
6591.52,0.18919
6592.42,0.18858
6593.32,0.18802
6594.22,0.18679
6595.12,0.18685
6596.02,0.18702
6596.92,0.18616
6597.82,0.18709
6598.72,0.18804
6599.62,0.18737
6600.52,0.188
6601.42,0.18907
6602.32,0.1888
6603.22,0.18944
6604.12,0.1899
6605.02,0.18946
6605.92,0.18952
6606.82,0.18927
6607.72,0.18885
6608.62,0.18945
6609.52,0.1883
6610.43,0.18878
6611.33,0.1888
6612.23,0.18911
6613.13,0.18981
6614.03,0.18997
6614.93,0.19037
6615.83,0.19125
6616.73,0.19204
6617.63,0.19207
6618.53,0.19286
6619.43,0.19208
6620.33,0.19236
6621.23,0.19174
6622.13,0.19186
6623.03,0.19158
6623.93,0.191
6624.83,0.19081
6625.73,0.19013
6626.63,0.18947
6627.53,0.18923
6628.43,0.18938
6629.33,0.18875
6630.23,0.18858
6631.13,0.18688
6632.03,0.18682
6632.93,0.18748
6633.83,0.18662
6634.73,0.1873
6635.63,0.18675
6636.53,0.1869
6637.43,0.18741
6638.33,0.18772
6639.23,0.18732
6640.13,0.18804
6641.03,0.18793
6641.93,0.18787
6642.83,0.18722
6643.73,0.18781
6644.63,0.18781
6645.53,0.18881
6646.43,0.18758
6647.34,0.18805
6648.24,0.1879
6649.14,0.18757
6650.04,0.1878
6650.94,0.18816
6651.84,0.18772
6652.74,0.18845
6653.64,0.18819
6654.54,0.18766
6655.44,0.18779
6656.34,0.18785
6657.24,0.18724
6658.14,0.1873
6659.04,0.18698
6659.94,0.18713
6660.84,0.18612
6661.74,0.18556
6662.64,0.18534
6663.54,0.18409
6664.44,0.18489
6665.34,0.18442
6666.24,0.1848
6667.14,0.18372
6668.04,0.18441
6668.94,0.1847
6669.84,0.18558
6670.74,0.186
6671.64,0.18628
6672.54,0.18669
6673.44,0.18716
6674.34,0.18683
6675.24,0.1861
6676.14,0.18601
6677.04,0.18634
6677.94,0.18558
6678.84,0.1844
6679.74,0.18406
6680.64,0.18361
6681.54,0.18306
6682.44,0.18361
6683.34,0.18418
6684.24,0.18468
6685.15,0.18475
6686.05,0.18493
6686.95,0.18543
6687.85,0.18594
6688.75,0.18561
6689.65,0.18663
6690.55,0.18689
6691.45,0.18646
6692.35,0.18602
6693.25,0.1855
6694.15,0.1857
6695.05,0.18556
6695.95,0.18445
6696.85,0.18386
6697.75,0.18456
6698.65,0.18406
6699.55,0.18447
6700.45,0.1846
6701.35,0.18437
6702.25,0.18388
6703.15,0.18397
6704.05,0.18448
6704.95,0.18465
6705.85,0.18468
6706.75,0.18418
6707.65,0.18502
6708.55,0.18393
6709.45,0.18528
6710.35,0.1842
6711.25,0.18417
6712.15,0.18251
6713.05,0.18258
6713.95,0.18198
6714.85,0.18186
6715.75,0.17997
6716.65,0.18082
6717.55,0.17949
6718.45,0.17916
6719.35,0.17932
6720.25,0.17888
6721.16,0.18047
6722.06,0.1803
6722.96,0.18005
6723.86,0.18079
6724.76,0.18191
6725.66,0.18227
6726.56,0.18224
6727.46,0.18237
6728.36,0.18309
6729.26,0.18292
6730.16,0.18314
6731.06,0.18327
6731.96,0.18396
6732.86,0.18445
6733.76,0.1842
6734.66,0.18487
6735.56,0.18364
6736.46,0.18391
6737.36,0.18358
6738.26,0.18277
6739.16,0.18307
6740.06,0.1826
6740.96,0.18192
6741.86,0.18239
6742.76,0.18169
6743.66,0.18136
6744.56,0.1806
6745.46,0.18171
6746.36,0.18113
6747.26,0.18098
6748.16,0.18093
6749.06,0.18052
6749.96,0.18058
6750.86,0.17978
6751.76,0.1798
6752.66,0.18021
6753.56,0.18048
6754.46,0.18092
6755.36,0.18149
6756.26,0.18184
6757.16,0.18168
6758.06,0.18335
6758.97,0.18401
6759.87,0.18461
6760.77,0.18477
6761.67,0.18408
6762.57,0.18456
6763.47,0.18543
6764.37,0.18513
6765.27,0.18422
6766.17,0.18379
6767.07,0.18362
6767.97,0.18354
6768.87,0.18339
6769.77,0.1824
6770.67,0.18325
6771.57,0.18291
6772.47,0.18323
6773.37,0.18402
6774.27,0.1839
6775.17,0.18444
6776.07,0.18481
6776.97,0.18486
6777.87,0.18534
6778.77,0.18509
6779.67,0.1855
6780.57,0.18502
6781.47,0.18413
6782.37,0.18446
6783.27,0.18398
6784.17,0.18334
6785.07,0.18235
6785.97,0.18277
6786.87,0.18243
6787.77,0.18175
6788.67,0.18167
6789.57,0.18092
6790.47,0.18229
6791.37,0.18191
6792.27,0.18229
6793.17,0.1816
6794.07,0.18267
6794.97,0.18137
6795.88,0.18284
6796.78,0.18347
6797.68,0.18304
6798.58,0.18369
6799.48,0.1832
6800.38,0.18365
6801.28,0.18324
6802.18,0.18419
6803.08,0.18333
6803.98,0.18418
6804.88,0.18489
6805.78,0.18349
6806.68,0.18391
6807.58,0.1834
6808.48,0.1839
6809.38,0.18403
6810.28,0.18429
6811.18,0.18343
6812.08,0.18301
6812.98,0.18317
6813.88,0.18346
6814.78,0.1837
6815.68,0.18318
6816.58,0.18404
6817.48,0.18297
6818.38,0.18347
6819.28,0.18428
6820.18,0.184
6821.08,0.18363
6821.98,0.18474
6822.88,0.18416
6823.78,0.18494
6824.68,0.18486
6825.58,0.18444
6826.48,0.18467
6827.38,0.18496
6828.28,0.18542
6829.18,0.18488
6830.08,0.18473
6830.98,0.18456
6831.88,0.18441
6832.79,0.18462
6833.69,0.18498
6834.59,0.18554
6835.49,0.18417
6836.39,0.18391
6837.29,0.18386
6838.19,0.18392
6839.09,0.18303
6839.99,0.18283
6840.89,0.18173
6841.79,0.1819
6842.69,0.18123
6843.59,0.18174
6844.49,0.18154
6845.39,0.18225
6846.29,0.18197
6847.19,0.18234
6848.09,0.18329
6848.99,0.18372
6849.89,0.18354
6850.79,0.18318
6851.69,0.18341
6852.59,0.18257
6853.49,0.18292
6854.39,0.18199
6855.29,0.18255
6856.19,0.18081
6857.09,0.18139
6857.99,0.18144
6858.89,0.18066
6859.79,0.18093
6860.69,0.1803
6861.59,0.18084
6862.49,0.18066
6863.39,0.1802
6864.29,0.18149
6865.19,0.18224
6866.09,0.18131
6866.99,0.18171
6867.89,0.1814
6868.79,0.18188
6869.7,0.18169
6870.6,0.18201
6871.5,0.18119
6872.4,0.18199
6873.3,0.18209
6874.2,0.18168
6875.1,0.18209
6876.0,0.18289
6876.9,0.18341
6877.8,0.1832
6878.7,0.18267
6879.6,0.1834
6880.5,0.18323
6881.4,0.18336
6882.3,0.1835
6883.2,0.1833
6884.1,0.18405
6885.0,0.1832
6885.9,0.18393
6886.8,0.18425
6887.7,0.1847
6888.6,0.18517
6889.5,0.18479
6890.4,0.18578
6891.3,0.18562
6892.2,0.18634
6893.1,0.18542
6894.0,0.18576
6894.9,0.18665
6895.8,0.18645
6896.7,0.18711
6897.6,0.18645
6898.5,0.18654
6899.4,0.18573
6900.3,0.18662
6901.2,0.18712
6902.1,0.18714
6903.0,0.18691
6903.9,0.18745
6904.8,0.18784
6905.7,0.18767
6906.6,0.18831
6907.51,0.18843
6908.41,0.18793
6909.31,0.18838
6910.21,0.18838
6911.11,0.18825
6912.01,0.18739
6912.91,0.18817
6913.81,0.18714
6914.71,0.18652
6915.61,0.18652
6916.51,0.18645
6917.41,0.18669
6918.31,0.18662
6919.21,0.18624
6920.11,0.18601
6921.01,0.18606
6921.91,0.18603
6922.81,0.18687
6923.71,0.18585
6924.61,0.18694
6925.51,0.18632
6926.41,0.18588
6927.31,0.18582
6928.21,0.18677
6929.11,0.18622
6930.01,0.1859
6930.91,0.18688
6931.81,0.18711
6932.71,0.18717
6933.61,0.18703
6934.51,0.18746
6935.41,0.18653
6936.31,0.1876
6937.21,0.187
6938.11,0.18776
6939.01,0.18768
6939.91,0.18797
6940.81,0.18768
6941.71,0.1882
6942.61,0.18755
6943.52,0.18789
6944.42,0.18751
6945.31,0.18701
6946.22,0.1865
6947.12,0.18762
6948.02,0.18678
6948.92,0.18739
6949.82,0.1868
6950.72,0.18737
6951.62,0.18733
6952.52,0.1871
6953.42,0.18701
6954.32,0.1875
6955.22,0.18689
6956.12,0.18739
6957.02,0.18739
6957.92,0.18759
6958.82,0.18845
6959.72,0.18823
6960.62,0.18825
6961.52,0.18875
6962.42,0.18968
6963.32,0.19041
6964.22,0.18974
6965.12,0.18967
6966.02,0.19071
6966.92,0.19074
6967.82,0.19053
6968.72,0.19063
6969.62,0.19044
6970.52,0.19103
6971.42,0.19036
6972.32,0.19013
6973.22,0.18958
6974.12,0.18834
6975.02,0.18834
6975.92,0.18746
6976.82,0.18656
6977.72,0.18633
6978.62,0.18596
6979.52,0.18617
6980.42,0.18505
6981.33,0.18597
6982.23,0.18654
6983.12,0.1865
6984.03,0.18766
6984.93,0.18842
6985.83,0.18863
6986.73,0.18938
6987.63,0.18958
6988.53,0.19014
6989.43,0.19074
6990.33,0.19091
6991.23,0.19043
6992.13,0.19085
6993.03,0.19069
6993.93,0.19094
6994.83,0.19076
6995.73,0.19071
6996.63,0.19043
6997.53,0.18949
6998.43,0.18966
6999.33,0.18943
7000.23,0.18973
7001.13,0.18897
7002.03,0.18807
7002.93,0.18919
7003.83,0.18894
7004.73,0.1881
7005.63,0.18864
7006.53,0.18827
7007.43,0.18805
7008.33,0.18859
7009.23,0.18815
7010.13,0.18931
7011.03,0.18824
7011.93,0.18858
7012.83,0.18884
7013.73,0.18722
7014.63,0.18825
7015.53,0.18692
7016.43,0.18689
7017.33,0.18729
7018.23,0.18682
7019.14,0.18667
7020.04,0.18739
7020.94,0.18743
7021.84,0.18758
7022.74,0.18787
7023.64,0.18807
7024.54,0.18784
7025.44,0.1887
7026.34,0.18817
7027.24,0.18748
7028.14,0.18883
7029.04,0.18978
7029.94,0.18906
7030.84,0.18937
7031.74,0.18919
7032.64,0.19001
7033.54,0.19
7034.44,0.19046
7035.34,0.19085
7036.24,0.19101
7037.14,0.19118
7038.04,0.19098
7038.94,0.19122
7039.84,0.19149
7040.74,0.19263
7041.64,0.19202
7042.54,0.19285
7043.44,0.19345
7044.34,0.19456
7045.24,0.19446
7046.14,0.19547
7047.04,0.19507
7047.94,0.19597
7048.84,0.19493
7049.74,0.19471
7050.64,0.19279
7051.54,0.19207
7052.44,0.19178
7053.34,0.18998
7054.25,0.18872
7055.15,0.18715
7056.04,0.18589
7056.95,0.18416
7057.85,0.18408
7058.75,0.18279
7059.65,0.18207
7060.55,0.18156
7061.45,0.18072
7062.35,0.18093
7063.25,0.18045
7064.15,0.18027
7065.05,0.18032
7065.95,0.18038
7066.85,0.17986
7067.75,0.18058
7068.65,0.18016
7069.55,0.18033
7070.45,0.18038
7071.35,0.18203
7072.25,0.18095
7073.15,0.18157
7074.05,0.18254
7074.95,0.18332
7075.85,0.18366
7076.75,0.18431
7077.65,0.18436
7078.55,0.18471
7079.45,0.1847
7080.35,0.18421
7081.25,0.18376
7082.15,0.18336
7083.05,0.18132
7083.95,0.1811
7084.85,0.1791
7085.75,0.17862
7086.65,0.17792
7087.55,0.17664
7088.45,0.17564
7089.35,0.17404
7090.25,0.17311
7091.15,0.1732
7092.06,0.17262
7092.96,0.17261
7093.85,0.17221
7094.76,0.17231
7095.66,0.17263
7096.56,0.173
7097.46,0.17231
7098.36,0.17323
7099.26,0.17345
7100.16,0.17373
7101.06,0.17495
7101.96,0.17451
7102.86,0.1751
7103.76,0.17486
7104.66,0.17531
7105.56,0.17518
7106.46,0.17565
7107.36,0.17578
7108.26,0.17637
7109.16,0.17666
7110.06,0.17552
7110.96,0.17587
7111.86,0.17543
7112.76,0.17475
7113.66,0.17633
7114.56,0.17543
7115.46,0.17646
7116.36,0.17665
7117.26,0.17684
7118.16,0.17695
7119.06,0.17711
7119.96,0.17686
7120.86,0.17645
7121.76,0.17645
7122.66,0.17545
7123.56,0.17663
7124.46,0.17557
7125.36,0.17407
7126.26,0.17381
7127.16,0.17308
7127.27,0.17355
7128.17,0.17239
7129.07,0.17241
7129.96,0.17192
7130.86,0.17105
7131.75,0.17052
7132.65,0.17089
7133.55,0.17077
7134.44,0.17139
7135.34,0.17131
7136.23,0.17308
7137.13,0.17224
7138.03,0.17281
7138.92,0.17325
7139.82,0.1729
7140.71,0.17304
7141.61,0.17377
7142.5,0.17352
7143.4,0.17375
7144.3,0.17275
7145.19,0.17282
7146.09,0.17267
7146.98,0.17301
7147.88,0.17333
7148.78,0.17215
7149.67,0.173
7150.57,0.17295
7151.46,0.17329
7152.36,0.1733
7153.26,0.17453
7154.15,0.17484
7155.05,0.17485
7155.94,0.17584
7156.84,0.17508
7157.74,0.17594
7158.63,0.1764
7159.53,0.17535
7160.42,0.17541
7161.32,0.17514
7162.21,0.17514
7163.11,0.17518
7164.01,0.17513
7164.9,0.17471
7165.8,0.17465
7166.69,0.17485
7167.59,0.17416
7168.49,0.17546
7169.38,0.17606
7170.28,0.17596
7171.17,0.17624
7172.07,0.17686
7172.96,0.17767
7173.86,0.17809
7174.76,0.17766
7175.65,0.17821
7176.55,0.17798
7177.44,0.17688
7178.34,0.17711
7179.24,0.17638
7180.13,0.17697
7181.03,0.17698
7181.92,0.1765
7182.82,0.17531
7183.72,0.17583
7184.61,0.17499
7185.51,0.17501
7186.4,0.17442
7187.3,0.1754
7188.19,0.17472
7189.09,0.17402
7189.99,0.17399
7190.88,0.17446
7191.78,0.17428
7192.67,0.17468
7193.57,0.17528
7194.47,0.17485
7195.36,0.1752
7196.26,0.17519
7197.15,0.176
7198.05,0.17575
7198.95,0.17513
7199.84,0.17575
7200.74,0.17583
7201.63,0.17606
7202.53,0.17633
7203.43,0.17586
7204.32,0.1754
7205.22,0.17495
7206.11,0.17521
7207.01,0.17482
7207.9,0.1755
7208.8,0.17475
7209.7,0.1746
7210.59,0.17559
7211.49,0.17503
7212.38,0.17499
7213.28,0.17634
7214.18,0.1771
7215.07,0.17637
7215.97,0.1769
7216.86,0.17747
7217.76,0.17797
7218.66,0.17816
7219.55,0.17793
7220.45,0.17812
7221.34,0.17912
7222.24,0.17956
7223.13,0.17901
7224.03,0.1801
7224.93,0.18008
7225.82,0.18052
7226.72,0.18108
7227.61,0.18189
7228.51,0.18185
7229.41,0.1818
7230.3,0.18178
7231.2,0.18246
7232.09,0.18258
7232.99,0.1843
7233.89,0.1829
7234.78,0.18254
7235.68,0.18343
7236.57,0.18284
7237.47,0.18261
7238.36,0.18277
7239.26,0.18266
7240.16,0.18209
7241.05,0.1829
7241.95,0.1829
7242.84,0.18248
7243.74,0.18257
7244.64,0.18316
7245.53,0.18234
7246.43,0.18279
7247.32,0.18353
7248.22,0.18211
7249.12,0.18256
7250.01,0.18321
7250.91,0.18335
7251.8,0.18315
7252.7,0.18297
7253.6,0.18305
7254.49,0.18349
7255.39,0.18425
7256.28,0.18384
7257.18,0.18366
7258.07,0.18332
7258.97,0.18327
7259.87,0.1839
7260.76,0.18439
7261.66,0.1839
7262.55,0.1842
7263.45,0.18483
7264.35,0.18447
7265.24,0.18491
7266.14,0.18443
7267.03,0.18552
7267.93,0.18526
7268.83,0.18573
7269.72,0.18554
7270.62,0.18678
7271.51,0.18588
7272.41,0.18591
7273.3,0.18542
7274.2,0.18591
7275.1,0.18585
7275.99,0.18568
7276.89,0.18546
7277.78,0.18617
7278.68,0.18478
7279.58,0.18545
7280.47,0.18432
7281.37,0.18464
7282.26,0.18371
7283.16,0.1831
7284.06,0.18233
7284.95,0.18208
7285.85,0.18167
7286.74,0.18217
7287.64,0.18176
7288.53,0.1814
7289.43,0.18154
7290.33,0.18139
7291.22,0.18223
7292.12,0.1815
7293.01,0.18199
7293.91,0.18221
7294.81,0.18332
7295.7,0.18333
7296.6,0.18448
7297.49,0.18482
7298.39,0.18475
7299.29,0.18591
7300.18,0.18653
7301.08,0.18749
7301.97,0.18705
7302.87,0.18688
7303.76,0.18724
7304.66,0.18719
7305.56,0.18756
7306.45,0.1873
7307.35,0.18707
7308.24,0.18724
7309.14,0.18657
7310.04,0.18716
7310.93,0.18657
7311.83,0.18726
7312.72,0.18746
7313.62,0.18797
7314.52,0.18745
7315.41,0.18785
7316.31,0.18743
7317.2,0.18771
7318.1,0.18768
7318.99,0.18715
7319.89,0.18746
7320.79,0.188
7321.68,0.18773
7322.58,0.18742
7323.47,0.18759
7324.37,0.18688
7325.27,0.18681
7326.16,0.1868
7327.06,0.18653
7327.95,0.18721
7328.85,0.18717
7329.75,0.18785
7330.64,0.18781
7331.54,0.1878
7332.43,0.18973
7333.33,0.18903
7334.22,0.1899
7335.12,0.19045
7336.02,0.19086
7336.91,0.19131
7337.81,0.19147
7338.7,0.19191
7339.6,0.1916
7340.5,0.19189
7341.39,0.19258
7342.29,0.19163
7343.18,0.19119
7344.08,0.19144
7344.98,0.19079
7345.87,0.19155
7346.77,0.19055
7347.66,0.19036
7348.56,0.19009
7349.45,0.19023
7350.35,0.18948
7351.25,0.18874
7352.14,0.18886
7353.04,0.18771
7353.93,0.18785
7354.83,0.18701
7355.73,0.18807
7356.62,0.18734
7357.52,0.18698
7358.41,0.18686
7359.31,0.18677
7360.21,0.18702
7361.1,0.18667
7362.0,0.18803
7362.89,0.18714
7363.79,0.18808
7364.69,0.18795
7365.58,0.1887
7366.48,0.1895
7367.37,0.18997
7368.27,0.19063
7369.16,0.19136
7370.06,0.19172
7370.96,0.19187
7371.85,0.19265
7372.75,0.19331
7373.64,0.19263
7374.54,0.19432
7375.44,0.19378
7376.33,0.19352
7377.23,0.19438
7378.12,0.19404
7379.02,0.19434
7379.92,0.19297
7380.81,0.19328
7381.71,0.193
7382.6,0.19221
7383.5,0.1922
7384.39,0.19158
7385.29,0.19043
7386.19,0.18954
7387.08,0.1892
7387.98,0.18812
7388.87,0.18905
7389.77,0.18822
7390.67,0.18867
7391.56,0.1883
7392.46,0.18793
7393.35,0.18859
7394.25,0.19027
7395.15,0.19025
7396.04,0.19038
7396.94,0.18967
7397.83,0.19084
7398.73,0.19098
7399.62,0.19176
7400.52,0.19076
7401.42,0.19209
7402.31,0.19132
7403.21,0.19238
7404.1,0.19145
7405.0,0.19199
7405.9,0.1913
7406.79,0.19197
7407.69,0.19026
7408.58,0.19017
7409.48,0.18908
7410.38,0.18931
7411.27,0.18769
7412.17,0.18763
7413.06,0.18521
7413.96,0.18508
7414.85,0.18438
7415.75,0.18335
7416.65,0.1831
7417.54,0.18372
7418.44,0.18329
7419.33,0.18385
7420.23,0.18375
7421.13,0.18412
7422.02,0.18519
7422.92,0.1868
7423.81,0.18707
7424.71,0.18825
7425.6,0.18827
7426.5,0.18961
7427.4,0.19112
7428.29,0.19084
7429.19,0.1916
7431.68,0.19441
7434.18,0.19412
7436.67,0.19423
7439.17,0.19379
7441.66,0.19407
7444.16,0.19356
7446.66,0.19294
7449.15,0.19267
7451.65,0.19443
7454.14,0.19563
7456.64,0.19519
7459.13,0.19509
7461.63,0.19495
7464.12,0.19401
7466.62,0.19458
7469.11,0.19517
7471.61,0.1944
7474.1,0.1954
7476.6,0.19538
7479.09,0.19503
7481.59,0.1948
7484.08,0.19406
7486.58,0.19476
7489.07,0.19419
7491.57,0.19342
7494.06,0.19318
7496.56,0.1925
7499.05,0.19437
7501.55,0.19477
7504.04,0.19543
7506.54,0.19532
7509.03,0.19555
7511.53,0.19505
7514.02,0.19503
7516.52,0.19601
7519.01,0.19696
7521.51,0.19726
7524.0,0.19634
7526.5,0.19594
7528.99,0.19604
7531.49,0.1962
7533.99,0.19682
7536.48,0.19794
7538.98,0.19798
7541.47,0.19783
7543.97,0.19764
7546.46,0.19733
7548.96,0.19749
7551.45,0.19736
7553.95,0.19702
7556.44,0.19686
7558.94,0.19623
7561.43,0.19639
7563.93,0.19677
7566.42,0.19678
7568.92,0.19668
7571.41,0.19666
7573.91,0.19641
7576.4,0.19603
7578.9,0.19611
7581.39,0.19522
7583.89,0.19395
7586.38,0.19219
7588.88,0.19035
7591.37,0.1895
7593.87,0.18964
7596.36,0.18842
7598.86,0.18823
7601.35,0.18799
7603.85,0.18732
7606.34,0.18744
7608.84,0.18709
7611.33,0.18737
7613.83,0.18718
7616.33,0.1868
7618.82,0.18623
7621.32,0.18659
7623.81,0.18657
7626.31,0.18723
7628.8,0.18742
7631.3,0.18721
7633.79,0.18639
7636.29,0.18682
7638.78,0.18645
7641.28,0.18662
7643.77,0.18694
7646.27,0.18663
7648.76,0.18663
7651.26,0.18524
7653.75,0.18393
7656.25,0.1822
7658.74,0.17922
7661.24,0.17703
7663.73,0.17496
7666.23,0.17426
7668.72,0.17517
7671.22,0.17625
7673.71,0.17828
7676.21,0.17994
7678.7,0.18078
7681.2,0.18087
7683.69,0.18087
7686.19,0.1812
7688.69,0.18093
7691.18,0.18032
7693.68,0.17996
7696.17,0.17862
7698.67,0.17852
7701.16,0.17836
7703.66,0.17869
7706.15,0.1793
7708.65,0.1787
7711.14,0.17756
7713.64,0.17701
7716.13,0.17641
7718.63,0.17747
7721.12,0.17831
7723.62,0.17921
7726.11,0.18053
7728.61,0.18129
7731.1,0.18135
7733.6,0.18329
7736.09,0.18354
7738.59,0.18392
7741.08,0.18307
7743.58,0.18173
7746.07,0.18002
7748.57,0.17795
7751.06,0.17723
7753.56,0.17809
7756.05,0.17942
7758.55,0.18086
7761.04,0.18165
7763.54,0.18261
7766.03,0.1829
7768.53,0.18423
7771.03,0.18422
7773.52,0.18496
7776.02,0.18496
7778.51,0.18541
7781.01,0.18397
7783.5,0.18268
7786.0,0.1822
7788.49,0.18167
7790.99,0.18113
7793.48,0.18126
7795.98,0.18173
7798.47,0.18162
7800.97,0.1818
7803.46,0.18223
7805.96,0.18311
7808.45,0.18279
7810.95,0.18359
7813.44,0.18344
7815.94,0.18448
7818.43,0.18533
7820.93,0.185
7823.42,0.1852
7825.92,0.18395
7828.41,0.18297
7830.91,0.18131
7833.4,0.17986
7835.9,0.17893
7838.39,0.17946
7840.89,0.17993
7843.38,0.18148
7845.88,0.18165
7848.38,0.18181
7850.87,0.18134
7853.37,0.18171
7855.86,0.18158
7858.36,0.18233
7860.85,0.18237
7863.35,0.1827
7865.84,0.18292
7868.34,0.18291
7870.83,0.18215
7873.33,0.18223
7875.82,0.18185
7878.32,0.18103
7880.81,0.18148
7883.31,0.18116
7885.8,0.18131
7888.3,0.18205
7890.79,0.1825
7893.29,0.18213
7895.78,0.18159
7898.28,0.18087
7900.77,0.18062
7903.27,0.18038
7905.76,0.17988
7908.26,0.17951
7910.75,0.17769
7913.25,0.17659
7915.74,0.17623
7918.24,0.17606
7920.73,0.17597
7923.23,0.17704
7925.73,0.17749
7928.22,0.17785
7930.71,0.17793
7933.21,0.17697
7935.71,0.17616
7938.2,0.17543
7940.7,0.17475
7943.19,0.17396
7945.69,0.17372
7948.18,0.17501
7950.68,0.17605
7953.17,0.17741
7955.67,0.17899
7958.16,0.1793
7960.66,0.17997
7963.15,0.18009
7965.65,0.18111
7968.14,0.18174
7970.64,0.18213
7973.13,0.18256
7975.63,0.18208
7978.12,0.18165
7980.62,0.18088
7983.11,0.18088
7985.61,0.18043
7988.1,0.18043
7990.6,0.17978
7993.09,0.17927
7995.59,0.17869
7998.08,0.17871
8000.58,0.17894
8003.07,0.17965
8005.57,0.18071
8008.06,0.18246
8010.56,0.18309
8013.06,0.18386
8015.55,0.18449
8018.05,0.18466
8020.54,0.18371
8023.04,0.18261
8025.53,0.18174
8028.03,0.18094
8030.52,0.18073
8033.02,0.18223
8035.51,0.18363
8038.01,0.18425
8040.5,0.18453
8043.0,0.1835
8045.49,0.182
8047.99,0.18081
8050.48,0.18042
8052.98,0.18151
8055.47,0.18255
8057.97,0.18342
8060.46,0.18403
8062.96,0.18409
8065.45,0.18316
8067.95,0.18198
8070.44,0.18135
8072.94,0.18025
8075.43,0.1806
8077.93,0.18081
8080.42,0.18177
8082.92,0.18127
8085.41,0.18146
8087.91,0.18109
8090.4,0.18041
8092.9,0.17931
8095.4,0.17932
8097.89,0.17939
8100.39,0.17975
8102.88,0.1804
8105.38,0.18121
8107.87,0.18176
8110.37,0.18089
8112.86,0.18103
8115.36,0.18035
8117.85,0.18034
8120.35,0.18132
8122.84,0.18199
8125.34,0.18261
8127.83,0.18297
8130.33,0.18331
8132.82,0.18355
8135.32,0.18367
8137.81,0.18317
8140.31,0.18331
8142.8,0.1836
8145.3,0.18363
8147.79,0.18314
8150.29,0.18334
8152.78,0.18355
8155.28,0.18385
8157.77,0.1837
8160.27,0.18355
8162.76,0.18299
8165.26,0.18316
8167.75,0.18328
8170.25,0.1843
8172.75,0.18405
8175.24,0.18375
8177.74,0.18297
8180.23,0.18186
8182.73,0.17999
8185.22,0.17912
8187.72,0.17874
8190.21,0.17832
8192.71,0.17771
8195.2,0.1768
8197.7,0.17603
8200.19,0.17609
8202.69,0.17597
8205.18,0.17679
8207.68,0.17688
8210.17,0.17767
8212.67,0.17766
8215.16,0.17809
8217.66,0.17843
8220.15,0.17935
8222.65,0.17952
8225.14,0.18082
8227.64,0.18181
8230.13,0.18206
8232.63,0.18235
8235.12,0.18203
8237.62,0.18234
8240.11,0.18187
8242.61,0.18165
8245.1,0.18149
8247.6,0.18186
8250.1,0.18138
8252.59,0.18063
8255.08,0.17986
8257.58,0.18062
8260.08,0.18152
8262.57,0.18192
8265.07,0.18241
8267.56,0.18252
8270.06,0.18155
8272.55,0.18164
8275.05,0.18085
8277.54,0.18051
8280.04,0.18103
8282.53,0.18076
8285.03,0.18032
8287.52,0.18008
8290.02,0.17914
8292.51,0.17887
8295.01,0.17843
8297.5,0.17736
8300.0,0.17755
8302.49,0.17672
8304.99,0.17582
8307.48,0.17511
8309.98,0.17521
8312.47,0.17528
8314.97,0.1764
8317.46,0.17671
8319.96,0.17741
8322.46,0.17697
8324.95,0.17564
8327.44,0.17434
8329.94,0.17379
8332.43,0.17266
8334.93,0.1726
8337.43,0.17295
8339.92,0.17342
8342.42,0.17378
8344.91,0.1744
8347.41,0.17371
8349.9,0.17393
8352.4,0.17461
8354.89,0.1753
8357.39,0.17555
8359.88,0.17546
8362.38,0.17519
8364.87,0.17489
8367.37,0.17512
8369.86,0.1755
8372.36,0.17585
8374.85,0.17594
8377.35,0.17493
8379.84,0.17363
8382.34,0.1722
8384.83,0.17068
8387.33,0.16954
8389.82,0.1703
8392.32,0.17176
8394.81,0.17327
8397.31,0.17495
8399.8,0.17602
8402.3,0.17618
8404.79,0.17689
8407.29,0.1771
8409.79,0.17696
8412.28,0.17633
8414.78,0.1755
8417.27,0.17482
8419.77,0.17428
8422.26,0.17404
8424.76,0.17339
8427.25,0.1721
8429.75,0.17149
8432.24,0.17052
8434.74,0.16936
8437.23,0.16865
8439.73,0.16856
8442.22,0.16864
8444.72,0.17004
8447.21,0.17059
8449.71,0.17128
8452.2,0.17138
8454.7,0.17108
8457.19,0.17096
8459.69,0.17017
8462.18,0.16957
8464.68,0.16813
8467.17,0.16767
8469.67,0.16674
8472.16,0.16732
8474.66,0.16818
8477.15,0.16967
8479.65,0.16992
8482.14,0.1699
8484.64,0.17046
8487.13,0.16981
8489.63,0.16858
8492.12,0.16609
8494.62,0.16194
8497.12,0.15742
8499.61,0.15423
8502.11,0.15426
8504.6,0.15707
8507.1,0.16069
8509.59,0.16357
8512.09,0.16446
8514.58,0.16464
8517.08,0.1643
8519.57,0.16343
8522.07,0.1646
8524.56,0.16485
8527.06,0.16517
8529.55,0.16461
8532.05,0.16288
8534.54,0.1579
8537.04,0.15129
8539.53,0.14311
8542.03,0.13664
8544.52,0.13368
8547.02,0.13673
8549.51,0.14337
8552.01,0.1516
8554.5,0.15822
8557.0,0.16328
8559.49,0.16574
8561.99,0.16718
8564.48,0.16773
8566.98,0.16823
8569.47,0.16842
8571.97,0.16859
8574.47,0.1686
8576.96,0.16852
8579.46,0.16893
8581.95,0.16918
8584.45,0.16913
8586.94,0.1693
8589.44,0.16981
8591.93,0.17002
8594.43,0.16966
8596.92,0.16951
8599.42,0.16911
8601.91,0.16975
8604.41,0.16963
8606.9,0.16948
8609.4,0.16874
8611.89,0.16905
8614.39,0.16839
8616.88,0.16814
8619.38,0.16836
8621.87,0.16902
8624.37,0.16906
8626.86,0.16904
8629.36,0.17002
8631.85,0.17033
8634.35,0.17077
8636.84,0.17141
8639.34,0.17208
8641.83,0.17128
8644.33,0.17117
8646.83,0.17055
8649.32,0.16946
8651.82,0.16752
8654.31,0.16403
8656.8,0.15841
8659.3,0.15179
8661.8,0.14514
8664.29,0.14224
8666.79,0.14353
8669.28,0.14862
8671.78,0.15459
8674.27,0.15954
8676.77,0.16299
8679.26,0.16476
8681.76,0.16621
8684.25,0.16564
8686.75,0.16502
8689.24,0.16475
8691.74,0.16477
8694.23,0.16464
8696.73,0.16606
8699.22,0.16705
8701.72,0.16801
8704.21,0.16806
8706.71,0.16824
8709.2,0.16879
8711.7,0.16813
8714.19,0.16819
8716.69,0.16901
8719.18,0.16949
8721.68,0.17065
8724.17,0.17115
8726.67,0.17163
8729.17,0.17122
8731.66,0.17114
8734.16,0.17095
8736.65,0.17066
8739.15,0.17022
8741.64,0.17065
8744.14,0.17068
8746.63,0.17065
8749.13,0.17036
8751.62,0.16985
8754.12,0.17015
8756.61,0.17005
8759.11,0.1703
8761.6,0.17021
8764.1,0.1704
8766.59,0.17004
8769.09,0.1699
8771.58,0.16973
8774.08,0.17
8776.57,0.16981
8779.07,0.17038
8781.56,0.17175
8784.06,0.17198
8786.55,0.17174
8789.05,0.17196
8791.54,0.17103
8794.04,0.17039
8796.53,0.1698
8799.03,0.1692
8801.52,0.16743
8804.02,0.1661
8806.51,0.16424
8809.01,0.16403
8811.5,0.16516
8814.0,0.16677
8816.5,0.16901
8818.99,0.16941
8821.49,0.17018
8823.98,0.1696
8826.48,0.16969
8828.97,0.16995
8831.47,0.17127
8833.96,0.17197
8836.46,0.17219
8838.95,0.17289
8841.45,0.17344
8843.94,0.17305
8846.44,0.17407
8848.93,0.17507
8851.43,0.17543
8853.92,0.17497
8856.42,0.17395
8858.91,0.17223
8861.41,0.17046
8863.9,0.16785
8866.4,0.16621
8868.89,0.16576
8871.39,0.16586
8873.88,0.16577
8876.38,0.16629
8878.87,0.16646
8881.37,0.16691
8883.87,0.16768
8886.36,0.16779
8888.86,0.16793
8891.35,0.16803
8893.84,0.16806
8896.34,0.1679
8898.84,0.16841
8901.33,0.16858
8903.83,0.16848
8906.32,0.16831
8908.82,0.16796
8911.31,0.16787
8913.81,0.16736
8916.3,0.16693
8918.8,0.16666
8921.29,0.16582
8923.79,0.16556
8926.28,0.16494
8928.78,0.16513
8931.27,0.16512
8933.77,0.16517
8936.26,0.16561
8938.76,0.16537
8941.25,0.165
8943.75,0.1643
8946.24,0.16389
8948.74,0.16396
8951.23,0.16441
8953.73,0.1659
8956.22,0.16626
8958.72,0.16705
8961.21,0.16744
8963.71,0.16724
8966.2,0.16676
8968.7,0.16665
8971.2,0.16608
8973.69,0.16601
8976.19,0.1658
8978.68,0.16608
8981.18,0.16627
8983.67,0.16722
8986.17,0.16725
8988.66,0.16776
8991.16,0.16796
8993.65,0.16797
8996.15,0.16762
8998.64,0.16711
9001.14,0.16681
9003.63,0.16585
9006.13,0.16501
9008.62,0.16331
9011.12,0.16169
9013.61,0.15995
9016.11,0.15898
9018.6,0.15952
9021.1,0.15978
9023.59,0.16084
9026.09,0.1623
9028.58,0.16346
9031.08,0.16477
9033.57,0.16608
9036.07,0.16687
9038.56,0.16751
9041.06,0.16796
9043.55,0.16828
9046.05,0.16866
9048.54,0.16859
9051.04,0.16882
9053.54,0.16881
9056.03,0.16799
9058.53,0.16779
9061.02,0.1674
9063.52,0.16713
9066.01,0.16691
9068.51,0.16743
9071.0,0.16734
9073.5,0.16732
9075.99,0.16717
9078.49,0.16638
9080.98,0.16557
9083.48,0.1645
9085.97,0.16266
9088.47,0.16152
9090.96,0.16136
9093.46,0.16153
9095.95,0.16258
9098.45,0.16432
9100.94,0.16498
9103.44,0.16574
9105.93,0.16579
9108.43,0.16573
9110.92,0.16552
9113.42,0.16479
9115.91,0.16441
9118.41,0.16411
9120.9,0.16422
9123.4,0.1651
9125.89,0.16595
9128.39,0.1669
9130.88,0.16722
9133.38,0.16666
9135.88,0.1657
9138.37,0.16499
9140.87,0.16361
9143.36,0.16188
9145.86,0.16074
9148.35,0.16076
9150.85,0.16125
9153.34,0.16129
9155.84,0.16222
9158.33,0.16194
9160.83,0.16189
9163.32,0.16097
9165.82,0.16071
9168.31,0.15871
9170.81,0.15784
9173.3,0.15709
9175.8,0.15682
9178.29,0.15754
9180.79,0.15843
9183.28,0.15954
9185.78,0.15995
9188.27,0.16026
9190.77,0.15977
9193.26,0.15921
9195.76,0.15897
9198.25,0.15889
9200.75,0.15861
9203.24,0.15858
9205.74,0.15826
9208.24,0.1577
9210.73,0.15705
9213.23,0.15649
9215.72,0.15663
9218.22,0.15685
9220.71,0.15686
9223.21,0.15733
9225.7,0.15715
9228.2,0.15725
9230.69,0.15681
9233.19,0.15648
9235.68,0.1574
9238.18,0.15659
9240.67,0.15681
9243.17,0.15704
9245.66,0.15703
9248.16,0.15624
9250.65,0.15643
9253.15,0.15611
9255.64,0.15562
9258.14,0.15567
9260.63,0.15606
9263.13,0.15693
9265.62,0.15827
9268.12,0.15857
9270.61,0.15934
9273.11,0.15882
9275.6,0.15845
9278.1,0.15813
9280.59,0.15738
9283.09,0.1566
9285.58,0.15587
9288.08,0.15539
9290.58,0.15484
9293.07,0.15471
9295.57,0.15457
9298.06,0.15491
9300.56,0.15492
9303.05,0.15527
9305.55,0.15537
9308.04,0.15555
9310.54,0.15549
9313.03,0.15516
9315.53,0.15537
9318.02,0.15496
9320.52,0.15483
9323.01,0.15444
9325.51,0.15478
9328.0,0.15496
9330.5,0.15531
9332.99,0.15546
9335.49,0.15562
9337.98,0.15591
9340.48,0.15524
9342.97,0.15548
9345.47,0.15429
9347.96,0.1538
9350.46,0.15358
9352.95,0.15256
9355.45,0.15196
9357.94,0.15141
9360.44,0.15091
9362.93,0.15057
9365.43,0.15062
9367.92,0.1514
9370.42,0.15164
9372.92,0.15132
9375.41,0.15124
9377.91,0.15158
9380.4,0.15099
9382.9,0.15117
9385.39,0.15101
9387.89,0.15084
9390.38,0.1506
9392.88,0.15111
9395.37,0.15104
9397.87,0.15061
9400.36,0.15051
9402.86,0.14988
9405.35,0.14911
9407.85,0.14812
9410.34,0.14763
9412.84,0.14645
9415.33,0.14657
9417.83,0.14709
9420.32,0.14729
9422.82,0.14863
9425.31,0.14922
9427.81,0.14994
9430.3,0.14968
9432.8,0.14926
9435.29,0.14921
9437.79,0.14858
9440.28,0.14855
9442.78,0.14783
9445.27,0.14792
9447.77,0.14813
9450.27,0.148
9452.76,0.1486
9455.25,0.14911
9457.75,0.14962
9460.25,0.14995
9462.74,0.15073
9465.24,0.15156
9467.73,0.1516
9470.23,0.15208
9472.72,0.15213
9475.22,0.15215
9477.71,0.15199
9480.21,0.15149
9482.7,0.15207
9485.2,0.15176
9487.69,0.15247
9490.19,0.15271
9492.68,0.15297
9495.18,0.1531
9497.67,0.15327
9500.17,0.15299
9502.66,0.15308
9505.16,0.15374
9507.65,0.15351
9510.15,0.15344
9512.64,0.15362
9515.14,0.15369
9517.63,0.15434
9520.13,0.15458
9522.62,0.15502
9525.12,0.15517
9527.61,0.15515
9530.11,0.15489
9532.61,0.15449
9535.1,0.15444
9537.6,0.15356
9540.09,0.15282
9542.59,0.15223
9545.08,0.15118
9547.58,0.1509
9550.07,0.15055
9552.57,0.15167
9555.06,0.15296
9557.56,0.15401
9560.05,0.1545
9562.55,0.15493
9565.04,0.15513
9567.54,0.1548
9570.03,0.15373
9572.53,0.15308
9575.02,0.15267
9577.52,0.15245
9580.01,0.1529
9582.51,0.15318
9585.0,0.15324
9587.5,0.15397
9589.99,0.1542
9592.49,0.15416
9594.98,0.15319
9597.48,0.15284
9599.97,0.15219
9602.47,0.15182
9604.96,0.15183
9607.46,0.15216
9609.96,0.1526
9612.45,0.15368
9614.95,0.15372
9617.44,0.15372
9619.94,0.15386
9622.43,0.1532
9624.93,0.15314
9627.42,0.1527
9629.92,0.15266
9632.41,0.15244
9634.91,0.15141
9637.4,0.15106
9639.9,0.15024
9642.39,0.15008
9644.89,0.14999
9647.38,0.15001
9649.88,0.14999
9652.37,0.14969
9654.87,0.14976
9657.36,0.14963
9659.86,0.15006
9662.35,0.15032
9664.85,0.15037
9667.34,0.14983
9669.84,0.14951
9672.33,0.1495
9674.83,0.14901
9677.32,0.14895
9679.82,0.14926
9682.31,0.14978
9684.81,0.1499
9687.3,0.15001
9689.8,0.15014
9692.29,0.14997
9694.79,0.14977
9697.29,0.14974
9699.78,0.1499
9702.28,0.14968
9704.77,0.14951
9707.27,0.14952
9709.76,0.14925
9712.26,0.14989
9714.75,0.15042
9717.25,0.15052
9719.74,0.15034
9722.24,0.14993
9724.73,0.14903
9727.23,0.14841
9729.72,0.14807
9732.22,0.14752
9734.71,0.14716
9737.21,0.14716
9739.7,0.14663
9742.2,0.14661
9744.69,0.14661
9747.19,0.14683
9749.68,0.14723
9752.18,0.14771
9754.67,0.14879
9757.17,0.14917
9759.66,0.14927
9762.16,0.14922
9764.65,0.14909
9767.15,0.14859
9769.64,0.14812
9772.14,0.14801
9774.64,0.14794
9777.13,0.14799
9779.63,0.14766
9782.12,0.14678
9784.62,0.14573
9787.11,0.14562
9789.61,0.14573
9792.1,0.14655
9794.6,0.14781
9797.09,0.14872
9799.59,0.1494
9802.08,0.15039
9804.58,0.15033
9807.07,0.15057
9809.57,0.15061
9812.06,0.15045
9814.56,0.15011
9817.05,0.1503
9819.55,0.15032
9822.04,0.15008
9824.54,0.15017
9827.03,0.14988
9829.53,0.14949
9832.02,0.14934
9834.52,0.14887
9837.01,0.14931
9839.51,0.14973
9842.0,0.14994
9844.5,0.15042
9847.0,0.15071
9849.49,0.15038
9851.99,0.15043
9854.48,0.15032
9856.98,0.15017
9859.47,0.15048
9861.97,0.1501
9864.46,0.14969
9866.96,0.14997
9869.45,0.15019
9871.95,0.15011
9874.44,0.14996
9876.94,0.15051
9879.43,0.15033
9881.93,0.15015
9884.42,0.14981
9886.92,0.14986
9889.41,0.14928
9891.91,0.14902
9894.4,0.14868
9896.9,0.14843
9899.39,0.14837
9901.89,0.14784
9904.38,0.14773
9906.88,0.14712
9909.37,0.14721
9911.87,0.14679
9914.36,0.1468
9916.86,0.14679
9919.35,0.14675
9921.85,0.1466
9924.34,0.14652
9926.84,0.1464
9929.33,0.14631
9931.83,0.14688
9934.33,0.14689
9936.82,0.14717
9939.32,0.14778
9941.81,0.14775
9944.31,0.14764
9946.8,0.14727
9949.3,0.14723
9951.79,0.14737
9954.29,0.14774
9956.78,0.1481
9959.28,0.14837
9961.77,0.1489
9964.27,0.14838
9966.76,0.14872
9969.26,0.14875
9971.75,0.14844
9974.25,0.14838
9976.74,0.14842
9979.24,0.14826
9981.73,0.14794
9984.23,0.14803
9986.72,0.14779
9989.22,0.14774
9991.71,0.14756
9994.21,0.14727
9996.7,0.14708
9999.2,0.14679
10001.7,0.14655
10004.2,0.14663
10006.7,0.14688
10009.2,0.14733
10011.7,0.14709
10014.2,0.14791
10016.7,0.14842
10019.2,0.14886
10021.7,0.14896
10024.2,0.14898
10026.6,0.14926
10029.1,0.14837
10031.6,0.14799
10034.1,0.14735
10036.6,0.1467
10039.1,0.14658
10041.6,0.14629
10044.1,0.14649
10046.6,0.14648
10049.1,0.14528
10051.6,0.14546
10054.1,0.14488
10056.6,0.14505
10059.1,0.14481
10061.6,0.14482
10064.1,0.14501
10066.6,0.14516
10069.1,0.14597
10071.6,0.14642
10074.1,0.14675
10076.5,0.14706
10079.0,0.14671
10081.5,0.14657
10084.0,0.1465
10086.5,0.14665
10089.0,0.14712
10091.5,0.1476
10094.0,0.14801
10096.5,0.1484
10099.0,0.1484
10101.5,0.14871
10104.0,0.1485
10106.5,0.14827
10109.0,0.14795
10111.5,0.14773
10114.0,0.1473
10116.5,0.14719
10119.0,0.14692
10121.5,0.14645
10124.0,0.14658
10126.5,0.1468
10128.9,0.14672
10131.4,0.14679
10133.9,0.14686
10136.4,0.14676
10138.9,0.14605
10141.4,0.14558
10143.9,0.14529
10146.4,0.14486
10148.9,0.14462
10151.4,0.14474
10153.9,0.14516
10156.4,0.14516
10158.9,0.14542
10161.4,0.14588
10163.9,0.14588
10166.4,0.14566
10168.9,0.14566
10171.4,0.14564
10173.9,0.14591
10176.4,0.14603
10178.9,0.14543
10181.3,0.14615
10183.8,0.14575
10186.3,0.14545
10188.8,0.14475
10191.3,0.14457
10193.8,0.14447
10196.3,0.1441
10198.8,0.14453
10201.3,0.14435
10203.8,0.14462
10206.3,0.14499
10208.8,0.14521
10211.3,0.14465
10213.8,0.14422
10216.3,0.14397
10218.8,0.14376
10221.3,0.14374
10223.8,0.14363
10226.3,0.14419
10228.8,0.14446
10231.2,0.14434
10233.7,0.14507
10236.2,0.1451
10238.7,0.1453
10241.2,0.14489
10243.7,0.14506
10246.2,0.14505
10248.7,0.14469
10251.2,0.14494
10253.7,0.14462
10256.2,0.14446
10258.7,0.14405
10261.2,0.14367
10263.7,0.14373
10266.2,0.14329
10268.7,0.14342
10271.2,0.14363
10273.7,0.14365
10276.2,0.1434
10278.7,0.14377
10281.2,0.1436
10283.6,0.14377
10286.1,0.14363
10288.6,0.14372
10291.1,0.14346
10293.6,0.14357
10296.1,0.14341
10298.6,0.14373
10301.1,0.14339
10303.6,0.14332
10306.1,0.14347
10308.6,0.14356
10311.1,0.14376
10313.6,0.14411
10316.1,0.14395
10318.6,0.14379
10321.1,0.14332
10323.6,0.14264
10326.1,0.14183
10328.6,0.1411
10331.1,0.14073
10333.5,0.14055
10336.0,0.14034
10338.5,0.14024
10341.0,0.13982
10343.5,0.14014
10346.0,0.13962
10348.5,0.14007
10351.0,0.14041
10353.5,0.1413
10356.0,0.14234
10358.5,0.14255
10361.0,0.14295
10363.5,0.14275
10366.0,0.1427
10368.5,0.14268
10371.0,0.14226
10373.5,0.14156
10376.0,0.14149
10378.5,0.14162
10381.0,0.14155
10383.5,0.14125
10385.9,0.1417
10388.4,0.14168
10390.9,0.14136
10393.4,0.14096
10395.9,0.13989
10398.4,0.13961
10400.9,0.13975
10403.4,0.14032
10405.9,0.14091
10408.4,0.14145
10410.9,0.14187
10413.4,0.14225
10415.9,0.14248
10418.4,0.14226
10420.9,0.14168
10423.4,0.14155
10425.9,0.1413
10428.4,0.14129
10430.9,0.14112
10433.4,0.14151
10435.9,0.14164
10438.3,0.14215
10440.8,0.14269
10443.3,0.14242
10445.8,0.14219
10448.3,0.1419
10450.8,0.1426
10453.3,0.14189
10455.8,0.14131
10458.3,0.14147
10460.8,0.14144
10463.3,0.14094
10465.8,0.14096
10468.3,0.14056
10470.8,0.14041
10473.3,0.14072
10475.8,0.14077
10478.3,0.14058
10480.8,0.14088
10483.3,0.14084
10485.8,0.14077
10488.2,0.14047
10490.7,0.14064
10493.2,0.13981
10495.7,0.13961
10498.2,0.13968
10500.7,0.13884
10503.2,0.13947
10505.7,0.13976
10508.2,0.14017
10510.7,0.14025
10513.2,0.1397
10515.7,0.13984
10518.2,0.14034
10520.7,0.14055
10523.2,0.14002
10525.7,0.1403
10528.2,0.14017
10530.7,0.13996
10533.2,0.13982
10535.7,0.13966
10538.2,0.13976
10540.6,0.13978
10543.1,0.13999
10545.6,0.14023
10548.1,0.13985
10550.6,0.1401
10553.1,0.14007
10555.6,0.13965
10558.1,0.13906
10560.6,0.13898
10563.1,0.13969
10565.6,0.13923
10568.1,0.13963
10570.6,0.13942
10573.1,0.13901
10575.6,0.13875
10578.1,0.1383
10580.6,0.13733
10583.1,0.13618
10585.6,0.13579
10588.1,0.13557
10590.6,0.13614
10593.0,0.13666
10595.5,0.1374
10598.0,0.1378
10600.5,0.13765
10603.0,0.13732
10605.5,0.13683
10608.0,0.13653
10610.5,0.13616
10613.0,0.13697
10615.5,0.13721
10618.0,0.13804
10620.5,0.13764
10623.0,0.13824
10625.5,0.13832
10628.0,0.13866
10630.5,0.13844
10633.0,0.13902
10635.5,0.13873
10638.0,0.13899
10640.5,0.13904
10642.9,0.13899
10645.4,0.13848
10647.9,0.13856
10650.4,0.13801
10652.9,0.13771
10655.4,0.1371
10657.9,0.13619
10660.4,0.13568
10662.9,0.13479
10665.4,0.13507
10667.9,0.13512
10670.4,0.13521
10672.9,0.13599
10675.4,0.13632
10677.9,0.1363
10680.4,0.13619
10682.9,0.13633
10685.4,0.13603
10687.9,0.13533
10690.4,0.13481
10692.9,0.13475
10695.3,0.13517
10697.8,0.13561
10700.3,0.13609
10702.8,0.13658
10705.3,0.13677
10707.8,0.13771
10710.3,0.13762
10712.8,0.13787
10715.3,0.13737
10717.8,0.13713
10720.3,0.13684
10722.8,0.13593
10725.3,0.13507
10727.8,0.13447
10730.3,0.13418
10732.8,0.13353
10735.3,0.13445
10737.8,0.13483
10740.3,0.13533
10742.8,0.13563
10745.3,0.13535
10747.7,0.135
10750.2,0.13476
10752.7,0.13489
10755.2,0.13476
10757.7,0.13516
10760.2,0.13557
10762.7,0.13598
10765.2,0.13643
10767.7,0.13652
10770.2,0.13649
10772.7,0.13574
10775.2,0.13529
10777.7,0.13487
10780.2,0.13396
10782.7,0.13349
10785.2,0.1327
10787.7,0.13266
10790.2,0.13288
10792.7,0.13348
10795.2,0.13382
10797.6,0.13442
10800.1,0.13496
10802.6,0.13495
10805.1,0.13458
10807.6,0.13418
10810.1,0.13347
10812.6,0.13308
10815.1,0.13208
10817.6,0.13192
10820.1,0.13163
10822.6,0.13109
10825.1,0.13077
10827.6,0.13088
10830.1,0.13089
10832.6,0.13093
10835.1,0.13197
10837.6,0.13227
10840.1,0.13333
10842.6,0.13343
10845.1,0.13354
10847.6,0.13379
10850.0,0.13411
10852.5,0.13424
10855.0,0.13455
10857.5,0.13448
10860.0,0.13417
10862.5,0.13355
10865.0,0.1326
10867.5,0.13135
10870.0,0.13012
10872.5,0.12914
10875.0,0.12915
10877.5,0.1291
10880.0,0.12937
10882.5,0.12986
10885.0,0.1298
10887.5,0.13063
10890.0,0.13083
10892.5,0.13098
10895.0,0.13151
10897.5,0.13183
10900.0,0.132
10902.4,0.13281
10904.9,0.13255
10907.4,0.13299
10909.9,0.13254
10912.4,0.13253
10914.9,0.13242
10917.4,0.13204
10919.9,0.1314
10922.4,0.13079
10924.9,0.13062
10927.4,0.12994
10929.9,0.12917
10932.4,0.12829
10934.9,0.12851
10937.4,0.12831
10939.9,0.12871
10942.4,0.12878
10944.9,0.12907
10947.4,0.12924
10949.9,0.12917
10952.3,0.12905
10954.8,0.12844
10957.3,0.1278
10959.8,0.12654
10962.3,0.12557
10964.8,0.12432
10967.3,0.12343
10969.8,0.12309
10972.3,0.1228
10974.8,0.12261
10977.3,0.12306
10979.8,0.12346
10982.3,0.12366
10984.8,0.12385
10987.3,0.12438
10989.8,0.1244
10992.3,0.12451
10994.8,0.12415
10997.3,0.12416
10999.8,0.12395
