wave,flux
3700.85,0.079129
3701.75,0.077258
3702.65,0.074071
3703.55,0.069307
3704.45,0.063956
3705.35,0.058676
3706.25,0.054293
3707.15,0.052094
3708.05,0.051721
3708.96,0.053069
3709.86,0.056229
3710.76,0.060994
3711.66,0.066475
3712.56,0.072133
3713.46,0.07632
3714.36,0.079372
3715.26,0.079561
3716.16,0.077245
3717.06,0.072333
3717.96,0.066876
3718.86,0.059744
3719.76,0.052849
3720.66,0.047501
3721.56,0.044511
3722.46,0.044763
3723.36,0.047487
3724.26,0.051574
3725.16,0.05625
3726.06,0.059398
3726.96,0.061027
3727.86,0.061261
3728.76,0.061011
3729.66,0.060069
3730.56,0.058509
3731.46,0.055818
3732.36,0.051673
3733.26,0.046825
3734.16,0.041818
3735.06,0.037721
3735.96,0.035933
3736.86,0.036193
3737.76,0.038808
3738.66,0.043393
3739.56,0.048361
3740.46,0.053122
3741.36,0.056094
3742.26,0.05647
3743.16,0.054558
3744.06,0.051144
3744.96,0.047085
3745.86,0.043225
3746.76,0.040102
3747.67,0.037944
3748.57,0.037102
3749.47,0.03769
3750.37,0.040327
3751.27,0.044668
3752.17,0.050654
3753.07,0.056474
3753.97,0.061881
3754.87,0.065492
3755.77,0.066467
3756.67,0.064913
3757.57,0.061701
3758.47,0.057722
3759.37,0.054814
3760.27,0.053083
3761.17,0.053328
3762.07,0.054074
3762.97,0.054758
3763.87,0.055081
3764.77,0.055502
3765.67,0.055511
3766.57,0.055961
3767.47,0.056961
3768.37,0.058416
3769.27,0.060842
3770.17,0.063571
3771.07,0.06634
3771.97,0.069078
3772.87,0.071619
3773.77,0.073272
3774.67,0.074279
3775.57,0.074759
3776.47,0.075187
3777.37,0.075282
3778.27,0.076202
3779.17,0.07684
3780.07,0.078518
3780.97,0.080048
3781.87,0.080774
3782.77,0.081324
3783.67,0.081086
3784.57,0.079169
3785.47,0.07563
3786.38,0.071553
3787.28,0.067052
3788.18,0.063179
3789.08,0.060295
3789.98,0.058824
3790.88,0.058672
3791.78,0.058763
3792.68,0.058792
3793.58,0.058269
3794.48,0.056958
3795.38,0.055455
3796.28,0.053725
3797.18,0.052287
3798.08,0.051239
3798.98,0.051749
3799.88,0.053452
3800.78,0.056238
3801.68,0.060025
3802.58,0.064
3803.48,0.067407
3804.38,0.069736
3805.28,0.070916
3806.18,0.070558
3807.08,0.069948
3807.98,0.069448
3808.88,0.069504
3809.78,0.0696
3810.68,0.070089
3811.58,0.069414
3812.48,0.067161
3813.38,0.063815
3814.28,0.059728
3815.18,0.055875
3816.08,0.05263
3816.98,0.050621
3817.88,0.049279
3818.78,0.048178
3819.68,0.046683
3820.58,0.045554
3821.48,0.044409
3822.38,0.04359
3823.28,0.042816
3824.18,0.041772
3825.09,0.040212
3825.99,0.03855
3826.89,0.037347
3827.79,0.036688
3828.69,0.036692
3829.59,0.037366
3830.49,0.037578
3831.39,0.037685
3832.29,0.037252
3833.19,0.036725
3834.09,0.036388
3834.99,0.036643
3835.89,0.036912
3836.79,0.037408
3837.69,0.037548
3838.59,0.037469
3839.49,0.037714
3840.39,0.038726
3841.29,0.040728
3842.19,0.044031
3843.09,0.047776
3843.99,0.05152
3844.89,0.054493
3845.79,0.056835
3846.69,0.05763
3847.59,0.058339
3848.49,0.057626
3849.39,0.057386
3850.29,0.056356
3851.19,0.055874
3852.09,0.05558
3852.99,0.05538
3853.89,0.054644
3854.79,0.053697
3855.69,0.052136
3856.59,0.04994
3857.49,0.047867
3858.39,0.045565
3859.29,0.044229
3860.19,0.043946
3861.09,0.04513
3861.99,0.047744
3862.9,0.050869
3863.8,0.053887
3864.7,0.056135
3865.6,0.057215
3866.5,0.057206
3867.4,0.055955
3868.3,0.054731
3869.2,0.052948
3870.1,0.051072
3871.0,0.049343
3871.9,0.048887
3872.8,0.049249
3873.7,0.050597
3874.6,0.052929
3875.5,0.055448
3876.4,0.056692
3877.3,0.056431
3878.2,0.055494
3879.1,0.053711
3880.0,0.052559
3880.9,0.052246
3881.8,0.052486
3882.7,0.05283
3883.6,0.053452
3884.5,0.054075
3885.4,0.053789
3886.3,0.053345
3887.2,0.052979
3888.1,0.053127
3889.0,0.054581
3889.9,0.057328
3890.8,0.061195
3891.7,0.065199
3892.6,0.069074
3893.5,0.071453
3894.4,0.072731
3895.3,0.073106
3896.2,0.072924
3897.1,0.072798
3898.0,0.072576
3898.9,0.072461
3899.8,0.072299
3900.7,0.072077
3901.6,0.071529
3902.51,0.070838
3903.41,0.069967
3904.31,0.068598
3905.21,0.067769
3906.11,0.068024
3907.01,0.069393
3907.91,0.07191
3908.81,0.075142
3909.71,0.078213
3910.61,0.0814
3911.51,0.083701
3912.41,0.085636
3913.31,0.086099
3914.21,0.086149
3915.11,0.085438
3916.01,0.083621
3916.91,0.081842
3917.81,0.079386
3918.71,0.076375
3919.61,0.072535
3920.51,0.069713
3921.41,0.066551
3922.31,0.064546
3923.21,0.06304
3924.11,0.062316
3925.01,0.060993
3925.91,0.059455
3926.81,0.056309
3927.71,0.052196
3928.61,0.047058
3929.51,0.041688
3930.41,0.036441
3931.31,0.031823
3932.21,0.027861
3933.11,0.025083
3934.01,0.023615
3934.91,0.023577
3935.81,0.025124
3936.71,0.028177
3937.61,0.032423
3938.51,0.037216
3939.42,0.042406
3940.32,0.04667
3941.22,0.050271
3942.12,0.053068
3943.02,0.055242
3943.92,0.056805
3944.82,0.059067
3945.72,0.06221
3946.62,0.065555
3947.52,0.06945
3948.42,0.073554
3949.32,0.076376
3950.22,0.07917
3951.12,0.081246
3952.02,0.083062
3952.92,0.083964
3953.82,0.084575
3954.72,0.084386
3955.62,0.083989
3956.52,0.083219
3957.42,0.081899
3958.32,0.07993
3959.22,0.07744
3960.12,0.073617
3961.02,0.069087
3961.92,0.06355
3962.82,0.057925
3963.72,0.052459
3964.62,0.047597
3965.52,0.042734
3966.42,0.038109
3967.32,0.033994
3968.22,0.030742
3969.12,0.028875
3970.02,0.028911
3970.92,0.030835
3971.82,0.034613
3972.72,0.039589
3973.62,0.045903
3974.52,0.052068
3975.42,0.058384
3976.32,0.064858
3977.22,0.071059
3978.13,0.076787
3979.03,0.082406
3979.93,0.086562
3980.83,0.08992
3981.73,0.092349
3982.63,0.093522
3983.53,0.094058
3984.43,0.094719
3985.33,0.095651
3986.23,0.097032
3987.13,0.09884
3988.03,0.1001
3988.93,0.10177
3989.83,0.10281
3990.73,0.10414
3991.63,0.10485
3992.53,0.1055
3993.43,0.10561
3994.33,0.1058
3995.23,0.10526
3996.13,0.10462
3997.03,0.10417
3997.93,0.10349
3998.83,0.10468
3999.73,0.10651
4000.63,0.10878
4001.53,0.11092
4002.43,0.11233
4003.33,0.1114
4004.23,0.10988
4005.13,0.10742
4006.03,0.10546
4006.93,0.10371
4007.83,0.10411
4008.73,0.10584
4009.63,0.10852
4010.53,0.11082
4011.43,0.113
4012.33,0.11451
4013.23,0.11621
4014.13,0.11689
4015.03,0.11761
4015.93,0.11736
4016.84,0.11812
4017.74,0.1185
4018.64,0.11837
4019.54,0.11895
4020.44,0.11938
4021.34,0.11933
4022.24,0.11917
4023.14,0.11855
4024.04,0.1182
4024.94,0.11817
4025.84,0.11821
4026.74,0.119
4027.64,0.11843
4028.54,0.11817
4029.44,0.11554
4030.34,0.11198
4031.24,0.10677
4032.14,0.10243
4033.04,0.098962
4033.94,0.097635
4034.84,0.098803
4035.74,0.10274
4036.64,0.10767
4037.54,0.11289
4038.44,0.11765
4039.34,0.12063
4040.24,0.12112
4041.14,0.12075
4042.04,0.11798
4042.94,0.11393
4043.84,0.10842
4044.74,0.10289
4045.64,0.097958
4046.54,0.095466
4047.44,0.095544
4048.34,0.099673
4049.24,0.10516
4050.14,0.11089
4051.04,0.11492
4051.94,0.11712
4052.84,0.11757
4053.74,0.11675
4054.65,0.11416
4055.55,0.1112
4056.45,0.10889
4057.35,0.10711
4058.25,0.10579
4059.15,0.10541
4060.05,0.10526
4060.95,0.10487
4061.85,0.1029
4062.75,0.10089
4063.65,0.098561
4064.55,0.096712
4065.45,0.097112
4066.35,0.098535
4067.25,0.10116
4068.15,0.10421
4069.05,0.10675
4069.95,0.10826
4070.85,0.10847
4071.75,0.10784
4072.65,0.10684
4073.55,0.10652
4074.45,0.10633
4075.35,0.10561
4076.25,0.10508
4077.15,0.10426
4078.05,0.10362
4078.95,0.10526
4079.85,0.10783
4080.75,0.11171
4081.65,0.11524
4082.55,0.11771
4083.45,0.11994
4084.35,0.1201
4085.25,0.12112
4086.15,0.12221
4087.05,0.1247
4087.95,0.12728
4088.85,0.12966
4089.75,0.13076
4090.65,0.13145
4091.55,0.13076
4092.45,0.12889
4093.36,0.12718
4094.26,0.12417
4095.16,0.12167
4096.06,0.11812
4096.96,0.11443
4097.86,0.11089
4098.76,0.10746
4099.66,0.10451
4100.56,0.10224
4101.46,0.099369
4102.36,0.098489
4103.26,0.099669
4104.16,0.10177
4105.06,0.10534
4105.96,0.1095
4106.86,0.11293
4107.76,0.11607
4108.66,0.11751
4109.56,0.11731
4110.46,0.11695
4111.36,0.11756
4112.26,0.1178
4113.16,0.11846
4114.06,0.11983
4114.96,0.12149
4115.86,0.12264
4116.76,0.12293
4117.66,0.12249
4118.56,0.12107
4119.46,0.12005
4120.36,0.11888
4121.26,0.11791
4122.16,0.11776
4123.06,0.11899
4123.96,0.11884
4124.86,0.1196
4125.76,0.11992
4126.66,0.11972
4127.56,0.11928
4128.46,0.11684
4129.36,0.11483
4130.26,0.11301
4131.17,0.11001
4132.06,0.10789
4132.97,0.10652
4133.87,0.10605
4134.77,0.10728
4135.67,0.1097
4136.57,0.11309
4137.47,0.11638
4138.37,0.11884
4139.27,0.12014
4140.17,0.12
4141.07,0.11816
4141.97,0.11486
4142.87,0.11085
4143.77,0.10739
4144.67,0.10552
4145.57,0.10517
4146.47,0.1064
4147.37,0.1082
4148.27,0.11015
4149.17,0.11134
4150.07,0.11105
4150.97,0.11085
4151.87,0.10986
4152.77,0.10887
4153.67,0.10891
4154.57,0.10787
4155.47,0.10765
4156.37,0.10764
4157.27,0.1091
4158.17,0.11081
4159.07,0.1129
4159.97,0.11604
4160.87,0.11815
4161.77,0.12057
4162.67,0.12167
4163.57,0.12294
4164.47,0.12247
4165.37,0.12156
4166.27,0.11989
4167.17,0.11808
4168.07,0.11643
4168.98,0.11516
4169.88,0.11381
4170.78,0.11263
4171.68,0.11054
4172.58,0.10837
4173.48,0.10655
4174.38,0.10469
4175.28,0.10424
4176.18,0.10428
4177.08,0.10535
4177.98,0.10633
4178.88,0.10733
4179.78,0.10855
4180.68,0.10929
4181.58,0.11067
4182.48,0.111
4183.38,0.11182
4184.28,0.1128
4185.18,0.11313
4186.08,0.11293
4186.98,0.11268
4187.88,0.11263
4188.78,0.11245
4189.68,0.11285
4190.58,0.11433
4191.48,0.11531
4192.38,0.11691
4193.28,0.11771
4194.18,0.11782
4195.08,0.11599
4195.98,0.11357
4196.88,0.11028
4197.78,0.10745
4198.68,0.10519
4199.58,0.10296
4200.48,0.10283
4201.38,0.10257
4202.28,0.1042
4203.18,0.10653
4204.08,0.10891
4204.98,0.11239
4205.88,0.11584
4206.79,0.119
4207.69,0.12186
4208.59,0.12355
4209.49,0.12383
4210.39,0.12439
4211.29,0.12378
4212.19,0.12262
4213.09,0.1217
4213.99,0.11987
4214.89,0.11824
4215.79,0.11695
4216.69,0.1176
4217.59,0.11926
4218.49,0.1214
4219.39,0.12444
4220.29,0.12689
4221.19,0.12711
4222.09,0.12473
4222.99,0.12019
4223.89,0.1145
4224.79,0.10611
4225.69,0.098286
4226.59,0.09233
4227.49,0.089825
4228.39,0.09147
4229.29,0.095609
4230.19,0.10204
4231.09,0.10825
4231.99,0.11393
4232.89,0.11716
4233.79,0.1181
4234.69,0.11763
4235.59,0.11716
4236.49,0.11533
4237.39,0.11509
4238.29,0.11572
4239.19,0.11666
4240.09,0.11891
4240.99,0.12165
4241.89,0.12533
4242.79,0.12825
4243.69,0.13025
4244.59,0.13289
4245.5,0.13369
4246.4,0.13214
4247.3,0.12988
4248.2,0.1263
4249.1,0.12215
4250.0,0.11835
4250.9,0.11507
4251.8,0.11352
4252.7,0.11325
4253.6,0.11323
4254.5,0.114
4255.4,0.11519
4256.3,0.11627
4257.2,0.11733
4258.1,0.11732
4259.0,0.1169
4259.9,0.1163
4260.8,0.11612
4261.7,0.11668
4262.6,0.11934
4263.5,0.12331
4264.4,0.12731
4265.3,0.13153
4266.2,0.13309
4267.1,0.13286
4268.0,0.13107
4268.9,0.12595
4269.8,0.11956
4270.7,0.11316
4271.6,0.1068
4272.5,0.10167
4273.4,0.098679
4274.3,0.099242
4275.2,0.10189
4276.1,0.10607
4277.0,0.11173
4277.9,0.1165
4278.8,0.12053
4279.7,0.1231
4280.6,0.12478
4281.5,0.1249
4282.4,0.12388
4283.31,0.12307
4284.21,0.12241
4285.11,0.12122
4286.01,0.11991
4286.91,0.11676
4287.81,0.11475
4288.71,0.11254
4289.61,0.10944
4290.51,0.10799
4291.41,0.10761
4292.31,0.10847
4293.21,0.10993
4294.11,0.1119
4295.01,0.11214
4295.91,0.11157
4296.81,0.10962
4297.71,0.10633
4298.61,0.10191
4299.51,0.096504
4300.41,0.092466
4301.31,0.089089
4302.21,0.087477
4303.11,0.086082
4304.01,0.086169
4304.91,0.085641
4305.81,0.084607
4306.71,0.08361
4307.61,0.082017
4308.51,0.081061
4309.41,0.081245
4310.31,0.083342
4311.21,0.086728
4312.11,0.092395
4313.01,0.099962
4313.91,0.10848
4314.81,0.11799
4315.71,0.12671
4316.61,0.13585
4317.51,0.1432
4318.41,0.14869
4319.31,0.1503
4320.21,0.15077
4321.12,0.14734
4322.02,0.14152
4322.92,0.13517
4323.82,0.12742
4324.72,0.12113
4325.62,0.11567
4326.52,0.11415
4327.42,0.11656
4328.32,0.12171
4329.22,0.12897
4330.12,0.13551
4331.02,0.14256
4331.92,0.14682
4332.82,0.14863
4333.72,0.15047
4334.62,0.15079
4335.52,0.14874
4336.42,0.1449
4337.32,0.1387
4338.22,0.13271
4339.12,0.12582
4340.02,0.12057
4340.92,0.1181
4341.82,0.11804
4342.72,0.12024
4343.62,0.12451
4344.52,0.12946
4345.42,0.1353
4346.32,0.13921
4347.22,0.14309
4348.12,0.14508
4349.02,0.14596
4349.92,0.14588
4350.82,0.1437
4351.72,0.14001
4352.62,0.13723
4353.52,0.13503
4354.42,0.13376
4355.32,0.13479
4356.22,0.13737
4357.12,0.14025
4358.02,0.14243
4358.92,0.14397
4359.83,0.14575
4360.73,0.14667
4361.63,0.14935
4362.53,0.15129
4363.43,0.15434
4364.33,0.15576
4365.23,0.15685
4366.13,0.15629
4367.03,0.15512
4367.93,0.15317
4368.83,0.15031
4369.73,0.14889
4370.63,0.14709
4371.53,0.14385
4372.43,0.14215
4373.33,0.14008
4374.23,0.13775
4375.13,0.13566
4376.03,0.13545
4376.93,0.1359
4377.83,0.13693
4378.73,0.13734
4379.63,0.13724
4380.53,0.13521
4381.43,0.13066
4382.33,0.12443
4383.23,0.11763
4384.13,0.11195
4385.03,0.10964
4385.93,0.10932
4386.83,0.11248
4387.73,0.11663
4388.63,0.12119
4389.53,0.125
4390.43,0.12814
4391.33,0.13068
4392.23,0.13198
4393.13,0.13424
4394.03,0.1361
4394.93,0.13799
4395.83,0.1407
4396.73,0.1427
4397.64,0.14529
4398.54,0.14601
4399.44,0.14606
4400.34,0.14524
4401.24,0.14225
4402.14,0.13897
4403.04,0.13485
4403.94,0.13059
4404.84,0.12715
4405.74,0.12379
4406.64,0.1231
4407.54,0.12493
4408.44,0.1282
4409.34,0.13317
4410.24,0.13784
4411.14,0.14309
4412.04,0.147
4412.94,0.14885
4413.84,0.14897
4414.74,0.14827
4415.64,0.14613
4416.54,0.14496
4417.44,0.14618
4418.34,0.14726
4419.24,0.1498
4420.14,0.15173
4421.04,0.15295
4421.94,0.15286
4422.84,0.15213
4423.74,0.15146
4424.64,0.14936
4425.54,0.14931
4426.44,0.14911
4427.34,0.1489
4428.24,0.14999
4429.14,0.1501
4430.04,0.14941
4430.94,0.14966
4431.84,0.14767
4432.74,0.14712
4433.64,0.14556
4434.54,0.14442
4435.45,0.14376
4436.35,0.1439
4437.25,0.14577
4438.15,0.14873
4439.05,0.15131
4439.95,0.15342
4440.85,0.15462
4441.75,0.15417
4442.65,0.15318
4443.55,0.15204
4444.45,0.15355
4445.35,0.1547
4446.25,0.15727
4447.15,0.15973
4448.05,0.16187
4448.95,0.1631
4449.85,0.16246
4450.75,0.16233
4451.65,0.15979
4452.55,0.15671
4453.45,0.15338
4454.35,0.14871
4455.25,0.14476
4456.15,0.14128
4457.05,0.13869
4457.95,0.13655
4458.85,0.13599
4459.75,0.13489
4460.65,0.13528
4461.55,0.13613
4462.45,0.13825
4463.35,0.14058
4464.25,0.14361
4465.15,0.14607
4466.05,0.14868
4466.95,0.15063
4467.85,0.15205
4468.75,0.15266
4469.65,0.15417
4470.55,0.15502
4471.45,0.15735
4472.35,0.15898
4473.25,0.16199
4474.16,0.16413
4475.06,0.16771
4475.96,0.1694
4476.86,0.1709
4477.76,0.17092
4478.66,0.17007
4479.56,0.16785
4480.46,0.16482
4481.36,0.16191
4482.26,0.16052
4483.16,0.16071
4484.06,0.16114
4484.96,0.16387
4485.86,0.16676
4486.76,0.16812
4487.66,0.16849
4488.56,0.16759
4489.46,0.16545
4490.36,0.16402
4491.26,0.16089
4492.16,0.16063
4493.06,0.15994
4493.96,0.15941
4494.86,0.15852
4495.76,0.15854
4496.66,0.15892
4497.56,0.16022
4498.46,0.16273
4499.36,0.1659
4500.26,0.16867
4501.16,0.17167
4502.06,0.17328
4502.96,0.17685
4503.86,0.17903
4504.76,0.18056
4505.66,0.18261
4506.56,0.18382
4507.46,0.18407
4508.36,0.18364
4509.26,0.18285
4510.17,0.18241
4511.06,0.18117
4511.97,0.17936
4512.87,0.17768
4513.77,0.17628
4514.67,0.17411
4515.57,0.17246
4516.47,0.17119
4517.37,0.17152
4518.27,0.17103
4519.17,0.1729
4520.07,0.1734
4520.97,0.17397
4521.87,0.17407
4522.77,0.17221
4523.67,0.17044
4524.57,0.16759
4525.47,0.16293
4526.37,0.159
4527.27,0.15414
4528.17,0.1506
4529.07,0.14745
4529.97,0.14569
4530.87,0.14539
4531.77,0.14572
4532.67,0.14739
4533.57,0.1486
4534.47,0.15013
4535.37,0.15188
4536.27,0.1552
4537.17,0.15868
4538.07,0.16175
4538.97,0.16443
4539.87,0.16682
4540.77,0.16843
4541.67,0.16876
4542.57,0.1679
4543.47,0.1679
4544.37,0.16721
4545.27,0.16692
4546.17,0.16622
4547.07,0.16525
4547.97,0.16458
4548.88,0.16367
4549.77,0.1628
4550.68,0.16295
4551.58,0.16232
4552.48,0.16181
4553.38,0.16202
4554.28,0.16282
4555.18,0.164
4556.08,0.16539
4556.98,0.16817
4557.88,0.17174
4558.78,0.17411
4559.68,0.17708
4560.58,0.17919
4561.48,0.17916
4562.38,0.17934
4563.28,0.17697
4564.18,0.17582
4565.08,0.17501
4565.98,0.17324
4566.88,0.17372
4567.78,0.17472
4568.68,0.17573
4569.58,0.17632
4570.48,0.17696
4571.38,0.17702
4572.28,0.17683
4573.18,0.17778
4574.08,0.17652
4574.98,0.17714
4575.88,0.1778
4576.78,0.17697
4577.68,0.17716
4578.58,0.17439
4579.48,0.1725
4580.38,0.16866
4581.28,0.16737
4582.18,0.16576
4583.08,0.16517
4583.98,0.16457
4584.88,0.16538
4585.78,0.16663
4586.69,0.16736
4587.58,0.1692
4588.49,0.17146
4589.39,0.17319
4590.29,0.17437
4591.19,0.17373
4592.09,0.17258
4592.99,0.17177
4593.89,0.1686
4594.79,0.16833
4595.69,0.16735
4596.59,0.16586
4597.49,0.16526
4598.39,0.1666
4599.29,0.16603
4600.19,0.16635
4601.09,0.16696
4601.99,0.16792
4602.89,0.1676
4603.79,0.16814
4604.69,0.16926
4605.59,0.1716
4606.49,0.17285
4607.39,0.17548
4608.29,0.17869
4609.19,0.18108
4610.09,0.18299
4610.99,0.18382
4611.89,0.18435
4612.79,0.18363
4613.69,0.18374
4614.59,0.18366
4615.49,0.1826
4616.39,0.18385
4617.29,0.18378
4618.19,0.18544
4619.09,0.1847
4619.99,0.18579
4620.89,0.18575
4621.79,0.18493
4622.69,0.185
4623.59,0.18463
4624.5,0.18457
4625.4,0.1844
4626.3,0.18388
4627.2,0.18286
4628.1,0.18325
4629.0,0.18288
4629.9,0.18336
4630.8,0.18289
4631.7,0.18222
4632.6,0.18266
4633.5,0.18023
4634.4,0.17957
4635.3,0.17794
4636.2,0.17554
4637.1,0.17392
4638.0,0.17231
4638.9,0.17104
4639.8,0.16989
4640.7,0.1699
4641.6,0.16917
4642.5,0.16936
4643.4,0.16881
4644.3,0.16758
4645.2,0.1655
4646.1,0.16314
4647.0,0.16172
4647.9,0.16087
4648.8,0.16048
4649.7,0.16223
4650.6,0.16377
4651.5,0.16496
4652.4,0.16835
4653.3,0.17034
4654.2,0.17096
4655.1,0.17206
4656.0,0.17273
4656.9,0.17426
4657.8,0.17609
4658.7,0.17798
4659.6,0.17992
4660.5,0.18175
4661.4,0.18157
4662.3,0.17997
4663.21,0.17723
4664.11,0.17388
4665.01,0.16994
4665.91,0.16566
4666.81,0.16145
4667.71,0.1586
4668.61,0.15727
4669.51,0.15821
4670.41,0.1591
4671.31,0.1616
4672.21,0.16484
4673.11,0.16836
4674.01,0.17025
4674.91,0.17164
4675.81,0.17281
4676.71,0.17343
4677.61,0.17315
4678.51,0.17208
4679.41,0.17109
4680.31,0.16934
4681.21,0.16868
4682.11,0.16846
4683.01,0.1682
4683.91,0.16872
4684.81,0.1696
4685.71,0.17086
4686.61,0.17205
4687.51,0.17207
4688.41,0.17224
4689.31,0.17114
4690.21,0.17168
4691.11,0.17145
4692.01,0.17103
4692.91,0.17156
4693.81,0.17183
4694.71,0.17239
4695.61,0.17407
4696.51,0.17373
4697.41,0.1722
4698.31,0.17118
4699.21,0.1691
4700.12,0.16674
4701.02,0.16512
4701.92,0.16376
4702.82,0.16362
4703.72,0.16276
4704.62,0.16244
4705.52,0.16292
4706.42,0.1638
4707.32,0.16424
4708.22,0.16465
4709.12,0.16565
4710.02,0.16632
4710.92,0.16762
4711.82,0.16832
4712.72,0.1694
4713.62,0.17058
4714.52,0.17151
4715.42,0.17261
4716.32,0.17373
4717.22,0.17698
4718.12,0.17896
4719.02,0.18126
4719.92,0.18502
4720.82,0.18607
4721.72,0.18772
4722.62,0.18781
4723.52,0.18758
4724.42,0.18687
4725.32,0.18436
4726.22,0.18255
4727.12,0.17994
4728.02,0.17579
4728.92,0.17311
4729.82,0.16976
4730.72,0.16872
4731.62,0.16845
4732.52,0.16891
4733.42,0.16997
4734.32,0.17118
4735.22,0.17373
4736.12,0.17453
4737.02,0.17564
4737.92,0.17805
4738.83,0.17917
4739.73,0.17978
4740.63,0.18034
4741.53,0.18094
4742.43,0.18145
4743.33,0.18296
4744.23,0.183
4745.13,0.18362
4746.03,0.18489
4746.93,0.18541
4747.83,0.18659
4748.73,0.18721
4749.63,0.18695
4750.53,0.18599
4751.43,0.18576
4752.33,0.18432
4753.23,0.18253
4754.13,0.18118
4755.03,0.18008
4755.93,0.17928
4756.83,0.17858
4757.73,0.17848
4758.63,0.17805
4759.53,0.17813
4760.43,0.1776
4761.33,0.17795
4762.23,0.17581
4763.13,0.17309
4764.03,0.17151
4764.93,0.16937
4765.83,0.16775
4766.73,0.16783
4767.63,0.16831
4768.53,0.16991
4769.43,0.17148
4770.33,0.17372
4771.23,0.17601
4772.13,0.17703
4773.03,0.17915
4773.93,0.18096
4774.83,0.18224
4775.73,0.18481
4776.64,0.1855
4777.54,0.18657
4778.44,0.18687
4779.34,0.18695
4780.24,0.18578
4781.14,0.18467
4782.04,0.18284
4782.94,0.18125
4783.84,0.17996
4784.74,0.17765
4785.64,0.17639
4786.54,0.17582
4787.44,0.17519
4788.34,0.17506
4789.24,0.17606
4790.14,0.17732
4791.04,0.17829
4791.94,0.18095
4792.84,0.18337
4793.74,0.18565
4794.64,0.18762
4795.54,0.19026
4796.44,0.19063
4797.34,0.19038
4798.24,0.18909
4799.14,0.18783
4800.04,0.18719
4800.94,0.18634
4801.84,0.18584
4802.74,0.18575
4803.64,0.18633
4804.54,0.18613
4805.44,0.18605
4806.34,0.18434
4807.24,0.18361
4808.14,0.18213
4809.04,0.18208
4809.94,0.1824
4810.84,0.18218
4811.74,0.18288
4812.64,0.18436
4813.54,0.18505
4814.45,0.18671
4815.35,0.18691
4816.25,0.18914
4817.15,0.19
4818.05,0.19116
4818.95,0.19237
4819.85,0.19175
4820.75,0.1907
4821.65,0.19094
4822.55,0.18917
4823.45,0.18756
4824.35,0.18575
4825.25,0.18436
4826.15,0.1842
4827.05,0.18327
4827.95,0.18271
4828.85,0.18278
4829.75,0.18339
4830.65,0.18223
4831.55,0.18217
4832.45,0.18235
4833.35,0.18185
4834.25,0.18302
4835.15,0.18307
4836.05,0.18284
4836.95,0.1837
4837.85,0.1838
4838.75,0.18255
4839.65,0.18171
4840.55,0.17998
4841.45,0.17988
4842.35,0.17956
4843.25,0.17913
4844.15,0.17972
4845.05,0.18075
4845.95,0.18233
4846.85,0.18261
4847.75,0.18333
4848.65,0.18268
4849.55,0.18232
4850.45,0.18238
4851.35,0.18153
4852.26,0.18138
4853.16,0.18034
4854.06,0.17785
4854.96,0.17564
4855.86,0.17266
4856.76,0.16982
4857.66,0.166
4858.56,0.16157
4859.46,0.15736
4860.36,0.15442
4861.26,0.15167
4862.16,0.1497
4863.06,0.14993
4863.96,0.15131
4864.86,0.15422
4865.76,0.15756
4866.66,0.16077
4867.56,0.16455
4868.46,0.16583
4869.36,0.16662
4870.26,0.16606
4871.16,0.16443
4872.06,0.16408
4872.96,0.16395
4873.86,0.1645
4874.76,0.16614
4875.66,0.16855
4876.56,0.17156
4877.46,0.17363
4878.36,0.17699
4879.26,0.17814
4880.16,0.18091
4881.06,0.18024
4881.96,0.18049
4882.86,0.18012
4883.76,0.17897
4884.66,0.17589
4885.56,0.17431
4886.46,0.17171
4887.36,0.16967
4888.26,0.16785
4889.17,0.16706
4890.07,0.16629
4890.97,0.16727
4891.87,0.16887
4892.77,0.17149
4893.67,0.17541
4894.57,0.18082
4895.47,0.18502
4896.37,0.18829
4897.27,0.19159
4898.17,0.19376
4899.07,0.19382
4899.97,0.19375
4900.87,0.19193
4901.77,0.19034
4902.67,0.19035
4903.57,0.18829
4904.47,0.18849
4905.37,0.188
4906.27,0.1877
4907.17,0.18736
4908.07,0.1873
4908.97,0.18565
4909.87,0.18415
4910.77,0.18264
4911.67,0.18125
4912.57,0.182
4913.47,0.18196
4914.37,0.18269
4915.27,0.1828
4916.17,0.18233
4917.07,0.18014
4917.97,0.17724
4918.87,0.17247
4919.77,0.1681
4920.67,0.16529
4921.57,0.16402
4922.47,0.1638
4923.37,0.16443
4924.27,0.16816
4925.17,0.17228
4926.07,0.17616
4926.98,0.17979
4927.88,0.18461
4928.78,0.18779
4929.68,0.18956
4930.58,0.19133
4931.48,0.19119
4932.38,0.19025
4933.28,0.18891
4934.18,0.18691
4935.08,0.18397
4935.98,0.18132
4936.88,0.18007
4937.78,0.17753
4938.68,0.17673
4939.58,0.17559
4940.48,0.17735
4941.38,0.17934
4942.28,0.18164
4943.18,0.18559
4944.08,0.18823
4944.98,0.1905
4945.88,0.1923
4946.78,0.19468
4947.68,0.19578
4948.58,0.19724
4949.48,0.1973
4950.38,0.19716
4951.28,0.1969
4952.18,0.19524
4953.08,0.1934
4953.98,0.19084
4954.88,0.18827
4955.78,0.18355
4956.68,0.17911
4957.58,0.17621
4958.48,0.17412
4959.38,0.17479
4960.28,0.17535
4961.18,0.17743
4962.08,0.17943
4962.98,0.18236
4963.88,0.18302
4964.79,0.18304
4965.69,0.18215
4966.59,0.18149
4967.49,0.17996
4968.39,0.17944
4969.29,0.17893
4970.19,0.17998
4971.09,0.1822
4971.99,0.18277
4972.89,0.18452
4973.79,0.18552
4974.69,0.18771
4975.59,0.18709
4976.49,0.18633
4977.39,0.18422
4978.29,0.18278
4979.19,0.17925
4980.09,0.17518
4980.99,0.1725
4981.89,0.16855
4982.79,0.16586
4983.69,0.16434
4984.59,0.16398
4985.49,0.16457
4986.39,0.16683
4987.29,0.16847
4988.19,0.17168
4989.09,0.17484
4989.99,0.17669
4990.89,0.17809
4991.79,0.17911
4992.69,0.17908
4993.59,0.17973
4994.49,0.17955
4995.39,0.18006
4996.29,0.18069
4997.19,0.1792
4998.09,0.17786
4998.99,0.17572
4999.89,0.17455
5000.79,0.17224
5001.7,0.16931
5002.6,0.16766
5003.5,0.16525
5004.4,0.16427
5005.3,0.1626
5006.2,0.16233
5007.1,0.16242
5008.0,0.1627
5008.9,0.1635
5009.8,0.16475
5010.7,0.16446
5011.6,0.16384
5012.5,0.1636
5013.4,0.16231
5014.3,0.16069
5015.2,0.15956
5016.1,0.15923
5017.0,0.15903
5017.9,0.15976
5018.8,0.16126
5019.7,0.16227
5020.6,0.16301
5021.5,0.16453
5022.4,0.16494
5023.3,0.1665
5024.2,0.16758
5025.1,0.16762
5026.0,0.16912
5026.9,0.17034
5027.8,0.17156
5028.7,0.17246
5029.6,0.17424
5030.5,0.17614
5031.4,0.17808
5032.3,0.17912
5033.2,0.18003
5034.1,0.18048
5035.0,0.17947
5035.9,0.17776
5036.8,0.17512
5037.7,0.17152
5038.6,0.16838
5039.5,0.16511
5040.41,0.16283
5041.31,0.16119
5042.21,0.16179
5043.11,0.16345
5044.01,0.1661
5044.91,0.17034
5045.81,0.17389
5046.71,0.17624
5047.61,0.17702
5048.51,0.17798
5049.41,0.1768
5050.31,0.17516
5051.21,0.17423
5052.11,0.17397
5053.01,0.17381
5053.91,0.17612
5054.81,0.17792
5055.71,0.17948
5056.61,0.18228
5057.51,0.18405
5058.41,0.186
5059.31,0.18737
5060.21,0.18874
5061.11,0.18912
5062.01,0.18767
5062.91,0.18694
5063.81,0.18485
5064.71,0.18204
5065.61,0.1798
5066.51,0.1772
5067.41,0.17558
5068.31,0.17451
5069.21,0.17463
5070.11,0.17399
5071.01,0.1745
5071.91,0.17478
5072.81,0.17498
5073.71,0.17541
5074.61,0.17509
5075.51,0.17529
5076.42,0.1742
5077.31,0.17284
5078.21,0.17046
5079.12,0.16871
5080.02,0.1668
5080.92,0.16502
5081.82,0.16367
5082.72,0.16367
5083.62,0.16426
5084.52,0.166
5085.42,0.16814
5086.32,0.17054
5087.22,0.1732
5088.12,0.17518
5089.02,0.17737
5089.92,0.17967
5090.82,0.18035
5091.72,0.18085
5092.62,0.18243
5093.52,0.18187
5094.42,0.18161
5095.32,0.18016
5096.22,0.17801
5097.12,0.17656
5098.02,0.17369
5098.92,0.1725
5099.82,0.17031
5100.72,0.16937
5101.62,0.17023
5102.52,0.171
5103.42,0.17129
5104.32,0.17334
5105.22,0.17259
5106.12,0.17236
5107.02,0.17216
5107.92,0.17119
5108.82,0.17038
5109.72,0.17011
5110.62,0.16989
5111.52,0.17052
5112.42,0.17218
5113.32,0.17422
5114.22,0.1761
5115.12,0.17868
5116.03,0.18075
5116.93,0.18202
5117.83,0.183
5118.73,0.184
5119.63,0.18263
5120.53,0.18094
5121.43,0.17871
5122.33,0.17588
5123.23,0.17294
5124.13,0.16996
5125.03,0.16739
5125.93,0.16536
5126.83,0.16457
5127.73,0.16402
5128.63,0.16357
5129.53,0.16552
5130.43,0.1661
5131.33,0.16731
5132.23,0.1697
5133.13,0.17093
5134.03,0.17293
5134.93,0.17382
5135.83,0.17413
5136.73,0.1738
5137.63,0.17312
5138.53,0.1712
5139.43,0.17018
5140.33,0.16852
5141.23,0.16763
5142.13,0.1663
5143.03,0.16629
5143.93,0.16614
5144.83,0.1657
5145.73,0.16567
5146.63,0.16582
5147.53,0.16589
5148.43,0.16513
5149.33,0.16512
5150.23,0.16476
5151.13,0.1648
5152.03,0.16585
5152.94,0.16585
5153.84,0.16654
5154.74,0.16808
5155.64,0.1701
5156.54,0.17193
5157.44,0.17414
5158.34,0.17554
5159.24,0.1774
5160.14,0.1771
5161.04,0.17636
5161.94,0.17408
5162.84,0.17051
5163.74,0.16625
5164.64,0.16038
5165.54,0.15394
5166.44,0.14755
5167.34,0.14135
5168.24,0.13485
5169.14,0.13136
5170.04,0.12817
5170.94,0.12715
5171.84,0.12594
5172.74,0.12728
5173.64,0.12891
5174.54,0.13301
5175.44,0.13722
5176.34,0.14256
5177.24,0.1472
5178.14,0.15067
5179.04,0.1525
5179.94,0.15248
5180.84,0.151
5181.74,0.14758
5182.64,0.14493
5183.54,0.14019
5184.44,0.13951
5185.34,0.13982
5186.24,0.14192
5187.14,0.14616
5188.04,0.15112
5188.94,0.15672
5189.84,0.15944
5190.75,0.16268
5191.65,0.16349
5192.55,0.16327
5193.45,0.16435
5194.35,0.16366
5195.25,0.16357
5196.15,0.16547
5197.05,0.16723
5197.95,0.16899
5198.85,0.17164
5199.75,0.17299
5200.65,0.17322
5201.55,0.17318
5202.45,0.17185
5203.35,0.17027
5204.25,0.16619
5205.15,0.16396
5206.05,0.15984
5206.95,0.15687
5207.85,0.15445
5208.75,0.1544
5209.65,0.15554
5210.55,0.15717
5211.45,0.16045
5212.35,0.16311
5213.25,0.16704
5214.15,0.17037
5215.05,0.17349
5215.95,0.1755
5216.85,0.1767
5217.75,0.17801
5218.65,0.17777
5219.55,0.17916
5220.45,0.18096
5221.35,0.18063
5222.25,0.17991
5223.15,0.17787
5224.05,0.17504
5224.95,0.17202
5225.85,0.16897
5226.75,0.16634
5227.66,0.16437
5228.56,0.16526
5229.46,0.16618
5230.36,0.1673
5231.26,0.1708
5232.16,0.17299
5233.06,0.17494
5233.96,0.17634
5234.86,0.17837
5235.76,0.17953
5236.66,0.18227
5237.56,0.18353
5238.46,0.18575
5239.36,0.18707
5240.26,0.18893
5241.16,0.18978
5242.06,0.19049
5242.96,0.19024
5243.86,0.18956
5244.76,0.18854
5245.66,0.18738
5246.56,0.18569
5247.46,0.1842
5248.36,0.18162
5249.26,0.18024
5250.16,0.17867
5251.06,0.17789
5251.96,0.17732
5252.86,0.17794
5253.76,0.17889
5254.66,0.18052
5255.56,0.18132
5256.46,0.18345
5257.36,0.18533
5258.26,0.18571
5259.16,0.18587
5260.06,0.18554
5260.96,0.18296
5261.86,0.18009
5262.76,0.1749
5263.66,0.16949
5264.56,0.16413
5265.47,0.15898
5266.37,0.15549
5267.27,0.15189
5268.17,0.15004
5269.07,0.14881
5269.97,0.1492
5270.87,0.15061
5271.77,0.15339
5272.67,0.15692
5273.57,0.16067
5274.47,0.16562
5275.37,0.16978
5276.27,0.17422
5277.17,0.17701
5278.07,0.18095
5278.97,0.1834
5279.87,0.18389
5280.77,0.18522
5281.67,0.18567
5282.57,0.18523
5283.47,0.18497
5284.37,0.1857
5285.27,0.18685
5286.17,0.18918
5287.07,0.19084
5287.97,0.19385
5288.87,0.19673
5289.77,0.19973
5290.67,0.20055
5291.57,0.20025
5292.47,0.20012
5293.37,0.19913
5294.27,0.19688
5295.17,0.19462
5296.07,0.19141
5296.97,0.18742
5297.87,0.18506
5298.77,0.18282
5299.67,0.18161
5300.57,0.18298
5301.48,0.18323
5302.38,0.18557
5303.27,0.18733
5304.18,0.19181
5305.08,0.19428
5305.98,0.19714
5306.88,0.20075
5307.78,0.2014
5308.68,0.20333
5309.58,0.20353
5310.48,0.20362
5311.38,0.20368
5312.28,0.20358
5313.18,0.20362
5314.08,0.20309
5314.98,0.20126
5315.88,0.19992
5316.78,0.19874
5317.68,0.19694
5318.58,0.19755
5319.48,0.19509
5320.38,0.1941
5321.28,0.19333
5322.18,0.19093
5323.08,0.18825
5323.98,0.1864
5324.88,0.18274
5325.78,0.17849
5326.68,0.17524
5327.58,0.17203
5328.48,0.16992
5329.38,0.16882
5330.28,0.16999
5331.18,0.17216
5332.08,0.17553
5332.98,0.17999
5333.88,0.18383
5334.78,0.18714
5335.68,0.18971
5336.58,0.19127
5337.48,0.19122
5338.38,0.19193
5339.28,0.19093
5340.19,0.18917
5341.08,0.18867
5341.99,0.18773
5342.89,0.18764
5343.79,0.18794
5344.69,0.18778
5345.59,0.18769
5346.49,0.18919
5347.39,0.18928
5348.29,0.18931
5349.19,0.18989
5350.09,0.19105
5350.99,0.19295
5351.89,0.19471
5352.79,0.19762
5353.69,0.19986
5354.59,0.20206
5355.49,0.20465
5356.39,0.20686
5357.29,0.20778
5358.19,0.20931
5359.09,0.20933
5359.99,0.20821
5360.89,0.20805
5361.79,0.20607
5362.69,0.20292
5363.59,0.20094
5364.49,0.19921
5365.39,0.19595
5366.29,0.1935
5367.19,0.19169
5368.09,0.18924
5368.99,0.18657
5369.89,0.18518
5370.79,0.18389
5371.69,0.18263
5372.59,0.18283
5373.49,0.18569
5374.39,0.18763
5375.29,0.1907
5376.19,0.19339
5377.09,0.19631
5378.0,0.19874
5378.9,0.19938
5379.8,0.20025
5380.7,0.20032
5381.6,0.19965
5382.5,0.19917
5383.4,0.19903
5384.3,0.19842
5385.2,0.19747
5386.1,0.19726
5387.0,0.197
5387.9,0.1956
5388.8,0.1942
5389.7,0.19297
5390.6,0.1918
5391.5,0.19013
5392.4,0.18809
5393.3,0.18684
5394.2,0.18506
5395.1,0.18375
5396.0,0.18282
5396.9,0.18163
5397.8,0.18143
5398.7,0.18106
5399.6,0.18144
5400.5,0.18179
5401.4,0.18251
5402.3,0.18242
5403.2,0.18006
5404.1,0.17975
5405.0,0.17761
5405.9,0.1763
5406.8,0.17513
5407.7,0.17414
5408.6,0.17457
5409.5,0.1757
5410.4,0.17844
5411.3,0.18051
5412.2,0.1829
5413.1,0.18593
5414.0,0.18959
5414.9,0.19087
5415.81,0.19404
5416.71,0.19577
5417.61,0.19802
5418.51,0.19795
5419.41,0.19852
5420.31,0.19849
5421.21,0.19762
5422.11,0.19685
5423.01,0.19511
5423.91,0.19583
5424.81,0.19535
5425.71,0.19365
5426.61,0.19406
5427.51,0.19312
5428.41,0.19153
5429.31,0.19062
5430.21,0.189
5431.11,0.18695
5432.01,0.18576
5432.91,0.1853
5433.81,0.1836
5434.71,0.18445
5435.61,0.18486
5436.51,0.18591
5437.41,0.18852
5438.31,0.19162
5439.21,0.19358
5440.11,0.19729
5441.01,0.19919
5441.91,0.20101
5442.81,0.20058
5443.71,0.20014
5444.61,0.19974
5445.51,0.19614
5446.41,0.19387
5447.31,0.19052
5448.21,0.19006
5449.11,0.18845
5450.01,0.18852
5450.91,0.18845
5451.81,0.18953
5452.72,0.18905
5453.62,0.18838
5454.52,0.18808
5455.42,0.18721
5456.32,0.18673
5457.22,0.18756
5458.12,0.18732
5459.02,0.188
5459.92,0.18974
5460.82,0.18989
5461.72,0.1904
5462.62,0.18991
5463.52,0.18983
5464.42,0.18971
5465.32,0.18996
5466.22,0.18981
5467.12,0.19008
5468.02,0.19008
5468.92,0.19148
5469.82,0.19062
5470.72,0.19087
5471.62,0.18942
5472.52,0.18892
5473.42,0.18694
5474.32,0.18571
5475.22,0.18399
5476.12,0.18217
5477.02,0.18198
5477.92,0.18031
5478.82,0.18078
5479.72,0.18133
5480.62,0.18099
5481.52,0.18294
5482.42,0.1833
5483.32,0.1847
5484.22,0.186
5485.12,0.18733
5486.02,0.18849
5486.92,0.19013
5487.82,0.19078
5488.72,0.1907
5489.62,0.19163
5490.53,0.19097
5491.43,0.19071
5492.33,0.19071
5493.23,0.19146
5494.13,0.19169
5495.03,0.19193
5495.93,0.1919
5496.83,0.19142
5497.73,0.19221
5498.63,0.19143
5499.53,0.1911
5500.43,0.1918
5501.33,0.19081
5502.23,0.19011
5503.13,0.18978
5504.03,0.18769
5504.93,0.188
5505.83,0.18781
5506.73,0.18687
5507.63,0.18706
5508.53,0.18667
5509.43,0.1859
5510.33,0.18664
5511.23,0.18601
5512.13,0.18506
5513.03,0.18468
5513.93,0.18429
5514.83,0.1855
5515.73,0.18534
5516.63,0.18647
5517.53,0.18843
5518.43,0.19001
5519.33,0.19212
5520.23,0.19314
5521.13,0.19602
5522.03,0.19562
5522.93,0.19698
5523.83,0.19526
5524.73,0.19571
5525.63,0.19368
5526.54,0.19196
5527.44,0.19142
5528.33,0.1907
5529.24,0.18902
5530.14,0.18864
5531.04,0.18975
5531.94,0.18931
5532.84,0.18974
5533.74,0.19086
5534.64,0.19085
5535.54,0.193
5536.44,0.19307
5537.34,0.19274
5538.24,0.19338
5539.14,0.19533
5540.04,0.19504
5540.94,0.19623
5541.84,0.19704
5542.74,0.1968
5543.64,0.19752
5544.54,0.19858
5545.44,0.19756
5546.34,0.19789
5547.24,0.19892
5548.14,0.19966
5549.04,0.19986
5549.94,0.20107
5550.84,0.20098
5551.74,0.20135
5552.64,0.20079
5553.54,0.20054
5554.44,0.19922
5555.34,0.19885
5556.24,0.19876
5557.14,0.1984
5558.04,0.19695
5558.94,0.19646
5559.84,0.19486
5560.74,0.1952
5561.64,0.19449
5562.54,0.19462
5563.44,0.19397
5564.34,0.19269
5565.25,0.19153
5566.15,0.1913
5567.05,0.19068
5567.95,0.19009
5568.85,0.18987
5569.75,0.19059
5570.65,0.19075
5571.55,0.18992
5572.45,0.19015
5573.35,0.1908
5574.25,0.19248
5575.15,0.19318
5576.05,0.19368
5576.95,0.19417
5577.85,0.19483
5578.75,0.19605
5579.65,0.19522
5580.55,0.19628
5581.45,0.19639
5582.35,0.19411
5583.25,0.19358
5584.15,0.19168
5585.05,0.18986
5585.95,0.18722
5586.85,0.18488
5587.75,0.18159
5588.65,0.18027
5589.55,0.18038
5590.45,0.17916
5591.35,0.18053
5592.25,0.18013
5593.15,0.18126
5594.05,0.18337
5594.95,0.1852
5595.85,0.18668
5596.75,0.1866
5597.65,0.1878
5598.55,0.18669
5599.45,0.18745
5600.35,0.18688
5601.25,0.18562
5602.15,0.18578
5603.06,0.1867
5603.96,0.18828
5604.86,0.18926
5605.76,0.19206
5606.66,0.19452
5607.56,0.1962
5608.46,0.1983
5609.36,0.19924
5610.26,0.20024
5611.16,0.20037
5612.06,0.19898
5612.96,0.19827
5613.86,0.19552
5614.76,0.19395
5615.66,0.19162
5616.56,0.1895
5617.46,0.18761
5618.36,0.18883
5619.26,0.18712
5620.16,0.18768
5621.06,0.18848
5621.96,0.18869
5622.86,0.18802
5623.76,0.18825
5624.66,0.18825
5625.56,0.18781
5626.46,0.18859
5627.36,0.18934
5628.26,0.19079
5629.16,0.19205
5630.06,0.19356
5630.96,0.195
5631.86,0.19517
5632.76,0.19636
5633.66,0.19651
5634.56,0.19639
5635.46,0.19534
5636.36,0.19461
5637.26,0.19233
5638.16,0.19232
5639.06,0.19139
5639.96,0.19127
5640.86,0.19088
5641.77,0.19063
5642.67,0.18934
5643.57,0.19044
5644.47,0.1912
5645.37,0.19094
5646.27,0.19175
5647.17,0.19257
5648.07,0.1921
5648.97,0.1933
5649.87,0.19441
5650.77,0.19392
5651.67,0.19418
5652.57,0.19428
5653.47,0.19406
5654.37,0.19368
5655.27,0.1919
5656.17,0.19125
5657.07,0.18932
5657.97,0.18837
5658.87,0.18744
5659.77,0.1866
5660.67,0.18617
5661.57,0.18582
5662.47,0.18624
5663.37,0.18731
5664.27,0.18761
5665.17,0.18935
5666.07,0.18941
5666.97,0.19095
5667.87,0.19199
5668.77,0.19246
5669.67,0.19339
5670.57,0.19408
5671.47,0.19551
5672.37,0.19654
5673.27,0.1968
5674.17,0.1975
5675.07,0.19913
5675.97,0.20002
5676.88,0.19997
5677.77,0.20049
5678.68,0.19949
5679.58,0.19984
5680.48,0.1991
5681.38,0.198
5682.28,0.19721
5683.18,0.19461
5684.08,0.19489
5684.98,0.19355
5685.88,0.19337
5686.78,0.19229
5687.68,0.19321
5688.58,0.19267
5689.48,0.19407
5690.38,0.19529
5691.28,0.19594
5692.18,0.19631
5693.08,0.19808
5693.98,0.19811
5694.88,0.19879
5695.78,0.19858
5696.68,0.19836
5697.58,0.19797
5698.48,0.19744
5699.38,0.19567
5700.28,0.19481
5701.18,0.19293
5702.08,0.19287
5702.98,0.19101
5703.88,0.1899
5704.78,0.18891
5705.68,0.18719
5706.58,0.18728
5707.48,0.18591
5708.38,0.18488
5709.28,0.18379
5710.18,0.18322
5711.08,0.1836
5711.98,0.18396
5712.88,0.18594
5713.78,0.18767
5714.68,0.18927
5715.59,0.19204
5716.49,0.19377
5717.39,0.19599
5718.29,0.19883
5719.19,0.19933
5720.09,0.20208
5720.99,0.20205
5721.89,0.20357
5722.79,0.20414
5723.69,0.20461
5724.59,0.20456
5725.49,0.20417
5726.39,0.20449
5727.29,0.20499
5728.19,0.20277
5729.09,0.20245
5729.99,0.20199
5730.89,0.20249
5731.79,0.2014
5732.69,0.20245
5733.59,0.20224
5734.49,0.20338
5735.39,0.20313
5736.29,0.20336
5737.19,0.20374
5738.09,0.20313
5738.99,0.20283
5739.89,0.20445
5740.79,0.20304
5741.69,0.20327
5742.59,0.20351
5743.49,0.20369
5744.39,0.20379
5745.29,0.20413
5746.19,0.20425
5747.09,0.20367
5747.99,0.20278
5748.89,0.20221
5749.79,0.20182
5750.69,0.20225
5751.59,0.20046
5752.5,0.19991
5753.4,0.19909
5754.3,0.19938
5755.2,0.19851
5756.1,0.1986
5757.0,0.19964
5757.9,0.19952
5758.8,0.19958
5759.7,0.19959
5760.6,0.19979
5761.5,0.1999
5762.4,0.19864
5763.3,0.19887
5764.2,0.19945
5765.1,0.2
5766.0,0.2023
5766.9,0.20259
5767.8,0.2035
5768.7,0.20339
5769.6,0.20489
5770.5,0.20504
5771.4,0.20552
5772.3,0.20536
5773.2,0.20475
5774.1,0.20323
5775.0,0.20339
5775.9,0.20283
5776.8,0.20194
5777.7,0.19966
5778.6,0.19917
5779.5,0.19815
5780.4,0.19565
5781.3,0.1934
5782.2,0.19196
5783.1,0.19003
5784.0,0.18858
5784.9,0.18871
5785.8,0.18771
5786.7,0.18932
5787.6,0.18928
5788.5,0.19112
5789.41,0.19302
5790.31,0.19459
5791.21,0.19663
5792.11,0.1964
5793.01,0.19916
5793.91,0.19983
5794.81,0.20024
5795.71,0.20276
5796.61,0.20303
5797.51,0.20304
5798.41,0.20441
5799.31,0.20512
5800.21,0.20532
5801.11,0.20594
5802.01,0.2056
5802.91,0.20671
5803.81,0.20633
5804.71,0.20611
5805.61,0.20548
5806.51,0.20503
5807.41,0.20481
5808.31,0.2047
5809.21,0.20515
5810.11,0.20494
5811.01,0.20442
5811.91,0.20492
5812.81,0.20409
5813.71,0.2047
5814.61,0.20374
5815.51,0.20431
5816.41,0.20387
5817.31,0.20358
5818.21,0.20396
5819.11,0.20499
5820.01,0.20624
5820.91,0.20594
5821.81,0.20754
5822.71,0.20795
5823.61,0.20785
5824.51,0.20884
5825.41,0.209
5826.31,0.20861
5827.22,0.20933
5828.12,0.20922
5829.02,0.20964
5829.92,0.20947
5830.82,0.20822
5831.72,0.20928
5832.62,0.20852
5833.52,0.2082
5834.42,0.20719
5835.32,0.20728
5836.22,0.20706
5837.12,0.20646
5838.02,0.20773
5838.92,0.2066
5839.82,0.20738
5840.72,0.20791
5841.62,0.20731
5842.52,0.20767
5843.42,0.20948
5844.32,0.20851
5845.22,0.20846
5846.12,0.20705
5847.02,0.20615
5847.92,0.20527
5848.82,0.20453
5849.72,0.20339
5850.62,0.20193
5851.52,0.20076
5852.42,0.1993
5853.32,0.19777
5854.22,0.19796
5855.12,0.19624
5856.02,0.19469
5856.92,0.19429
5857.82,0.1935
5858.72,0.1932
5859.62,0.19336
5860.52,0.1924
5861.42,0.19369
5862.32,0.19403
5863.23,0.19499
5864.12,0.19622
5865.03,0.19617
5865.93,0.19761
5866.83,0.19731
5867.73,0.19846
5868.63,0.19909
5869.53,0.2
5870.43,0.2004
5871.33,0.20042
5872.23,0.20083
5873.13,0.20105
5874.03,0.20189
5874.93,0.2007
5875.83,0.20061
5876.73,0.19954
5877.63,0.19938
5878.53,0.19848
5879.43,0.19727
5880.33,0.19612
5881.23,0.19462
5882.13,0.19404
5883.03,0.19142
5883.93,0.18974
5884.83,0.1881
5885.73,0.18399
5886.63,0.18036
5887.53,0.17594
5888.43,0.17103
5889.33,0.16629
5890.23,0.16155
5891.13,0.15758
5892.03,0.15382
5892.93,0.15206
5893.83,0.15153
5894.73,0.15199
5895.63,0.15317
5896.53,0.1551
5897.43,0.15849
5898.33,0.16144
5899.23,0.16536
5900.13,0.16957
5901.04,0.17354
5901.94,0.17861
5902.83,0.18178
5903.74,0.18519
5904.64,0.18787
5905.54,0.19065
5906.44,0.19143
5907.34,0.19323
5908.24,0.19367
5909.14,0.19413
5910.04,0.1948
5910.94,0.19535
5911.84,0.19495
5912.74,0.19526
5913.64,0.19452
5914.54,0.19446
5915.44,0.19279
5916.34,0.19298
5917.24,0.1936
5918.14,0.19337
5919.04,0.1935
5919.94,0.19475
5920.84,0.19428
5921.74,0.19576
5922.64,0.19604
5923.54,0.19643
5924.44,0.19673
5925.34,0.19732
5926.24,0.19752
5927.14,0.19671
5928.04,0.19632
5928.94,0.19665
5929.84,0.19682
5930.74,0.19638
5931.64,0.19616
5932.54,0.1967
5933.44,0.19654
5934.34,0.19616
5935.24,0.19681
5936.14,0.19638
5937.04,0.19723
5937.94,0.19761
5938.85,0.19682
5939.75,0.19774
5940.65,0.19777
5941.55,0.19853
5942.45,0.19862
5943.35,0.19814
5944.25,0.19741
5945.15,0.19749
5946.05,0.1978
5946.95,0.19817
5947.85,0.19777
5948.75,0.19685
5949.65,0.19717
5950.55,0.19661
5951.45,0.19632
5952.35,0.19556
5953.25,0.19516
5954.15,0.1958
5955.05,0.19462
5955.95,0.19579
5956.85,0.19462
5957.75,0.19568
5958.65,0.19606
5959.55,0.1967
5960.45,0.19752
5961.35,0.19819
5962.25,0.19799
5963.15,0.19961
5964.05,0.19987
5964.95,0.20056
5965.85,0.20021
5966.75,0.20093
5967.65,0.20145
5968.55,0.20165
5969.45,0.20152
5970.35,0.20206
5971.25,0.20287
5972.15,0.20218
5973.05,0.20228
5973.95,0.20143
5974.85,0.20077
5975.75,0.20053
5976.65,0.19944
5977.56,0.19903
5978.46,0.19779
5979.36,0.19773
5980.26,0.19742
5981.16,0.19673
5982.06,0.19633
5982.96,0.19592
5983.86,0.19514
5984.76,0.19491
5985.66,0.19416
5986.56,0.19477
5987.46,0.19544
5988.36,0.19538
5989.26,0.19609
5990.16,0.19749
5991.06,0.19814
5991.96,0.19833
5992.86,0.19883
5993.76,0.19954
5994.66,0.20027
5995.56,0.19937
5996.46,0.19924
5997.36,0.19868
5998.26,0.19843
5999.16,0.1977
6000.06,0.19767
6000.96,0.19772
6001.86,0.19729
6002.76,0.19631
6003.66,0.19646
6004.56,0.19562
6005.46,0.19578
6006.36,0.19531
6007.26,0.19525
6008.16,0.19506
6009.06,0.19467
6009.96,0.1951
6010.86,0.1946
6011.76,0.19471
6012.67,0.19427
6013.56,0.19498
6014.47,0.19446
6015.37,0.19432
6016.27,0.1943
6017.17,0.19415
6018.07,0.19372
6018.97,0.19264
6019.87,0.1935
6020.77,0.1929
6021.67,0.19355
6022.57,0.19465
6023.47,0.19375
6024.37,0.19494
6025.27,0.19566
6026.17,0.19706
6027.07,0.19849
6027.97,0.19782
6028.87,0.2004
6029.77,0.20109
6030.67,0.20218
6031.57,0.20176
6032.47,0.2034
6033.37,0.20357
6034.27,0.20352
6035.17,0.20497
6036.07,0.20399
6036.97,0.20533
6037.87,0.20533
6038.77,0.20447
6039.67,0.20522
6040.57,0.20475
6041.47,0.20541
6042.37,0.20524
6043.27,0.20466
6044.17,0.20601
6045.07,0.20586
6045.97,0.20607
6046.87,0.20658
6047.77,0.20722
6048.67,0.20686
6049.57,0.20712
6050.47,0.20767
6051.38,0.20624
6052.28,0.2062
6053.18,0.20609
6054.08,0.20466
6054.98,0.20384
6055.88,0.20371
6056.78,0.20375
6057.68,0.2029
6058.58,0.20254
6059.48,0.202
6060.38,0.20214
6061.28,0.20144
6062.18,0.2018
6063.08,0.20117
6063.98,0.20078
6064.88,0.20061
6065.78,0.20139
6066.68,0.20205
6067.58,0.20245
6068.48,0.2029
6069.38,0.20452
6070.28,0.20618
6071.18,0.20703
6072.08,0.20777
6072.98,0.20823
6073.88,0.20765
6074.78,0.20759
6075.68,0.20831
6076.58,0.20623
6077.48,0.20668
6078.38,0.20461
6079.28,0.20352
6080.18,0.20236
6081.08,0.20216
6081.98,0.20063
6082.88,0.19986
6083.78,0.19909
6084.68,0.19889
6085.58,0.19933
6086.48,0.19897
6087.38,0.19911
6088.28,0.19927
6089.19,0.19888
6090.09,0.19824
6090.99,0.19832
6091.89,0.19807
6092.79,0.19905
6093.69,0.19883
6094.59,0.19847
6095.49,0.19952
6096.39,0.19957
6097.29,0.20046
6098.19,0.20026
6099.09,0.20016
6099.99,0.19928
6100.89,0.1994
6101.79,0.19854
6102.69,0.19662
6103.59,0.1964
6104.49,0.19647
6105.39,0.19661
6106.29,0.19639
6107.19,0.19694
6108.09,0.19789
6108.99,0.19911
6109.89,0.20009
6110.79,0.20138
6111.69,0.20132
6112.59,0.20318
6113.49,0.20189
6114.39,0.2024
6115.29,0.2031
6116.19,0.20273
6117.09,0.20144
6117.99,0.20134
6118.89,0.20008
6119.79,0.1988
6120.69,0.19821
6121.59,0.19626
6122.49,0.19483
6123.39,0.1952
6124.29,0.19454
6125.19,0.19564
6126.1,0.19577
6127.0,0.19603
6127.9,0.19645
6128.8,0.19767
6129.7,0.19848
6130.6,0.19845
6131.5,0.1991
6132.4,0.19795
6133.3,0.19799
6134.2,0.19737
6135.1,0.19561
6136.0,0.19377
6136.9,0.19308
6137.8,0.19149
6138.7,0.19124
6139.6,0.19128
6140.5,0.19203
6141.4,0.19352
6142.3,0.19463
6143.2,0.19581
6144.1,0.19875
6145.0,0.19884
6145.9,0.20029
6146.8,0.20031
6147.7,0.20047
6148.6,0.20094
6149.5,0.19975
6150.4,0.19959
6151.3,0.19933
6152.2,0.19882
6153.1,0.19785
6154.0,0.19776
6154.9,0.19632
6155.8,0.19548
6156.7,0.19429
6157.6,0.19275
6158.5,0.19022
6159.4,0.18833
6160.3,0.18615
6161.2,0.18347
6162.1,0.18186
6163.01,0.1801
6163.91,0.17871
6164.81,0.17789
6165.71,0.17759
6166.61,0.17808
6167.51,0.17819
6168.41,0.17949
6169.31,0.18087
6170.21,0.18186
6171.11,0.18174
6172.01,0.18276
6172.91,0.18455
6173.81,0.18471
6174.71,0.18685
6175.61,0.18724
6176.51,0.18831
6177.41,0.19017
6178.31,0.19109
6179.21,0.19177
6180.11,0.19211
6181.01,0.19363
6181.91,0.19352
6182.81,0.19399
6183.71,0.19351
6184.61,0.19236
6185.51,0.19195
6186.41,0.19138
6187.31,0.19077
6188.21,0.18895
6189.11,0.18736
6190.01,0.18715
6190.91,0.18633
6191.81,0.18549
6192.71,0.18593
6193.61,0.18564
6194.51,0.18727
6195.41,0.18697
6196.31,0.18844
6197.21,0.18916
6198.11,0.18941
6199.01,0.19001
6199.92,0.19068
6200.82,0.1907
6201.72,0.19187
6202.62,0.19209
6203.52,0.19281
6204.42,0.19388
6205.32,0.19388
6206.22,0.19351
6207.12,0.19446
6208.02,0.19422
6208.92,0.19385
6209.82,0.19329
6210.72,0.19133
6211.62,0.19043
6212.52,0.18888
6213.42,0.1871
6214.32,0.18545
6215.22,0.18389
6216.12,0.18322
6217.02,0.18244
6217.92,0.18197
6218.82,0.18122
6219.72,0.18131
6220.62,0.18101
6221.52,0.18143
6222.42,0.18242
6223.32,0.18238
6224.22,0.18306
6225.12,0.18326
6226.02,0.18342
6226.92,0.1828
6227.82,0.18312
6228.72,0.18202
6229.62,0.18227
6230.52,0.18128
6231.42,0.18134
6232.32,0.1809
6233.22,0.18099
6234.12,0.18185
6235.02,0.18185
6235.92,0.18281
6236.83,0.18253
6237.73,0.18399
6238.63,0.18375
6239.53,0.18431
6240.43,0.18293
6241.33,0.18233
6242.23,0.18085
6243.13,0.17996
6244.03,0.18053
6244.93,0.17943
6245.83,0.17972
6246.73,0.18044
6247.63,0.18048
6248.53,0.18104
6249.43,0.18152
6250.33,0.18197
6251.23,0.18157
6252.13,0.18116
6253.03,0.18012
6253.93,0.17929
6254.83,0.17845
6255.73,0.17752
6256.63,0.17659
6257.53,0.17603
6258.43,0.17556
6259.33,0.17622
6260.23,0.17738
6261.13,0.17812
6262.03,0.17902
6262.93,0.18083
6263.83,0.18229
6264.73,0.18358
6265.63,0.18464
6266.53,0.18563
6267.43,0.18581
6268.33,0.18634
6269.23,0.1867
6270.13,0.18698
6271.03,0.18741
6271.93,0.18751
6272.83,0.18839
6273.73,0.18918
6274.64,0.18856
6275.54,0.18968
6276.44,0.18884
6277.34,0.18923
6278.24,0.18938
6279.14,0.18955
6280.04,0.18892
6280.94,0.18886
6281.84,0.18895
6282.74,0.18952
6283.64,0.19005
6284.54,0.19065
6285.44,0.19115
6286.34,0.19211
6287.24,0.19313
6288.14,0.19292
6289.04,0.19353
6289.94,0.19405
6290.84,0.19315
6291.74,0.19251
6292.64,0.19244
6293.54,0.19218
6294.44,0.19085
6295.34,0.19056
6296.24,0.18998
6297.14,0.18942
6298.04,0.18721
6298.94,0.18787
6299.84,0.18689
6300.74,0.18682
6301.64,0.18575
6302.54,0.18634
6303.44,0.18749
6304.34,0.18735
6305.24,0.18855
6306.14,0.18819
6307.04,0.18959
6307.94,0.19062
6308.84,0.19095
6309.74,0.19149
6310.64,0.1917
6311.54,0.19115
6312.45,0.19068
6313.35,0.18991
6314.25,0.18897
6315.15,0.18806
6316.05,0.1878
6316.95,0.18622
6317.85,0.18644
6318.75,0.18512
6319.65,0.186
6320.55,0.18562
6321.45,0.18682
6322.35,0.18879
6323.25,0.18917
6324.15,0.18992
6325.05,0.19095
6325.95,0.19204
6326.85,0.19344
6327.75,0.19344
6328.65,0.19388
6329.55,0.19461
6330.45,0.19436
6331.35,0.19445
6332.25,0.19395
6333.15,0.19306
6334.05,0.19319
6334.95,0.19204
6335.85,0.19163
6336.75,0.19119
6337.65,0.19004
6338.55,0.19026
6339.45,0.18965
6340.35,0.18953
6341.25,0.18993
6342.15,0.18988
6343.05,0.19036
6343.95,0.19065
6344.85,0.19074
6345.75,0.1904
6346.65,0.19106
6347.55,0.19134
6348.46,0.19143
6349.35,0.19253
6350.26,0.19286
6351.16,0.19331
6352.06,0.1939
6352.96,0.19376
6353.86,0.19252
6354.76,0.19228
6355.66,0.19094
6356.56,0.1896
6357.46,0.18817
6358.36,0.18614
6359.26,0.18499
6360.16,0.18435
6361.06,0.18286
6361.96,0.18256
6362.86,0.18232
6363.76,0.18254
6364.66,0.18291
6365.56,0.18428
6366.46,0.18508
6367.36,0.18645
6368.26,0.1889
6369.16,0.19029
6370.06,0.19126
6370.96,0.19382
6371.86,0.19435
6372.76,0.19492
6373.66,0.19631
6374.56,0.19664
6375.46,0.19656
6376.36,0.19707
6377.26,0.19763
6378.16,0.19745
6379.06,0.19693
6379.96,0.19577
6380.86,0.1957
6381.76,0.19652
6382.66,0.19508
6383.56,0.19584
6384.46,0.19639
6385.36,0.19635
6386.27,0.19594
6387.17,0.19638
6388.07,0.1969
6388.97,0.1955
6389.87,0.19648
6390.77,0.19596
6391.67,0.19571
6392.57,0.19435
6393.47,0.19399
6394.37,0.19326
6395.27,0.19306
6396.17,0.19204
6397.07,0.19305
6397.97,0.19235
6398.87,0.19213
6399.77,0.19229
6400.67,0.19241
6401.57,0.19211
6402.47,0.1932
6403.37,0.1941
6404.27,0.19377
6405.17,0.19406
6406.07,0.1948
6406.97,0.19509
6407.87,0.1946
6408.77,0.19481
6409.67,0.19478
6410.57,0.19412
6411.47,0.19376
6412.37,0.19388
6413.27,0.19343
6414.17,0.19309
6415.07,0.19241
6415.97,0.19292
6416.87,0.1938
6417.77,0.19273
6418.67,0.19271
6419.57,0.19287
6420.47,0.19281
6421.37,0.19316
6422.27,0.19313
6423.17,0.19401
6424.08,0.19445
6424.98,0.19517
6425.88,0.1956
6426.78,0.19581
6427.68,0.19615
6428.58,0.19616
6429.48,0.19579
6430.38,0.19636
6431.28,0.19633
6432.18,0.19609
6433.08,0.19477
6433.98,0.19524
6434.88,0.19505
6435.78,0.19478
6436.68,0.19605
6437.58,0.19591
6438.48,0.19601
6439.38,0.19687
6440.28,0.19675
6441.18,0.19728
6442.08,0.19772
6442.98,0.19757
6443.88,0.1992
6444.78,0.19939
6445.68,0.19826
6446.58,0.19788
6447.48,0.1987
6448.38,0.1962
6449.28,0.19571
6450.18,0.19525
6451.08,0.19402
6451.98,0.19325
6452.88,0.19227
6453.78,0.1929
6454.68,0.19391
6455.58,0.19374
6456.48,0.19479
6457.38,0.19608
6458.28,0.1964
6459.18,0.19699
6460.08,0.19674
6460.98,0.19682
6461.89,0.19609
6462.79,0.19612
6463.69,0.196
6464.59,0.19539
6465.49,0.19605
6466.39,0.19585
6467.29,0.19668
6468.19,0.19717
6469.09,0.19694
6469.99,0.19671
6470.89,0.1981
6471.79,0.19811
6472.69,0.19821
6473.59,0.19868
6474.49,0.1983
6475.39,0.19838
6476.29,0.19821
6477.19,0.1976
6478.09,0.1971
6478.99,0.19825
6479.89,0.19669
6480.79,0.19615
6481.69,0.1959
6482.59,0.1953
6483.49,0.19559
6484.39,0.19426
6485.29,0.19506
6486.19,0.19459
6487.09,0.19466
6487.99,0.19395
6488.89,0.19315
6489.79,0.19253
6490.69,0.19077
6491.59,0.18921
6492.49,0.18716
6493.39,0.18481
6494.29,0.182
6495.19,0.18104
6496.09,0.1797
6496.99,0.17885
6497.9,0.17715
6498.79,0.17816
6499.7,0.1792
6500.6,0.18007
6501.5,0.18235
6502.4,0.18418
6503.3,0.18653
6504.2,0.18911
6505.1,0.19016
6506.0,0.19113
6506.9,0.1937
6507.8,0.19371
6508.7,0.19503
6509.6,0.19471
6510.5,0.1965
6511.4,0.19588
6512.3,0.19672
6513.2,0.19569
6514.1,0.19557
6515.0,0.19579
6515.9,0.19597
6516.8,0.19518
6517.7,0.19491
6518.6,0.19471
6519.5,0.19503
6520.4,0.19483
6521.3,0.19434
6522.2,0.19497
6523.1,0.19566
6524.0,0.19584
6524.9,0.19586
6525.8,0.19599
6526.7,0.19628
6527.6,0.19612
6528.5,0.19562
6529.4,0.19629
6530.3,0.19695
6531.2,0.19531
6532.1,0.19602
6533.0,0.19561
6533.9,0.19676
6534.8,0.196
6535.71,0.19677
6536.61,0.1967
6537.51,0.19822
6538.41,0.19759
6539.31,0.19772
6540.21,0.19693
6541.11,0.19874
6542.01,0.19745
6542.91,0.19691
6543.81,0.1965
6544.71,0.19501
6545.61,0.19523
6546.51,0.1936
6547.41,0.19257
6548.31,0.19232
6549.21,0.19101
6550.11,0.19156
6551.01,0.18906
6551.91,0.18963
6552.81,0.18923
6553.71,0.1879
6554.61,0.18626
6555.51,0.1856
6556.41,0.18348
6557.31,0.18255
6558.21,0.18019
6559.11,0.17776
6560.01,0.17514
6560.91,0.17304
6561.81,0.1699
6562.71,0.16777
6563.61,0.16639
6564.51,0.16613
6565.41,0.16654
6566.31,0.16774
6567.21,0.16998
6568.11,0.17231
6569.01,0.17409
6569.91,0.1773
6570.81,0.17882
6571.71,0.18048
6572.61,0.18249
6573.52,0.18315
6574.42,0.18363
6575.32,0.18471
6576.22,0.18565
6577.12,0.18603
6578.02,0.18749
6578.92,0.1878
6579.82,0.18878
6580.72,0.18963
6581.62,0.18967
6582.52,0.1899
6583.42,0.19133
6584.32,0.19089
6585.22,0.19188
6586.12,0.192
6587.02,0.19189
6587.92,0.19172
6588.82,0.19186
6589.72,0.19116
6590.62,0.19115
6591.52,0.19086
6592.42,0.18969
6593.32,0.18846
6594.22,0.18774
6595.12,0.18764
6596.02,0.18735
6596.92,0.18696
6597.82,0.18809
6598.72,0.1876
6599.62,0.18963
6600.52,0.18961
6601.42,0.18983
6602.32,0.19077
6603.22,0.19116
6604.12,0.19109
6605.02,0.1914
6605.92,0.19047
6606.82,0.19002
6607.72,0.19006
6608.62,0.18963
6609.52,0.18919
6610.43,0.18992
6611.33,0.19065
6612.23,0.19044
6613.13,0.19145
6614.03,0.19057
6614.93,0.19232
6615.83,0.19279
6616.73,0.19294
6617.63,0.19337
6618.53,0.19374
6619.43,0.19366
6620.33,0.19371
6621.23,0.19381
6622.13,0.19345
6623.03,0.19307
6623.93,0.1925
6624.83,0.19121
6625.73,0.19144
6626.63,0.19108
6627.53,0.18988
6628.43,0.18877
6629.33,0.18918
6630.23,0.18888
6631.13,0.18752
6632.03,0.18811
6632.93,0.18757
6633.83,0.18684
6634.73,0.1868
6635.63,0.1866
6636.53,0.18619
6637.43,0.1871
6638.33,0.18754
6639.23,0.18745
6640.13,0.18838
6641.03,0.18837
6641.93,0.18817
6642.83,0.18838
6643.73,0.1889
6644.63,0.18785
6645.53,0.18824
6646.43,0.18872
6647.34,0.18862
6648.24,0.18827
6649.14,0.18856
6650.04,0.18874
6650.94,0.18809
6651.84,0.18892
6652.74,0.18838
6653.64,0.18876
6654.54,0.18925
6655.44,0.18897
6656.34,0.18813
6657.24,0.18849
6658.14,0.18804
6659.04,0.1872
6659.94,0.18708
6660.84,0.18688
6661.74,0.18552
6662.64,0.18497
6663.54,0.18486
6664.44,0.18454
6665.34,0.18426
6666.24,0.18362
6667.14,0.18405
6668.04,0.18479
6668.94,0.18456
6669.84,0.18535
6670.74,0.18598
6671.64,0.18637
6672.54,0.18666
6673.44,0.18775
6674.34,0.18686
6675.24,0.18728
6676.14,0.18673
6677.04,0.18645
6677.94,0.18547
6678.84,0.18552
6679.74,0.18397
6680.64,0.1838
6681.54,0.18375
6682.44,0.18407
6683.34,0.18447
6684.24,0.18508
6685.15,0.18594
6686.05,0.18587
6686.95,0.18605
6687.85,0.18684
6688.75,0.18678
6689.65,0.18662
6690.55,0.18706
6691.45,0.1864
6692.35,0.18618
6693.25,0.18572
6694.15,0.18564
6695.05,0.18519
6695.95,0.18487
6696.85,0.18488
6697.75,0.18412
6698.65,0.18372
6699.55,0.18415
6700.45,0.18464
6701.35,0.18421
6702.25,0.18415
6703.15,0.18479
6704.05,0.18492
6704.95,0.18404
6705.85,0.18486
6706.75,0.18516
6707.65,0.18434
6708.55,0.18443
6709.45,0.18399
6710.35,0.18355
6711.25,0.18361
6712.15,0.18262
6713.05,0.18135
6713.95,0.18167
6714.85,0.1805
6715.75,0.17989
6716.65,0.17882
6717.55,0.17797
6718.45,0.17816
6719.35,0.17863
6720.25,0.17865
6721.16,0.17989
6722.06,0.17879
6722.96,0.18007
6723.86,0.18074
6724.76,0.18146
6725.66,0.18172
6726.56,0.18206
6727.46,0.183
6728.36,0.18244
6729.26,0.18282
6730.16,0.18348
6731.06,0.18418
6731.96,0.18423
6732.86,0.18382
6733.76,0.18393
6734.66,0.184
6735.56,0.18438
6736.46,0.18419
6737.36,0.18364
6738.26,0.18285
6739.16,0.18262
6740.06,0.18265
6740.96,0.18211
6741.86,0.18205
6742.76,0.18129
6743.66,0.18202
6744.56,0.18126
6745.46,0.18141
6746.36,0.18069
6747.26,0.18102
6748.16,0.18031
6749.06,0.18087
6749.96,0.18018
6750.86,0.17994
6751.76,0.18064
6752.66,0.18043
6753.56,0.18015
6754.46,0.18157
6755.36,0.1816
6756.26,0.18213
6757.16,0.18339
6758.06,0.18332
6758.97,0.18357
6759.87,0.18458
6760.77,0.18541
6761.67,0.18519
6762.57,0.18493
6763.47,0.18517
6764.37,0.1857
6765.27,0.18497
6766.17,0.18481
6767.07,0.18475
6767.97,0.1829
6768.87,0.18244
6769.77,0.18321
6770.67,0.18304
6771.57,0.18282
6772.47,0.18419
6773.37,0.18372
6774.27,0.18521
6775.17,0.18522
6776.07,0.18544
6776.97,0.18606
6777.87,0.18703
6778.77,0.18641
6779.67,0.18625
6780.57,0.18647
6781.47,0.18542
6782.37,0.18526
6783.27,0.18429
6784.17,0.18377
6785.07,0.18212
6785.97,0.18261
6786.87,0.18197
6787.77,0.18188
6788.67,0.18064
6789.57,0.18213
6790.47,0.18111
6791.37,0.18193
6792.27,0.18244
6793.17,0.18201
6794.07,0.18184
6794.97,0.18294
6795.88,0.18279
6796.78,0.18235
6797.68,0.18257
6798.58,0.18326
6799.48,0.18311
6800.38,0.18312
6801.28,0.18303
6802.18,0.18427
6803.08,0.18364
6803.98,0.18401
6804.88,0.18441
6805.78,0.18401
6806.68,0.18425
6807.58,0.18395
6808.48,0.18447
6809.38,0.18437
6810.28,0.18445
6811.18,0.18419
6812.08,0.18404
6812.98,0.18436
6813.88,0.18394
6814.78,0.18415
6815.68,0.18289
6816.58,0.18421
6817.48,0.18429
6818.38,0.18403
6819.28,0.18453
6820.18,0.18434
6821.08,0.18594
6821.98,0.18531
6822.88,0.18516
6823.78,0.18565
6824.68,0.18503
6825.58,0.18617
6826.48,0.18593
6827.38,0.18664
6828.28,0.18611
6829.18,0.18573
6830.08,0.18538
6830.98,0.18482
6831.88,0.18561
6832.79,0.18521
6833.69,0.18545
6834.59,0.1855
6835.49,0.18545
6836.39,0.18464
6837.29,0.18443
6838.19,0.1835
6839.09,0.18394
6839.99,0.18214
6840.89,0.18203
6841.79,0.18148
6842.69,0.18175
6843.59,0.18112
6844.49,0.18125
6845.39,0.18137
6846.29,0.18214
6847.19,0.18255
6848.09,0.18264
6848.99,0.18345
6849.89,0.18296
6850.79,0.18394
6851.69,0.1834
6852.59,0.1835
6853.49,0.18317
6854.39,0.18282
6855.29,0.18285
6856.19,0.18117
6857.09,0.18095
6857.99,0.18125
6858.89,0.18053
6859.79,0.18013
6860.69,0.1801
6861.59,0.17996
6862.49,0.18032
6863.39,0.18111
6864.29,0.18091
6865.19,0.18168
6866.09,0.18118
6866.99,0.18207
6867.89,0.18198
6868.79,0.18172
6869.7,0.18239
6870.6,0.18134
6871.5,0.18285
6872.4,0.18172
6873.3,0.18144
6874.2,0.18214
6875.1,0.18153
6876.0,0.18239
6876.9,0.1828
6877.8,0.18307
6878.7,0.18341
6879.6,0.18376
6880.5,0.18369
6881.4,0.18332
6882.3,0.18343
6883.2,0.18398
6884.1,0.18303
6885.0,0.18387
6885.9,0.1837
6886.8,0.18439
6887.7,0.18498
6888.6,0.18551
6889.5,0.18559
6890.4,0.18678
6891.3,0.18652
6892.2,0.1875
6893.1,0.18787
6894.0,0.18762
6894.9,0.18737
6895.8,0.18751
6896.7,0.18811
6897.6,0.18783
6898.5,0.18869
6899.4,0.18746
6900.3,0.18756
6901.2,0.18789
6902.1,0.18832
6903.0,0.18815
6903.9,0.18894
6904.8,0.18873
6905.7,0.18924
6906.6,0.18937
6907.51,0.18967
6908.41,0.18969
6909.31,0.18956
6910.21,0.18935
6911.11,0.18891
6912.01,0.18823
6912.91,0.18794
6913.81,0.1873
6914.71,0.18853
6915.61,0.1878
6916.51,0.18695
6917.41,0.18734
6918.31,0.18652
6919.21,0.18674
6920.11,0.18713
6921.01,0.18727
6921.91,0.18676
6922.81,0.18726
6923.71,0.1862
6924.61,0.18638
6925.51,0.18656
6926.41,0.18655
6927.31,0.18668
6928.21,0.18642
6929.11,0.18631
6930.01,0.18653
6930.91,0.18709
6931.81,0.18635
6932.71,0.18684
6933.61,0.18744
6934.51,0.18729
6935.41,0.18758
6936.31,0.18788
6937.21,0.18807
6938.11,0.18836
6939.01,0.1884
6939.91,0.18874
6940.81,0.18905
6941.71,0.18825
6942.61,0.18927
6943.52,0.18868
6944.42,0.18826
6945.31,0.18805
6946.22,0.18749
6947.12,0.18799
6948.02,0.18774
6948.92,0.18705
6949.82,0.1867
6950.72,0.18701
6951.62,0.1876
6952.52,0.18695
6953.42,0.18715
6954.32,0.18756
6955.22,0.18804
6956.12,0.18795
6957.02,0.1879
6957.92,0.18799
6958.82,0.18868
6959.72,0.18894
6960.62,0.19008
6961.52,0.19007
6962.42,0.19048
6963.32,0.19077
6964.22,0.19038
6965.12,0.19139
6966.02,0.19146
6966.92,0.19208
6967.82,0.19154
6968.72,0.19188
6969.62,0.19159
6970.52,0.19219
6971.42,0.19148
6972.32,0.19167
6973.22,0.18953
6974.12,0.19011
6975.02,0.18899
6975.92,0.18836
6976.82,0.18749
6977.72,0.18628
6978.62,0.18611
6979.52,0.18605
6980.42,0.18538
6981.33,0.18568
6982.23,0.18682
6983.12,0.18752
6984.03,0.18831
6984.93,0.18944
6985.83,0.19032
6986.73,0.19084
6987.63,0.19135
6988.53,0.19127
6989.43,0.19212
6990.33,0.19168
6991.23,0.19103
6992.13,0.19268
6993.03,0.19199
6993.93,0.19152
6994.83,0.19168
6995.73,0.19164
6996.63,0.19118
6997.53,0.19175
6998.43,0.19039
6999.33,0.19048
7000.23,0.19035
7001.13,0.18966
7002.03,0.18971
7002.93,0.1903
7003.83,0.18887
7004.73,0.18867
7005.63,0.18823
7006.53,0.18841
7007.43,0.18819
7008.33,0.18967
7009.23,0.18852
7010.13,0.18865
7011.03,0.18907
7011.93,0.18838
7012.83,0.18803
7013.73,0.18823
7014.63,0.18735
7015.53,0.18802
7016.43,0.18743
7017.33,0.18796
7018.23,0.18722
7019.14,0.18774
7020.04,0.18729
7020.94,0.18779
7021.84,0.18853
7022.74,0.18855
7023.64,0.18805
7024.54,0.18873
7025.44,0.18915
7026.34,0.1887
7027.24,0.18947
7028.14,0.18951
7029.04,0.18877
7029.94,0.19049
7030.84,0.18979
7031.74,0.19036
7032.64,0.19115
7033.54,0.19088
7034.44,0.19142
7035.34,0.19116
7036.24,0.19132
7037.14,0.19186
7038.04,0.19188
7038.94,0.19225
7039.84,0.19292
7040.74,0.1935
7041.64,0.19491
7042.54,0.19481
7043.44,0.19598
7044.34,0.19526
7045.24,0.19635
7046.14,0.19742
7047.04,0.19771
7047.94,0.19802
7048.84,0.19707
7049.74,0.19617
7050.64,0.195
7051.54,0.19513
7052.44,0.19391
7053.34,0.19238
7054.25,0.1897
7055.15,0.18831
7056.04,0.18623
7056.95,0.18493
7057.85,0.18348
7058.75,0.18297
7059.65,0.1821
7060.55,0.18045
7061.45,0.1807
7062.35,0.18035
7063.25,0.17975
7064.15,0.17919
7065.05,0.17978
7065.95,0.17916
7066.85,0.17921
7067.75,0.17877
7068.65,0.17947
7069.55,0.18016
7070.45,0.17991
7071.35,0.18062
7072.25,0.17952
7073.15,0.18136
7074.05,0.18157
7074.95,0.18214
7075.85,0.18249
7076.75,0.18395
7077.65,0.18321
7078.55,0.1841
7079.45,0.18429
7080.35,0.18392
7081.25,0.18356
7082.15,0.18229
7083.05,0.18098
7083.95,0.18024
7084.85,0.17964
7085.75,0.17847
7086.65,0.17689
7087.55,0.17495
7088.45,0.1737
7089.35,0.17283
7090.25,0.17191
7091.15,0.17148
7092.06,0.17119
7092.96,0.17108
7093.85,0.17048
7094.76,0.17094
7095.66,0.17092
7096.56,0.17047
7097.46,0.17187
7098.36,0.17161
7099.26,0.17244
7100.16,0.17233
7101.06,0.17293
7101.96,0.17361
7102.86,0.17383
7103.76,0.17365
7104.66,0.1736
7105.56,0.17361
7106.46,0.17399
7107.36,0.17345
7108.26,0.17355
7109.16,0.17486
7110.06,0.17359
7110.96,0.17382
7111.86,0.17398
7112.76,0.17384
7113.66,0.17359
7114.56,0.17414
7115.46,0.17425
7116.36,0.17441
7117.26,0.17446
7118.16,0.17474
7119.06,0.1747
7119.96,0.1745
7120.86,0.17408
7121.76,0.17432
7122.66,0.17348
7123.56,0.17341
7124.46,0.17257
7125.36,0.17177
7126.26,0.17119
7127.16,0.17087
7127.27,0.17097
7128.17,0.16962
7129.07,0.16885
7129.96,0.16932
7130.86,0.16853
7131.75,0.16826
7132.65,0.1688
7133.55,0.16872
7134.44,0.16923
7135.34,0.16949
7136.23,0.17045
7137.13,0.17036
7138.03,0.1708
7138.92,0.17071
7139.82,0.17144
7140.71,0.17141
7141.61,0.17139
7142.5,0.17177
7143.4,0.17177
7144.3,0.17098
7145.19,0.17149
7146.09,0.17107
7146.98,0.17094
7147.88,0.17093
7148.78,0.1707
7149.67,0.17094
7150.57,0.172
7151.46,0.17201
7152.36,0.17171
7153.26,0.17276
7154.15,0.17316
7155.05,0.17355
7155.94,0.17382
7156.84,0.1743
7157.74,0.17444
7158.63,0.17474
7159.53,0.17417
7160.42,0.17401
7161.32,0.17364
7162.21,0.17304
7163.11,0.17176
7164.01,0.17266
7164.9,0.17302
7165.8,0.17291
7166.69,0.17366
7167.59,0.17395
7168.49,0.17393
7169.38,0.17418
7170.28,0.17515
7171.17,0.17554
7172.07,0.17534
7172.96,0.17677
7173.86,0.17633
7174.76,0.177
7175.65,0.17698
7176.55,0.17667
7177.44,0.17651
7178.34,0.17607
7179.24,0.17525
7180.13,0.17461
7181.03,0.17458
7181.92,0.17438
7182.82,0.17387
7183.72,0.17361
7184.61,0.1738
7185.51,0.17258
7186.4,0.17204
7187.3,0.17271
7188.19,0.17214
7189.09,0.17114
7189.99,0.1713
7190.88,0.17155
7191.78,0.17227
7192.67,0.17208
7193.57,0.17232
7194.47,0.17271
7195.36,0.17276
7196.26,0.17324
7197.15,0.17309
7198.05,0.17348
7198.95,0.17367
7199.84,0.17416
7200.74,0.17328
7201.63,0.17453
7202.53,0.17433
7203.43,0.17432
7204.32,0.17436
7205.22,0.17299
7206.11,0.17342
7207.01,0.17293
7207.9,0.17265
7208.8,0.17319
7209.7,0.17301
7210.59,0.17323
7211.49,0.17258
7212.38,0.17429
7213.28,0.17416
7214.18,0.17495
7215.07,0.17516
7215.97,0.17568
7216.86,0.17618
7217.76,0.17653
7218.66,0.17677
7219.55,0.17676
7220.45,0.17703
7221.34,0.17752
7222.24,0.17782
7223.13,0.17874
7224.03,0.17863
7224.93,0.17882
7225.82,0.17954
7226.72,0.17999
7227.61,0.17946
7228.51,0.18071
7229.41,0.18166
7230.3,0.18123
7231.2,0.18149
7232.09,0.18199
7232.99,0.18257
7233.89,0.18286
7234.78,0.18232
7235.68,0.183
7236.57,0.18251
7237.47,0.18279
7238.36,0.18197
7239.26,0.1818
7240.16,0.18244
7241.05,0.18167
7241.95,0.1817
7242.84,0.18194
7243.74,0.18207
7244.64,0.18186
7245.53,0.18155
7246.43,0.18199
7247.32,0.18227
7248.22,0.18151
7249.12,0.18203
7250.01,0.18241
7250.91,0.18124
7251.8,0.18248
7252.7,0.1827
7253.6,0.1828
7254.49,0.18253
7255.39,0.18268
7256.28,0.18298
7257.18,0.18258
7258.07,0.18245
7258.97,0.1828
7259.87,0.1826
7260.76,0.18274
7261.66,0.18284
7262.55,0.18336
7263.45,0.18355
7264.35,0.18369
7265.24,0.18377
7266.14,0.18336
7267.03,0.18394
7267.93,0.18449
7268.83,0.18437
7269.72,0.18523
7270.62,0.18561
7271.51,0.18505
7272.41,0.18538
7273.3,0.18531
7274.2,0.18499
7275.1,0.18495
7275.99,0.18418
7276.89,0.1836
7277.78,0.18452
7278.68,0.18351
7279.58,0.18303
7280.47,0.18328
7281.37,0.18193
7282.26,0.18145
7283.16,0.1808
7284.06,0.18121
7284.95,0.18039
7285.85,0.17999
7286.74,0.17983
7287.64,0.1796
7288.53,0.17985
7289.43,0.17935
7290.33,0.17914
7291.22,0.17991
7292.12,0.17965
7293.01,0.18045
7293.91,0.18071
7294.81,0.18145
7295.7,0.18249
7296.6,0.18282
7297.49,0.18376
7298.39,0.18395
7299.29,0.18499
7300.18,0.1863
7301.08,0.18533
7301.97,0.18538
7302.87,0.18667
7303.76,0.18694
7304.66,0.18614
7305.56,0.18599
7306.45,0.18579
7307.35,0.18644
7308.24,0.18676
7309.14,0.18614
7310.04,0.18666
7310.93,0.18554
7311.83,0.18701
7312.72,0.18595
7313.62,0.18725
7314.52,0.18751
7315.41,0.18766
7316.31,0.18758
7317.2,0.18745
7318.1,0.18681
7318.99,0.18817
7319.89,0.1879
7320.79,0.1875
7321.68,0.187
7322.58,0.18741
7323.47,0.18683
7324.37,0.18677
7325.27,0.18615
7326.16,0.18673
7327.06,0.1867
7327.95,0.18713
7328.85,0.18758
7329.75,0.18691
7330.64,0.18797
7331.54,0.18908
7332.43,0.18915
7333.33,0.18888
7334.22,0.18974
7335.12,0.18998
7336.02,0.19138
7336.91,0.19204
7337.81,0.19128
7338.7,0.19232
7339.6,0.19275
7340.5,0.19306
7341.39,0.1923
7342.29,0.19275
7343.18,0.19269
7344.08,0.19295
7344.98,0.1916
7345.87,0.19192
7346.77,0.19124
7347.66,0.19148
7348.56,0.1904
7349.45,0.19117
7350.35,0.19086
7351.25,0.18995
7352.14,0.18898
7353.04,0.1886
7353.93,0.18841
7354.83,0.18811
7355.73,0.18791
7356.62,0.18696
7357.52,0.18732
7358.41,0.18715
7359.31,0.18641
7360.21,0.18727
7361.1,0.18679
7362.0,0.18782
7362.89,0.1883
7363.79,0.18895
7364.69,0.18914
7365.58,0.18941
7366.48,0.18993
7367.37,0.19123
7368.27,0.191
7369.16,0.1918
7370.06,0.19348
7370.96,0.19318
7371.85,0.19414
7372.75,0.19485
7373.64,0.19482
7374.54,0.19552
7375.44,0.1952
7376.33,0.19641
7377.23,0.19579
7378.12,0.19551
7379.02,0.19587
7379.92,0.19495
7380.81,0.1957
7381.71,0.19428
7382.6,0.19266
7383.5,0.19297
7384.39,0.19242
7385.29,0.19183
7386.19,0.19146
7387.08,0.19078
7387.98,0.18977
7388.87,0.18907
7389.77,0.1899
7390.67,0.18891
7391.56,0.18984
7392.46,0.18988
7393.35,0.19064
7394.25,0.1909
7395.15,0.19112
7396.04,0.19206
7396.94,0.19263
7397.83,0.19343
7398.73,0.19347
7399.62,0.194
7400.52,0.19379
7401.42,0.19452
7402.31,0.19367
7403.21,0.19455
7404.1,0.19451
7405.0,0.19385
7405.9,0.19397
7406.79,0.1941
7407.69,0.19337
7408.58,0.1929
7409.48,0.19123
7410.38,0.19136
7411.27,0.19004
7412.17,0.18894
7413.06,0.18853
7413.96,0.18731
7414.85,0.18721
7415.75,0.18563
7416.65,0.18519
7417.54,0.18536
7418.44,0.18489
7419.33,0.18582
7420.23,0.18583
7421.13,0.1864
7422.02,0.18722
7422.92,0.18788
7423.81,0.1887
7424.71,0.18969
7425.6,0.19069
7426.5,0.19205
7427.4,0.19351
7428.29,0.19435
7429.19,0.19507
7431.68,0.19674
7434.18,0.19703
7436.67,0.19706
7439.17,0.19644
7441.66,0.19595
7444.16,0.19536
7446.66,0.19528
7449.15,0.19622
7451.65,0.1978
7454.14,0.19833
7456.64,0.19875
7459.13,0.19785
7461.63,0.19725
7464.12,0.19733
7466.62,0.19769
7469.11,0.19744
7471.61,0.19861
7474.1,0.19831
7476.6,0.19829
7479.09,0.19774
7481.59,0.19806
7484.08,0.19817
7486.58,0.19793
7489.07,0.19704
7491.57,0.19703
7494.06,0.19595
7496.56,0.19557
7499.05,0.19739
7501.55,0.19808
7504.04,0.19887
7506.54,0.19927
7509.03,0.19905
7511.53,0.19868
7514.02,0.19904
7516.52,0.20031
7519.01,0.20127
7521.51,0.20148
7524.0,0.20061
7526.5,0.20098
7528.99,0.20039
7531.49,0.20081
7533.99,0.2021
7536.48,0.20249
7538.98,0.20298
7541.47,0.20286
7543.97,0.20277
7546.46,0.20228
7548.96,0.20176
7551.45,0.20254
7553.95,0.20178
7556.44,0.20197
7558.94,0.20155
7561.43,0.20156
7563.93,0.20178
7566.42,0.20206
7568.92,0.2014
7571.41,0.20133
7573.91,0.20102
7576.4,0.20169
7578.9,0.20172
7581.39,0.20016
7583.89,0.19824
7586.38,0.19566
7588.88,0.1934
7591.37,0.19139
7593.87,0.19034
7596.36,0.18943
7598.86,0.18874
7601.35,0.18798
7603.85,0.18721
7606.34,0.18729
7608.84,0.18783
7611.33,0.18775
7613.83,0.18804
7616.33,0.18718
7618.82,0.18669
7621.32,0.18684
7623.81,0.18745
7626.31,0.18801
7628.8,0.188
7631.3,0.18733
7633.79,0.18745
7636.29,0.18697
7638.78,0.1873
7641.28,0.18705
7643.77,0.18779
7646.27,0.18752
7648.76,0.18696
7651.26,0.18595
7653.75,0.18447
7656.25,0.1817
7658.74,0.17912
7661.24,0.17658
7663.73,0.17429
7666.23,0.1733
7668.72,0.17431
7671.22,0.17585
7673.71,0.17772
7676.21,0.17954
7678.7,0.18006
7681.2,0.18083
7683.69,0.18081
7686.19,0.18102
7688.69,0.18007
7691.18,0.17991
7693.68,0.17958
7696.17,0.17898
7698.67,0.17848
7701.16,0.17853
7703.66,0.17892
7706.15,0.17897
7708.65,0.17844
7711.14,0.17721
7713.64,0.17603
7716.13,0.17586
7718.63,0.1764
7721.12,0.17776
7723.62,0.17855
7726.11,0.17991
7728.61,0.18104
7731.1,0.18238
7733.6,0.18341
7736.09,0.18402
7738.59,0.18447
7741.08,0.18328
7743.58,0.18202
7746.07,0.17932
7748.57,0.17801
7751.06,0.177
7753.56,0.17772
7756.05,0.17926
7758.55,0.1804
7761.04,0.1817
7763.54,0.1828
7766.03,0.18351
7768.53,0.18445
7771.03,0.18491
7773.52,0.18532
7776.02,0.18543
7778.51,0.18505
7781.01,0.18426
7783.5,0.18337
7786.0,0.18268
7788.49,0.1821
7790.99,0.18132
7793.48,0.18162
7795.98,0.18222
7798.47,0.18202
7800.97,0.18274
7803.46,0.18267
7805.96,0.18342
7808.45,0.1835
7810.95,0.18373
7813.44,0.1847
7815.94,0.18553
7818.43,0.1857
7820.93,0.18645
7823.42,0.18609
7825.92,0.18504
7828.41,0.18364
7830.91,0.18174
7833.4,0.18005
7835.9,0.17869
7838.39,0.17905
7840.89,0.18003
7843.38,0.18108
7845.88,0.18224
7848.38,0.18266
7850.87,0.1817
7853.37,0.18195
7855.86,0.18243
7858.36,0.18257
7860.85,0.18303
7863.35,0.18372
7865.84,0.18359
7868.34,0.18356
7870.83,0.18284
7873.33,0.18194
7875.82,0.1817
7878.32,0.18113
7880.81,0.18108
7883.31,0.18104
7885.8,0.18158
7888.3,0.18195
7890.79,0.18206
7893.29,0.18164
7895.78,0.18107
7898.28,0.18046
7900.77,0.17976
7903.27,0.17983
7905.76,0.17923
7908.26,0.1779
7910.75,0.17705
7913.25,0.17559
7915.74,0.17484
7918.24,0.17432
7920.73,0.1751
7923.23,0.17547
7925.73,0.1765
7928.22,0.17634
7930.71,0.17641
7933.21,0.17626
7935.71,0.17502
7938.2,0.17434
7940.7,0.17327
7943.19,0.17289
7945.69,0.17289
7948.18,0.17414
7950.68,0.17504
7953.17,0.17693
7955.67,0.17835
7958.16,0.17925
7960.66,0.17949
7963.15,0.18036
7965.65,0.18077
7968.14,0.18167
7970.64,0.18262
7973.13,0.18223
7975.63,0.18291
7978.12,0.18193
7980.62,0.1816
7983.11,0.18143
7985.61,0.18065
7988.1,0.18055
7990.6,0.18009
7993.09,0.1798
7995.59,0.17909
7998.08,0.179
8000.58,0.17913
8003.07,0.18023
8005.57,0.18182
8008.06,0.18259
8010.56,0.18427
8013.06,0.18492
8015.55,0.18556
8018.05,0.18549
8020.54,0.18539
8023.04,0.18398
8025.53,0.1824
8028.03,0.18143
8030.52,0.18168
8033.02,0.18358
8035.51,0.18596
8038.01,0.18675
8040.5,0.18637
8043.0,0.18552
8045.49,0.18362
8047.99,0.18258
8050.48,0.18216
8052.98,0.18298
8055.47,0.1842
8057.97,0.18565
8060.46,0.18619
8062.96,0.18602
8065.45,0.18564
8067.95,0.18384
8070.44,0.18269
8072.94,0.18195
8075.43,0.18188
8077.93,0.18221
8080.42,0.18343
8082.92,0.18357
8085.41,0.18319
8087.91,0.18298
8090.4,0.18218
8092.9,0.18128
8095.4,0.18038
8097.89,0.18051
8100.39,0.18121
8102.88,0.18213
8105.38,0.18253
8107.87,0.18385
8110.37,0.18377
8112.86,0.18315
8115.36,0.18294
8117.85,0.18245
8120.35,0.18305
8122.84,0.18454
8125.34,0.18571
8127.83,0.18606
8130.33,0.18642
8132.82,0.18672
8135.32,0.18644
8137.81,0.18753
8140.31,0.18734
8142.8,0.18708
8145.3,0.18702
8147.79,0.18689
8150.29,0.18699
8152.78,0.18738
8155.28,0.18782
8157.77,0.18732
8160.27,0.18785
8162.76,0.1872
8165.26,0.18756
8167.75,0.18772
8170.25,0.18837
8172.75,0.18851
8175.24,0.18889
8177.74,0.18813
8180.23,0.18637
8182.73,0.18455
8185.22,0.18289
8187.72,0.18272
8190.21,0.18206
8192.71,0.1814
8195.2,0.18044
8197.7,0.17887
8200.19,0.1782
8202.69,0.17799
8205.18,0.17835
8207.68,0.1786
8210.17,0.17947
8212.67,0.17997
8215.16,0.18008
8217.66,0.18085
8220.15,0.18176
8222.65,0.18257
8225.14,0.18402
8227.64,0.18485
8230.13,0.18607
8232.63,0.18582
8235.12,0.18561
8237.62,0.18573
8240.11,0.18569
8242.61,0.18592
8245.1,0.18594
8247.6,0.18572
8250.1,0.18488
8252.59,0.18402
8255.08,0.18372
8257.58,0.18401
8260.08,0.18475
8262.57,0.18549
8265.07,0.18586
8267.56,0.18583
8270.06,0.18522
8272.55,0.18437
8275.05,0.18382
8277.54,0.18301
8280.04,0.1835
8282.53,0.18321
8285.03,0.1827
8287.52,0.18226
8290.02,0.18162
8292.51,0.18052
8295.01,0.17982
8297.5,0.1795
8300.0,0.17859
8302.49,0.17769
8304.99,0.17644
8307.48,0.17607
8309.98,0.17555
8312.47,0.17628
8314.97,0.17712
8317.46,0.17873
8319.96,0.17922
8322.46,0.17901
8324.95,0.17739
8327.44,0.17612
8329.94,0.17486
8332.43,0.17424
8334.93,0.17406
8337.43,0.17421
8339.92,0.17478
8342.42,0.17447
8344.91,0.1748
8347.41,0.17494
8349.9,0.1756
8352.4,0.17589
8354.89,0.17676
8357.39,0.17718
8359.88,0.17757
8362.38,0.17726
8364.87,0.17688
8367.37,0.177
8369.86,0.1777
8372.36,0.17793
8374.85,0.17782
8377.35,0.17699
8379.84,0.17596
8382.34,0.17424
8384.83,0.17302
8387.33,0.17135
8389.82,0.1718
8392.32,0.17326
8394.81,0.17523
8397.31,0.17699
8399.8,0.17803
8402.3,0.17908
8404.79,0.17924
8407.29,0.17991
8409.79,0.17964
8412.28,0.17957
8414.78,0.17863
8417.27,0.17739
8419.77,0.17642
8422.26,0.17594
8424.76,0.17495
8427.25,0.17409
8429.75,0.1733
8432.24,0.17216
8434.74,0.17108
8437.23,0.16936
8439.73,0.16937
8442.22,0.16946
8444.72,0.17017
8447.21,0.17111
8449.71,0.17143
8452.2,0.17163
8454.7,0.17106
8457.19,0.17089
8459.69,0.17031
8462.18,0.16931
8464.68,0.16857
8467.17,0.16763
8469.67,0.16742
8472.16,0.16719
8474.66,0.16775
8477.15,0.16927
8479.65,0.17019
8482.14,0.17052
8484.64,0.17062
8487.13,0.17013
8489.63,0.16907
8492.12,0.16617
8494.62,0.16222
8497.12,0.15723
8499.61,0.15408
8502.11,0.15374
8504.6,0.15724
8507.1,0.16033
8509.59,0.16399
8512.09,0.16503
8514.58,0.16493
8517.08,0.16367
8519.57,0.16403
8522.07,0.16387
8524.56,0.16489
8527.06,0.16508
8529.55,0.1646
8532.05,0.16205
8534.54,0.15798
8537.04,0.15085
8539.53,0.14302
8542.03,0.1358
8544.52,0.13304
8547.02,0.1361
8549.51,0.14318
8552.01,0.15147
8554.5,0.15861
8557.0,0.16354
8559.49,0.16655
8561.99,0.16781
8564.48,0.16816
8566.98,0.16899
8569.47,0.16898
8571.97,0.16947
8574.47,0.16966
8576.96,0.16964
8579.46,0.17004
8581.95,0.17039
8584.45,0.1704
8586.94,0.17042
8589.44,0.17101
8591.93,0.17128
8594.43,0.17097
8596.92,0.17089
8599.42,0.17077
8601.91,0.17065
8604.41,0.171
8606.9,0.17093
8609.4,0.17088
8611.89,0.17031
8614.39,0.17033
8616.88,0.1703
8619.38,0.17079
8621.87,0.17096
8624.37,0.17168
8626.86,0.17252
8629.36,0.17249
8631.85,0.17368
8634.35,0.1736
8636.84,0.17434
8639.34,0.1746
8641.83,0.17437
8644.33,0.17446
8646.83,0.17368
8649.32,0.17203
8651.82,0.17004
8654.31,0.16624
8656.8,0.16044
8659.3,0.15312
8661.8,0.14647
8664.29,0.14335
8666.79,0.14438
8669.28,0.1499
8671.78,0.15621
8674.27,0.16174
8676.77,0.16553
8679.26,0.16719
8681.76,0.16798
8684.25,0.16821
8686.75,0.16735
8689.24,0.16685
8691.74,0.16693
8694.23,0.1676
8696.73,0.16941
8699.22,0.16998
8701.72,0.17107
8704.21,0.17143
8706.71,0.17168
8709.2,0.17194
8711.7,0.17171
8714.19,0.1722
8716.69,0.17283
8719.18,0.17373
8721.68,0.17472
8724.17,0.1754
8726.67,0.176
8729.17,0.17605
8731.66,0.17596
8734.16,0.17561
8736.65,0.1745
8739.15,0.17438
8741.64,0.17424
8744.14,0.1745
8746.63,0.17506
8749.13,0.17493
8751.62,0.17478
8754.12,0.17479
8756.61,0.17496
8759.11,0.17525
8761.6,0.17557
8764.1,0.17546
8766.59,0.17547
8769.09,0.17504
8771.58,0.17523
8774.08,0.17474
8776.57,0.17535
8779.07,0.17616
8781.56,0.17644
8784.06,0.17776
8786.55,0.17749
8789.05,0.17794
8791.54,0.17731
8794.04,0.17672
8796.53,0.17565
8799.03,0.17521
8801.52,0.17301
8804.02,0.17149
8806.51,0.16938
8809.01,0.16887
8811.5,0.17037
8814.0,0.17273
8816.5,0.17548
8818.99,0.17669
8821.49,0.1764
8823.98,0.17562
8826.48,0.1761
8828.97,0.17713
8831.47,0.17804
8833.96,0.17924
8836.46,0.17968
8838.95,0.18028
8841.45,0.18011
8843.94,0.18069
8846.44,0.18138
8848.93,0.18272
8851.43,0.18298
8853.92,0.18227
8856.42,0.18071
8858.91,0.1782
8861.41,0.17453
8863.9,0.17149
8866.4,0.16905
8868.89,0.16802
8871.39,0.16754
8873.88,0.16828
8876.38,0.16869
8878.87,0.16922
8881.37,0.16888
8883.87,0.16951
8886.36,0.17012
8888.86,0.17083
8891.35,0.17134
8893.84,0.17105
8896.34,0.17043
8898.84,0.17113
8901.33,0.17174
8903.83,0.17181
8906.32,0.1715
8908.82,0.17154
8911.31,0.17139
8913.81,0.17071
8916.3,0.17024
8918.8,0.16924
8921.29,0.16939
8923.79,0.1691
8926.28,0.16917
8928.78,0.16846
8931.27,0.16892
8933.77,0.1693
8936.26,0.16893
8938.76,0.16853
8941.25,0.16796
8943.75,0.16681
8946.24,0.16654
8948.74,0.16646
8951.23,0.16686
8953.73,0.16778
8956.22,0.16941
8958.72,0.17036
8961.21,0.17024
8963.71,0.17062
8966.2,0.16991
8968.7,0.16979
8971.2,0.16938
8973.69,0.16926
8976.19,0.16947
8978.68,0.17009
8981.18,0.17054
8983.67,0.1711
8986.17,0.17147
8988.66,0.17203
8991.16,0.1727
8993.65,0.17248
8996.15,0.17214
8998.64,0.17189
9001.14,0.17115
9003.63,0.17058
9006.13,0.16954
9008.62,0.16791
9011.12,0.16576
9013.61,0.16424
9016.11,0.16293
9018.6,0.16284
9021.1,0.1635
9023.59,0.16461
9026.09,0.16594
9028.58,0.1676
9031.08,0.16871
9033.57,0.17052
9036.07,0.17215
9038.56,0.17272
9041.06,0.1732
9043.55,0.17389
9046.05,0.17427
9048.54,0.17454
9051.04,0.17457
9053.54,0.17425
9056.03,0.17421
9058.53,0.17368
9061.02,0.17315
9063.52,0.17308
9066.01,0.17323
9068.51,0.17346
9071.0,0.17364
9073.5,0.17352
9075.99,0.17358
9078.49,0.17227
9080.98,0.17072
9083.48,0.16974
9085.97,0.16808
9088.47,0.16733
9090.96,0.16656
9093.46,0.16704
9095.95,0.16847
9098.45,0.16983
9100.94,0.17034
9103.44,0.17117
9105.93,0.17166
9108.43,0.17099
9110.92,0.17056
9113.42,0.1703
9115.91,0.1697
9118.41,0.16976
9120.9,0.17003
9123.4,0.17101
9125.89,0.17273
9128.39,0.17315
9130.88,0.17353
9133.38,0.17377
9135.88,0.17275
9138.37,0.1709
9140.87,0.16899
9143.36,0.16754
9145.86,0.16661
9148.35,0.16603
9150.85,0.16657
9153.34,0.16678
9155.84,0.16756
9158.33,0.16803
9160.83,0.1674
9163.32,0.1665
9165.82,0.16551
9168.31,0.16373
9170.81,0.16232
9173.3,0.16188
9175.8,0.16163
9178.29,0.16243
9180.79,0.16412
9183.28,0.16538
9185.78,0.16557
9188.27,0.16602
9190.77,0.16593
9193.26,0.16517
9195.76,0.16498
9198.25,0.16468
9200.75,0.16456
9203.24,0.16386
9205.74,0.16365
9208.24,0.16254
9210.73,0.16177
9213.23,0.16093
9215.72,0.1606
9218.22,0.16108
9220.71,0.16093
9223.21,0.1616
9225.7,0.16153
9228.2,0.16149
9230.69,0.1607
9233.19,0.16087
9235.68,0.16103
9238.18,0.16104
9240.67,0.16097
9243.17,0.16074
9245.66,0.16004
9248.16,0.16024
9250.65,0.16046
9253.15,0.15959
9255.64,0.15966
9258.14,0.15929
9260.63,0.16008
9263.13,0.16142
9265.62,0.16243
9268.12,0.16417
9270.61,0.16423
9273.11,0.16407
9275.6,0.16352
9278.1,0.16303
9280.59,0.16205
9283.09,0.16084
9285.58,0.16019
9288.08,0.15966
9290.58,0.15863
9293.07,0.15847
9295.57,0.15821
9298.06,0.15825
9300.56,0.15862
9303.05,0.15951
9305.55,0.15933
9308.04,0.15947
9310.54,0.15951
9313.03,0.15932
9315.53,0.15941
9318.02,0.15874
9320.52,0.15889
9323.01,0.15887
9325.51,0.15953
9328.0,0.15954
9330.5,0.15986
9332.99,0.16036
9335.49,0.16052
9337.98,0.16058
9340.48,0.16075
9342.97,0.16039
9345.47,0.15994
9347.96,0.15872
9350.46,0.15806
9352.95,0.15714
9355.45,0.15608
9357.94,0.15514
9360.44,0.15455
9362.93,0.15499
9365.43,0.15496
9367.92,0.15562
9370.42,0.15572
9372.92,0.15585
9375.41,0.15596
9377.91,0.15578
9380.4,0.1559
9382.9,0.15525
9385.39,0.15478
9387.89,0.15482
9390.38,0.15481
9392.88,0.15484
9395.37,0.15494
9397.87,0.15468
9400.36,0.15488
9402.86,0.15405
9405.35,0.15296
9407.85,0.1522
9410.34,0.15103
9412.84,0.15009
9415.33,0.14986
9417.83,0.15011
9420.32,0.15095
9422.82,0.15222
9425.31,0.15332
9427.81,0.15395
9430.3,0.15373
9432.8,0.15334
9435.29,0.15289
9437.79,0.15219
9440.28,0.15172
9442.78,0.15182
9445.27,0.15168
9447.77,0.1517
9450.27,0.15185
9452.76,0.15272
9455.25,0.15299
9457.75,0.15397
9460.25,0.1546
9462.74,0.15497
9465.24,0.15595
9467.73,0.15603
9470.23,0.15631
9472.72,0.15661
9475.22,0.15704
9477.71,0.15738
9480.21,0.15707
9482.7,0.15721
9485.2,0.15744
9487.69,0.1579
9490.19,0.15847
9492.68,0.15843
9495.18,0.15859
9497.67,0.15893
9500.17,0.15878
9502.66,0.15906
9505.16,0.15875
9507.65,0.15921
9510.15,0.15936
9512.64,0.15966
9515.14,0.15932
9517.63,0.16006
9520.13,0.16046
9522.62,0.16088
9525.12,0.16163
9527.61,0.16125
9530.11,0.16106
9532.61,0.16093
9535.1,0.16032
9537.6,0.16003
9540.09,0.15984
9542.59,0.15866
9545.08,0.15778
9547.58,0.1574
9550.07,0.15758
9552.57,0.15857
9555.06,0.15945
9557.56,0.16086
9560.05,0.16167
9562.55,0.16193
9565.04,0.16184
9567.54,0.16127
9570.03,0.16097
9572.53,0.15963
9575.02,0.15923
9577.52,0.15892
9580.01,0.15934
9582.51,0.16013
9585.0,0.16097
9587.5,0.16114
9589.99,0.1613
9592.49,0.16152
9594.98,0.16138
9597.48,0.15993
9599.97,0.15925
9602.47,0.15877
9604.96,0.15878
9607.46,0.159
9609.96,0.15991
9612.45,0.16055
9614.95,0.16105
9617.44,0.16086
9619.94,0.16098
9622.43,0.16068
9624.93,0.16015
9627.42,0.16008
9629.92,0.15993
9632.41,0.15945
9634.91,0.15915
9637.4,0.15831
9639.9,0.1575
9642.39,0.15714
9644.89,0.15692
9647.38,0.15708
9649.88,0.15688
9652.37,0.15705
9654.87,0.15662
9657.36,0.15664
9659.86,0.15655
9662.35,0.15697
9664.85,0.1571
9667.34,0.15672
9669.84,0.15657
9672.33,0.15663
9674.83,0.15593
9677.32,0.15577
9679.82,0.15627
9682.31,0.15702
9684.81,0.15732
9687.3,0.15749
9689.8,0.15745
9692.29,0.15694
9694.79,0.15724
9697.29,0.15717
9699.78,0.15779
9702.28,0.15701
9704.77,0.15721
9707.27,0.15726
9709.76,0.15719
9712.26,0.15799
9714.75,0.15846
9717.25,0.15855
9719.74,0.15791
9722.24,0.15716
9724.73,0.15563
9727.23,0.15495
9729.72,0.15367
9732.22,0.15298
9734.71,0.15244
9737.21,0.15233
9739.7,0.15199
9742.2,0.15166
9744.69,0.15191
9747.19,0.152
9749.68,0.15276
9752.18,0.15353
9754.67,0.15426
9757.17,0.15502
9759.66,0.15563
9762.16,0.15481
9764.65,0.1547
9767.15,0.15435
9769.64,0.15389
9772.14,0.15386
9774.64,0.15404
9777.13,0.15401
9779.63,0.15354
9782.12,0.15292
9784.62,0.1517
9787.11,0.15152
9789.61,0.15167
9792.1,0.15271
9794.6,0.1541
9797.09,0.15535
9799.59,0.15637
9802.08,0.15681
9804.58,0.15702
9807.07,0.15727
9809.57,0.15698
9812.06,0.15706
9814.56,0.15621
9817.05,0.15623
9819.55,0.15659
9822.04,0.15626
9824.54,0.15556
9827.03,0.1555
9829.53,0.15522
9832.02,0.15514
9834.52,0.15494
9837.01,0.15527
9839.51,0.15594
9842.0,0.15613
9844.5,0.15713
9847.0,0.15687
9849.49,0.15668
9851.99,0.15667
9854.48,0.15705
9856.98,0.15705
9859.47,0.15664
9861.97,0.15722
9864.46,0.15697
9866.96,0.15686
9869.45,0.15744
9871.95,0.1572
9874.44,0.15712
9876.94,0.1581
9879.43,0.15761
9881.93,0.15777
9884.42,0.15746
9886.92,0.15677
9889.41,0.15682
9891.91,0.15603
9894.4,0.15585
9896.9,0.15453
9899.39,0.15441
9901.89,0.15382
9904.38,0.15292
9906.88,0.15348
9909.37,0.15287
9911.87,0.15279
9914.36,0.15285
9916.86,0.15272
9919.35,0.15253
9921.85,0.15227
9924.34,0.15275
9926.84,0.15243
9929.33,0.15244
9931.83,0.15267
9934.33,0.15336
9936.82,0.15379
9939.32,0.15383
9941.81,0.15412
9944.31,0.15404
9946.8,0.15382
9949.3,0.15397
9951.79,0.15449
9954.29,0.15451
9956.78,0.15502
9959.28,0.15539
9961.77,0.15561
9964.27,0.15619
9966.76,0.15589
9969.26,0.15601
9971.75,0.1563
9974.25,0.15593
9976.74,0.15543
9979.24,0.156
9981.73,0.15535
9984.23,0.15527
9986.72,0.15519
9989.22,0.15466
9991.71,0.15476
9994.21,0.1545
9996.7,0.15372
9999.2,0.15411
10001.7,0.1536
10004.2,0.15375
10006.7,0.15387
10009.2,0.15385
10011.7,0.15454
10014.2,0.15491
10016.7,0.15533
10019.2,0.15616
10021.7,0.15682
10024.2,0.15662
10026.6,0.15639
10029.1,0.15607
10031.6,0.15539
10034.1,0.15447
10036.6,0.15386
10039.1,0.15362
10041.6,0.15358
10044.1,0.15352
10046.6,0.15369
10049.1,0.15295
10051.6,0.15249
10054.1,0.15208
10056.6,0.152
10059.1,0.15185
10061.6,0.15191
10064.1,0.15273
10066.6,0.15292
10069.1,0.15374
10071.6,0.15399
10074.1,0.15466
10076.5,0.15468
10079.0,0.15452
10081.5,0.15426
10084.0,0.15403
10086.5,0.15431
10089.0,0.15487
10091.5,0.15551
10094.0,0.15628
10096.5,0.15644
10099.0,0.15695
10101.5,0.15711
10104.0,0.15724
10106.5,0.15742
10109.0,0.15631
10111.5,0.15637
10114.0,0.15549
10116.5,0.15565
10119.0,0.15552
10121.5,0.1555
10124.0,0.15553
10126.5,0.1559
10128.9,0.15562
10131.4,0.15535
10133.9,0.15548
10136.4,0.15512
10138.9,0.1544
10141.4,0.15396
10143.9,0.15311
10146.4,0.15306
10148.9,0.15271
10151.4,0.15259
10153.9,0.15283
10156.4,0.15331
10158.9,0.15371
10161.4,0.15397
10163.9,0.15425
10166.4,0.15427
10168.9,0.15389
10171.4,0.15335
10173.9,0.15413
10176.4,0.15428
10178.9,0.15438
10181.3,0.15424
10183.8,0.15422
10186.3,0.15383
10188.8,0.15345
10191.3,0.15314
10193.8,0.15265
10196.3,0.15269
10198.8,0.15285
10201.3,0.15307
10203.8,0.15339
10206.3,0.15325
10208.8,0.15383
10211.3,0.15345
10213.8,0.15318
10216.3,0.15288
10218.8,0.15238
10221.3,0.15233
10223.8,0.15256
10226.3,0.15287
10228.8,0.15297
10231.2,0.15341
10233.7,0.15391
10236.2,0.15398
10238.7,0.1545
10241.2,0.15422
10243.7,0.15451
10246.2,0.15421
10248.7,0.15428
10251.2,0.15397
10253.7,0.15324
10256.2,0.15304
10258.7,0.15222
10261.2,0.15257
10263.7,0.15202
10266.2,0.15191
10268.7,0.15218
10271.2,0.15227
10273.7,0.15216
10276.2,0.15276
10278.7,0.15287
10281.2,0.15268
10283.6,0.15263
10286.1,0.15294
10288.6,0.15268
10291.1,0.15266
10293.6,0.15269
10296.1,0.15248
10298.6,0.15264
10301.1,0.15235
10303.6,0.15261
10306.1,0.15266
10308.6,0.15284
10311.1,0.15305
10313.6,0.15329
10316.1,0.1531
10318.6,0.15332
10321.1,0.15253
10323.6,0.15191
10326.1,0.15127
10328.6,0.15017
10331.1,0.14972
10333.5,0.14944
10336.0,0.14943
10338.5,0.14924
10341.0,0.14886
10343.5,0.14833
10346.0,0.14818
10348.5,0.14885
10351.0,0.14929
10353.5,0.15055
10356.0,0.15144
10358.5,0.15198
10361.0,0.1527
10363.5,0.15251
10366.0,0.15274
10368.5,0.15219
10371.0,0.1517
10373.5,0.15134
10376.0,0.15088
10378.5,0.15032
10381.0,0.15061
10383.5,0.15066
10385.9,0.15094
10388.4,0.15124
10390.9,0.15022
10393.4,0.15012
10395.9,0.14924
10398.4,0.14901
10400.9,0.14904
10403.4,0.14937
10405.9,0.15043
10408.4,0.15153
10410.9,0.15183
10413.4,0.15223
10415.9,0.15236
10418.4,0.15217
10420.9,0.15156
10423.4,0.15082
10425.9,0.15099
10428.4,0.15108
10430.9,0.15059
10433.4,0.15099
10435.9,0.15153
10438.3,0.152
10440.8,0.15237
10443.3,0.15235
10445.8,0.15245
10448.3,0.15225
10450.8,0.15246
10453.3,0.15231
10455.8,0.15151
10458.3,0.15162
10460.8,0.15097
10463.3,0.15059
10465.8,0.15008
10468.3,0.15005
10470.8,0.1501
10473.3,0.14974
10475.8,0.14999
10478.3,0.15014
10480.8,0.15032
10483.3,0.15044
10485.8,0.15084
10488.2,0.15018
10490.7,0.15009
10493.2,0.14968
10495.7,0.14931
10498.2,0.14928
10500.7,0.14961
10503.2,0.14932
10505.7,0.14936
10508.2,0.14967
10510.7,0.14987
10513.2,0.1496
10515.7,0.14964
10518.2,0.1499
10520.7,0.14959
10523.2,0.14994
10525.7,0.14988
10528.2,0.14993
10530.7,0.14956
10533.2,0.14948
10535.7,0.14868
10538.2,0.14925
10540.6,0.14949
10543.1,0.14937
10545.6,0.14965
10548.1,0.14962
10550.6,0.14912
10553.1,0.14933
10555.6,0.14908
10558.1,0.14897
10560.6,0.14886
10563.1,0.14871
10565.6,0.14885
10568.1,0.14899
10570.6,0.14886
10573.1,0.1484
10575.6,0.14811
10578.1,0.14729
10580.6,0.14632
10583.1,0.1452
10585.6,0.14475
10588.1,0.14462
10590.6,0.14555
10593.0,0.14589
10595.5,0.14691
10598.0,0.14738
10600.5,0.14741
10603.0,0.14687
10605.5,0.14646
10608.0,0.1461
10610.5,0.14619
10613.0,0.14621
10615.5,0.14692
10618.0,0.14729
10620.5,0.14749
10623.0,0.14809
10625.5,0.14794
10628.0,0.14855
10630.5,0.14862
10633.0,0.14898
10635.5,0.14916
10638.0,0.14943
10640.5,0.14956
10642.9,0.14905
10645.4,0.14877
10647.9,0.14828
10650.4,0.14797
10652.9,0.14732
10655.4,0.14661
10657.9,0.14572
10660.4,0.14515
10662.9,0.14438
10665.4,0.14379
10667.9,0.14412
10670.4,0.14458
10672.9,0.14562
10675.4,0.14594
10677.9,0.14603
10680.4,0.14601
10682.9,0.14626
10685.4,0.14562
10687.9,0.1451
10690.4,0.14492
10692.9,0.1446
10695.3,0.14473
10697.8,0.14519
10700.3,0.14583
10702.8,0.14693
10705.3,0.1471
10707.8,0.14717
10710.3,0.14833
10712.8,0.14815
10715.3,0.14786
10717.8,0.14768
10720.3,0.1469
10722.8,0.14595
10725.3,0.14508
10727.8,0.14435
10730.3,0.14325
10732.8,0.14373
10735.3,0.14377
10737.8,0.14434
10740.3,0.14548
10742.8,0.14542
10745.3,0.14554
10747.7,0.14485
10750.2,0.14471
10752.7,0.1445
10755.2,0.14465
10757.7,0.14514
10760.2,0.14607
10762.7,0.14676
10765.2,0.14698
10767.7,0.14719
10770.2,0.147
10772.7,0.1462
10775.2,0.14554
10777.7,0.14485
10780.2,0.14368
10782.7,0.14249
10785.2,0.14235
10787.7,0.14228
10790.2,0.14257
10792.7,0.14292
10795.2,0.1436
10797.6,0.14414
10800.1,0.1448
10802.6,0.14452
10805.1,0.14461
10807.6,0.1445
10810.1,0.14354
10812.6,0.1426
10815.1,0.14208
10817.6,0.1416
10820.1,0.14109
10822.6,0.1404
10825.1,0.14029
10827.6,0.13927
10830.1,0.13957
10832.6,0.14021
10835.1,0.14077
10837.6,0.14151
10840.1,0.14263
10842.6,0.14338
10845.1,0.14382
10847.6,0.14373
10850.0,0.14412
10852.5,0.14456
10855.0,0.14459
10857.5,0.14513
10860.0,0.14426
10862.5,0.14355
10865.0,0.14202
10867.5,0.14076
10870.0,0.1394
10872.5,0.13802
10875.0,0.13769
10877.5,0.13785
10880.0,0.13798
10882.5,0.13811
10885.0,0.1389
10887.5,0.13928
10890.0,0.13974
10892.5,0.14036
10895.0,0.1407
10897.5,0.14161
10900.0,0.14184
10902.4,0.14264
10904.9,0.14306
10907.4,0.14264
10909.9,0.14296
10912.4,0.14275
10914.9,0.14253
10917.4,0.14246
10919.9,0.14156
10922.4,0.14065
10924.9,0.13969
10927.4,0.13872
10929.9,0.1379
10932.4,0.13751
10934.9,0.13699
10937.4,0.1371
10939.9,0.13755
10942.4,0.138
10944.9,0.13798
10947.4,0.13861
10949.9,0.13802
10952.3,0.13794
10954.8,0.1373
10957.3,0.13681
10959.8,0.13549
10962.3,0.13362
10964.8,0.13249
10967.3,0.13109
10969.8,0.13043
10972.3,0.13049
10974.8,0.13035
10977.3,0.13051
10979.8,0.13093
10982.3,0.13127
10984.8,0.13187
10987.3,0.13221
10989.8,0.13233
10992.3,0.13223
10994.8,0.13219
10997.3,0.13187
10999.8,0.13199
