wave,flux
3700.85,0.22908
3701.75,0.22691
3702.65,0.21788
3703.55,0.20973
3704.45,0.1984
3705.35,0.18863
3706.25,0.18215
3707.15,0.17946
3708.05,0.17992
3708.96,0.18266
3709.86,0.18742
3710.76,0.19371
3711.66,0.20122
3712.56,0.21007
3713.46,0.21754
3714.36,0.22664
3715.26,0.23097
3716.16,0.23371
3717.06,0.23139
3717.96,0.22226
3718.86,0.20995
3719.76,0.1952
3720.66,0.18181
3721.56,0.1723
3722.46,0.17022
3723.36,0.17473
3724.26,0.18429
3725.16,0.19496
3726.06,0.20462
3726.96,0.21096
3727.86,0.21404
3728.76,0.21409
3729.66,0.21152
3730.56,0.20779
3731.46,0.20078
3732.36,0.18978
3733.26,0.17639
3734.16,0.16368
3735.06,0.15376
3735.96,0.14994
3736.86,0.15151
3737.76,0.16029
3738.66,0.17341
3739.56,0.18839
3740.46,0.20078
3741.36,0.20882
3742.26,0.21079
3743.16,0.20831
3744.06,0.20248
3744.96,0.19387
3745.86,0.18405
3746.76,0.17393
3747.67,0.16485
3748.57,0.1571
3749.47,0.15353
3750.37,0.15471
3751.27,0.16283
3752.17,0.17612
3753.07,0.19198
3753.97,0.20711
3754.87,0.21876
3755.77,0.22502
3756.67,0.22569
3757.57,0.22153
3758.47,0.21391
3759.37,0.20754
3760.27,0.20479
3761.17,0.2045
3762.07,0.20775
3762.97,0.21231
3763.87,0.21491
3764.77,0.21508
3765.67,0.21669
3766.57,0.21334
3767.47,0.20972
3768.37,0.20575
3769.27,0.20205
3770.17,0.20098
3771.07,0.2027
3771.97,0.20565
3772.87,0.21213
3773.77,0.22044
3774.67,0.22872
3775.57,0.23456
3776.47,0.24048
3777.37,0.24489
3778.27,0.25069
3779.17,0.25493
3780.07,0.2606
3780.97,0.26566
3781.87,0.27064
3782.77,0.27165
3783.67,0.27179
3784.57,0.26835
3785.47,0.2632
3786.38,0.25454
3787.28,0.24559
3788.18,0.23773
3789.08,0.23243
3789.98,0.22708
3790.88,0.2249
3791.78,0.22266
3792.68,0.2208
3793.58,0.21543
3794.48,0.20888
3795.38,0.20107
3796.28,0.19132
3797.18,0.1842
3798.08,0.1801
3798.98,0.17979
3799.88,0.1856
3800.78,0.19603
3801.68,0.2096
3802.58,0.2262
3803.48,0.23808
3804.38,0.24751
3805.28,0.25337
3806.18,0.255
3807.08,0.25602
3807.98,0.25743
3808.88,0.25806
3809.78,0.26205
3810.68,0.2645
3811.58,0.26237
3812.48,0.2587
3813.38,0.25082
3814.28,0.24216
3815.18,0.23473
3816.08,0.22915
3816.98,0.22829
3817.88,0.22679
3818.78,0.22567
3819.68,0.22406
3820.58,0.22226
3821.48,0.21832
3822.38,0.21599
3823.28,0.21423
3824.18,0.20999
3825.09,0.20477
3825.99,0.19828
3826.89,0.19296
3827.79,0.18853
3828.69,0.18471
3829.59,0.18391
3830.49,0.18018
3831.39,0.17493
3832.29,0.16824
3833.19,0.16085
3834.09,0.1539
3834.99,0.14913
3835.89,0.14735
3836.79,0.14684
3837.69,0.15024
3838.59,0.1542
3839.49,0.1607
3840.39,0.16964
3841.29,0.1809
3842.19,0.19365
3843.09,0.20647
3843.99,0.21926
3844.89,0.22879
3845.79,0.23756
3846.69,0.2436
3847.59,0.24679
3848.49,0.24857
3849.39,0.25049
3850.29,0.25024
3851.19,0.25051
3852.09,0.25385
3852.99,0.25384
3853.89,0.25282
3854.79,0.25121
3855.69,0.2487
3856.59,0.2433
3857.49,0.23771
3858.39,0.23185
3859.29,0.22929
3860.19,0.22777
3861.09,0.23053
3861.99,0.23717
3862.9,0.24498
3863.8,0.25231
3864.7,0.25719
3865.6,0.25915
3866.5,0.25975
3867.4,0.25847
3868.3,0.25771
3869.2,0.25391
3870.1,0.24905
3871.0,0.24428
3871.9,0.23797
3872.8,0.23394
3873.7,0.23275
3874.6,0.23402
3875.5,0.23544
3876.4,0.23678
3877.3,0.23753
3878.2,0.23471
3879.1,0.23259
3880.0,0.23079
3880.9,0.22912
3881.8,0.22833
3882.7,0.22668
3883.6,0.22317
3884.5,0.21845
3885.4,0.21178
3886.3,0.20314
3887.2,0.19395
3888.1,0.18793
3889.0,0.18396
3889.9,0.185
3890.8,0.19035
3891.7,0.19978
3892.6,0.21016
3893.5,0.21945
3894.4,0.22671
3895.3,0.23272
3896.2,0.23739
3897.1,0.24041
3898.0,0.24574
3898.9,0.24795
3899.8,0.25016
3900.7,0.25259
3901.6,0.25359
3902.51,0.25366
3903.41,0.25167
3904.31,0.25077
3905.21,0.24791
3906.11,0.24789
3907.01,0.2508
3907.91,0.25421
3908.81,0.26318
3909.71,0.26813
3910.61,0.27504
3911.51,0.28039
3912.41,0.28311
3913.31,0.28388
3914.21,0.28198
3915.11,0.27904
3916.01,0.27663
3916.91,0.27189
3917.81,0.26647
3918.71,0.26238
3919.61,0.25629
3920.51,0.25374
3921.41,0.2481
3922.31,0.2446
3923.21,0.24299
3924.11,0.24059
3925.01,0.23557
3925.91,0.22805
3926.81,0.2177
3927.71,0.2028
3928.61,0.1846
3929.51,0.16627
3930.41,0.14648
3931.31,0.12743
3932.21,0.10997
3933.11,0.095988
3934.01,0.088297
3934.91,0.087035
3935.81,0.092421
3936.71,0.10439
3937.61,0.12076
3938.51,0.1408
3939.42,0.1605
3940.32,0.17887
3941.22,0.19407
3942.12,0.20563
3943.02,0.21466
3943.92,0.22158
3944.82,0.22811
3945.72,0.23512
3946.62,0.24223
3947.52,0.25035
3948.42,0.256
3949.32,0.25997
3950.22,0.2635
3951.12,0.26776
3952.02,0.26927
3952.92,0.27097
3953.82,0.27188
3954.72,0.27312
3955.62,0.27199
3956.52,0.27057
3957.42,0.26756
3958.32,0.26416
3959.22,0.25941
3960.12,0.2527
3961.02,0.24226
3961.92,0.22822
3962.82,0.21323
3963.72,0.19731
3964.62,0.18006
3965.52,0.16134
3966.42,0.14207
3967.32,0.12524
3968.22,0.11049
3969.12,0.10141
3970.02,0.099109
3970.92,0.10476
3971.82,0.11608
3972.72,0.13298
3973.62,0.15209
3974.52,0.17283
3975.42,0.19325
3976.32,0.21115
3977.22,0.22834
3978.13,0.24346
3979.03,0.25677
3979.93,0.26658
3980.83,0.27431
3981.73,0.28078
3982.63,0.28317
3983.53,0.28577
3984.43,0.28727
3985.33,0.29063
3986.23,0.29487
3987.13,0.29523
3988.03,0.29993
3988.93,0.3052
3989.83,0.3066
3990.73,0.31026
3991.63,0.31358
3992.53,0.31484
3993.43,0.31543
3994.33,0.31595
3995.23,0.31316
3996.13,0.30849
3997.03,0.30846
3997.93,0.30577
3998.83,0.30718
3999.73,0.31112
4000.63,0.31574
4001.53,0.31959
4002.43,0.32335
4003.33,0.32188
4004.23,0.31797
4005.13,0.31438
4006.03,0.31203
4006.93,0.3097
4007.83,0.31005
4008.73,0.31331
4009.63,0.31735
4010.53,0.32369
4011.43,0.32718
4012.33,0.33034
4013.23,0.33245
4014.13,0.33295
4015.03,0.33389
4015.93,0.33392
4016.84,0.3331
4017.74,0.33414
4018.64,0.33601
4019.54,0.33741
4020.44,0.33832
4021.34,0.33677
4022.24,0.33704
4023.14,0.33584
4024.04,0.33737
4024.94,0.33719
4025.84,0.33795
4026.74,0.34057
4027.64,0.3411
4028.54,0.3388
4029.44,0.3377
4030.34,0.33128
4031.24,0.32269
4032.14,0.31585
4033.04,0.31261
4033.94,0.31114
4034.84,0.31389
4035.74,0.3206
4036.64,0.33013
4037.54,0.33843
4038.44,0.34486
4039.34,0.34916
4040.24,0.34893
4041.14,0.34684
4042.04,0.34238
4042.94,0.33495
4043.84,0.32602
4044.74,0.31876
4045.64,0.31115
4046.54,0.30926
4047.44,0.30992
4048.34,0.31601
4049.24,0.3259
4050.14,0.33366
4051.04,0.33895
4051.94,0.34104
4052.84,0.3383
4053.74,0.33511
4054.65,0.33327
4055.55,0.3278
4056.45,0.32558
4057.35,0.32256
4058.25,0.32281
4059.15,0.32201
4060.05,0.32514
4060.95,0.32456
4061.85,0.32319
4062.75,0.3181
4063.65,0.31514
4064.55,0.31278
4065.45,0.3101
4066.35,0.31328
4067.25,0.31609
4068.15,0.32078
4069.05,0.32431
4069.95,0.3278
4070.85,0.32791
4071.75,0.32672
4072.65,0.327
4073.55,0.32356
4074.45,0.32039
4075.35,0.31733
4076.25,0.31264
4077.15,0.30797
4078.05,0.30485
4078.95,0.30548
4079.85,0.31007
4080.75,0.31631
4081.65,0.32123
4082.55,0.32774
4083.45,0.33076
4084.35,0.3332
4085.25,0.33401
4086.15,0.33588
4087.05,0.33901
4087.95,0.34567
4088.85,0.34905
4089.75,0.35251
4090.65,0.35373
4091.55,0.35212
4092.45,0.34837
4093.36,0.34573
4094.26,0.33927
4095.16,0.3332
4096.06,0.32582
4096.96,0.31749
4097.86,0.30664
4098.76,0.29456
4099.66,0.28331
4100.56,0.27172
4101.46,0.26183
4102.36,0.25753
4103.26,0.25707
4104.16,0.26227
4105.06,0.27286
4105.96,0.28579
4106.86,0.29851
4107.76,0.307
4108.66,0.31472
4109.56,0.31875
4110.46,0.32175
4111.36,0.32546
4112.26,0.32816
4113.16,0.33266
4114.06,0.33655
4114.96,0.34183
4115.86,0.34321
4116.76,0.34478
4117.66,0.34372
4118.56,0.34203
4119.46,0.3387
4120.36,0.33742
4121.26,0.33646
4122.16,0.33679
4123.06,0.33634
4123.96,0.33712
4124.86,0.3387
4125.76,0.33974
4126.66,0.34072
4127.56,0.34003
4128.46,0.33738
4129.36,0.335
4130.26,0.33055
4131.17,0.32768
4132.06,0.326
4132.97,0.3223
4133.87,0.32029
4134.77,0.3242
4135.67,0.32848
4136.57,0.3349
4137.47,0.34305
4138.37,0.34667
4139.27,0.35205
4140.17,0.35074
4141.07,0.3482
4141.97,0.3411
4142.87,0.33577
4143.77,0.32936
4144.67,0.32703
4145.57,0.32739
4146.47,0.32969
4147.37,0.33452
4148.27,0.33732
4149.17,0.3384
4150.07,0.34018
4150.97,0.33979
4151.87,0.33686
4152.77,0.3362
4153.67,0.33472
4154.57,0.33267
4155.47,0.33175
4156.37,0.33283
4157.27,0.33371
4158.17,0.33767
4159.07,0.33993
4159.97,0.34374
4160.87,0.34964
4161.77,0.35357
4162.67,0.35318
4163.57,0.35621
4164.47,0.35567
4165.37,0.35413
4166.27,0.35229
4167.17,0.35072
4168.07,0.34609
4168.98,0.3445
4169.88,0.34066
4170.78,0.33476
4171.68,0.33059
4172.58,0.32505
4173.48,0.31833
4174.38,0.31559
4175.28,0.31516
4176.18,0.31656
4177.08,0.3193
4177.98,0.32352
4178.88,0.3272
4179.78,0.32884
4180.68,0.33174
4181.58,0.33208
4182.48,0.33528
4183.38,0.33665
4184.28,0.33541
4185.18,0.33622
4186.08,0.33508
4186.98,0.33532
4187.88,0.33517
4188.78,0.33317
4189.68,0.33504
4190.58,0.33697
4191.48,0.34013
4192.38,0.34297
4193.28,0.34558
4194.18,0.345
4195.08,0.34409
4195.98,0.34106
4196.88,0.3345
4197.78,0.32812
4198.68,0.32411
4199.58,0.32194
4200.48,0.31796
4201.38,0.31803
4202.28,0.3192
4203.18,0.32139
4204.08,0.32694
4204.98,0.32972
4205.88,0.33375
4206.79,0.33783
4207.69,0.3432
4208.59,0.34583
4209.49,0.35096
4210.39,0.35316
4211.29,0.35331
4212.19,0.35212
4213.09,0.35139
4213.99,0.34765
4214.89,0.34318
4215.79,0.34088
4216.69,0.33982
4217.59,0.34101
4218.49,0.34384
4219.39,0.34789
4220.29,0.35145
4221.19,0.35181
4222.09,0.34921
4222.99,0.34198
4223.89,0.33138
4224.79,0.31911
4225.69,0.30647
4226.59,0.29738
4227.49,0.29405
4228.39,0.29594
4229.29,0.30447
4230.19,0.31529
4231.09,0.32646
4231.99,0.33371
4232.89,0.33896
4233.79,0.34015
4234.69,0.33805
4235.59,0.33564
4236.49,0.3327
4237.39,0.33151
4238.29,0.32973
4239.19,0.33221
4240.09,0.33313
4240.99,0.33819
4241.89,0.34313
4242.79,0.34657
4243.69,0.34858
4244.59,0.35023
4245.5,0.34879
4246.4,0.34686
4247.3,0.34409
4248.2,0.33762
4249.1,0.33512
4250.0,0.33153
4250.9,0.33097
4251.8,0.3294
4252.7,0.33111
4253.6,0.33345
4254.5,0.33517
4255.4,0.33657
4256.3,0.33692
4257.2,0.33707
4258.1,0.33733
4259.0,0.33524
4259.9,0.33195
4260.8,0.33141
4261.7,0.33205
4262.6,0.33527
4263.5,0.34215
4264.4,0.34756
4265.3,0.35347
4266.2,0.35557
4267.1,0.35534
4268.0,0.35176
4268.9,0.34372
4269.8,0.33661
4270.7,0.32621
4271.6,0.31754
4272.5,0.30984
4273.4,0.30827
4274.3,0.30911
4275.2,0.3126
4276.1,0.31889
4277.0,0.32689
4277.9,0.33308
4278.8,0.3385
4279.7,0.33953
4280.6,0.34095
4281.5,0.33908
4282.4,0.33781
4283.31,0.33591
4284.21,0.33239
4285.11,0.33013
4286.01,0.32594
4286.91,0.32099
4287.81,0.31691
4288.71,0.31156
4289.61,0.30837
4290.51,0.30657
4291.41,0.30559
4292.31,0.30761
4293.21,0.3112
4294.11,0.31282
4295.01,0.31615
4295.91,0.3129
4296.81,0.30758
4297.71,0.30004
4298.61,0.29161
4299.51,0.2812
4300.41,0.27139
4301.31,0.26601
4302.21,0.26117
4303.11,0.26103
4304.01,0.2612
4304.91,0.26057
4305.81,0.26066
4306.71,0.26028
4307.61,0.25824
4308.51,0.25728
4309.41,0.2581
4310.31,0.25975
4311.21,0.26477
4312.11,0.27411
4313.01,0.28497
4313.91,0.29885
4314.81,0.31244
4315.71,0.3287
4316.61,0.34321
4317.51,0.35705
4318.41,0.36539
4319.31,0.37014
4320.21,0.37198
4321.12,0.36754
4322.02,0.3593
4322.92,0.34745
4323.82,0.33619
4324.72,0.32523
4325.62,0.31776
4326.52,0.3167
4327.42,0.31963
4328.32,0.32594
4329.22,0.3349
4330.12,0.34351
4331.02,0.35295
4331.92,0.35593
4332.82,0.36025
4333.72,0.36034
4334.62,0.35795
4335.52,0.35015
4336.42,0.34001
4337.32,0.32528
4338.22,0.30957
4339.12,0.29298
4340.02,0.28141
4340.92,0.27324
4341.82,0.27289
4342.72,0.27788
4343.62,0.28805
4344.52,0.3014
4345.42,0.31433
4346.32,0.3264
4347.22,0.33691
4348.12,0.34531
4349.02,0.34808
4349.92,0.34834
4350.82,0.34565
4351.72,0.34219
4352.62,0.33828
4353.52,0.33646
4354.42,0.3383
4355.32,0.343
4356.22,0.34798
4357.12,0.35271
4358.02,0.35716
4358.92,0.35815
4359.83,0.36315
4360.73,0.3647
4361.63,0.36951
4362.53,0.37242
4363.43,0.37609
4364.33,0.3769
4365.23,0.37998
4366.13,0.37785
4367.03,0.37657
4367.93,0.3735
4368.83,0.37029
4369.73,0.36583
4370.63,0.36135
4371.53,0.36071
4372.43,0.35683
4373.33,0.35493
4374.23,0.35063
4375.13,0.34986
4376.03,0.3495
4376.93,0.35006
4377.83,0.35426
4378.73,0.35636
4379.63,0.35743
4380.53,0.35668
4381.43,0.35133
4382.33,0.34213
4383.23,0.33286
4384.13,0.32308
4385.03,0.31885
4385.93,0.31853
4386.83,0.3216
4387.73,0.32735
4388.63,0.33476
4389.53,0.34151
4390.43,0.34656
4391.33,0.34873
4392.23,0.35099
4393.13,0.35299
4394.03,0.35632
4394.93,0.35663
4395.83,0.35918
4396.73,0.3618
4397.64,0.36482
4398.54,0.3649
4399.44,0.3639
4400.34,0.36173
4401.24,0.35927
4402.14,0.35759
4403.04,0.35273
4403.94,0.34995
4404.84,0.34713
4405.74,0.34576
4406.64,0.34378
4407.54,0.3472
4408.44,0.35062
4409.34,0.35592
4410.24,0.36316
4411.14,0.36832
4412.04,0.37379
4412.94,0.37611
4413.84,0.37567
4414.74,0.37401
4415.64,0.37134
4416.54,0.36743
4417.44,0.36804
4418.34,0.36993
4419.24,0.37375
4420.14,0.37738
4421.04,0.38106
4421.94,0.38051
4422.84,0.38129
4423.74,0.38012
4424.64,0.3779
4425.54,0.37749
4426.44,0.37798
4427.34,0.37655
4428.24,0.37561
4429.14,0.37774
4430.04,0.37656
4430.94,0.37524
4431.84,0.37275
4432.74,0.37234
4433.64,0.36836
4434.54,0.3663
4435.45,0.3678
4436.35,0.36717
4437.25,0.36971
4438.15,0.37528
4439.05,0.37994
4439.95,0.38161
4440.85,0.38203
4441.75,0.38097
4442.65,0.37829
4443.55,0.37381
4444.45,0.37462
4445.35,0.37733
4446.25,0.37942
4447.15,0.38143
4448.05,0.3847
4448.95,0.38866
4449.85,0.38593
4450.75,0.38472
4451.65,0.38441
4452.55,0.38102
4453.45,0.37535
4454.35,0.36977
4455.25,0.36306
4456.15,0.36084
4457.05,0.35635
4457.95,0.35427
4458.85,0.3533
4459.75,0.35309
4460.65,0.35345
4461.55,0.35713
4462.45,0.35804
4463.35,0.36149
4464.25,0.36651
4465.15,0.36903
4466.05,0.37207
4466.95,0.37345
4467.85,0.37378
4468.75,0.37467
4469.65,0.3758
4470.55,0.37824
4471.45,0.37996
4472.35,0.38525
4473.25,0.39062
4474.16,0.39715
4475.06,0.40122
4475.96,0.40421
4476.86,0.40434
4477.76,0.40515
4478.66,0.40274
4479.56,0.39788
4480.46,0.39355
4481.36,0.39065
4482.26,0.38556
4483.16,0.38536
4484.06,0.389
4484.96,0.39132
4485.86,0.39578
4486.76,0.39854
4487.66,0.39793
4488.56,0.39606
4489.46,0.39453
4490.36,0.39239
4491.26,0.39159
4492.16,0.3892
4493.06,0.38873
4493.96,0.39002
4494.86,0.38955
4495.76,0.38767
4496.66,0.38982
4497.56,0.39227
4498.46,0.39553
4499.36,0.39848
4500.26,0.40037
4501.16,0.40466
4502.06,0.40798
4502.96,0.40948
4503.86,0.41525
4504.76,0.42022
4505.66,0.42193
4506.56,0.4242
4507.46,0.42262
4508.36,0.42254
4509.26,0.42169
4510.17,0.42179
4511.06,0.42011
4511.97,0.41863
4512.87,0.41767
4513.77,0.41306
4514.67,0.4098
4515.57,0.40706
4516.47,0.40506
4517.37,0.40546
4518.27,0.40405
4519.17,0.4056
4520.07,0.40582
4520.97,0.40428
4521.87,0.40317
4522.77,0.40135
4523.67,0.39656
4524.57,0.3919
4525.47,0.38838
4526.37,0.38164
4527.27,0.37765
4528.17,0.37258
4529.07,0.37006
4529.97,0.36565
4530.87,0.36646
4531.77,0.36504
4532.67,0.36651
4533.57,0.36673
4534.47,0.36931
4535.37,0.37179
4536.27,0.37532
4537.17,0.38284
4538.07,0.38729
4538.97,0.3931
4539.87,0.39582
4540.77,0.4015
4541.67,0.40076
4542.57,0.40023
4543.47,0.3999
4544.37,0.39893
4545.27,0.39569
4546.17,0.39345
4547.07,0.39308
4547.97,0.39075
4548.88,0.38714
4549.77,0.38653
4550.68,0.38376
4551.58,0.38421
4552.48,0.38538
4553.38,0.38259
4554.28,0.38318
4555.18,0.3857
4556.08,0.38815
4556.98,0.39146
4557.88,0.39522
4558.78,0.39957
4559.68,0.40546
4560.58,0.40951
4561.48,0.40963
4562.38,0.40862
4563.28,0.4079
4564.18,0.40526
4565.08,0.40567
4565.98,0.40341
4566.88,0.40398
4567.78,0.40669
4568.68,0.40678
4569.58,0.40818
4570.48,0.40901
4571.38,0.40875
4572.28,0.40846
4573.18,0.40895
4574.08,0.41056
4574.98,0.41014
4575.88,0.40926
4576.78,0.41126
4577.68,0.4087
4578.58,0.40622
4579.48,0.40328
4580.38,0.39933
4581.28,0.39532
4582.18,0.39574
4583.08,0.3922
4583.98,0.39176
4584.88,0.39335
4585.78,0.39524
4586.69,0.39695
4587.58,0.40055
4588.49,0.4021
4589.39,0.40433
4590.29,0.40466
4591.19,0.40492
4592.09,0.40388
4592.99,0.40248
4593.89,0.40022
4594.79,0.39938
4595.69,0.39786
4596.59,0.40019
4597.49,0.40117
4598.39,0.40066
4599.29,0.40123
4600.19,0.39956
4601.09,0.40025
4601.99,0.4014
4602.89,0.40032
4603.79,0.40204
4604.69,0.40296
4605.59,0.40649
4606.49,0.40881
4607.39,0.41345
4608.29,0.41456
4609.19,0.41737
4610.09,0.41814
4610.99,0.42039
4611.89,0.42114
4612.79,0.42058
4613.69,0.42028
4614.59,0.4191
4615.49,0.41729
4616.39,0.41788
4617.29,0.41779
4618.19,0.41854
4619.09,0.41673
4619.99,0.41777
4620.89,0.41949
4621.79,0.41956
4622.69,0.4211
4623.59,0.42038
4624.5,0.42281
4625.4,0.42115
4626.3,0.42033
4627.2,0.42174
4628.1,0.41976
4629.0,0.41947
4629.9,0.41989
4630.8,0.41773
4631.7,0.41894
4632.6,0.41634
4633.5,0.41531
4634.4,0.41453
4635.3,0.41194
4636.2,0.4107
4637.1,0.40813
4638.0,0.40658
4638.9,0.40573
4639.8,0.40495
4640.7,0.40592
4641.6,0.40818
4642.5,0.40899
4643.4,0.40834
4644.3,0.40754
4645.2,0.40546
4646.1,0.40347
4647.0,0.39958
4647.9,0.39845
4648.8,0.3983
4649.7,0.39946
4650.6,0.40047
4651.5,0.40289
4652.4,0.40475
4653.3,0.40396
4654.2,0.40552
4655.1,0.40514
4656.0,0.4073
4656.9,0.40771
4657.8,0.41014
4658.7,0.41541
4659.6,0.41759
4660.5,0.41801
4661.4,0.42176
4662.3,0.42157
4663.21,0.41666
4664.11,0.41527
4665.01,0.40841
4665.91,0.40073
4666.81,0.39487
4667.71,0.39057
4668.61,0.38823
4669.51,0.38827
4670.41,0.38992
4671.31,0.39288
4672.21,0.39721
4673.11,0.40203
4674.01,0.40608
4674.91,0.40916
4675.81,0.41238
4676.71,0.41316
4677.61,0.41131
4678.51,0.41096
4679.41,0.40998
4680.31,0.40664
4681.21,0.40557
4682.11,0.40467
4683.01,0.40566
4683.91,0.40579
4684.81,0.40918
4685.71,0.40979
4686.61,0.41007
4687.51,0.41123
4688.41,0.41052
4689.31,0.41143
4690.21,0.41091
4691.11,0.41123
4692.01,0.41204
4692.91,0.41294
4693.81,0.41313
4694.71,0.4159
4695.61,0.41753
4696.51,0.41785
4697.41,0.41814
4698.31,0.41534
4699.21,0.4114
4700.12,0.4063
4701.02,0.40528
4701.92,0.40199
4702.82,0.39888
4703.72,0.39769
4704.62,0.39893
4705.52,0.39834
4706.42,0.39861
4707.32,0.39822
4708.22,0.3978
4709.12,0.39935
4710.02,0.39923
4710.92,0.40236
4711.82,0.40396
4712.72,0.40544
4713.62,0.40805
4714.52,0.41071
4715.42,0.41043
4716.32,0.41339
4717.22,0.41541
4718.12,0.41883
4719.02,0.42084
4719.92,0.42396
4720.82,0.42488
4721.72,0.42571
4722.62,0.42907
4723.52,0.4276
4724.42,0.42716
4725.32,0.42421
4726.22,0.42121
4727.12,0.41784
4728.02,0.41337
4728.92,0.4097
4729.82,0.40521
4730.72,0.40465
4731.62,0.40559
4732.52,0.40524
4733.42,0.40723
4734.32,0.40992
4735.22,0.41017
4736.12,0.41185
4737.02,0.41502
4737.92,0.41305
4738.83,0.41531
4739.73,0.41448
4740.63,0.41599
4741.53,0.416
4742.43,0.41747
4743.33,0.41781
4744.23,0.41931
4745.13,0.41977
4746.03,0.42173
4746.93,0.4239
4747.83,0.42361
4748.73,0.42556
4749.63,0.42467
4750.53,0.42653
4751.43,0.42443
4752.33,0.42303
4753.23,0.42204
4754.13,0.41865
4755.03,0.41732
4755.93,0.41545
4756.83,0.41474
4757.73,0.41286
4758.63,0.41298
4759.53,0.41242
4760.43,0.4126
4761.33,0.41045
4762.23,0.40777
4763.13,0.40466
4764.03,0.40236
4764.93,0.39898
4765.83,0.39878
4766.73,0.39888
4767.63,0.39976
4768.53,0.40306
4769.43,0.40567
4770.33,0.40866
4771.23,0.40927
4772.13,0.41141
4773.03,0.41372
4773.93,0.41756
4774.83,0.41921
4775.73,0.41892
4776.64,0.42205
4777.54,0.42356
4778.44,0.42239
4779.34,0.42266
4780.24,0.42185
4781.14,0.41793
4782.04,0.41603
4782.94,0.41537
4783.84,0.41463
4784.74,0.41223
4785.64,0.40774
4786.54,0.40865
4787.44,0.40589
4788.34,0.40713
4789.24,0.40715
4790.14,0.40683
4791.04,0.40913
4791.94,0.41352
4792.84,0.41678
4793.74,0.41881
4794.64,0.42217
4795.54,0.42543
4796.44,0.42583
4797.34,0.42562
4798.24,0.4231
4799.14,0.42266
4800.04,0.41855
4800.94,0.4202
4801.84,0.41986
4802.74,0.41836
4803.64,0.41842
4804.54,0.42126
4805.44,0.41943
4806.34,0.41842
4807.24,0.41546
4808.14,0.41514
4809.04,0.41537
4809.94,0.41542
4810.84,0.41717
4811.74,0.41686
4812.64,0.41899
4813.54,0.42037
4814.45,0.42115
4815.35,0.42396
4816.25,0.4251
4817.15,0.42673
4818.05,0.42886
4818.95,0.4295
4819.85,0.42909
4820.75,0.42785
4821.65,0.4232
4822.55,0.42421
4823.45,0.41973
4824.35,0.41609
4825.25,0.41807
4826.15,0.41669
4827.05,0.417
4827.95,0.4158
4828.85,0.41512
4829.75,0.41568
4830.65,0.41565
4831.55,0.41411
4832.45,0.41493
4833.35,0.41355
4834.25,0.41281
4835.15,0.41243
4836.05,0.41546
4836.95,0.41548
4837.85,0.41529
4838.75,0.41369
4839.65,0.41147
4840.55,0.40786
4841.45,0.40788
4842.35,0.40687
4843.25,0.40923
4844.15,0.4087
4845.05,0.40967
4845.95,0.41015
4846.85,0.41149
4847.75,0.41166
4848.65,0.41069
4849.55,0.40801
4850.45,0.40828
4851.35,0.40711
4852.26,0.40197
4853.16,0.40017
4854.06,0.39523
4854.96,0.39209
4855.86,0.38541
4856.76,0.37703
4857.66,0.36815
4858.56,0.35754
4859.46,0.34727
4860.36,0.33613
4861.26,0.32899
4862.16,0.32403
4863.06,0.3229
4863.96,0.32817
4864.86,0.33535
4865.76,0.34445
4866.66,0.35441
4867.56,0.36375
4868.46,0.37265
4869.36,0.37633
4870.26,0.37804
4871.16,0.37895
4872.06,0.38087
4872.96,0.38065
4873.86,0.38139
4874.76,0.38628
4875.66,0.38888
4876.56,0.39408
4877.46,0.39804
4878.36,0.40078
4879.26,0.40318
4880.16,0.40661
4881.06,0.40562
4881.96,0.40567
4882.86,0.4059
4883.76,0.4047
4884.66,0.40231
4885.56,0.39986
4886.46,0.39602
4887.36,0.39593
4888.26,0.39386
4889.17,0.39181
4890.07,0.39285
4890.97,0.39408
4891.87,0.39384
4892.77,0.40049
4893.67,0.40686
4894.57,0.41422
4895.47,0.41908
4896.37,0.42496
4897.27,0.43094
4898.17,0.4322
4899.07,0.43116
4899.97,0.4296
4900.87,0.42802
4901.77,0.42546
4902.67,0.42424
4903.57,0.42107
4904.47,0.42256
4905.37,0.42136
4906.27,0.42008
4907.17,0.4212
4908.07,0.41774
4908.97,0.41781
4909.87,0.41812
4910.77,0.41437
4911.67,0.41241
4912.57,0.41339
4913.47,0.41281
4914.37,0.41332
4915.27,0.41494
4916.17,0.41398
4917.07,0.41209
4917.97,0.4064
4918.87,0.40148
4919.77,0.39647
4920.67,0.39134
4921.57,0.38822
4922.47,0.38788
4923.37,0.38862
4924.27,0.39501
4925.17,0.39686
4926.07,0.40476
4926.98,0.40936
4927.88,0.41485
4928.78,0.41861
4929.68,0.42253
4930.58,0.42433
4931.48,0.42143
4932.38,0.42031
4933.28,0.41721
4934.18,0.41348
4935.08,0.41018
4935.98,0.40708
4936.88,0.40513
4937.78,0.40444
4938.68,0.40183
4939.58,0.40256
4940.48,0.40515
4941.38,0.40926
4942.28,0.41308
4943.18,0.41738
4944.08,0.42131
4944.98,0.42649
4945.88,0.42634
4946.78,0.42947
4947.68,0.43193
4948.58,0.43275
4949.48,0.43147
4950.38,0.43329
4951.28,0.43329
4952.18,0.4315
4953.08,0.42915
4953.98,0.42606
4954.88,0.42016
4955.78,0.41529
4956.68,0.41162
4957.58,0.40634
4958.48,0.40372
4959.38,0.4035
4960.28,0.40554
4961.18,0.40794
4962.08,0.41216
4962.98,0.41452
4963.88,0.41418
4964.79,0.41465
4965.69,0.41366
4966.59,0.41144
4967.49,0.40873
4968.39,0.40996
4969.29,0.40721
4970.19,0.40899
4971.09,0.41067
4971.99,0.41318
4972.89,0.41433
4973.79,0.41845
4974.69,0.41955
4975.59,0.41968
4976.49,0.41945
4977.39,0.41737
4978.29,0.41458
4979.19,0.40847
4980.09,0.40487
4980.99,0.39979
4981.89,0.39472
4982.79,0.38963
4983.69,0.38522
4984.59,0.38499
4985.49,0.38622
4986.39,0.38943
4987.29,0.39287
4988.19,0.39645
4989.09,0.3995
4989.99,0.40256
4990.89,0.40531
4991.79,0.40695
4992.69,0.4071
4993.59,0.40786
4994.49,0.40868
4995.39,0.40959
4996.29,0.40963
4997.19,0.40781
4998.09,0.40694
4998.99,0.40386
4999.89,0.40258
5000.79,0.40072
5001.7,0.39697
5002.6,0.39399
5003.5,0.3924
5004.4,0.39017
5005.3,0.38855
5006.2,0.38937
5007.1,0.38964
5008.0,0.38816
5008.9,0.38912
5009.8,0.39019
5010.7,0.38921
5011.6,0.38894
5012.5,0.38647
5013.4,0.38392
5014.3,0.38093
5015.2,0.37954
5016.1,0.37835
5017.0,0.37951
5017.9,0.38044
5018.8,0.38082
5019.7,0.38449
5020.6,0.38597
5021.5,0.3879
5022.4,0.39023
5023.3,0.39146
5024.2,0.39374
5025.1,0.39479
5026.0,0.39809
5026.9,0.39744
5027.8,0.39869
5028.7,0.40009
5029.6,0.40421
5030.5,0.40509
5031.4,0.40864
5032.3,0.4108
5033.2,0.41046
5034.1,0.4105
5035.0,0.40721
5035.9,0.40617
5036.8,0.39932
5037.7,0.39397
5038.6,0.38826
5039.5,0.38333
5040.41,0.38014
5041.31,0.37989
5042.21,0.37915
5043.11,0.38232
5044.01,0.3858
5044.91,0.39335
5045.81,0.39807
5046.71,0.40281
5047.61,0.40519
5048.51,0.40498
5049.41,0.40593
5050.31,0.40453
5051.21,0.40399
5052.11,0.40181
5053.01,0.40365
5053.91,0.40565
5054.81,0.40968
5055.71,0.41113
5056.61,0.41694
5057.51,0.41749
5058.41,0.42218
5059.31,0.42293
5060.21,0.42231
5061.11,0.42185
5062.01,0.42139
5062.91,0.41567
5063.81,0.41376
5064.71,0.41132
5065.61,0.40611
5066.51,0.40515
5067.41,0.40326
5068.31,0.40143
5069.21,0.40273
5070.11,0.40126
5071.01,0.40197
5071.91,0.4012
5072.81,0.40226
5073.71,0.4011
5074.61,0.40398
5075.51,0.40153
5076.42,0.40019
5077.31,0.39702
5078.21,0.39601
5079.12,0.3917
5080.02,0.38836
5080.92,0.38695
5081.82,0.38488
5082.72,0.38496
5083.62,0.3863
5084.52,0.39009
5085.42,0.39429
5086.32,0.39728
5087.22,0.4013
5088.12,0.40441
5089.02,0.40578
5089.92,0.40995
5090.82,0.41054
5091.72,0.41358
5092.62,0.41324
5093.52,0.41306
5094.42,0.41306
5095.32,0.41013
5096.22,0.40809
5097.12,0.40463
5098.02,0.40122
5098.92,0.39839
5099.82,0.39679
5100.72,0.39634
5101.62,0.3964
5102.52,0.3961
5103.42,0.3991
5104.32,0.39924
5105.22,0.39944
5106.12,0.39949
5107.02,0.39683
5107.92,0.39425
5108.82,0.39395
5109.72,0.3921
5110.62,0.39218
5111.52,0.39485
5112.42,0.39657
5113.32,0.40087
5114.22,0.40328
5115.12,0.4069
5116.03,0.41072
5116.93,0.4135
5117.83,0.41361
5118.73,0.41301
5119.63,0.41191
5120.53,0.41021
5121.43,0.40674
5122.33,0.40191
5123.23,0.39883
5124.13,0.39386
5125.03,0.39055
5125.93,0.38643
5126.83,0.38456
5127.73,0.38485
5128.63,0.38474
5129.53,0.38448
5130.43,0.38648
5131.33,0.39006
5132.23,0.39227
5133.13,0.39476
5134.03,0.39656
5134.93,0.39698
5135.83,0.39715
5136.73,0.39614
5137.63,0.394
5138.53,0.39242
5139.43,0.3913
5140.33,0.38847
5141.23,0.38616
5142.13,0.38517
5143.03,0.38418
5143.93,0.3852
5144.83,0.38456
5145.73,0.38581
5146.63,0.38443
5147.53,0.38566
5148.43,0.38627
5149.33,0.38734
5150.23,0.38647
5151.13,0.38735
5152.03,0.38892
5152.94,0.38687
5153.84,0.38727
5154.74,0.39002
5155.64,0.39216
5156.54,0.39552
5157.44,0.39954
5158.34,0.40232
5159.24,0.40567
5160.14,0.40761
5161.04,0.40689
5161.94,0.40355
5162.84,0.39856
5163.74,0.39209
5164.64,0.38471
5165.54,0.37402
5166.44,0.36251
5167.34,0.35227
5168.24,0.34283
5169.14,0.33639
5170.04,0.33109
5170.94,0.32969
5171.84,0.33072
5172.74,0.3295
5173.64,0.33409
5174.54,0.34209
5175.44,0.3468
5176.34,0.35633
5177.24,0.36594
5178.14,0.37315
5179.04,0.37545
5179.94,0.37472
5180.84,0.37233
5181.74,0.36873
5182.64,0.36148
5183.54,0.35548
5184.44,0.35163
5185.34,0.35076
5186.24,0.35258
5187.14,0.3586
5188.04,0.36391
5188.94,0.37162
5189.84,0.37663
5190.75,0.37891
5191.65,0.38119
5192.55,0.38131
5193.45,0.38012
5194.35,0.37991
5195.25,0.38199
5196.15,0.38371
5197.05,0.38332
5197.95,0.387
5198.85,0.39051
5199.75,0.39312
5200.65,0.39384
5201.55,0.39448
5202.45,0.3932
5203.35,0.38996
5204.25,0.38707
5205.15,0.38164
5206.05,0.37647
5206.95,0.37523
5207.85,0.37196
5208.75,0.37207
5209.65,0.37329
5210.55,0.37573
5211.45,0.38073
5212.35,0.38565
5213.25,0.38829
5214.15,0.39506
5215.05,0.39633
5215.95,0.40018
5216.85,0.40002
5217.75,0.40185
5218.65,0.40296
5219.55,0.40382
5220.45,0.40533
5221.35,0.40458
5222.25,0.40382
5223.15,0.40333
5224.05,0.39765
5224.95,0.39293
5225.85,0.38912
5226.75,0.38471
5227.66,0.38079
5228.56,0.38345
5229.46,0.38277
5230.36,0.3864
5231.26,0.38963
5232.16,0.39349
5233.06,0.3965
5233.96,0.39905
5234.86,0.39935
5235.76,0.40174
5236.66,0.40429
5237.56,0.40883
5238.46,0.40982
5239.36,0.41245
5240.26,0.41633
5241.16,0.41676
5242.06,0.41739
5242.96,0.41772
5243.86,0.41591
5244.76,0.41416
5245.66,0.41347
5246.56,0.41033
5247.46,0.40832
5248.36,0.40345
5249.26,0.3999
5250.16,0.39959
5251.06,0.39779
5251.96,0.39732
5252.86,0.39788
5253.76,0.39889
5254.66,0.40077
5255.56,0.40192
5256.46,0.40625
5257.36,0.40746
5258.26,0.4113
5259.16,0.40834
5260.06,0.40796
5260.96,0.40446
5261.86,0.39995
5262.76,0.39314
5263.66,0.38574
5264.56,0.37859
5265.47,0.37113
5266.37,0.36742
5267.27,0.36435
5268.17,0.36271
5269.07,0.35986
5269.97,0.36189
5270.87,0.36401
5271.77,0.3664
5272.67,0.36986
5273.57,0.37715
5274.47,0.38057
5275.37,0.38784
5276.27,0.39275
5277.17,0.39693
5278.07,0.40216
5278.97,0.40648
5279.87,0.40768
5280.77,0.40842
5281.67,0.40835
5282.57,0.41067
5283.47,0.40945
5284.37,0.40995
5285.27,0.41031
5286.17,0.41282
5287.07,0.41722
5287.97,0.42214
5288.87,0.42398
5289.77,0.42592
5290.67,0.42871
5291.57,0.42638
5292.47,0.42742
5293.37,0.4261
5294.27,0.4234
5295.17,0.41945
5296.07,0.41476
5296.97,0.40953
5297.87,0.40545
5298.77,0.40414
5299.67,0.40294
5300.57,0.40303
5301.48,0.40386
5302.38,0.40686
5303.27,0.41127
5304.18,0.41417
5305.08,0.41811
5305.98,0.42133
5306.88,0.42134
5307.78,0.42603
5308.68,0.42735
5309.58,0.42794
5310.48,0.42986
5311.38,0.42922
5312.28,0.4288
5313.18,0.42782
5314.08,0.42685
5314.98,0.42581
5315.88,0.42508
5316.78,0.42322
5317.68,0.41939
5318.58,0.41941
5319.48,0.41874
5320.38,0.41642
5321.28,0.4152
5322.18,0.4142
5323.08,0.4102
5323.98,0.40729
5324.88,0.40231
5325.78,0.39707
5326.68,0.3917
5327.58,0.39013
5328.48,0.3853
5329.38,0.38467
5330.28,0.38589
5331.18,0.38826
5332.08,0.39151
5332.98,0.39692
5333.88,0.40275
5334.78,0.40728
5335.68,0.40955
5336.58,0.41098
5337.48,0.41232
5338.38,0.41222
5339.28,0.41106
5340.19,0.41083
5341.08,0.40679
5341.99,0.40664
5342.89,0.40551
5343.79,0.40889
5344.69,0.40809
5345.59,0.4085
5346.49,0.41051
5347.39,0.41217
5348.29,0.41057
5349.19,0.41298
5350.09,0.41267
5350.99,0.4151
5351.89,0.41737
5352.79,0.42065
5353.69,0.42276
5354.59,0.42608
5355.49,0.43077
5356.39,0.43141
5357.29,0.43281
5358.19,0.43477
5359.09,0.43553
5359.99,0.43435
5360.89,0.43272
5361.79,0.43019
5362.69,0.42628
5363.59,0.42399
5364.49,0.41977
5365.39,0.41593
5366.29,0.41514
5367.19,0.41038
5368.09,0.407
5368.99,0.40709
5369.89,0.40486
5370.79,0.40331
5371.69,0.40277
5372.59,0.40388
5373.49,0.40512
5374.39,0.40928
5375.29,0.41327
5376.19,0.41837
5377.09,0.42225
5378.0,0.42288
5378.9,0.4239
5379.8,0.42384
5380.7,0.42433
5381.6,0.42217
5382.5,0.42234
5383.4,0.42027
5384.3,0.41974
5385.2,0.4194
5386.1,0.42069
5387.0,0.41838
5387.9,0.41717
5388.8,0.41786
5389.7,0.41454
5390.6,0.41468
5391.5,0.41094
5392.4,0.4091
5393.3,0.40675
5394.2,0.40448
5395.1,0.40272
5396.0,0.4003
5396.9,0.40216
5397.8,0.40003
5398.7,0.40135
5399.6,0.40062
5400.5,0.40076
5401.4,0.40006
5402.3,0.39957
5403.2,0.40037
5404.1,0.39652
5405.0,0.39305
5405.9,0.39244
5406.8,0.3917
5407.7,0.39143
5408.6,0.39034
5409.5,0.39174
5410.4,0.3945
5411.3,0.39895
5412.2,0.39964
5413.1,0.40461
5414.0,0.40788
5414.9,0.41061
5415.81,0.41272
5416.71,0.41452
5417.61,0.41777
5418.51,0.41652
5419.41,0.41688
5420.31,0.41676
5421.21,0.41781
5422.11,0.41783
5423.01,0.41686
5423.91,0.41484
5424.81,0.41385
5425.71,0.41407
5426.61,0.41291
5427.51,0.41071
5428.41,0.41004
5429.31,0.40903
5430.21,0.40669
5431.11,0.40476
5432.01,0.40338
5432.91,0.40194
5433.81,0.40111
5434.71,0.40132
5435.61,0.40343
5436.51,0.40404
5437.41,0.40793
5438.31,0.41071
5439.21,0.41558
5440.11,0.41713
5441.01,0.41996
5441.91,0.42188
5442.81,0.42204
5443.71,0.42143
5444.61,0.41825
5445.51,0.4154
5446.41,0.41289
5447.31,0.40796
5448.21,0.40718
5449.11,0.4059
5450.01,0.40555
5450.91,0.40739
5451.81,0.40821
5452.72,0.40759
5453.62,0.40799
5454.52,0.40818
5455.42,0.40729
5456.32,0.40478
5457.22,0.4052
5458.12,0.4065
5459.02,0.40585
5459.92,0.4061
5460.82,0.4083
5461.72,0.40866
5462.62,0.40948
5463.52,0.40929
5464.42,0.40872
5465.32,0.40766
5466.22,0.40719
5467.12,0.40951
5468.02,0.40943
5468.92,0.40905
5469.82,0.41157
5470.72,0.4108
5471.62,0.40735
5472.52,0.40655
5473.42,0.40493
5474.32,0.40119
5475.22,0.4001
5476.12,0.39625
5477.02,0.39581
5477.92,0.39468
5478.82,0.39594
5479.72,0.39696
5480.62,0.39833
5481.52,0.39897
5482.42,0.40065
5483.32,0.39984
5484.22,0.40504
5485.12,0.40607
5486.02,0.4071
5486.92,0.40864
5487.82,0.41024
5488.72,0.40934
5489.62,0.41061
5490.53,0.40846
5491.43,0.41209
5492.33,0.40879
5493.23,0.40995
5494.13,0.41085
5495.03,0.4116
5495.93,0.41187
5496.83,0.40999
5497.73,0.41299
5498.63,0.40974
5499.53,0.40926
5500.43,0.40725
5501.33,0.40766
5502.23,0.4084
5503.13,0.40701
5504.03,0.40659
5504.93,0.40476
5505.83,0.40491
5506.73,0.40305
5507.63,0.40468
5508.53,0.40363
5509.43,0.4029
5510.33,0.40339
5511.23,0.40116
5512.13,0.40325
5513.03,0.40125
5513.93,0.40139
5514.83,0.40293
5515.73,0.40335
5516.63,0.40661
5517.53,0.40801
5518.43,0.41239
5519.33,0.41368
5520.23,0.41563
5521.13,0.4161
5522.03,0.41715
5522.93,0.4178
5523.83,0.4167
5524.73,0.41361
5525.63,0.41271
5526.54,0.41121
5527.44,0.40833
5528.33,0.40622
5529.24,0.40524
5530.14,0.40435
5531.04,0.40624
5531.94,0.40553
5532.84,0.40719
5533.74,0.40791
5534.64,0.41067
5535.54,0.41074
5536.44,0.41301
5537.34,0.41249
5538.24,0.41419
5539.14,0.41501
5540.04,0.41602
5540.94,0.418
5541.84,0.41765
5542.74,0.41695
5543.64,0.4179
5544.54,0.41787
5545.44,0.41879
5546.34,0.41599
5547.24,0.41999
5548.14,0.41825
5549.04,0.41954
5549.94,0.41877
5550.84,0.41999
5551.74,0.4204
5552.64,0.4181
5553.54,0.42081
5554.44,0.41653
5555.34,0.41584
5556.24,0.41669
5557.14,0.41293
5558.04,0.41513
5558.94,0.41325
5559.84,0.41278
5560.74,0.41335
5561.64,0.41106
5562.54,0.40892
5563.44,0.40893
5564.34,0.40656
5565.25,0.40776
5566.15,0.40422
5567.05,0.40408
5567.95,0.40489
5568.85,0.4026
5569.75,0.40473
5570.65,0.40336
5571.55,0.40353
5572.45,0.40561
5573.35,0.406
5574.25,0.4076
5575.15,0.40709
5576.05,0.40876
5576.95,0.40893
5577.85,0.41114
5578.75,0.41029
5579.65,0.41158
5580.55,0.41018
5581.45,0.41184
5582.35,0.41047
5583.25,0.40968
5584.15,0.40611
5585.05,0.40412
5585.95,0.40071
5586.85,0.3979
5587.75,0.39236
5588.65,0.39097
5589.55,0.38918
5590.45,0.38928
5591.35,0.38962
5592.25,0.39121
5593.15,0.39179
5594.05,0.39434
5594.95,0.39451
5595.85,0.39652
5596.75,0.39873
5597.65,0.39856
5598.55,0.40046
5599.45,0.39899
5600.35,0.39657
5601.25,0.3973
5602.15,0.39618
5603.06,0.39831
5603.96,0.40244
5604.86,0.40149
5605.76,0.40525
5606.66,0.40974
5607.56,0.41245
5608.46,0.41388
5609.36,0.41626
5610.26,0.41745
5611.16,0.41811
5612.06,0.41639
5612.96,0.41391
5613.86,0.41219
5614.76,0.40865
5615.66,0.40579
5616.56,0.40451
5617.46,0.40225
5618.36,0.40146
5619.26,0.40254
5620.16,0.40207
5621.06,0.40197
5621.96,0.40516
5622.86,0.40507
5623.76,0.40313
5624.66,0.40477
5625.56,0.40445
5626.46,0.40429
5627.36,0.40572
5628.26,0.40548
5629.16,0.40767
5630.06,0.41109
5630.96,0.41169
5631.86,0.41314
5632.76,0.41563
5633.66,0.4117
5634.56,0.412
5635.46,0.41062
5636.36,0.40995
5637.26,0.40778
5638.16,0.40584
5639.06,0.40562
5639.96,0.40501
5640.86,0.4038
5641.77,0.40457
5642.67,0.40307
5643.57,0.40614
5644.47,0.40589
5645.37,0.40472
5646.27,0.40594
5647.17,0.40648
5648.07,0.40837
5648.97,0.40921
5649.87,0.40939
5650.77,0.41103
5651.67,0.40966
5652.57,0.41028
5653.47,0.40912
5654.37,0.40787
5655.27,0.4058
5656.17,0.40598
5657.07,0.40115
5657.97,0.39965
5658.87,0.39574
5659.77,0.39386
5660.67,0.39475
5661.57,0.39432
5662.47,0.39518
5663.37,0.39575
5664.27,0.39833
5665.17,0.39915
5666.07,0.40281
5666.97,0.4025
5667.87,0.40237
5668.77,0.40441
5669.67,0.40635
5670.57,0.40551
5671.47,0.40842
5672.37,0.40881
5673.27,0.41117
5674.17,0.41234
5675.07,0.41179
5675.97,0.414
5676.88,0.41439
5677.77,0.41461
5678.68,0.41327
5679.58,0.41308
5680.48,0.41194
5681.38,0.41099
5682.28,0.41219
5683.18,0.40933
5684.08,0.40574
5684.98,0.40601
5685.88,0.40404
5686.78,0.40325
5687.68,0.40422
5688.58,0.4056
5689.48,0.40469
5690.38,0.40531
5691.28,0.40891
5692.18,0.40954
5693.08,0.40967
5693.98,0.41094
5694.88,0.41254
5695.78,0.41215
5696.68,0.41142
5697.58,0.4132
5698.48,0.41099
5699.38,0.40949
5700.28,0.40647
5701.18,0.40378
5702.08,0.40226
5702.98,0.40256
5703.88,0.40122
5704.78,0.40025
5705.68,0.39848
5706.58,0.39699
5707.48,0.39469
5708.38,0.39237
5709.28,0.39256
5710.18,0.38984
5711.08,0.38996
5711.98,0.39152
5712.88,0.39368
5713.78,0.39636
5714.68,0.39851
5715.59,0.40154
5716.49,0.40372
5717.39,0.40649
5718.29,0.4077
5719.19,0.41374
5720.09,0.41379
5720.99,0.41379
5721.89,0.41683
5722.79,0.41628
5723.69,0.41923
5724.59,0.41769
5725.49,0.41799
5726.39,0.41589
5727.29,0.41644
5728.19,0.41515
5729.09,0.41406
5729.99,0.41417
5730.89,0.41287
5731.79,0.41366
5732.69,0.41168
5733.59,0.41414
5734.49,0.4143
5735.39,0.41456
5736.29,0.41475
5737.19,0.41675
5738.09,0.41694
5738.99,0.41577
5739.89,0.41625
5740.79,0.41724
5741.69,0.41627
5742.59,0.41676
5743.49,0.41541
5744.39,0.41454
5745.29,0.41495
5746.19,0.41621
5747.09,0.41734
5747.99,0.41475
5748.89,0.41474
5749.79,0.41314
5750.69,0.41182
5751.59,0.41274
5752.5,0.41098
5753.4,0.41045
5754.3,0.40945
5755.2,0.40855
5756.1,0.40808
5757.0,0.41008
5757.9,0.40976
5758.8,0.40949
5759.7,0.41161
5760.6,0.40997
5761.5,0.41059
5762.4,0.41267
5763.3,0.41173
5764.2,0.41184
5765.1,0.41149
5766.0,0.41192
5766.9,0.41343
5767.8,0.41463
5768.7,0.41646
5769.6,0.41701
5770.5,0.41694
5771.4,0.41577
5772.3,0.41619
5773.2,0.41721
5774.1,0.41532
5775.0,0.41548
5775.9,0.41481
5776.8,0.41306
5777.7,0.41182
5778.6,0.41085
5779.5,0.40813
5780.4,0.40542
5781.3,0.40447
5782.2,0.40181
5783.1,0.40134
5784.0,0.40083
5784.9,0.39921
5785.8,0.3974
5786.7,0.40036
5787.6,0.40086
5788.5,0.40022
5789.41,0.40225
5790.31,0.40657
5791.21,0.40503
5792.11,0.40964
5793.01,0.41024
5793.91,0.411
5794.81,0.4095
5795.71,0.41296
5796.61,0.41345
5797.51,0.41634
5798.41,0.41545
5799.31,0.41691
5800.21,0.41632
5801.11,0.41742
5802.01,0.41893
5802.91,0.41902
5803.81,0.41609
5804.71,0.41866
5805.61,0.41897
5806.51,0.4188
5807.41,0.41692
5808.31,0.41631
5809.21,0.417
5810.11,0.41849
5811.01,0.41787
5811.91,0.41805
5812.81,0.41567
5813.71,0.41713
5814.61,0.41712
5815.51,0.41757
5816.41,0.41702
5817.31,0.41547
5818.21,0.41607
5819.11,0.41669
5820.01,0.41798
5820.91,0.41895
5821.81,0.42042
5822.71,0.42168
5823.61,0.41955
5824.51,0.4208
5825.41,0.4221
5826.31,0.41992
5827.22,0.42267
5828.12,0.4212
5829.02,0.42255
5829.92,0.4221
5830.82,0.42354
5831.72,0.42311
5832.62,0.42131
5833.52,0.42149
5834.42,0.42191
5835.32,0.4214
5836.22,0.42099
5837.12,0.41992
5838.02,0.42237
5838.92,0.41869
5839.82,0.41948
5840.72,0.41996
5841.62,0.42027
5842.52,0.42026
5843.42,0.42115
5844.32,0.42158
5845.22,0.42024
5846.12,0.41978
5847.02,0.4179
5847.92,0.41734
5848.82,0.41449
5849.72,0.4142
5850.62,0.41203
5851.52,0.40884
5852.42,0.40934
5853.32,0.40724
5854.22,0.40513
5855.12,0.404
5856.02,0.40226
5856.92,0.40019
5857.82,0.39911
5858.72,0.39915
5859.62,0.39749
5860.52,0.40082
5861.42,0.39979
5862.32,0.40087
5863.23,0.40314
5864.12,0.40288
5865.03,0.40474
5865.93,0.40534
5866.83,0.40671
5867.73,0.4075
5868.63,0.40741
5869.53,0.40926
5870.43,0.40796
5871.33,0.41087
5872.23,0.41138
5873.13,0.41144
5874.03,0.41121
5874.93,0.41221
5875.83,0.4104
5876.73,0.41135
5877.63,0.40912
5878.53,0.41039
5879.43,0.40929
5880.33,0.4067
5881.23,0.40585
5882.13,0.40441
5883.03,0.40299
5883.93,0.4005
5884.83,0.39831
5885.73,0.395
5886.63,0.39205
5887.53,0.38516
5888.43,0.37871
5889.33,0.37432
5890.23,0.36764
5891.13,0.3645
5892.03,0.3612
5892.93,0.35979
5893.83,0.35752
5894.73,0.35788
5895.63,0.35864
5896.53,0.36144
5897.43,0.36399
5898.33,0.36743
5899.23,0.37211
5900.13,0.37611
5901.04,0.38151
5901.94,0.38621
5902.83,0.38988
5903.74,0.39193
5904.64,0.39629
5905.54,0.39702
5906.44,0.39968
5907.34,0.40042
5908.24,0.40094
5909.14,0.40103
5910.04,0.40162
5910.94,0.40131
5911.84,0.40207
5912.74,0.39946
5913.64,0.40109
5914.54,0.3992
5915.44,0.39736
5916.34,0.39766
5917.24,0.39687
5918.14,0.39845
5919.04,0.39842
5919.94,0.39912
5920.84,0.39939
5921.74,0.40144
5922.64,0.40127
5923.54,0.40088
5924.44,0.4041
5925.34,0.40208
5926.24,0.40273
5927.14,0.40245
5928.04,0.40176
5928.94,0.40187
5929.84,0.4022
5930.74,0.40061
5931.64,0.40172
5932.54,0.4002
5933.44,0.40174
5934.34,0.40093
5935.24,0.401
5936.14,0.40252
5937.04,0.40299
5937.94,0.40307
5938.85,0.40273
5939.75,0.40118
5940.65,0.40282
5941.55,0.40276
5942.45,0.40402
5943.35,0.40276
5944.25,0.40268
5945.15,0.403
5946.05,0.40194
5946.95,0.40321
5947.85,0.40299
5948.75,0.40297
5949.65,0.40043
5950.55,0.40197
5951.45,0.3997
5952.35,0.40039
5953.25,0.39876
5954.15,0.39929
5955.05,0.39775
5955.95,0.39886
5956.85,0.39874
5957.75,0.40091
5958.65,0.40011
5959.55,0.40086
5960.45,0.40169
5961.35,0.40461
5962.25,0.40509
5963.15,0.40571
5964.05,0.40669
5964.95,0.40706
5965.85,0.40691
5966.75,0.40622
5967.65,0.40901
5968.55,0.40747
5969.45,0.40934
5970.35,0.40834
5971.25,0.409
5972.15,0.4074
5973.05,0.40608
5973.95,0.40626
5974.85,0.40602
5975.75,0.40345
5976.65,0.40452
5977.56,0.40616
5978.46,0.40099
5979.36,0.40247
5980.26,0.40242
5981.16,0.3997
5982.06,0.39944
5982.96,0.4011
5983.86,0.40019
5984.76,0.40006
5985.66,0.40005
5986.56,0.39936
5987.46,0.39916
5988.36,0.40125
5989.26,0.40201
5990.16,0.39971
5991.06,0.40229
5991.96,0.40224
5992.86,0.40419
5993.76,0.40443
5994.66,0.40495
5995.56,0.40583
5996.46,0.40586
5997.36,0.40689
5998.26,0.40403
5999.16,0.40293
6000.06,0.40461
6000.96,0.40403
6001.86,0.40167
6002.76,0.40176
6003.66,0.40087
6004.56,0.40124
6005.46,0.39961
6006.36,0.39865
6007.26,0.39915
6008.16,0.3984
6009.06,0.39688
6009.96,0.39815
6010.86,0.39805
6011.76,0.39914
6012.67,0.39939
6013.56,0.39842
6014.47,0.39897
6015.37,0.39821
6016.27,0.39667
6017.17,0.39865
6018.07,0.3981
6018.97,0.39706
6019.87,0.39603
6020.77,0.39599
6021.67,0.39623
6022.57,0.39529
6023.47,0.39766
6024.37,0.39737
6025.27,0.39833
6026.17,0.39998
6027.07,0.40088
6027.97,0.40049
6028.87,0.40264
6029.77,0.4051
6030.67,0.4046
6031.57,0.40726
6032.47,0.40703
6033.37,0.4064
6034.27,0.40586
6035.17,0.40759
6036.07,0.40963
6036.97,0.4097
6037.87,0.40918
6038.77,0.40801
6039.67,0.40824
6040.57,0.40936
6041.47,0.40905
6042.37,0.40787
6043.27,0.40995
6044.17,0.41076
6045.07,0.41041
6045.97,0.41109
6046.87,0.41178
6047.77,0.41085
6048.67,0.4132
6049.57,0.41203
6050.47,0.41013
6051.38,0.41245
6052.28,0.41056
6053.18,0.40942
6054.08,0.41025
6054.98,0.41055
6055.88,0.40748
6056.78,0.407
6057.68,0.40723
6058.58,0.40495
6059.48,0.40864
6060.38,0.40574
6061.28,0.40449
6062.18,0.40395
6063.08,0.40637
6063.98,0.40516
6064.88,0.40487
6065.78,0.40313
6066.68,0.40413
6067.58,0.40508
6068.48,0.40522
6069.38,0.40656
6070.28,0.40813
6071.18,0.41164
6072.08,0.41105
6072.98,0.41095
6073.88,0.41189
6074.78,0.41244
6075.68,0.41177
6076.58,0.41016
6077.48,0.41009
6078.38,0.40716
6079.28,0.40568
6080.18,0.40617
6081.08,0.40475
6081.98,0.40344
6082.88,0.40071
6083.78,0.40202
6084.68,0.40018
6085.58,0.40119
6086.48,0.40192
6087.38,0.40074
6088.28,0.4005
6089.19,0.40048
6090.09,0.40251
6090.99,0.40051
6091.89,0.40117
6092.79,0.40194
6093.69,0.40194
6094.59,0.40353
6095.49,0.40331
6096.39,0.40122
6097.29,0.40254
6098.19,0.40224
6099.09,0.40262
6099.99,0.40379
6100.89,0.40075
6101.79,0.40108
6102.69,0.39898
6103.59,0.40042
6104.49,0.39684
6105.39,0.39734
6106.29,0.39712
6107.19,0.3991
6108.09,0.40124
6108.99,0.40116
6109.89,0.40202
6110.79,0.40425
6111.69,0.40425
6112.59,0.40455
6113.49,0.40655
6114.39,0.40612
6115.29,0.40489
6116.19,0.40543
6117.09,0.40432
6117.99,0.40564
6118.89,0.40342
6119.79,0.40067
6120.69,0.40059
6121.59,0.39963
6122.49,0.39779
6123.39,0.39744
6124.29,0.39541
6125.19,0.39637
6126.1,0.39755
6127.0,0.39762
6127.9,0.3981
6128.8,0.40044
6129.7,0.40039
6130.6,0.39867
6131.5,0.3991
6132.4,0.40148
6133.3,0.39867
6134.2,0.39545
6135.1,0.39381
6136.0,0.3943
6136.9,0.39033
6137.8,0.38789
6138.7,0.38739
6139.6,0.38559
6140.5,0.38777
6141.4,0.3891
6142.3,0.39088
6143.2,0.39188
6144.1,0.39363
6145.0,0.3954
6145.9,0.39815
6146.8,0.39842
6147.7,0.4001
6148.6,0.40081
6149.5,0.3994
6150.4,0.39814
6151.3,0.39914
6152.2,0.3977
6153.1,0.39677
6154.0,0.3979
6154.9,0.39678
6155.8,0.39569
6156.7,0.39397
6157.6,0.39238
6158.5,0.39016
6159.4,0.38673
6160.3,0.3845
6161.2,0.38075
6162.1,0.37897
6163.01,0.3758
6163.91,0.37338
6164.81,0.37292
6165.71,0.37247
6166.61,0.37194
6167.51,0.37176
6168.41,0.37369
6169.31,0.3715
6170.21,0.3729
6171.11,0.37537
6172.01,0.37588
6172.91,0.37785
6173.81,0.37975
6174.71,0.37998
6175.61,0.38373
6176.51,0.38463
6177.41,0.38658
6178.31,0.38784
6179.21,0.38729
6180.11,0.38799
6181.01,0.38985
6181.91,0.39182
6182.81,0.3909
6183.71,0.39147
6184.61,0.39077
6185.51,0.39046
6186.41,0.38695
6187.31,0.38897
6188.21,0.38476
6189.11,0.38541
6190.01,0.3818
6190.91,0.38224
6191.81,0.37961
6192.71,0.38153
6193.61,0.38067
6194.51,0.38216
6195.41,0.38408
6196.31,0.38394
6197.21,0.38587
6198.11,0.3859
6199.01,0.38682
6199.92,0.38669
6200.82,0.38844
6201.72,0.39009
6202.62,0.38991
6203.52,0.39052
6204.42,0.39086
6205.32,0.39085
6206.22,0.39157
6207.12,0.39415
6208.02,0.39285
6208.92,0.39256
6209.82,0.38976
6210.72,0.38993
6211.62,0.38754
6212.52,0.38508
6213.42,0.38539
6214.32,0.38168
6215.22,0.38179
6216.12,0.37967
6217.02,0.37784
6217.92,0.37728
6218.82,0.3728
6219.72,0.37697
6220.62,0.37654
6221.52,0.37781
6222.42,0.37851
6223.32,0.37844
6224.22,0.37867
6225.12,0.38045
6226.02,0.37994
6226.92,0.37849
6227.82,0.37808
6228.72,0.37731
6229.62,0.37664
6230.52,0.37662
6231.42,0.3739
6232.32,0.37515
6233.22,0.37414
6234.12,0.37538
6235.02,0.37514
6235.92,0.37533
6236.83,0.37901
6237.73,0.37538
6238.63,0.37717
6239.53,0.3781
6240.43,0.37661
6241.33,0.37595
6242.23,0.37582
6243.13,0.37492
6244.03,0.37333
6244.93,0.37354
6245.83,0.37331
6246.73,0.37148
6247.63,0.37353
6248.53,0.37462
6249.43,0.37358
6250.33,0.37442
6251.23,0.37454
6252.13,0.37249
6253.03,0.37339
6253.93,0.37085
6254.83,0.36925
6255.73,0.36864
6256.63,0.3673
6257.53,0.36613
6258.43,0.36748
6259.33,0.36568
6260.23,0.36748
6261.13,0.36983
6262.03,0.37332
6262.93,0.37386
6263.83,0.37483
6264.73,0.37655
6265.63,0.37796
6266.53,0.37975
6267.43,0.38062
6268.33,0.38142
6269.23,0.38145
6270.13,0.38201
6271.03,0.38193
6271.93,0.383
6272.83,0.38461
6273.73,0.38376
6274.64,0.38423
6275.54,0.38465
6276.44,0.38388
6277.34,0.38329
6278.24,0.38372
6279.14,0.38533
6280.04,0.38321
6280.94,0.3835
6281.84,0.38311
6282.74,0.38345
6283.64,0.38565
6284.54,0.38316
6285.44,0.38442
6286.34,0.38523
6287.24,0.38695
6288.14,0.38679
6289.04,0.38993
6289.94,0.38901
6290.84,0.38743
6291.74,0.38936
6292.64,0.38842
6293.54,0.38742
6294.44,0.38476
6295.34,0.38436
6296.24,0.38329
6297.14,0.38293
6298.04,0.38129
6298.94,0.38151
6299.84,0.38154
6300.74,0.37951
6301.64,0.37921
6302.54,0.37934
6303.44,0.37912
6304.34,0.37953
6305.24,0.38182
6306.14,0.38301
6307.04,0.38343
6307.94,0.38592
6308.84,0.38595
6309.74,0.38686
6310.64,0.38549
6311.54,0.38686
6312.45,0.38511
6313.35,0.38488
6314.25,0.38315
6315.15,0.38172
6316.05,0.38156
6316.95,0.37983
6317.85,0.37957
6318.75,0.38087
6319.65,0.38094
6320.55,0.38141
6321.45,0.38252
6322.35,0.38233
6323.25,0.38333
6324.15,0.3841
6325.05,0.38568
6325.95,0.38598
6326.85,0.38792
6327.75,0.38884
6328.65,0.38915
6329.55,0.38917
6330.45,0.38847
6331.35,0.38858
6332.25,0.38894
6333.15,0.38733
6334.05,0.38866
6334.95,0.38644
6335.85,0.38636
6336.75,0.38485
6337.65,0.3846
6338.55,0.38544
6339.45,0.38561
6340.35,0.38343
6341.25,0.38589
6342.15,0.386
6343.05,0.38588
6343.95,0.3873
6344.85,0.38798
6345.75,0.38736
6346.65,0.38656
6347.55,0.38812
6348.46,0.38811
6349.35,0.38704
6350.26,0.38699
6351.16,0.38825
6352.06,0.38817
6352.96,0.38673
6353.86,0.38839
6354.76,0.38751
6355.66,0.38465
6356.56,0.38389
6357.46,0.38277
6358.36,0.38077
6359.26,0.37931
6360.16,0.37811
6361.06,0.37784
6361.96,0.37706
6362.86,0.37762
6363.76,0.37845
6364.66,0.37745
6365.56,0.3801
6366.46,0.38064
6367.36,0.38337
6368.26,0.38289
6369.16,0.38553
6370.06,0.38712
6370.96,0.38818
6371.86,0.38862
6372.76,0.39129
6373.66,0.39048
6374.56,0.3928
6375.46,0.39244
6376.36,0.39169
6377.26,0.38937
6378.16,0.39091
6379.06,0.38897
6379.96,0.3903
6380.86,0.38898
6381.76,0.38895
6382.66,0.39084
6383.56,0.38898
6384.46,0.3879
6385.36,0.38921
6386.27,0.38829
6387.17,0.3869
6388.07,0.39006
6388.97,0.38961
6389.87,0.38738
6390.77,0.38884
6391.67,0.38639
6392.57,0.38596
6393.47,0.38484
6394.37,0.38613
6395.27,0.38326
6396.17,0.38405
6397.07,0.38369
6397.97,0.38448
6398.87,0.3825
6399.77,0.38401
6400.67,0.38451
6401.57,0.38362
6402.47,0.38454
6403.37,0.38645
6404.27,0.3861
6405.17,0.38679
6406.07,0.3875
6406.97,0.38933
6407.87,0.38686
6408.77,0.38715
6409.67,0.38529
6410.57,0.38611
6411.47,0.38564
6412.37,0.38633
6413.27,0.38642
6414.17,0.38717
6415.07,0.3867
6415.97,0.38716
6416.87,0.38675
6417.77,0.38514
6418.67,0.38525
6419.57,0.38571
6420.47,0.38576
6421.37,0.38601
6422.27,0.3852
6423.17,0.38678
6424.08,0.38773
6424.98,0.38766
6425.88,0.38961
6426.78,0.38909
6427.68,0.39029
6428.58,0.38965
6429.48,0.38868
6430.38,0.38859
6431.28,0.38618
6432.18,0.38679
6433.08,0.38726
6433.98,0.38723
6434.88,0.38858
6435.78,0.38619
6436.68,0.38912
6437.58,0.38877
6438.48,0.38808
6439.38,0.39135
6440.28,0.38927
6441.18,0.38803
6442.08,0.39057
6442.98,0.39242
6443.88,0.39357
6444.78,0.39233
6445.68,0.39332
6446.58,0.39194
6447.48,0.39119
6448.38,0.39052
6449.28,0.38829
6450.18,0.3868
6451.08,0.38586
6451.98,0.38508
6452.88,0.38526
6453.78,0.38543
6454.68,0.38447
6455.58,0.38541
6456.48,0.38593
6457.38,0.38628
6458.28,0.38719
6459.18,0.38724
6460.08,0.38814
6460.98,0.38639
6461.89,0.38691
6462.79,0.38649
6463.69,0.3862
6464.59,0.38655
6465.49,0.38493
6466.39,0.38811
6467.29,0.3878
6468.19,0.38759
6469.09,0.38798
6469.99,0.38697
6470.89,0.38879
6471.79,0.38865
6472.69,0.38814
6473.59,0.38753
6474.49,0.38425
6475.39,0.3864
6476.29,0.38586
6477.19,0.38448
6478.09,0.38459
6478.99,0.3838
6479.89,0.3836
6480.79,0.38314
6481.69,0.38436
6482.59,0.38126
6483.49,0.38019
6484.39,0.38155
6485.29,0.38158
6486.19,0.38008
6487.09,0.38112
6487.99,0.37945
6488.89,0.37861
6489.79,0.37704
6490.69,0.3746
6491.59,0.37411
6492.49,0.37196
6493.39,0.36845
6494.29,0.36516
6495.19,0.36032
6496.09,0.35852
6496.99,0.35829
6497.9,0.35632
6498.79,0.35503
6499.7,0.35854
6500.6,0.3607
6501.5,0.36266
6502.4,0.36507
6503.3,0.36927
6504.2,0.37228
6505.1,0.37513
6506.0,0.37629
6506.9,0.37754
6507.8,0.37951
6508.7,0.38036
6509.6,0.38026
6510.5,0.38056
6511.4,0.38047
6512.3,0.38135
6513.2,0.38238
6514.1,0.38091
6515.0,0.37945
6515.9,0.37829
6516.8,0.37681
6517.7,0.37734
6518.6,0.37867
6519.5,0.37596
6520.4,0.37735
6521.3,0.37787
6522.2,0.37817
6523.1,0.37873
6524.0,0.37811
6524.9,0.37983
6525.8,0.38067
6526.7,0.3799
6527.6,0.38175
6528.5,0.38127
6529.4,0.38102
6530.3,0.38037
6531.2,0.38049
6532.1,0.3802
6533.0,0.37991
6533.9,0.37905
6534.8,0.37924
6535.71,0.38086
6536.61,0.38153
6537.51,0.37994
6538.41,0.38021
6539.31,0.38118
6540.21,0.38064
6541.11,0.38059
6542.01,0.37835
6542.91,0.37869
6543.81,0.37766
6544.71,0.37551
6545.61,0.37427
6546.51,0.37248
6547.41,0.3723
6548.31,0.37192
6549.21,0.36971
6550.11,0.36779
6551.01,0.36795
6551.91,0.3666
6552.81,0.36553
6553.71,0.36351
6554.61,0.36021
6555.51,0.35837
6556.41,0.35432
6557.31,0.34841
6558.21,0.34575
6559.11,0.33932
6560.01,0.333
6560.91,0.32607
6561.81,0.31892
6562.71,0.31581
6563.61,0.31089
6564.51,0.30975
6565.41,0.31096
6566.31,0.31395
6567.21,0.31961
6568.11,0.32531
6569.01,0.33005
6569.91,0.33761
6570.81,0.34148
6571.71,0.34708
6572.61,0.35034
6573.52,0.35487
6574.42,0.3561
6575.32,0.35967
6576.22,0.36166
6577.12,0.36345
6578.02,0.36445
6578.92,0.36767
6579.82,0.36879
6580.72,0.37057
6581.62,0.3708
6582.52,0.37256
6583.42,0.37014
6584.32,0.37361
6585.22,0.37116
6586.12,0.37411
6587.02,0.37341
6587.92,0.37232
6588.82,0.37268
6589.72,0.37301
6590.62,0.37292
6591.52,0.37129
6592.42,0.3722
6593.32,0.37097
6594.22,0.36917
6595.12,0.36819
6596.02,0.36927
6596.92,0.36867
6597.82,0.36939
6598.72,0.36976
6599.62,0.37214
6600.52,0.37154
6601.42,0.3737
6602.32,0.37469
6603.22,0.37419
6604.12,0.37512
6605.02,0.37496
6605.92,0.37308
6606.82,0.37188
6607.72,0.37297
6608.62,0.3724
6609.52,0.37335
6610.43,0.37328
6611.33,0.37305
6612.23,0.37313
6613.13,0.37439
6614.03,0.37558
6614.93,0.37773
6615.83,0.37638
6616.73,0.37735
6617.63,0.37824
6618.53,0.37787
6619.43,0.37887
6620.33,0.3788
6621.23,0.37832
6622.13,0.37728
6623.03,0.3783
6623.93,0.37754
6624.83,0.37611
6625.73,0.37506
6626.63,0.37443
6627.53,0.37401
6628.43,0.37305
6629.33,0.37342
6630.23,0.37253
6631.13,0.37198
6632.03,0.37163
6632.93,0.37236
6633.83,0.37171
6634.73,0.37076
6635.63,0.37195
6636.53,0.37245
6637.43,0.37199
6638.33,0.3726
6639.23,0.37074
6640.13,0.37148
6641.03,0.37333
6641.93,0.3721
6642.83,0.37289
6643.73,0.37118
6644.63,0.37161
6645.53,0.37188
6646.43,0.37203
6647.34,0.37131
6648.24,0.37236
6649.14,0.37262
6650.04,0.37237
6650.94,0.37313
6651.84,0.37308
6652.74,0.37365
6653.64,0.37386
6654.54,0.37464
6655.44,0.37279
6656.34,0.3737
6657.24,0.37267
6658.14,0.37201
6659.04,0.37426
6659.94,0.37154
6660.84,0.36996
6661.74,0.37063
6662.64,0.37092
6663.54,0.36937
6664.44,0.36833
6665.34,0.3691
6666.24,0.36849
6667.14,0.36725
6668.04,0.36879
6668.94,0.36933
6669.84,0.37053
6670.74,0.37074
6671.64,0.37174
6672.54,0.37172
6673.44,0.37254
6674.34,0.37198
6675.24,0.37062
6676.14,0.36987
6677.04,0.36885
6677.94,0.36825
6678.84,0.36812
6679.74,0.36589
6680.64,0.36723
6681.54,0.36755
6682.44,0.36642
6683.34,0.36624
6684.24,0.36756
6685.15,0.3693
6686.05,0.36725
6686.95,0.37073
6687.85,0.36956
6688.75,0.36981
6689.65,0.37052
6690.55,0.37105
6691.45,0.37115
6692.35,0.3711
6693.25,0.37003
6694.15,0.37013
6695.05,0.36934
6695.95,0.36946
6696.85,0.36791
6697.75,0.36814
6698.65,0.36817
6699.55,0.36763
6700.45,0.36856
6701.35,0.36717
6702.25,0.36757
6703.15,0.36843
6704.05,0.36786
6704.95,0.36832
6705.85,0.3684
6706.75,0.36801
6707.65,0.36693
6708.55,0.36793
6709.45,0.36756
6710.35,0.36701
6711.25,0.36512
6712.15,0.36555
6713.05,0.36538
6713.95,0.3645
6714.85,0.36346
6715.75,0.3631
6716.65,0.3624
6717.55,0.36218
6718.45,0.36113
6719.35,0.35966
6720.25,0.35986
6721.16,0.36162
6722.06,0.36237
6722.96,0.36046
6723.86,0.3628
6724.76,0.36325
6725.66,0.36415
6726.56,0.36276
6727.46,0.36571
6728.36,0.36495
6729.26,0.36434
6730.16,0.36595
6731.06,0.36588
6731.96,0.36705
6732.86,0.36562
6733.76,0.36698
6734.66,0.36651
6735.56,0.36712
6736.46,0.36567
6737.36,0.36523
6738.26,0.36551
6739.16,0.36401
6740.06,0.36484
6740.96,0.3652
6741.86,0.36315
6742.76,0.36336
6743.66,0.36356
6744.56,0.36281
6745.46,0.36257
6746.36,0.36437
6747.26,0.3621
6748.16,0.36181
6749.06,0.3625
6749.96,0.36117
6750.86,0.35911
6751.76,0.36005
6752.66,0.35955
6753.56,0.36115
6754.46,0.36144
6755.36,0.36313
6756.26,0.36318
6757.16,0.36515
6758.06,0.36455
6758.97,0.36382
6759.87,0.36666
6760.77,0.36657
6761.67,0.36656
6762.57,0.36666
6763.47,0.36766
6764.37,0.36477
6765.27,0.36606
6766.17,0.36696
6767.07,0.36484
6767.97,0.36461
6768.87,0.36242
6769.77,0.36461
6770.67,0.36206
6771.57,0.36441
6772.47,0.36415
6773.37,0.36581
6774.27,0.36518
6775.17,0.36772
6776.07,0.36589
6776.97,0.36759
6777.87,0.36856
6778.77,0.36779
6779.67,0.36774
6780.57,0.36891
6781.47,0.36688
6782.37,0.36582
6783.27,0.36541
6784.17,0.36655
6785.07,0.36543
6785.97,0.36395
6786.87,0.36266
6787.77,0.36159
6788.67,0.36215
6789.57,0.36264
6790.47,0.36374
6791.37,0.36464
6792.27,0.36247
6793.17,0.36367
6794.07,0.36374
6794.97,0.36348
6795.88,0.36381
6796.78,0.36465
6797.68,0.36447
6798.58,0.36494
6799.48,0.36585
6800.38,0.36647
6801.28,0.36628
6802.18,0.36721
6803.08,0.3659
6803.98,0.36582
6804.88,0.36647
6805.78,0.36565
6806.68,0.36468
6807.58,0.36389
6808.48,0.36473
6809.38,0.36447
6810.28,0.3651
6811.18,0.3632
6812.08,0.36597
6812.98,0.36574
6813.88,0.36604
6814.78,0.36463
6815.68,0.3641
6816.58,0.36391
6817.48,0.36417
6818.38,0.36371
6819.28,0.36521
6820.18,0.36511
6821.08,0.36583
6821.98,0.36678
6822.88,0.36471
6823.78,0.36639
6824.68,0.36697
6825.58,0.36615
6826.48,0.36725
6827.38,0.36615
6828.28,0.36653
6829.18,0.36538
6830.08,0.36618
6830.98,0.36722
6831.88,0.36557
6832.79,0.36646
6833.69,0.36584
6834.59,0.36648
6835.49,0.36566
6836.39,0.36458
6837.29,0.3646
6838.19,0.36455
6839.09,0.36433
6839.99,0.36174
6840.89,0.36185
6841.79,0.36091
6842.69,0.36103
6843.59,0.36191
6844.49,0.36158
6845.39,0.36108
6846.29,0.36237
6847.19,0.36164
6848.09,0.36037
6848.99,0.36312
6849.89,0.36407
6850.79,0.36412
6851.69,0.36392
6852.59,0.36482
6853.49,0.36213
6854.39,0.36325
6855.29,0.36144
6856.19,0.36101
6857.09,0.36063
6857.99,0.36086
6858.89,0.36154
6859.79,0.36048
6860.69,0.35959
6861.59,0.3614
6862.49,0.36134
6863.39,0.35987
6864.29,0.3596
6865.19,0.36049
6866.09,0.36142
6866.99,0.3621
6867.89,0.36105
6868.79,0.36178
6869.7,0.36046
6870.6,0.36248
6871.5,0.36222
6872.4,0.36315
6873.3,0.36254
6874.2,0.36236
6875.1,0.36248
6876.0,0.36095
6876.9,0.36276
6877.8,0.36332
6878.7,0.36412
6879.6,0.36608
6880.5,0.36363
6881.4,0.36467
6882.3,0.36401
6883.2,0.36426
6884.1,0.36398
6885.0,0.36424
6885.9,0.36378
6886.8,0.36481
6887.7,0.36541
6888.6,0.36459
6889.5,0.36694
6890.4,0.3673
6891.3,0.36751
6892.2,0.36589
6893.1,0.36653
6894.0,0.36856
6894.9,0.36817
6895.8,0.36775
6896.7,0.36711
6897.6,0.3683
6898.5,0.36755
6899.4,0.36845
6900.3,0.36867
6901.2,0.36803
6902.1,0.36889
6903.0,0.36936
6903.9,0.36919
6904.8,0.36798
6905.7,0.36837
6906.6,0.36922
6907.51,0.37032
6908.41,0.36967
6909.31,0.36926
6910.21,0.36703
6911.11,0.36811
6912.01,0.36774
6912.91,0.36779
6913.81,0.36679
6914.71,0.36635
6915.61,0.36533
6916.51,0.36521
6917.41,0.36429
6918.31,0.36309
6919.21,0.3637
6920.11,0.36501
6921.01,0.36446
6921.91,0.36532
6922.81,0.36479
6923.71,0.36686
6924.61,0.36543
6925.51,0.36563
6926.41,0.36573
6927.31,0.36582
6928.21,0.36625
6929.11,0.36606
6930.01,0.36586
6930.91,0.36632
6931.81,0.36817
6932.71,0.36729
6933.61,0.36809
6934.51,0.36645
6935.41,0.3674
6936.31,0.36803
6937.21,0.36681
6938.11,0.36646
6939.01,0.36587
6939.91,0.36677
6940.81,0.36778
6941.71,0.36649
6942.61,0.36584
6943.52,0.36577
6944.42,0.36517
6945.31,0.36548
6946.22,0.36578
6947.12,0.36461
6948.02,0.36536
6948.92,0.36424
6949.82,0.36459
6950.72,0.36572
6951.62,0.36661
6952.52,0.3651
6953.42,0.365
6954.32,0.36564
6955.22,0.36375
6956.12,0.36627
6957.02,0.36678
6957.92,0.36625
6958.82,0.36607
6959.72,0.36777
6960.62,0.36924
6961.52,0.36853
6962.42,0.3687
6963.32,0.36807
6964.22,0.36969
6965.12,0.37048
6966.02,0.3688
6966.92,0.36934
6967.82,0.36818
6968.72,0.36966
6969.62,0.36961
6970.52,0.36894
6971.42,0.36896
6972.32,0.3679
6973.22,0.36816
6974.12,0.36706
6975.02,0.36483
6975.92,0.36499
6976.82,0.36236
6977.72,0.36114
6978.62,0.36312
6979.52,0.36045
6980.42,0.36121
6981.33,0.36021
6982.23,0.36117
6983.12,0.36405
6984.03,0.36495
6984.93,0.36426
6985.83,0.36603
6986.73,0.36676
6987.63,0.3684
6988.53,0.36597
6989.43,0.36802
6990.33,0.36871
6991.23,0.36779
6992.13,0.36799
6993.03,0.36893
6993.93,0.36734
6994.83,0.36739
6995.73,0.36851
6996.63,0.36773
6997.53,0.36831
6998.43,0.36763
6999.33,0.36698
7000.23,0.36693
7001.13,0.36638
7002.03,0.36656
7002.93,0.36593
7003.83,0.36458
7004.73,0.36635
7005.63,0.36465
7006.53,0.36685
7007.43,0.36495
7008.33,0.36505
7009.23,0.36481
7010.13,0.36544
7011.03,0.36527
7011.93,0.36505
7012.83,0.36346
7013.73,0.3651
7014.63,0.36328
7015.53,0.3631
7016.43,0.36266
7017.33,0.36275
7018.23,0.36088
7019.14,0.36165
7020.04,0.36263
7020.94,0.36314
7021.84,0.3632
7022.74,0.36323
7023.64,0.36347
7024.54,0.36414
7025.44,0.36351
7026.34,0.36503
7027.24,0.36292
7028.14,0.36415
7029.04,0.36425
7029.94,0.36531
7030.84,0.36607
7031.74,0.36582
7032.64,0.36572
7033.54,0.36643
7034.44,0.36624
7035.34,0.36686
7036.24,0.36659
7037.14,0.36556
7038.04,0.36511
7038.94,0.36551
7039.84,0.36691
7040.74,0.36648
7041.64,0.36947
7042.54,0.36855
7043.44,0.37039
7044.34,0.36927
7045.24,0.37196
7046.14,0.37293
7047.04,0.37284
7047.94,0.37248
7048.84,0.37188
7049.74,0.37028
7050.64,0.37069
7051.54,0.36835
7052.44,0.36689
7053.34,0.36597
7054.25,0.36391
7055.15,0.3627
7056.04,0.36168
7056.95,0.35899
7057.85,0.35754
7058.75,0.35768
7059.65,0.35733
7060.55,0.35586
7061.45,0.35526
7062.35,0.35576
7063.25,0.35548
7064.15,0.35546
7065.05,0.35588
7065.95,0.35487
7066.85,0.35391
7067.75,0.355
7068.65,0.35469
7069.55,0.3559
7070.45,0.35633
7071.35,0.35606
7072.25,0.35672
7073.15,0.35704
7074.05,0.35781
7074.95,0.35917
7075.85,0.35904
7076.75,0.35935
7077.65,0.35985
7078.55,0.36101
7079.45,0.35945
7080.35,0.35944
7081.25,0.35898
7082.15,0.35768
7083.05,0.35539
7083.95,0.35476
7084.85,0.35206
7085.75,0.35132
7086.65,0.35106
7087.55,0.34796
7088.45,0.34641
7089.35,0.34357
7090.25,0.34331
7091.15,0.34294
7092.06,0.34235
7092.96,0.34198
7093.85,0.34255
7094.76,0.34151
7095.66,0.34313
7096.56,0.34325
7097.46,0.34374
7098.36,0.3432
7099.26,0.3451
7100.16,0.34383
7101.06,0.34483
7101.96,0.3467
7102.86,0.34725
7103.76,0.34735
7104.66,0.34882
7105.56,0.3484
7106.46,0.34894
7107.36,0.35047
7108.26,0.3476
7109.16,0.348
7110.06,0.34934
7110.96,0.34967
7111.86,0.34866
7112.76,0.34841
7113.66,0.34841
7114.56,0.34813
7115.46,0.34901
7116.36,0.34958
7117.26,0.35006
7118.16,0.35085
7119.06,0.34958
7119.96,0.35069
7120.86,0.3502
7121.76,0.34899
7122.66,0.34865
7123.56,0.3477
7124.46,0.3478
7125.36,0.34701
7126.26,0.34655
7127.16,0.34516
7127.27,0.34595
7128.17,0.34244
7129.07,0.34362
7129.96,0.34342
7130.86,0.34336
7131.75,0.34267
7132.65,0.34265
7133.55,0.34299
7134.44,0.34296
7135.34,0.34371
7136.23,0.34346
7137.13,0.34427
7138.03,0.34417
7138.92,0.34455
7139.82,0.34579
7140.71,0.34619
7141.61,0.34507
7142.5,0.34662
7143.4,0.34622
7144.3,0.34406
7145.19,0.34565
7146.09,0.34646
7146.98,0.34432
7147.88,0.34437
7148.78,0.34477
7149.67,0.34469
7150.57,0.34315
7151.46,0.34508
7152.36,0.3451
7153.26,0.34607
7154.15,0.34713
7155.05,0.3497
7155.94,0.34726
7156.84,0.34922
7157.74,0.34842
7158.63,0.34953
7159.53,0.34883
7160.42,0.3495
7161.32,0.34886
7162.21,0.3479
7163.11,0.34709
7164.01,0.34804
7164.9,0.34824
7165.8,0.34849
7166.69,0.34742
7167.59,0.34801
7168.49,0.35003
7169.38,0.34975
7170.28,0.34889
7171.17,0.34942
7172.07,0.35118
7172.96,0.35247
7173.86,0.3519
7174.76,0.35267
7175.65,0.35037
7176.55,0.35168
7177.44,0.35145
7178.34,0.35017
7179.24,0.35056
7180.13,0.34995
7181.03,0.34972
7181.92,0.34934
7182.82,0.34862
7183.72,0.34952
7184.61,0.34763
7185.51,0.34679
7186.4,0.34724
7187.3,0.34585
7188.19,0.34713
7189.09,0.34511
7189.99,0.34611
7190.88,0.34588
7191.78,0.34625
7192.67,0.34773
7193.57,0.34719
7194.47,0.34638
7195.36,0.34759
7196.26,0.34753
7197.15,0.34758
7198.05,0.34832
7198.95,0.34889
7199.84,0.34742
7200.74,0.34882
7201.63,0.34961
7202.53,0.34776
7203.43,0.34732
7204.32,0.34807
7205.22,0.34819
7206.11,0.34735
7207.01,0.34624
7207.9,0.34666
7208.8,0.34774
7209.7,0.3479
7210.59,0.34724
7211.49,0.34714
7212.38,0.34714
7213.28,0.34859
7214.18,0.35033
7215.07,0.34904
7215.97,0.3508
7216.86,0.35218
7217.76,0.35186
7218.66,0.35025
7219.55,0.35357
7220.45,0.35271
7221.34,0.35349
7222.24,0.35324
7223.13,0.3538
7224.03,0.35403
7224.93,0.35438
7225.82,0.35494
7226.72,0.35667
7227.61,0.35678
7228.51,0.35662
7229.41,0.35763
7230.3,0.35753
7231.2,0.35869
7232.09,0.35936
7232.99,0.36023
7233.89,0.35776
7234.78,0.35809
7235.68,0.35961
7236.57,0.35797
7237.47,0.35834
7238.36,0.35875
7239.26,0.35766
7240.16,0.35894
7241.05,0.35766
7241.95,0.35721
7242.84,0.35718
7243.74,0.35665
7244.64,0.35746
7245.53,0.35768
7246.43,0.35729
7247.32,0.35869
7248.22,0.35663
7249.12,0.35732
7250.01,0.35785
7250.91,0.3574
7251.8,0.35642
7252.7,0.35753
7253.6,0.35581
7254.49,0.35821
7255.39,0.35752
7256.28,0.35844
7257.18,0.35784
7258.07,0.35814
7258.97,0.35786
7259.87,0.35739
7260.76,0.35763
7261.66,0.357
7262.55,0.35823
7263.45,0.35881
7264.35,0.35805
7265.24,0.36014
7266.14,0.3589
7267.03,0.35857
7267.93,0.36022
7268.83,0.36184
7269.72,0.36109
7270.62,0.36079
7271.51,0.36097
7272.41,0.36135
7273.3,0.36102
7274.2,0.36098
7275.1,0.36184
7275.99,0.36027
7276.89,0.36225
7277.78,0.36017
7278.68,0.35918
7279.58,0.35962
7280.47,0.35872
7281.37,0.35921
7282.26,0.35734
7283.16,0.35659
7284.06,0.35664
7284.95,0.35668
7285.85,0.35347
7286.74,0.35478
7287.64,0.35381
7288.53,0.3537
7289.43,0.35283
7290.33,0.35391
7291.22,0.35249
7292.12,0.35356
7293.01,0.35259
7293.91,0.35465
7294.81,0.35679
7295.7,0.35593
7296.6,0.35685
7297.49,0.35615
7298.39,0.35787
7299.29,0.35925
7300.18,0.35847
7301.08,0.36074
7301.97,0.36051
7302.87,0.36046
7303.76,0.36006
7304.66,0.3602
7305.56,0.36057
7306.45,0.36061
7307.35,0.36008
7308.24,0.359
7309.14,0.36156
7310.04,0.35871
7310.93,0.3604
7311.83,0.36037
7312.72,0.35817
7313.62,0.35974
7314.52,0.35929
7315.41,0.36148
7316.31,0.36006
7317.2,0.36055
7318.1,0.36026
7318.99,0.35913
7319.89,0.36115
7320.79,0.35902
7321.68,0.35932
7322.58,0.35918
7323.47,0.35729
7324.37,0.35833
7325.27,0.35794
7326.16,0.35721
7327.06,0.35902
7327.95,0.35909
7328.85,0.36019
7329.75,0.3582
7330.64,0.36021
7331.54,0.36062
7332.43,0.36024
7333.33,0.36175
7334.22,0.36149
7335.12,0.36249
7336.02,0.36351
7336.91,0.36448
7337.81,0.36411
7338.7,0.36623
7339.6,0.3646
7340.5,0.36385
7341.39,0.36421
7342.29,0.36471
7343.18,0.36395
7344.08,0.3636
7344.98,0.36247
7345.87,0.3622
7346.77,0.36207
7347.66,0.3623
7348.56,0.3631
7349.45,0.36072
7350.35,0.36017
7351.25,0.36022
7352.14,0.3602
7353.04,0.35898
7353.93,0.35775
7354.83,0.35834
7355.73,0.35832
7356.62,0.35641
7357.52,0.3551
7358.41,0.35667
7359.31,0.3558
7360.21,0.35654
7361.1,0.35687
7362.0,0.35631
7362.89,0.35622
7363.79,0.3575
7364.69,0.35848
7365.58,0.35786
7366.48,0.35972
7367.37,0.36024
7368.27,0.36021
7369.16,0.36039
7370.06,0.36203
7370.96,0.36049
7371.85,0.36234
7372.75,0.36129
7373.64,0.36227
7374.54,0.36238
7375.44,0.36432
7376.33,0.36442
7377.23,0.36389
7378.12,0.36486
7379.02,0.3619
7379.92,0.36334
7380.81,0.3632
7381.71,0.36066
7382.6,0.36117
7383.5,0.35852
7384.39,0.35868
7385.29,0.35857
7386.19,0.35722
7387.08,0.35537
7387.98,0.35491
7388.87,0.35414
7389.77,0.35317
7390.67,0.3541
7391.56,0.35381
7392.46,0.35458
7393.35,0.3549
7394.25,0.35539
7395.15,0.35563
7396.04,0.35676
7396.94,0.35683
7397.83,0.35772
7398.73,0.35663
7399.62,0.35859
7400.52,0.35831
7401.42,0.3577
7402.31,0.35999
7403.21,0.35879
7404.1,0.35849
7405.0,0.3582
7405.9,0.35734
7406.79,0.35639
7407.69,0.35434
7408.58,0.35422
7409.48,0.35263
7410.38,0.3514
7411.27,0.35009
7412.17,0.3476
7413.06,0.34743
7413.96,0.34468
7414.85,0.34241
7415.75,0.34308
7416.65,0.34326
7417.54,0.34344
7418.44,0.34218
7419.33,0.34233
7420.23,0.34371
7421.13,0.34424
7422.02,0.34563
7422.92,0.3477
7423.81,0.34727
7424.71,0.35013
7425.6,0.35184
7426.5,0.35199
7427.4,0.35544
7428.29,0.35488
7429.19,0.35657
7431.68,0.35921
7434.18,0.36063
7436.67,0.36075
7439.17,0.36051
7441.66,0.35874
7444.16,0.36058
7446.66,0.35775
7449.15,0.35852
7451.65,0.35884
7454.14,0.36216
7456.64,0.363
7459.13,0.36067
7461.63,0.36059
7464.12,0.36016
7466.62,0.35991
7469.11,0.36176
7471.61,0.36259
7474.1,0.36158
7476.6,0.36159
7479.09,0.35962
7481.59,0.36055
7484.08,0.35962
7486.58,0.35959
7489.07,0.35883
7491.57,0.35794
7494.06,0.35789
7496.56,0.35674
7499.05,0.35743
7501.55,0.35982
7504.04,0.36056
7506.54,0.36
7509.03,0.35913
7511.53,0.35882
7514.02,0.35938
7516.52,0.35992
7519.01,0.36003
7521.51,0.36186
7524.0,0.36
7526.5,0.35921
7528.99,0.36
7531.49,0.35871
7533.99,0.3607
7536.48,0.36219
7538.98,0.36199
7541.47,0.36161
7543.97,0.36135
7546.46,0.36027
7548.96,0.36091
7551.45,0.36006
7553.95,0.35824
7556.44,0.35857
7558.94,0.35968
7561.43,0.35835
7563.93,0.35929
7566.42,0.35918
7568.92,0.3592
7571.41,0.35825
7573.91,0.35849
7576.4,0.35881
7578.9,0.35872
7581.39,0.35698
7583.89,0.35553
7586.38,0.35427
7588.88,0.35359
7591.37,0.35262
7593.87,0.35363
7596.36,0.35421
7598.86,0.35448
7601.35,0.35347
7603.85,0.3535
7606.34,0.3528
7608.84,0.35235
7611.33,0.35274
7613.83,0.35165
7616.33,0.35022
7618.82,0.34929
7621.32,0.34891
7623.81,0.35066
7626.31,0.3509
7628.8,0.35199
7631.3,0.35189
7633.79,0.35213
7636.29,0.35223
7638.78,0.35111
7641.28,0.35124
7643.77,0.35183
7646.27,0.35166
7648.76,0.35168
7651.26,0.34875
7653.75,0.34723
7656.25,0.34427
7658.74,0.34043
7661.24,0.33742
7663.73,0.3337
7666.23,0.33321
7668.72,0.33507
7671.22,0.33745
7673.71,0.34164
7676.21,0.34377
7678.7,0.34419
7681.2,0.34439
7683.69,0.34486
7686.19,0.34456
7688.69,0.34483
7691.18,0.34383
7693.68,0.34245
7696.17,0.34104
7698.67,0.34089
7701.16,0.34014
7703.66,0.34017
7706.15,0.34027
7708.65,0.34023
7711.14,0.33985
7713.64,0.33717
7716.13,0.33793
7718.63,0.33866
7721.12,0.33956
7723.62,0.34164
7726.11,0.34308
7728.61,0.34288
7731.1,0.34441
7733.6,0.34539
7736.09,0.34747
7738.59,0.34713
7741.08,0.34529
7743.58,0.34397
7746.07,0.34096
7748.57,0.33821
7751.06,0.33784
7753.56,0.33886
7756.05,0.34078
7758.55,0.34345
7761.04,0.34417
7763.54,0.3453
7766.03,0.34635
7768.53,0.34699
7771.03,0.34757
7773.52,0.34723
7776.02,0.34807
7778.51,0.34721
7781.01,0.34639
7783.5,0.3455
7786.0,0.34332
7788.49,0.34249
7790.99,0.34166
7793.48,0.3417
7795.98,0.34168
7798.47,0.34196
7800.97,0.34217
7803.46,0.34306
7805.96,0.34269
7808.45,0.34345
7810.95,0.34395
7813.44,0.34373
7815.94,0.3464
7818.43,0.34575
7820.93,0.34511
7823.42,0.34693
7825.92,0.34523
7828.41,0.34412
7830.91,0.34154
7833.4,0.33897
7835.9,0.33816
7838.39,0.33882
7840.89,0.3398
7843.38,0.34026
7845.88,0.34154
7848.38,0.34163
7850.87,0.3413
7853.37,0.34061
7855.86,0.34133
7858.36,0.34182
7860.85,0.34164
7863.35,0.34215
7865.84,0.34231
7868.34,0.34198
7870.83,0.3418
7873.33,0.34148
7875.82,0.34038
7878.32,0.34027
7880.81,0.34079
7883.31,0.34053
7885.8,0.34012
7888.3,0.34108
7890.79,0.34088
7893.29,0.34061
7895.78,0.34082
7898.28,0.33904
7900.77,0.33966
7903.27,0.33821
7905.76,0.33758
7908.26,0.33664
7910.75,0.33425
7913.25,0.33252
7915.74,0.33175
7918.24,0.3328
7920.73,0.33154
7923.23,0.33307
7925.73,0.33364
7928.22,0.33327
7930.71,0.3338
7933.21,0.33197
7935.71,0.33085
7938.2,0.3302
7940.7,0.32822
7943.19,0.32768
7945.69,0.3273
7948.18,0.32794
7950.68,0.32955
7953.17,0.33232
7955.67,0.33408
7958.16,0.33518
7960.66,0.33556
7963.15,0.3352
7965.65,0.3356
7968.14,0.33652
7970.64,0.337
7973.13,0.33676
7975.63,0.33702
7978.12,0.3367
7980.62,0.33576
7983.11,0.33459
7985.61,0.33531
7988.1,0.33383
7990.6,0.33394
7993.09,0.33265
7995.59,0.33245
7998.08,0.331
8000.58,0.33169
8003.07,0.33329
8005.57,0.33447
8008.06,0.33587
8010.56,0.33774
8013.06,0.33778
8015.55,0.33853
8018.05,0.3385
8020.54,0.33794
8023.04,0.33588
8025.53,0.33424
8028.03,0.33206
8030.52,0.33318
8033.02,0.33454
8035.51,0.33616
8038.01,0.33751
8040.5,0.33687
8043.0,0.33643
8045.49,0.33351
8047.99,0.33124
8050.48,0.3313
8052.98,0.33201
8055.47,0.33251
8057.97,0.33387
8060.46,0.33456
8062.96,0.33476
8065.45,0.33381
8067.95,0.33271
8070.44,0.3308
8072.94,0.32939
8075.43,0.33031
8077.93,0.33036
8080.42,0.33039
8082.92,0.33096
8085.41,0.33023
8087.91,0.33012
8090.4,0.32946
8092.9,0.32795
8095.4,0.32763
8097.89,0.32709
8100.39,0.32775
8102.88,0.32842
8105.38,0.33013
8107.87,0.32994
8110.37,0.32914
8112.86,0.32953
8115.36,0.32816
8117.85,0.32858
8120.35,0.32823
8122.84,0.32883
8125.34,0.33021
8127.83,0.33041
8130.33,0.33035
8132.82,0.32915
8135.32,0.33041
8137.81,0.33003
8140.31,0.3304
8142.8,0.33009
8145.3,0.33034
8147.79,0.32924
8150.29,0.32978
8152.78,0.32962
8155.28,0.32992
8157.77,0.32962
8160.27,0.32984
8162.76,0.32914
8165.26,0.3293
8167.75,0.3292
8170.25,0.32979
8172.75,0.32973
8175.24,0.32951
8177.74,0.32832
8180.23,0.32645
8182.73,0.3253
8185.22,0.32318
8187.72,0.32225
8190.21,0.32168
8192.71,0.32185
8195.2,0.32005
8197.7,0.31915
8200.19,0.31998
8202.69,0.32017
8205.18,0.32151
8207.68,0.32219
8210.17,0.32273
8212.67,0.32347
8215.16,0.32396
8217.66,0.32475
8220.15,0.3255
8222.65,0.3266
8225.14,0.3275
8227.64,0.32744
8230.13,0.32834
8232.63,0.32817
8235.12,0.3279
8237.62,0.32826
8240.11,0.32763
8242.61,0.32739
8245.1,0.32713
8247.6,0.32691
8250.1,0.32664
8252.59,0.32598
8255.08,0.32511
8257.58,0.32646
8260.08,0.32746
8262.57,0.3277
8265.07,0.32876
8267.56,0.32874
8270.06,0.32768
8272.55,0.32766
8275.05,0.32716
8277.54,0.328
8280.04,0.32776
8282.53,0.32745
8285.03,0.32669
8287.52,0.32685
8290.02,0.3253
8292.51,0.32492
8295.01,0.32458
8297.5,0.323
8300.0,0.32284
8302.49,0.32194
8304.99,0.32174
8307.48,0.32082
8309.98,0.31992
8312.47,0.32045
8314.97,0.32134
8317.46,0.32237
8319.96,0.32262
8322.46,0.32161
8324.95,0.31924
8327.44,0.31785
8329.94,0.31604
8332.43,0.31497
8334.93,0.31592
8337.43,0.3155
8339.92,0.31582
8342.42,0.31761
8344.91,0.31764
8347.41,0.3175
8349.9,0.31818
8352.4,0.31884
8354.89,0.31886
8357.39,0.32011
8359.88,0.31928
8362.38,0.31788
8364.87,0.31797
8367.37,0.31804
8369.86,0.31855
8372.36,0.31971
8374.85,0.3194
8377.35,0.31736
8379.84,0.3162
8382.34,0.31414
8384.83,0.31214
8387.33,0.31118
8389.82,0.31155
8392.32,0.31316
8394.81,0.31599
8397.31,0.31775
8399.8,0.3188
8402.3,0.31946
8404.79,0.32046
8407.29,0.32021
8409.79,0.31969
8412.28,0.31932
8414.78,0.31755
8417.27,0.31823
8419.77,0.31624
8422.26,0.31575
8424.76,0.31518
8427.25,0.31444
8429.75,0.31316
8432.24,0.31219
8434.74,0.31102
8437.23,0.30953
8439.73,0.3094
8442.22,0.3106
8444.72,0.31277
8447.21,0.31442
8449.71,0.31599
8452.2,0.31473
8454.7,0.31526
8457.19,0.31418
8459.69,0.31385
8462.18,0.3132
8464.68,0.31095
8467.17,0.31002
8469.67,0.30834
8472.16,0.30931
8474.66,0.30971
8477.15,0.31165
8479.65,0.31244
8482.14,0.31267
8484.64,0.3128
8487.13,0.31306
8489.63,0.30996
8492.12,0.30567
8494.62,0.29825
8497.12,0.29019
8499.61,0.28468
8502.11,0.28472
8504.6,0.2898
8507.1,0.29594
8509.59,0.30065
8512.09,0.30284
8514.58,0.3035
8517.08,0.30238
8519.57,0.3033
8522.07,0.30325
8524.56,0.30537
8527.06,0.305
8529.55,0.30407
8532.05,0.29925
8534.54,0.29214
8537.04,0.27962
8539.53,0.26498
8542.03,0.25239
8544.52,0.2478
8547.02,0.25208
8549.51,0.26414
8552.01,0.2787
8554.5,0.29044
8557.0,0.29856
8559.49,0.30232
8561.99,0.30444
8564.48,0.30614
8566.98,0.30653
8569.47,0.3075
8571.97,0.30706
8574.47,0.30741
8576.96,0.30779
8579.46,0.30762
8581.95,0.30763
8584.45,0.30851
8586.94,0.30836
8589.44,0.30867
8591.93,0.30815
8594.43,0.30714
8596.92,0.30708
8599.42,0.30651
8601.91,0.30642
8604.41,0.30592
8606.9,0.30626
8609.4,0.30606
8611.89,0.30497
8614.39,0.304
8616.88,0.30397
8619.38,0.30402
8621.87,0.30436
8624.37,0.30457
8626.86,0.30453
8629.36,0.30552
8631.85,0.3056
8634.35,0.30738
8636.84,0.30806
8639.34,0.30847
8641.83,0.30827
8644.33,0.30714
8646.83,0.30709
8649.32,0.30495
8651.82,0.30147
8654.31,0.29565
8656.8,0.28617
8659.3,0.27396
8661.8,0.26238
8664.29,0.25715
8666.79,0.25869
8669.28,0.26765
8671.78,0.278
8674.27,0.28831
8676.77,0.29346
8679.26,0.29687
8681.76,0.29839
8684.25,0.29894
8686.75,0.29821
8689.24,0.29739
8691.74,0.29742
8694.23,0.29722
8696.73,0.29905
8699.22,0.30091
8701.72,0.30134
8704.21,0.302
8706.71,0.30173
8709.2,0.30191
8711.7,0.30098
8714.19,0.30076
8716.69,0.3013
8719.18,0.30252
8721.68,0.30365
8724.17,0.30426
8726.67,0.30424
8729.17,0.30466
8731.66,0.30395
8734.16,0.30296
8736.65,0.30329
8739.15,0.30248
8741.64,0.30209
8744.14,0.30193
8746.63,0.30077
8749.13,0.29967
8751.62,0.29905
8754.12,0.29878
8756.61,0.29897
8759.11,0.29943
8761.6,0.30022
8764.1,0.30082
8766.59,0.3
8769.09,0.30024
8771.58,0.30038
8774.08,0.30111
8776.57,0.30044
8779.07,0.30166
8781.56,0.30319
8784.06,0.30298
8786.55,0.30298
8789.05,0.30186
8791.54,0.30209
8794.04,0.29997
8796.53,0.2999
8799.03,0.29833
8801.52,0.29645
8804.02,0.29374
8806.51,0.29158
8809.01,0.29081
8811.5,0.29214
8814.0,0.29479
8816.5,0.2979
8818.99,0.29885
8821.49,0.29893
8823.98,0.29863
8826.48,0.29828
8828.97,0.29927
8831.47,0.3003
8833.96,0.30107
8836.46,0.30086
8838.95,0.3015
8841.45,0.30148
8843.94,0.30241
8846.44,0.30349
8848.93,0.30447
8851.43,0.30436
8853.92,0.30507
8856.42,0.3039
8858.91,0.30191
8861.41,0.29925
8863.9,0.29712
8866.4,0.29557
8868.89,0.29511
8871.39,0.29641
8873.88,0.29717
8876.38,0.29898
8878.87,0.29998
8881.37,0.30053
8883.87,0.30083
8886.36,0.3011
8888.86,0.30133
8891.35,0.30129
8893.84,0.30107
8896.34,0.30083
8898.84,0.30141
8901.33,0.30115
8903.83,0.30077
8906.32,0.30057
8908.82,0.30015
8911.31,0.29933
8913.81,0.29832
8916.3,0.29821
8918.8,0.29657
8921.29,0.29466
8923.79,0.29409
8926.28,0.29404
8928.78,0.29404
8931.27,0.29399
8933.77,0.29462
8936.26,0.29535
8938.76,0.29612
8941.25,0.29501
8943.75,0.29482
8946.24,0.29381
8948.74,0.29402
8951.23,0.29529
8953.73,0.29669
8956.22,0.29786
8958.72,0.29862
8961.21,0.29878
8963.71,0.29836
8966.2,0.29754
8968.7,0.29657
8971.2,0.29662
8973.69,0.29573
8976.19,0.29517
8978.68,0.29486
8981.18,0.295
8983.67,0.29714
8986.17,0.29736
8988.66,0.29687
8991.16,0.29665
8993.65,0.29657
8996.15,0.29632
8998.64,0.29443
9001.14,0.29373
9003.63,0.29154
9006.13,0.28948
9008.62,0.2866
9011.12,0.28401
9013.61,0.28042
9016.11,0.27948
9018.6,0.27971
9021.1,0.28109
9023.59,0.28355
9026.09,0.28583
9028.58,0.28825
9031.08,0.2906
9033.57,0.29274
9036.07,0.29375
9038.56,0.29465
9041.06,0.29504
9043.55,0.29605
9046.05,0.29611
9048.54,0.29505
9051.04,0.29609
9053.54,0.29501
9056.03,0.29442
9058.53,0.29319
9061.02,0.29275
9063.52,0.29121
9066.01,0.29175
9068.51,0.29253
9071.0,0.29279
9073.5,0.29201
9075.99,0.29205
9078.49,0.29116
9080.98,0.28921
9083.48,0.28702
9085.97,0.28521
9088.47,0.28351
9090.96,0.2827
9093.46,0.28229
9095.95,0.28456
9098.45,0.28615
9100.94,0.28787
9103.44,0.28941
9105.93,0.29008
9108.43,0.28951
9110.92,0.28873
9113.42,0.2882
9115.91,0.28782
9118.41,0.28748
9120.9,0.28752
9123.4,0.28816
9125.89,0.28925
9128.39,0.28984
9130.88,0.29053
9133.38,0.28997
9135.88,0.28983
9138.37,0.28791
9140.87,0.28534
9143.36,0.28381
9145.86,0.28245
9148.35,0.28224
9150.85,0.28269
9153.34,0.28302
9155.84,0.28304
9158.33,0.28338
9160.83,0.28357
9163.32,0.28203
9165.82,0.28155
9168.31,0.27877
9170.81,0.27682
9173.3,0.27621
9175.8,0.27521
9178.29,0.27673
9180.79,0.27771
9183.28,0.2789
9185.78,0.2794
9188.27,0.27949
9190.77,0.27895
9193.26,0.2783
9195.76,0.27758
9198.25,0.2772
9200.75,0.2775
9203.24,0.27684
9205.74,0.27687
9208.24,0.27574
9210.73,0.27494
9213.23,0.27435
9215.72,0.27405
9218.22,0.27402
9220.71,0.27445
9223.21,0.27385
9225.7,0.2735
9228.2,0.2716
9230.69,0.27215
9233.19,0.27193
9235.68,0.27301
9238.18,0.27351
9240.67,0.27431
9243.17,0.27464
9245.66,0.27508
9248.16,0.27513
9250.65,0.27405
9253.15,0.273
9255.64,0.27304
9258.14,0.27358
9260.63,0.27412
9263.13,0.27452
9265.62,0.27708
9268.12,0.27811
9270.61,0.2783
9273.11,0.27806
9275.6,0.27742
9278.1,0.2772
9280.59,0.27539
9283.09,0.27498
9285.58,0.27512
9288.08,0.27347
9290.58,0.27341
9293.07,0.27255
9295.57,0.2718
9298.06,0.27259
9300.56,0.27381
9303.05,0.27397
9305.55,0.27424
9308.04,0.274
9310.54,0.27346
9313.03,0.27437
9315.53,0.27296
9318.02,0.27302
9320.52,0.27257
9323.01,0.27323
9325.51,0.27313
9328.0,0.27309
9330.5,0.2735
9332.99,0.27402
9335.49,0.27412
9337.98,0.27466
9340.48,0.27327
9342.97,0.27352
9345.47,0.27254
9347.96,0.27136
9350.46,0.27087
9352.95,0.26908
9355.45,0.26756
9357.94,0.2671
9360.44,0.2668
9362.93,0.26617
9365.43,0.2668
9367.92,0.26669
9370.42,0.26731
9372.92,0.26735
9375.41,0.26796
9377.91,0.26672
9380.4,0.26633
9382.9,0.26681
9385.39,0.2669
9387.89,0.26678
9390.38,0.26692
9392.88,0.26637
9395.37,0.2673
9397.87,0.26629
9400.36,0.26507
9402.86,0.26381
9405.35,0.26298
9407.85,0.26107
9410.34,0.26017
9412.84,0.25936
9415.33,0.2586
9417.83,0.25924
9420.32,0.26043
9422.82,0.26229
9425.31,0.26299
9427.81,0.26331
9430.3,0.26348
9432.8,0.2636
9435.29,0.26265
9437.79,0.26204
9440.28,0.26198
9442.78,0.26118
9445.27,0.2615
9447.77,0.26165
9450.27,0.26207
9452.76,0.26195
9455.25,0.2627
9457.75,0.26328
9460.25,0.2642
9462.74,0.26429
9465.24,0.26545
9467.73,0.26537
9470.23,0.26539
9472.72,0.26587
9475.22,0.26607
9477.71,0.26584
9480.21,0.2654
9482.7,0.26598
9485.2,0.26614
9487.69,0.26578
9490.19,0.26609
9492.68,0.26601
9495.18,0.26652
9497.67,0.26602
9500.17,0.26629
9502.66,0.26693
9505.16,0.26667
9507.65,0.2667
9510.15,0.2668
9512.64,0.26698
9515.14,0.2668
9517.63,0.26676
9520.13,0.26754
9522.62,0.26825
9525.12,0.26882
9527.61,0.26796
9530.11,0.26705
9532.61,0.26687
9535.1,0.26565
9537.6,0.26384
9540.09,0.26178
9542.59,0.26001
9545.08,0.25843
9547.58,0.25783
9550.07,0.2571
9552.57,0.25954
9555.06,0.26168
9557.56,0.2644
9560.05,0.26525
9562.55,0.26599
9565.04,0.26651
9567.54,0.2653
9570.03,0.26513
9572.53,0.26396
9575.02,0.2637
9577.52,0.2636
9580.01,0.26419
9582.51,0.26427
9585.0,0.26484
9587.5,0.26546
9589.99,0.26544
9592.49,0.26518
9594.98,0.26421
9597.48,0.26298
9599.97,0.26195
9602.47,0.26226
9604.96,0.26176
9607.46,0.26172
9609.96,0.26276
9612.45,0.26415
9614.95,0.26475
9617.44,0.26328
9619.94,0.26328
9622.43,0.2628
9624.93,0.2629
9627.42,0.26209
9629.92,0.26202
9632.41,0.2624
9634.91,0.26123
9637.4,0.26047
9639.9,0.25958
9642.39,0.25847
9644.89,0.25845
9647.38,0.25827
9649.88,0.25786
9652.37,0.25848
9654.87,0.25821
9657.36,0.2591
9659.86,0.25865
9662.35,0.25843
9664.85,0.25851
9667.34,0.2595
9669.84,0.25823
9672.33,0.25848
9674.83,0.2572
9677.32,0.25809
9679.82,0.25808
9682.31,0.25805
9684.81,0.25803
9687.3,0.25802
9689.8,0.25793
9692.29,0.25793
9694.79,0.25759
9697.29,0.2576
9699.78,0.2576
9702.28,0.25707
9704.77,0.25684
9707.27,0.25667
9709.76,0.25712
9712.26,0.25746
9714.75,0.25825
9717.25,0.25815
9719.74,0.25796
9722.24,0.25749
9724.73,0.25673
9727.23,0.25643
9729.72,0.25571
9732.22,0.25569
9734.71,0.2552
9737.21,0.25546
9739.7,0.25481
9742.2,0.25424
9744.69,0.25452
9747.19,0.25484
9749.68,0.25573
9752.18,0.25669
9754.67,0.25719
9757.17,0.25748
9759.66,0.25839
9762.16,0.25783
9764.65,0.25692
9767.15,0.25642
9769.64,0.25621
9772.14,0.25582
9774.64,0.25564
9777.13,0.25538
9779.63,0.2545
9782.12,0.25367
9784.62,0.25236
9787.11,0.25198
9789.61,0.25222
9792.1,0.25298
9794.6,0.25448
9797.09,0.25581
9799.59,0.25676
9802.08,0.25751
9804.58,0.25743
9807.07,0.25829
9809.57,0.25812
9812.06,0.25812
9814.56,0.25946
9817.05,0.25934
9819.55,0.2586
9822.04,0.25881
9824.54,0.2591
9827.03,0.25857
9829.53,0.25859
9832.02,0.25787
9834.52,0.25788
9837.01,0.2578
9839.51,0.25825
9842.0,0.2579
9844.5,0.2583
9847.0,0.25911
9849.49,0.25874
9851.99,0.2581
9854.48,0.25771
9856.98,0.2574
9859.47,0.25782
9861.97,0.25725
9864.46,0.25705
9866.96,0.25743
9869.45,0.25699
9871.95,0.25666
9874.44,0.25711
9876.94,0.2565
9879.43,0.25731
9881.93,0.25685
9884.42,0.25652
9886.92,0.25577
9889.41,0.25547
9891.91,0.25485
9894.4,0.25484
9896.9,0.25456
9899.39,0.25451
9901.89,0.25419
9904.38,0.25481
9906.88,0.25402
9909.37,0.25377
9911.87,0.25396
9914.36,0.25356
9916.86,0.25328
9919.35,0.25412
9921.85,0.25348
9924.34,0.2529
9926.84,0.25318
9929.33,0.2524
9931.83,0.25269
9934.33,0.25274
9936.82,0.25314
9939.32,0.25332
9941.81,0.25331
9944.31,0.25336
9946.8,0.25259
9949.3,0.25285
9951.79,0.25296
9954.29,0.25298
9956.78,0.25419
9959.28,0.25341
9961.77,0.25423
9964.27,0.25347
9966.76,0.25404
9969.26,0.25334
9971.75,0.25342
9974.25,0.25342
9976.74,0.25332
9979.24,0.25299
9981.73,0.25312
9984.23,0.25286
9986.72,0.25251
9989.22,0.25304
9991.71,0.25194
9994.21,0.25252
9996.7,0.25209
9999.2,0.25139
10001.7,0.25057
10004.2,0.2509
10006.7,0.25078
10009.2,0.25144
10011.7,0.25181
10014.2,0.25279
10016.7,0.2532
10019.2,0.25372
10021.7,0.254
10024.2,0.25343
10026.6,0.25378
10029.1,0.25239
10031.6,0.25167
10034.1,0.25101
10036.6,0.24968
10039.1,0.24902
10041.6,0.24832
10044.1,0.24722
10046.6,0.24663
10049.1,0.24492
10051.6,0.24411
10054.1,0.2436
10056.6,0.24483
10059.1,0.24521
10061.6,0.24597
10064.1,0.24663
10066.6,0.24678
10069.1,0.24797
10071.6,0.24908
10074.1,0.24892
10076.5,0.24889
10079.0,0.24979
10081.5,0.2493
10084.0,0.24953
10086.5,0.24939
10089.0,0.24954
10091.5,0.25003
10094.0,0.25057
10096.5,0.25132
10099.0,0.25155
10101.5,0.25141
10104.0,0.25113
10106.5,0.25093
10109.0,0.2504
10111.5,0.24987
10114.0,0.24889
10116.5,0.24845
10119.0,0.24824
10121.5,0.24825
10124.0,0.24826
10126.5,0.24875
10128.9,0.24845
10131.4,0.2483
10133.9,0.24857
10136.4,0.24792
10138.9,0.24666
10141.4,0.247
10143.9,0.24635
10146.4,0.24548
10148.9,0.24584
10151.4,0.24611
10153.9,0.24579
10156.4,0.24629
10158.9,0.2476
10161.4,0.24682
10163.9,0.24691
10166.4,0.24695
10168.9,0.24726
10171.4,0.24644
10173.9,0.24635
10176.4,0.24651
10178.9,0.24716
10181.3,0.24655
10183.8,0.24661
10186.3,0.2457
10188.8,0.24548
10191.3,0.24543
10193.8,0.24421
10196.3,0.24452
10198.8,0.24439
10201.3,0.24411
10203.8,0.24525
10206.3,0.24514
10208.8,0.24441
10211.3,0.24422
10213.8,0.2443
10216.3,0.24347
10218.8,0.24315
10221.3,0.24301
10223.8,0.24338
10226.3,0.24383
10228.8,0.24388
10231.2,0.24363
10233.7,0.24449
10236.2,0.24439
10238.7,0.24416
10241.2,0.24477
10243.7,0.24473
10246.2,0.24368
10248.7,0.2439
10251.2,0.24356
10253.7,0.24343
10256.2,0.24305
10258.7,0.24274
10261.2,0.24245
10263.7,0.24213
10266.2,0.24211
10268.7,0.24249
10271.2,0.24213
10273.7,0.24195
10276.2,0.24276
10278.7,0.24212
10281.2,0.24198
10283.6,0.24236
10286.1,0.24179
10288.6,0.24233
10291.1,0.24158
10293.6,0.24124
10296.1,0.24047
10298.6,0.24128
10301.1,0.24099
10303.6,0.2409
10306.1,0.24156
10308.6,0.24137
10311.1,0.24205
10313.6,0.24213
10316.1,0.24124
10318.6,0.2416
10321.1,0.24079
10323.6,0.23957
10326.1,0.23889
10328.6,0.23752
10331.1,0.23677
10333.5,0.23675
10336.0,0.23625
10338.5,0.23633
10341.0,0.23626
10343.5,0.23622
10346.0,0.2365
10348.5,0.23671
10351.0,0.23627
10353.5,0.23781
10356.0,0.23959
10358.5,0.23898
10361.0,0.23995
10363.5,0.23961
10366.0,0.23889
10368.5,0.23905
10371.0,0.23812
10373.5,0.23691
10376.0,0.23743
10378.5,0.23697
10381.0,0.23678
10383.5,0.23752
10385.9,0.23719
10388.4,0.23739
10390.9,0.23693
10393.4,0.23672
10395.9,0.23628
10398.4,0.23523
10400.9,0.23519
10403.4,0.23592
10405.9,0.23666
10408.4,0.23709
10410.9,0.2376
10413.4,0.23767
10415.9,0.23803
10418.4,0.23765
10420.9,0.23697
10423.4,0.23603
10425.9,0.23657
10428.4,0.23619
10430.9,0.23619
10433.4,0.23649
10435.9,0.23648
10438.3,0.23746
10440.8,0.23777
10443.3,0.23739
10445.8,0.2372
10448.3,0.23753
10450.8,0.23644
10453.3,0.23624
10455.8,0.23566
10458.3,0.23542
10460.8,0.23547
10463.3,0.2352
10465.8,0.23521
10468.3,0.23496
10470.8,0.23486
10473.3,0.23526
10475.8,0.23469
10478.3,0.23522
10480.8,0.23574
10483.3,0.23563
10485.8,0.23517
10488.2,0.23544
10490.7,0.23485
10493.2,0.23381
10495.7,0.23307
10498.2,0.23305
10500.7,0.23315
10503.2,0.23337
10505.7,0.23384
10508.2,0.23357
10510.7,0.23393
10513.2,0.23411
10515.7,0.234
10518.2,0.23418
10520.7,0.2339
10523.2,0.23414
10525.7,0.23393
10528.2,0.23382
10530.7,0.23326
10533.2,0.23308
10535.7,0.23287
10538.2,0.23293
10540.6,0.23344
10543.1,0.23368
10545.6,0.23359
10548.1,0.2339
10550.6,0.23361
10553.1,0.23369
10555.6,0.23396
10558.1,0.23314
10560.6,0.23273
10563.1,0.23344
10565.6,0.23323
10568.1,0.23197
10570.6,0.23284
10573.1,0.23157
10575.6,0.23146
10578.1,0.23094
10580.6,0.22937
10583.1,0.22793
10585.6,0.22677
10588.1,0.22696
10590.6,0.22752
10593.0,0.22831
10595.5,0.22922
10598.0,0.22953
10600.5,0.22956
10603.0,0.22874
10605.5,0.22807
10608.0,0.22835
10610.5,0.22806
10613.0,0.22848
10615.5,0.22859
10618.0,0.2295
10620.5,0.22968
10623.0,0.2303
10625.5,0.22982
10628.0,0.23036
10630.5,0.23072
10633.0,0.2302
10635.5,0.23047
10638.0,0.23105
10640.5,0.23109
10642.9,0.23082
10645.4,0.23056
10647.9,0.23004
10650.4,0.22936
10652.9,0.22904
10655.4,0.22814
10657.9,0.22705
10660.4,0.22631
10662.9,0.22531
10665.4,0.2249
10667.9,0.22525
10670.4,0.22625
10672.9,0.22614
10675.4,0.22734
10677.9,0.22662
10680.4,0.22677
10682.9,0.22624
10685.4,0.22527
10687.9,0.22462
10690.4,0.22356
10692.9,0.22378
10695.3,0.22422
10697.8,0.22461
10700.3,0.22528
10702.8,0.22628
10705.3,0.22703
10707.8,0.22717
10710.3,0.22749
10712.8,0.22787
10715.3,0.22759
10717.8,0.22741
10720.3,0.22692
10722.8,0.22502
10725.3,0.22419
10727.8,0.22317
10730.3,0.22219
10732.8,0.22281
10735.3,0.22311
10737.8,0.2231
10740.3,0.22447
10742.8,0.22455
10745.3,0.2245
10747.7,0.22386
10750.2,0.22376
10752.7,0.2231
10755.2,0.22338
10757.7,0.2234
10760.2,0.22448
10762.7,0.22528
10765.2,0.22586
10767.7,0.22559
10770.2,0.22523
10772.7,0.22538
10775.2,0.22429
10777.7,0.22285
10780.2,0.22304
10782.7,0.22137
10785.2,0.22058
10787.7,0.22071
10790.2,0.22064
10792.7,0.22112
10795.2,0.22242
10797.6,0.22338
10800.1,0.22379
10802.6,0.22365
10805.1,0.22386
10807.6,0.22222
10810.1,0.22132
10812.6,0.22087
10815.1,0.22004
10817.6,0.21878
10820.1,0.21905
10822.6,0.21807
10825.1,0.21781
10827.6,0.21698
10830.1,0.21753
10832.6,0.21804
10835.1,0.21876
10837.6,0.22023
10840.1,0.22064
10842.6,0.22069
10845.1,0.22151
10847.6,0.22086
10850.0,0.22164
10852.5,0.22195
10855.0,0.22209
10857.5,0.22206
10860.0,0.22175
10862.5,0.22076
10865.0,0.21902
10867.5,0.21797
10870.0,0.216
10872.5,0.21478
10875.0,0.21477
10877.5,0.21519
10880.0,0.21464
10882.5,0.21577
10885.0,0.21583
10887.5,0.21666
10890.0,0.2169
10892.5,0.21724
10895.0,0.21795
10897.5,0.21845
10900.0,0.21918
10902.4,0.21918
10904.9,0.21892
10907.4,0.21938
10909.9,0.21892
10912.4,0.21853
10914.9,0.21851
10917.4,0.21742
10919.9,0.21687
10922.4,0.216
10924.9,0.21536
10927.4,0.21431
10929.9,0.2128
10932.4,0.21162
10934.9,0.21145
10937.4,0.2105
10939.9,0.21041
10942.4,0.21089
10944.9,0.21151
10947.4,0.21201
10949.9,0.21241
10952.3,0.21259
10954.8,0.21237
10957.3,0.21139
10959.8,0.21024
10962.3,0.20862
10964.8,0.2073
10967.3,0.20574
10969.8,0.20562
10972.3,0.20528
10974.8,0.20518
10977.3,0.20522
10979.8,0.20612
10982.3,0.20627
10984.8,0.20621
10987.3,0.20695
10989.8,0.20749
10992.3,0.20774
10994.8,0.20677
10997.3,0.20777
10999.8,0.20727
