wave,flux
3700.85,0.17304
3701.75,0.17095
3702.65,0.16473
3703.55,0.15593
3704.45,0.14627
3705.35,0.13804
3706.25,0.1314
3707.15,0.12804
3708.05,0.12822
3708.96,0.13015
3709.86,0.13509
3710.76,0.14136
3711.66,0.14962
3712.56,0.15853
3713.46,0.16615
3714.36,0.17243
3715.26,0.1755
3716.16,0.17445
3717.06,0.16973
3717.96,0.16075
3718.86,0.14863
3719.76,0.13717
3720.66,0.12585
3721.56,0.1192
3722.46,0.11806
3723.36,0.1227
3724.26,0.13033
3725.16,0.13983
3726.06,0.14673
3726.96,0.15094
3727.86,0.15185
3728.76,0.15191
3729.66,0.1504
3730.56,0.14648
3731.46,0.14147
3732.36,0.13238
3733.26,0.1222
3734.16,0.11209
3735.06,0.10405
3735.96,0.10099
3736.86,0.10234
3737.76,0.10854
3738.66,0.11862
3739.56,0.12917
3740.46,0.139
3741.36,0.14516
3742.26,0.14718
3743.16,0.14346
3744.06,0.138
3744.96,0.12979
3745.86,0.12232
3746.76,0.11555
3747.67,0.1093
3748.57,0.10535
3749.47,0.10404
3750.37,0.1072
3751.27,0.11446
3752.17,0.12588
3753.07,0.13834
3753.97,0.15015
3754.87,0.15808
3755.77,0.16204
3756.67,0.16092
3757.57,0.15545
3758.47,0.14813
3759.37,0.14275
3760.27,0.13985
3761.17,0.14053
3762.07,0.14234
3762.97,0.1451
3763.87,0.14695
3764.77,0.14785
3765.67,0.14762
3766.57,0.14658
3767.47,0.14652
3768.37,0.14556
3769.27,0.14516
3770.17,0.14648
3771.07,0.14942
3771.97,0.1531
3772.87,0.15862
3773.77,0.16442
3774.67,0.1688
3775.57,0.17208
3776.47,0.17429
3777.37,0.1782
3778.27,0.18057
3779.17,0.18285
3780.07,0.1872
3780.97,0.19108
3781.87,0.1944
3782.77,0.19628
3783.67,0.19533
3784.57,0.1916
3785.47,0.18615
3786.38,0.17888
3787.28,0.17179
3788.18,0.16428
3789.08,0.15858
3789.98,0.15518
3790.88,0.15411
3791.78,0.15275
3792.68,0.15159
3793.58,0.14936
3794.48,0.14563
3795.38,0.14009
3796.28,0.13494
3797.18,0.13051
3798.08,0.12784
3798.98,0.12782
3799.88,0.13182
3800.78,0.13942
3801.68,0.14922
3802.58,0.15944
3803.48,0.16919
3804.38,0.17466
3805.28,0.17799
3806.18,0.17808
3807.08,0.17811
3807.98,0.17919
3808.88,0.18015
3809.78,0.18138
3810.68,0.18204
3811.58,0.18089
3812.48,0.17626
3813.38,0.17088
3814.28,0.16294
3815.18,0.15531
3816.08,0.15078
3816.98,0.1477
3817.88,0.14652
3818.78,0.14497
3819.68,0.14325
3820.58,0.14071
3821.48,0.13853
3822.38,0.13636
3823.28,0.13553
3824.18,0.13148
3825.09,0.12821
3825.99,0.12318
3826.89,0.11943
3827.79,0.1171
3828.69,0.11588
3829.59,0.11533
3830.49,0.11439
3831.39,0.11243
3832.29,0.10941
3833.19,0.10589
3834.09,0.10243
3834.99,0.10049
3835.89,0.09966
3836.79,0.10054
3837.69,0.10124
3838.59,0.10354
3839.49,0.10662
3840.39,0.11121
3841.29,0.11806
3842.19,0.12724
3843.09,0.13682
3843.99,0.14564
3844.89,0.15291
3845.79,0.15893
3846.69,0.16206
3847.59,0.16387
3848.49,0.164
3849.39,0.16512
3850.29,0.16502
3851.19,0.16473
3852.09,0.16481
3852.99,0.16449
3853.89,0.16378
3854.79,0.16191
3855.69,0.15829
3856.59,0.15404
3857.49,0.14903
3858.39,0.14541
3859.29,0.14227
3860.19,0.14119
3861.09,0.14369
3861.99,0.14885
3862.9,0.15534
3863.8,0.16159
3864.7,0.1671
3865.6,0.16835
3866.5,0.16857
3867.4,0.1677
3868.3,0.16519
3869.2,0.16215
3870.1,0.15806
3871.0,0.15405
3871.9,0.14991
3872.8,0.14866
3873.7,0.14957
3874.6,0.15217
3875.5,0.15509
3876.4,0.15727
3877.3,0.15766
3878.2,0.15557
3879.1,0.15328
3880.0,0.15136
3880.9,0.15049
3881.8,0.15004
3882.7,0.14981
3883.6,0.14852
3884.5,0.1465
3885.4,0.1438
3886.3,0.13899
3887.2,0.13451
3888.1,0.13169
3889.0,0.13128
3889.9,0.13377
3890.8,0.14027
3891.7,0.14768
3892.6,0.15542
3893.5,0.16144
3894.4,0.16643
3895.3,0.17014
3896.2,0.17185
3897.1,0.1742
3898.0,0.17513
3898.9,0.17653
3899.8,0.1777
3900.7,0.1783
3901.6,0.17827
3902.51,0.17662
3903.41,0.17581
3904.31,0.17397
3905.21,0.17189
3906.11,0.17177
3907.01,0.1744
3907.91,0.17847
3908.81,0.18413
3909.71,0.19089
3910.61,0.19516
3911.51,0.20059
3912.41,0.20276
3913.31,0.20334
3914.21,0.2026
3915.11,0.20069
3916.01,0.19845
3916.91,0.19421
3917.81,0.1913
3918.71,0.18562
3919.61,0.18065
3920.51,0.17517
3921.41,0.17027
3922.31,0.16765
3923.21,0.16539
3924.11,0.16326
3925.01,0.15986
3925.91,0.15445
3926.81,0.14655
3927.71,0.13562
3928.61,0.12368
3929.51,0.11003
3930.41,0.09612
3931.31,0.083237
3932.21,0.072305
3933.11,0.063798
3934.01,0.058772
3934.91,0.058383
3935.81,0.062396
3936.71,0.069969
3937.61,0.081313
3938.51,0.09428
3939.42,0.10818
3940.32,0.12053
3941.22,0.13029
3942.12,0.1378
3943.02,0.14362
3943.92,0.14913
3944.82,0.15438
3945.72,0.16104
3946.62,0.1672
3947.52,0.17325
3948.42,0.1798
3949.32,0.18474
3950.22,0.18877
3951.12,0.19207
3952.02,0.19368
3952.92,0.19521
3953.82,0.19709
3954.72,0.19646
3955.62,0.19655
3956.52,0.19468
3957.42,0.19256
3958.32,0.18978
3959.22,0.18515
3960.12,0.17962
3961.02,0.17075
3961.92,0.1601
3962.82,0.1471
3963.72,0.13495
3964.62,0.12251
3965.52,0.11018
3966.42,0.097671
3967.32,0.085728
3968.22,0.076292
3969.12,0.070299
3970.02,0.069591
3970.92,0.074043
3971.82,0.082683
3972.72,0.094528
3973.62,0.10865
3974.52,0.12364
3975.42,0.13786
3976.32,0.15181
3977.22,0.16453
3978.13,0.1765
3979.03,0.18715
3979.93,0.19574
3980.83,0.20264
3981.73,0.20687
3982.63,0.20966
3983.53,0.21001
3984.43,0.21176
3985.33,0.21436
3986.23,0.21663
3987.13,0.2186
3988.03,0.22201
3988.93,0.22541
3989.83,0.22711
3990.73,0.23025
3991.63,0.23181
3992.53,0.234
3993.43,0.23337
3994.33,0.23357
3995.23,0.2327
3996.13,0.2301
3997.03,0.22811
3997.93,0.22858
3998.83,0.22936
3999.73,0.23291
4000.63,0.23726
4001.53,0.24047
4002.43,0.24282
4003.33,0.24194
4004.23,0.23906
4005.13,0.23523
4006.03,0.23066
4006.93,0.22935
4007.83,0.22896
4008.73,0.23233
4009.63,0.23803
4010.53,0.2424
4011.43,0.24441
4012.33,0.24696
4013.23,0.24905
4014.13,0.25
4015.03,0.2506
4015.93,0.25153
4016.84,0.25264
4017.74,0.2526
4018.64,0.25366
4019.54,0.25404
4020.44,0.25521
4021.34,0.25484
4022.24,0.25503
4023.14,0.25419
4024.04,0.25352
4024.94,0.25361
4025.84,0.25494
4026.74,0.25594
4027.64,0.25648
4028.54,0.25552
4029.44,0.25197
4030.34,0.24572
4031.24,0.23768
4032.14,0.23056
4033.04,0.22536
4033.94,0.2245
4034.84,0.22759
4035.74,0.2338
4036.64,0.24209
4037.54,0.24969
4038.44,0.25708
4039.34,0.26128
4040.24,0.26154
4041.14,0.26021
4042.04,0.25657
4042.94,0.25
4043.84,0.24186
4044.74,0.23251
4045.64,0.22566
4046.54,0.22147
4047.44,0.22328
4048.34,0.22957
4049.24,0.23827
4050.14,0.24632
4051.04,0.25231
4051.94,0.25513
4052.84,0.25476
4053.74,0.25218
4054.65,0.24719
4055.55,0.24365
4056.45,0.23996
4057.35,0.23817
4058.25,0.23586
4059.15,0.23656
4060.05,0.23639
4060.95,0.23672
4061.85,0.23485
4062.75,0.23139
4063.65,0.22724
4064.55,0.22505
4065.45,0.22425
4066.35,0.2252
4067.25,0.23028
4068.15,0.23485
4069.05,0.23981
4069.95,0.24197
4070.85,0.2421
4071.75,0.24076
4072.65,0.23956
4073.55,0.23922
4074.45,0.23753
4075.35,0.23425
4076.25,0.23107
4077.15,0.22854
4078.05,0.22704
4078.95,0.22784
4079.85,0.23161
4080.75,0.23795
4081.65,0.24403
4082.55,0.24931
4083.45,0.25181
4084.35,0.25341
4085.25,0.25462
4086.15,0.25728
4087.05,0.25994
4087.95,0.26316
4088.85,0.2682
4089.75,0.27097
4090.65,0.27108
4091.55,0.27093
4092.45,0.26863
4093.36,0.26406
4094.26,0.25994
4095.16,0.25415
4096.06,0.248
4096.96,0.24183
4097.86,0.23424
4098.76,0.22541
4099.66,0.21806
4100.56,0.20946
4101.46,0.20405
4102.36,0.19986
4103.26,0.19956
4104.16,0.2054
4105.06,0.21303
4105.96,0.22289
4106.86,0.23212
4107.76,0.23786
4108.66,0.24254
4109.56,0.24435
4110.46,0.24679
4111.36,0.24675
4112.26,0.24954
4113.16,0.25222
4114.06,0.25515
4114.96,0.25873
4115.86,0.26095
4116.76,0.26186
4117.66,0.26062
4118.56,0.25945
4119.46,0.25624
4120.36,0.25441
4121.26,0.25266
4122.16,0.25239
4123.06,0.25397
4123.96,0.25506
4124.86,0.25566
4125.76,0.25677
4126.66,0.25658
4127.56,0.25368
4128.46,0.25277
4129.36,0.25008
4130.26,0.24592
4131.17,0.24317
4132.06,0.24041
4132.97,0.23657
4133.87,0.23703
4134.77,0.23995
4135.67,0.2442
4136.57,0.25005
4137.47,0.25556
4138.37,0.2588
4139.27,0.26299
4140.17,0.26235
4141.07,0.25959
4141.97,0.2551
4142.87,0.2479
4143.77,0.24345
4144.67,0.23959
4145.57,0.23913
4146.47,0.24117
4147.37,0.24603
4148.27,0.24852
4149.17,0.24987
4150.07,0.2505
4150.97,0.24924
4151.87,0.2472
4152.77,0.2454
4153.67,0.24412
4154.57,0.24291
4155.47,0.24284
4156.37,0.2432
4157.27,0.24551
4158.17,0.24736
4159.07,0.25066
4159.97,0.25459
4160.87,0.25841
4161.77,0.26298
4162.67,0.26396
4163.57,0.26643
4164.47,0.26576
4165.37,0.26476
4166.27,0.262
4167.17,0.25965
4168.07,0.2575
4168.98,0.25418
4169.88,0.25232
4170.78,0.24859
4171.68,0.24374
4172.58,0.2396
4173.48,0.23558
4174.38,0.23259
4175.28,0.2317
4176.18,0.23374
4177.08,0.23451
4177.98,0.23787
4178.88,0.2396
4179.78,0.24285
4180.68,0.24435
4181.58,0.24613
4182.48,0.24783
4183.38,0.24724
4184.28,0.24879
4185.18,0.24807
4186.08,0.25006
4186.98,0.24898
4187.88,0.24794
4188.78,0.24769
4189.68,0.24851
4190.58,0.25092
4191.48,0.25361
4192.38,0.25627
4193.28,0.25858
4194.18,0.25788
4195.08,0.25493
4195.98,0.25263
4196.88,0.24676
4197.78,0.24061
4198.68,0.23716
4199.58,0.23362
4200.48,0.23281
4201.38,0.23238
4202.28,0.23411
4203.18,0.23574
4204.08,0.24055
4204.98,0.24566
4205.88,0.25076
4206.79,0.25503
4207.69,0.25865
4208.59,0.26259
4209.49,0.26474
4210.39,0.26501
4211.29,0.26708
4212.19,0.26424
4213.09,0.26261
4213.99,0.25928
4214.89,0.2576
4215.79,0.25553
4216.69,0.25575
4217.59,0.25697
4218.49,0.26
4219.39,0.26391
4220.29,0.26844
4221.19,0.26987
4222.09,0.26476
4222.99,0.25871
4223.89,0.24937
4224.79,0.23648
4225.69,0.22503
4226.59,0.21639
4227.49,0.21185
4228.39,0.21317
4229.29,0.22143
4230.19,0.23274
4231.09,0.24301
4231.99,0.25072
4232.89,0.2553
4233.79,0.25583
4234.69,0.25498
4235.59,0.25216
4236.49,0.24951
4237.39,0.24803
4238.29,0.2483
4239.19,0.25132
4240.09,0.2529
4240.99,0.25724
4241.89,0.26195
4242.79,0.26545
4243.69,0.26954
4244.59,0.27221
4245.5,0.27103
4246.4,0.26997
4247.3,0.26648
4248.2,0.26166
4249.1,0.25699
4250.0,0.25106
4250.9,0.24816
4251.8,0.24743
4252.7,0.24792
4253.6,0.25022
4254.5,0.25064
4255.4,0.25205
4256.3,0.25343
4257.2,0.25361
4258.1,0.25385
4259.0,0.25233
4259.9,0.24942
4260.8,0.24882
4261.7,0.24844
4262.6,0.25327
4263.5,0.25999
4264.4,0.26706
4265.3,0.27242
4266.2,0.27476
4267.1,0.27392
4268.0,0.27016
4268.9,0.26341
4269.8,0.2548
4270.7,0.24484
4271.6,0.23584
4272.5,0.22895
4273.4,0.22527
4274.3,0.22551
4275.2,0.23041
4276.1,0.23671
4277.0,0.24452
4277.9,0.25218
4278.8,0.25664
4279.7,0.2609
4280.6,0.26093
4281.5,0.26165
4282.4,0.25887
4283.31,0.25836
4284.21,0.25546
4285.11,0.25366
4286.01,0.25039
4286.91,0.24659
4287.81,0.24214
4288.71,0.23804
4289.61,0.23246
4290.51,0.23056
4291.41,0.23038
4292.31,0.23226
4293.21,0.23559
4294.11,0.23721
4295.01,0.24
4295.91,0.23668
4296.81,0.23361
4297.71,0.22653
4298.61,0.21809
4299.51,0.20965
4300.41,0.20226
4301.31,0.19683
4302.21,0.19374
4303.11,0.19183
4304.01,0.19229
4304.91,0.19176
4305.81,0.19052
4306.71,0.18971
4307.61,0.18806
4308.51,0.18617
4309.41,0.18666
4310.31,0.18994
4311.21,0.19601
4312.11,0.20363
4313.01,0.21546
4313.91,0.22774
4314.81,0.24216
4315.71,0.25643
4316.61,0.27175
4317.51,0.28234
4318.41,0.29078
4319.31,0.29465
4320.21,0.29557
4321.12,0.29067
4322.02,0.28175
4322.92,0.27225
4323.82,0.26094
4324.72,0.25135
4325.62,0.24355
4326.52,0.24119
4327.42,0.24397
4328.32,0.2512
4329.22,0.26199
4330.12,0.27115
4331.02,0.28033
4331.92,0.28541
4332.82,0.28856
4333.72,0.28952
4334.62,0.28687
4335.52,0.28268
4336.42,0.27391
4337.32,0.26339
4338.22,0.25199
4339.12,0.2387
4340.02,0.22819
4340.92,0.22202
4341.82,0.22166
4342.72,0.22541
4343.62,0.2334
4344.52,0.24532
4345.42,0.25471
4346.32,0.26387
4347.22,0.27238
4348.12,0.27801
4349.02,0.28042
4349.92,0.27947
4350.82,0.27679
4351.72,0.272
4352.62,0.26896
4353.52,0.26703
4354.42,0.26788
4355.32,0.27091
4356.22,0.27455
4357.12,0.27906
4358.02,0.28276
4358.92,0.28431
4359.83,0.28726
4360.73,0.29122
4361.63,0.29261
4362.53,0.29666
4363.43,0.29966
4364.33,0.30288
4365.23,0.30324
4366.13,0.30246
4367.03,0.30182
4367.93,0.29806
4368.83,0.29423
4369.73,0.29145
4370.63,0.28782
4371.53,0.28527
4372.43,0.28157
4373.33,0.27975
4374.23,0.27594
4375.13,0.27389
4376.03,0.27325
4376.93,0.27329
4377.83,0.27533
4378.73,0.27919
4379.63,0.28081
4380.53,0.27606
4381.43,0.26986
4382.33,0.2609
4383.23,0.25083
4384.13,0.24206
4385.03,0.23787
4385.93,0.23766
4386.83,0.2413
4387.73,0.24707
4388.63,0.25306
4389.53,0.26103
4390.43,0.26454
4391.33,0.2684
4392.23,0.27187
4393.13,0.27373
4394.03,0.27677
4394.93,0.27923
4395.83,0.28199
4396.73,0.28425
4397.64,0.28757
4398.54,0.28857
4399.44,0.28822
4400.34,0.2861
4401.24,0.28273
4402.14,0.27804
4403.04,0.274
4403.94,0.26992
4404.84,0.26553
4405.74,0.26329
4406.64,0.26215
4407.54,0.26295
4408.44,0.26828
4409.34,0.27391
4410.24,0.28156
4411.14,0.288
4412.04,0.29376
4412.94,0.29591
4413.84,0.29651
4414.74,0.29274
4415.64,0.2913
4416.54,0.28924
4417.44,0.28985
4418.34,0.29094
4419.24,0.29587
4420.14,0.29845
4421.04,0.30087
4421.94,0.30025
4422.84,0.30044
4423.74,0.29847
4424.64,0.29825
4425.54,0.29711
4426.44,0.29712
4427.34,0.29766
4428.24,0.29814
4429.14,0.2962
4430.04,0.29608
4430.94,0.29473
4431.84,0.29388
4432.74,0.29246
4433.64,0.29125
4434.54,0.28777
4435.45,0.28593
4436.35,0.28907
4437.25,0.29036
4438.15,0.2964
4439.05,0.29883
4439.95,0.30214
4440.85,0.30102
4441.75,0.30088
4442.65,0.29906
4443.55,0.2974
4444.45,0.29694
4445.35,0.29908
4446.25,0.30285
4447.15,0.30624
4448.05,0.30961
4448.95,0.31253
4449.85,0.31002
4450.75,0.30934
4451.65,0.30591
4452.55,0.30476
4453.45,0.29822
4454.35,0.29205
4455.25,0.28733
4456.15,0.28213
4457.05,0.27841
4457.95,0.27445
4458.85,0.27242
4459.75,0.27405
4460.65,0.27405
4461.55,0.27559
4462.45,0.2778
4463.35,0.28182
4464.25,0.2853
4465.15,0.28989
4466.05,0.2923
4466.95,0.295
4467.85,0.29628
4468.75,0.29818
4469.65,0.29842
4470.55,0.30032
4471.45,0.30339
4472.35,0.30744
4473.25,0.31192
4474.16,0.31669
4475.06,0.32028
4475.96,0.32483
4476.86,0.32595
4477.76,0.32548
4478.66,0.32337
4479.56,0.31918
4480.46,0.31505
4481.36,0.31101
4482.26,0.30835
4483.16,0.30739
4484.06,0.30948
4484.96,0.314
4485.86,0.31725
4486.76,0.31945
4487.66,0.32053
4488.56,0.31886
4489.46,0.31605
4490.36,0.31443
4491.26,0.31106
4492.16,0.31037
4493.06,0.30964
4493.96,0.30865
4494.86,0.30889
4495.76,0.30841
4496.66,0.30867
4497.56,0.31228
4498.46,0.31473
4499.36,0.3183
4500.26,0.32207
4501.16,0.32633
4502.06,0.33001
4502.96,0.33198
4503.86,0.33729
4504.76,0.34099
4505.66,0.34277
4506.56,0.34328
4507.46,0.34322
4508.36,0.34385
4509.26,0.34323
4510.17,0.34285
4511.06,0.34097
4511.97,0.33853
4512.87,0.3353
4513.77,0.33344
4514.67,0.33043
4515.57,0.3266
4516.47,0.32781
4517.37,0.3256
4518.27,0.32456
4519.17,0.32614
4520.07,0.32643
4520.97,0.32808
4521.87,0.32748
4522.77,0.32441
4523.67,0.32049
4524.57,0.31641
4525.47,0.31053
4526.37,0.30473
4527.27,0.2985
4528.17,0.29298
4529.07,0.28965
4529.97,0.28836
4530.87,0.28724
4531.77,0.28745
4532.67,0.28866
4533.57,0.29109
4534.47,0.29283
4535.37,0.29718
4536.27,0.29996
4537.17,0.30471
4538.07,0.30985
4538.97,0.31612
4539.87,0.31899
4540.77,0.32138
4541.67,0.32133
4542.57,0.3219
4543.47,0.32091
4544.37,0.31893
4545.27,0.31856
4546.17,0.31688
4547.07,0.31389
4547.97,0.31322
4548.88,0.31092
4549.77,0.30884
4550.68,0.30752
4551.58,0.30802
4552.48,0.30764
4553.38,0.30745
4554.28,0.30906
4555.18,0.30747
4556.08,0.3133
4556.98,0.31587
4557.88,0.32135
4558.78,0.32508
4559.68,0.3288
4560.58,0.33271
4561.48,0.3339
4562.38,0.33328
4563.28,0.33083
4564.18,0.32893
4565.08,0.3265
4565.98,0.32681
4566.88,0.3264
4567.78,0.32676
4568.68,0.33037
4569.58,0.33047
4570.48,0.33075
4571.38,0.33126
4572.28,0.3305
4573.18,0.33049
4574.08,0.33279
4574.98,0.33422
4575.88,0.33249
4576.78,0.33217
4577.68,0.33156
4578.58,0.3307
4579.48,0.32406
4580.38,0.32187
4581.28,0.31793
4582.18,0.31512
4583.08,0.31483
4583.98,0.31385
4584.88,0.31556
4585.78,0.31676
4586.69,0.318
4587.58,0.32095
4588.49,0.32404
4589.39,0.3263
4590.29,0.32852
4591.19,0.32657
4592.09,0.32508
4592.99,0.32219
4593.89,0.32216
4594.79,0.32045
4595.69,0.31946
4596.59,0.31726
4597.49,0.31783
4598.39,0.31894
4599.29,0.31851
4600.19,0.31976
4601.09,0.31925
4601.99,0.32006
4602.89,0.32064
4603.79,0.32186
4604.69,0.32236
4605.59,0.32427
4606.49,0.32831
4607.39,0.3326
4608.29,0.33534
4609.19,0.33887
4610.09,0.34154
4610.99,0.34301
4611.89,0.34237
4612.79,0.34294
4613.69,0.34304
4614.59,0.34256
4615.49,0.3402
4616.39,0.34065
4617.29,0.34121
4618.19,0.34061
4619.09,0.33999
4619.99,0.34163
4620.89,0.34207
4621.79,0.34178
4622.69,0.3421
4623.59,0.34254
4624.5,0.34426
4625.4,0.34281
4626.3,0.34285
4627.2,0.34123
4628.1,0.34103
4629.0,0.34056
4629.9,0.34028
4630.8,0.33932
4631.7,0.33894
4632.6,0.3389
4633.5,0.33715
4634.4,0.33592
4635.3,0.33249
4636.2,0.3317
4637.1,0.32905
4638.0,0.32705
4638.9,0.32496
4639.8,0.324
4640.7,0.32408
4641.6,0.32574
4642.5,0.32561
4643.4,0.32441
4644.3,0.32318
4645.2,0.32012
4646.1,0.31627
4647.0,0.3136
4647.9,0.31337
4648.8,0.31304
4649.7,0.31457
4650.6,0.317
4651.5,0.31875
4652.4,0.32181
4653.3,0.32362
4654.2,0.32524
4655.1,0.32652
4656.0,0.32693
4656.9,0.32851
4657.8,0.33142
4658.7,0.33416
4659.6,0.33924
4660.5,0.3396
4661.4,0.34164
4662.3,0.33938
4663.21,0.33645
4664.11,0.3307
4665.01,0.32404
4665.91,0.31789
4666.81,0.31255
4667.71,0.30873
4668.61,0.3035
4669.51,0.30427
4670.41,0.30886
4671.31,0.31247
4672.21,0.31652
4673.11,0.32009
4674.01,0.32515
4674.91,0.32857
4675.81,0.32804
4676.71,0.33025
4677.61,0.33059
4678.51,0.32768
4679.41,0.32717
4680.31,0.32546
4681.21,0.32198
4682.11,0.32307
4683.01,0.32257
4683.91,0.32522
4684.81,0.32546
4685.71,0.32766
4686.61,0.3285
4687.51,0.32855
4688.41,0.32776
4689.31,0.32895
4690.21,0.32903
4691.11,0.32745
4692.01,0.32744
4692.91,0.3284
4693.81,0.33171
4694.71,0.33169
4695.61,0.33298
4696.51,0.33327
4697.41,0.33217
4698.31,0.32906
4699.21,0.32619
4700.12,0.32255
4701.02,0.31918
4701.92,0.31861
4702.82,0.31682
4703.72,0.3153
4704.62,0.31525
4705.52,0.31519
4706.42,0.31652
4707.32,0.31681
4708.22,0.31778
4709.12,0.31706
4710.02,0.3181
4710.92,0.31993
4711.82,0.32213
4712.72,0.32421
4713.62,0.32644
4714.52,0.32541
4715.42,0.32928
4716.32,0.33063
4717.22,0.33555
4718.12,0.33889
4719.02,0.34294
4719.92,0.34353
4720.82,0.34633
4721.72,0.34873
4722.62,0.34964
4723.52,0.34852
4724.42,0.34633
4725.32,0.34421
4726.22,0.34063
4727.12,0.33667
4728.02,0.33344
4728.92,0.32885
4729.82,0.32479
4730.72,0.32212
4731.62,0.32107
4732.52,0.32379
4733.42,0.32505
4734.32,0.32744
4735.22,0.32981
4736.12,0.33241
4737.02,0.33278
4737.92,0.33381
4738.83,0.33557
4739.73,0.33652
4740.63,0.33798
4741.53,0.33861
4742.43,0.33842
4743.33,0.34144
4744.23,0.3409
4745.13,0.34358
4746.03,0.34342
4746.93,0.34496
4747.83,0.34587
4748.73,0.34689
4749.63,0.34634
4750.53,0.34638
4751.43,0.34514
4752.33,0.34399
4753.23,0.3413
4754.13,0.33829
4755.03,0.33766
4755.93,0.33674
4756.83,0.33581
4757.73,0.3352
4758.63,0.33435
4759.53,0.33516
4760.43,0.33315
4761.33,0.33063
4762.23,0.3284
4763.13,0.32637
4764.03,0.3231
4764.93,0.32049
4765.83,0.3194
4766.73,0.31878
4767.63,0.31938
4768.53,0.32181
4769.43,0.32408
4770.33,0.32694
4771.23,0.33044
4772.13,0.33424
4773.03,0.33584
4773.93,0.33816
4774.83,0.33988
4775.73,0.3427
4776.64,0.34441
4777.54,0.34582
4778.44,0.34596
4779.34,0.34562
4780.24,0.34321
4781.14,0.34149
4782.04,0.34147
4782.94,0.33871
4783.84,0.33623
4784.74,0.33309
4785.64,0.33197
4786.54,0.32964
4787.44,0.33004
4788.34,0.32974
4789.24,0.32995
4790.14,0.33103
4791.04,0.33336
4791.94,0.3358
4792.84,0.34214
4793.74,0.34272
4794.64,0.34474
4795.54,0.34713
4796.44,0.34937
4797.34,0.34888
4798.24,0.34747
4799.14,0.34526
4800.04,0.34237
4800.94,0.34151
4801.84,0.34386
4802.74,0.34454
4803.64,0.34353
4804.54,0.34318
4805.44,0.34361
4806.34,0.341
4807.24,0.34094
4808.14,0.33794
4809.04,0.33928
4809.94,0.33747
4810.84,0.33935
4811.74,0.33929
4812.64,0.34108
4813.54,0.34354
4814.45,0.34398
4815.35,0.34563
4816.25,0.34935
4817.15,0.34985
4818.05,0.35105
4818.95,0.35224
4819.85,0.35236
4820.75,0.35038
4821.65,0.34909
4822.55,0.34807
4823.45,0.34549
4824.35,0.34304
4825.25,0.34129
4826.15,0.33925
4827.05,0.33899
4827.95,0.33915
4828.85,0.33958
4829.75,0.3378
4830.65,0.33778
4831.55,0.33719
4832.45,0.33764
4833.35,0.33673
4834.25,0.33811
4835.15,0.33841
4836.05,0.33918
4836.95,0.33821
4837.85,0.33968
4838.75,0.33782
4839.65,0.33581
4840.55,0.33367
4841.45,0.33304
4842.35,0.3326
4843.25,0.33391
4844.15,0.33448
4845.05,0.33394
4845.95,0.33529
4846.85,0.33554
4847.75,0.33638
4848.65,0.33618
4849.55,0.33523
4850.45,0.33357
4851.35,0.33191
4852.26,0.33098
4853.16,0.32794
4854.06,0.32502
4854.96,0.3208
4855.86,0.31509
4856.76,0.30792
4857.66,0.30062
4858.56,0.29403
4859.46,0.28563
4860.36,0.2767
4861.26,0.27103
4862.16,0.26839
4863.06,0.26851
4863.96,0.27049
4864.86,0.27619
4865.76,0.28404
4866.66,0.29247
4867.56,0.29925
4868.46,0.30396
4869.36,0.3054
4870.26,0.30683
4871.16,0.3067
4872.06,0.30704
4872.96,0.30783
4873.86,0.30847
4874.76,0.31143
4875.66,0.31419
4876.56,0.31812
4877.46,0.32297
4878.36,0.32638
4879.26,0.32964
4880.16,0.33157
4881.06,0.33428
4881.96,0.33145
4882.86,0.33023
4883.76,0.32902
4884.66,0.32741
4885.56,0.3251
4886.46,0.32222
4887.36,0.31849
4888.26,0.31731
4889.17,0.31472
4890.07,0.31427
4890.97,0.31587
4891.87,0.3185
4892.77,0.32225
4893.67,0.32807
4894.57,0.33645
4895.47,0.34289
4896.37,0.34861
4897.27,0.35217
4898.17,0.35438
4899.07,0.35416
4899.97,0.35339
4900.87,0.35089
4901.77,0.34981
4902.67,0.34654
4903.57,0.34686
4904.47,0.34664
4905.37,0.34573
4906.27,0.34667
4907.17,0.34353
4908.07,0.34369
4908.97,0.34089
4909.87,0.33813
4910.77,0.33675
4911.67,0.3357
4912.57,0.33652
4913.47,0.33663
4914.37,0.33893
4915.27,0.33832
4916.17,0.33773
4917.07,0.33402
4917.97,0.32882
4918.87,0.32378
4919.77,0.31782
4920.67,0.31469
4921.57,0.31011
4922.47,0.31097
4923.37,0.31329
4924.27,0.31725
4925.17,0.32243
4926.07,0.32629
4926.98,0.33335
4927.88,0.33894
4928.78,0.3436
4929.68,0.34671
4930.58,0.34811
4931.48,0.34786
4932.38,0.34756
4933.28,0.34384
4934.18,0.34214
4935.08,0.33768
4935.98,0.33167
4936.88,0.33065
4937.78,0.32693
4938.68,0.32625
4939.58,0.32651
4940.48,0.32803
4941.38,0.33133
4942.28,0.33711
4943.18,0.3414
4944.08,0.34526
4944.98,0.34817
4945.88,0.35276
4946.78,0.35449
4947.68,0.35519
4948.58,0.35602
4949.48,0.35794
4950.38,0.35779
4951.28,0.35778
4952.18,0.35501
4953.08,0.35364
4953.98,0.34934
4954.88,0.34461
4955.78,0.33972
4956.68,0.33554
4957.58,0.32971
4958.48,0.32665
4959.38,0.32694
4960.28,0.32843
4961.18,0.33111
4962.08,0.33332
4962.98,0.33799
4963.88,0.33893
4964.79,0.33903
4965.69,0.33785
4966.59,0.33537
4967.49,0.335
4968.39,0.33326
4969.29,0.3328
4970.19,0.33343
4971.09,0.33474
4971.99,0.33822
4972.89,0.33908
4973.79,0.34162
4974.69,0.34209
4975.59,0.344
4976.49,0.34275
4977.39,0.34065
4978.29,0.33641
4979.19,0.33406
4980.09,0.32804
4980.99,0.32283
4981.89,0.31733
4982.79,0.31364
4983.69,0.31133
4984.59,0.30938
4985.49,0.311
4986.39,0.31282
4987.29,0.31635
4988.19,0.32065
4989.09,0.32479
4989.99,0.32833
4990.89,0.32957
4991.79,0.33061
4992.69,0.33276
4993.59,0.33307
4994.49,0.33415
4995.39,0.33442
4996.29,0.33298
4997.19,0.3323
4998.09,0.33017
4998.99,0.32883
4999.89,0.32701
5000.79,0.32232
5001.7,0.32021
5002.6,0.31831
5003.5,0.31474
5004.4,0.31275
5005.3,0.31108
5006.2,0.30987
5007.1,0.30937
5008.0,0.31051
5008.9,0.31309
5009.8,0.31289
5010.7,0.31318
5011.6,0.31222
5012.5,0.31139
5013.4,0.3085
5014.3,0.30434
5015.2,0.30281
5016.1,0.30454
5017.0,0.30468
5017.9,0.30389
5018.8,0.30532
5019.7,0.30752
5020.6,0.30798
5021.5,0.31137
5022.4,0.31128
5023.3,0.31415
5024.2,0.31585
5025.1,0.31741
5026.0,0.31883
5026.9,0.32169
5027.8,0.32172
5028.7,0.3244
5029.6,0.32714
5030.5,0.32804
5031.4,0.3306
5032.3,0.33314
5033.2,0.33595
5034.1,0.33412
5035.0,0.33235
5035.9,0.33058
5036.8,0.32426
5037.7,0.31902
5038.6,0.31459
5039.5,0.30975
5040.41,0.30481
5041.31,0.30581
5042.21,0.30557
5043.11,0.30697
5044.01,0.31276
5044.91,0.31867
5045.81,0.3245
5046.71,0.3279
5047.61,0.33045
5048.51,0.32965
5049.41,0.32866
5050.31,0.3276
5051.21,0.32734
5052.11,0.32576
5053.01,0.32778
5053.91,0.3303
5054.81,0.33108
5055.71,0.33683
5056.61,0.33949
5057.51,0.34184
5058.41,0.34316
5059.31,0.34557
5060.21,0.34548
5061.11,0.34617
5062.01,0.34536
5062.91,0.34324
5063.81,0.33951
5064.71,0.33742
5065.61,0.33231
5066.51,0.32886
5067.41,0.32726
5068.31,0.32633
5069.21,0.32617
5070.11,0.32659
5071.01,0.32619
5071.91,0.32725
5072.81,0.32724
5073.71,0.32806
5074.61,0.32671
5075.51,0.32666
5076.42,0.32343
5077.31,0.32303
5078.21,0.31968
5079.12,0.31585
5080.02,0.31496
5080.92,0.31086
5081.82,0.30884
5082.72,0.30959
5083.62,0.31119
5084.52,0.31432
5085.42,0.31709
5086.32,0.32137
5087.22,0.32515
5088.12,0.32817
5089.02,0.33135
5089.92,0.33371
5090.82,0.33516
5091.72,0.33677
5092.62,0.33792
5093.52,0.33874
5094.42,0.33749
5095.32,0.33542
5096.22,0.33291
5097.12,0.33034
5098.02,0.32527
5098.92,0.32296
5099.82,0.32014
5100.72,0.32021
5101.62,0.32002
5102.52,0.32055
5103.42,0.32246
5104.32,0.32377
5105.22,0.32556
5106.12,0.32288
5107.02,0.31996
5107.92,0.3196
5108.82,0.31941
5109.72,0.31927
5110.62,0.31984
5111.52,0.32047
5112.42,0.32337
5113.32,0.3256
5114.22,0.32795
5115.12,0.33295
5116.03,0.33584
5116.93,0.33781
5117.83,0.33945
5118.73,0.33898
5119.63,0.33771
5120.53,0.33445
5121.43,0.33226
5122.33,0.32734
5123.23,0.32383
5124.13,0.3198
5125.03,0.31643
5125.93,0.31365
5126.83,0.31053
5127.73,0.31167
5128.63,0.3109
5129.53,0.31203
5130.43,0.31334
5131.33,0.31533
5132.23,0.3189
5133.13,0.3188
5134.03,0.32188
5134.93,0.32337
5135.83,0.32389
5136.73,0.32326
5137.63,0.32218
5138.53,0.31915
5139.43,0.31815
5140.33,0.31565
5141.23,0.31406
5142.13,0.31236
5143.03,0.31193
5143.93,0.31253
5144.83,0.31209
5145.73,0.31167
5146.63,0.3122
5147.53,0.31306
5148.43,0.31375
5149.33,0.31259
5150.23,0.31155
5151.13,0.31193
5152.03,0.31308
5152.94,0.31487
5153.84,0.31462
5154.74,0.31718
5155.64,0.31961
5156.54,0.32208
5157.44,0.32444
5158.34,0.3274
5159.24,0.32926
5160.14,0.33201
5161.04,0.32988
5161.94,0.32729
5162.84,0.32218
5163.74,0.31645
5164.64,0.30803
5165.54,0.29871
5166.44,0.28749
5167.34,0.27738
5168.24,0.26948
5169.14,0.26346
5170.04,0.2577
5170.94,0.25588
5171.84,0.25482
5172.74,0.25612
5173.64,0.2599
5174.54,0.26628
5175.44,0.27269
5176.34,0.28187
5177.24,0.28917
5178.14,0.29499
5179.04,0.29829
5179.94,0.29868
5180.84,0.29629
5181.74,0.29117
5182.64,0.28445
5183.54,0.27958
5184.44,0.27589
5185.34,0.27613
5186.24,0.28009
5187.14,0.28476
5188.04,0.29179
5188.94,0.29818
5189.84,0.30264
5190.75,0.30614
5191.65,0.30696
5192.55,0.30748
5193.45,0.30711
5194.35,0.30826
5195.25,0.30934
5196.15,0.30886
5197.05,0.3116
5197.95,0.31534
5198.85,0.31549
5199.75,0.31953
5200.65,0.32221
5201.55,0.32181
5202.45,0.31968
5203.35,0.318
5204.25,0.31262
5205.15,0.30871
5206.05,0.30431
5206.95,0.29989
5207.85,0.29805
5208.75,0.29683
5209.65,0.29758
5210.55,0.30142
5211.45,0.3055
5212.35,0.30965
5213.25,0.31527
5214.15,0.31948
5215.05,0.32298
5215.95,0.32379
5216.85,0.32639
5217.75,0.32755
5218.65,0.32848
5219.55,0.32986
5220.45,0.33094
5221.35,0.33193
5222.25,0.32951
5223.15,0.32849
5224.05,0.32362
5224.95,0.31847
5225.85,0.3155
5226.75,0.30976
5227.66,0.30786
5228.56,0.30812
5229.46,0.30927
5230.36,0.3138
5231.26,0.31642
5232.16,0.31957
5233.06,0.32213
5233.96,0.32441
5234.86,0.32724
5235.76,0.32785
5236.66,0.33168
5237.56,0.33484
5238.46,0.33809
5239.36,0.34043
5240.26,0.34208
5241.16,0.34247
5242.06,0.3445
5242.96,0.34464
5243.86,0.34309
5244.76,0.34173
5245.66,0.34073
5246.56,0.33573
5247.46,0.33557
5248.36,0.33075
5249.26,0.32934
5250.16,0.32676
5251.06,0.32666
5251.96,0.32458
5252.86,0.3253
5253.76,0.32747
5254.66,0.32953
5255.56,0.33212
5256.46,0.3323
5257.36,0.33604
5258.26,0.33764
5259.16,0.33836
5260.06,0.33664
5260.96,0.33247
5261.86,0.32735
5262.76,0.32098
5263.66,0.31312
5264.56,0.3051
5265.47,0.29983
5266.37,0.29228
5267.27,0.29064
5268.17,0.28674
5269.07,0.28696
5269.97,0.28707
5270.87,0.28827
5271.77,0.29298
5272.67,0.29642
5273.57,0.30242
5274.47,0.30779
5275.37,0.31502
5276.27,0.31972
5277.17,0.32593
5278.07,0.32832
5278.97,0.33231
5279.87,0.33522
5280.77,0.33471
5281.67,0.33465
5282.57,0.33594
5283.47,0.33618
5284.37,0.33663
5285.27,0.33892
5286.17,0.3415
5287.07,0.34472
5287.97,0.34835
5288.87,0.35263
5289.77,0.35553
5290.67,0.35833
5291.57,0.3578
5292.47,0.35501
5293.37,0.35403
5294.27,0.35056
5295.17,0.34885
5296.07,0.3428
5296.97,0.33949
5297.87,0.33582
5298.77,0.33137
5299.67,0.33181
5300.57,0.33074
5301.48,0.33328
5302.38,0.33591
5303.27,0.33933
5304.18,0.34295
5305.08,0.34772
5305.98,0.35063
5306.88,0.35391
5307.78,0.356
5308.68,0.35799
5309.58,0.35951
5310.48,0.3595
5311.38,0.36011
5312.28,0.3591
5313.18,0.35921
5314.08,0.35687
5314.98,0.35661
5315.88,0.35376
5316.78,0.35333
5317.68,0.35075
5318.58,0.34942
5319.48,0.34899
5320.38,0.34687
5321.28,0.34424
5322.18,0.34243
5323.08,0.34041
5323.98,0.33401
5324.88,0.33159
5325.78,0.32769
5326.68,0.32177
5327.58,0.31722
5328.48,0.31338
5329.38,0.31287
5330.28,0.31426
5331.18,0.31596
5332.08,0.32027
5332.98,0.32575
5333.88,0.33226
5334.78,0.33636
5335.68,0.34024
5336.58,0.34172
5337.48,0.34286
5338.38,0.34189
5339.28,0.34095
5340.19,0.34018
5341.08,0.33828
5341.99,0.33643
5342.89,0.33496
5343.79,0.33632
5344.69,0.33802
5345.59,0.33773
5346.49,0.33925
5347.39,0.3402
5348.29,0.34161
5349.19,0.34141
5350.09,0.34344
5350.99,0.34477
5351.89,0.34749
5352.79,0.3502
5353.69,0.35465
5354.59,0.3553
5355.49,0.36027
5356.39,0.36345
5357.29,0.36541
5358.19,0.36681
5359.09,0.36744
5359.99,0.36421
5360.89,0.36425
5361.79,0.36018
5362.69,0.35873
5363.59,0.35425
5364.49,0.35048
5365.39,0.348
5366.29,0.34312
5367.19,0.34022
5368.09,0.3392
5368.99,0.3353
5369.89,0.33304
5370.79,0.3318
5371.69,0.33141
5372.59,0.33199
5373.49,0.33486
5374.39,0.33783
5375.29,0.34278
5376.19,0.34637
5377.09,0.34898
5378.0,0.35257
5378.9,0.35373
5379.8,0.35552
5380.7,0.35392
5381.6,0.35298
5382.5,0.35088
5383.4,0.35169
5384.3,0.3499
5385.2,0.35161
5386.1,0.34965
5387.0,0.34807
5387.9,0.34725
5388.8,0.34815
5389.7,0.34561
5390.6,0.34269
5391.5,0.34032
5392.4,0.33835
5393.3,0.33555
5394.2,0.33409
5395.1,0.33078
5396.0,0.3302
5396.9,0.32956
5397.8,0.32912
5398.7,0.32804
5399.6,0.32846
5400.5,0.33041
5401.4,0.33104
5402.3,0.32721
5403.2,0.32875
5404.1,0.32436
5405.0,0.32288
5405.9,0.32237
5406.8,0.31944
5407.7,0.31916
5408.6,0.32013
5409.5,0.32049
5410.4,0.32283
5411.3,0.32801
5412.2,0.33086
5413.1,0.33345
5414.0,0.33693
5414.9,0.3419
5415.81,0.3441
5416.71,0.34548
5417.61,0.34921
5418.51,0.3494
5419.41,0.35022
5420.31,0.34856
5421.21,0.34947
5422.11,0.34974
5423.01,0.34801
5423.91,0.34612
5424.81,0.34602
5425.71,0.34514
5426.61,0.34428
5427.51,0.34249
5428.41,0.34096
5429.31,0.34092
5430.21,0.33873
5431.11,0.33593
5432.01,0.33468
5432.91,0.33184
5433.81,0.33188
5434.71,0.3312
5435.61,0.33177
5436.51,0.33502
5437.41,0.3378
5438.31,0.34129
5439.21,0.34547
5440.11,0.34916
5441.01,0.35155
5441.91,0.35468
5442.81,0.35492
5443.71,0.3533
5444.61,0.35122
5445.51,0.34646
5446.41,0.34352
5447.31,0.3396
5448.21,0.33849
5449.11,0.33761
5450.01,0.33626
5450.91,0.33779
5451.81,0.33759
5452.72,0.33762
5453.62,0.33864
5454.52,0.33788
5455.42,0.33736
5456.32,0.33615
5457.22,0.33596
5458.12,0.33572
5459.02,0.33698
5459.92,0.33863
5460.82,0.33928
5461.72,0.33999
5462.62,0.34008
5463.52,0.34013
5464.42,0.33926
5465.32,0.33855
5466.22,0.3379
5467.12,0.33961
5468.02,0.34003
5468.92,0.33952
5469.82,0.34095
5470.72,0.3392
5471.62,0.33723
5472.52,0.33736
5473.42,0.33491
5474.32,0.33281
5475.22,0.33145
5476.12,0.32832
5477.02,0.32644
5477.92,0.32514
5478.82,0.32678
5479.72,0.32507
5480.62,0.32712
5481.52,0.32752
5482.42,0.33162
5483.32,0.33269
5484.22,0.33382
5485.12,0.33508
5486.02,0.33822
5486.92,0.33974
5487.82,0.33995
5488.72,0.34046
5489.62,0.34147
5490.53,0.34125
5491.43,0.34106
5492.33,0.34189
5493.23,0.34285
5494.13,0.34145
5495.03,0.3418
5495.93,0.34208
5496.83,0.3415
5497.73,0.34128
5498.63,0.34228
5499.53,0.33984
5500.43,0.34071
5501.33,0.34098
5502.23,0.33928
5503.13,0.33748
5504.03,0.33736
5504.93,0.33473
5505.83,0.33531
5506.73,0.33589
5507.63,0.33339
5508.53,0.33481
5509.43,0.33457
5510.33,0.33399
5511.23,0.33251
5512.13,0.33309
5513.03,0.33325
5513.93,0.33251
5514.83,0.33176
5515.73,0.33322
5516.63,0.33633
5517.53,0.33934
5518.43,0.34143
5519.33,0.34363
5520.23,0.34595
5521.13,0.34799
5522.03,0.34635
5522.93,0.34773
5523.83,0.34605
5524.73,0.34505
5525.63,0.34258
5526.54,0.34185
5527.44,0.33989
5528.33,0.33853
5529.24,0.33719
5530.14,0.33578
5531.04,0.33649
5531.94,0.33635
5532.84,0.33843
5533.74,0.34038
5534.64,0.34094
5535.54,0.34033
5536.44,0.34211
5537.34,0.34335
5538.24,0.34407
5539.14,0.34585
5540.04,0.34771
5540.94,0.34743
5541.84,0.3485
5542.74,0.34869
5543.64,0.34919
5544.54,0.34912
5545.44,0.34958
5546.34,0.34966
5547.24,0.35079
5548.14,0.35106
5549.04,0.35262
5549.94,0.35042
5550.84,0.35149
5551.74,0.35277
5552.64,0.35263
5553.54,0.3516
5554.44,0.35135
5555.34,0.34929
5556.24,0.34904
5557.14,0.34702
5558.04,0.34651
5558.94,0.3472
5559.84,0.34442
5560.74,0.3444
5561.64,0.34465
5562.54,0.34286
5563.44,0.34074
5564.34,0.34048
5565.25,0.33902
5566.15,0.33871
5567.05,0.33777
5567.95,0.33707
5568.85,0.33841
5569.75,0.33764
5570.65,0.33745
5571.55,0.33724
5572.45,0.33706
5573.35,0.33858
5574.25,0.33969
5575.15,0.33981
5576.05,0.34086
5576.95,0.34144
5577.85,0.34387
5578.75,0.34425
5579.65,0.34446
5580.55,0.34383
5581.45,0.34504
5582.35,0.34327
5583.25,0.34234
5584.15,0.33971
5585.05,0.3368
5585.95,0.3333
5586.85,0.32923
5587.75,0.32682
5588.65,0.3238
5589.55,0.32369
5590.45,0.322
5591.35,0.32234
5592.25,0.32272
5593.15,0.32462
5594.05,0.32682
5594.95,0.3283
5595.85,0.32954
5596.75,0.33219
5597.65,0.33236
5598.55,0.33094
5599.45,0.33081
5600.35,0.33133
5601.25,0.32985
5602.15,0.33015
5603.06,0.32935
5603.96,0.33223
5604.86,0.33541
5605.76,0.33812
5606.66,0.34189
5607.56,0.34568
5608.46,0.34637
5609.36,0.3493
5610.26,0.3514
5611.16,0.34953
5612.06,0.35117
5612.96,0.34726
5613.86,0.34608
5614.76,0.34136
5615.66,0.33911
5616.56,0.3363
5617.46,0.33447
5618.36,0.33447
5619.26,0.33342
5620.16,0.33283
5621.06,0.33308
5621.96,0.3353
5622.86,0.33433
5623.76,0.33517
5624.66,0.33557
5625.56,0.33454
5626.46,0.33537
5627.36,0.33727
5628.26,0.3381
5629.16,0.33944
5630.06,0.34255
5630.96,0.34286
5631.86,0.34498
5632.76,0.34575
5633.66,0.34584
5634.56,0.3435
5635.46,0.34392
5636.36,0.34118
5637.26,0.34164
5638.16,0.33812
5639.06,0.33794
5639.96,0.33698
5640.86,0.33649
5641.77,0.33603
5642.67,0.33683
5643.57,0.33755
5644.47,0.33743
5645.37,0.33912
5646.27,0.33875
5647.17,0.33885
5648.07,0.34084
5648.97,0.34135
5649.87,0.34256
5650.77,0.34158
5651.67,0.34275
5652.57,0.3407
5653.47,0.3397
5654.37,0.34023
5655.27,0.33882
5656.17,0.33564
5657.07,0.33403
5657.97,0.3315
5658.87,0.32986
5659.77,0.32907
5660.67,0.32809
5661.57,0.32877
5662.47,0.3283
5663.37,0.32895
5664.27,0.33197
5665.17,0.33242
5666.07,0.3348
5666.97,0.33396
5667.87,0.33723
5668.77,0.33813
5669.67,0.3391
5670.57,0.33923
5671.47,0.34214
5672.37,0.34322
5673.27,0.34479
5674.17,0.34613
5675.07,0.34626
5675.97,0.34762
5676.88,0.349
5677.77,0.34984
5678.68,0.34826
5679.58,0.34746
5680.48,0.34674
5681.38,0.34539
5682.28,0.3432
5683.18,0.34251
5684.08,0.33989
5684.98,0.33939
5685.88,0.33717
5686.78,0.33738
5687.68,0.3375
5688.58,0.33794
5689.48,0.33979
5690.38,0.339
5691.28,0.34164
5692.18,0.34352
5693.08,0.3449
5693.98,0.34539
5694.88,0.34686
5695.78,0.34576
5696.68,0.34785
5697.58,0.34436
5698.48,0.34407
5699.38,0.34104
5700.28,0.33984
5701.18,0.33919
5702.08,0.33708
5702.98,0.336
5703.88,0.33408
5704.78,0.33264
5705.68,0.33179
5706.58,0.33027
5707.48,0.32912
5708.38,0.32708
5709.28,0.32481
5710.18,0.32504
5711.08,0.32525
5711.98,0.327
5712.88,0.32801
5713.78,0.33089
5714.68,0.33288
5715.59,0.33614
5716.49,0.33928
5717.39,0.3427
5718.29,0.34424
5719.19,0.34734
5720.09,0.34856
5720.99,0.35031
5721.89,0.35192
5722.79,0.35342
5723.69,0.35354
5724.59,0.35357
5725.49,0.35402
5726.39,0.35297
5727.29,0.35289
5728.19,0.35019
5729.09,0.35043
5729.99,0.35
5730.89,0.34893
5731.79,0.34815
5732.69,0.34993
5733.59,0.35037
5734.49,0.34952
5735.39,0.35059
5736.29,0.35069
5737.19,0.35203
5738.09,0.35248
5738.99,0.35208
5739.89,0.35218
5740.79,0.35221
5741.69,0.35275
5742.59,0.35185
5743.49,0.35202
5744.39,0.35173
5745.29,0.3517
5746.19,0.35142
5747.09,0.35113
5747.99,0.35052
5748.89,0.35062
5749.79,0.34983
5750.69,0.34852
5751.59,0.34777
5752.5,0.34742
5753.4,0.34668
5754.3,0.34529
5755.2,0.34383
5756.1,0.34465
5757.0,0.34545
5757.9,0.34666
5758.8,0.34664
5759.7,0.34609
5760.6,0.34568
5761.5,0.34552
5762.4,0.34439
5763.3,0.347
5764.2,0.34526
5765.1,0.34733
5766.0,0.34682
5766.9,0.34972
5767.8,0.35051
5768.7,0.35264
5769.6,0.35302
5770.5,0.35282
5771.4,0.3526
5772.3,0.35278
5773.2,0.3516
5774.1,0.35195
5775.0,0.35078
5775.9,0.35
5776.8,0.34851
5777.7,0.34764
5778.6,0.3452
5779.5,0.34323
5780.4,0.34235
5781.3,0.33782
5782.2,0.33616
5783.1,0.33405
5784.0,0.33208
5784.9,0.33117
5785.8,0.33152
5786.7,0.33253
5787.6,0.33399
5788.5,0.33478
5789.41,0.33744
5790.31,0.33959
5791.21,0.34267
5792.11,0.34382
5793.01,0.34626
5793.91,0.34687
5794.81,0.34731
5795.71,0.3483
5796.61,0.35056
5797.51,0.34987
5798.41,0.35155
5799.31,0.35222
5800.21,0.35275
5801.11,0.35421
5802.01,0.35343
5802.91,0.35544
5803.81,0.35646
5804.71,0.35421
5805.61,0.3538
5806.51,0.35431
5807.41,0.35286
5808.31,0.35092
5809.21,0.35245
5810.11,0.354
5811.01,0.35331
5811.91,0.35419
5812.81,0.35249
5813.71,0.35233
5814.61,0.35174
5815.51,0.35212
5816.41,0.35232
5817.31,0.35208
5818.21,0.35363
5819.11,0.3527
5820.01,0.35427
5820.91,0.35447
5821.81,0.35535
5822.71,0.35511
5823.61,0.35609
5824.51,0.35681
5825.41,0.35835
5826.31,0.35939
5827.22,0.35773
5828.12,0.35735
5829.02,0.35937
5829.92,0.35939
5830.82,0.35897
5831.72,0.35858
5832.62,0.35773
5833.52,0.35843
5834.42,0.35782
5835.32,0.35663
5836.22,0.35705
5837.12,0.35677
5838.02,0.35599
5838.92,0.35565
5839.82,0.35557
5840.72,0.35665
5841.62,0.35828
5842.52,0.35555
5843.42,0.35796
5844.32,0.35637
5845.22,0.35558
5846.12,0.35567
5847.02,0.35444
5847.92,0.35196
5848.82,0.35113
5849.72,0.35032
5850.62,0.34817
5851.52,0.34606
5852.42,0.34425
5853.32,0.34347
5854.22,0.34181
5855.12,0.33908
5856.02,0.33964
5856.92,0.33711
5857.82,0.33579
5858.72,0.33533
5859.62,0.33495
5860.52,0.33394
5861.42,0.33662
5862.32,0.3372
5863.23,0.3376
5864.12,0.33879
5865.03,0.34064
5865.93,0.34205
5866.83,0.34309
5867.73,0.34293
5868.63,0.34413
5869.53,0.34595
5870.43,0.34745
5871.33,0.34622
5872.23,0.3472
5873.13,0.34763
5874.03,0.34691
5874.93,0.34773
5875.83,0.34771
5876.73,0.3463
5877.63,0.34643
5878.53,0.34385
5879.43,0.3435
5880.33,0.34329
5881.23,0.34106
5882.13,0.33747
5883.03,0.33712
5883.93,0.33438
5884.83,0.33316
5885.73,0.32782
5886.63,0.32347
5887.53,0.31755
5888.43,0.3107
5889.33,0.30596
5890.23,0.2987
5891.13,0.29437
5892.03,0.29071
5892.93,0.28756
5893.83,0.2878
5894.73,0.28814
5895.63,0.29055
5896.53,0.29084
5897.43,0.29482
5898.33,0.2985
5899.23,0.30488
5900.13,0.3085
5901.04,0.31444
5901.94,0.31966
5902.83,0.32463
5903.74,0.32882
5904.64,0.33009
5905.54,0.3337
5906.44,0.33532
5907.34,0.33528
5908.24,0.33812
5909.14,0.33729
5910.04,0.3374
5910.94,0.33934
5911.84,0.33767
5912.74,0.33717
5913.64,0.33529
5914.54,0.33561
5915.44,0.33458
5916.34,0.33433
5917.24,0.33583
5918.14,0.33566
5919.04,0.33585
5919.94,0.33718
5920.84,0.33725
5921.74,0.33851
5922.64,0.33878
5923.54,0.3385
5924.44,0.34011
5925.34,0.3403
5926.24,0.34019
5927.14,0.34037
5928.04,0.33963
5928.94,0.33845
5929.84,0.33968
5930.74,0.33861
5931.64,0.33849
5932.54,0.34045
5933.44,0.33818
5934.34,0.33879
5935.24,0.33889
5936.14,0.3399
5937.04,0.33898
5937.94,0.33946
5938.85,0.3405
5939.75,0.34082
5940.65,0.33999
5941.55,0.34054
5942.45,0.34205
5943.35,0.33974
5944.25,0.34099
5945.15,0.34114
5946.05,0.3402
5946.95,0.3402
5947.85,0.33999
5948.75,0.34027
5949.65,0.34031
5950.55,0.33855
5951.45,0.33772
5952.35,0.33763
5953.25,0.33652
5954.15,0.3368
5955.05,0.3376
5955.95,0.33746
5956.85,0.3386
5957.75,0.33641
5958.65,0.33814
5959.55,0.33948
5960.45,0.33978
5961.35,0.33994
5962.25,0.34117
5963.15,0.34327
5964.05,0.34298
5964.95,0.34401
5965.85,0.34382
5966.75,0.34511
5967.65,0.34548
5968.55,0.34605
5969.45,0.34571
5970.35,0.34673
5971.25,0.34695
5972.15,0.34601
5973.05,0.34675
5973.95,0.34591
5974.85,0.34461
5975.75,0.3424
5976.65,0.34377
5977.56,0.34157
5978.46,0.34249
5979.36,0.33962
5980.26,0.33919
5981.16,0.34013
5982.06,0.33925
5982.96,0.33795
5983.86,0.33791
5984.76,0.33707
5985.66,0.3371
5986.56,0.33734
5987.46,0.33865
5988.36,0.33778
5989.26,0.33925
5990.16,0.34042
5991.06,0.3415
5991.96,0.34014
5992.86,0.34309
5993.76,0.34314
5994.66,0.34345
5995.56,0.34295
5996.46,0.344
5997.36,0.34349
5998.26,0.34227
5999.16,0.34207
6000.06,0.34049
6000.96,0.34087
6001.86,0.33918
6002.76,0.33988
6003.66,0.33858
6004.56,0.33819
6005.46,0.33686
6006.36,0.3381
6007.26,0.33651
6008.16,0.33527
6009.06,0.3363
6009.96,0.33601
6010.86,0.33571
6011.76,0.33726
6012.67,0.33697
6013.56,0.33707
6014.47,0.33617
6015.37,0.337
6016.27,0.33615
6017.17,0.33418
6018.07,0.33582
6018.97,0.33482
6019.87,0.33437
6020.77,0.33343
6021.67,0.33459
6022.57,0.33402
6023.47,0.33566
6024.37,0.33402
6025.27,0.3372
6026.17,0.33837
6027.07,0.3395
6027.97,0.34076
6028.87,0.34264
6029.77,0.34288
6030.67,0.34395
6031.57,0.34529
6032.47,0.3477
6033.37,0.34692
6034.27,0.34791
6035.17,0.34772
6036.07,0.35047
6036.97,0.34957
6037.87,0.34896
6038.77,0.34901
6039.67,0.34902
6040.57,0.34806
6041.47,0.35056
6042.37,0.34924
6043.27,0.34996
6044.17,0.35047
6045.07,0.35024
6045.97,0.34987
6046.87,0.35173
6047.77,0.3524
6048.67,0.35226
6049.57,0.35106
6050.47,0.35108
6051.38,0.35109
6052.28,0.35033
6053.18,0.35091
6054.08,0.34744
6054.98,0.34765
6055.88,0.34773
6056.78,0.34745
6057.68,0.34634
6058.58,0.34607
6059.48,0.34473
6060.38,0.34639
6061.28,0.34518
6062.18,0.34552
6063.08,0.34491
6063.98,0.34305
6064.88,0.34425
6065.78,0.34262
6066.68,0.3432
6067.58,0.34541
6068.48,0.34769
6069.38,0.34721
6070.28,0.34937
6071.18,0.35018
6072.08,0.35141
6072.98,0.35128
6073.88,0.35239
6074.78,0.35217
6075.68,0.35349
6076.58,0.35003
6077.48,0.35134
6078.38,0.34664
6079.28,0.34564
6080.18,0.34462
6081.08,0.34332
6081.98,0.34242
6082.88,0.34257
6083.78,0.34083
6084.68,0.34174
6085.58,0.34048
6086.48,0.34131
6087.38,0.34065
6088.28,0.34099
6089.19,0.34044
6090.09,0.34129
6090.99,0.34138
6091.89,0.34027
6092.79,0.33995
6093.69,0.34072
6094.59,0.34193
6095.49,0.34238
6096.39,0.34208
6097.29,0.34325
6098.19,0.34338
6099.09,0.34129
6099.99,0.34119
6100.89,0.34048
6101.79,0.33923
6102.69,0.33923
6103.59,0.33618
6104.49,0.33633
6105.39,0.33675
6106.29,0.33756
6107.19,0.33699
6108.09,0.33921
6108.99,0.34062
6109.89,0.34237
6110.79,0.34387
6111.69,0.34474
6112.59,0.34579
6113.49,0.34463
6114.39,0.34572
6115.29,0.34498
6116.19,0.34566
6117.09,0.34553
6117.99,0.3427
6118.89,0.34252
6119.79,0.34089
6120.69,0.33813
6121.59,0.33882
6122.49,0.33656
6123.39,0.33529
6124.29,0.33639
6125.19,0.33542
6126.1,0.33554
6127.0,0.33778
6127.9,0.33917
6128.8,0.33768
6129.7,0.34029
6130.6,0.33921
6131.5,0.33974
6132.4,0.33935
6133.3,0.33719
6134.2,0.33545
6135.1,0.33344
6136.0,0.33222
6136.9,0.32947
6137.8,0.32864
6138.7,0.32822
6139.6,0.32816
6140.5,0.32895
6141.4,0.33067
6142.3,0.33223
6143.2,0.33427
6144.1,0.33418
6145.0,0.33847
6145.9,0.33928
6146.8,0.34031
6147.7,0.3409
6148.6,0.34127
6149.5,0.34017
6150.4,0.33999
6151.3,0.3384
6152.2,0.33943
6153.1,0.3383
6154.0,0.33743
6154.9,0.33591
6155.8,0.33409
6156.7,0.33396
6157.6,0.33053
6158.5,0.3294
6159.4,0.32749
6160.3,0.32313
6161.2,0.32007
6162.1,0.31878
6163.01,0.31381
6163.91,0.31227
6164.81,0.31243
6165.71,0.31156
6166.61,0.31104
6167.51,0.31234
6168.41,0.31187
6169.31,0.31503
6170.21,0.31437
6171.11,0.31628
6172.01,0.31775
6172.91,0.31831
6173.81,0.32076
6174.71,0.32165
6175.61,0.32219
6176.51,0.32409
6177.41,0.32565
6178.31,0.3285
6179.21,0.32853
6180.11,0.33028
6181.01,0.33056
6181.91,0.33214
6182.81,0.33189
6183.71,0.33202
6184.61,0.33046
6185.51,0.3305
6186.41,0.32891
6187.31,0.32662
6188.21,0.32503
6189.11,0.3236
6190.01,0.32244
6190.91,0.32103
6191.81,0.32171
6192.71,0.32142
6193.61,0.32022
6194.51,0.32161
6195.41,0.32391
6196.31,0.3244
6197.21,0.3241
6198.11,0.3272
6199.01,0.32744
6199.92,0.3292
6200.82,0.32826
6201.72,0.32974
6202.62,0.32984
6203.52,0.33094
6204.42,0.33078
6205.32,0.33213
6206.22,0.33264
6207.12,0.33355
6208.02,0.33353
6208.92,0.33237
6209.82,0.33193
6210.72,0.33033
6211.62,0.32895
6212.52,0.32518
6213.42,0.32362
6214.32,0.3216
6215.22,0.31871
6216.12,0.31829
6217.02,0.3155
6217.92,0.31524
6218.82,0.31513
6219.72,0.31498
6220.62,0.31637
6221.52,0.31677
6222.42,0.31696
6223.32,0.31823
6224.22,0.31828
6225.12,0.31884
6226.02,0.31852
6226.92,0.31859
6227.82,0.31735
6228.72,0.31708
6229.62,0.31552
6230.52,0.31479
6231.42,0.31571
6232.32,0.31433
6233.22,0.31414
6234.12,0.31589
6235.02,0.31599
6235.92,0.31673
6236.83,0.31741
6237.73,0.31729
6238.63,0.31729
6239.53,0.31734
6240.43,0.31699
6241.33,0.31564
6242.23,0.3151
6243.13,0.31297
6244.03,0.31365
6244.93,0.31275
6245.83,0.31208
6246.73,0.31215
6247.63,0.31351
6248.53,0.31315
6249.43,0.31409
6250.33,0.31377
6251.23,0.31408
6252.13,0.3139
6253.03,0.31351
6253.93,0.31187
6254.83,0.30954
6255.73,0.31007
6256.63,0.30771
6257.53,0.30668
6258.43,0.30723
6259.33,0.30778
6260.23,0.30786
6261.13,0.3104
6262.03,0.31159
6262.93,0.31333
6263.83,0.31569
6264.73,0.31824
6265.63,0.31959
6266.53,0.31992
6267.43,0.32155
6268.33,0.32157
6269.23,0.32269
6270.13,0.32189
6271.03,0.32352
6271.93,0.3232
6272.83,0.32477
6273.73,0.32583
6274.64,0.32533
6275.54,0.32605
6276.44,0.3263
6277.34,0.32479
6278.24,0.3256
6279.14,0.32504
6280.04,0.32465
6280.94,0.32457
6281.84,0.32601
6282.74,0.32491
6283.64,0.32553
6284.54,0.3262
6285.44,0.32904
6286.34,0.32807
6287.24,0.32936
6288.14,0.33063
6289.04,0.33121
6289.94,0.32982
6290.84,0.3307
6291.74,0.33016
6292.64,0.32947
6293.54,0.32836
6294.44,0.32689
6295.34,0.32557
6296.24,0.32463
6297.14,0.32431
6298.04,0.32324
6298.94,0.32245
6299.84,0.32165
6300.74,0.3193
6301.64,0.32024
6302.54,0.32151
6303.44,0.32102
6304.34,0.32143
6305.24,0.3235
6306.14,0.32349
6307.04,0.32501
6307.94,0.32473
6308.84,0.32669
6309.74,0.32678
6310.64,0.3287
6311.54,0.32687
6312.45,0.32691
6313.35,0.32598
6314.25,0.32396
6315.15,0.32408
6316.05,0.32251
6316.95,0.32101
6317.85,0.32074
6318.75,0.3202
6319.65,0.32032
6320.55,0.32147
6321.45,0.32089
6322.35,0.32271
6323.25,0.3256
6324.15,0.32587
6325.05,0.32806
6325.95,0.32701
6326.85,0.33099
6327.75,0.33059
6328.65,0.33053
6329.55,0.3314
6330.45,0.33147
6331.35,0.32988
6332.25,0.33031
6333.15,0.33003
6334.05,0.32983
6334.95,0.3295
6335.85,0.32659
6336.75,0.32586
6337.65,0.32532
6338.55,0.32656
6339.45,0.32586
6340.35,0.32586
6341.25,0.32551
6342.15,0.32664
6343.05,0.32733
6343.95,0.32695
6344.85,0.32736
6345.75,0.32847
6346.65,0.32536
6347.55,0.32695
6348.46,0.32938
6349.35,0.32846
6350.26,0.32981
6351.16,0.32959
6352.06,0.32943
6352.96,0.32983
6353.86,0.32882
6354.76,0.32731
6355.66,0.32718
6356.56,0.32468
6357.46,0.32258
6358.36,0.32187
6359.26,0.32074
6360.16,0.31942
6361.06,0.31643
6361.96,0.31639
6362.86,0.31646
6363.76,0.3162
6364.66,0.3172
6365.56,0.31877
6366.46,0.32033
6367.36,0.32288
6368.26,0.32387
6369.16,0.32538
6370.06,0.32931
6370.96,0.33102
6371.86,0.33161
6372.76,0.33226
6373.66,0.33351
6374.56,0.33462
6375.46,0.33418
6376.36,0.33418
6377.26,0.33431
6378.16,0.33478
6379.06,0.33288
6379.96,0.33281
6380.86,0.33307
6381.76,0.33359
6382.66,0.33315
6383.56,0.33305
6384.46,0.3316
6385.36,0.33308
6386.27,0.33307
6387.17,0.33262
6388.07,0.33161
6388.97,0.33265
6389.87,0.3314
6390.77,0.33176
6391.67,0.33016
6392.57,0.33012
6393.47,0.32855
6394.37,0.32692
6395.27,0.32651
6396.17,0.32738
6397.07,0.32561
6397.97,0.32734
6398.87,0.32819
6399.77,0.32711
6400.67,0.32774
6401.57,0.32731
6402.47,0.32884
6403.37,0.32813
6404.27,0.32984
6405.17,0.33101
6406.07,0.3301
6406.97,0.331
6407.87,0.33101
6408.77,0.33224
6409.67,0.33102
6410.57,0.3299
6411.47,0.32845
6412.37,0.32954
6413.27,0.3299
6414.17,0.32938
6415.07,0.3288
6415.97,0.32815
6416.87,0.32841
6417.77,0.32834
6418.67,0.32919
6419.57,0.32819
6420.47,0.32749
6421.37,0.32745
6422.27,0.32812
6423.17,0.32862
6424.08,0.32982
6424.98,0.33174
6425.88,0.33116
6426.78,0.3333
6427.68,0.33351
6428.58,0.33424
6429.48,0.33199
6430.38,0.33235
6431.28,0.33185
6432.18,0.33167
6433.08,0.33209
6433.98,0.33123
6434.88,0.33032
6435.78,0.33242
6436.68,0.33223
6437.58,0.33186
6438.48,0.33162
6439.38,0.33403
6440.28,0.33252
6441.18,0.33468
6442.08,0.3353
6442.98,0.33484
6443.88,0.33629
6444.78,0.33787
6445.68,0.33568
6446.58,0.33521
6447.48,0.3349
6448.38,0.33369
6449.28,0.3326
6450.18,0.33049
6451.08,0.32838
6451.98,0.32845
6452.88,0.32898
6453.78,0.32866
6454.68,0.32773
6455.58,0.32971
6456.48,0.32901
6457.38,0.33091
6458.28,0.33139
6459.18,0.33158
6460.08,0.33022
6460.98,0.3323
6461.89,0.33064
6462.79,0.33131
6463.69,0.33102
6464.59,0.33029
6465.49,0.33134
6466.39,0.33309
6467.29,0.33205
6468.19,0.33288
6469.09,0.33323
6469.99,0.334
6470.89,0.3342
6471.79,0.33469
6472.69,0.33426
6473.59,0.33347
6474.49,0.33241
6475.39,0.3324
6476.29,0.33322
6477.19,0.3317
6478.09,0.33034
6478.99,0.32971
6479.89,0.32923
6480.79,0.32824
6481.69,0.32788
6482.59,0.32752
6483.49,0.32854
6484.39,0.32649
6485.29,0.32682
6486.19,0.32585
6487.09,0.32575
6487.99,0.32703
6488.89,0.32511
6489.79,0.32394
6490.69,0.32047
6491.59,0.31974
6492.49,0.31648
6493.39,0.31342
6494.29,0.31064
6495.19,0.30716
6496.09,0.30552
6496.99,0.30275
6497.9,0.30293
6498.79,0.30397
6499.7,0.30417
6500.6,0.30675
6501.5,0.30831
6502.4,0.31213
6503.3,0.31485
6504.2,0.31712
6505.1,0.32006
6506.0,0.32233
6506.9,0.32431
6507.8,0.32598
6508.7,0.32794
6509.6,0.32602
6510.5,0.32857
6511.4,0.32594
6512.3,0.32832
6513.2,0.32746
6514.1,0.32684
6515.0,0.32653
6515.9,0.32623
6516.8,0.32679
6517.7,0.32698
6518.6,0.32603
6519.5,0.32514
6520.4,0.32519
6521.3,0.32521
6522.2,0.32543
6523.1,0.32598
6524.0,0.32668
6524.9,0.32679
6525.8,0.32759
6526.7,0.3276
6527.6,0.32866
6528.5,0.32621
6529.4,0.32756
6530.3,0.32679
6531.2,0.32775
6532.1,0.32711
6533.0,0.32792
6533.9,0.32666
6534.8,0.3277
6535.71,0.32833
6536.61,0.32811
6537.51,0.33028
6538.41,0.32831
6539.31,0.33055
6540.21,0.33071
6541.11,0.32935
6542.01,0.32931
6542.91,0.32667
6543.81,0.32676
6544.71,0.32514
6545.61,0.32386
6546.51,0.32347
6547.41,0.32081
6548.31,0.31961
6549.21,0.31952
6550.11,0.31799
6551.01,0.31708
6551.91,0.31577
6552.81,0.31555
6553.71,0.31304
6554.61,0.3104
6555.51,0.30843
6556.41,0.30454
6557.31,0.30124
6558.21,0.29718
6559.11,0.29407
6560.01,0.28866
6560.91,0.28437
6561.81,0.27825
6562.71,0.27402
6563.61,0.27167
6564.51,0.27038
6565.41,0.27157
6566.31,0.27296
6567.21,0.27708
6568.11,0.28125
6569.01,0.28717
6569.91,0.29044
6570.81,0.29733
6571.71,0.3001
6572.61,0.30318
6573.52,0.30482
6574.42,0.30761
6575.32,0.30873
6576.22,0.31102
6577.12,0.31139
6578.02,0.31367
6578.92,0.31509
6579.82,0.31672
6580.72,0.31659
6581.62,0.31682
6582.52,0.31832
6583.42,0.31927
6584.32,0.32049
6585.22,0.32093
6586.12,0.32006
6587.02,0.32232
6587.92,0.3221
6588.82,0.32122
6589.72,0.3206
6590.62,0.31994
6591.52,0.3191
6592.42,0.31834
6593.32,0.31675
6594.22,0.31713
6595.12,0.31518
6596.02,0.31577
6596.92,0.31555
6597.82,0.31577
6598.72,0.31624
6599.62,0.31773
6600.52,0.31983
6601.42,0.3211
6602.32,0.32034
6603.22,0.32154
6604.12,0.32036
6605.02,0.32142
6605.92,0.3195
6606.82,0.32054
6607.72,0.32009
6608.62,0.31859
6609.52,0.31954
6610.43,0.31926
6611.33,0.31775
6612.23,0.31969
6613.13,0.32044
6614.03,0.32221
6614.93,0.32199
6615.83,0.32258
6616.73,0.3236
6617.63,0.32448
6618.53,0.3251
6619.43,0.32459
6620.33,0.32578
6621.23,0.3247
6622.13,0.32333
6623.03,0.32362
6623.93,0.32296
6624.83,0.32125
6625.73,0.32243
6626.63,0.32055
6627.53,0.32196
6628.43,0.31982
6629.33,0.31801
6630.23,0.31892
6631.13,0.31681
6632.03,0.31695
6632.93,0.3171
6633.83,0.31623
6634.73,0.31532
6635.63,0.31693
6636.53,0.31618
6637.43,0.31718
6638.33,0.31656
6639.23,0.31781
6640.13,0.31815
6641.03,0.31883
6641.93,0.31693
6642.83,0.31725
6643.73,0.31869
6644.63,0.31864
6645.53,0.31829
6646.43,0.31878
6647.34,0.31763
6648.24,0.31716
6649.14,0.31674
6650.04,0.31794
6650.94,0.31916
6651.84,0.31992
6652.74,0.31721
6653.64,0.31954
6654.54,0.3189
6655.44,0.31998
6656.34,0.3192
6657.24,0.31795
6658.14,0.31803
6659.04,0.31754
6659.94,0.3161
6660.84,0.31636
6661.74,0.31525
6662.64,0.31556
6663.54,0.31441
6664.44,0.31253
6665.34,0.31357
6666.24,0.31211
6667.14,0.31206
6668.04,0.31489
6668.94,0.31306
6669.84,0.31477
6670.74,0.31486
6671.64,0.31682
6672.54,0.31707
6673.44,0.3173
6674.34,0.31579
6675.24,0.31678
6676.14,0.31502
6677.04,0.31512
6677.94,0.31348
6678.84,0.313
6679.74,0.31172
6680.64,0.3118
6681.54,0.31145
6682.44,0.31201
6683.34,0.31211
6684.24,0.31441
6685.15,0.31405
6686.05,0.31439
6686.95,0.31515
6687.85,0.31521
6688.75,0.31367
6689.65,0.31581
6690.55,0.31557
6691.45,0.31693
6692.35,0.31619
6693.25,0.31557
6694.15,0.31487
6695.05,0.31414
6695.95,0.31469
6696.85,0.31454
6697.75,0.31197
6698.65,0.31333
6699.55,0.31359
6700.45,0.31356
6701.35,0.31328
6702.25,0.31339
6703.15,0.31298
6704.05,0.314
6704.95,0.31467
6705.85,0.31293
6706.75,0.31347
6707.65,0.31384
6708.55,0.31235
6709.45,0.31232
6710.35,0.31271
6711.25,0.31134
6712.15,0.31182
6713.05,0.31049
6713.95,0.30854
6714.85,0.30768
6715.75,0.3063
6716.65,0.30683
6717.55,0.30485
6718.45,0.30585
6719.35,0.30487
6720.25,0.30526
6721.16,0.30486
6722.06,0.30761
6722.96,0.30708
6723.86,0.30825
6724.76,0.30888
6725.66,0.30769
6726.56,0.30977
6727.46,0.31026
6728.36,0.31096
6729.26,0.31216
6730.16,0.31253
6731.06,0.31228
6731.96,0.31235
6732.86,0.31179
6733.76,0.31231
6734.66,0.31236
6735.56,0.31158
6736.46,0.3121
6737.36,0.31179
6738.26,0.3107
6739.16,0.31237
6740.06,0.30941
6740.96,0.31084
6741.86,0.31008
6742.76,0.30815
6743.66,0.30792
6744.56,0.30782
6745.46,0.30768
6746.36,0.30785
6747.26,0.30762
6748.16,0.30805
6749.06,0.30679
6749.96,0.30762
6750.86,0.307
6751.76,0.30665
6752.66,0.3069
6753.56,0.30797
6754.46,0.30726
6755.36,0.30777
6756.26,0.30859
6757.16,0.30957
6758.06,0.30969
6758.97,0.31175
6759.87,0.31242
6760.77,0.31248
6761.67,0.31348
6762.57,0.3136
6763.47,0.31297
6764.37,0.31345
6765.27,0.31404
6766.17,0.31233
6767.07,0.31197
6767.97,0.31123
6768.87,0.31105
6769.77,0.31111
6770.67,0.31063
6771.57,0.31031
6772.47,0.3119
6773.37,0.31022
6774.27,0.31246
6775.17,0.3129
6776.07,0.31387
6776.97,0.31385
6777.87,0.31437
6778.77,0.31429
6779.67,0.31638
6780.57,0.31448
6781.47,0.31519
6782.37,0.31236
6783.27,0.3107
6784.17,0.31059
6785.07,0.31
6785.97,0.30909
6786.87,0.30784
6787.77,0.30861
6788.67,0.30794
6789.57,0.30743
6790.47,0.30783
6791.37,0.30906
6792.27,0.30927
6793.17,0.30891
6794.07,0.30818
6794.97,0.31003
6795.88,0.31132
6796.78,0.31107
6797.68,0.31094
6798.58,0.31062
6799.48,0.31076
6800.38,0.31273
6801.28,0.31233
6802.18,0.31237
6803.08,0.31097
6803.98,0.31307
6804.88,0.31248
6805.78,0.3123
6806.68,0.31241
6807.58,0.31216
6808.48,0.31207
6809.38,0.31147
6810.28,0.31192
6811.18,0.31298
6812.08,0.31184
6812.98,0.31179
6813.88,0.31086
6814.78,0.31165
6815.68,0.30956
6816.58,0.31158
6817.48,0.31147
6818.38,0.31171
6819.28,0.31146
6820.18,0.31216
6821.08,0.31255
6821.98,0.31275
6822.88,0.31371
6823.78,0.31376
6824.68,0.31406
6825.58,0.31281
6826.48,0.31251
6827.38,0.31355
6828.28,0.31342
6829.18,0.31362
6830.08,0.31319
6830.98,0.31457
6831.88,0.31382
6832.79,0.31328
6833.69,0.31363
6834.59,0.31318
6835.49,0.31406
6836.39,0.31176
6837.29,0.31165
6838.19,0.31142
6839.09,0.3102
6839.99,0.30992
6840.89,0.30913
6841.79,0.3073
6842.69,0.30753
6843.59,0.30784
6844.49,0.30787
6845.39,0.30737
6846.29,0.30901
6847.19,0.30889
6848.09,0.30967
6848.99,0.31045
6849.89,0.31094
6850.79,0.31011
6851.69,0.3106
6852.59,0.31044
6853.49,0.30986
6854.39,0.31001
6855.29,0.30941
6856.19,0.30698
6857.09,0.30763
6857.99,0.30815
6858.89,0.30725
6859.79,0.30673
6860.69,0.30677
6861.59,0.30702
6862.49,0.30718
6863.39,0.30811
6864.29,0.30713
6865.19,0.3076
6866.09,0.30756
6866.99,0.3077
6867.89,0.30893
6868.79,0.30836
6869.7,0.30738
6870.6,0.30741
6871.5,0.30883
6872.4,0.30993
6873.3,0.3081
6874.2,0.30952
6875.1,0.31002
6876.0,0.30983
6876.9,0.31029
6877.8,0.30832
6878.7,0.30971
6879.6,0.30998
6880.5,0.3118
6881.4,0.31063
6882.3,0.31007
6883.2,0.31046
6884.1,0.31207
6885.0,0.31048
6885.9,0.30998
6886.8,0.31189
6887.7,0.31179
6888.6,0.31362
6889.5,0.31289
6890.4,0.31329
6891.3,0.31473
6892.2,0.31552
6893.1,0.31476
6894.0,0.3155
6894.9,0.31517
6895.8,0.31553
6896.7,0.31552
6897.6,0.3166
6898.5,0.31704
6899.4,0.31623
6900.3,0.31578
6901.2,0.31645
6902.1,0.31598
6903.0,0.3168
6903.9,0.31725
6904.8,0.31645
6905.7,0.31906
6906.6,0.31776
6907.51,0.31846
6908.41,0.31766
6909.31,0.31682
6910.21,0.3169
6911.11,0.31791
6912.01,0.31649
6912.91,0.31591
6913.81,0.31488
6914.71,0.3147
6915.61,0.31545
6916.51,0.31316
6917.41,0.3136
6918.31,0.31388
6919.21,0.31328
6920.11,0.31351
6921.01,0.31385
6921.91,0.31441
6922.81,0.31529
6923.71,0.31407
6924.61,0.31345
6925.51,0.3141
6926.41,0.31265
6927.31,0.31387
6928.21,0.31334
6929.11,0.3135
6930.01,0.31397
6930.91,0.31363
6931.81,0.31572
6932.71,0.31536
6933.61,0.3143
6934.51,0.3148
6935.41,0.31549
6936.31,0.31515
6937.21,0.31362
6938.11,0.31545
6939.01,0.31619
6939.91,0.31556
6940.81,0.31531
6941.71,0.31484
6942.61,0.31534
6943.52,0.31544
6944.42,0.31478
6945.31,0.31482
6946.22,0.31485
6947.12,0.31371
6948.02,0.31413
6948.92,0.31356
6949.82,0.31289
6950.72,0.31366
6951.62,0.31428
6952.52,0.31357
6953.42,0.31398
6954.32,0.31312
6955.22,0.31478
6956.12,0.31458
6957.02,0.31455
6957.92,0.31538
6958.82,0.31599
6959.72,0.31647
6960.62,0.31622
6961.52,0.31821
6962.42,0.31936
6963.32,0.31783
6964.22,0.31807
6965.12,0.31909
6966.02,0.32049
6966.92,0.31925
6967.82,0.32
6968.72,0.3188
6969.62,0.31926
6970.52,0.31851
6971.42,0.31842
6972.32,0.31905
6973.22,0.31744
6974.12,0.31641
6975.02,0.31608
6975.92,0.31377
6976.82,0.3139
6977.72,0.31311
6978.62,0.31085
6979.52,0.31187
6980.42,0.31153
6981.33,0.30954
6982.23,0.31257
6983.12,0.3136
6984.03,0.31397
6984.93,0.31469
6985.83,0.31607
6986.73,0.31765
6987.63,0.31808
6988.53,0.31851
6989.43,0.3197
6990.33,0.31801
6991.23,0.31901
6992.13,0.31877
6993.03,0.31899
6993.93,0.32013
6994.83,0.31944
6995.73,0.3188
6996.63,0.319
6997.53,0.31858
6998.43,0.31807
6999.33,0.3181
7000.23,0.31704
7001.13,0.31618
7002.03,0.31602
7002.93,0.31545
7003.83,0.31502
7004.73,0.31424
7005.63,0.31416
7006.53,0.31537
7007.43,0.31473
7008.33,0.31325
7009.23,0.31568
7010.13,0.31416
7011.03,0.31467
7011.93,0.31507
7012.83,0.31406
7013.73,0.31398
7014.63,0.31327
7015.53,0.31308
7016.43,0.31293
7017.33,0.31328
7018.23,0.31159
7019.14,0.31241
7020.04,0.31252
7020.94,0.31436
7021.84,0.31323
7022.74,0.31275
7023.64,0.31375
7024.54,0.31279
7025.44,0.31403
7026.34,0.31441
7027.24,0.3135
7028.14,0.31431
7029.04,0.31582
7029.94,0.31537
7030.84,0.31608
7031.74,0.31591
7032.64,0.31615
7033.54,0.31667
7034.44,0.31729
7035.34,0.31764
7036.24,0.31769
7037.14,0.3181
7038.04,0.31747
7038.94,0.31866
7039.84,0.31812
7040.74,0.32037
7041.64,0.32097
7042.54,0.32129
7043.44,0.3224
7044.34,0.32469
7045.24,0.32421
7046.14,0.32383
7047.04,0.32462
7047.94,0.32428
7048.84,0.32413
7049.74,0.32293
7050.64,0.32309
7051.54,0.32092
7052.44,0.31904
7053.34,0.31684
7054.25,0.31593
7055.15,0.31353
7056.04,0.3117
7056.95,0.3095
7057.85,0.30834
7058.75,0.30587
7059.65,0.30581
7060.55,0.30413
7061.45,0.30422
7062.35,0.30293
7063.25,0.30311
7064.15,0.30269
7065.05,0.3021
7065.95,0.30133
7066.85,0.30261
7067.75,0.30143
7068.65,0.30177
7069.55,0.30272
7070.45,0.30323
7071.35,0.30351
7072.25,0.30371
7073.15,0.30543
7074.05,0.30668
7074.95,0.30552
7075.85,0.30731
7076.75,0.30692
7077.65,0.30809
7078.55,0.30927
7079.45,0.3083
7080.35,0.30717
7081.25,0.30724
7082.15,0.30634
7083.05,0.30411
7083.95,0.3027
7084.85,0.30138
7085.75,0.29934
7086.65,0.29803
7087.55,0.29511
7088.45,0.29542
7089.35,0.29201
7090.25,0.29217
7091.15,0.29277
7092.06,0.28992
7092.96,0.28947
7093.85,0.2902
7094.76,0.28895
7095.66,0.28926
7096.56,0.29024
7097.46,0.29165
7098.36,0.2905
7099.26,0.29239
7100.16,0.29281
7101.06,0.29318
7101.96,0.29403
7102.86,0.2942
7103.76,0.29415
7104.66,0.2946
7105.56,0.29551
7106.46,0.29568
7107.36,0.29646
7108.26,0.29568
7109.16,0.29465
7110.06,0.29541
7110.96,0.29548
7111.86,0.29523
7112.76,0.29492
7113.66,0.29427
7114.56,0.29615
7115.46,0.29568
7116.36,0.29628
7117.26,0.29659
7118.16,0.29718
7119.06,0.29714
7119.96,0.29661
7120.86,0.29685
7121.76,0.29604
7122.66,0.29626
7123.56,0.29522
7124.46,0.29318
7125.36,0.29338
7126.26,0.29159
7127.16,0.29178
7127.27,0.2914
7128.17,0.29057
7129.07,0.28979
7129.96,0.28867
7130.86,0.28891
7131.75,0.28985
7132.65,0.29012
7133.55,0.28976
7134.44,0.28854
7135.34,0.29009
7136.23,0.29085
7137.13,0.29169
7138.03,0.29175
7138.92,0.29241
7139.82,0.29427
7140.71,0.29354
7141.61,0.29393
7142.5,0.29306
7143.4,0.29289
7144.3,0.29228
7145.19,0.29279
7146.09,0.29189
7146.98,0.29182
7147.88,0.29183
7148.78,0.29209
7149.67,0.29193
7150.57,0.2923
7151.46,0.2929
7152.36,0.29478
7153.26,0.29468
7154.15,0.29502
7155.05,0.29606
7155.94,0.29616
7156.84,0.29587
7157.74,0.29575
7158.63,0.2968
7159.53,0.29609
7160.42,0.29512
7161.32,0.29506
7162.21,0.29587
7163.11,0.29424
7164.01,0.2946
7164.9,0.29466
7165.8,0.29331
7166.69,0.29389
7167.59,0.29541
7168.49,0.2952
7169.38,0.29602
7170.28,0.29673
7171.17,0.29822
7172.07,0.29826
7172.96,0.29802
7173.86,0.29896
7174.76,0.29824
7175.65,0.2992
7176.55,0.29822
7177.44,0.29725
7178.34,0.2973
7179.24,0.29817
7180.13,0.29677
7181.03,0.29583
7181.92,0.29557
7182.82,0.29614
7183.72,0.29644
7184.61,0.29561
7185.51,0.29451
7186.4,0.29388
7187.3,0.29288
7188.19,0.29281
7189.09,0.29374
7189.99,0.29284
7190.88,0.29403
7191.78,0.29343
7192.67,0.29325
7193.57,0.29361
7194.47,0.29386
7195.36,0.29394
7196.26,0.29416
7197.15,0.29437
7198.05,0.29515
7198.95,0.29545
7199.84,0.29513
7200.74,0.29555
7201.63,0.29608
7202.53,0.29502
7203.43,0.29445
7204.32,0.29431
7205.22,0.29356
7206.11,0.29429
7207.01,0.2936
7207.9,0.29331
7208.8,0.29324
7209.7,0.29408
7210.59,0.29363
7211.49,0.29449
7212.38,0.2947
7213.28,0.29667
7214.18,0.29663
7215.07,0.29688
7215.97,0.29781
7216.86,0.29787
7217.76,0.29846
7218.66,0.29932
7219.55,0.29914
7220.45,0.29938
7221.34,0.29948
7222.24,0.30026
7223.13,0.30037
7224.03,0.30114
7224.93,0.30079
7225.82,0.30194
7226.72,0.30344
7227.61,0.30335
7228.51,0.30418
7229.41,0.30432
7230.3,0.30469
7231.2,0.3059
7232.09,0.30528
7232.99,0.30699
7233.89,0.30614
7234.78,0.30688
7235.68,0.30632
7236.57,0.30612
7237.47,0.30736
7238.36,0.30642
7239.26,0.30696
7240.16,0.30666
7241.05,0.30613
7241.95,0.30479
7242.84,0.30446
7243.74,0.30577
7244.64,0.30421
7245.53,0.30492
7246.43,0.30462
7247.32,0.30556
7248.22,0.30545
7249.12,0.3041
7250.01,0.30557
7250.91,0.30529
7251.8,0.30567
7252.7,0.3057
7253.6,0.30558
7254.49,0.30626
7255.39,0.30588
7256.28,0.30533
7257.18,0.3066
7258.07,0.30643
7258.97,0.30663
7259.87,0.30715
7260.76,0.306
7261.66,0.30664
7262.55,0.30717
7263.45,0.3069
7264.35,0.30785
7265.24,0.30785
7266.14,0.30737
7267.03,0.30798
7267.93,0.30836
7268.83,0.30809
7269.72,0.30916
7270.62,0.30892
7271.51,0.30978
7272.41,0.30924
7273.3,0.30964
7274.2,0.30742
7275.1,0.30857
7275.99,0.30862
7276.89,0.30916
7277.78,0.30756
7278.68,0.30692
7279.58,0.30847
7280.47,0.30689
7281.37,0.30533
7282.26,0.30464
7283.16,0.30345
7284.06,0.30322
7284.95,0.30311
7285.85,0.30295
7286.74,0.30264
7287.64,0.30157
7288.53,0.3012
7289.43,0.30115
7290.33,0.30221
7291.22,0.30149
7292.12,0.30171
7293.01,0.30234
7293.91,0.30302
7294.81,0.30521
7295.7,0.30448
7296.6,0.30546
7297.49,0.30661
7298.39,0.30901
7299.29,0.30683
7300.18,0.30937
7301.08,0.30902
7301.97,0.31027
7302.87,0.30925
7303.76,0.30928
7304.66,0.31055
7305.56,0.31013
7306.45,0.31029
7307.35,0.31051
7308.24,0.3094
7309.14,0.30996
7310.04,0.30869
7310.93,0.30894
7311.83,0.31047
7312.72,0.31007
7313.62,0.31055
7314.52,0.31002
7315.41,0.31077
7316.31,0.30974
7317.2,0.31065
7318.1,0.31136
7318.99,0.31116
7319.89,0.31055
7320.79,0.31164
7321.68,0.30992
7322.58,0.3096
7323.47,0.30954
7324.37,0.30943
7325.27,0.31043
7326.16,0.30959
7327.06,0.30903
7327.95,0.31117
7328.85,0.31085
7329.75,0.31
7330.64,0.31111
7331.54,0.31221
7332.43,0.31258
7333.33,0.31264
7334.22,0.31287
7335.12,0.31404
7336.02,0.31523
7336.91,0.31609
7337.81,0.31706
7338.7,0.31723
7339.6,0.31672
7340.5,0.31693
7341.39,0.31654
7342.29,0.31698
7343.18,0.31672
7344.08,0.31672
7344.98,0.31593
7345.87,0.31572
7346.77,0.31651
7347.66,0.314
7348.56,0.31306
7349.45,0.31449
7350.35,0.31212
7351.25,0.31243
7352.14,0.31172
7353.04,0.31093
7353.93,0.31071
7354.83,0.31069
7355.73,0.30992
7356.62,0.30899
7357.52,0.30885
7358.41,0.30889
7359.31,0.3079
7360.21,0.30773
7361.1,0.30877
7362.0,0.31011
7362.89,0.31047
7363.79,0.31008
7364.69,0.31105
7365.58,0.31169
7366.48,0.3123
7367.37,0.3136
7368.27,0.31484
7369.16,0.31482
7370.06,0.31527
7370.96,0.31576
7371.85,0.31814
7372.75,0.3172
7373.64,0.31767
7374.54,0.31937
7375.44,0.32019
7376.33,0.31976
7377.23,0.31978
7378.12,0.31892
7379.02,0.319
7379.92,0.31919
7380.81,0.31746
7381.71,0.31635
7382.6,0.31576
7383.5,0.3158
7384.39,0.31319
7385.29,0.31288
7386.19,0.3107
7387.08,0.31017
7387.98,0.30957
7388.87,0.3096
7389.77,0.309
7390.67,0.31067
7391.56,0.30848
7392.46,0.31072
7393.35,0.31048
7394.25,0.31131
7395.15,0.31093
7396.04,0.31285
7396.94,0.31332
7397.83,0.31316
7398.73,0.31467
7399.62,0.31428
7400.52,0.31539
7401.42,0.31484
7402.31,0.31425
7403.21,0.31454
7404.1,0.31527
7405.0,0.31391
7405.9,0.31374
7406.79,0.31399
7407.69,0.31289
7408.58,0.31191
7409.48,0.31144
7410.38,0.30897
7411.27,0.30909
7412.17,0.3069
7413.06,0.30417
7413.96,0.30317
7414.85,0.30359
7415.75,0.3017
7416.65,0.30117
7417.54,0.30027
7418.44,0.30203
7419.33,0.30087
7420.23,0.30176
7421.13,0.30326
7422.02,0.30405
7422.92,0.30566
7423.81,0.30687
7424.71,0.30755
7425.6,0.31024
7426.5,0.31045
7427.4,0.31238
7428.29,0.31438
7429.19,0.31471
7431.68,0.31766
7434.18,0.31962
7436.67,0.31911
7439.17,0.31872
7441.66,0.31709
7444.16,0.3166
7446.66,0.31757
7449.15,0.31703
7451.65,0.31814
7454.14,0.31902
7456.64,0.31933
7459.13,0.32
7461.63,0.31756
7464.12,0.3177
7466.62,0.31825
7469.11,0.32015
7471.61,0.31869
7474.1,0.319
7476.6,0.31712
7479.09,0.3182
7481.59,0.3197
7484.08,0.31954
7486.58,0.31672
7489.07,0.31792
7491.57,0.31711
7494.06,0.31495
7496.56,0.3157
7499.05,0.31677
7501.55,0.3184
7504.04,0.31948
7506.54,0.31954
7509.03,0.31916
7511.53,0.31926
7514.02,0.31909
7516.52,0.32046
7519.01,0.32198
7521.51,0.32183
7524.0,0.3208
7526.5,0.31949
7528.99,0.32004
7531.49,0.3209
7533.99,0.32157
7536.48,0.32279
7538.98,0.32302
7541.47,0.32347
7543.97,0.32233
7546.46,0.32197
7548.96,0.32229
7551.45,0.32164
7553.95,0.32143
7556.44,0.32026
7558.94,0.32019
7561.43,0.32034
7563.93,0.32065
7566.42,0.32077
7568.92,0.3206
7571.41,0.32034
7573.91,0.32077
7576.4,0.32055
7578.9,0.3194
7581.39,0.3186
7583.89,0.31643
7586.38,0.31454
7588.88,0.31232
7591.37,0.30993
7593.87,0.30997
7596.36,0.30882
7598.86,0.30866
7601.35,0.30815
7603.85,0.30783
7606.34,0.30782
7608.84,0.30764
7611.33,0.30844
7613.83,0.30771
7616.33,0.30649
7618.82,0.30494
7621.32,0.30552
7623.81,0.3052
7626.31,0.30736
7628.8,0.30746
7631.3,0.30682
7633.79,0.3068
7636.29,0.30658
7638.78,0.30719
7641.28,0.30641
7643.77,0.30813
7646.27,0.30663
7648.76,0.30714
7651.26,0.3046
7653.75,0.30264
7656.25,0.29863
7658.74,0.29548
7661.24,0.29199
7663.73,0.28856
7666.23,0.28763
7668.72,0.28889
7671.22,0.29179
7673.71,0.29514
7676.21,0.29637
7678.7,0.2973
7681.2,0.29771
7683.69,0.29805
7686.19,0.2984
7688.69,0.29825
7691.18,0.29696
7693.68,0.2956
7696.17,0.29565
7698.67,0.29352
7701.16,0.29424
7703.66,0.29484
7706.15,0.29525
7708.65,0.2946
7711.14,0.29351
7713.64,0.29137
7716.13,0.29115
7718.63,0.29195
7721.12,0.29396
7723.62,0.29541
7726.11,0.29631
7728.61,0.29736
7731.1,0.29901
7733.6,0.30045
7736.09,0.30238
7738.59,0.30133
7741.08,0.30061
7743.58,0.29806
7746.07,0.29568
7748.57,0.29338
7751.06,0.29187
7753.56,0.29274
7756.05,0.29485
7758.55,0.2976
7761.04,0.29892
7763.54,0.30009
7766.03,0.30094
7768.53,0.30222
7771.03,0.30227
7773.52,0.30272
7776.02,0.30342
7778.51,0.30238
7781.01,0.30158
7783.5,0.30028
7786.0,0.2988
7788.49,0.29785
7790.99,0.29748
7793.48,0.29785
7795.98,0.29779
7798.47,0.29821
7800.97,0.29824
7803.46,0.29872
7805.96,0.29933
7808.45,0.29976
7810.95,0.30022
7813.44,0.30192
7815.94,0.3018
7818.43,0.30318
7820.93,0.30251
7823.42,0.30172
7825.92,0.30139
7828.41,0.29924
7830.91,0.29743
7833.4,0.2954
7835.9,0.29386
7838.39,0.29414
7840.89,0.29535
7843.38,0.29673
7845.88,0.29799
7848.38,0.29768
7850.87,0.29768
7853.37,0.29748
7855.86,0.2976
7858.36,0.29838
7860.85,0.2986
7863.35,0.29933
7865.84,0.29959
7868.34,0.29851
7870.83,0.29844
7873.33,0.29735
7875.82,0.29668
7878.32,0.29588
7880.81,0.29671
7883.31,0.29625
7885.8,0.29726
7888.3,0.29716
7890.79,0.2978
7893.29,0.2973
7895.78,0.29581
7898.28,0.29526
7900.77,0.2953
7903.27,0.29404
7905.76,0.29392
7908.26,0.29257
7910.75,0.29058
7913.25,0.28836
7915.74,0.28773
7918.24,0.28789
7920.73,0.28807
7923.23,0.28872
7925.73,0.29003
7928.22,0.28958
7930.71,0.28995
7933.21,0.28827
7935.71,0.28741
7938.2,0.2861
7940.7,0.28481
7943.19,0.28413
7945.69,0.28447
7948.18,0.28522
7950.68,0.28702
7953.17,0.28912
7955.67,0.29178
7958.16,0.29215
7960.66,0.29285
7963.15,0.2939
7965.65,0.29447
7968.14,0.29502
7970.64,0.29501
7973.13,0.296
7975.63,0.2962
7978.12,0.29453
7980.62,0.29461
7983.11,0.29397
7985.61,0.29333
7988.1,0.29314
7990.6,0.29232
7993.09,0.29193
7995.59,0.2908
7998.08,0.29074
8000.58,0.29011
8003.07,0.29197
8005.57,0.29406
8008.06,0.29524
8010.56,0.29704
8013.06,0.29938
8015.55,0.29896
8018.05,0.29891
8020.54,0.29803
8023.04,0.29624
8025.53,0.29441
8028.03,0.29301
8030.52,0.29338
8033.02,0.29563
8035.51,0.29767
8038.01,0.29937
8040.5,0.29916
8043.0,0.29792
8045.49,0.29592
8047.99,0.29302
8050.48,0.29319
8052.98,0.29429
8055.47,0.29585
8057.97,0.29706
8060.46,0.29803
8062.96,0.29814
8065.45,0.29684
8067.95,0.29483
8070.44,0.29381
8072.94,0.29173
8075.43,0.2914
8077.93,0.29295
8080.42,0.29317
8082.92,0.29354
8085.41,0.29322
8087.91,0.29229
8090.4,0.29067
8092.9,0.29032
8095.4,0.2896
8097.89,0.29003
8100.39,0.2905
8102.88,0.29121
8105.38,0.29209
8107.87,0.29275
8110.37,0.29299
8112.86,0.29268
8115.36,0.29228
8117.85,0.29143
8120.35,0.29179
8122.84,0.29301
8125.34,0.29364
8127.83,0.29502
8130.33,0.29529
8132.82,0.29549
8135.32,0.29492
8137.81,0.29594
8140.31,0.29569
8142.8,0.2952
8145.3,0.29483
8147.79,0.29462
8150.29,0.29541
8152.78,0.2954
8155.28,0.29638
8157.77,0.29608
8160.27,0.29494
8162.76,0.295
8165.26,0.29492
8167.75,0.2959
8170.25,0.29622
8172.75,0.29668
8175.24,0.29627
8177.74,0.29536
8180.23,0.29324
8182.73,0.29073
8185.22,0.2885
8187.72,0.28897
8190.21,0.2884
8192.71,0.28783
8195.2,0.28689
8197.7,0.28467
8200.19,0.28444
8202.69,0.28502
8205.18,0.28454
8207.68,0.28608
8210.17,0.28663
8212.67,0.28688
8215.16,0.28751
8217.66,0.28836
8220.15,0.28985
8222.65,0.29013
8225.14,0.29215
8227.64,0.29267
8230.13,0.29428
8232.63,0.29366
8235.12,0.29288
8237.62,0.29272
8240.11,0.29342
8242.61,0.2936
8245.1,0.293
8247.6,0.29226
8250.1,0.29173
8252.59,0.29089
8255.08,0.29062
8257.58,0.29046
8260.08,0.29119
8262.57,0.29281
8265.07,0.29419
8267.56,0.29427
8270.06,0.29405
8272.55,0.29262
8275.05,0.29151
8277.54,0.29156
8280.04,0.2916
8282.53,0.29062
8285.03,0.29116
8287.52,0.28992
8290.02,0.28922
8292.51,0.28797
8295.01,0.28801
8297.5,0.28674
8300.0,0.28583
8302.49,0.28538
8304.99,0.28419
8307.48,0.28296
8309.98,0.28205
8312.47,0.28283
8314.97,0.28416
8317.46,0.28564
8319.96,0.28637
8322.46,0.2848
8324.95,0.28319
8327.44,0.2813
8329.94,0.27958
8332.43,0.27861
8334.93,0.27838
8337.43,0.27937
8339.92,0.28004
8342.42,0.2804
8344.91,0.28092
8347.41,0.28126
8349.9,0.28082
8352.4,0.28138
8354.89,0.28197
8357.39,0.28352
8359.88,0.28348
8362.38,0.28282
8364.87,0.28267
8367.37,0.28291
8369.86,0.28352
8372.36,0.28334
8374.85,0.28361
8377.35,0.28227
8379.84,0.28068
8382.34,0.27817
8384.83,0.27628
8387.33,0.27482
8389.82,0.27508
8392.32,0.27749
8394.81,0.27952
8397.31,0.2823
8399.8,0.28321
8402.3,0.28401
8404.79,0.28492
8407.29,0.2848
8409.79,0.28521
8412.28,0.28425
8414.78,0.28396
8417.27,0.28228
8419.77,0.28115
8422.26,0.2803
8424.76,0.27949
8427.25,0.27905
8429.75,0.27745
8432.24,0.2763
8434.74,0.2747
8437.23,0.2733
8439.73,0.27201
8442.22,0.27289
8444.72,0.2748
8447.21,0.27539
8449.71,0.27703
8452.2,0.27679
8454.7,0.27644
8457.19,0.27553
8459.69,0.2754
8462.18,0.27469
8464.68,0.27256
8467.17,0.27123
8469.67,0.26999
8472.16,0.27016
8474.66,0.27184
8477.15,0.27319
8479.65,0.27411
8482.14,0.27496
8484.64,0.27572
8487.13,0.27383
8489.63,0.27258
8492.12,0.26705
8494.62,0.26098
8497.12,0.25384
8499.61,0.24862
8502.11,0.24927
8504.6,0.25351
8507.1,0.25935
8509.59,0.2636
8512.09,0.26639
8514.58,0.26697
8517.08,0.26505
8519.57,0.26502
8522.07,0.26562
8524.56,0.2665
8527.06,0.26724
8529.55,0.26532
8532.05,0.2623
8534.54,0.25514
8537.04,0.24422
8539.53,0.2321
8542.03,0.21984
8544.52,0.21575
8547.02,0.22032
8549.51,0.23146
8552.01,0.24396
8554.5,0.25472
8557.0,0.26239
8559.49,0.26659
8561.99,0.26935
8564.48,0.27033
8566.98,0.27123
8569.47,0.27089
8571.97,0.27128
8574.47,0.27092
8576.96,0.27178
8579.46,0.27163
8581.95,0.27225
8584.45,0.2725
8586.94,0.27252
8589.44,0.2726
8591.93,0.27347
8594.43,0.2724
8596.92,0.27342
8599.42,0.27198
8601.91,0.27183
8604.41,0.272
8606.9,0.27151
8609.4,0.27101
8611.89,0.27115
8614.39,0.2707
8616.88,0.27031
8619.38,0.27021
8621.87,0.27128
8624.37,0.27197
8626.86,0.27253
8629.36,0.27269
8631.85,0.2737
8634.35,0.27455
8636.84,0.27477
8639.34,0.27584
8641.83,0.2751
8644.33,0.27527
8646.83,0.27362
8649.32,0.27205
8651.82,0.26859
8654.31,0.26306
8656.8,0.25469
8659.3,0.24296
8661.8,0.23309
8664.29,0.22791
8666.79,0.22979
8669.28,0.23827
8671.78,0.24772
8674.27,0.25582
8676.77,0.26127
8679.26,0.26422
8681.76,0.2655
8684.25,0.26634
8686.75,0.26561
8689.24,0.2643
8691.74,0.26455
8694.23,0.26508
8696.73,0.26697
8699.22,0.26828
8701.72,0.26933
8704.21,0.27032
8706.71,0.27015
8709.2,0.26954
8711.7,0.26973
8714.19,0.26992
8716.69,0.27012
8719.18,0.272
8721.68,0.27321
8724.17,0.27376
8726.67,0.27434
8729.17,0.27441
8731.66,0.27418
8734.16,0.27365
8736.65,0.2727
8739.15,0.27259
8741.64,0.27263
8744.14,0.27205
8746.63,0.27185
8749.13,0.27189
8751.62,0.27091
8754.12,0.27123
8756.61,0.27064
8759.11,0.27181
8761.6,0.27135
8764.1,0.27208
8766.59,0.27244
8769.09,0.27131
8771.58,0.27111
8774.08,0.27149
8776.57,0.27147
8779.07,0.27248
8781.56,0.27417
8784.06,0.2756
8786.55,0.27482
8789.05,0.27512
8791.54,0.27355
8794.04,0.27245
8796.53,0.27172
8799.03,0.27036
8801.52,0.26827
8804.02,0.26588
8806.51,0.26328
8809.01,0.26238
8811.5,0.26394
8814.0,0.26737
8816.5,0.27001
8818.99,0.27228
8821.49,0.2724
8823.98,0.27191
8826.48,0.27082
8828.97,0.27219
8831.47,0.27359
8833.96,0.27333
8836.46,0.27534
8838.95,0.27537
8841.45,0.27563
8843.94,0.27703
8846.44,0.27783
8848.93,0.27906
8851.43,0.27955
8853.92,0.2786
8856.42,0.27791
8858.91,0.27512
8861.41,0.27171
8863.9,0.26755
8866.4,0.26537
8868.89,0.26429
8871.39,0.26479
8873.88,0.26532
8876.38,0.26565
8878.87,0.26659
8881.37,0.26788
8883.87,0.2682
8886.36,0.26876
8888.86,0.26884
8891.35,0.26977
8893.84,0.26935
8896.34,0.26904
8898.84,0.26866
8901.33,0.26998
8903.83,0.27011
8906.32,0.26956
8908.82,0.26922
8911.31,0.26787
8913.81,0.26785
8916.3,0.26728
8918.8,0.26676
8921.29,0.26525
8923.79,0.26461
8926.28,0.26362
8928.78,0.26342
8931.27,0.26474
8933.77,0.26426
8936.26,0.26464
8938.76,0.26468
8941.25,0.26405
8943.75,0.26308
8946.24,0.26303
8948.74,0.26293
8951.23,0.26361
8953.73,0.26557
8956.22,0.26724
8958.72,0.26767
8961.21,0.26803
8963.71,0.2676
8966.2,0.26673
8968.7,0.26646
8971.2,0.26582
8973.69,0.26513
8976.19,0.26537
8978.68,0.26613
8981.18,0.26618
8983.67,0.26694
8986.17,0.26774
8988.66,0.26766
8991.16,0.26767
8993.65,0.26747
8996.15,0.26776
8998.64,0.26706
9001.14,0.26521
9003.63,0.26368
9006.13,0.262
9008.62,0.25985
9011.12,0.25674
9013.61,0.25395
9016.11,0.25316
9018.6,0.25266
9021.1,0.25383
9023.59,0.25548
9026.09,0.25815
9028.58,0.26038
9031.08,0.26219
9033.57,0.26442
9036.07,0.2659
9038.56,0.26685
9041.06,0.26755
9043.55,0.26857
9046.05,0.26882
9048.54,0.26924
9051.04,0.26894
9053.54,0.26869
9056.03,0.26835
9058.53,0.26713
9061.02,0.26593
9063.52,0.26639
9066.01,0.26616
9068.51,0.26595
9071.0,0.26591
9073.5,0.2663
9075.99,0.26587
9078.49,0.26386
9080.98,0.26374
9083.48,0.2608
9085.97,0.25903
9088.47,0.25682
9090.96,0.25679
9093.46,0.25681
9095.95,0.25861
9098.45,0.26058
9100.94,0.26196
9103.44,0.26253
9105.93,0.26369
9108.43,0.26315
9110.92,0.2625
9113.42,0.26179
9115.91,0.2604
9118.41,0.26081
9120.9,0.26139
9123.4,0.262
9125.89,0.26413
9128.39,0.26479
9130.88,0.26563
9133.38,0.26518
9135.88,0.26424
9138.37,0.26152
9140.87,0.25911
9143.36,0.25766
9145.86,0.25623
9148.35,0.255
9150.85,0.25539
9153.34,0.25691
9155.84,0.25686
9158.33,0.25759
9160.83,0.25709
9163.32,0.25635
9165.82,0.25434
9168.31,0.25237
9170.81,0.25048
9173.3,0.24923
9175.8,0.24948
9178.29,0.25075
9180.79,0.25105
9183.28,0.25299
9185.78,0.25389
9188.27,0.25426
9190.77,0.25337
9193.26,0.25258
9195.76,0.25248
9198.25,0.25144
9200.75,0.2518
9203.24,0.25131
9205.74,0.25096
9208.24,0.2494
9210.73,0.24887
9213.23,0.24811
9215.72,0.24794
9218.22,0.24775
9220.71,0.24833
9223.21,0.24777
9225.7,0.24847
9228.2,0.24784
9230.69,0.24727
9233.19,0.24699
9235.68,0.24707
9238.18,0.2478
9240.67,0.24854
9243.17,0.2486
9245.66,0.24806
9248.16,0.24829
9250.65,0.24709
9253.15,0.24731
9255.64,0.24649
9258.14,0.24682
9260.63,0.24682
9263.13,0.24862
9265.62,0.25026
9268.12,0.25192
9270.61,0.25302
9273.11,0.25255
9275.6,0.25141
9278.1,0.25073
9280.59,0.24924
9283.09,0.24894
9285.58,0.24719
9288.08,0.24707
9290.58,0.24647
9293.07,0.24628
9295.57,0.24553
9298.06,0.24553
9300.56,0.24618
9303.05,0.24708
9305.55,0.247
9308.04,0.247
9310.54,0.2474
9313.03,0.24694
9315.53,0.24654
9318.02,0.24649
9320.52,0.24599
9323.01,0.24606
9325.51,0.24645
9328.0,0.24628
9330.5,0.24698
9332.99,0.24789
9335.49,0.24775
9337.98,0.24759
9340.48,0.2474
9342.97,0.24664
9345.47,0.2462
9347.96,0.24594
9350.46,0.24369
9352.95,0.24312
9355.45,0.24163
9357.94,0.23984
9360.44,0.23938
9362.93,0.23899
9365.43,0.24013
9367.92,0.24049
9370.42,0.24039
9372.92,0.24121
9375.41,0.2407
9377.91,0.24119
9380.4,0.24047
9382.9,0.24058
9385.39,0.23988
9387.89,0.23969
9390.38,0.23926
9392.88,0.24034
9395.37,0.23965
9397.87,0.23895
9400.36,0.23873
9402.86,0.23789
9405.35,0.23582
9407.85,0.23504
9410.34,0.23333
9412.84,0.23227
9415.33,0.23231
9417.83,0.23268
9420.32,0.23374
9422.82,0.23551
9425.31,0.23695
9427.81,0.23738
9430.3,0.23729
9432.8,0.23715
9435.29,0.23687
9437.79,0.23598
9440.28,0.23561
9442.78,0.23464
9445.27,0.23428
9447.77,0.23516
9450.27,0.23519
9452.76,0.23616
9455.25,0.23667
9457.75,0.23769
9460.25,0.23862
9462.74,0.23833
9465.24,0.24
9467.73,0.23993
9470.23,0.24038
9472.72,0.24045
9475.22,0.24087
9477.71,0.24085
9480.21,0.24093
9482.7,0.24142
9485.2,0.24147
9487.69,0.24172
9490.19,0.24221
9492.68,0.2429
9495.18,0.24279
9497.67,0.24312
9500.17,0.24288
9502.66,0.24341
9505.16,0.24311
9507.65,0.24303
9510.15,0.24268
9512.64,0.24264
9515.14,0.24342
9517.63,0.24345
9520.13,0.24368
9522.62,0.2444
9525.12,0.24482
9527.61,0.24569
9530.11,0.24422
9532.61,0.24409
9535.1,0.2438
9537.6,0.24206
9540.09,0.2406
9542.59,0.23908
9545.08,0.2377
9547.58,0.23667
9550.07,0.23715
9552.57,0.23843
9555.06,0.24056
9557.56,0.24219
9560.05,0.24413
9562.55,0.2452
9565.04,0.24356
9567.54,0.24384
9570.03,0.2428
9572.53,0.24173
9575.02,0.24099
9577.52,0.24142
9580.01,0.2414
9582.51,0.24211
9585.0,0.24283
9587.5,0.24315
9589.99,0.24357
9592.49,0.24364
9594.98,0.24222
9597.48,0.24173
9599.97,0.24072
9602.47,0.23938
9604.96,0.24003
9607.46,0.24046
9609.96,0.24104
9612.45,0.24167
9614.95,0.24281
9617.44,0.24265
9619.94,0.24209
9622.43,0.24188
9624.93,0.24103
9627.42,0.2412
9629.92,0.24054
9632.41,0.24016
9634.91,0.23903
9637.4,0.23874
9639.9,0.23854
9642.39,0.23802
9644.89,0.23728
9647.38,0.23703
9649.88,0.23726
9652.37,0.23691
9654.87,0.23724
9657.36,0.23668
9659.86,0.23676
9662.35,0.23636
9664.85,0.23665
9667.34,0.23641
9669.84,0.23646
9672.33,0.23632
9674.83,0.23559
9677.32,0.23522
9679.82,0.23579
9682.31,0.23673
9684.81,0.2368
9687.3,0.23682
9689.8,0.23666
9692.29,0.2366
9694.79,0.23641
9697.29,0.2366
9699.78,0.23729
9702.28,0.23688
9704.77,0.23636
9707.27,0.23591
9709.76,0.23569
9712.26,0.23616
9714.75,0.23738
9717.25,0.23714
9719.74,0.23714
9722.24,0.23666
9724.73,0.23538
9727.23,0.23493
9729.72,0.23367
9732.22,0.23265
9734.71,0.23207
9737.21,0.23164
9739.7,0.23195
9742.2,0.23212
9744.69,0.23148
9747.19,0.23174
9749.68,0.23289
9752.18,0.23358
9754.67,0.23454
9757.17,0.23536
9759.66,0.23562
9762.16,0.23537
9764.65,0.23528
9767.15,0.23426
9769.64,0.23378
9772.14,0.23337
9774.64,0.23363
9777.13,0.23371
9779.63,0.23359
9782.12,0.23207
9784.62,0.23084
9787.11,0.22976
9789.61,0.23068
9792.1,0.23184
9794.6,0.23346
9797.09,0.23459
9799.59,0.23634
9802.08,0.23626
9804.58,0.2366
9807.07,0.23731
9809.57,0.23758
9812.06,0.23676
9814.56,0.2376
9817.05,0.23711
9819.55,0.23677
9822.04,0.2369
9824.54,0.23683
9827.03,0.23629
9829.53,0.23586
9832.02,0.23557
9834.52,0.23553
9837.01,0.23558
9839.51,0.23623
9842.0,0.23694
9844.5,0.23682
9847.0,0.2371
9849.49,0.23708
9851.99,0.23703
9854.48,0.2368
9856.98,0.2367
9859.47,0.23684
9861.97,0.23603
9864.46,0.23647
9866.96,0.23662
9869.45,0.23598
9871.95,0.23615
9874.44,0.23661
9876.94,0.23653
9879.43,0.23691
9881.93,0.23624
9884.42,0.23555
9886.92,0.23561
9889.41,0.23496
9891.91,0.23454
9894.4,0.23431
9896.9,0.23398
9899.39,0.23398
9901.89,0.23332
9904.38,0.23253
9906.88,0.23263
9909.37,0.23228
9911.87,0.23216
9914.36,0.23221
9916.86,0.23225
9919.35,0.23199
9921.85,0.23191
9924.34,0.23173
9926.84,0.23105
9929.33,0.23118
9931.83,0.23129
9934.33,0.23204
9936.82,0.23214
9939.32,0.23304
9941.81,0.23308
9944.31,0.23202
9946.8,0.23294
9949.3,0.23234
9951.79,0.23268
9954.29,0.23272
9956.78,0.23308
9959.28,0.23382
9961.77,0.23418
9964.27,0.23469
9966.76,0.23481
9969.26,0.23432
9971.75,0.23435
9974.25,0.23403
9976.74,0.23353
9979.24,0.23353
9981.73,0.2334
9984.23,0.23265
9986.72,0.23262
9989.22,0.23289
9991.71,0.23253
9994.21,0.2316
9996.7,0.23158
9999.2,0.23146
10001.7,0.23141
10004.2,0.23109
10006.7,0.2313
10009.2,0.23183
10011.7,0.23193
10014.2,0.23342
10016.7,0.2336
10019.2,0.23455
10021.7,0.23441
10024.2,0.23491
10026.6,0.2345
10029.1,0.23327
10031.6,0.23302
10034.1,0.23158
10036.6,0.23085
10039.1,0.23013
10041.6,0.22931
10044.1,0.22865
10046.6,0.22807
10049.1,0.22778
10051.6,0.22704
10054.1,0.22665
10056.6,0.22617
10059.1,0.22646
10061.6,0.22751
10064.1,0.22741
10066.6,0.22881
10069.1,0.22931
10071.6,0.23032
10074.1,0.23077
10076.5,0.23104
10079.0,0.23098
10081.5,0.23112
10084.0,0.2307
10086.5,0.23077
10089.0,0.23055
10091.5,0.23158
10094.0,0.23211
10096.5,0.23374
10099.0,0.23342
10101.5,0.23308
10104.0,0.23313
10106.5,0.23336
10109.0,0.2325
10111.5,0.23212
10114.0,0.23166
10116.5,0.23167
10119.0,0.2311
10121.5,0.23011
10124.0,0.23063
10126.5,0.23047
10128.9,0.23064
10131.4,0.23113
10133.9,0.23051
10136.4,0.23094
10138.9,0.22964
10141.4,0.22886
10143.9,0.2283
10146.4,0.22799
10148.9,0.2279
10151.4,0.22722
10153.9,0.2283
10156.4,0.22803
10158.9,0.22878
10161.4,0.2291
10163.9,0.22956
10166.4,0.22928
10168.9,0.22872
10171.4,0.22852
10173.9,0.22931
10176.4,0.22848
10178.9,0.22963
10181.3,0.22892
10183.8,0.22874
10186.3,0.22878
10188.8,0.22748
10191.3,0.22765
10193.8,0.22701
10196.3,0.22614
10198.8,0.2272
10201.3,0.22717
10203.8,0.2274
10206.3,0.22801
10208.8,0.22802
10211.3,0.22662
10213.8,0.22665
10216.3,0.22651
10218.8,0.22579
10221.3,0.22546
10223.8,0.22565
10226.3,0.22636
10228.8,0.22699
10231.2,0.22675
10233.7,0.22741
10236.2,0.22787
10238.7,0.22779
10241.2,0.22748
10243.7,0.22786
10246.2,0.22795
10248.7,0.22772
10251.2,0.22759
10253.7,0.22707
10256.2,0.22695
10258.7,0.22595
10261.2,0.22586
10263.7,0.22596
10266.2,0.22533
10268.7,0.22525
10271.2,0.22481
10273.7,0.22585
10276.2,0.22568
10278.7,0.22574
10281.2,0.22576
10283.6,0.2258
10286.1,0.22559
10288.6,0.22575
10291.1,0.22497
10293.6,0.22535
10296.1,0.2252
10298.6,0.22516
10301.1,0.22546
10303.6,0.22569
10306.1,0.22556
10308.6,0.22586
10311.1,0.22585
10313.6,0.22568
10316.1,0.22581
10318.6,0.22517
10321.1,0.22433
10323.6,0.224
10326.1,0.22183
10328.6,0.22181
10331.1,0.22067
10333.5,0.22045
10336.0,0.22039
10338.5,0.22032
10341.0,0.2196
10343.5,0.21994
10346.0,0.2199
10348.5,0.22009
10351.0,0.22088
10353.5,0.22217
10356.0,0.22304
10358.5,0.22422
10361.0,0.22405
10363.5,0.22365
10366.0,0.22434
10368.5,0.22326
10371.0,0.22211
10373.5,0.22227
10376.0,0.221
10378.5,0.22168
10381.0,0.22187
10383.5,0.22215
10385.9,0.22213
10388.4,0.22215
10390.9,0.22167
10393.4,0.22097
10395.9,0.22021
10398.4,0.21994
10400.9,0.21985
10403.4,0.22007
10405.9,0.22079
10408.4,0.22207
10410.9,0.22234
10413.4,0.22309
10415.9,0.22266
10418.4,0.22291
10420.9,0.22214
10423.4,0.22185
10425.9,0.22078
10428.4,0.22094
10430.9,0.22121
10433.4,0.22158
10435.9,0.22193
10438.3,0.22246
10440.8,0.22294
10443.3,0.22277
10445.8,0.2233
10448.3,0.22243
10450.8,0.22231
10453.3,0.22187
10455.8,0.22172
10458.3,0.22056
10460.8,0.22045
10463.3,0.21989
10465.8,0.22039
10468.3,0.21979
10470.8,0.22012
10473.3,0.22
10475.8,0.22039
10478.3,0.22061
10480.8,0.22056
10483.3,0.22043
10485.8,0.22107
10488.2,0.22009
10490.7,0.2206
10493.2,0.21993
10495.7,0.21875
10498.2,0.2186
10500.7,0.21867
10503.2,0.21861
10505.7,0.21854
10508.2,0.21915
10510.7,0.21929
10513.2,0.21862
10515.7,0.21919
10518.2,0.21949
10520.7,0.21957
10523.2,0.21915
10525.7,0.21937
10528.2,0.21904
10530.7,0.21905
10533.2,0.21827
10535.7,0.21859
10538.2,0.21887
10540.6,0.21846
10543.1,0.21953
10545.6,0.21947
10548.1,0.21938
10550.6,0.2188
10553.1,0.21902
10555.6,0.21882
10558.1,0.21806
10560.6,0.21783
10563.1,0.21876
10565.6,0.21847
10568.1,0.2183
10570.6,0.21839
10573.1,0.2177
10575.6,0.21714
10578.1,0.21607
10580.6,0.21453
10583.1,0.21348
10585.6,0.21174
10588.1,0.21141
10590.6,0.21323
10593.0,0.21432
10595.5,0.21459
10598.0,0.21592
10600.5,0.21559
10603.0,0.21505
10605.5,0.21435
10608.0,0.21399
10610.5,0.21422
10613.0,0.21453
10615.5,0.21484
10618.0,0.21542
10620.5,0.2158
10623.0,0.21626
10625.5,0.21609
10628.0,0.21614
10630.5,0.21677
10633.0,0.21664
10635.5,0.21665
10638.0,0.21791
10640.5,0.21705
10642.9,0.21728
10645.4,0.21713
10647.9,0.21667
10650.4,0.21601
10652.9,0.21528
10655.4,0.21437
10657.9,0.21292
10660.4,0.21167
10662.9,0.21095
10665.4,0.211
10667.9,0.21133
10670.4,0.21171
10672.9,0.21259
10675.4,0.21322
10677.9,0.21306
10680.4,0.21246
10682.9,0.2126
10685.4,0.21203
10687.9,0.21108
10690.4,0.2107
10692.9,0.21055
10695.3,0.2103
10697.8,0.21104
10700.3,0.21199
10702.8,0.21291
10705.3,0.214
10707.8,0.21472
10710.3,0.21512
10712.8,0.2145
10715.3,0.2149
10717.8,0.21451
10720.3,0.21339
10722.8,0.2125
10725.3,0.21117
10727.8,0.20978
10730.3,0.2089
10732.8,0.20923
10735.3,0.20916
10737.8,0.21055
10740.3,0.21169
10742.8,0.2116
10745.3,0.21142
10747.7,0.21092
10750.2,0.21075
10752.7,0.2104
10755.2,0.21047
10757.7,0.21136
10760.2,0.2121
10762.7,0.21213
10765.2,0.21313
10767.7,0.21337
10770.2,0.2129
10772.7,0.21228
10775.2,0.21118
10777.7,0.21032
10780.2,0.20914
10782.7,0.20796
10785.2,0.20753
10787.7,0.20737
10790.2,0.20699
10792.7,0.20828
10795.2,0.20905
10797.6,0.20969
10800.1,0.21035
10802.6,0.21129
10805.1,0.20979
10807.6,0.20969
10810.1,0.20837
10812.6,0.20765
10815.1,0.20691
10817.6,0.20639
10820.1,0.20562
10822.6,0.20496
10825.1,0.20467
10827.6,0.20401
10830.1,0.20406
10832.6,0.20445
10835.1,0.20553
10837.6,0.20668
10840.1,0.20752
10842.6,0.20875
10845.1,0.20863
10847.6,0.20925
10850.0,0.209
10852.5,0.20969
10855.0,0.21003
10857.5,0.21018
10860.0,0.20962
10862.5,0.20799
10865.0,0.20643
10867.5,0.2046
10870.0,0.203
10872.5,0.20167
10875.0,0.20108
10877.5,0.20074
10880.0,0.20193
10882.5,0.20237
10885.0,0.2027
10887.5,0.20307
10890.0,0.20404
10892.5,0.20437
10895.0,0.2052
10897.5,0.20589
10900.0,0.20637
10902.4,0.20688
10904.9,0.20682
10907.4,0.20709
10909.9,0.20706
10912.4,0.20673
10914.9,0.20606
10917.4,0.20551
10919.9,0.20466
10922.4,0.20398
10924.9,0.20245
10927.4,0.20144
10929.9,0.19997
10932.4,0.19914
10934.9,0.19841
10937.4,0.19832
10939.9,0.19889
10942.4,0.19881
10944.9,0.19974
10947.4,0.20009
10949.9,0.20008
10952.3,0.20024
10954.8,0.19957
10957.3,0.19859
10959.8,0.19715
10962.3,0.19525
10964.8,0.19381
10967.3,0.19222
10969.8,0.19138
10972.3,0.19081
10974.8,0.1909
10977.3,0.1916
10979.8,0.19194
10982.3,0.19227
10984.8,0.19244
10987.3,0.19328
10989.8,0.19296
10992.3,0.19321
10994.8,0.19322
10997.3,0.19377
10999.8,0.19332
