wave,flux
3700.85,1.3804
3701.75,1.366
3702.65,1.3384
3703.55,1.3026
3704.45,1.2681
3705.35,1.2562
3706.25,1.255
3707.15,1.2754
3708.05,1.2886
3708.96,1.3028
3709.86,1.3041
3710.76,1.2979
3711.66,1.2851
3712.56,1.3053
3713.46,1.3268
3714.36,1.3682
3715.26,1.4151
3716.16,1.4549
3717.06,1.4702
3717.96,1.4585
3718.86,1.4118
3719.76,1.3555
3720.66,1.2863
3721.56,1.2272
3722.46,1.208
3723.36,1.226
3724.26,1.279
3725.16,1.3501
3726.06,1.4198
3726.96,1.4795
3727.86,1.5083
3728.76,1.5215
3729.66,1.521
3730.56,1.4839
3731.46,1.4223
3732.36,1.3417
3733.26,1.2594
3734.16,1.1921
3735.06,1.1532
3735.96,1.16
3736.86,1.2146
3737.76,1.2976
3738.66,1.3954
3739.56,1.494
3740.46,1.567
3741.36,1.6192
3742.26,1.6475
3743.16,1.6427
3744.06,1.6215
3744.96,1.5696
3745.86,1.5046
3746.76,1.4214
3747.67,1.3332
3748.57,1.2507
3749.47,1.1864
3750.37,1.1623
3751.27,1.1818
3752.17,1.2385
3753.07,1.3353
3753.97,1.4409
3754.87,1.5447
3755.77,1.6343
3756.67,1.6802
3757.57,1.7168
3758.47,1.7317
3759.37,1.7554
3760.27,1.7725
3761.17,1.7896
3762.07,1.7985
3762.97,1.8017
3763.87,1.7943
3764.77,1.7595
3765.67,1.7121
3766.57,1.6452
3767.47,1.5584
3768.37,1.4691
3769.27,1.3834
3770.17,1.3115
3771.07,1.2838
3771.97,1.291
3772.87,1.3399
3773.77,1.407
3774.67,1.5023
3775.57,1.5955
3776.47,1.6863
3777.37,1.7866
3778.27,1.8709
3779.17,1.9564
3780.07,2.0146
3780.97,2.074
3781.87,2.1293
3782.77,2.1575
3783.67,2.1703
3784.57,2.1678
3785.47,2.1512
3786.38,2.1172
3787.28,2.0901
3788.18,2.0369
3789.08,1.9969
3789.98,1.9448
3790.88,1.8977
3791.78,1.8355
3792.68,1.763
3793.58,1.6703
3794.48,1.5665
3795.38,1.4629
3796.28,1.36
3797.18,1.2808
3798.08,1.2321
3798.98,1.2249
3799.88,1.2727
3800.78,1.3512
3801.68,1.4581
3802.58,1.5739
3803.48,1.6995
3804.38,1.7908
3805.28,1.8845
3806.18,1.9478
3807.08,2.0124
3807.98,2.0835
3808.88,2.1443
3809.78,2.1912
3810.68,2.2443
3811.58,2.2752
3812.48,2.2862
3813.38,2.2896
3814.28,2.2858
3815.18,2.2936
3816.08,2.3059
3816.98,2.3024
3817.88,2.2968
3818.78,2.2964
3819.68,2.2761
3820.58,2.249
3821.48,2.2239
3822.38,2.1995
3823.28,2.1585
3824.18,2.1071
3825.09,2.0567
3825.99,1.9916
3826.89,1.9302
3827.79,1.881
3828.69,1.817
3829.59,1.7483
3830.49,1.657
3831.39,1.5533
3832.29,1.457
3833.19,1.3557
3834.09,1.2572
3834.99,1.1873
3835.89,1.1536
3836.79,1.1533
3837.69,1.1948
3838.59,1.2677
3839.49,1.3665
3840.39,1.4676
3841.29,1.5877
3842.19,1.6897
3843.09,1.8002
3843.99,1.8948
3844.89,1.9692
3845.79,2.0443
3846.69,2.1033
3847.59,2.156
3848.49,2.2037
3849.39,2.2429
3850.29,2.2754
3851.19,2.3113
3852.09,2.354
3852.99,2.382
3853.89,2.4002
3854.79,2.4244
3855.69,2.4324
3856.59,2.4307
3857.49,2.4345
3858.39,2.4378
3859.29,2.4444
3860.19,2.4552
3861.09,2.4742
3861.99,2.4967
3862.9,2.5124
3863.8,2.5299
3864.7,2.5415
3865.6,2.5238
3866.5,2.522
3867.4,2.5092
3868.3,2.4919
3869.2,2.4555
3870.1,2.4356
3871.0,2.4075
3871.9,2.3761
3872.8,2.3612
3873.7,2.3288
3874.6,2.3139
3875.5,2.2916
3876.4,2.2575
3877.3,2.2152
3878.2,2.1679
3879.1,2.0942
3880.0,2.0401
3880.9,1.9858
3881.8,1.9223
3882.7,1.863
3883.6,1.7854
3884.5,1.7049
3885.4,1.6187
3886.3,1.5265
3887.2,1.4238
3888.1,1.3379
3889.0,1.2833
3889.9,1.263
3890.8,1.2876
3891.7,1.348
3892.6,1.4331
3893.5,1.5359
3894.4,1.6261
3895.3,1.7119
3896.2,1.8054
3897.1,1.8794
3898.0,1.9416
3898.9,2.0023
3899.8,2.0722
3900.7,2.1215
3901.6,2.1721
3902.51,2.2155
3903.41,2.2563
3904.31,2.2937
3905.21,2.3206
3906.11,2.3636
3907.01,2.397
3907.91,2.4285
3908.81,2.4844
3909.71,2.5155
3910.61,2.5572
3911.51,2.5792
3912.41,2.5901
3913.31,2.6092
3914.21,2.6092
3915.11,2.6051
3916.01,2.6076
3916.91,2.5946
3917.81,2.6051
3918.71,2.607
3919.61,2.6029
3920.51,2.5907
3921.41,2.5925
3922.31,2.5997
3923.21,2.5891
3924.11,2.5913
3925.01,2.5965
3925.91,2.5743
3926.81,2.5397
3927.71,2.4836
3928.61,2.4345
3929.51,2.3606
3930.41,2.2636
3931.31,2.1526
3932.21,2.0362
3933.11,1.9374
3934.01,1.8895
3934.91,1.8923
3935.81,1.9392
3936.71,2.0457
3937.61,2.1798
3938.51,2.2902
3939.42,2.3843
3940.32,2.4639
3941.22,2.5164
3942.12,2.5192
3943.02,2.5369
3943.92,2.5424
3944.82,2.5519
3945.72,2.5478
3946.62,2.5521
3947.52,2.5598
3948.42,2.5546
3949.32,2.5389
3950.22,2.5259
3951.12,2.5066
3952.02,2.4895
3952.92,2.4806
3953.82,2.457
3954.72,2.42
3955.62,2.3964
3956.52,2.3654
3957.42,2.3086
3958.32,2.2717
3959.22,2.2121
3960.12,2.1526
3961.02,2.074
3961.92,1.9761
3962.82,1.8757
3963.72,1.7629
3964.62,1.6196
3965.52,1.473
3966.42,1.3217
3967.32,1.1695
3968.22,1.0447
3969.12,0.95716
3970.02,0.91763
3970.92,0.93332
3971.82,0.99677
3972.72,1.1099
3973.62,1.2399
3974.52,1.3798
3975.42,1.5182
3976.32,1.6468
3977.22,1.7704
3978.13,1.88
3979.03,1.9628
3979.93,2.055
3980.83,2.1179
3981.73,2.177
3982.63,2.2242
3983.53,2.2631
3984.43,2.3098
3985.33,2.3606
3986.23,2.3965
3987.13,2.4369
3988.03,2.4766
3988.93,2.5159
3989.83,2.5383
3990.73,2.5848
3991.63,2.5917
3992.53,2.6135
3993.43,2.6401
3994.33,2.6404
3995.23,2.6447
3996.13,2.6432
3997.03,2.6411
3997.93,2.6439
3998.83,2.6491
3999.73,2.6742
4000.63,2.6931
4001.53,2.7314
4002.43,2.739
4003.33,2.7487
4004.23,2.7313
4005.13,2.7331
4006.03,2.7279
4006.93,2.7439
4007.83,2.7533
4008.73,2.7629
4009.63,2.781
4010.53,2.7917
4011.43,2.7883
4012.33,2.8063
4013.23,2.809
4014.13,2.8232
4015.03,2.8134
4015.93,2.8218
4016.84,2.8279
4017.74,2.8493
4018.64,2.84
4019.54,2.8434
4020.44,2.8556
4021.34,2.8406
4022.24,2.8316
4023.14,2.8406
4024.04,2.8357
4024.94,2.8261
4025.84,2.826
4026.74,2.8311
4027.64,2.8364
4028.54,2.8281
4029.44,2.8287
4030.34,2.8091
4031.24,2.7805
4032.14,2.7853
4033.04,2.7769
4033.94,2.78
4034.84,2.7864
4035.74,2.8164
4036.64,2.8333
4037.54,2.8534
4038.44,2.8592
4039.34,2.8825
4040.24,2.8647
4041.14,2.8649
4042.04,2.8589
4042.94,2.8373
4043.84,2.8101
4044.74,2.7844
4045.64,2.7605
4046.54,2.7654
4047.44,2.7552
4048.34,2.7799
4049.24,2.7856
4050.14,2.8126
4051.04,2.8221
4051.94,2.822
4052.84,2.8254
4053.74,2.8207
4054.65,2.7907
4055.55,2.8027
4056.45,2.7874
4057.35,2.7904
4058.25,2.7863
4059.15,2.7833
4060.05,2.7955
4060.95,2.7931
4061.85,2.7684
4062.75,2.7458
4063.65,2.7386
4064.55,2.725
4065.45,2.7021
4066.35,2.7092
4067.25,2.7147
4068.15,2.7212
4069.05,2.7311
4069.95,2.7352
4070.85,2.7223
4071.75,2.7153
4072.65,2.6974
4073.55,2.6786
4074.45,2.6573
4075.35,2.6365
4076.25,2.6039
4077.15,2.5912
4078.05,2.5622
4078.95,2.5588
4079.85,2.5598
4080.75,2.5533
4081.65,2.5659
4082.55,2.5627
4083.45,2.5523
4084.35,2.5218
4085.25,2.5148
4086.15,2.4976
4087.05,2.4845
4087.95,2.469
4088.85,2.4438
4089.75,2.4164
4090.65,2.3801
4091.55,2.3365
4092.45,2.2863
4093.36,2.2361
4094.26,2.172
4095.16,2.1023
4096.06,2.0241
4096.96,1.9398
4097.86,1.8455
4098.76,1.7429
4099.66,1.6421
4100.56,1.5553
4101.46,1.4768
4102.36,1.4343
4103.26,1.4388
4104.16,1.4811
4105.06,1.553
4105.96,1.6532
4106.86,1.7492
4107.76,1.8381
4108.66,1.9146
4109.56,1.9926
4110.46,2.0508
4111.36,2.1187
4112.26,2.1757
4113.16,2.2204
4114.06,2.2713
4114.96,2.3201
4115.86,2.3651
4116.76,2.3983
4117.66,2.4226
4118.56,2.4453
4119.46,2.4467
4120.36,2.4675
4121.26,2.4841
4122.16,2.4987
4123.06,2.5266
4123.96,2.5519
4124.86,2.554
4125.76,2.573
4126.66,2.5784
4127.56,2.5933
4128.46,2.596
4129.36,2.5934
4130.26,2.5974
4131.17,2.593
4132.06,2.5998
4132.97,2.591
4133.87,2.6079
4134.77,2.6235
4135.67,2.6477
4136.57,2.6755
4137.47,2.6905
4138.37,2.7014
4139.27,2.7237
4140.17,2.7176
4141.07,2.7329
4141.97,2.7041
4142.87,2.7133
4143.77,2.6898
4144.67,2.6805
4145.57,2.6879
4146.47,2.6962
4147.37,2.7025
4148.27,2.7267
4149.17,2.7196
4150.07,2.727
4150.97,2.7179
4151.87,2.7227
4152.77,2.7036
4153.67,2.7037
4154.57,2.7082
4155.47,2.7043
4156.37,2.6922
4157.27,2.7089
4158.17,2.7335
4159.07,2.7284
4159.97,2.7393
4160.87,2.7353
4161.77,2.7433
4162.67,2.7559
4163.57,2.7602
4164.47,2.7704
4165.37,2.7555
4166.27,2.7524
4167.17,2.7611
4168.07,2.7511
4168.98,2.7451
4169.88,2.7305
4170.78,2.7126
4171.68,2.6955
4172.58,2.6741
4173.48,2.663
4174.38,2.6401
4175.28,2.6394
4176.18,2.6377
4177.08,2.6426
4177.98,2.6473
4178.88,2.6507
4179.78,2.678
4180.68,2.6923
4181.58,2.6915
4182.48,2.6854
4183.38,2.7118
4184.28,2.7328
4185.18,2.7094
4186.08,2.7172
4186.98,2.6974
4187.88,2.7029
4188.78,2.7018
4189.68,2.6981
4190.58,2.7125
4191.48,2.7086
4192.38,2.7166
4193.28,2.7352
4194.18,2.7311
4195.08,2.7101
4195.98,2.6939
4196.88,2.691
4197.78,2.6707
4198.68,2.6522
4199.58,2.6471
4200.48,2.6391
4201.38,2.643
4202.28,2.6522
4203.18,2.6477
4204.08,2.6619
4204.98,2.6524
4205.88,2.6652
4206.79,2.684
4207.69,2.6968
4208.59,2.7144
4209.49,2.7249
4210.39,2.7105
4211.29,2.7138
4212.19,2.7176
4213.09,2.7065
4213.99,2.6872
4214.89,2.6831
4215.79,2.6699
4216.69,2.6638
4217.59,2.6579
4218.49,2.6745
4219.39,2.6887
4220.29,2.69
4221.19,2.6896
4222.09,2.6891
4222.99,2.6793
4223.89,2.642
4224.79,2.6281
4225.69,2.5976
4226.59,2.5646
4227.49,2.5669
4228.39,2.5646
4229.29,2.5885
4230.19,2.6112
4231.09,2.6375
4231.99,2.6483
4232.89,2.6585
4233.79,2.6484
4234.69,2.6374
4235.59,2.6334
4236.49,2.6338
4237.39,2.6369
4238.29,2.6388
4239.19,2.6302
4240.09,2.6595
4240.99,2.6546
4241.89,2.675
4242.79,2.6755
4243.69,2.6747
4244.59,2.6677
4245.5,2.6703
4246.4,2.6534
4247.3,2.6508
4248.2,2.629
4249.1,2.6125
4250.0,2.6189
4250.9,2.6154
4251.8,2.6171
4252.7,2.6181
4253.6,2.6428
4254.5,2.6392
4255.4,2.6495
4256.3,2.6405
4257.2,2.645
4258.1,2.6364
4259.0,2.6285
4259.9,2.6335
4260.8,2.63
4261.7,2.6237
4262.6,2.6348
4263.5,2.6536
4264.4,2.661
4265.3,2.67
4266.2,2.6871
4267.1,2.684
4268.0,2.6623
4268.9,2.6474
4269.8,2.6302
4270.7,2.6024
4271.6,2.5667
4272.5,2.5661
4273.4,2.5412
4274.3,2.5361
4275.2,2.5508
4276.1,2.559
4277.0,2.5807
4277.9,2.5892
4278.8,2.6035
4279.7,2.605
4280.6,2.5998
4281.5,2.6086
4282.4,2.5974
4283.31,2.5844
4284.21,2.5686
4285.11,2.568
4286.01,2.5566
4286.91,2.5416
4287.81,2.5193
4288.71,2.5036
4289.61,2.4842
4290.51,2.4681
4291.41,2.4748
4292.31,2.4715
4293.21,2.4776
4294.11,2.488
4295.01,2.4906
4295.91,2.475
4296.81,2.4574
4297.71,2.4501
4298.61,2.4265
4299.51,2.3928
4300.41,2.3678
4301.31,2.3436
4302.21,2.3374
4303.11,2.3336
4304.01,2.3299
4304.91,2.3297
4305.81,2.3318
4306.71,2.3174
4307.61,2.3229
4308.51,2.3161
4309.41,2.3173
4310.31,2.3079
4311.21,2.322
4312.11,2.327
4313.01,2.3368
4313.91,2.3465
4314.81,2.3713
4315.71,2.3957
4316.61,2.4215
4317.51,2.4415
4318.41,2.4563
4319.31,2.4572
4320.21,2.4343
4321.12,2.4273
4322.02,2.3923
4322.92,2.3491
4323.82,2.3035
4324.72,2.265
4325.62,2.2374
4326.52,2.2149
4327.42,2.1888
4328.32,2.1871
4329.22,2.1807
4330.12,2.1702
4331.02,2.1586
4331.92,2.1261
4332.82,2.0854
4333.72,2.049
4334.62,1.9938
4335.52,1.9194
4336.42,1.8417
4337.32,1.7445
4338.22,1.6548
4339.12,1.5623
4340.02,1.4927
4340.92,1.442
4341.82,1.4296
4342.72,1.4737
4343.62,1.5332
4344.52,1.616
4345.42,1.7118
4346.32,1.796
4347.22,1.8684
4348.12,1.936
4349.02,1.9942
4349.92,2.0345
4350.82,2.0601
4351.72,2.0883
4352.62,2.1122
4353.52,2.1389
4354.42,2.1697
4355.32,2.2118
4356.22,2.2557
4357.12,2.29
4358.02,2.3184
4358.92,2.3374
4359.83,2.3611
4360.73,2.3892
4361.63,2.4176
4362.53,2.4249
4363.43,2.4551
4364.33,2.4694
4365.23,2.4839
4366.13,2.4891
4367.03,2.4853
4367.93,2.486
4368.83,2.4954
4369.73,2.4935
4370.63,2.4894
4371.53,2.4881
4372.43,2.4915
4373.33,2.4785
4374.23,2.4879
4375.13,2.4827
4376.03,2.4907
4376.93,2.4963
4377.83,2.5069
4378.73,2.5212
4379.63,2.5256
4380.53,2.5308
4381.43,2.525
4382.33,2.508
4383.23,2.4896
4384.13,2.4692
4385.03,2.4533
4385.93,2.4527
4386.83,2.4637
4387.73,2.4758
4388.63,2.4886
4389.53,2.5012
4390.43,2.5176
4391.33,2.518
4392.23,2.5328
4393.13,2.5435
4394.03,2.5283
4394.93,2.5284
4395.83,2.5246
4396.73,2.5396
4397.64,2.5372
4398.54,2.5458
4399.44,2.5469
4400.34,2.5452
4401.24,2.5414
4402.14,2.5422
4403.04,2.5565
4403.94,2.5355
4404.84,2.5275
4405.74,2.5252
4406.64,2.5329
4407.54,2.527
4408.44,2.5315
4409.34,2.5492
4410.24,2.5516
4411.14,2.5647
4412.04,2.5684
4412.94,2.5764
4413.84,2.5616
4414.74,2.568
4415.64,2.5533
4416.54,2.5432
4417.44,2.5429
4418.34,2.5386
4419.24,2.5465
4420.14,2.5643
4421.04,2.5692
4421.94,2.5881
4422.84,2.5727
4423.74,2.5752
4424.64,2.5745
4425.54,2.5727
4426.44,2.5838
4427.34,2.5662
4428.24,2.5636
4429.14,2.5645
4430.04,2.5634
4430.94,2.559
4431.84,2.5643
4432.74,2.546
4433.64,2.542
4434.54,2.5531
4435.45,2.5301
4436.35,2.539
4437.25,2.5534
4438.15,2.5623
4439.05,2.5674
4439.95,2.5765
4440.85,2.5678
4441.75,2.5608
4442.65,2.5471
4443.55,2.5294
4444.45,2.5286
4445.35,2.5263
4446.25,2.5259
4447.15,2.5507
4448.05,2.5588
4448.95,2.5566
4449.85,2.5562
4450.75,2.5612
4451.65,2.5449
4452.55,2.5547
4453.45,2.5418
4454.35,2.5363
4455.25,2.527
4456.15,2.5148
4457.05,2.5133
4457.95,2.5078
4458.85,2.5003
4459.75,2.5156
4460.65,2.5073
4461.55,2.5161
4462.45,2.5162
4463.35,2.5185
4464.25,2.5196
4465.15,2.5327
4466.05,2.5267
4466.95,2.5244
4467.85,2.5165
4468.75,2.5131
4469.65,2.5172
4470.55,2.5169
4471.45,2.5326
4472.35,2.5452
4473.25,2.5668
4474.16,2.5715
4475.06,2.59
4475.96,2.5932
4476.86,2.5905
4477.76,2.5887
4478.66,2.5867
4479.56,2.569
4480.46,2.5406
4481.36,2.5327
4482.26,2.5202
4483.16,2.5222
4484.06,2.5387
4484.96,2.5453
4485.86,2.5586
4486.76,2.557
4487.66,2.5715
4488.56,2.56
4489.46,2.5579
4490.36,2.5534
4491.26,2.5447
4492.16,2.5374
4493.06,2.5462
4493.96,2.5561
4494.86,2.5554
4495.76,2.5563
4496.66,2.552
4497.56,2.5563
4498.46,2.5599
4499.36,2.569
4500.26,2.5598
4501.16,2.5805
4502.06,2.579
4502.96,2.5854
4503.86,2.5966
4504.76,2.6077
4505.66,2.6018
4506.56,2.6178
4507.46,2.6096
4508.36,2.6164
4509.26,2.6158
4510.17,2.6116
4511.06,2.6058
4511.97,2.6048
4512.87,2.5966
4513.77,2.5999
4514.67,2.5817
4515.57,2.5765
4516.47,2.5761
4517.37,2.5709
4518.27,2.5656
4519.17,2.5621
4520.07,2.5514
4520.97,2.5444
4521.87,2.5456
4522.77,2.5347
4523.67,2.5201
4524.57,2.5249
4525.47,2.5099
4526.37,2.508
4527.27,2.5005
4528.17,2.488
4529.07,2.4815
4529.97,2.4664
4530.87,2.47
4531.77,2.4624
4532.67,2.4556
4533.57,2.4563
4534.47,2.4596
4535.37,2.4652
4536.27,2.4718
4537.17,2.4937
4538.07,2.4916
4538.97,2.5222
4539.87,2.5345
4540.77,2.5405
4541.67,2.5411
4542.57,2.5306
4543.47,2.5299
4544.37,2.5202
4545.27,2.5113
4546.17,2.5047
4547.07,2.4895
4547.97,2.4775
4548.88,2.4666
4549.77,2.4674
4550.68,2.4633
4551.58,2.4477
4552.48,2.4553
4553.38,2.4489
4554.28,2.4543
4555.18,2.4571
4556.08,2.4556
4556.98,2.4731
4557.88,2.4978
4558.78,2.5045
4559.68,2.5071
4560.58,2.5203
4561.48,2.5271
4562.38,2.5282
4563.28,2.5288
4564.18,2.5209
4565.08,2.5186
4565.98,2.5194
4566.88,2.5184
4567.78,2.5142
4568.68,2.5228
4569.58,2.5181
4570.48,2.5237
4571.38,2.5155
4572.28,2.5049
4573.18,2.512
4574.08,2.5172
4574.98,2.5109
4575.88,2.5253
4576.78,2.5167
4577.68,2.5186
4578.58,2.5106
4579.48,2.506
4580.38,2.4948
4581.28,2.4885
4582.18,2.4772
4583.08,2.4766
4583.98,2.4764
4584.88,2.466
4585.78,2.4725
4586.69,2.4716
4587.58,2.4842
4588.49,2.4975
4589.39,2.4975
4590.29,2.502
4591.19,2.5036
4592.09,2.5019
4592.99,2.5054
4593.89,2.4953
4594.79,2.5084
4595.69,2.504
4596.59,2.5081
4597.49,2.5167
4598.39,2.5196
4599.29,2.5029
4600.19,2.5055
4601.09,2.4911
4601.99,2.5104
4602.89,2.495
4603.79,2.4993
4604.69,2.5105
4605.59,2.507
4606.49,2.5135
4607.39,2.5121
4608.29,2.5208
4609.19,2.5369
4610.09,2.5395
4610.99,2.5279
4611.89,2.5304
4612.79,2.5302
4613.69,2.5323
4614.59,2.5185
4615.49,2.517
4616.39,2.5032
4617.29,2.5074
4618.19,2.5161
4619.09,2.5078
4619.99,2.5127
4620.89,2.5108
4621.79,2.5193
4622.69,2.5107
4623.59,2.5188
4624.5,2.5224
4625.4,2.5233
4626.3,2.52
4627.2,2.5196
4628.1,2.4975
4629.0,2.5024
4629.9,2.5002
4630.8,2.4953
4631.7,2.5
4632.6,2.4911
4633.5,2.5003
4634.4,2.4956
4635.3,2.5059
4636.2,2.4941
4637.1,2.4937
4638.0,2.4911
4638.9,2.4899
4639.8,2.497
4640.7,2.4938
4641.6,2.4976
4642.5,2.4935
4643.4,2.501
4644.3,2.5113
4645.2,2.5007
4646.1,2.4814
4647.0,2.4826
4647.9,2.4856
4648.8,2.4808
4649.7,2.4784
4650.6,2.4732
4651.5,2.4693
4652.4,2.4756
4653.3,2.4712
4654.2,2.4672
4655.1,2.4716
4656.0,2.4727
4656.9,2.4686
4657.8,2.4636
4658.7,2.4815
4659.6,2.4898
4660.5,2.5001
4661.4,2.4975
4662.3,2.4976
4663.21,2.4963
4664.11,2.4736
4665.01,2.4717
4665.91,2.4699
4666.81,2.4497
4667.71,2.4369
4668.61,2.4365
4669.51,2.4245
4670.41,2.4238
4671.31,2.4356
4672.21,2.4472
4673.11,2.4599
4674.01,2.4709
4674.91,2.469
4675.81,2.4812
4676.71,2.4715
4677.61,2.4787
4678.51,2.4768
4679.41,2.4733
4680.31,2.451
4681.21,2.4622
4682.11,2.4604
4683.01,2.4551
4683.91,2.4573
4684.81,2.4585
4685.71,2.4629
4686.61,2.4638
4687.51,2.459
4688.41,2.4705
4689.31,2.4684
4690.21,2.4656
4691.11,2.4729
4692.01,2.4716
4692.91,2.4869
4693.81,2.4721
4694.71,2.4879
4695.61,2.4748
4696.51,2.4852
4697.41,2.4762
4698.31,2.4708
4699.21,2.4575
4700.12,2.4607
4701.02,2.4455
4701.92,2.4431
4702.82,2.4414
4703.72,2.4295
4704.62,2.4308
4705.52,2.4252
4706.42,2.4247
4707.32,2.4166
4708.22,2.4244
4709.12,2.4246
4710.02,2.4244
4710.92,2.434
4711.82,2.4315
4712.72,2.4337
4713.62,2.4412
4714.52,2.4347
4715.42,2.4478
4716.32,2.4574
4717.22,2.4455
4718.12,2.4562
4719.02,2.4563
4719.92,2.47
4720.82,2.4605
4721.72,2.4686
4722.62,2.4612
4723.52,2.4715
4724.42,2.4695
4725.32,2.4667
4726.22,2.4638
4727.12,2.4606
4728.02,2.4446
4728.92,2.4431
4729.82,2.4439
4730.72,2.4276
4731.62,2.4255
4732.52,2.4149
4733.42,2.4257
4734.32,2.4247
4735.22,2.4277
4736.12,2.429
4737.02,2.4376
4737.92,2.4319
4738.83,2.4377
4739.73,2.4244
4740.63,2.439
4741.53,2.4328
4742.43,2.4382
4743.33,2.438
4744.23,2.4397
4745.13,2.454
4746.03,2.4478
4746.93,2.4503
4747.83,2.4581
4748.73,2.4512
4749.63,2.4517
4750.53,2.4428
4751.43,2.4492
4752.33,2.4444
4753.23,2.4415
4754.13,2.4287
4755.03,2.44
4755.93,2.4217
4756.83,2.4217
4757.73,2.4176
4758.63,2.417
4759.53,2.4224
4760.43,2.4119
4761.33,2.4064
4762.23,2.4016
4763.13,2.3892
4764.03,2.3767
4764.93,2.3741
4765.83,2.3701
4766.73,2.3828
4767.63,2.3681
4768.53,2.3903
4769.43,2.4067
4770.33,2.389
4771.23,2.4014
4772.13,2.394
4773.03,2.4112
4773.93,2.4101
4774.83,2.4093
4775.73,2.4081
4776.64,2.4237
4777.54,2.4229
4778.44,2.4181
4779.34,2.4183
4780.24,2.4165
4781.14,2.4176
4782.04,2.4185
4782.94,2.4007
4783.84,2.4002
4784.74,2.4017
4785.64,2.3949
4786.54,2.3882
4787.44,2.3872
4788.34,2.3835
4789.24,2.3843
4790.14,2.3807
4791.04,2.3768
4791.94,2.389
4792.84,2.3945
4793.74,2.4051
4794.64,2.4053
4795.54,2.4087
4796.44,2.4172
4797.34,2.4079
4798.24,2.4084
4799.14,2.4011
4800.04,2.3882
4800.94,2.3903
4801.84,2.391
4802.74,2.3903
4803.64,2.3865
4804.54,2.3805
4805.44,2.3868
4806.34,2.3798
4807.24,2.3708
4808.14,2.3786
4809.04,2.377
4809.94,2.3705
4810.84,2.3808
4811.74,2.3755
4812.64,2.3817
4813.54,2.3801
4814.45,2.393
4815.35,2.3859
4816.25,2.3909
4817.15,2.3886
4818.05,2.3889
4818.95,2.3925
4819.85,2.3746
4820.75,2.3818
4821.65,2.3566
4822.55,2.366
4823.45,2.3531
4824.35,2.3453
4825.25,2.3371
4826.15,2.3271
4827.05,2.3251
4827.95,2.3213
4828.85,2.3275
4829.75,2.3132
4830.65,2.309
4831.55,2.295
4832.45,2.2943
4833.35,2.2919
4834.25,2.2886
4835.15,2.2812
4836.05,2.2823
4836.95,2.2667
4837.85,2.2579
4838.75,2.2498
4839.65,2.2394
4840.55,2.2266
4841.45,2.21
4842.35,2.2092
4843.25,2.1907
4844.15,2.181
4845.05,2.1626
4845.95,2.1536
4846.85,2.1397
4847.75,2.1158
4848.65,2.1082
4849.55,2.0787
4850.45,2.0582
4851.35,2.0342
4852.26,2.0129
4853.16,1.9838
4854.06,1.9393
4854.96,1.9118
4855.86,1.8625
4856.76,1.813
4857.66,1.7517
4858.56,1.6926
4859.46,1.6302
4860.36,1.5604
4861.26,1.5143
4862.16,1.4971
4863.06,1.4899
4863.96,1.5161
4864.86,1.5614
4865.76,1.6171
4866.66,1.6824
4867.56,1.7433
4868.46,1.7996
4869.36,1.8453
4870.26,1.8832
4871.16,1.9149
4872.06,1.943
4872.96,1.9707
4873.86,1.9896
4874.76,2.0061
4875.66,2.0395
4876.56,2.0608
4877.46,2.0853
4878.36,2.1011
4879.26,2.1307
4880.16,2.1468
4881.06,2.1635
4881.96,2.1855
4882.86,2.1849
4883.76,2.1889
4884.66,2.1971
4885.56,2.1993
4886.46,2.2055
4887.36,2.2108
4888.26,2.2102
4889.17,2.2149
4890.07,2.219
4890.97,2.2254
4891.87,2.2258
4892.77,2.2442
4893.67,2.2602
4894.57,2.277
4895.47,2.3051
4896.37,2.3119
4897.27,2.3197
4898.17,2.3295
4899.07,2.3309
4899.97,2.3373
4900.87,2.3253
4901.77,2.3294
4902.67,2.3186
4903.57,2.3153
4904.47,2.3162
4905.37,2.3063
4906.27,2.3104
4907.17,2.3158
4908.07,2.3239
4908.97,2.3152
4909.87,2.3069
4910.77,2.3151
4911.67,2.3071
4912.57,2.3009
4913.47,2.3111
4914.37,2.3045
4915.27,2.3123
4916.17,2.3106
4917.07,2.3061
4917.97,2.296
4918.87,2.2914
4919.77,2.2809
4920.67,2.2651
4921.57,2.2572
4922.47,2.2439
4923.37,2.2475
4924.27,2.252
4925.17,2.2569
4926.07,2.2743
4926.98,2.2958
4927.88,2.3052
4928.78,2.3192
4929.68,2.3201
4930.58,2.3296
4931.48,2.3174
4932.38,2.3162
4933.28,2.3144
4934.18,2.3011
4935.08,2.2903
4935.98,2.2896
4936.88,2.2782
4937.78,2.2804
4938.68,2.2806
4939.58,2.2873
4940.48,2.2912
4941.38,2.301
4942.28,2.3074
4943.18,2.3133
4944.08,2.3233
4944.98,2.33
4945.88,2.3322
4946.78,2.3387
4947.68,2.3403
4948.58,2.3328
4949.48,2.3544
4950.38,2.3363
4951.28,2.3534
4952.18,2.3349
4953.08,2.3369
4953.98,2.3341
4954.88,2.3182
4955.78,2.3061
4956.68,2.2878
4957.58,2.2815
4958.48,2.2869
4959.38,2.2761
4960.28,2.2824
4961.18,2.2923
4962.08,2.2948
4962.98,2.3161
4963.88,2.3054
4964.79,2.3234
4965.69,2.306
4966.59,2.3023
4967.49,2.2977
4968.39,2.2913
4969.29,2.2963
4970.19,2.3023
4971.09,2.2981
4971.99,2.3056
4972.89,2.2994
4973.79,2.3109
4974.69,2.3052
4975.59,2.3104
4976.49,2.3134
4977.39,2.303
4978.29,2.3066
4979.19,2.2812
4980.09,2.2794
4980.99,2.2656
4981.89,2.245
4982.79,2.2312
4983.69,2.2232
4984.59,2.2238
4985.49,2.233
4986.39,2.2369
4987.29,2.2463
4988.19,2.254
4989.09,2.2599
4989.99,2.2686
4990.89,2.2728
4991.79,2.2682
4992.69,2.2651
4993.59,2.2632
4994.49,2.2683
4995.39,2.2618
4996.29,2.2652
4997.19,2.2666
4998.09,2.2559
4998.99,2.2569
4999.89,2.2576
5000.79,2.2547
5001.7,2.2419
5002.6,2.2339
5003.5,2.2382
5004.4,2.2274
5005.3,2.2273
5006.2,2.2243
5007.1,2.2233
5008.0,2.2127
5008.9,2.2264
5009.8,2.2173
5010.7,2.2167
5011.6,2.2194
5012.5,2.2151
5013.4,2.2076
5014.3,2.1981
5015.2,2.1881
5016.1,2.1867
5017.0,2.1882
5017.9,2.1894
5018.8,2.1874
5019.7,2.1893
5020.6,2.1953
5021.5,2.2051
5022.4,2.2142
5023.3,2.2196
5024.2,2.2182
5025.1,2.2259
5026.0,2.2327
5026.9,2.2318
5027.8,2.2368
5028.7,2.2439
5029.6,2.2418
5030.5,2.2518
5031.4,2.253
5032.3,2.2623
5033.2,2.2512
5034.1,2.2532
5035.0,2.2488
5035.9,2.2399
5036.8,2.2296
5037.7,2.2098
5038.6,2.2038
5039.5,2.189
5040.41,2.18
5041.31,2.1765
5042.21,2.1857
5043.11,2.1926
5044.01,2.2032
5044.91,2.2124
5045.81,2.223
5046.71,2.235
5047.61,2.2395
5048.51,2.2406
5049.41,2.2322
5050.31,2.2333
5051.21,2.2289
5052.11,2.2256
5053.01,2.2333
5053.91,2.2326
5054.81,2.2469
5055.71,2.2457
5056.61,2.2563
5057.51,2.2634
5058.41,2.2663
5059.31,2.2646
5060.21,2.2586
5061.11,2.2549
5062.01,2.2678
5062.91,2.2626
5063.81,2.2607
5064.71,2.2306
5065.61,2.2367
5066.51,2.2281
5067.41,2.2256
5068.31,2.2238
5069.21,2.2207
5070.11,2.2301
5071.01,2.2283
5071.91,2.2163
5072.81,2.2245
5073.71,2.2281
5074.61,2.2261
5075.51,2.2207
5076.42,2.2253
5077.31,2.2082
5078.21,2.2087
5079.12,2.1975
5080.02,2.1949
5080.92,2.183
5081.82,2.1805
5082.72,2.18
5083.62,2.1872
5084.52,2.1818
5085.42,2.2022
5086.32,2.21
5087.22,2.2065
5088.12,2.2119
5089.02,2.2204
5089.92,2.2284
5090.82,2.2236
5091.72,2.2364
5092.62,2.2175
5093.52,2.2219
5094.42,2.2277
5095.32,2.2255
5096.22,2.211
5097.12,2.205
5098.02,2.1932
5098.92,2.1945
5099.82,2.1956
5100.72,2.1912
5101.62,2.1953
5102.52,2.1948
5103.42,2.1965
5104.32,2.1971
5105.22,2.191
5106.12,2.1893
5107.02,2.1904
5107.92,2.1893
5108.82,2.1828
5109.72,2.1779
5110.62,2.179
5111.52,2.1792
5112.42,2.1755
5113.32,2.1982
5114.22,2.2056
5115.12,2.2084
5116.03,2.2189
5116.93,2.2243
5117.83,2.228
5118.73,2.2265
5119.63,2.2237
5120.53,2.2141
5121.43,2.2107
5122.33,2.2005
5123.23,2.1886
5124.13,2.1838
5125.03,2.1688
5125.93,2.1623
5126.83,2.1603
5127.73,2.1627
5128.63,2.1551
5129.53,2.1645
5130.43,2.1574
5131.33,2.1639
5132.23,2.1646
5133.13,2.1698
5134.03,2.178
5134.93,2.1873
5135.83,2.1729
5136.73,2.1724
5137.63,2.1671
5138.53,2.1565
5139.43,2.1513
5140.33,2.1474
5141.23,2.1392
5142.13,2.1342
5143.03,2.1459
5143.93,2.1417
5144.83,2.1432
5145.73,2.145
5146.63,2.1476
5147.53,2.1533
5148.43,2.1464
5149.33,2.1464
5150.23,2.1481
5151.13,2.1471
5152.03,2.148
5152.94,2.1448
5153.84,2.1423
5154.74,2.1397
5155.64,2.1499
5156.54,2.1652
5157.44,2.1643
5158.34,2.1809
5159.24,2.1843
5160.14,2.1804
5161.04,2.1825
5161.94,2.1741
5162.84,2.1554
5163.74,2.1505
5164.64,2.1294
5165.54,2.1055
5166.44,2.0824
5167.34,2.0531
5168.24,2.0293
5169.14,2.0022
5170.04,2.0013
5170.94,1.995
5171.84,1.9952
5172.74,2.0101
5173.64,2.021
5174.54,2.037
5175.44,2.0634
5176.34,2.0785
5177.24,2.1067
5178.14,2.1233
5179.04,2.1287
5179.94,2.1306
5180.84,2.1282
5181.74,2.1065
5182.64,2.0996
5183.54,2.0844
5184.44,2.0681
5185.34,2.0653
5186.24,2.0709
5187.14,2.0605
5188.04,2.0831
5188.94,2.0836
5189.84,2.0879
5190.75,2.0972
5191.65,2.0991
5192.55,2.0915
5193.45,2.0897
5194.35,2.0957
5195.25,2.0956
5196.15,2.0958
5197.05,2.1013
5197.95,2.1008
5198.85,2.1165
5199.75,2.1147
5200.65,2.1265
5201.55,2.1203
5202.45,2.1165
5203.35,2.1066
5204.25,2.1167
5205.15,2.1015
5206.05,2.087
5206.95,2.0781
5207.85,2.0754
5208.75,2.0766
5209.65,2.0845
5210.55,2.0872
5211.45,2.0949
5212.35,2.1024
5213.25,2.1253
5214.15,2.1275
5215.05,2.1379
5215.95,2.1367
5216.85,2.14
5217.75,2.1406
5218.65,2.1329
5219.55,2.1448
5220.45,2.1513
5221.35,2.14
5222.25,2.1431
5223.15,2.1364
5224.05,2.1251
5224.95,2.1075
5225.85,2.1052
5226.75,2.0948
5227.66,2.0783
5228.56,2.08
5229.46,2.0761
5230.36,2.0883
5231.26,2.0943
5232.16,2.1038
5233.06,2.1027
5233.96,2.1097
5234.86,2.1061
5235.76,2.1188
5236.66,2.1252
5237.56,2.1204
5238.46,2.1391
5239.36,2.1444
5240.26,2.1497
5241.16,2.1385
5242.06,2.1569
5242.96,2.1508
5243.86,2.1552
5244.76,2.1465
5245.66,2.1477
5246.56,2.1365
5247.46,2.1354
5248.36,2.121
5249.26,2.1298
5250.16,2.1084
5251.06,2.1087
5251.96,2.1201
5252.86,2.1114
5253.76,2.1242
5254.66,2.1144
5255.56,2.1232
5256.46,2.1269
5257.36,2.122
5258.26,2.1332
5259.16,2.1309
5260.06,2.1256
5260.96,2.1163
5261.86,2.1019
5262.76,2.0887
5263.66,2.0701
5264.56,2.0592
5265.47,2.027
5266.37,2.0331
5267.27,2.0197
5268.17,2.0244
5269.07,2.0194
5269.97,2.0153
5270.87,2.0182
5271.77,2.029
5272.67,2.0365
5273.57,2.0418
5274.47,2.0483
5275.37,2.0661
5276.27,2.0764
5277.17,2.0879
5278.07,2.1002
5278.97,2.1142
5279.87,2.1076
5280.77,2.102
5281.67,2.1135
5282.57,2.1026
5283.47,2.1073
5284.37,2.1185
5285.27,2.1126
5286.17,2.1177
5287.07,2.1215
5287.97,2.1365
5288.87,2.142
5289.77,2.151
5290.67,2.1558
5291.57,2.1509
5292.47,2.1588
5293.37,2.1463
5294.27,2.1507
5295.17,2.1321
5296.07,2.1226
5296.97,2.1229
5297.87,2.1103
5298.77,2.1031
5299.67,2.0982
5300.57,2.0949
5301.48,2.1049
5302.38,2.1084
5303.27,2.104
5304.18,2.1139
5305.08,2.1186
5305.98,2.1261
5306.88,2.1232
5307.78,2.127
5308.68,2.1271
5309.58,2.1253
5310.48,2.1318
5311.38,2.1344
5312.28,2.1317
5313.18,2.1304
5314.08,2.1323
5314.98,2.1272
5315.88,2.1163
5316.78,2.1146
5317.68,2.1018
5318.58,2.1045
5319.48,2.0985
5320.38,2.0965
5321.28,2.0907
5322.18,2.0872
5323.08,2.0823
5323.98,2.0781
5324.88,2.0674
5325.78,2.0656
5326.68,2.059
5327.58,2.0427
5328.48,2.0393
5329.38,2.0392
5330.28,2.0366
5331.18,2.0522
5332.08,2.0478
5332.98,2.0521
5333.88,2.0647
5334.78,2.0773
5335.68,2.0825
5336.58,2.0841
5337.48,2.0786
5338.38,2.0839
5339.28,2.0911
5340.19,2.0833
5341.08,2.0776
5341.99,2.0781
5342.89,2.0723
5343.79,2.0816
5344.69,2.0841
5345.59,2.0834
5346.49,2.0858
5347.39,2.0896
5348.29,2.0892
5349.19,2.0989
5350.09,2.0919
5350.99,2.0958
5351.89,2.1041
5352.79,2.1109
5353.69,2.1031
5354.59,2.1138
5355.49,2.1197
5356.39,2.1257
5357.29,2.1193
5358.19,2.1333
5359.09,2.1222
5359.99,2.1303
5360.89,2.133
5361.79,2.1162
5362.69,2.1117
5363.59,2.1027
5364.49,2.0929
5365.39,2.0813
5366.29,2.0817
5367.19,2.0659
5368.09,2.057
5368.99,2.0601
5369.89,2.0578
5370.79,2.0504
5371.69,2.0643
5372.59,2.0632
5373.49,2.0703
5374.39,2.0835
5375.29,2.0679
5376.19,2.0889
5377.09,2.0936
5378.0,2.0949
5378.9,2.0946
5379.8,2.0985
5380.7,2.1027
5381.6,2.0897
5382.5,2.0854
5383.4,2.0858
5384.3,2.0814
5385.2,2.0801
5386.1,2.0814
5387.0,2.0911
5387.9,2.0802
5388.8,2.0854
5389.7,2.0795
5390.6,2.0863
5391.5,2.0756
5392.4,2.0678
5393.3,2.0588
5394.2,2.0534
5395.1,2.0534
5396.0,2.0485
5396.9,2.0426
5397.8,2.0415
5398.7,2.0403
5399.6,2.0379
5400.5,2.0418
5401.4,2.0388
5402.3,2.0363
5403.2,2.0425
5404.1,2.0312
5405.0,2.0271
5405.9,2.0282
5406.8,2.0208
5407.7,2.0211
5408.6,2.0161
5409.5,2.0303
5410.4,2.0338
5411.3,2.0328
5412.2,2.0469
5413.1,2.0505
5414.0,2.0451
5414.9,2.0544
5415.81,2.0527
5416.71,2.0624
5417.61,2.0608
5418.51,2.0666
5419.41,2.0649
5420.31,2.0694
5421.21,2.0549
5422.11,2.0595
5423.01,2.0533
5423.91,2.059
5424.81,2.0515
5425.71,2.0512
5426.61,2.0428
5427.51,2.0455
5428.41,2.0478
5429.31,2.0401
5430.21,2.0374
5431.11,2.0279
5432.01,2.0251
5432.91,2.0244
5433.81,2.0306
5434.71,2.021
5435.61,2.0221
5436.51,2.0302
5437.41,2.0344
5438.31,2.0396
5439.21,2.0506
5440.11,2.0594
5441.01,2.0606
5441.91,2.0575
5442.81,2.059
5443.71,2.0554
5444.61,2.0551
5445.51,2.0364
5446.41,2.0415
5447.31,2.0319
5448.21,2.0261
5449.11,2.0294
5450.01,2.0272
5450.91,2.0328
5451.81,2.0402
5452.72,2.0425
5453.62,2.0359
5454.52,2.0354
5455.42,2.0228
5456.32,2.0328
5457.22,2.024
5458.12,2.0315
5459.02,2.0242
5459.92,2.0303
5460.82,2.0331
5461.72,2.0332
5462.62,2.0309
5463.52,2.032
5464.42,2.0296
5465.32,2.0321
5466.22,2.0355
5467.12,2.033
5468.02,2.036
5468.92,2.0461
5469.82,2.0397
5470.72,2.0492
5471.62,2.0395
5472.52,2.0334
5473.42,2.0241
5474.32,2.0235
5475.22,2.0102
5476.12,1.9997
5477.02,2.0009
5477.92,1.9929
5478.82,2.0077
5479.72,1.9964
5480.62,1.9995
5481.52,2.0016
5482.42,2.0113
5483.32,2.0209
5484.22,2.0072
5485.12,2.0116
5486.02,2.0255
5486.92,2.0275
5487.82,2.0249
5488.72,2.0314
5489.62,2.0309
5490.53,2.0188
5491.43,2.0237
5492.33,2.02
5493.23,2.0208
5494.13,2.0231
5495.03,2.0238
5495.93,2.0259
5496.83,2.02
5497.73,2.0156
5498.63,2.0225
5499.53,2.0109
5500.43,2.0176
5501.33,2.0096
5502.23,2.0103
5503.13,2.007
5504.03,2.0036
5504.93,2.006
5505.83,2.0074
5506.73,2.0091
5507.63,1.9977
5508.53,1.9978
5509.43,2.0021
5510.33,2.0037
5511.23,1.9988
5512.13,1.995
5513.03,1.9984
5513.93,1.9992
5514.83,2.01
5515.73,2.0146
5516.63,2.0158
5517.53,2.0178
5518.43,2.0174
5519.33,2.022
5520.23,2.02
5521.13,2.0205
5522.03,2.0305
5522.93,2.0254
5523.83,2.026
5524.73,2.0283
5525.63,2.0119
5526.54,2.0098
5527.44,1.9997
5528.33,1.9882
5529.24,1.9981
5530.14,1.9908
5531.04,1.9931
5531.94,1.9958
5532.84,1.9963
5533.74,1.998
5534.64,2.0077
5535.54,2.0033
5536.44,2.0163
5537.34,2.0165
5538.24,2.0201
5539.14,2.0156
5540.04,2.0261
5540.94,2.0202
5541.84,2.0194
5542.74,2.0264
5543.64,2.0218
5544.54,2.0264
5545.44,2.024
5546.34,2.021
5547.24,2.0104
5548.14,2.0169
5549.04,2.0209
5549.94,2.019
5550.84,2.0215
5551.74,2.0179
5552.64,2.0035
5553.54,2.0218
5554.44,2.0184
5555.34,2.0098
5556.24,2.0107
5557.14,2.0108
5558.04,2.01
5558.94,2.0134
5559.84,2.0082
5560.74,1.9999
5561.64,2.0035
5562.54,2.0014
5563.44,1.9922
5564.34,1.9881
5565.25,1.9918
5566.15,1.9784
5567.05,1.9842
5567.95,1.9821
5568.85,1.9771
5569.75,1.9715
5570.65,1.9641
5571.55,1.9654
5572.45,1.9676
5573.35,1.9707
5574.25,1.9635
5575.15,1.9674
5576.05,1.9737
5576.95,1.9739
5577.85,1.9693
5578.75,1.9729
5579.65,1.9709
5580.55,1.9768
5581.45,1.9722
5582.35,1.9707
5583.25,1.9624
5584.15,1.9573
5585.05,1.9598
5585.95,1.9481
5586.85,1.9433
5587.75,1.946
5588.65,1.9371
5589.55,1.9267
5590.45,1.9243
5591.35,1.9319
5592.25,1.9311
5593.15,1.9323
5594.05,1.9362
5594.95,1.9414
5595.85,1.9466
5596.75,1.9396
5597.65,1.9412
5598.55,1.9367
5599.45,1.9363
5600.35,1.9357
5601.25,1.9363
5602.15,1.9449
5603.06,1.9465
5603.96,1.9483
5604.86,1.9481
5605.76,1.9557
5606.66,1.9643
5607.56,1.9725
5608.46,1.9717
5609.36,1.9787
5610.26,1.975
5611.16,1.9725
5612.06,1.9709
5612.96,1.972
5613.86,1.9574
5614.76,1.9635
5615.66,1.9559
5616.56,1.9518
5617.46,1.9443
5618.36,1.9507
5619.26,1.947
5620.16,1.9492
5621.06,1.946
5621.96,1.9467
5622.86,1.9404
5623.76,1.9451
5624.66,1.9561
5625.56,1.954
5626.46,1.9542
5627.36,1.9579
5628.26,1.9642
5629.16,1.9564
5630.06,1.972
5630.96,1.963
5631.86,1.9621
5632.76,1.9683
5633.66,1.9687
5634.56,1.9711
5635.46,1.9632
5636.36,1.9598
5637.26,1.963
5638.16,1.9493
5639.06,1.9515
5639.96,1.944
5640.86,1.9458
5641.77,1.9472
5642.67,1.9427
5643.57,1.9499
5644.47,1.9438
5645.37,1.9489
5646.27,1.9499
5647.17,1.9516
5648.07,1.9622
5648.97,1.9605
5649.87,1.95
5650.77,1.9657
5651.67,1.9635
5652.57,1.9517
5653.47,1.9446
5654.37,1.9474
5655.27,1.9384
5656.17,1.936
5657.07,1.9314
5657.97,1.9229
5658.87,1.9211
5659.77,1.9127
5660.67,1.9161
5661.57,1.9035
5662.47,1.9115
5663.37,1.9213
5664.27,1.926
5665.17,1.924
5666.07,1.9195
5666.97,1.9283
5667.87,1.9251
5668.77,1.9318
5669.67,1.9294
5670.57,1.938
5671.47,1.9417
5672.37,1.9415
5673.27,1.94
5674.17,1.9435
5675.07,1.9412
5675.97,1.9472
5676.88,1.9414
5677.77,1.9439
5678.68,1.9477
5679.58,1.9462
5680.48,1.9492
5681.38,1.9338
5682.28,1.9396
5683.18,1.9388
5684.08,1.9231
5684.98,1.9241
5685.88,1.9224
5686.78,1.9201
5687.68,1.9196
5688.58,1.9218
5689.48,1.9232
5690.38,1.9219
5691.28,1.9311
5692.18,1.9221
5693.08,1.9366
5693.98,1.9401
5694.88,1.9382
5695.78,1.9394
5696.68,1.9477
5697.58,1.9295
5698.48,1.9335
5699.38,1.9354
5700.28,1.9213
5701.18,1.9172
5702.08,1.9199
5702.98,1.9162
5703.88,1.9105
5704.78,1.9066
5705.68,1.9033
5706.58,1.8981
5707.48,1.8987
5708.38,1.8946
5709.28,1.8898
5710.18,1.8872
5711.08,1.8853
5711.98,1.8829
5712.88,1.8966
5713.78,1.8922
5714.68,1.9063
5715.59,1.9081
5716.49,1.9156
5717.39,1.9194
5718.29,1.9219
5719.19,1.9235
5720.09,1.9256
5720.99,1.9303
5721.89,1.9355
5722.79,1.9343
5723.69,1.9279
5724.59,1.9372
5725.49,1.9314
5726.39,1.9391
5727.29,1.9333
5728.19,1.9331
5729.09,1.9298
5729.99,1.9256
5730.89,1.9269
5731.79,1.9239
5732.69,1.9256
5733.59,1.9274
5734.49,1.9254
5735.39,1.9306
5736.29,1.9271
5737.19,1.9285
5738.09,1.9266
5738.99,1.9228
5739.89,1.9236
5740.79,1.925
5741.69,1.9192
5742.59,1.9212
5743.49,1.9221
5744.39,1.9212
5745.29,1.9158
5746.19,1.9178
5747.09,1.9202
5747.99,1.9151
5748.89,1.9165
5749.79,1.9051
5750.69,1.9086
5751.59,1.9128
5752.5,1.9084
5753.4,1.9039
5754.3,1.9034
5755.2,1.8976
5756.1,1.9009
5757.0,1.8981
5757.9,1.9075
5758.8,1.8977
5759.7,1.9031
5760.6,1.8978
5761.5,1.8956
5762.4,1.904
5763.3,1.8956
5764.2,1.902
5765.1,1.9068
5766.0,1.9027
5766.9,1.9092
5767.8,1.9022
5768.7,1.907
5769.6,1.9083
5770.5,1.9174
5771.4,1.9058
5772.3,1.9104
5773.2,1.9101
5774.1,1.9067
5775.0,1.8994
5775.9,1.9054
5776.8,1.8941
5777.7,1.8912
5778.6,1.8943
5779.5,1.8824
5780.4,1.8862
5781.3,1.8801
5782.2,1.884
5783.1,1.8779
5784.0,1.8798
5784.9,1.8722
5785.8,1.8717
5786.7,1.8802
5787.6,1.8817
5788.5,1.8848
5789.41,1.8847
5790.31,1.8937
5791.21,1.8909
5792.11,1.8906
5793.01,1.8877
5793.91,1.8898
5794.81,1.8919
5795.71,1.8975
5796.61,1.8936
5797.51,1.8919
5798.41,1.8948
5799.31,1.8958
5800.21,1.8972
5801.11,1.8927
5802.01,1.9031
5802.91,1.905
5803.81,1.8964
5804.71,1.8898
5805.61,1.9027
5806.51,1.9007
5807.41,1.8995
5808.31,1.8918
5809.21,1.9014
5810.11,1.896
5811.01,1.8956
5811.91,1.8994
5812.81,1.9052
5813.71,1.8965
5814.61,1.8928
5815.51,1.8992
5816.41,1.8959
5817.31,1.9017
5818.21,1.8961
5819.11,1.9015
5820.01,1.9088
5820.91,1.9012
5821.81,1.9012
5822.71,1.9045
5823.61,1.8956
5824.51,1.902
5825.41,1.9026
5826.31,1.8994
5827.22,1.9022
5828.12,1.9091
5829.02,1.9017
5829.92,1.9028
5830.82,1.914
5831.72,1.9081
5832.62,1.906
5833.52,1.8992
5834.42,1.8973
5835.32,1.9046
5836.22,1.8993
5837.12,1.892
5838.02,1.894
5838.92,1.8966
5839.82,1.8945
5840.72,1.8843
5841.62,1.893
5842.52,1.8944
5843.42,1.8922
5844.32,1.8868
5845.22,1.8877
5846.12,1.8873
5847.02,1.8798
5847.92,1.8865
5848.82,1.8815
5849.72,1.8755
5850.62,1.8811
5851.52,1.8718
5852.42,1.8621
5853.32,1.8633
5854.22,1.8622
5855.12,1.8622
5856.02,1.8476
5856.92,1.8541
5857.82,1.8589
5858.72,1.8482
5859.62,1.8485
5860.52,1.8513
5861.42,1.8541
5862.32,1.8594
5863.23,1.8652
5864.12,1.8553
5865.03,1.8557
5865.93,1.8572
5866.83,1.8647
5867.73,1.8581
5868.63,1.866
5869.53,1.8645
5870.43,1.8656
5871.33,1.8803
5872.23,1.8753
5873.13,1.8745
5874.03,1.8713
5874.93,1.8691
5875.83,1.8794
5876.73,1.8753
5877.63,1.8658
5878.53,1.8753
5879.43,1.8626
5880.33,1.8655
5881.23,1.8608
5882.13,1.8471
5883.03,1.8564
5883.93,1.8545
5884.83,1.8449
5885.73,1.8372
5886.63,1.826
5887.53,1.8148
5888.43,1.7996
5889.33,1.7861
5890.23,1.7675
5891.13,1.764
5892.03,1.7558
5892.93,1.7473
5893.83,1.7483
5894.73,1.7478
5895.63,1.7509
5896.53,1.7581
5897.43,1.7567
5898.33,1.7757
5899.23,1.7827
5900.13,1.7833
5901.04,1.8
5901.94,1.8148
5902.83,1.8243
5903.74,1.8233
5904.64,1.8321
5905.54,1.8346
5906.44,1.842
5907.34,1.8405
5908.24,1.8424
5909.14,1.8438
5910.04,1.8437
5910.94,1.8393
5911.84,1.8439
5912.74,1.8379
5913.64,1.8347
5914.54,1.8359
5915.44,1.8316
5916.34,1.8283
5917.24,1.8306
5918.14,1.8309
5919.04,1.8249
5919.94,1.8289
5920.84,1.8345
5921.74,1.8349
5922.64,1.8354
5923.54,1.8299
5924.44,1.8415
5925.34,1.8377
5926.24,1.8402
5927.14,1.8386
5928.04,1.8302
5928.94,1.825
5929.84,1.8389
5930.74,1.8368
5931.64,1.8373
5932.54,1.8344
5933.44,1.8311
5934.34,1.8366
5935.24,1.8362
5936.14,1.8339
5937.04,1.8324
5937.94,1.8366
5938.85,1.8248
5939.75,1.8267
5940.65,1.8326
5941.55,1.8419
5942.45,1.8341
5943.35,1.8335
5944.25,1.8271
5945.15,1.8263
5946.05,1.8336
5946.95,1.8286
5947.85,1.8276
5948.75,1.818
5949.65,1.8147
5950.55,1.812
5951.45,1.8242
5952.35,1.819
5953.25,1.8224
5954.15,1.8142
5955.05,1.8221
5955.95,1.8218
5956.85,1.8185
5957.75,1.8165
5958.65,1.8273
5959.55,1.822
5960.45,1.8215
5961.35,1.8236
5962.25,1.8211
5963.15,1.8336
5964.05,1.8302
5964.95,1.825
5965.85,1.8291
5966.75,1.8319
5967.65,1.8312
5968.55,1.8248
5969.45,1.8382
5970.35,1.8305
5971.25,1.8194
5972.15,1.8334
5973.05,1.829
5973.95,1.8319
5974.85,1.8278
5975.75,1.824
5976.65,1.8201
5977.56,1.8214
5978.46,1.8186
5979.36,1.8155
5980.26,1.8095
5981.16,1.8213
5982.06,1.8188
5982.96,1.8162
5983.86,1.8111
5984.76,1.8146
5985.66,1.8073
5986.56,1.8127
5987.46,1.8058
5988.36,1.8101
5989.26,1.8084
5990.16,1.8129
5991.06,1.8075
5991.96,1.8141
5992.86,1.8098
5993.76,1.8156
5994.66,1.8132
5995.56,1.8113
5996.46,1.8166
5997.36,1.811
5998.26,1.8119
5999.16,1.8091
6000.06,1.8082
6000.96,1.8073
6001.86,1.8064
6002.76,1.806
6003.66,1.8046
6004.56,1.8003
6005.46,1.805
6006.36,1.8029
6007.26,1.8039
6008.16,1.8003
6009.06,1.7974
6009.96,1.7941
6010.86,1.7935
6011.76,1.7971
6012.67,1.7938
6013.56,1.801
6014.47,1.7971
6015.37,1.805
6016.27,1.7987
6017.17,1.8024
6018.07,1.7942
6018.97,1.7914
6019.87,1.7871
6020.77,1.8011
6021.67,1.7908
6022.57,1.7885
6023.47,1.7824
6024.37,1.7906
6025.27,1.7948
6026.17,1.7876
6027.07,1.7977
6027.97,1.7932
6028.87,1.8011
6029.77,1.8023
6030.67,1.8064
6031.57,1.8041
6032.47,1.8024
6033.37,1.8092
6034.27,1.8077
6035.17,1.8073
6036.07,1.812
6036.97,1.8191
6037.87,1.8109
6038.77,1.8015
6039.67,1.807
6040.57,1.8015
6041.47,1.804
6042.37,1.809
6043.27,1.8063
6044.17,1.808
6045.07,1.8076
6045.97,1.8113
6046.87,1.8092
6047.77,1.8074
6048.67,1.8022
6049.57,1.8039
6050.47,1.8117
6051.38,1.8031
6052.28,1.8078
6053.18,1.8056
6054.08,1.8009
6054.98,1.7992
6055.88,1.8014
6056.78,1.8039
6057.68,1.7945
6058.58,1.7951
6059.48,1.8003
6060.38,1.7882
6061.28,1.79
6062.18,1.7924
6063.08,1.7875
6063.98,1.7888
6064.88,1.7874
6065.78,1.7874
6066.68,1.7835
6067.58,1.7806
6068.48,1.7836
6069.38,1.7905
6070.28,1.7914
6071.18,1.7962
6072.08,1.7981
6072.98,1.8
6073.88,1.8018
6074.78,1.8076
6075.68,1.7961
6076.58,1.797
6077.48,1.7921
6078.38,1.8032
6079.28,1.7889
6080.18,1.789
6081.08,1.7885
6081.98,1.785
6082.88,1.7848
6083.78,1.7869
6084.68,1.7782
6085.58,1.7847
6086.48,1.783
6087.38,1.7813
6088.28,1.7827
6089.19,1.7741
6090.09,1.7816
6090.99,1.782
6091.89,1.7792
6092.79,1.7787
6093.69,1.7822
6094.59,1.7802
6095.49,1.7846
6096.39,1.7827
6097.29,1.785
6098.19,1.7797
6099.09,1.7751
6099.99,1.7651
6100.89,1.7675
6101.79,1.761
6102.69,1.7661
6103.59,1.7661
6104.49,1.7634
6105.39,1.7589
6106.29,1.7577
6107.19,1.7597
6108.09,1.761
6108.99,1.7632
6109.89,1.767
6110.79,1.7728
6111.69,1.7675
6112.59,1.7818
6113.49,1.7876
6114.39,1.7738
6115.29,1.7806
6116.19,1.7777
6117.09,1.7706
6117.99,1.7744
6118.89,1.7712
6119.79,1.7716
6120.69,1.7657
6121.59,1.7636
6122.49,1.7566
6123.39,1.7581
6124.29,1.7598
6125.19,1.755
6126.1,1.7546
6127.0,1.7593
6127.9,1.759
6128.8,1.7613
6129.7,1.7629
6130.6,1.7624
6131.5,1.7606
6132.4,1.7582
6133.3,1.7556
6134.2,1.759
6135.1,1.7475
6136.0,1.736
6136.9,1.7369
6137.8,1.7311
6138.7,1.7228
6139.6,1.7328
6140.5,1.7231
6141.4,1.7312
6142.3,1.7362
6143.2,1.7331
6144.1,1.7399
6145.0,1.7425
6145.9,1.7551
6146.8,1.7477
6147.7,1.7454
6148.6,1.7448
6149.5,1.7492
6150.4,1.7493
6151.3,1.7541
6152.2,1.7508
6153.1,1.7536
6154.0,1.7585
6154.9,1.7571
6155.8,1.745
6156.7,1.7515
6157.6,1.744
6158.5,1.7434
6159.4,1.7367
6160.3,1.7288
6161.2,1.7303
6162.1,1.7203
6163.01,1.7169
6163.91,1.7086
6164.81,1.7109
6165.71,1.7091
6166.61,1.7081
6167.51,1.7073
6168.41,1.7058
6169.31,1.7064
6170.21,1.7092
6171.11,1.7124
6172.01,1.712
6172.91,1.7178
6173.81,1.7162
6174.71,1.7228
6175.61,1.7251
6176.51,1.7238
6177.41,1.7337
6178.31,1.727
6179.21,1.735
6180.11,1.7325
6181.01,1.7358
6181.91,1.7401
6182.81,1.7392
6183.71,1.7321
6184.61,1.7402
6185.51,1.7363
6186.41,1.7389
6187.31,1.7397
6188.21,1.7274
6189.11,1.723
6190.01,1.72
6190.91,1.719
6191.81,1.7212
6192.71,1.7209
6193.61,1.7101
6194.51,1.7147
6195.41,1.7242
6196.31,1.7215
6197.21,1.7256
6198.11,1.7257
6199.01,1.7222
6199.92,1.7275
6200.82,1.7282
6201.72,1.7275
6202.62,1.7292
6203.52,1.7281
6204.42,1.7328
6205.32,1.7354
6206.22,1.7305
6207.12,1.7379
6208.02,1.7268
6208.92,1.7254
6209.82,1.7256
6210.72,1.7246
6211.62,1.72
6212.52,1.7195
6213.42,1.7164
6214.32,1.7178
6215.22,1.7004
6216.12,1.7045
6217.02,1.7031
6217.92,1.7043
6218.82,1.7002
6219.72,1.699
6220.62,1.7036
6221.52,1.7025
6222.42,1.7063
6223.32,1.709
6224.22,1.7032
6225.12,1.7034
6226.02,1.7103
6226.92,1.7051
6227.82,1.6998
6228.72,1.7058
6229.62,1.7064
6230.52,1.6925
6231.42,1.6968
6232.32,1.6877
6233.22,1.6944
6234.12,1.7019
6235.02,1.7002
6235.92,1.6961
6236.83,1.7028
6237.73,1.6979
6238.63,1.7011
6239.53,1.6988
6240.43,1.6962
6241.33,1.704
6242.23,1.6956
6243.13,1.6917
6244.03,1.6905
6244.93,1.6907
6245.83,1.6862
6246.73,1.6903
6247.63,1.6901
6248.53,1.6881
6249.43,1.6867
6250.33,1.6816
6251.23,1.6774
6252.13,1.6844
6253.03,1.6795
6253.93,1.6718
6254.83,1.683
6255.73,1.67
6256.63,1.675
6257.53,1.6725
6258.43,1.6721
6259.33,1.665
6260.23,1.6751
6261.13,1.683
6262.03,1.6846
6262.93,1.6898
6263.83,1.6888
6264.73,1.6838
6265.63,1.693
6266.53,1.6926
6267.43,1.6947
6268.33,1.698
6269.23,1.6992
6270.13,1.6989
6271.03,1.7006
6271.93,1.6989
6272.83,1.7043
6273.73,1.7053
6274.64,1.7041
6275.54,1.7016
6276.44,1.7056
6277.34,1.6988
6278.24,1.6963
6279.14,1.6972
6280.04,1.6948
6280.94,1.7025
6281.84,1.6902
6282.74,1.6934
6283.64,1.6912
6284.54,1.6881
6285.44,1.6904
6286.34,1.6969
6287.24,1.7012
6288.14,1.6969
6289.04,1.7063
6289.94,1.7096
6290.84,1.7032
6291.74,1.7012
6292.64,1.6961
6293.54,1.6918
6294.44,1.7006
6295.34,1.6908
6296.24,1.6961
6297.14,1.6894
6298.04,1.6813
6298.94,1.679
6299.84,1.6755
6300.74,1.673
6301.64,1.6782
6302.54,1.6836
6303.44,1.6811
6304.34,1.6791
6305.24,1.6758
6306.14,1.6796
6307.04,1.6871
6307.94,1.6856
6308.84,1.6887
6309.74,1.692
6310.64,1.6921
6311.54,1.6888
6312.45,1.6889
6313.35,1.675
6314.25,1.6793
6315.15,1.6767
6316.05,1.679
6316.95,1.6728
6317.85,1.664
6318.75,1.6666
6319.65,1.6754
6320.55,1.6684
6321.45,1.6694
6322.35,1.6719
6323.25,1.6792
6324.15,1.6764
6325.05,1.6737
6325.95,1.6826
6326.85,1.6763
6327.75,1.6829
6328.65,1.6863
6329.55,1.687
6330.45,1.6839
6331.35,1.6856
6332.25,1.6836
6333.15,1.6837
6334.05,1.6759
6334.95,1.6713
6335.85,1.674
6336.75,1.6724
6337.65,1.673
6338.55,1.6668
6339.45,1.6625
6340.35,1.6703
6341.25,1.6695
6342.15,1.6751
6343.05,1.68
6343.95,1.6731
6344.85,1.6781
6345.75,1.6727
6346.65,1.6671
6347.55,1.6702
6348.46,1.6693
6349.35,1.6666
6350.26,1.674
6351.16,1.6715
6352.06,1.6728
6352.96,1.6711
6353.86,1.6687
6354.76,1.6636
6355.66,1.6703
6356.56,1.6595
6357.46,1.6656
6358.36,1.6599
6359.26,1.6608
6360.16,1.6591
6361.06,1.6584
6361.96,1.6555
6362.86,1.6529
6363.76,1.6525
6364.66,1.6548
6365.56,1.651
6366.46,1.6569
6367.36,1.6579
6368.26,1.6614
6369.16,1.6634
6370.06,1.6573
6370.96,1.6606
6371.86,1.6665
6372.76,1.671
6373.66,1.6669
6374.56,1.6709
6375.46,1.6682
6376.36,1.6626
6377.26,1.6711
6378.16,1.6594
6379.06,1.6782
6379.96,1.6704
6380.86,1.6705
6381.76,1.6655
6382.66,1.6645
6383.56,1.6712
6384.46,1.6682
6385.36,1.6656
6386.27,1.6721
6387.17,1.6643
6388.07,1.6643
6388.97,1.6663
6389.87,1.6698
6390.77,1.6567
6391.67,1.6616
6392.57,1.6598
6393.47,1.6569
6394.37,1.6555
6395.27,1.6531
6396.17,1.6571
6397.07,1.6426
6397.97,1.6525
6398.87,1.6511
6399.77,1.645
6400.67,1.6474
6401.57,1.6495
6402.47,1.6434
6403.37,1.6483
6404.27,1.651
6405.17,1.651
6406.07,1.6517
6406.97,1.6518
6407.87,1.6483
6408.77,1.6585
6409.67,1.6528
6410.57,1.6502
6411.47,1.6461
6412.37,1.6485
6413.27,1.647
6414.17,1.6466
6415.07,1.6522
6415.97,1.6405
6416.87,1.6489
6417.77,1.6469
6418.67,1.6455
6419.57,1.6406
6420.47,1.6434
6421.37,1.6422
6422.27,1.6444
6423.17,1.6465
6424.08,1.6447
6424.98,1.6481
6425.88,1.6486
6426.78,1.6459
6427.68,1.655
6428.58,1.6515
6429.48,1.6499
6430.38,1.6442
6431.28,1.6418
6432.18,1.6453
6433.08,1.639
6433.98,1.6486
6434.88,1.6402
6435.78,1.6459
6436.68,1.6407
6437.58,1.6376
6438.48,1.6368
6439.38,1.6432
6440.28,1.6391
6441.18,1.6462
6442.08,1.643
6442.98,1.6387
6443.88,1.6436
6444.78,1.6544
6445.68,1.6403
6446.58,1.6439
6447.48,1.6478
6448.38,1.6439
6449.28,1.6372
6450.18,1.6359
6451.08,1.6345
6451.98,1.6356
6452.88,1.6298
6453.78,1.6332
6454.68,1.6266
6455.58,1.6292
6456.48,1.6227
6457.38,1.63
6458.28,1.6283
6459.18,1.621
6460.08,1.6132
6460.98,1.6133
6461.89,1.617
6462.79,1.6126
6463.69,1.6133
6464.59,1.6115
6465.49,1.6147
6466.39,1.6148
6467.29,1.6183
6468.19,1.619
6469.09,1.6235
6469.99,1.6245
6470.89,1.6278
6471.79,1.6226
6472.69,1.6234
6473.59,1.6182
6474.49,1.6179
6475.39,1.6194
6476.29,1.618
6477.19,1.6244
6478.09,1.6185
6478.99,1.6193
6479.89,1.6163
6480.79,1.6197
6481.69,1.6163
6482.59,1.6112
6483.49,1.6112
6484.39,1.6148
6485.29,1.6097
6486.19,1.6148
6487.09,1.61
6487.99,1.6045
6488.89,1.6047
6489.79,1.6013
6490.69,1.5938
6491.59,1.5904
6492.49,1.5851
6493.39,1.581
6494.29,1.5744
6495.19,1.5631
6496.09,1.5568
6496.99,1.5543
6497.9,1.5535
6498.79,1.55
6499.7,1.5563
6500.6,1.5562
6501.5,1.5661
6502.4,1.5802
6503.3,1.5785
6504.2,1.5832
6505.1,1.5864
6506.0,1.5948
6506.9,1.6002
6507.8,1.6043
6508.7,1.6025
6509.6,1.5987
6510.5,1.5991
6511.4,1.5955
6512.3,1.5942
6513.2,1.5969
6514.1,1.5946
6515.0,1.5948
6515.9,1.5894
6516.8,1.586
6517.7,1.5856
6518.6,1.5808
6519.5,1.5882
6520.4,1.5814
6521.3,1.5786
6522.2,1.5824
6523.1,1.5797
6524.0,1.5801
6524.9,1.5835
6525.8,1.5874
6526.7,1.5846
6527.6,1.5827
6528.5,1.5766
6529.4,1.575
6530.3,1.5739
6531.2,1.5748
6532.1,1.5768
6533.0,1.5746
6533.9,1.5648
6534.8,1.5694
6535.71,1.5664
6536.61,1.5686
6537.51,1.5564
6538.41,1.5593
6539.31,1.5538
6540.21,1.5519
6541.11,1.5523
6542.01,1.548
6542.91,1.5429
6543.81,1.5352
6544.71,1.5303
6545.61,1.5239
6546.51,1.5157
6547.41,1.5085
6548.31,1.5014
6549.21,1.4994
6550.11,1.4931
6551.01,1.4823
6551.91,1.4709
6552.81,1.474
6553.71,1.4572
6554.61,1.4406
6555.51,1.4251
6556.41,1.4111
6557.31,1.3838
6558.21,1.3551
6559.11,1.3364
6560.01,1.3051
6560.91,1.2777
6561.81,1.2481
6562.71,1.2206
6563.61,1.211
6564.51,1.2005
6565.41,1.2062
6566.31,1.2225
6567.21,1.2342
6568.11,1.2644
6569.01,1.2947
6569.91,1.3177
6570.81,1.3484
6571.71,1.3707
6572.61,1.3936
6573.52,1.4152
6574.42,1.428
6575.32,1.4416
6576.22,1.4595
6577.12,1.4652
6578.02,1.4668
6578.92,1.4869
6579.82,1.4953
6580.72,1.4985
6581.62,1.5039
6582.52,1.5109
6583.42,1.5077
6584.32,1.5169
6585.22,1.5201
6586.12,1.5209
6587.02,1.5234
6587.92,1.5287
6588.82,1.5303
6589.72,1.5212
6590.62,1.5306
6591.52,1.5266
6592.42,1.521
6593.32,1.5306
6594.22,1.5195
6595.12,1.5278
6596.02,1.5278
6596.92,1.5272
6597.82,1.536
6598.72,1.541
6599.62,1.542
6600.52,1.5457
6601.42,1.5493
6602.32,1.5534
6603.22,1.5521
6604.12,1.55
6605.02,1.5555
6605.92,1.5533
6606.82,1.551
6607.72,1.554
6608.62,1.5515
6609.52,1.5506
6610.43,1.5522
6611.33,1.552
6612.23,1.5528
6613.13,1.548
6614.03,1.5526
6614.93,1.5572
6615.83,1.5559
6616.73,1.5614
6617.63,1.5577
6618.53,1.5595
6619.43,1.5626
6620.33,1.5597
6621.23,1.5646
6622.13,1.5661
6623.03,1.5529
6623.93,1.559
6624.83,1.5528
6625.73,1.5621
6626.63,1.5663
6627.53,1.558
6628.43,1.5596
6629.33,1.5525
6630.23,1.5553
6631.13,1.5567
6632.03,1.5507
6632.93,1.5554
6633.83,1.5508
6634.73,1.5592
6635.63,1.5524
6636.53,1.551
6637.43,1.5489
6638.33,1.5525
6639.23,1.5573
6640.13,1.554
6641.03,1.5545
6641.93,1.55
6642.83,1.5499
6643.73,1.5505
6644.63,1.5546
6645.53,1.5591
6646.43,1.5472
6647.34,1.5475
6648.24,1.5529
6649.14,1.5506
6650.04,1.5552
6650.94,1.5531
6651.84,1.5555
6652.74,1.555
6653.64,1.5497
6654.54,1.5511
6655.44,1.5505
6656.34,1.5538
6657.24,1.5558
6658.14,1.5502
6659.04,1.5532
6659.94,1.55
6660.84,1.5448
6661.74,1.5438
6662.64,1.543
6663.54,1.5433
6664.44,1.5405
6665.34,1.5386
6666.24,1.5457
6667.14,1.5382
6668.04,1.54
6668.94,1.5403
6669.84,1.5433
6670.74,1.5474
6671.64,1.542
6672.54,1.5469
6673.44,1.5458
6674.34,1.5499
6675.24,1.5521
6676.14,1.5446
6677.04,1.5443
6677.94,1.5474
6678.84,1.5323
6679.74,1.5365
6680.64,1.5337
6681.54,1.5302
6682.44,1.538
6683.34,1.5348
6684.24,1.5366
6685.15,1.5387
6686.05,1.5398
6686.95,1.5389
6687.85,1.5437
6688.75,1.5406
6689.65,1.543
6690.55,1.5425
6691.45,1.5453
6692.35,1.5436
6693.25,1.5425
6694.15,1.5379
6695.05,1.5391
6695.95,1.5381
6696.85,1.5364
6697.75,1.545
6698.65,1.5362
6699.55,1.5339
6700.45,1.5408
6701.35,1.5441
6702.25,1.5386
6703.15,1.5344
6704.05,1.5298
6704.95,1.5295
6705.85,1.5353
6706.75,1.5373
6707.65,1.5324
6708.55,1.5331
6709.45,1.5413
6710.35,1.5259
6711.25,1.5342
6712.15,1.5294
6713.05,1.5257
6713.95,1.5297
6714.85,1.5292
6715.75,1.523
6716.65,1.5238
6717.55,1.5228
6718.45,1.5184
6719.35,1.5155
6720.25,1.523
6721.16,1.5177
6722.06,1.5225
6722.96,1.5193
6723.86,1.5265
6724.76,1.5239
6725.66,1.527
6726.56,1.5244
6727.46,1.5271
6728.36,1.5263
6729.26,1.5257
6730.16,1.5257
6731.06,1.5305
6731.96,1.5301
6732.86,1.5314
6733.76,1.5227
6734.66,1.5302
6735.56,1.5267
6736.46,1.527
6737.36,1.5216
6738.26,1.5226
6739.16,1.5191
6740.06,1.523
6740.96,1.5164
6741.86,1.5255
6742.76,1.5219
6743.66,1.5157
6744.56,1.5163
6745.46,1.5168
6746.36,1.5214
6747.26,1.5143
6748.16,1.5175
6749.06,1.5134
6749.96,1.5113
6750.86,1.5191
6751.76,1.5154
6752.66,1.5137
6753.56,1.5168
6754.46,1.5118
6755.36,1.5095
6756.26,1.5121
6757.16,1.5195
6758.06,1.5201
6758.97,1.5206
6759.87,1.5173
6760.77,1.5215
6761.67,1.521
6762.57,1.5222
6763.47,1.5213
6764.37,1.5228
6765.27,1.5191
6766.17,1.5208
6767.07,1.5158
6767.97,1.5146
6768.87,1.5121
6769.77,1.5102
6770.67,1.5153
6771.57,1.5096
6772.47,1.5074
6773.37,1.5092
6774.27,1.5138
6775.17,1.5178
6776.07,1.5117
6776.97,1.5226
6777.87,1.5153
6778.77,1.5183
6779.67,1.515
6780.57,1.5168
6781.47,1.5169
6782.37,1.5157
6783.27,1.5174
6784.17,1.5122
6785.07,1.5127
6785.97,1.5071
6786.87,1.5089
6787.77,1.507
6788.67,1.5065
6789.57,1.5042
6790.47,1.5089
6791.37,1.5013
6792.27,1.5061
6793.17,1.5078
6794.07,1.5112
6794.97,1.5082
6795.88,1.5098
6796.78,1.5106
6797.68,1.5048
6798.58,1.5103
6799.48,1.5093
6800.38,1.5063
6801.28,1.5138
6802.18,1.5057
6803.08,1.505
6803.98,1.5103
6804.88,1.5022
6805.78,1.5054
6806.68,1.5052
6807.58,1.5014
6808.48,1.5044
6809.38,1.5019
6810.28,1.5058
6811.18,1.5018
6812.08,1.5021
6812.98,1.5054
6813.88,1.5052
6814.78,1.5009
6815.68,1.4964
6816.58,1.4997
6817.48,1.5027
6818.38,1.5005
6819.28,1.5016
6820.18,1.5074
6821.08,1.5038
6821.98,1.5032
6822.88,1.5029
6823.78,1.5002
6824.68,1.5026
6825.58,1.4976
6826.48,1.4964
6827.38,1.4956
6828.28,1.4962
6829.18,1.4963
6830.08,1.5007
6830.98,1.5012
6831.88,1.4998
6832.79,1.4937
6833.69,1.5
6834.59,1.5037
6835.49,1.4971
6836.39,1.4956
6837.29,1.4954
6838.19,1.4916
6839.09,1.4965
6839.99,1.4904
6840.89,1.4863
6841.79,1.4861
6842.69,1.4873
6843.59,1.491
6844.49,1.4817
6845.39,1.4855
6846.29,1.4882
6847.19,1.4873
6848.09,1.4896
6848.99,1.4883
6849.89,1.4877
6850.79,1.4922
6851.69,1.49
6852.59,1.4827
6853.49,1.4882
6854.39,1.4854
6855.29,1.4879
6856.19,1.4822
6857.09,1.4794
6857.99,1.4847
6858.89,1.4814
6859.79,1.4866
6860.69,1.4822
6861.59,1.4827
6862.49,1.4882
6863.39,1.4848
6864.29,1.4818
6865.19,1.4799
6866.09,1.4872
6866.99,1.4832
6867.89,1.4887
6868.79,1.4872
6869.7,1.488
6870.6,1.4841
6871.5,1.4791
6872.4,1.4811
6873.3,1.4825
6874.2,1.485
6875.1,1.482
6876.0,1.4897
6876.9,1.4801
6877.8,1.4741
6878.7,1.4824
6879.6,1.4827
6880.5,1.4785
6881.4,1.4825
6882.3,1.4809
6883.2,1.4778
6884.1,1.4787
6885.0,1.4803
6885.9,1.4822
6886.8,1.4822
6887.7,1.4853
6888.6,1.4831
6889.5,1.483
6890.4,1.4805
6891.3,1.4808
6892.2,1.4797
6893.1,1.4751
6894.0,1.4757
6894.9,1.4836
6895.8,1.4807
6896.7,1.4846
6897.6,1.4865
6898.5,1.4809
6899.4,1.478
6900.3,1.4837
6901.2,1.4844
6902.1,1.4806
6903.0,1.4859
6903.9,1.477
6904.8,1.487
6905.7,1.4763
6906.6,1.4889
6907.51,1.4866
6908.41,1.489
6909.31,1.4847
6910.21,1.475
6911.11,1.4842
6912.01,1.4797
6912.91,1.4784
6913.81,1.4735
6914.71,1.4726
6915.61,1.4703
6916.51,1.4687
6917.41,1.4691
6918.31,1.4686
6919.21,1.4682
6920.11,1.4728
6921.01,1.477
6921.91,1.4705
6922.81,1.4688
6923.71,1.4663
6924.61,1.4716
6925.51,1.4728
6926.41,1.4712
6927.31,1.4744
6928.21,1.469
6929.11,1.4751
6930.01,1.4708
6930.91,1.4732
6931.81,1.4724
6932.71,1.4744
6933.61,1.4752
6934.51,1.4715
6935.41,1.4695
6936.31,1.4697
6937.21,1.4729
6938.11,1.4702
6939.01,1.4748
6939.91,1.4677
6940.81,1.4662
6941.71,1.4744
6942.61,1.464
6943.52,1.4651
6944.42,1.469
6945.31,1.4643
6946.22,1.4613
6947.12,1.4659
6948.02,1.4646
6948.92,1.4639
6949.82,1.4619
6950.72,1.4646
6951.62,1.4615
6952.52,1.4653
6953.42,1.4648
6954.32,1.4725
6955.22,1.4719
6956.12,1.4712
6957.02,1.4654
6957.92,1.4645
6958.82,1.4664
6959.72,1.4634
6960.62,1.4699
6961.52,1.4637
6962.42,1.4724
6963.32,1.4713
6964.22,1.4711
6965.12,1.4608
6966.02,1.4681
6966.92,1.471
6967.82,1.4686
6968.72,1.4631
6969.62,1.4691
6970.52,1.4721
6971.42,1.4623
6972.32,1.4657
6973.22,1.4582
6974.12,1.4646
6975.02,1.4629
6975.92,1.4611
6976.82,1.4589
6977.72,1.4564
6978.62,1.4526
6979.52,1.4529
6980.42,1.4597
6981.33,1.4529
6982.23,1.4507
6983.12,1.4528
6984.03,1.4533
6984.93,1.4612
6985.83,1.4606
6986.73,1.4572
6987.63,1.4625
6988.53,1.461
6989.43,1.4633
6990.33,1.4601
6991.23,1.4646
6992.13,1.4672
6993.03,1.4623
6993.93,1.4598
6994.83,1.4605
6995.73,1.4607
6996.63,1.4589
6997.53,1.4581
6998.43,1.4573
6999.33,1.4567
7000.23,1.4549
7001.13,1.4528
7002.03,1.4526
7002.93,1.4534
7003.83,1.4539
7004.73,1.4541
7005.63,1.4511
7006.53,1.4506
7007.43,1.449
7008.33,1.452
7009.23,1.4541
7010.13,1.4533
7011.03,1.4515
7011.93,1.4513
7012.83,1.4466
7013.73,1.4514
7014.63,1.454
7015.53,1.4502
7016.43,1.4454
7017.33,1.4513
7018.23,1.4485
7019.14,1.4449
7020.04,1.4459
7020.94,1.4479
7021.84,1.4461
7022.74,1.4493
7023.64,1.4467
7024.54,1.4537
7025.44,1.4475
7026.34,1.4517
7027.24,1.4482
7028.14,1.4459
7029.04,1.4485
7029.94,1.451
7030.84,1.4449
7031.74,1.4479
7032.64,1.4524
7033.54,1.4502
7034.44,1.4399
7035.34,1.4452
7036.24,1.4412
7037.14,1.4495
7038.04,1.4471
7038.94,1.4423
7039.84,1.4473
7040.74,1.4532
7041.64,1.4529
7042.54,1.4567
7043.44,1.4519
7044.34,1.4601
7045.24,1.4546
7046.14,1.4594
7047.04,1.4583
7047.94,1.4559
7048.84,1.4622
7049.74,1.4518
7050.64,1.4548
7051.54,1.4497
7052.44,1.4496
7053.34,1.4469
7054.25,1.4543
7055.15,1.4438
7056.04,1.4394
7056.95,1.4365
7057.85,1.4415
7058.75,1.4401
7059.65,1.4359
7060.55,1.4372
7061.45,1.4351
7062.35,1.4325
7063.25,1.4379
7064.15,1.4329
7065.05,1.4365
7065.95,1.4375
7066.85,1.4368
7067.75,1.4342
7068.65,1.4388
7069.55,1.4356
7070.45,1.4369
7071.35,1.4343
7072.25,1.4382
7073.15,1.4358
7074.05,1.4301
7074.95,1.4386
7075.85,1.4409
7076.75,1.438
7077.65,1.4383
7078.55,1.4407
7079.45,1.4357
7080.35,1.4329
7081.25,1.4324
7082.15,1.4328
7083.05,1.4314
7083.95,1.4271
7084.85,1.4254
7085.75,1.4131
7086.65,1.4179
7087.55,1.4133
7088.45,1.4206
7089.35,1.4137
7090.25,1.4074
7091.15,1.4088
7092.06,1.4041
7092.96,1.4048
7093.85,1.4083
7094.76,1.4067
7095.66,1.406
7096.56,1.3993
7097.46,1.4057
7098.36,1.4119
7099.26,1.4052
7100.16,1.4156
7101.06,1.41
7101.96,1.41
7102.86,1.4165
7103.76,1.4143
7104.66,1.416
7105.56,1.416
7106.46,1.4154
7107.36,1.4153
7108.26,1.4118
7109.16,1.4128
7110.06,1.4184
7110.96,1.4168
7111.86,1.4162
7112.76,1.4162
7113.66,1.4173
7114.56,1.4182
7115.46,1.4184
7116.36,1.4106
7117.26,1.412
7118.16,1.4159
7119.06,1.413
7119.96,1.4209
7120.86,1.4102
7121.76,1.4138
7122.66,1.4111
7123.56,1.4104
7124.46,1.4072
7125.36,1.4089
7126.26,1.4062
7127.16,1.404
7127.27,1.397
7128.17,1.4022
7129.07,1.3999
7129.96,1.3999
7130.86,1.3996
7131.75,1.3946
7132.65,1.3917
7133.55,1.3993
7134.44,1.3944
7135.34,1.3982
7136.23,1.4003
7137.13,1.3966
7138.03,1.3914
7138.92,1.3979
7139.82,1.3905
7140.71,1.3948
7141.61,1.3934
7142.5,1.3946
7143.4,1.3905
7144.3,1.3905
7145.19,1.3853
7146.09,1.3881
7146.98,1.3824
7147.88,1.38
7148.78,1.3858
7149.67,1.3779
7150.57,1.382
7151.46,1.3894
7152.36,1.3787
7153.26,1.3835
7154.15,1.3861
7155.05,1.3861
7155.94,1.3817
7156.84,1.3924
7157.74,1.3964
7158.63,1.3997
7159.53,1.4017
7160.42,1.4048
7161.32,1.408
7162.21,1.4109
7163.11,1.4143
7164.01,1.4213
7164.9,1.4285
7165.8,1.4281
7166.69,1.4364
7167.59,1.4405
7168.49,1.4516
7169.38,1.4515
7170.28,1.4538
7171.17,1.4529
7172.07,1.4544
7172.96,1.4568
7173.86,1.4557
7174.76,1.4599
7175.65,1.4532
7176.55,1.458
7177.44,1.4572
7178.34,1.4584
7179.24,1.4526
7180.13,1.4506
7181.03,1.4484
7181.92,1.4482
7182.82,1.4517
7183.72,1.4467
7184.61,1.4472
7185.51,1.4488
7186.4,1.4493
7187.3,1.441
7188.19,1.4439
7189.09,1.4426
7189.99,1.4421
7190.88,1.4427
7191.78,1.4464
7192.67,1.4397
7193.57,1.4448
7194.47,1.4422
7195.36,1.446
7196.26,1.4406
7197.15,1.4455
7198.05,1.4489
7198.95,1.4454
7199.84,1.4444
7200.74,1.4453
7201.63,1.444
7202.53,1.4443
7203.43,1.4449
7204.32,1.4463
7205.22,1.4367
7206.11,1.4427
7207.01,1.4357
7207.9,1.4368
7208.8,1.4357
7209.7,1.4356
7210.59,1.4395
7211.49,1.4442
7212.38,1.4432
7213.28,1.4366
7214.18,1.4332
7215.07,1.442
7215.97,1.4438
7216.86,1.445
7217.76,1.4457
7218.66,1.4376
7219.55,1.4449
7220.45,1.4443
7221.34,1.4454
7222.24,1.4434
7223.13,1.4481
7224.03,1.4418
7224.93,1.4397
7225.82,1.4457
7226.72,1.4457
7227.61,1.4489
7228.51,1.4468
7229.41,1.4515
7230.3,1.4503
7231.2,1.4498
7232.09,1.4515
7232.99,1.4505
7233.89,1.4481
7234.78,1.4518
7235.68,1.4577
7236.57,1.4496
7237.47,1.4523
7238.36,1.45
7239.26,1.4493
7240.16,1.4435
7241.05,1.4469
7241.95,1.4408
7242.84,1.4405
7243.74,1.4398
7244.64,1.4415
7245.53,1.4453
7246.43,1.4439
7247.32,1.4394
7248.22,1.4399
7249.12,1.4439
7250.01,1.4358
7250.91,1.4452
7251.8,1.44
7252.7,1.4435
7253.6,1.4444
7254.49,1.4369
7255.39,1.4417
7256.28,1.4424
7257.18,1.4414
7258.07,1.441
7258.97,1.4391
7259.87,1.4403
7260.76,1.4376
7261.66,1.4408
7262.55,1.4395
7263.45,1.4388
7264.35,1.445
7265.24,1.4383
7266.14,1.4421
7267.03,1.4346
7267.93,1.4352
7268.83,1.4364
7269.72,1.4381
7270.62,1.4381
7271.51,1.4411
7272.41,1.4405
7273.3,1.4445
7274.2,1.433
7275.1,1.4332
7275.99,1.4359
7276.89,1.4316
7277.78,1.4354
7278.68,1.4325
7279.58,1.4304
7280.47,1.4289
7281.37,1.4288
7282.26,1.4263
7283.16,1.4308
7284.06,1.4263
7284.95,1.4275
7285.85,1.4214
7286.74,1.4185
7287.64,1.415
7288.53,1.4127
7289.43,1.4198
7290.33,1.4145
7291.22,1.4182
7292.12,1.4136
7293.01,1.4149
7293.91,1.4138
7294.81,1.4255
7295.7,1.4151
7296.6,1.4143
7297.49,1.4219
7298.39,1.4176
7299.29,1.4239
7300.18,1.421
7301.08,1.4305
7301.97,1.421
7302.87,1.4268
7303.76,1.4205
7304.66,1.4246
7305.56,1.4254
7306.45,1.4248
7307.35,1.4164
7308.24,1.4239
7309.14,1.4239
7310.04,1.4202
7310.93,1.4135
7311.83,1.417
7312.72,1.4205
7313.62,1.4169
7314.52,1.4171
7315.41,1.4243
7316.31,1.417
7317.2,1.4217
7318.1,1.4202
7318.99,1.4179
7319.89,1.4165
7320.79,1.4161
7321.68,1.4247
7322.58,1.4165
7323.47,1.4139
7324.37,1.411
7325.27,1.4137
7326.16,1.4051
7327.06,1.4119
7327.95,1.4071
7328.85,1.4097
7329.75,1.4095
7330.64,1.4076
7331.54,1.4082
7332.43,1.4098
7333.33,1.4139
7334.22,1.416
7335.12,1.4106
7336.02,1.4148
7336.91,1.4119
7337.81,1.4126
7338.7,1.4169
7339.6,1.4135
7340.5,1.4086
7341.39,1.4104
7342.29,1.4117
7343.18,1.4112
7344.08,1.4082
7344.98,1.4095
7345.87,1.4076
7346.77,1.4096
7347.66,1.4065
7348.56,1.4027
7349.45,1.4092
7350.35,1.4031
7351.25,1.402
7352.14,1.4017
7353.04,1.3947
7353.93,1.3983
7354.83,1.4008
7355.73,1.3931
7356.62,1.3888
7357.52,1.3899
7358.41,1.3912
7359.31,1.3906
7360.21,1.3949
7361.1,1.3926
7362.0,1.3941
7362.89,1.3887
7363.79,1.3882
7364.69,1.3861
7365.58,1.3873
7366.48,1.3921
7367.37,1.3919
7368.27,1.3912
7369.16,1.3968
7370.06,1.3915
7370.96,1.3884
7371.85,1.3898
7372.75,1.3982
7373.64,1.3952
7374.54,1.3897
7375.44,1.3925
7376.33,1.3855
7377.23,1.3896
7378.12,1.3905
7379.02,1.3867
7379.92,1.3888
7380.81,1.3882
7381.71,1.3822
7382.6,1.3816
7383.5,1.3803
7384.39,1.3798
7385.29,1.3756
7386.19,1.3774
7387.08,1.3706
7387.98,1.3679
7388.87,1.3683
7389.77,1.3692
7390.67,1.3629
7391.56,1.3627
7392.46,1.37
7393.35,1.3619
7394.25,1.3659
7395.15,1.364
7396.04,1.3699
7396.94,1.3698
7397.83,1.3695
7398.73,1.3716
7399.62,1.3658
7400.52,1.3678
7401.42,1.3733
7402.31,1.3702
7403.21,1.3683
7404.1,1.3674
7405.0,1.3616
7405.9,1.3619
7406.79,1.3602
7407.69,1.3577
7408.58,1.3556
7409.48,1.3484
7410.38,1.3495
7411.27,1.3372
7412.17,1.3357
7413.06,1.3291
7413.96,1.3229
7414.85,1.327
7415.75,1.3165
7416.65,1.3245
7417.54,1.3207
7418.44,1.32
7419.33,1.323
7420.23,1.3235
7421.13,1.3238
7422.02,1.3263
7422.92,1.334
7423.81,1.3327
7424.71,1.3363
7425.6,1.3373
7426.5,1.3475
7427.4,1.3466
7428.29,1.3515
7429.19,1.3561
7431.68,1.3639
7434.18,1.3617
7436.67,1.3624
7439.17,1.3611
7441.66,1.3592
7444.16,1.3578
7446.66,1.3548
7449.15,1.3539
7451.65,1.3636
7454.14,1.3616
7456.64,1.3578
7459.13,1.3578
7461.63,1.359
7464.12,1.3617
7466.62,1.3573
7469.11,1.3584
7471.61,1.3539
7474.1,1.3583
7476.6,1.363
7479.09,1.3573
7481.59,1.3545
7484.08,1.3541
7486.58,1.352
7489.07,1.3508
7491.57,1.349
7494.06,1.3426
7496.56,1.3415
7499.05,1.3461
7501.55,1.3461
7504.04,1.3445
7506.54,1.347
7509.03,1.3447
7511.53,1.3421
7514.02,1.3429
7516.52,1.3399
7519.01,1.3437
7521.51,1.3449
7524.0,1.3406
7526.5,1.3366
7528.99,1.3395
7531.49,1.3385
7533.99,1.3407
7536.48,1.3371
7538.98,1.3457
7541.47,1.3419
7543.97,1.3426
7546.46,1.3399
7548.96,1.3384
7551.45,1.336
7553.95,1.3344
7556.44,1.3368
7558.94,1.333
7561.43,1.3329
7563.93,1.3347
7566.42,1.3314
7568.92,1.3331
7571.41,1.3286
7573.91,1.3342
7576.4,1.331
7578.9,1.3282
7581.39,1.3233
7583.89,1.3242
7586.38,1.3197
7588.88,1.3237
7591.37,1.3229
7593.87,1.3241
7596.36,1.3226
7598.86,1.326
7601.35,1.3252
7603.85,1.3256
7606.34,1.3274
7608.84,1.3195
7611.33,1.3195
7613.83,1.3178
7616.33,1.3171
7618.82,1.31
7621.32,1.3104
7623.81,1.3123
7626.31,1.3146
7628.8,1.3163
7631.3,1.3171
7633.79,1.3142
7636.29,1.3136
7638.78,1.3127
7641.28,1.3133
7643.77,1.3103
7646.27,1.3126
7648.76,1.3109
7651.26,1.3059
7653.75,1.2992
7656.25,1.2974
7658.74,1.2865
7661.24,1.2811
7663.73,1.2729
7666.23,1.2745
7668.72,1.2748
7671.22,1.28
7673.71,1.2869
7676.21,1.2943
7678.7,1.2944
7681.2,1.2975
7683.69,1.2907
7686.19,1.2914
7688.69,1.2944
7691.18,1.2907
7693.68,1.2887
7696.17,1.2881
7698.67,1.2795
7701.16,1.281
7703.66,1.2789
7706.15,1.2803
7708.65,1.2814
7711.14,1.2757
7713.64,1.2776
7716.13,1.2766
7718.63,1.2758
7721.12,1.2795
7723.62,1.2819
7726.11,1.2813
7728.61,1.2848
7731.1,1.2864
7733.6,1.2879
7736.09,1.2912
7738.59,1.2884
7741.08,1.2879
7743.58,1.281
7746.07,1.281
7748.57,1.2722
7751.06,1.2724
7753.56,1.2737
7756.05,1.2796
7758.55,1.2838
7761.04,1.2833
7763.54,1.2864
7766.03,1.2884
7768.53,1.287
7771.03,1.285
7773.52,1.2838
7776.02,1.2852
7778.51,1.2793
7781.01,1.2788
7783.5,1.2778
7786.0,1.2749
7788.49,1.2742
7790.99,1.2703
7793.48,1.2706
7795.98,1.2686
7798.47,1.2685
7800.97,1.2705
7803.46,1.2707
7805.96,1.2706
7808.45,1.2725
7810.95,1.2716
7813.44,1.2711
7815.94,1.2741
7818.43,1.2756
7820.93,1.2754
7823.42,1.2752
7825.92,1.267
7828.41,1.2644
7830.91,1.2638
7833.4,1.2625
7835.9,1.2576
7838.39,1.259
7840.89,1.2598
7843.38,1.2611
7845.88,1.2589
7848.38,1.2611
7850.87,1.259
7853.37,1.2587
7855.86,1.2584
7858.36,1.2571
7860.85,1.2591
7863.35,1.2596
7865.84,1.2595
7868.34,1.2608
7870.83,1.2576
7873.33,1.2581
7875.82,1.2575
7878.32,1.2556
7880.81,1.2582
7883.31,1.2573
7885.8,1.2556
7888.3,1.254
7890.79,1.2537
7893.29,1.2551
7895.78,1.2557
7898.28,1.2506
7900.77,1.2512
7903.27,1.2502
7905.76,1.2489
7908.26,1.2447
7910.75,1.2412
7913.25,1.2402
7915.74,1.2352
7918.24,1.2363
7920.73,1.2366
7923.23,1.2362
7925.73,1.2372
7928.22,1.2387
7930.71,1.2352
7933.21,1.2348
7935.71,1.2282
7938.2,1.2263
7940.7,1.2219
7943.19,1.2209
7945.69,1.2196
7948.18,1.2247
7950.68,1.2274
7953.17,1.2316
7955.67,1.2332
7958.16,1.2309
7960.66,1.2356
7963.15,1.2358
7965.65,1.235
7968.14,1.2336
7970.64,1.233
7973.13,1.2322
7975.63,1.2293
7978.12,1.2316
7980.62,1.2278
7983.11,1.2273
7985.61,1.2264
7988.1,1.2245
7990.6,1.2224
7993.09,1.2209
7995.59,1.2188
7998.08,1.2178
8000.58,1.2133
8003.07,1.2239
8005.57,1.2203
8008.06,1.2257
8010.56,1.2241
8013.06,1.2258
8015.55,1.2276
8018.05,1.2248
8020.54,1.224
8023.04,1.2206
8025.53,1.2184
8028.03,1.213
8030.52,1.2161
8033.02,1.2164
8035.51,1.2143
8038.01,1.2192
8040.5,1.2176
8043.0,1.2158
8045.49,1.2111
8047.99,1.2072
8050.48,1.2053
8052.98,1.2065
8055.47,1.2077
8057.97,1.2105
8060.46,1.2081
8062.96,1.2105
8065.45,1.21
8067.95,1.2086
8070.44,1.2031
8072.94,1.2033
8075.43,1.2014
8077.93,1.2007
8080.42,1.2027
8082.92,1.2034
8085.41,1.201
8087.91,1.1984
8090.4,1.1987
8092.9,1.1973
8095.4,1.1969
8097.89,1.1995
8100.39,1.1976
8102.88,1.1993
8105.38,1.2024
8107.87,1.1981
8110.37,1.1988
8112.86,1.196
8115.36,1.1951
8117.85,1.1931
8120.35,1.1956
8122.84,1.1986
8125.34,1.1933
8127.83,1.1978
8130.33,1.1949
8132.82,1.1971
8135.32,1.1961
8137.81,1.193
8140.31,1.1941
8142.8,1.1918
8145.3,1.1896
8147.79,1.1916
8150.29,1.1917
8152.78,1.1887
8155.28,1.1894
8157.77,1.1904
8160.27,1.191
8162.76,1.19
8165.26,1.1871
8167.75,1.1878
8170.25,1.1885
8172.75,1.186
8175.24,1.1853
8177.74,1.1826
8180.23,1.1803
8182.73,1.1755
8185.22,1.1745
8187.72,1.1732
8190.21,1.1709
8192.71,1.1678
8195.2,1.1654
8197.7,1.1658
8200.19,1.1629
8202.69,1.1673
8205.18,1.1698
8207.68,1.1714
8210.17,1.1695
8212.67,1.1735
8215.16,1.1725
8217.66,1.1716
8220.15,1.1711
8222.65,1.1685
8225.14,1.1694
8227.64,1.1728
8230.13,1.1727
8232.63,1.1734
8235.12,1.1721
8237.62,1.1733
8240.11,1.1716
8242.61,1.1712
8245.1,1.1698
8247.6,1.1689
8250.1,1.1689
8252.59,1.1671
8255.08,1.168
8257.58,1.1672
8260.08,1.1706
8262.57,1.1698
8265.07,1.171
8267.56,1.1716
8270.06,1.1675
8272.55,1.1692
8275.05,1.1694
8277.54,1.1661
8280.04,1.166
8282.53,1.1654
8285.03,1.1657
8287.52,1.1622
8290.02,1.1611
8292.51,1.1591
8295.01,1.1599
8297.5,1.1578
8300.0,1.1568
8302.49,1.157
8304.99,1.1561
8307.48,1.1532
8309.98,1.1531
8312.47,1.1522
8314.97,1.1543
8317.46,1.154
8319.96,1.1522
8322.46,1.1517
8324.95,1.1482
8327.44,1.1408
8329.94,1.1349
8332.43,1.1363
8334.93,1.1361
8337.43,1.1377
8339.92,1.1407
8342.42,1.1398
8344.91,1.1458
8347.41,1.145
8349.9,1.1467
8352.4,1.145
8354.89,1.145
8357.39,1.1455
8359.88,1.1468
8362.38,1.1436
8364.87,1.1401
8367.37,1.1403
8369.86,1.1426
8372.36,1.1398
8374.85,1.1421
8377.35,1.1368
8379.84,1.1351
8382.34,1.1323
8384.83,1.127
8387.33,1.126
8389.82,1.1232
8392.32,1.127
8394.81,1.1306
8397.31,1.1308
8399.8,1.1358
8402.3,1.1354
8404.79,1.1353
8407.29,1.1389
8409.79,1.1371
8412.28,1.1324
8414.78,1.1287
8417.27,1.1319
8419.77,1.1314
8422.26,1.1263
8424.76,1.1268
8427.25,1.1235
8429.75,1.121
8432.24,1.1168
8434.74,1.115
8437.23,1.1135
8439.73,1.1148
8442.22,1.1152
8444.72,1.1199
8447.21,1.1236
8449.71,1.1248
8452.2,1.1228
8454.7,1.1243
8457.19,1.1218
8459.69,1.1211
8462.18,1.118
8464.68,1.11
8467.17,1.1051
8469.67,1.1025
8472.16,1.1039
8474.66,1.1056
8477.15,1.1125
8479.65,1.113
8482.14,1.116
8484.64,1.1126
8487.13,1.1135
8489.63,1.1044
8492.12,1.0914
8494.62,1.0722
8497.12,1.052
8499.61,1.0403
8502.11,1.0357
8504.6,1.0451
8507.1,1.0616
8509.59,1.0778
8512.09,1.0803
8514.58,1.0881
8517.08,1.0901
8519.57,1.0905
8522.07,1.0949
8524.56,1.0967
8527.06,1.0972
8529.55,1.0924
8532.05,1.0808
8534.54,1.0591
8537.04,1.027
8539.53,0.98384
8542.03,0.94975
8544.52,0.93613
8547.02,0.94544
8549.51,0.97792
8552.01,1.0179
8554.5,1.0469
8557.0,1.0681
8559.49,1.0809
8561.99,1.0862
8564.48,1.0908
8566.98,1.092
8569.47,1.0948
8571.97,1.0913
8574.47,1.0963
8576.96,1.0937
8579.46,1.0936
8581.95,1.0923
8584.45,1.09
8586.94,1.0873
8589.44,1.0831
8591.93,1.0745
8594.43,1.0698
8596.92,1.0619
8599.42,1.059
8601.91,1.0578
8604.41,1.0622
8606.9,1.0656
8609.4,1.0697
8611.89,1.0727
8614.39,1.0727
8616.88,1.0784
8619.38,1.0787
8621.87,1.0796
8624.37,1.079
8626.86,1.0817
8629.36,1.0853
8631.85,1.0847
8634.35,1.0867
8636.84,1.0867
8639.34,1.0874
8641.83,1.0849
8644.33,1.0831
8646.83,1.0824
8649.32,1.0722
8651.82,1.0632
8654.31,1.0406
8656.8,1.0108
8659.3,0.97596
8661.8,0.94055
8664.29,0.92652
8666.79,0.92859
8669.28,0.95309
8671.78,0.98579
8674.27,1.0112
8676.77,1.032
8679.26,1.0462
8681.76,1.0585
8684.25,1.0602
8686.75,1.0605
8689.24,1.0604
8691.74,1.0601
8694.23,1.0664
8696.73,1.0673
8699.22,1.0706
8701.72,1.0756
8704.21,1.0749
8706.71,1.0729
8709.2,1.0733
8711.7,1.0741
8714.19,1.0725
8716.69,1.0731
8719.18,1.0742
8721.68,1.076
8724.17,1.0745
8726.67,1.0739
8729.17,1.0714
8731.66,1.0688
8734.16,1.0611
8736.65,1.0558
8739.15,1.0495
8741.64,1.0406
8744.14,1.0275
8746.63,1.019
8749.13,1.0122
8751.62,1.0054
8754.12,1.0036
8756.61,1.0081
8759.11,1.0168
8761.6,1.0275
8764.1,1.0343
8766.59,1.0431
8769.09,1.046
8771.58,1.05
8774.08,1.0566
8776.57,1.06
8779.07,1.0606
8781.56,1.0638
8784.06,1.0657
8786.55,1.0642
8789.05,1.0632
8791.54,1.0624
8794.04,1.0626
8796.53,1.0588
8799.03,1.0593
8801.52,1.0554
8804.02,1.049
8806.51,1.0473
8809.01,1.0434
8811.5,1.0462
8814.0,1.052
8816.5,1.0551
8818.99,1.0625
8821.49,1.0586
8823.98,1.0543
8826.48,1.0565
8828.97,1.0562
8831.47,1.0546
8833.96,1.0544
8836.46,1.0577
8838.95,1.0554
8841.45,1.0534
8843.94,1.0467
8846.44,1.0457
8848.93,1.0412
8851.43,1.039
8853.92,1.03
8856.42,1.019
8858.91,1.0056
8861.41,0.99406
8863.9,0.98494
8866.4,0.98421
8868.89,0.9887
8871.39,0.99703
8873.88,1.009
8876.38,1.0214
8878.87,1.0272
8881.37,1.0338
8883.87,1.0386
8886.36,1.0391
8888.86,1.0448
8891.35,1.0442
8893.84,1.0458
8896.34,1.0459
8898.84,1.0464
8901.33,1.048
8903.83,1.0469
8906.32,1.0476
8908.82,1.0466
8911.31,1.0436
8913.81,1.0436
8916.3,1.0429
8918.8,1.0435
8921.29,1.0397
8923.79,1.0363
8926.28,1.0365
8928.78,1.0349
8931.27,1.0381
8933.77,1.0383
8936.26,1.0385
8938.76,1.0363
8941.25,1.038
8943.75,1.0358
8946.24,1.0345
8948.74,1.0348
8951.23,1.0358
8953.73,1.0383
8956.22,1.0407
8958.72,1.0425
8961.21,1.0432
8963.71,1.0391
8966.2,1.039
8968.7,1.0367
8971.2,1.0337
8973.69,1.034
8976.19,1.0281
8978.68,1.0286
8981.18,1.0279
8983.67,1.0294
8986.17,1.0286
8988.66,1.0291
8991.16,1.0235
8993.65,1.0191
8996.15,1.0166
8998.64,1.0063
9001.14,0.99992
9003.63,0.99341
9006.13,0.98201
9008.62,0.96899
9011.12,0.95649
9013.61,0.94338
9016.11,0.93933
9018.6,0.94103
9021.1,0.94742
9023.59,0.95906
9026.09,0.97125
9028.58,0.98243
9031.08,0.99173
9033.57,0.99949
9036.07,1.0058
9038.56,1.0085
9041.06,1.0139
9043.55,1.0184
9046.05,1.0181
9048.54,1.0188
9051.04,1.0204
9053.54,1.0187
9056.03,1.0161
9058.53,1.0125
9061.02,1.0123
9063.52,1.0114
9066.01,1.0103
9068.51,1.0117
9071.0,1.0152
9073.5,1.0139
9075.99,1.016
9078.49,1.0112
9080.98,1.0083
9083.48,1.0027
9085.97,1.0015
9088.47,0.998
9090.96,0.99349
9093.46,0.99291
9095.95,0.99551
9098.45,0.99994
9100.94,1.0008
9103.44,1.0057
9105.93,1.0058
9108.43,1.006
9110.92,1.0046
9113.42,1.0035
9115.91,1.0014
9118.41,1.003
9120.9,1.0043
9123.4,1.0021
9125.89,1.0055
9128.39,1.0065
9130.88,1.0065
9133.38,1.0048
9135.88,1.0029
9138.37,1.0
9140.87,0.99701
9143.36,0.99843
9145.86,0.99416
9148.35,0.99665
9150.85,0.99161
9153.34,0.99331
9155.84,0.99698
9158.33,0.99497
9160.83,0.99351
9163.32,0.99372
9165.82,0.9914
9168.31,0.99003
9170.81,0.9862
9173.3,0.98455
9175.8,0.98453
9178.29,0.98426
9180.79,0.98397
9183.28,0.98524
9185.78,0.98547
9188.27,0.98569
9190.77,0.98191
9193.26,0.98088
9195.76,0.97714
9198.25,0.97683
9200.75,0.97538
9203.24,0.97453
9205.74,0.97054
9208.24,0.96607
9210.73,0.96051
9213.23,0.95532
9215.72,0.94946
9218.22,0.9439
9220.71,0.93944
9223.21,0.9292
9225.7,0.92128
9228.2,0.91381
9230.69,0.90979
9233.19,0.90832
9235.68,0.91592
9238.18,0.92417
9240.67,0.93182
9243.17,0.94051
9245.66,0.9459
9248.16,0.94993
9250.65,0.95164
9253.15,0.9526
9255.64,0.95616
9258.14,0.95649
9260.63,0.95569
9263.13,0.95825
9265.62,0.96301
9268.12,0.96835
9270.61,0.96975
9273.11,0.96875
9275.6,0.96845
9278.1,0.96746
9280.59,0.96494
9283.09,0.96578
9285.58,0.96389
9288.08,0.962
9290.58,0.96262
9293.07,0.96121
9295.57,0.96023
9298.06,0.96211
9300.56,0.96184
9303.05,0.96023
9305.55,0.96227
9308.04,0.95946
9310.54,0.96068
9313.03,0.96006
9315.53,0.96051
9318.02,0.95993
9320.52,0.95916
9323.01,0.95807
9325.51,0.95882
9328.0,0.9603
9330.5,0.95787
9332.99,0.96124
9335.49,0.95939
9337.98,0.95993
9340.48,0.95942
9342.97,0.95837
9345.47,0.95855
9347.96,0.95694
9350.46,0.95502
9352.95,0.95005
9355.45,0.95143
9357.94,0.94717
9360.44,0.94566
9362.93,0.94538
9365.43,0.94466
9367.92,0.94438
9370.42,0.94388
9372.92,0.9468
9375.41,0.94414
9377.91,0.94617
9380.4,0.94502
9382.9,0.94684
9385.39,0.94756
9387.89,0.94373
9390.38,0.94455
9392.88,0.94392
9395.37,0.94394
9397.87,0.94155
9400.36,0.93881
9402.86,0.93584
9405.35,0.9312
9407.85,0.9298
9410.34,0.92708
9412.84,0.92401
9415.33,0.92559
9417.83,0.92923
9420.32,0.92817
9422.82,0.93225
9425.31,0.93615
9427.81,0.93516
9430.3,0.93561
9432.8,0.93437
9435.29,0.93392
9437.79,0.92942
9440.28,0.93078
9442.78,0.9291
9445.27,0.93041
9447.77,0.93192
9450.27,0.92847
9452.76,0.92951
9455.25,0.9281
9457.75,0.93129
9460.25,0.93055
9462.74,0.9315
9465.24,0.9316
9467.73,0.93295
9470.23,0.93111
9472.72,0.931
9475.22,0.93191
9477.71,0.93217
9480.21,0.92953
9482.7,0.92667
9485.2,0.92915
9487.69,0.92969
9490.19,0.92737
9492.68,0.92808
9495.18,0.92603
9497.67,0.92526
9500.17,0.92492
9502.66,0.92609
9505.16,0.92707
9507.65,0.92389
9510.15,0.92205
9512.64,0.92065
9515.14,0.92093
9517.63,0.91755
9520.13,0.91662
9522.62,0.91697
9525.12,0.91442
9527.61,0.91303
9530.11,0.90709
9532.61,0.90147
9535.1,0.89561
9537.6,0.88574
9540.09,0.87535
9542.59,0.86483
9545.08,0.8549
9547.58,0.85156
9550.07,0.85331
9552.57,0.85953
9555.06,0.87186
9557.56,0.87965
9560.05,0.88692
9562.55,0.89283
9565.04,0.89872
9567.54,0.90061
9570.03,0.9005
9572.53,0.90347
9575.02,0.90417
9577.52,0.90466
9580.01,0.90418
9582.51,0.90681
9585.0,0.90776
9587.5,0.91055
9589.99,0.90933
9592.49,0.91018
9594.98,0.90811
9597.48,0.90809
9599.97,0.90636
9602.47,0.90347
9604.96,0.90539
9607.46,0.90697
9609.96,0.90591
9612.45,0.90943
9614.95,0.90865
9617.44,0.90729
9619.94,0.90868
9622.43,0.90469
9624.93,0.90525
9627.42,0.90684
9629.92,0.90638
9632.41,0.90589
9634.91,0.90295
9637.4,0.90012
9639.9,0.89871
9642.39,0.89899
9644.89,0.89793
9647.38,0.89911
9649.88,0.89799
9652.37,0.89783
9654.87,0.89399
9657.36,0.89646
9659.86,0.8941
9662.35,0.89419
9664.85,0.89593
9667.34,0.89644
9669.84,0.89586
9672.33,0.89714
9674.83,0.8956
9677.32,0.89445
9679.82,0.89537
9682.31,0.89355
9684.81,0.89679
9687.3,0.89594
9689.8,0.89519
9692.29,0.89351
9694.79,0.89324
9697.29,0.89349
9699.78,0.89142
9702.28,0.89002
9704.77,0.89264
9707.27,0.88991
9709.76,0.89073
9712.26,0.89092
9714.75,0.8883
9717.25,0.88978
9719.74,0.88967
9722.24,0.88666
9724.73,0.88699
9727.23,0.88705
9729.72,0.88836
9732.22,0.88522
9734.71,0.8841
9737.21,0.88342
9739.7,0.88319
9742.2,0.88154
9744.69,0.88091
9747.19,0.88333
9749.68,0.88174
9752.18,0.88391
9754.67,0.88439
9757.17,0.88545
9759.66,0.88576
9762.16,0.88509
9764.65,0.88369
9767.15,0.88318
9769.64,0.88346
9772.14,0.8835
9774.64,0.88011
9777.13,0.88048
9779.63,0.87833
9782.12,0.87489
9784.62,0.87458
9787.11,0.87222
9789.61,0.87253
9792.1,0.8761
9794.6,0.87673
9797.09,0.87763
9799.59,0.8787
9802.08,0.88053
9804.58,0.88257
9807.07,0.87875
9809.57,0.88144
9812.06,0.88196
9814.56,0.87925
9817.05,0.88099
9819.55,0.88035
9822.04,0.87955
9824.54,0.87984
9827.03,0.87792
9829.53,0.87729
9832.02,0.8784
9834.52,0.87624
9837.01,0.87556
9839.51,0.87822
9842.0,0.87587
9844.5,0.87648
9847.0,0.87657
9849.49,0.87681
9851.99,0.8767
9854.48,0.87456
9856.98,0.87354
9859.47,0.87314
9861.97,0.87163
9864.46,0.87137
9866.96,0.87166
9869.45,0.87115
9871.95,0.87309
9874.44,0.86934
9876.94,0.86931
9879.43,0.87083
9881.93,0.87132
9884.42,0.86991
9886.92,0.86771
9889.41,0.86363
9891.91,0.8663
9894.4,0.86559
9896.9,0.86578
9899.39,0.86454
9901.89,0.86358
9904.38,0.86144
9906.88,0.86425
9909.37,0.86335
9911.87,0.8612
9914.36,0.86141
9916.86,0.86337
9919.35,0.8616
9921.85,0.85796
9924.34,0.85792
9926.84,0.85956
9929.33,0.85711
9931.83,0.8598
9934.33,0.85631
9936.82,0.85872
9939.32,0.85713
9941.81,0.85773
9944.31,0.86013
9946.8,0.85461
9949.3,0.85562
9951.79,0.85467
9954.29,0.85663
9956.78,0.85576
9959.28,0.85603
9961.77,0.85723
9964.27,0.85678
9966.76,0.85603
9969.26,0.85611
9971.75,0.8552
9974.25,0.85485
9976.74,0.85238
9979.24,0.85458
9981.73,0.85209
9984.23,0.85024
9986.72,0.85057
9989.22,0.85251
9991.71,0.84942
9994.21,0.84782
9996.7,0.84869
9999.2,0.84683
10001.7,0.8472
10004.2,0.84649
10006.7,0.84567
10009.2,0.84626
10011.7,0.84613
10014.2,0.84601
10016.7,0.84328
10019.2,0.84403
10021.7,0.84294
10024.2,0.84344
10026.6,0.83988
10029.1,0.83847
10031.6,0.83025
10034.1,0.82721
10036.6,0.82171
10039.1,0.81729
10041.6,0.81106
10044.1,0.80331
10046.6,0.7972
10049.1,0.7898
10051.6,0.78735
10054.1,0.78909
10056.6,0.79261
10059.1,0.79982
10061.6,0.80404
10064.1,0.81152
10066.6,0.81618
10069.1,0.81914
10071.6,0.82225
10074.1,0.82492
10076.5,0.82661
10079.0,0.82994
10081.5,0.83047
10084.0,0.83033
10086.5,0.83247
10089.0,0.83437
10091.5,0.83578
10094.0,0.83572
10096.5,0.83451
10099.0,0.83515
10101.5,0.83568
10104.0,0.83558
10106.5,0.83632
10109.0,0.83404
10111.5,0.83293
10114.0,0.8321
10116.5,0.83368
10119.0,0.83429
10121.5,0.82996
10124.0,0.83004
10126.5,0.82965
10128.9,0.83046
10131.4,0.82938
10133.9,0.82997
10136.4,0.82776
10138.9,0.82564
10141.4,0.82522
10143.9,0.82488
10146.4,0.82468
10148.9,0.82206
10151.4,0.82323
10153.9,0.82351
10156.4,0.82424
10158.9,0.82359
10161.4,0.825
10163.9,0.82443
10166.4,0.82542
10168.9,0.82395
10171.4,0.82527
10173.9,0.82436
10176.4,0.82255
10178.9,0.82391
10181.3,0.82306
10183.8,0.82498
10186.3,0.82154
10188.8,0.82311
10191.3,0.81932
10193.8,0.8187
10196.3,0.81863
10198.8,0.81883
10201.3,0.81926
10203.8,0.82021
10206.3,0.81893
10208.8,0.81809
10211.3,0.81823
10213.8,0.81574
10216.3,0.81501
10218.8,0.81384
10221.3,0.81347
10223.8,0.81327
10226.3,0.81503
10228.8,0.8135
10231.2,0.81559
10233.7,0.81403
10236.2,0.81542
10238.7,0.8124
10241.2,0.81535
10243.7,0.8138
10246.2,0.81488
10248.7,0.81538
10251.2,0.81198
10253.7,0.81187
10256.2,0.81244
10258.7,0.81144
10261.2,0.81111
10263.7,0.80924
10266.2,0.8078
10268.7,0.8085
10271.2,0.80986
10273.7,0.80753
10276.2,0.80932
10278.7,0.80628
10281.2,0.80757
10283.6,0.80538
10286.1,0.80413
10288.6,0.80423
10291.1,0.80389
10293.6,0.80356
10296.1,0.80384
10298.6,0.80172
10301.1,0.80335
10303.6,0.80479
10306.1,0.80339
10308.6,0.80316
10311.1,0.80229
10313.6,0.80322
10316.1,0.80458
10318.6,0.80213
10321.1,0.80128
10323.6,0.79759
10326.1,0.79535
10328.6,0.79368
10331.1,0.79416
10333.5,0.79235
10336.0,0.79073
10338.5,0.79127
10341.0,0.78981
10343.5,0.79258
10346.0,0.79262
10348.5,0.79165
10351.0,0.79374
10353.5,0.79417
10356.0,0.79529
10358.5,0.79622
10361.0,0.7953
10363.5,0.79542
10366.0,0.79268
10368.5,0.79317
10371.0,0.79119
10373.5,0.79025
10376.0,0.7903
10378.5,0.79034
10381.0,0.789
10383.5,0.7909
10385.9,0.79009
10388.4,0.79008
10390.9,0.78853
10393.4,0.78914
10395.9,0.78743
10398.4,0.78628
10400.9,0.78578
10403.4,0.78696
10405.9,0.78674
10408.4,0.78693
10410.9,0.79038
10413.4,0.78773
10415.9,0.78492
10418.4,0.78748
10420.9,0.78713
10423.4,0.78519
10425.9,0.78567
10428.4,0.78655
10430.9,0.78469
10433.4,0.78683
10435.9,0.78581
10438.3,0.78721
10440.8,0.78523
10443.3,0.78534
10445.8,0.78488
10448.3,0.78374
10450.8,0.78399
10453.3,0.78148
10455.8,0.77998
10458.3,0.77981
10460.8,0.77728
10463.3,0.78087
10465.8,0.77839
10468.3,0.77913
10470.8,0.778
10473.3,0.77919
10475.8,0.77886
10478.3,0.77871
10480.8,0.77951
10483.3,0.77829
10485.8,0.77885
10488.2,0.77921
10490.7,0.77698
10493.2,0.77705
10495.7,0.77475
10498.2,0.77502
10500.7,0.77369
10503.2,0.77426
10505.7,0.7737
10508.2,0.77337
10510.7,0.77453
10513.2,0.77315
10515.7,0.77336
10518.2,0.77434
10520.7,0.77149
10523.2,0.77213
10525.7,0.77271
10528.2,0.77006
10530.7,0.77053
10533.2,0.76926
10535.7,0.77119
10538.2,0.7698
10540.6,0.77181
10543.1,0.77195
10545.6,0.77055
10548.1,0.77048
10550.6,0.76835
10553.1,0.76929
10555.6,0.76916
10558.1,0.76914
10560.6,0.76937
10563.1,0.76721
10565.6,0.7656
10568.1,0.76728
10570.6,0.76817
10573.1,0.76603
10575.6,0.76342
10578.1,0.76332
10580.6,0.76019
10583.1,0.75544
10585.6,0.75176
10588.1,0.75404
10590.6,0.7542
10593.0,0.75602
10595.5,0.75612
10598.0,0.75741
10600.5,0.7546
10603.0,0.75351
10605.5,0.75379
10608.0,0.7558
10610.5,0.75564
10613.0,0.75617
10615.5,0.7558
10618.0,0.75716
10620.5,0.7581
10623.0,0.75807
10625.5,0.7568
10628.0,0.75611
10630.5,0.75496
10633.0,0.75735
10635.5,0.75616
10638.0,0.75667
10640.5,0.7577
10642.9,0.75654
10645.4,0.7571
10647.9,0.75559
10650.4,0.75529
10652.9,0.75455
10655.4,0.75074
10657.9,0.75017
10660.4,0.74666
10662.9,0.74567
10665.4,0.74399
10667.9,0.74687
10670.4,0.7474
10672.9,0.75017
10675.4,0.74966
10677.9,0.74742
10680.4,0.74675
10682.9,0.74269
10685.4,0.74046
10687.9,0.73938
10690.4,0.73511
10692.9,0.73375
10695.3,0.73797
10697.8,0.73624
10700.3,0.74027
10702.8,0.74294
10705.3,0.74462
10707.8,0.7457
10710.3,0.74453
10712.8,0.74458
10715.3,0.74494
10717.8,0.74364
10720.3,0.7439
10722.8,0.74122
10725.3,0.73904
10727.8,0.7368
10730.3,0.7355
10732.8,0.73548
10735.3,0.73508
10737.8,0.73657
10740.3,0.73903
10742.8,0.73818
10745.3,0.73745
10747.7,0.73529
10750.2,0.73488
10752.7,0.73401
10755.2,0.7348
10757.7,0.7345
10760.2,0.7353
10762.7,0.73516
10765.2,0.73882
10767.7,0.73683
10770.2,0.73647
10772.7,0.73707
10775.2,0.73775
10777.7,0.73545
10780.2,0.73069
10782.7,0.72975
10785.2,0.72783
10787.7,0.72664
10790.2,0.72771
10792.7,0.72917
10795.2,0.72957
10797.6,0.73015
10800.1,0.73108
10802.6,0.73096
10805.1,0.73172
10807.6,0.72959
10810.1,0.72756
10812.6,0.72638
10815.1,0.72466
10817.6,0.72356
10820.1,0.72255
10822.6,0.72164
10825.1,0.71929
10827.6,0.71474
10830.1,0.71598
10832.6,0.71579
10835.1,0.718
10837.6,0.71932
10840.1,0.72236
10842.6,0.7223
10845.1,0.72313
10847.6,0.72393
10850.0,0.7239
10852.5,0.72271
10855.0,0.72389
10857.5,0.72362
10860.0,0.7228
10862.5,0.72037
10865.0,0.71806
10867.5,0.71379
10870.0,0.70981
10872.5,0.7076
10875.0,0.70663
10877.5,0.70936
10880.0,0.70929
10882.5,0.71156
10885.0,0.71344
10887.5,0.71368
10890.0,0.7134
10892.5,0.71278
10895.0,0.7131
10897.5,0.71364
10900.0,0.71472
10902.4,0.71581
10904.9,0.7125
10907.4,0.71183
10909.9,0.70897
10912.4,0.70924
10914.9,0.70711
10917.4,0.7031
10919.9,0.70093
10922.4,0.69886
10924.9,0.69566
10927.4,0.69164
10929.9,0.68707
10932.4,0.68163
10934.9,0.67623
10937.4,0.67273
10939.9,0.67133
10942.4,0.66888
10944.9,0.67218
10947.4,0.675
10949.9,0.67962
10952.3,0.68445
10954.8,0.68636
10957.3,0.68771
10959.8,0.68899
10962.3,0.68857
10964.8,0.68654
10967.3,0.68744
10969.8,0.68656
10972.3,0.68659
10974.8,0.68704
10977.3,0.68851
10979.8,0.6887
10982.3,0.68796
10984.8,0.68872
10987.3,0.69121
10989.8,0.69265
10992.3,0.69288
10994.8,0.69392
10997.3,0.69372
10999.8,0.69347
