wave,flux
3700.85,0.92449
3701.75,0.9168
3702.65,0.89575
3703.55,0.86384
3704.45,0.82569
3705.35,0.79653
3706.25,0.78355
3707.15,0.78242
3708.05,0.78415
3708.96,0.7945
3709.86,0.80485
3710.76,0.81414
3711.66,0.82449
3712.56,0.84525
3713.46,0.87136
3714.36,0.90309
3715.26,0.93317
3716.16,0.9583
3717.06,0.96386
3717.96,0.95027
3718.86,0.91591
3719.76,0.87131
3720.66,0.82002
3721.56,0.77463
3722.46,0.75468
3723.36,0.77036
3724.26,0.8042
3725.16,0.84526
3726.06,0.89189
3726.96,0.92496
3727.86,0.94454
3728.76,0.95066
3729.66,0.94513
3730.56,0.92495
3731.46,0.88052
3732.36,0.83158
3733.26,0.77998
3734.16,0.72439
3735.06,0.69473
3735.96,0.68792
3736.86,0.71102
3737.76,0.75778
3738.66,0.82125
3739.56,0.88622
3740.46,0.9389
3741.36,0.97696
3742.26,0.99243
3743.16,0.98999
3744.06,0.96393
3744.96,0.92821
3745.86,0.88942
3746.76,0.83412
3747.67,0.78383
3748.57,0.7348
3749.47,0.69927
3750.37,0.69008
3751.27,0.71396
3752.17,0.75672
3753.07,0.82623
3753.97,0.90048
3754.87,0.96174
3755.77,1.0097
3756.67,1.0269
3757.57,1.0322
3758.47,1.0216
3759.37,1.0082
3760.27,1.0067
3761.17,1.014
3762.07,1.0252
3762.97,1.027
3763.87,1.0274
3764.77,1.0223
3765.67,1.003
3766.57,0.97045
3767.47,0.93003
3768.37,0.88518
3769.27,0.8416
3770.17,0.80733
3771.07,0.79278
3771.97,0.80413
3772.87,0.83772
3773.77,0.88361
3774.67,0.9332
3775.57,0.98572
3776.47,1.0391
3777.37,1.086
3778.27,1.1345
3779.17,1.1777
3780.07,1.2177
3780.97,1.2511
3781.87,1.272
3782.77,1.2899
3783.67,1.297
3784.57,1.2881
3785.47,1.2707
3786.38,1.2445
3787.28,1.2074
3788.18,1.1699
3789.08,1.1421
3789.98,1.1136
3790.88,1.087
3791.78,1.0624
3792.68,1.0258
3793.58,0.97819
3794.48,0.92335
3795.38,0.86758
3796.28,0.8096
3797.18,0.76223
3798.08,0.73317
3798.98,0.73245
3799.88,0.75833
3800.78,0.80841
3801.68,0.87779
3802.58,0.95612
3803.48,1.0239
3804.38,1.0816
3805.28,1.133
3806.18,1.1648
3807.08,1.1889
3807.98,1.222
3808.88,1.2494
3809.78,1.2832
3810.68,1.3006
3811.58,1.3098
3812.48,1.3017
3813.38,1.2821
3814.28,1.2628
3815.18,1.2461
3816.08,1.2432
3816.98,1.2509
3817.88,1.2639
3818.78,1.2661
3819.68,1.2615
3820.58,1.2559
3821.48,1.2367
3822.38,1.2212
3823.28,1.1933
3824.18,1.1722
3825.09,1.1361
3825.99,1.1014
3826.89,1.0708
3827.79,1.0343
3828.69,1.0053
3829.59,0.97151
3830.49,0.9307
3831.39,0.88618
3832.29,0.83312
3833.19,0.77697
3834.09,0.72503
3834.99,0.68296
3835.89,0.66529
3836.79,0.66501
3837.69,0.69063
3838.59,0.73195
3839.49,0.7863
3840.39,0.84519
3841.29,0.91094
3842.19,0.98094
3843.09,1.0454
3843.99,1.1041
3844.89,1.1569
3845.79,1.1989
3846.69,1.2368
3847.59,1.2645
3848.49,1.2989
3849.39,1.3209
3850.29,1.3433
3851.19,1.3652
3852.09,1.3792
3852.99,1.3997
3853.89,1.4054
3854.79,1.4073
3855.69,1.4077
3856.59,1.3991
3857.49,1.3939
3858.39,1.3843
3859.29,1.377
3860.19,1.3903
3861.09,1.393
3861.99,1.4111
3862.9,1.4254
3863.8,1.4436
3864.7,1.4568
3865.6,1.4642
3866.5,1.4648
3867.4,1.4739
3868.3,1.4686
3869.2,1.4675
3870.1,1.4482
3871.0,1.4376
3871.9,1.409
3872.8,1.3848
3873.7,1.3645
3874.6,1.3526
3875.5,1.3417
3876.4,1.3269
3877.3,1.3142
3878.2,1.2893
3879.1,1.2628
3880.0,1.2313
3880.9,1.2142
3881.8,1.1891
3882.7,1.1597
3883.6,1.1166
3884.5,1.0651
3885.4,1.0031
3886.3,0.93606
3887.2,0.87383
3888.1,0.81437
3889.0,0.7796
3889.9,0.77357
3890.8,0.79167
3891.7,0.83801
3892.6,0.89672
3893.5,0.96079
3894.4,1.0151
3895.3,1.0705
3896.2,1.117
3897.1,1.1498
3898.0,1.1872
3898.9,1.2189
3899.8,1.2382
3900.7,1.2682
3901.6,1.2897
3902.51,1.31
3903.41,1.321
3904.31,1.3299
3905.21,1.3355
3906.11,1.3533
3907.01,1.369
3907.91,1.3941
3908.81,1.4282
3909.71,1.4629
3910.61,1.4959
3911.51,1.5201
3912.41,1.5273
3913.31,1.5343
3914.21,1.5256
3915.11,1.5188
3916.01,1.509
3916.91,1.5036
3917.81,1.4875
3918.71,1.4841
3919.61,1.4747
3920.51,1.4698
3921.41,1.4621
3922.31,1.4679
3923.21,1.4673
3924.11,1.4649
3925.01,1.4509
3925.91,1.4167
3926.81,1.3815
3927.71,1.3224
3928.61,1.2446
3929.51,1.1502
3930.41,1.0488
3931.31,0.93971
3932.21,0.83683
3933.11,0.75286
3934.01,0.69993
3934.91,0.69408
3935.81,0.72798
3936.71,0.79753
3937.61,0.896
3938.51,1.0027
3939.42,1.1053
3940.32,1.1908
3941.22,1.2562
3942.12,1.3077
3943.02,1.3361
3943.92,1.3616
3944.82,1.3766
3945.72,1.3952
3946.62,1.4061
3947.52,1.4204
3948.42,1.4271
3949.32,1.4335
3950.22,1.434
3951.12,1.4427
3952.02,1.4338
3952.92,1.4317
3953.82,1.4314
3954.72,1.4256
3955.62,1.407
3956.52,1.3928
3957.42,1.3728
3958.32,1.3525
3959.22,1.3301
3960.12,1.2971
3961.02,1.2506
3961.92,1.1961
3962.82,1.1311
3963.72,1.0536
3964.62,0.97608
3965.52,0.88977
3966.42,0.79854
3967.32,0.70874
3968.22,0.62989
3969.12,0.57849
3970.02,0.55262
3970.92,0.56523
3971.82,0.61054
3972.72,0.67425
3973.62,0.75912
3974.52,0.84192
3975.42,0.92995
3976.32,1.0148
3977.22,1.0879
3978.13,1.1623
3979.03,1.2259
3979.93,1.2811
3980.83,1.3246
3981.73,1.3584
3982.63,1.3837
3983.53,1.3983
3984.43,1.4158
3985.33,1.4329
3986.23,1.4507
3987.13,1.4745
3988.03,1.4998
3988.93,1.5192
3989.83,1.5402
3990.73,1.5618
3991.63,1.5797
3992.53,1.5918
3993.43,1.6111
3994.33,1.6047
3995.23,1.6103
3996.13,1.6005
3997.03,1.5922
3997.93,1.5925
3998.83,1.5967
3999.73,1.6183
4000.63,1.6388
4001.53,1.652
4002.43,1.6638
4003.33,1.664
4004.23,1.651
4005.13,1.6415
4006.03,1.6251
4006.93,1.6231
4007.83,1.631
4008.73,1.6509
4009.63,1.6594
4010.53,1.6814
4011.43,1.6994
4012.33,1.7081
4013.23,1.7163
4014.13,1.7132
4015.03,1.7211
4015.93,1.7227
4016.84,1.7251
4017.74,1.7331
4018.64,1.7338
4019.54,1.7493
4020.44,1.7557
4021.34,1.7649
4022.24,1.761
4023.14,1.7613
4024.04,1.754
4024.94,1.7463
4025.84,1.7444
4026.74,1.7499
4027.64,1.7473
4028.54,1.7423
4029.44,1.7219
4030.34,1.6884
4031.24,1.6655
4032.14,1.6369
4033.04,1.6216
4033.94,1.6268
4034.84,1.6381
4035.74,1.6686
4036.64,1.7056
4037.54,1.7405
4038.44,1.7554
4039.34,1.7834
4040.24,1.7868
4041.14,1.7722
4042.04,1.7575
4042.94,1.7356
4043.84,1.7068
4044.74,1.6741
4045.64,1.6621
4046.54,1.6469
4047.44,1.6537
4048.34,1.673
4049.24,1.7063
4050.14,1.7236
4051.04,1.7366
4051.94,1.7432
4052.84,1.7243
4053.74,1.7109
4054.65,1.6849
4055.55,1.6699
4056.45,1.653
4057.35,1.6538
4058.25,1.6468
4059.15,1.655
4060.05,1.6597
4060.95,1.6633
4061.85,1.6619
4062.75,1.6479
4063.65,1.6408
4064.55,1.6253
4065.45,1.6196
4066.35,1.6272
4067.25,1.6345
4068.15,1.6455
4069.05,1.6589
4069.95,1.6616
4070.85,1.6538
4071.75,1.6473
4072.65,1.6401
4073.55,1.6271
4074.45,1.612
4075.35,1.5988
4076.25,1.5681
4077.15,1.5444
4078.05,1.5232
4078.95,1.5196
4079.85,1.5311
4080.75,1.5519
4081.65,1.5644
4082.55,1.5816
4083.45,1.5854
4084.35,1.5819
4085.25,1.5723
4086.15,1.5761
4087.05,1.5624
4087.95,1.5621
4088.85,1.5649
4089.75,1.5705
4090.65,1.5553
4091.55,1.539
4092.45,1.5079
4093.36,1.4753
4094.26,1.4456
4095.16,1.3898
4096.06,1.3463
4096.96,1.287
4097.86,1.2238
4098.76,1.1531
4099.66,1.0912
4100.56,1.0267
4101.46,0.97997
4102.36,0.94917
4103.26,0.95054
4104.16,0.97885
4105.06,1.027
4105.96,1.0923
4106.86,1.1564
4107.76,1.2142
4108.66,1.273
4109.56,1.3137
4110.46,1.3453
4111.36,1.3793
4112.26,1.4096
4113.16,1.4422
4114.06,1.4853
4114.96,1.5061
4115.86,1.5315
4116.76,1.5534
4117.66,1.563
4118.56,1.56
4119.46,1.5616
4120.36,1.5512
4121.26,1.562
4122.16,1.5679
4123.06,1.5763
4123.96,1.5803
4124.86,1.5871
4125.76,1.5924
4126.66,1.5976
4127.56,1.5947
4128.46,1.5932
4129.36,1.583
4130.26,1.5794
4131.17,1.5644
4132.06,1.5698
4132.97,1.5683
4133.87,1.5741
4134.77,1.5914
4135.67,1.6124
4136.57,1.6382
4137.47,1.6633
4138.37,1.6855
4139.27,1.7057
4140.17,1.7122
4141.07,1.7076
4141.97,1.6896
4142.87,1.6738
4143.77,1.6544
4144.67,1.6387
4145.57,1.6376
4146.47,1.6406
4147.37,1.6504
4148.27,1.665
4149.17,1.6622
4150.07,1.6674
4150.97,1.6588
4151.87,1.6496
4152.77,1.646
4153.67,1.6332
4154.57,1.624
4155.47,1.6257
4156.37,1.6212
4157.27,1.6227
4158.17,1.6284
4159.07,1.6459
4159.97,1.6603
4160.87,1.6748
4161.77,1.6872
4162.67,1.7024
4163.57,1.7121
4164.47,1.7145
4165.37,1.716
4166.27,1.7135
4167.17,1.7016
4168.07,1.6873
4168.98,1.675
4169.88,1.653
4170.78,1.6433
4171.68,1.6177
4172.58,1.5936
4173.48,1.5697
4174.38,1.557
4175.28,1.5524
4176.18,1.5544
4177.08,1.5643
4177.98,1.5792
4178.88,1.5814
4179.78,1.5936
4180.68,1.6017
4181.58,1.6177
4182.48,1.6171
4183.38,1.6236
4184.28,1.6366
4185.18,1.64
4186.08,1.6487
4186.98,1.6465
4187.88,1.6412
4188.78,1.6527
4189.68,1.6578
4190.58,1.6671
4191.48,1.675
4192.38,1.6996
4193.28,1.6989
4194.18,1.7047
4195.08,1.6941
4195.98,1.6765
4196.88,1.6532
4197.78,1.6318
4198.68,1.6105
4199.58,1.5986
4200.48,1.5936
4201.38,1.5942
4202.28,1.6076
4203.18,1.6133
4204.08,1.6224
4204.98,1.6372
4205.88,1.6439
4206.79,1.6722
4207.69,1.6812
4208.59,1.6953
4209.49,1.703
4210.39,1.7073
4211.29,1.7103
4212.19,1.7121
4213.09,1.7014
4213.99,1.6912
4214.89,1.6795
4215.79,1.6727
4216.69,1.674
4217.59,1.6752
4218.49,1.6856
4219.39,1.7081
4220.29,1.7184
4221.19,1.7214
4222.09,1.7201
4222.99,1.6974
4223.89,1.6655
4224.79,1.621
4225.69,1.5756
4226.59,1.5415
4227.49,1.5378
4228.39,1.5474
4229.29,1.5705
4230.19,1.6137
4231.09,1.6509
4231.99,1.672
4232.89,1.6781
4233.79,1.6738
4234.69,1.6689
4235.59,1.6502
4236.49,1.6441
4237.39,1.639
4238.29,1.6327
4239.19,1.639
4240.09,1.6482
4240.99,1.662
4241.89,1.683
4242.79,1.6858
4243.69,1.6981
4244.59,1.7007
4245.5,1.696
4246.4,1.694
4247.3,1.6812
4248.2,1.6616
4249.1,1.6396
4250.0,1.6321
4250.9,1.6367
4251.8,1.6411
4252.7,1.6474
4253.6,1.654
4254.5,1.6657
4255.4,1.6703
4256.3,1.6799
4257.2,1.6774
4258.1,1.6672
4259.0,1.6606
4259.9,1.648
4260.8,1.6392
4261.7,1.6464
4262.6,1.6573
4263.5,1.6774
4264.4,1.7102
4265.3,1.7279
4266.2,1.7279
4267.1,1.734
4268.0,1.7144
4268.9,1.6907
4269.8,1.6634
4270.7,1.6267
4271.6,1.597
4272.5,1.5768
4273.4,1.5608
4274.3,1.559
4275.2,1.5785
4276.1,1.6008
4277.0,1.6223
4277.9,1.6471
4278.8,1.6666
4279.7,1.6728
4280.6,1.6743
4281.5,1.67
4282.4,1.6559
4283.31,1.6481
4284.21,1.6362
4285.11,1.6326
4286.01,1.6083
4286.91,1.5912
4287.81,1.5774
4288.71,1.5529
4289.61,1.5407
4290.51,1.5273
4291.41,1.5262
4292.31,1.5275
4293.21,1.5449
4294.11,1.5522
4295.01,1.5629
4295.91,1.5654
4296.81,1.5451
4297.71,1.5247
4298.61,1.4983
4299.51,1.4564
4300.41,1.4368
4301.31,1.4139
4302.21,1.3963
4303.11,1.4019
4304.01,1.4012
4304.91,1.4114
4305.81,1.4154
4306.71,1.4166
4307.61,1.4155
4308.51,1.4099
4309.41,1.4107
4310.31,1.4202
4311.21,1.4353
4312.11,1.4572
4313.01,1.471
4313.91,1.4877
4314.81,1.5152
4315.71,1.5443
4316.61,1.5624
4317.51,1.5819
4318.41,1.6003
4319.31,1.6133
4320.21,1.6087
4321.12,1.5925
4322.02,1.5816
4322.92,1.5419
4323.82,1.5054
4324.72,1.4681
4325.62,1.4419
4326.52,1.4196
4327.42,1.4126
4328.32,1.4173
4329.22,1.4336
4330.12,1.4456
4331.02,1.4438
4331.92,1.437
4332.82,1.4231
4333.72,1.4089
4334.62,1.3669
4335.52,1.3261
4336.42,1.2708
4337.32,1.2014
4338.22,1.1299
4339.12,1.0579
4340.02,0.99622
4340.92,0.96824
4341.82,0.95296
4342.72,0.97708
4343.62,1.0194
4344.52,1.0749
4345.42,1.1409
4346.32,1.2086
4347.22,1.2613
4348.12,1.3069
4349.02,1.344
4349.92,1.3687
4350.82,1.3764
4351.72,1.3868
4352.62,1.3867
4353.52,1.3995
4354.42,1.4198
4355.32,1.4453
4356.22,1.4683
4357.12,1.4989
4358.02,1.5233
4358.92,1.5469
4359.83,1.5622
4360.73,1.5772
4361.63,1.6005
4362.53,1.6192
4363.43,1.633
4364.33,1.6525
4365.23,1.6533
4366.13,1.6626
4367.03,1.6516
4367.93,1.6433
4368.83,1.6272
4369.73,1.6197
4370.63,1.6186
4371.53,1.6133
4372.43,1.5979
4373.33,1.5932
4374.23,1.5912
4375.13,1.5926
4376.03,1.5927
4376.93,1.6067
4377.83,1.6204
4378.73,1.6301
4379.63,1.6402
4380.53,1.6373
4381.43,1.626
4382.33,1.6003
4383.23,1.5665
4384.13,1.5314
4385.03,1.512
4385.93,1.5031
4386.83,1.5117
4387.73,1.5248
4388.63,1.5575
4389.53,1.5781
4390.43,1.5892
4391.33,1.6011
4392.23,1.6061
4393.13,1.6067
4394.03,1.6178
4394.93,1.6236
4395.83,1.6258
4396.73,1.6275
4397.64,1.63
4398.54,1.6305
4399.44,1.628
4400.34,1.6276
4401.24,1.618
4402.14,1.6105
4403.04,1.6032
4403.94,1.5957
4404.84,1.5939
4405.74,1.5977
4406.64,1.6025
4407.54,1.6168
4408.44,1.6142
4409.34,1.6324
4410.24,1.6482
4411.14,1.6688
4412.04,1.6747
4412.94,1.6817
4413.84,1.6663
4414.74,1.6692
4415.64,1.6506
4416.54,1.6426
4417.44,1.6352
4418.34,1.644
4419.24,1.6507
4420.14,1.6641
4421.04,1.6763
4421.94,1.6839
4422.84,1.6837
4423.74,1.6826
4424.64,1.6827
4425.54,1.6784
4426.44,1.6807
4427.34,1.6846
4428.24,1.6814
4429.14,1.6773
4430.04,1.6717
4430.94,1.6727
4431.84,1.6614
4432.74,1.6495
4433.64,1.6446
4434.54,1.6357
4435.45,1.629
4436.35,1.6376
4437.25,1.6463
4438.15,1.6607
4439.05,1.6717
4439.95,1.6791
4440.85,1.6764
4441.75,1.6688
4442.65,1.6533
4443.55,1.6381
4444.45,1.6346
4445.35,1.6371
4446.25,1.6433
4447.15,1.6602
4448.05,1.6728
4448.95,1.6846
4449.85,1.6918
4450.75,1.6868
4451.65,1.678
4452.55,1.6668
4453.45,1.6482
4454.35,1.6263
4455.25,1.6097
4456.15,1.5951
4457.05,1.5816
4457.95,1.5749
4458.85,1.5695
4459.75,1.5729
4460.65,1.5744
4461.55,1.5766
4462.45,1.5915
4463.35,1.5916
4464.25,1.605
4465.15,1.6128
4466.05,1.6245
4466.95,1.6296
4467.85,1.6256
4468.75,1.6293
4469.65,1.6222
4470.55,1.6321
4471.45,1.6383
4472.35,1.6546
4473.25,1.6772
4474.16,1.6949
4475.06,1.7112
4475.96,1.7157
4476.86,1.719
4477.76,1.7166
4478.66,1.702
4479.56,1.6837
4480.46,1.6516
4481.36,1.6315
4482.26,1.6161
4483.16,1.6223
4484.06,1.6335
4484.96,1.6505
4485.86,1.6633
4486.76,1.6698
4487.66,1.6836
4488.56,1.6794
4489.46,1.6716
4490.36,1.6606
4491.26,1.6558
4492.16,1.6547
4493.06,1.658
4493.96,1.6583
4494.86,1.667
4495.76,1.6752
4496.66,1.6719
4497.56,1.6793
4498.46,1.6861
4499.36,1.7063
4500.26,1.7073
4501.16,1.713
4502.06,1.7245
4502.96,1.7409
4503.86,1.7532
4504.76,1.7565
4505.66,1.7623
4506.56,1.767
4507.46,1.7717
4508.36,1.7684
4509.26,1.7655
4510.17,1.7497
4511.06,1.7545
4511.97,1.7475
4512.87,1.7419
4513.77,1.7391
4514.67,1.7249
4515.57,1.7137
4516.47,1.7032
4517.37,1.7005
4518.27,1.6971
4519.17,1.6936
4520.07,1.6999
4520.97,1.6888
4521.87,1.6903
4522.77,1.6824
4523.67,1.676
4524.57,1.6522
4525.47,1.6478
4526.37,1.6247
4527.27,1.612
4528.17,1.5972
4529.07,1.5861
4529.97,1.5768
4530.87,1.5788
4531.77,1.577
4532.67,1.5771
4533.57,1.5781
4534.47,1.5803
4535.37,1.6024
4536.27,1.61
4537.17,1.6323
4538.07,1.649
4538.97,1.6678
4539.87,1.6779
4540.77,1.6813
4541.67,1.6833
4542.57,1.6871
4543.47,1.6828
4544.37,1.6809
4545.27,1.6686
4546.17,1.6655
4547.07,1.658
4547.97,1.6437
4548.88,1.6254
4549.77,1.6043
4550.68,1.6031
4551.58,1.5952
4552.48,1.598
4553.38,1.5945
4554.28,1.6013
4555.18,1.5943
4556.08,1.6137
4556.98,1.6207
4557.88,1.6385
4558.78,1.651
4559.68,1.6665
4560.58,1.6883
4561.48,1.6882
4562.38,1.6877
4563.28,1.6798
4564.18,1.6747
4565.08,1.6762
4565.98,1.6745
4566.88,1.6714
4567.78,1.6738
4568.68,1.6908
4569.58,1.69
4570.48,1.693
4571.38,1.6967
4572.28,1.6899
4573.18,1.6887
4574.08,1.6866
4574.98,1.6888
4575.88,1.7028
4576.78,1.6915
4577.68,1.6825
4578.58,1.6771
4579.48,1.6635
4580.38,1.6503
4581.28,1.6409
4582.18,1.6303
4583.08,1.615
4583.98,1.611
4584.88,1.6067
4585.78,1.6156
4586.69,1.6276
4587.58,1.6358
4588.49,1.6521
4589.39,1.6577
4590.29,1.66
4591.19,1.6585
4592.09,1.6571
4592.99,1.6546
4593.89,1.65
4594.79,1.6496
4595.69,1.6528
4596.59,1.6464
4597.49,1.649
4598.39,1.6554
4599.29,1.6548
4600.19,1.6597
4601.09,1.651
4601.99,1.6559
4602.89,1.656
4603.79,1.6576
4604.69,1.6656
4605.59,1.6676
4606.49,1.6837
4607.39,1.6903
4608.29,1.6993
4609.19,1.7086
4610.09,1.712
4610.99,1.7151
4611.89,1.7114
4612.79,1.712
4613.69,1.7051
4614.59,1.7
4615.49,1.7008
4616.39,1.6943
4617.29,1.6896
4618.19,1.6888
4619.09,1.6882
4619.99,1.6891
4620.89,1.6884
4621.79,1.6911
4622.69,1.7026
4623.59,1.7022
4624.5,1.7093
4625.4,1.7034
4626.3,1.7053
4627.2,1.7028
4628.1,1.7057
4629.0,1.7014
4629.9,1.6894
4630.8,1.6969
4631.7,1.6826
4632.6,1.6937
4633.5,1.6796
4634.4,1.6676
4635.3,1.6739
4636.2,1.6629
4637.1,1.6566
4638.0,1.661
4638.9,1.6587
4639.8,1.6548
4640.7,1.6592
4641.6,1.6613
4642.5,1.6615
4643.4,1.665
4644.3,1.6469
4645.2,1.6437
4646.1,1.6342
4647.0,1.624
4647.9,1.6185
4648.8,1.6102
4649.7,1.6153
4650.6,1.6228
4651.5,1.6229
4652.4,1.6427
4653.3,1.6437
4654.2,1.6457
4655.1,1.6503
4656.0,1.6495
4656.9,1.6553
4657.8,1.6585
4658.7,1.6699
4659.6,1.6765
4660.5,1.6887
4661.4,1.681
4662.3,1.6844
4663.21,1.6832
4664.11,1.6589
4665.01,1.6355
4665.91,1.6147
4666.81,1.5818
4667.71,1.5776
4668.61,1.561
4669.51,1.5738
4670.41,1.5713
4671.31,1.5866
4672.21,1.604
4673.11,1.6206
4674.01,1.636
4674.91,1.6468
4675.81,1.6497
4676.71,1.6617
4677.61,1.6624
4678.51,1.66
4679.41,1.6484
4680.31,1.6488
4681.21,1.6444
4682.11,1.6392
4683.01,1.6383
4683.91,1.6484
4684.81,1.6524
4685.71,1.6582
4686.61,1.6553
4687.51,1.6525
4688.41,1.6592
4689.31,1.6522
4690.21,1.6472
4691.11,1.6517
4692.01,1.6514
4692.91,1.6469
4693.81,1.6545
4694.71,1.6553
4695.61,1.6565
4696.51,1.6501
4697.41,1.659
4698.31,1.6432
4699.21,1.6334
4700.12,1.6233
4701.02,1.6103
4701.92,1.602
4702.82,1.5893
4703.72,1.5902
4704.62,1.5831
4705.52,1.5855
4706.42,1.6001
4707.32,1.5953
4708.22,1.5956
4709.12,1.5977
4710.02,1.5977
4710.92,1.608
4711.82,1.6097
4712.72,1.6208
4713.62,1.6342
4714.52,1.6269
4715.42,1.6384
4716.32,1.6388
4717.22,1.6528
4718.12,1.6583
4719.02,1.6736
4719.92,1.6866
4720.82,1.6911
4721.72,1.6916
4722.62,1.698
4723.52,1.6979
4724.42,1.6975
4725.32,1.6882
4726.22,1.6727
4727.12,1.6621
4728.02,1.6472
4728.92,1.6319
4729.82,1.6233
4730.72,1.6023
4731.62,1.6066
4732.52,1.6001
4733.42,1.6091
4734.32,1.6116
4735.22,1.6198
4736.12,1.6186
4737.02,1.625
4737.92,1.6274
4738.83,1.6334
4739.73,1.6338
4740.63,1.6478
4741.53,1.6565
4742.43,1.6559
4743.33,1.66
4744.23,1.6619
4745.13,1.6678
4746.03,1.6677
4746.93,1.6683
4747.83,1.6698
4748.73,1.6634
4749.63,1.6701
4750.53,1.6611
4751.43,1.6538
4752.33,1.6546
4753.23,1.65
4754.13,1.6335
4755.03,1.6375
4755.93,1.6312
4756.83,1.6292
4757.73,1.6352
4758.63,1.6294
4759.53,1.6334
4760.43,1.6293
4761.33,1.6268
4762.23,1.6149
4763.13,1.6058
4764.03,1.5925
4764.93,1.5845
4765.83,1.5789
4766.73,1.5825
4767.63,1.5838
4768.53,1.5965
4769.43,1.5992
4770.33,1.6061
4771.23,1.624
4772.13,1.6239
4773.03,1.6325
4773.93,1.6344
4774.83,1.6461
4775.73,1.6557
4776.64,1.6632
4777.54,1.6665
4778.44,1.6621
4779.34,1.6665
4780.24,1.6596
4781.14,1.6539
4782.04,1.6484
4782.94,1.6432
4783.84,1.6308
4784.74,1.6295
4785.64,1.6218
4786.54,1.6175
4787.44,1.6121
4788.34,1.6107
4789.24,1.6125
4790.14,1.6146
4791.04,1.622
4791.94,1.6282
4792.84,1.6375
4793.74,1.6511
4794.64,1.6548
4795.54,1.6521
4796.44,1.6634
4797.34,1.6528
4798.24,1.6548
4799.14,1.646
4800.04,1.637
4800.94,1.6299
4801.84,1.6348
4802.74,1.6245
4803.64,1.6291
4804.54,1.6245
4805.44,1.6269
4806.34,1.6223
4807.24,1.6198
4808.14,1.6233
4809.04,1.6125
4809.94,1.6149
4810.84,1.6155
4811.74,1.621
4812.64,1.6259
4813.54,1.6284
4814.45,1.6337
4815.35,1.6358
4816.25,1.6486
4817.15,1.6499
4818.05,1.655
4818.95,1.6569
4819.85,1.6454
4820.75,1.6423
4821.65,1.6426
4822.55,1.6329
4823.45,1.6146
4824.35,1.6061
4825.25,1.5953
4826.15,1.5911
4827.05,1.5887
4827.95,1.5915
4828.85,1.5938
4829.75,1.5908
4830.65,1.5846
4831.55,1.5889
4832.45,1.5836
4833.35,1.5834
4834.25,1.5788
4835.15,1.5787
4836.05,1.5764
4836.95,1.5727
4837.85,1.5691
4838.75,1.5613
4839.65,1.5489
4840.55,1.5457
4841.45,1.5304
4842.35,1.5287
4843.25,1.5233
4844.15,1.5196
4845.05,1.5119
4845.95,1.5056
4846.85,1.4934
4847.75,1.4942
4848.65,1.4731
4849.55,1.4587
4850.45,1.4435
4851.35,1.4372
4852.26,1.4076
4853.16,1.3923
4854.06,1.3625
4854.96,1.3295
4855.86,1.293
4856.76,1.2574
4857.66,1.2109
4858.56,1.162
4859.46,1.1193
4860.36,1.0741
4861.26,1.0399
4862.16,1.0175
4863.06,1.0154
4863.96,1.0322
4864.86,1.0603
4865.76,1.1038
4866.66,1.1499
4867.56,1.1934
4868.46,1.2346
4869.36,1.2649
4870.26,1.2857
4871.16,1.3047
4872.06,1.317
4872.96,1.3303
4873.86,1.3477
4874.76,1.3668
4875.66,1.3785
4876.56,1.4051
4877.46,1.4249
4878.36,1.4419
4879.26,1.4599
4880.16,1.4787
4881.06,1.4782
4881.96,1.4949
4882.86,1.4957
4883.76,1.4861
4884.66,1.4848
4885.56,1.4809
4886.46,1.4731
4887.36,1.469
4888.26,1.4687
4889.17,1.4627
4890.07,1.4677
4890.97,1.4665
4891.87,1.4793
4892.77,1.4983
4893.67,1.5166
4894.57,1.5437
4895.47,1.5614
4896.37,1.5781
4897.27,1.5903
4898.17,1.6014
4899.07,1.6015
4899.97,1.6028
4900.87,1.5963
4901.77,1.5933
4902.67,1.5854
4903.57,1.5815
4904.47,1.5899
4905.37,1.5857
4906.27,1.5835
4907.17,1.5819
4908.07,1.5827
4908.97,1.5694
4909.87,1.5638
4910.77,1.5567
4911.67,1.554
4912.57,1.5554
4913.47,1.5641
4914.37,1.5613
4915.27,1.5655
4916.17,1.561
4917.07,1.5587
4917.97,1.5503
4918.87,1.5265
4919.77,1.5028
4920.67,1.4883
4921.57,1.4703
4922.47,1.4799
4923.37,1.4747
4924.27,1.4865
4925.17,1.4994
4926.07,1.5103
4926.98,1.5333
4927.88,1.5521
4928.78,1.5666
4929.68,1.5752
4930.58,1.5787
4931.48,1.5747
4932.38,1.5729
4933.28,1.5592
4934.18,1.5462
4935.08,1.5362
4935.98,1.5265
4936.88,1.5142
4937.78,1.5144
4938.68,1.5075
4939.58,1.5092
4940.48,1.5183
4941.38,1.5226
4942.28,1.5358
4943.18,1.5474
4944.08,1.5532
4944.98,1.5657
4945.88,1.5691
4946.78,1.5676
4947.68,1.5762
4948.58,1.5801
4949.48,1.5868
4950.38,1.5899
4951.28,1.5927
4952.18,1.5819
4953.08,1.5845
4953.98,1.5744
4954.88,1.5713
4955.78,1.5578
4956.68,1.5464
4957.58,1.5299
4958.48,1.5269
4959.38,1.5283
4960.28,1.5408
4961.18,1.5454
4962.08,1.5565
4962.98,1.5687
4963.88,1.5768
4964.79,1.5715
4965.69,1.5736
4966.59,1.5619
4967.49,1.561
4968.39,1.5543
4969.29,1.5513
4970.19,1.5481
4971.09,1.5542
4971.99,1.5552
4972.89,1.5652
4973.79,1.5716
4974.69,1.5786
4975.59,1.5782
4976.49,1.5766
4977.39,1.5655
4978.29,1.5616
4979.19,1.5447
4980.09,1.533
4980.99,1.5148
4981.89,1.4955
4982.79,1.4796
4983.69,1.4659
4984.59,1.4567
4985.49,1.4661
4986.39,1.4693
4987.29,1.4818
4988.19,1.4958
4989.09,1.5118
4989.99,1.52
4990.89,1.5266
4991.79,1.5288
4992.69,1.5281
4993.59,1.5312
4994.49,1.533
4995.39,1.5344
4996.29,1.5402
4997.19,1.5331
4998.09,1.5281
4998.99,1.522
4999.89,1.5132
5000.79,1.5096
5001.7,1.5027
5002.6,1.4941
5003.5,1.4791
5004.4,1.4621
5005.3,1.4574
5006.2,1.461
5007.1,1.47
5008.0,1.4623
5008.9,1.4623
5009.8,1.4678
5010.7,1.4711
5011.6,1.4705
5012.5,1.4706
5013.4,1.456
5014.3,1.4484
5015.2,1.4352
5016.1,1.4333
5017.0,1.4289
5017.9,1.4279
5018.8,1.4277
5019.7,1.4249
5020.6,1.4363
5021.5,1.4482
5022.4,1.4509
5023.3,1.4606
5024.2,1.4669
5025.1,1.4814
5026.0,1.4928
5026.9,1.4899
5027.8,1.5053
5028.7,1.5036
5029.6,1.5109
5030.5,1.5094
5031.4,1.5208
5032.3,1.5268
5033.2,1.5263
5034.1,1.5267
5035.0,1.5216
5035.9,1.5124
5036.8,1.5035
5037.7,1.4857
5038.6,1.4703
5039.5,1.4561
5040.41,1.4433
5041.31,1.44
5042.21,1.4444
5043.11,1.4469
5044.01,1.4618
5044.91,1.4769
5045.81,1.4998
5046.71,1.5078
5047.61,1.5181
5048.51,1.5139
5049.41,1.5093
5050.31,1.5075
5051.21,1.4966
5052.11,1.4897
5053.01,1.497
5053.91,1.5048
5054.81,1.5153
5055.71,1.5285
5056.61,1.5335
5057.51,1.5413
5058.41,1.5543
5059.31,1.5549
5060.21,1.5618
5061.11,1.5637
5062.01,1.5617
5062.91,1.5603
5063.81,1.5407
5064.71,1.5328
5065.61,1.5226
5066.51,1.5183
5067.41,1.5059
5068.31,1.5019
5069.21,1.5004
5070.11,1.4952
5071.01,1.4976
5071.91,1.4987
5072.81,1.4925
5073.71,1.4974
5074.61,1.4933
5075.51,1.494
5076.42,1.4821
5077.31,1.478
5078.21,1.4693
5079.12,1.4578
5080.02,1.4492
5080.92,1.4464
5081.82,1.4439
5082.72,1.4443
5083.62,1.4451
5084.52,1.4599
5085.42,1.4715
5086.32,1.4805
5087.22,1.4889
5088.12,1.5006
5089.02,1.5073
5089.92,1.5166
5090.82,1.5169
5091.72,1.5219
5092.62,1.5273
5093.52,1.5242
5094.42,1.5222
5095.32,1.5132
5096.22,1.5046
5097.12,1.4931
5098.02,1.4844
5098.92,1.4672
5099.82,1.4673
5100.72,1.4592
5101.62,1.4623
5102.52,1.4662
5103.42,1.4763
5104.32,1.4745
5105.22,1.4825
5106.12,1.491
5107.02,1.4805
5107.92,1.4754
5108.82,1.4763
5109.72,1.4707
5110.62,1.4718
5111.52,1.4716
5112.42,1.4814
5113.32,1.4912
5114.22,1.5026
5115.12,1.5048
5116.03,1.513
5116.93,1.5202
5117.83,1.5282
5118.73,1.5213
5119.63,1.5205
5120.53,1.5202
5121.43,1.507
5122.33,1.4901
5123.23,1.4757
5124.13,1.4612
5125.03,1.4563
5125.93,1.44
5126.83,1.4377
5127.73,1.4318
5128.63,1.4366
5129.53,1.4451
5130.43,1.4408
5131.33,1.4477
5132.23,1.4479
5133.13,1.4581
5134.03,1.4668
5134.93,1.4583
5135.83,1.4688
5136.73,1.4569
5137.63,1.4535
5138.53,1.4494
5139.43,1.4489
5140.33,1.4368
5141.23,1.4352
5142.13,1.4333
5143.03,1.426
5143.93,1.4286
5144.83,1.4291
5145.73,1.4338
5146.63,1.4283
5147.53,1.435
5148.43,1.43
5149.33,1.4387
5150.23,1.4361
5151.13,1.4377
5152.03,1.4392
5152.94,1.4338
5153.84,1.4433
5154.74,1.4473
5155.64,1.4517
5156.54,1.4531
5157.44,1.4587
5158.34,1.4746
5159.24,1.4709
5160.14,1.4651
5161.04,1.4733
5161.94,1.4638
5162.84,1.4466
5163.74,1.432
5164.64,1.4102
5165.54,1.377
5166.44,1.3452
5167.34,1.322
5168.24,1.3
5169.14,1.2778
5170.04,1.266
5170.94,1.2563
5171.84,1.2665
5172.74,1.2658
5173.64,1.292
5174.54,1.3095
5175.44,1.3377
5176.34,1.3639
5177.24,1.388
5178.14,1.4057
5179.04,1.4151
5179.94,1.4185
5180.84,1.402
5181.74,1.3958
5182.64,1.3743
5183.54,1.3576
5184.44,1.3462
5185.34,1.3394
5186.24,1.3405
5187.14,1.3514
5188.04,1.3634
5188.94,1.3724
5189.84,1.3803
5190.75,1.393
5191.65,1.3951
5192.55,1.3954
5193.45,1.3935
5194.35,1.3952
5195.25,1.3923
5196.15,1.3961
5197.05,1.3946
5197.95,1.395
5198.85,1.4002
5199.75,1.4098
5200.65,1.4216
5201.55,1.4209
5202.45,1.4216
5203.35,1.4118
5204.25,1.4057
5205.15,1.3948
5206.05,1.3857
5206.95,1.3791
5207.85,1.3743
5208.75,1.3786
5209.65,1.3805
5210.55,1.3848
5211.45,1.3909
5212.35,1.4117
5213.25,1.4163
5214.15,1.4259
5215.05,1.4272
5215.95,1.4297
5216.85,1.4336
5217.75,1.436
5218.65,1.4391
5219.55,1.4411
5220.45,1.4446
5221.35,1.4458
5222.25,1.4429
5223.15,1.4391
5224.05,1.4239
5224.95,1.4135
5225.85,1.3957
5226.75,1.3826
5227.66,1.3693
5228.56,1.3734
5229.46,1.367
5230.36,1.3763
5231.26,1.3818
5232.16,1.3956
5233.06,1.3963
5233.96,1.4064
5234.86,1.4119
5235.76,1.4192
5236.66,1.4205
5237.56,1.4297
5238.46,1.4375
5239.36,1.4474
5240.26,1.4549
5241.16,1.4609
5242.06,1.4708
5242.96,1.4757
5243.86,1.478
5244.76,1.4678
5245.66,1.4654
5246.56,1.4542
5247.46,1.4503
5248.36,1.4458
5249.26,1.4448
5250.16,1.4352
5251.06,1.4311
5251.96,1.4346
5252.86,1.4312
5253.76,1.4287
5254.66,1.4328
5255.56,1.4402
5256.46,1.451
5257.36,1.45
5258.26,1.4513
5259.16,1.4473
5260.06,1.4473
5260.96,1.431
5261.86,1.4181
5262.76,1.3958
5263.66,1.3697
5264.56,1.3554
5265.47,1.3388
5266.37,1.3207
5267.27,1.304
5268.17,1.2961
5269.07,1.2914
5269.97,1.3003
5270.87,1.3009
5271.77,1.3103
5272.67,1.3271
5273.57,1.3334
5274.47,1.3433
5275.37,1.3633
5276.27,1.3728
5277.17,1.3822
5278.07,1.3955
5278.97,1.4025
5279.87,1.4179
5280.77,1.4129
5281.67,1.4257
5282.57,1.4218
5283.47,1.4141
5284.37,1.4294
5285.27,1.4274
5286.17,1.4405
5287.07,1.4537
5287.97,1.4607
5288.87,1.4828
5289.77,1.4849
5290.67,1.4965
5291.57,1.5005
5292.47,1.4935
5293.37,1.4969
5294.27,1.4849
5295.17,1.4763
5296.07,1.4633
5296.97,1.4447
5297.87,1.4356
5298.77,1.42
5299.67,1.4201
5300.57,1.4183
5301.48,1.4232
5302.38,1.4288
5303.27,1.437
5304.18,1.4457
5305.08,1.4576
5305.98,1.4595
5306.88,1.4699
5307.78,1.4747
5308.68,1.4767
5309.58,1.4798
5310.48,1.4817
5311.38,1.4846
5312.28,1.4819
5313.18,1.4764
5314.08,1.4747
5314.98,1.4604
5315.88,1.4514
5316.78,1.4486
5317.68,1.4495
5318.58,1.4441
5319.48,1.4408
5320.38,1.4389
5321.28,1.4361
5322.18,1.4314
5323.08,1.4273
5323.98,1.415
5324.88,1.4044
5325.78,1.3899
5326.68,1.3739
5327.58,1.3654
5328.48,1.3537
5329.38,1.3465
5330.28,1.3498
5331.18,1.3617
5332.08,1.3678
5332.98,1.3857
5333.88,1.3978
5334.78,1.418
5335.68,1.4153
5336.58,1.4257
5337.48,1.4267
5338.38,1.4218
5339.28,1.4149
5340.19,1.4158
5341.08,1.4155
5341.99,1.4104
5342.89,1.4139
5343.79,1.4177
5344.69,1.4164
5345.59,1.4266
5346.49,1.4212
5347.39,1.4236
5348.29,1.4264
5349.19,1.428
5350.09,1.4283
5350.99,1.4321
5351.89,1.4375
5352.79,1.4525
5353.69,1.462
5354.59,1.475
5355.49,1.4784
5356.39,1.4825
5357.29,1.4895
5358.19,1.4897
5359.09,1.4895
5359.99,1.4871
5360.89,1.479
5361.79,1.4742
5362.69,1.4665
5363.59,1.4513
5364.49,1.4413
5365.39,1.4306
5366.29,1.4177
5367.19,1.4107
5368.09,1.4023
5368.99,1.3978
5369.89,1.3953
5370.79,1.3882
5371.69,1.3883
5372.59,1.3916
5373.49,1.3961
5374.39,1.4025
5375.29,1.4261
5376.19,1.4297
5377.09,1.4347
5378.0,1.4357
5378.9,1.4426
5379.8,1.4361
5380.7,1.4378
5381.6,1.4381
5382.5,1.4358
5383.4,1.4315
5384.3,1.4256
5385.2,1.4315
5386.1,1.43
5387.0,1.4319
5387.9,1.434
5388.8,1.4305
5389.7,1.4242
5390.6,1.4182
5391.5,1.4115
5392.4,1.4027
5393.3,1.3959
5394.2,1.3943
5395.1,1.3904
5396.0,1.3809
5396.9,1.3778
5397.8,1.3763
5398.7,1.3773
5399.6,1.3764
5400.5,1.3755
5401.4,1.37
5402.3,1.3745
5403.2,1.3651
5404.1,1.3629
5405.0,1.3571
5405.9,1.3538
5406.8,1.3447
5407.7,1.3439
5408.6,1.342
5409.5,1.3468
5410.4,1.3532
5411.3,1.3672
5412.2,1.3708
5413.1,1.3774
5414.0,1.3936
5414.9,1.3981
5415.81,1.4026
5416.71,1.409
5417.61,1.419
5418.51,1.4206
5419.41,1.4155
5420.31,1.4187
5421.21,1.4145
5422.11,1.4116
5423.01,1.4084
5423.91,1.4125
5424.81,1.4051
5425.71,1.4008
5426.61,1.4003
5427.51,1.4009
5428.41,1.3932
5429.31,1.3893
5430.21,1.39
5431.11,1.3859
5432.01,1.3796
5432.91,1.3707
5433.81,1.3744
5434.71,1.3786
5435.61,1.3821
5436.51,1.3797
5437.41,1.3853
5438.31,1.4006
5439.21,1.409
5440.11,1.4189
5441.01,1.4315
5441.91,1.433
5442.81,1.4332
5443.71,1.4265
5444.61,1.4202
5445.51,1.4114
5446.41,1.4011
5447.31,1.3984
5448.21,1.3929
5449.11,1.386
5450.01,1.3954
5450.91,1.3965
5451.81,1.401
5452.72,1.3938
5453.62,1.4038
5454.52,1.4028
5455.42,1.3977
5456.32,1.3994
5457.22,1.3925
5458.12,1.3944
5459.02,1.3924
5459.92,1.3988
5460.82,1.4
5461.72,1.3993
5462.62,1.3965
5463.52,1.3946
5464.42,1.3912
5465.32,1.3925
5466.22,1.3891
5467.12,1.3916
5468.02,1.3947
5468.92,1.3971
5469.82,1.3948
5470.72,1.4026
5471.62,1.3975
5472.52,1.3949
5473.42,1.3778
5474.32,1.3768
5475.22,1.3676
5476.12,1.3603
5477.02,1.3496
5477.92,1.3486
5478.82,1.3422
5479.72,1.3429
5480.62,1.3535
5481.52,1.3518
5482.42,1.3607
5483.32,1.366
5484.22,1.3771
5485.12,1.3781
5486.02,1.3802
5486.92,1.3861
5487.82,1.3823
5488.72,1.3881
5489.62,1.3841
5490.53,1.3918
5491.43,1.3938
5492.33,1.3827
5493.23,1.3873
5494.13,1.383
5495.03,1.3923
5495.93,1.3834
5496.83,1.3864
5497.73,1.3879
5498.63,1.3893
5499.53,1.3792
5500.43,1.381
5501.33,1.3821
5502.23,1.378
5503.13,1.3722
5504.03,1.3753
5504.93,1.3741
5505.83,1.3681
5506.73,1.3713
5507.63,1.3656
5508.53,1.3589
5509.43,1.3664
5510.33,1.3634
5511.23,1.3618
5512.13,1.3645
5513.03,1.3539
5513.93,1.3625
5514.83,1.3679
5515.73,1.3673
5516.63,1.3729
5517.53,1.3821
5518.43,1.3834
5519.33,1.3904
5520.23,1.3968
5521.13,1.4009
5522.03,1.3952
5522.93,1.4017
5523.83,1.3932
5524.73,1.3851
5525.63,1.3829
5526.54,1.3709
5527.44,1.3642
5528.33,1.3616
5529.24,1.3628
5530.14,1.3559
5531.04,1.3549
5531.94,1.3564
5532.84,1.3638
5533.74,1.3672
5534.64,1.3674
5535.54,1.373
5536.44,1.3696
5537.34,1.373
5538.24,1.3737
5539.14,1.378
5540.04,1.387
5540.94,1.3894
5541.84,1.3911
5542.74,1.3945
5543.64,1.3889
5544.54,1.3908
5545.44,1.3916
5546.34,1.3878
5547.24,1.3887
5548.14,1.3872
5549.04,1.4002
5549.94,1.3983
5550.84,1.3989
5551.74,1.4006
5552.64,1.3959
5553.54,1.396
5554.44,1.3899
5555.34,1.3882
5556.24,1.3892
5557.14,1.3897
5558.04,1.3838
5558.94,1.3811
5559.84,1.3774
5560.74,1.3798
5561.64,1.3746
5562.54,1.3725
5563.44,1.3693
5564.34,1.3668
5565.25,1.3631
5566.15,1.3609
5567.05,1.354
5567.95,1.3486
5568.85,1.3489
5569.75,1.35
5570.65,1.348
5571.55,1.3532
5572.45,1.3471
5573.35,1.3457
5574.25,1.3506
5575.15,1.3475
5576.05,1.3565
5576.95,1.3541
5577.85,1.3614
5578.75,1.364
5579.65,1.3654
5580.55,1.362
5581.45,1.3624
5582.35,1.364
5583.25,1.3511
5584.15,1.3523
5585.05,1.3415
5585.95,1.3331
5586.85,1.3237
5587.75,1.3146
5588.65,1.3033
5589.55,1.2989
5590.45,1.3036
5591.35,1.2981
5592.25,1.3008
5593.15,1.3085
5594.05,1.311
5594.95,1.3161
5595.85,1.3175
5596.75,1.3248
5597.65,1.3255
5598.55,1.324
5599.45,1.3226
5600.35,1.3192
5601.25,1.3169
5602.15,1.3165
5603.06,1.3247
5603.96,1.3282
5604.86,1.3256
5605.76,1.3362
5606.66,1.3495
5607.56,1.3637
5608.46,1.3688
5609.36,1.3777
5610.26,1.3753
5611.16,1.3802
5612.06,1.3749
5612.96,1.3666
5613.86,1.362
5614.76,1.3518
5615.66,1.3457
5616.56,1.3473
5617.46,1.3286
5618.36,1.3328
5619.26,1.3297
5620.16,1.3302
5621.06,1.3334
5621.96,1.3368
5622.86,1.3303
5623.76,1.3305
5624.66,1.3356
5625.56,1.3297
5626.46,1.3342
5627.36,1.3418
5628.26,1.3426
5629.16,1.3485
5630.06,1.3524
5630.96,1.3545
5631.86,1.3569
5632.76,1.3627
5633.66,1.359
5634.56,1.3584
5635.46,1.3543
5636.36,1.3452
5637.26,1.3376
5638.16,1.339
5639.06,1.3346
5639.96,1.3293
5640.86,1.3282
5641.77,1.3247
5642.67,1.3236
5643.57,1.3248
5644.47,1.3305
5645.37,1.3314
5646.27,1.3362
5647.17,1.3375
5648.07,1.3423
5648.97,1.3403
5649.87,1.3434
5650.77,1.3463
5651.67,1.3447
5652.57,1.3411
5653.47,1.3383
5654.37,1.3343
5655.27,1.3234
5656.17,1.3221
5657.07,1.3147
5657.97,1.3048
5658.87,1.3012
5659.77,1.2938
5660.67,1.2924
5661.57,1.2957
5662.47,1.2916
5663.37,1.3002
5664.27,1.3105
5665.17,1.3098
5666.07,1.3158
5666.97,1.3194
5667.87,1.317
5668.77,1.3234
5669.67,1.3304
5670.57,1.3338
5671.47,1.3378
5672.37,1.3396
5673.27,1.3416
5674.17,1.3495
5675.07,1.3519
5675.97,1.3565
5676.88,1.3547
5677.77,1.3502
5678.68,1.3486
5679.58,1.3493
5680.48,1.3428
5681.38,1.3393
5682.28,1.334
5683.18,1.3307
5684.08,1.3243
5684.98,1.3141
5685.88,1.3086
5686.78,1.3077
5687.68,1.3104
5688.58,1.3141
5689.48,1.3092
5690.38,1.3248
5691.28,1.3231
5692.18,1.3275
5693.08,1.3292
5693.98,1.3402
5694.88,1.3417
5695.78,1.3359
5696.68,1.3409
5697.58,1.338
5698.48,1.3388
5699.38,1.3317
5700.28,1.3229
5701.18,1.3189
5702.08,1.3145
5702.98,1.3116
5703.88,1.3065
5704.78,1.2992
5705.68,1.3005
5706.58,1.2959
5707.48,1.283
5708.38,1.2796
5709.28,1.2789
5710.18,1.2731
5711.08,1.278
5711.98,1.2771
5712.88,1.2865
5713.78,1.2873
5714.68,1.2931
5715.59,1.305
5716.49,1.3165
5717.39,1.3205
5718.29,1.3317
5719.19,1.3392
5720.09,1.3412
5720.99,1.3496
5721.89,1.3476
5722.79,1.3518
5723.69,1.3559
5724.59,1.3566
5725.49,1.3551
5726.39,1.3484
5727.29,1.347
5728.19,1.3522
5729.09,1.3466
5729.99,1.3459
5730.89,1.3453
5731.79,1.3393
5732.69,1.3435
5733.59,1.3376
5734.49,1.3478
5735.39,1.3495
5736.29,1.35
5737.19,1.3479
5738.09,1.3493
5738.99,1.3434
5739.89,1.3454
5740.79,1.3452
5741.69,1.3434
5742.59,1.3404
5743.49,1.3438
5744.39,1.3427
5745.29,1.3421
5746.19,1.3416
5747.09,1.3392
5747.99,1.3353
5748.89,1.3328
5749.79,1.333
5750.69,1.3247
5751.59,1.3238
5752.5,1.3238
5753.4,1.3193
5754.3,1.3158
5755.2,1.3082
5756.1,1.3128
5757.0,1.3093
5757.9,1.3062
5758.8,1.3109
5759.7,1.3137
5760.6,1.3113
5761.5,1.3115
5762.4,1.3106
5763.3,1.3083
5764.2,1.3139
5765.1,1.3168
5766.0,1.3187
5766.9,1.3262
5767.8,1.3311
5768.7,1.3313
5769.6,1.3346
5770.5,1.3361
5771.4,1.3365
5772.3,1.3379
5773.2,1.3353
5774.1,1.3329
5775.0,1.3317
5775.9,1.329
5776.8,1.3259
5777.7,1.3187
5778.6,1.3158
5779.5,1.3083
5780.4,1.3008
5781.3,1.2928
5782.2,1.2911
5783.1,1.2824
5784.0,1.2762
5784.9,1.2778
5785.8,1.2788
5786.7,1.2796
5787.6,1.2822
5788.5,1.2923
5789.41,1.2923
5790.31,1.2975
5791.21,1.2999
5792.11,1.3085
5793.01,1.3078
5793.91,1.3116
5794.81,1.3111
5795.71,1.3131
5796.61,1.3167
5797.51,1.3228
5798.41,1.32
5799.31,1.326
5800.21,1.3272
5801.11,1.3312
5802.01,1.3288
5802.91,1.3243
5803.81,1.3315
5804.71,1.328
5805.61,1.3283
5806.51,1.3257
5807.41,1.3214
5808.31,1.324
5809.21,1.3223
5810.11,1.3252
5811.01,1.3314
5811.91,1.3257
5812.81,1.3225
5813.71,1.328
5814.61,1.3226
5815.51,1.3228
5816.41,1.3258
5817.31,1.3276
5818.21,1.3214
5819.11,1.3269
5820.01,1.337
5820.91,1.3302
5821.81,1.3372
5822.71,1.3416
5823.61,1.3399
5824.51,1.3432
5825.41,1.3422
5826.31,1.3418
5827.22,1.3397
5828.12,1.3413
5829.02,1.3441
5829.92,1.3437
5830.82,1.3456
5831.72,1.3393
5832.62,1.3439
5833.52,1.3387
5834.42,1.3341
5835.32,1.3325
5836.22,1.3312
5837.12,1.3318
5838.02,1.3293
5838.92,1.3355
5839.82,1.3334
5840.72,1.3321
5841.62,1.3315
5842.52,1.3319
5843.42,1.3328
5844.32,1.3325
5845.22,1.3272
5846.12,1.3291
5847.02,1.3258
5847.92,1.3175
5848.82,1.3153
5849.72,1.3133
5850.62,1.3147
5851.52,1.3097
5852.42,1.2958
5853.32,1.3016
5854.22,1.2838
5855.12,1.2867
5856.02,1.276
5856.92,1.2758
5857.82,1.2741
5858.72,1.2739
5859.62,1.2702
5860.52,1.2724
5861.42,1.2798
5862.32,1.2782
5863.23,1.2817
5864.12,1.2859
5865.03,1.2899
5865.93,1.294
5866.83,1.2898
5867.73,1.3003
5868.63,1.3066
5869.53,1.3057
5870.43,1.31
5871.33,1.3095
5872.23,1.3089
5873.13,1.3034
5874.03,1.3168
5874.93,1.3037
5875.83,1.3076
5876.73,1.3032
5877.63,1.3061
5878.53,1.3051
5879.43,1.3042
5880.33,1.2917
5881.23,1.2916
5882.13,1.2906
5883.03,1.2814
5883.93,1.2792
5884.83,1.2762
5885.73,1.2691
5886.63,1.2571
5887.53,1.2439
5888.43,1.23
5889.33,1.2084
5890.23,1.1904
5891.13,1.1765
5892.03,1.1687
5892.93,1.1653
5893.83,1.1594
5894.73,1.1617
5895.63,1.1659
5896.53,1.17
5897.43,1.1823
5898.33,1.1886
5899.23,1.2002
5900.13,1.2098
5901.04,1.2265
5901.94,1.2408
5902.83,1.2476
5903.74,1.2553
5904.64,1.2675
5905.54,1.2648
5906.44,1.2762
5907.34,1.2757
5908.24,1.2807
5909.14,1.2832
5910.04,1.2828
5910.94,1.2826
5911.84,1.2777
5912.74,1.2795
5913.64,1.2717
5914.54,1.2749
5915.44,1.2726
5916.34,1.2684
5917.24,1.2747
5918.14,1.2773
5919.04,1.2725
5919.94,1.2722
5920.84,1.2788
5921.74,1.2788
5922.64,1.2844
5923.54,1.279
5924.44,1.2851
5925.34,1.2817
5926.24,1.2822
5927.14,1.2783
5928.04,1.2779
5928.94,1.281
5929.84,1.2745
5930.74,1.2784
5931.64,1.2782
5932.54,1.2714
5933.44,1.2727
5934.34,1.2695
5935.24,1.2719
5936.14,1.2752
5937.04,1.2745
5937.94,1.2784
5938.85,1.2828
5939.75,1.2805
5940.65,1.281
5941.55,1.2786
5942.45,1.2803
5943.35,1.2816
5944.25,1.2775
5945.15,1.2835
5946.05,1.2801
5946.95,1.277
5947.85,1.2757
5948.75,1.2715
5949.65,1.2718
5950.55,1.2675
5951.45,1.264
5952.35,1.2688
5953.25,1.2666
5954.15,1.266
5955.05,1.271
5955.95,1.2665
5956.85,1.2692
5957.75,1.2727
5958.65,1.2726
5959.55,1.2667
5960.45,1.2741
5961.35,1.2807
5962.25,1.278
5963.15,1.2782
5964.05,1.2831
5964.95,1.2892
5965.85,1.2882
5966.75,1.2886
5967.65,1.2806
5968.55,1.2874
5969.45,1.2853
5970.35,1.2848
5971.25,1.2887
5972.15,1.2845
5973.05,1.2831
5973.95,1.2852
5974.85,1.2821
5975.75,1.2716
5976.65,1.2745
5977.56,1.2744
5978.46,1.2634
5979.36,1.2665
5980.26,1.262
5981.16,1.2587
5982.06,1.2595
5982.96,1.2583
5983.86,1.2615
5984.76,1.2561
5985.66,1.2554
5986.56,1.2533
5987.46,1.2524
5988.36,1.2541
5989.26,1.2544
5990.16,1.2587
5991.06,1.2617
5991.96,1.2625
5992.86,1.2662
5993.76,1.2723
5994.66,1.2693
5995.56,1.2674
5996.46,1.2718
5997.36,1.2671
5998.26,1.2665
5999.16,1.2691
6000.06,1.2605
6000.96,1.2604
6001.86,1.2587
6002.76,1.2613
6003.66,1.2564
6004.56,1.25
6005.46,1.2513
6006.36,1.2494
6007.26,1.2522
6008.16,1.2436
6009.06,1.2475
6009.96,1.2386
6010.86,1.246
6011.76,1.2426
6012.67,1.2425
6013.56,1.2422
6014.47,1.2467
6015.37,1.2425
6016.27,1.2424
6017.17,1.2454
6018.07,1.2409
6018.97,1.2389
6019.87,1.2368
6020.77,1.2381
6021.67,1.2347
6022.57,1.2283
6023.47,1.2411
6024.37,1.2427
6025.27,1.238
6026.17,1.2391
6027.07,1.2433
6027.97,1.2546
6028.87,1.2534
6029.77,1.2542
6030.67,1.2609
6031.57,1.2612
6032.47,1.2651
6033.37,1.2679
6034.27,1.2644
6035.17,1.2723
6036.07,1.2692
6036.97,1.2705
6037.87,1.2731
6038.77,1.2691
6039.67,1.2682
6040.57,1.2687
6041.47,1.2714
6042.37,1.266
6043.27,1.2702
6044.17,1.2696
6045.07,1.2669
6045.97,1.2667
6046.87,1.2688
6047.77,1.2667
6048.67,1.2695
6049.57,1.2676
6050.47,1.2665
6051.38,1.2692
6052.28,1.2645
6053.18,1.2651
6054.08,1.259
6054.98,1.259
6055.88,1.2551
6056.78,1.2621
6057.68,1.2543
6058.58,1.2576
6059.48,1.2536
6060.38,1.2549
6061.28,1.2509
6062.18,1.2497
6063.08,1.2502
6063.98,1.2528
6064.88,1.2507
6065.78,1.2522
6066.68,1.2544
6067.58,1.2495
6068.48,1.2539
6069.38,1.2547
6070.28,1.2568
6071.18,1.2612
6072.08,1.267
6072.98,1.2652
6073.88,1.2694
6074.78,1.2648
6075.68,1.2646
6076.58,1.2602
6077.48,1.2582
6078.38,1.252
6079.28,1.25
6080.18,1.2453
6081.08,1.2417
6081.98,1.2382
6082.88,1.2381
6083.78,1.2358
6084.68,1.2342
6085.58,1.2346
6086.48,1.2297
6087.38,1.2306
6088.28,1.2362
6089.19,1.2354
6090.09,1.2334
6090.99,1.2323
6091.89,1.2389
6092.79,1.2371
6093.69,1.23
6094.59,1.2386
6095.49,1.2354
6096.39,1.2359
6097.29,1.2396
6098.19,1.2403
6099.09,1.2375
6099.99,1.2358
6100.89,1.2327
6101.79,1.2301
6102.69,1.2264
6103.59,1.2216
6104.49,1.2193
6105.39,1.217
6106.29,1.2169
6107.19,1.2238
6108.09,1.2325
6108.99,1.2347
6109.89,1.2334
6110.79,1.2365
6111.69,1.2394
6112.59,1.243
6113.49,1.2448
6114.39,1.241
6115.29,1.2409
6116.19,1.2441
6117.09,1.2381
6117.99,1.2392
6118.89,1.2379
6119.79,1.2315
6120.69,1.2285
6121.59,1.2236
6122.49,1.2285
6123.39,1.2172
6124.29,1.2216
6125.19,1.2178
6126.1,1.2168
6127.0,1.2194
6127.9,1.2226
6128.8,1.2247
6129.7,1.2221
6130.6,1.2298
6131.5,1.223
6132.4,1.2187
6133.3,1.2175
6134.2,1.2161
6135.1,1.2133
6136.0,1.2013
6136.9,1.1996
6137.8,1.1943
6138.7,1.1905
6139.6,1.1926
6140.5,1.189
6141.4,1.1889
6142.3,1.1926
6143.2,1.2021
6144.1,1.2012
6145.0,1.2116
6145.9,1.2125
6146.8,1.2129
6147.7,1.2209
6148.6,1.2205
6149.5,1.2198
6150.4,1.2133
6151.3,1.2168
6152.2,1.2152
6153.1,1.2109
6154.0,1.2154
6154.9,1.2109
6155.8,1.212
6156.7,1.2036
6157.6,1.2019
6158.5,1.1968
6159.4,1.1934
6160.3,1.1819
6161.2,1.1784
6162.1,1.1714
6163.01,1.1636
6163.91,1.1591
6164.81,1.1587
6165.71,1.1556
6166.61,1.1598
6167.51,1.1578
6168.41,1.1607
6169.31,1.166
6170.21,1.1689
6171.11,1.1675
6172.01,1.1727
6172.91,1.1735
6173.81,1.1753
6174.71,1.1811
6175.61,1.1793
6176.51,1.1858
6177.41,1.1959
6178.31,1.1959
6179.21,1.1987
6180.11,1.1966
6181.01,1.205
6181.91,1.1992
6182.81,1.2032
6183.71,1.2076
6184.61,1.2037
6185.51,1.2021
6186.41,1.1992
6187.31,1.2
6188.21,1.2022
6189.11,1.1917
6190.01,1.1867
6190.91,1.1861
6191.81,1.1835
6192.71,1.1811
6193.61,1.1844
6194.51,1.1883
6195.41,1.189
6196.31,1.1944
6197.21,1.1951
6198.11,1.2003
6199.01,1.1962
6199.92,1.202
6200.82,1.2084
6201.72,1.203
6202.62,1.2094
6203.52,1.2062
6204.42,1.2059
6205.32,1.2168
6206.22,1.212
6207.12,1.2098
6208.02,1.2109
6208.92,1.2128
6209.82,1.2083
6210.72,1.2045
6211.62,1.201
6212.52,1.2012
6213.42,1.1919
6214.32,1.1867
6215.22,1.1777
6216.12,1.1753
6217.02,1.1718
6217.92,1.1757
6218.82,1.1676
6219.72,1.1686
6220.62,1.1715
6221.52,1.1741
6222.42,1.1732
6223.32,1.1759
6224.22,1.1764
6225.12,1.1786
6226.02,1.1795
6226.92,1.1755
6227.82,1.1763
6228.72,1.173
6229.62,1.1698
6230.52,1.167
6231.42,1.1709
6232.32,1.1681
6233.22,1.1676
6234.12,1.1675
6235.02,1.1606
6235.92,1.1674
6236.83,1.1669
6237.73,1.1642
6238.63,1.1682
6239.53,1.1663
6240.43,1.1627
6241.33,1.1595
6242.23,1.1615
6243.13,1.1536
6244.03,1.1515
6244.93,1.1531
6245.83,1.1491
6246.73,1.1477
6247.63,1.1477
6248.53,1.1477
6249.43,1.1453
6250.33,1.1477
6251.23,1.1444
6252.13,1.1455
6253.03,1.1442
6253.93,1.1434
6254.83,1.1417
6255.73,1.1447
6256.63,1.1409
6257.53,1.143
6258.43,1.1393
6259.33,1.1436
6260.23,1.1461
6261.13,1.1519
6262.03,1.1523
6262.93,1.1588
6263.83,1.1596
6264.73,1.1661
6265.63,1.1692
6266.53,1.1768
6267.43,1.1733
6268.33,1.1731
6269.23,1.1764
6270.13,1.1804
6271.03,1.1767
6271.93,1.183
6272.83,1.176
6273.73,1.1782
6274.64,1.1801
6275.54,1.1733
6276.44,1.172
6277.34,1.177
6278.24,1.1769
6279.14,1.1775
6280.04,1.1688
6280.94,1.1713
6281.84,1.1725
6282.74,1.1723
6283.64,1.1728
6284.54,1.178
6285.44,1.1801
6286.34,1.1776
6287.24,1.1806
6288.14,1.1829
6289.04,1.188
6289.94,1.189
6290.84,1.185
6291.74,1.183
6292.64,1.184
6293.54,1.1735
6294.44,1.1776
6295.34,1.1756
6296.24,1.1715
6297.14,1.1679
6298.04,1.1607
6298.94,1.1611
6299.84,1.1596
6300.74,1.1587
6301.64,1.1536
6302.54,1.1546
6303.44,1.1541
6304.34,1.1588
6305.24,1.1601
6306.14,1.1634
6307.04,1.1629
6307.94,1.1681
6308.84,1.1647
6309.74,1.1723
6310.64,1.1682
6311.54,1.1724
6312.45,1.1696
6313.35,1.1642
6314.25,1.1622
6315.15,1.1549
6316.05,1.1551
6316.95,1.152
6317.85,1.1498
6318.75,1.1474
6319.65,1.1473
6320.55,1.147
6321.45,1.1492
6322.35,1.1522
6323.25,1.1544
6324.15,1.1573
6325.05,1.1617
6325.95,1.1697
6326.85,1.1675
6327.75,1.1748
6328.65,1.1737
6329.55,1.1748
6330.45,1.1763
6331.35,1.1772
6332.25,1.1735
6333.15,1.173
6334.05,1.1677
6334.95,1.1639
6335.85,1.157
6336.75,1.1597
6337.65,1.1589
6338.55,1.1546
6339.45,1.1523
6340.35,1.1578
6341.25,1.1521
6342.15,1.1538
6343.05,1.1488
6343.95,1.1566
6344.85,1.1545
6345.75,1.1537
6346.65,1.1537
6347.55,1.1567
6348.46,1.1541
6349.35,1.1549
6350.26,1.1574
6351.16,1.1586
6352.06,1.1557
6352.96,1.1625
6353.86,1.1598
6354.76,1.1615
6355.66,1.1521
6356.56,1.1518
6357.46,1.1477
6358.36,1.1485
6359.26,1.1408
6360.16,1.1353
6361.06,1.1322
6361.96,1.1315
6362.86,1.1289
6363.76,1.1277
6364.66,1.1317
6365.56,1.128
6366.46,1.1358
6367.36,1.1401
6368.26,1.1456
6369.16,1.1439
6370.06,1.145
6370.96,1.1539
6371.86,1.1545
6372.76,1.1548
6373.66,1.1608
6374.56,1.1606
6375.46,1.1602
6376.36,1.1606
6377.26,1.1595
6378.16,1.1637
6379.06,1.1634
6379.96,1.1617
6380.86,1.1609
6381.76,1.1584
6382.66,1.158
6383.56,1.1603
6384.46,1.1618
6385.36,1.1603
6386.27,1.1624
6387.17,1.1628
6388.07,1.1605
6388.97,1.162
6389.87,1.1593
6390.77,1.1588
6391.67,1.152
6392.57,1.1511
6393.47,1.1506
6394.37,1.1493
6395.27,1.1442
6396.17,1.1457
6397.07,1.1439
6397.97,1.149
6398.87,1.1413
6399.77,1.1411
6400.67,1.1433
6401.57,1.1447
6402.47,1.148
6403.37,1.1463
6404.27,1.1474
6405.17,1.1488
6406.07,1.1483
6406.97,1.1441
6407.87,1.1464
6408.77,1.143
6409.67,1.145
6410.57,1.1395
6411.47,1.1389
6412.37,1.1354
6413.27,1.1379
6414.17,1.137
6415.07,1.1373
6415.97,1.1352
6416.87,1.1384
6417.77,1.1413
6418.67,1.1401
6419.57,1.1388
6420.47,1.1355
6421.37,1.1383
6422.27,1.1404
6423.17,1.1436
6424.08,1.1481
6424.98,1.1527
6425.88,1.1492
6426.78,1.1491
6427.68,1.1523
6428.58,1.1475
6429.48,1.1498
6430.38,1.1521
6431.28,1.1495
6432.18,1.146
6433.08,1.1434
6433.98,1.1466
6434.88,1.1476
6435.78,1.1443
6436.68,1.1483
6437.58,1.1403
6438.48,1.1476
6439.38,1.1476
6440.28,1.1513
6441.18,1.1509
6442.08,1.1553
6442.98,1.1512
6443.88,1.1526
6444.78,1.158
6445.68,1.156
6446.58,1.1531
6447.48,1.1503
6448.38,1.1477
6449.28,1.1454
6450.18,1.1443
6451.08,1.1416
6451.98,1.137
6452.88,1.1345
6453.78,1.1273
6454.68,1.1309
6455.58,1.1311
6456.48,1.1289
6457.38,1.129
6458.28,1.1343
6459.18,1.1323
6460.08,1.1318
6460.98,1.1289
6461.89,1.1288
6462.79,1.1336
6463.69,1.1322
6464.59,1.1331
6465.49,1.13
6466.39,1.132
6467.29,1.1339
6468.19,1.1386
6469.09,1.1388
6469.99,1.1405
6470.89,1.1413
6471.79,1.1354
6472.69,1.1398
6473.59,1.1352
6474.49,1.1399
6475.39,1.1387
6476.29,1.1329
6477.19,1.1306
6478.09,1.1347
6478.99,1.1305
6479.89,1.127
6480.79,1.1289
6481.69,1.1276
6482.59,1.1253
6483.49,1.1228
6484.39,1.1199
6485.29,1.1214
6486.19,1.1167
6487.09,1.1219
6487.99,1.1203
6488.89,1.1123
6489.79,1.1116
6490.69,1.1017
6491.59,1.0947
6492.49,1.0919
6493.39,1.0816
6494.29,1.0692
6495.19,1.0641
6496.09,1.0593
6496.99,1.0523
6497.9,1.0532
6498.79,1.0576
6499.7,1.0592
6500.6,1.0655
6501.5,1.0704
6502.4,1.0794
6503.3,1.0884
6504.2,1.0974
6505.1,1.0984
6506.0,1.1098
6506.9,1.1093
6507.8,1.1109
6508.7,1.1156
6509.6,1.1155
6510.5,1.1119
6511.4,1.1121
6512.3,1.1138
6513.2,1.108
6514.1,1.1047
6515.0,1.1095
6515.9,1.1058
6516.8,1.1031
6517.7,1.0997
6518.6,1.096
6519.5,1.0986
6520.4,1.0999
6521.3,1.0988
6522.2,1.1005
6523.1,1.1021
6524.0,1.1008
6524.9,1.0986
6525.8,1.1012
6526.7,1.1063
6527.6,1.1004
6528.5,1.1011
6529.4,1.1031
6530.3,1.1009
6531.2,1.0941
6532.1,1.0975
6533.0,1.0931
6533.9,1.0996
6534.8,1.0995
6535.71,1.0989
6536.61,1.101
6537.51,1.0988
6538.41,1.0957
6539.31,1.0923
6540.21,1.0947
6541.11,1.0861
6542.01,1.0873
6542.91,1.0879
6543.81,1.0772
6544.71,1.0684
6545.61,1.0675
6546.51,1.0637
6547.41,1.059
6548.31,1.0534
6549.21,1.0471
6550.11,1.0428
6551.01,1.0352
6551.91,1.0309
6552.81,1.0199
6553.71,1.0121
6554.61,1.0014
6555.51,0.99376
6556.41,0.97634
6557.31,0.95684
6558.21,0.93747
6559.11,0.91796
6560.01,0.89524
6560.91,0.87726
6561.81,0.85511
6562.71,0.84268
6563.61,0.82983
6564.51,0.82465
6565.41,0.82545
6566.31,0.83222
6567.21,0.84987
6568.11,0.86853
6569.01,0.88796
6569.91,0.9053
6570.81,0.92614
6571.71,0.9449
6572.61,0.95975
6573.52,0.97321
6574.42,0.98839
6575.32,0.99749
6576.22,1.0027
6577.12,1.0132
6578.02,1.0236
6578.92,1.0268
6579.82,1.0349
6580.72,1.0394
6581.62,1.0407
6582.52,1.0433
6583.42,1.0547
6584.32,1.0549
6585.22,1.054
6586.12,1.0582
6587.02,1.0569
6587.92,1.0576
6588.82,1.0548
6589.72,1.0589
6590.62,1.0562
6591.52,1.0581
6592.42,1.0554
6593.32,1.0542
6594.22,1.0526
6595.12,1.0548
6596.02,1.0509
6596.92,1.0581
6597.82,1.0565
6598.72,1.0627
6599.62,1.0613
6600.52,1.068
6601.42,1.0726
6602.32,1.0724
6603.22,1.0713
6604.12,1.0719
6605.02,1.0707
6605.92,1.0711
6606.82,1.0751
6607.72,1.0728
6608.62,1.0722
6609.52,1.0723
6610.43,1.0743
6611.33,1.07
6612.23,1.0741
6613.13,1.0768
6614.03,1.0757
6614.93,1.0863
6615.83,1.0868
6616.73,1.0838
6617.63,1.0915
6618.53,1.0879
6619.43,1.0891
6620.33,1.0888
6621.23,1.0912
6622.13,1.091
6623.03,1.0892
6623.93,1.0866
6624.83,1.0782
6625.73,1.0816
6626.63,1.0806
6627.53,1.0804
6628.43,1.0785
6629.33,1.0735
6630.23,1.0772
6631.13,1.0754
6632.03,1.0703
6632.93,1.0709
6633.83,1.0736
6634.73,1.0687
6635.63,1.0702
6636.53,1.0679
6637.43,1.0681
6638.33,1.0713
6639.23,1.0732
6640.13,1.0701
6641.03,1.07
6641.93,1.076
6642.83,1.0735
6643.73,1.0756
6644.63,1.0706
6645.53,1.073
6646.43,1.0754
6647.34,1.0774
6648.24,1.0727
6649.14,1.0714
6650.04,1.0769
6650.94,1.0775
6651.84,1.0788
6652.74,1.0766
6653.64,1.0819
6654.54,1.0805
6655.44,1.0773
6656.34,1.0787
6657.24,1.0715
6658.14,1.0779
6659.04,1.0761
6659.94,1.0701
6660.84,1.0741
6661.74,1.0679
6662.64,1.0684
6663.54,1.0664
6664.44,1.0637
6665.34,1.0633
6666.24,1.0646
6667.14,1.0578
6668.04,1.066
6668.94,1.0626
6669.84,1.0677
6670.74,1.0693
6671.64,1.0685
6672.54,1.0688
6673.44,1.0699
6674.34,1.0687
6675.24,1.0666
6676.14,1.0601
6677.04,1.0623
6677.94,1.0626
6678.84,1.0562
6679.74,1.0557
6680.64,1.0573
6681.54,1.0588
6682.44,1.0567
6683.34,1.061
6684.24,1.0609
6685.15,1.0623
6686.05,1.0631
6686.95,1.0679
6687.85,1.0635
6688.75,1.0693
6689.65,1.0693
6690.55,1.0685
6691.45,1.0718
6692.35,1.0664
6693.25,1.0658
6694.15,1.0664
6695.05,1.0644
6695.95,1.0651
6696.85,1.0583
6697.75,1.0625
6698.65,1.0548
6699.55,1.0592
6700.45,1.0634
6701.35,1.0571
6702.25,1.0623
6703.15,1.061
6704.05,1.0611
6704.95,1.0573
6705.85,1.0587
6706.75,1.0583
6707.65,1.056
6708.55,1.0568
6709.45,1.0597
6710.35,1.0584
6711.25,1.0545
6712.15,1.0524
6713.05,1.0495
6713.95,1.051
6714.85,1.0476
6715.75,1.0416
6716.65,1.0442
6717.55,1.0419
6718.45,1.0419
6719.35,1.0387
6720.25,1.0378
6721.16,1.0462
6722.06,1.0432
6722.96,1.0455
6723.86,1.0457
6724.76,1.0485
6725.66,1.0507
6726.56,1.0532
6727.46,1.0509
6728.36,1.0552
6729.26,1.0553
6730.16,1.0579
6731.06,1.0552
6731.96,1.0576
6732.86,1.056
6733.76,1.06
6734.66,1.0539
6735.56,1.051
6736.46,1.058
6737.36,1.0562
6738.26,1.0591
6739.16,1.0507
6740.06,1.0494
6740.96,1.0511
6741.86,1.0488
6742.76,1.0474
6743.66,1.044
6744.56,1.0439
6745.46,1.0421
6746.36,1.0419
6747.26,1.0447
6748.16,1.0398
6749.06,1.043
6749.96,1.0403
6750.86,1.034
6751.76,1.0398
6752.66,1.0412
6753.56,1.036
6754.46,1.04
6755.36,1.0373
6756.26,1.0436
6757.16,1.042
6758.06,1.0481
6758.97,1.0508
6759.87,1.0461
6760.77,1.0498
6761.67,1.054
6762.57,1.0502
6763.47,1.0534
6764.37,1.0501
6765.27,1.0493
6766.17,1.0487
6767.07,1.0507
6767.97,1.0474
6768.87,1.0524
6769.77,1.0455
6770.67,1.0464
6771.57,1.0418
6772.47,1.0497
6773.37,1.0482
6774.27,1.0438
6775.17,1.053
6776.07,1.0528
6776.97,1.0513
6777.87,1.0535
6778.77,1.0525
6779.67,1.0538
6780.57,1.0536
6781.47,1.0494
6782.37,1.0471
6783.27,1.0447
6784.17,1.0477
6785.07,1.0409
6785.97,1.0369
6786.87,1.0392
6787.77,1.0393
6788.67,1.043
6789.57,1.039
6790.47,1.0394
6791.37,1.0396
6792.27,1.0375
6793.17,1.0376
6794.07,1.0407
6794.97,1.042
6795.88,1.0438
6796.78,1.0452
6797.68,1.0426
6798.58,1.0434
6799.48,1.0464
6800.38,1.0464
6801.28,1.0444
6802.18,1.0377
6803.08,1.0405
6803.98,1.0398
6804.88,1.0417
6805.78,1.0422
6806.68,1.0406
6807.58,1.0464
6808.48,1.0445
6809.38,1.0411
6810.28,1.0422
6811.18,1.04
6812.08,1.0367
6812.98,1.0383
6813.88,1.041
6814.78,1.0382
6815.68,1.0368
6816.58,1.0355
6817.48,1.0377
6818.38,1.038
6819.28,1.0429
6820.18,1.0447
6821.08,1.0402
6821.98,1.0428
6822.88,1.0409
6823.78,1.0428
6824.68,1.0408
6825.58,1.0395
6826.48,1.0423
6827.38,1.0404
6828.28,1.0431
6829.18,1.0393
6830.08,1.0435
6830.98,1.0439
6831.88,1.0356
6832.79,1.0419
6833.69,1.0362
6834.59,1.0391
6835.49,1.0366
6836.39,1.0333
6837.29,1.0339
6838.19,1.0297
6839.09,1.0263
6839.99,1.0223
6840.89,1.0237
6841.79,1.0181
6842.69,1.0228
6843.59,1.0168
6844.49,1.0187
6845.39,1.0198
6846.29,1.0218
6847.19,1.0264
6848.09,1.0267
6848.99,1.0284
6849.89,1.0291
6850.79,1.0268
6851.69,1.032
6852.59,1.0299
6853.49,1.0288
6854.39,1.0273
6855.29,1.0316
6856.19,1.0307
6857.09,1.025
6857.99,1.0259
6858.89,1.0238
6859.79,1.0269
6860.69,1.0222
6861.59,1.0219
6862.49,1.0269
6863.39,1.0186
6864.29,1.0197
6865.19,1.0243
6866.09,1.0221
6866.99,1.0222
6867.89,1.0267
6868.79,1.0243
6869.7,1.0248
6870.6,1.0249
6871.5,1.0249
6872.4,1.0267
6873.3,1.0259
6874.2,1.0257
6875.1,1.0325
6876.0,1.0273
6876.9,1.0225
6877.8,1.0273
6878.7,1.0286
6879.6,1.0311
6880.5,1.0257
6881.4,1.0232
6882.3,1.0268
6883.2,1.0255
6884.1,1.0291
6885.0,1.0284
6885.9,1.0247
6886.8,1.0278
6887.7,1.0304
6888.6,1.0339
6889.5,1.0325
6890.4,1.0288
6891.3,1.0347
6892.2,1.037
6893.1,1.0336
6894.0,1.0355
6894.9,1.035
6895.8,1.0357
6896.7,1.035
6897.6,1.0389
6898.5,1.0329
6899.4,1.0353
6900.3,1.0429
6901.2,1.0352
6902.1,1.0386
6903.0,1.0378
6903.9,1.0371
6904.8,1.0349
6905.7,1.037
6906.6,1.0346
6907.51,1.0387
6908.41,1.0407
6909.31,1.0399
6910.21,1.034
6911.11,1.0348
6912.01,1.032
6912.91,1.029
6913.81,1.0271
6914.71,1.0233
6915.61,1.0247
6916.51,1.0271
6917.41,1.0207
6918.31,1.0252
6919.21,1.0228
6920.11,1.0227
6921.01,1.0235
6921.91,1.0236
6922.81,1.0249
6923.71,1.0245
6924.61,1.0235
6925.51,1.0253
6926.41,1.0246
6927.31,1.0228
6928.21,1.0291
6929.11,1.0235
6930.01,1.0303
6930.91,1.0279
6931.81,1.0299
6932.71,1.0296
6933.61,1.0292
6934.51,1.0295
6935.41,1.0267
6936.31,1.0275
6937.21,1.0261
6938.11,1.0252
6939.01,1.0292
6939.91,1.0271
6940.81,1.0257
6941.71,1.0242
6942.61,1.0262
6943.52,1.0266
6944.42,1.0226
6945.31,1.0187
6946.22,1.0186
6947.12,1.0155
6948.02,1.0169
6948.92,1.0191
6949.82,1.0136
6950.72,1.0163
6951.62,1.015
6952.52,1.0183
6953.42,1.0166
6954.32,1.0153
6955.22,1.0233
6956.12,1.0166
6957.02,1.0216
6957.92,1.021
6958.82,1.0206
6959.72,1.0226
6960.62,1.0235
6961.52,1.0228
6962.42,1.0208
6963.32,1.0239
6964.22,1.0293
6965.12,1.0253
6966.02,1.0266
6966.92,1.0261
6967.82,1.0274
6968.72,1.0296
6969.62,1.0272
6970.52,1.0245
6971.42,1.0212
6972.32,1.0198
6973.22,1.019
6974.12,1.0159
6975.02,1.0127
6975.92,1.0103
6976.82,1.0033
6977.72,1.0007
6978.62,1.0036
6979.52,1.0011
6980.42,1.0017
6981.33,1.001
6982.23,1.0025
6983.12,1.006
6984.03,1.0085
6984.93,1.0127
6985.83,1.0159
6986.73,1.0174
6987.63,1.0197
6988.53,1.0212
6989.43,1.0232
6990.33,1.0227
6991.23,1.0226
6992.13,1.0239
6993.03,1.0254
6993.93,1.0269
6994.83,1.0205
6995.73,1.0213
6996.63,1.0199
6997.53,1.0193
6998.43,1.0199
6999.33,1.0227
7000.23,1.0178
7001.13,1.015
7002.03,1.0162
7002.93,1.0128
7003.83,1.0107
7004.73,1.0106
7005.63,1.0082
7006.53,1.0067
7007.43,1.0074
7008.33,1.0112
7009.23,1.0078
7010.13,1.0131
7011.03,1.0081
7011.93,1.0122
7012.83,1.0082
7013.73,1.0049
7014.63,1.0085
7015.53,1.0071
7016.43,1.006
7017.33,1.002
7018.23,1.0061
7019.14,1.0025
7020.04,1.0009
7020.94,1.0046
7021.84,1.0035
7022.74,1.0054
7023.64,1.0031
7024.54,1.0034
7025.44,1.0027
7026.34,1.0056
7027.24,1.0008
7028.14,1.0015
7029.04,1.0011
7029.94,1.0059
7030.84,1.0055
7031.74,1.0063
7032.64,1.0059
7033.54,1.0033
7034.44,1.006
7035.34,1.0065
7036.24,1.0051
7037.14,1.0066
7038.04,1.006
7038.94,1.0083
7039.84,1.0095
7040.74,1.0127
7041.64,1.0186
7042.54,1.016
7043.44,1.0204
7044.34,1.0212
7045.24,1.0262
7046.14,1.0227
7047.04,1.0217
7047.94,1.0257
7048.84,1.026
7049.74,1.0215
7050.64,1.0242
7051.54,1.0193
7052.44,1.0127
7053.34,1.0108
7054.25,1.0067
7055.15,1.0013
7056.04,0.99944
7056.95,0.99798
7057.85,0.99199
7058.75,0.99149
7059.65,0.99328
7060.55,0.98554
7061.45,0.98431
7062.35,0.98643
7063.25,0.98549
7064.15,0.98585
7065.05,0.98242
7065.95,0.98665
7066.85,0.98327
7067.75,0.98199
7068.65,0.98603
7069.55,0.98481
7070.45,0.98541
7071.35,0.98413
7072.25,0.98633
7073.15,0.98982
7074.05,0.98869
7074.95,0.99055
7075.85,0.99088
7076.75,0.99236
7077.65,0.98996
7078.55,0.99171
7079.45,0.9922
7080.35,0.98478
7081.25,0.98827
7082.15,0.98301
7083.05,0.98188
7083.95,0.97661
7084.85,0.97069
7085.75,0.9613
7086.65,0.9645
7087.55,0.95877
7088.45,0.95374
7089.35,0.95288
7090.25,0.95274
7091.15,0.95208
7092.06,0.94754
7092.96,0.94361
7093.85,0.94794
7094.76,0.94855
7095.66,0.95105
7096.56,0.95089
7097.46,0.9501
7098.36,0.95399
7099.26,0.95402
7100.16,0.95839
7101.06,0.95921
7101.96,0.96168
7102.86,0.96099
7103.76,0.9616
7104.66,0.96356
7105.56,0.9662
7106.46,0.96476
7107.36,0.96561
7108.26,0.96499
7109.16,0.96548
7110.06,0.96217
7110.96,0.96099
7111.86,0.96047
7112.76,0.96199
7113.66,0.96278
7114.56,0.95858
7115.46,0.96025
7116.36,0.95876
7117.26,0.95816
7118.16,0.96097
7119.06,0.95989
7119.96,0.95715
7120.86,0.9601
7121.76,0.96005
7122.66,0.95965
7123.56,0.95891
7124.46,0.96056
7125.36,0.95749
7126.26,0.95764
7127.16,0.95689
7127.27,0.95992
7128.17,0.95249
7129.07,0.95131
7129.96,0.95308
7130.86,0.9526
7131.75,0.95571
7132.65,0.95575
7133.55,0.95262
7134.44,0.95616
7135.34,0.95373
7136.23,0.95764
7137.13,0.95967
7138.03,0.95591
7138.92,0.95755
7139.82,0.95715
7140.71,0.95615
7141.61,0.95797
7142.5,0.95848
7143.4,0.95478
7144.3,0.95276
7145.19,0.95245
7146.09,0.9512
7146.98,0.95119
7147.88,0.94834
7148.78,0.94879
7149.67,0.94917
7150.57,0.94774
7151.46,0.95101
7152.36,0.94675
7153.26,0.94977
7154.15,0.95095
7155.05,0.95475
7155.94,0.95802
7156.84,0.95799
7157.74,0.95477
7158.63,0.95785
7159.53,0.95935
7160.42,0.96374
7161.32,0.96176
7162.21,0.96253
7163.11,0.96764
7164.01,0.96585
7164.9,0.97094
7165.8,0.97099
7166.69,0.97605
7167.59,0.97926
7168.49,0.98292
7169.38,0.98453
7170.28,0.99231
7171.17,0.98922
7172.07,0.99213
7172.96,0.99176
7173.86,0.99403
7174.76,0.99451
7175.65,0.99605
7176.55,0.99129
7177.44,0.98965
7178.34,0.98683
7179.24,0.9869
7180.13,0.98149
7181.03,0.98373
7181.92,0.98089
7182.82,0.9757
7183.72,0.97778
7184.61,0.97317
7185.51,0.97454
7186.4,0.97692
7187.3,0.97113
7188.19,0.97364
7189.09,0.96998
7189.99,0.96896
7190.88,0.96702
7191.78,0.96904
7192.67,0.96887
7193.57,0.97119
7194.47,0.96849
7195.36,0.97252
7196.26,0.97481
7197.15,0.97719
7198.05,0.97826
7198.95,0.97719
7199.84,0.9791
7200.74,0.97457
7201.63,0.97918
7202.53,0.97548
7203.43,0.97987
7204.32,0.97675
7205.22,0.97575
7206.11,0.97541
7207.01,0.97704
7207.9,0.97578
7208.8,0.97324
7209.7,0.97608
7210.59,0.9757
7211.49,0.97516
7212.38,0.97744
7213.28,0.9756
7214.18,0.9776
7215.07,0.98287
7215.97,0.98032
7216.86,0.97956
7217.76,0.97995
7218.66,0.98295
7219.55,0.9812
7220.45,0.97869
7221.34,0.98466
7222.24,0.97945
7223.13,0.97949
7224.03,0.98334
7224.93,0.98381
7225.82,0.98649
7226.72,0.98591
7227.61,0.99017
7228.51,0.98897
7229.41,0.99
7230.3,0.99235
7231.2,0.99238
7232.09,0.99688
7232.99,0.9952
7233.89,0.99634
7234.78,0.99838
7235.68,0.99709
7236.57,0.99777
7237.47,0.99412
7238.36,0.99388
7239.26,0.99164
7240.16,0.99133
7241.05,0.99194
7241.95,0.99514
7242.84,0.98809
7243.74,0.99116
7244.64,0.99106
7245.53,0.98704
7246.43,0.99203
7247.32,0.98962
7248.22,0.99111
7249.12,0.98701
7250.01,0.992
7250.91,0.98955
7251.8,0.9883
7252.7,0.98946
7253.6,0.99154
7254.49,0.98966
7255.39,0.98621
7256.28,0.99099
7257.18,0.98945
7258.07,0.9888
7258.97,0.99043
7259.87,0.98928
7260.76,0.99025
7261.66,0.98733
7262.55,0.98531
7263.45,0.98957
7264.35,0.98728
7265.24,0.9887
7266.14,0.98954
7267.03,0.98881
7267.93,0.98877
7268.83,0.991
7269.72,0.99115
7270.62,0.99265
7271.51,0.99238
7272.41,0.99161
7273.3,0.98947
7274.2,0.9917
7275.1,0.98919
7275.99,0.98712
7276.89,0.99284
7277.78,0.98369
7278.68,0.98971
7279.58,0.98982
7280.47,0.98127
7281.37,0.98085
7282.26,0.97693
7283.16,0.97992
7284.06,0.97652
7284.95,0.97124
7285.85,0.96954
7286.74,0.97071
7287.64,0.96807
7288.53,0.96389
7289.43,0.96279
7290.33,0.96382
7291.22,0.96527
7292.12,0.96606
7293.01,0.96285
7293.91,0.9687
7294.81,0.96193
7295.7,0.97241
7296.6,0.97204
7297.49,0.97971
7298.39,0.97809
7299.29,0.98062
7300.18,0.98132
7301.08,0.98118
7301.97,0.98182
7302.87,0.98609
7303.76,0.98264
7304.66,0.9827
7305.56,0.98084
7306.45,0.98075
7307.35,0.97716
7308.24,0.97709
7309.14,0.97664
7310.04,0.97863
7310.93,0.97989
7311.83,0.97517
7312.72,0.97717
7313.62,0.97818
7314.52,0.98114
7315.41,0.98043
7316.31,0.97667
7317.2,0.98337
7318.1,0.98309
7318.99,0.98417
7319.89,0.97726
7320.79,0.97981
7321.68,0.97934
7322.58,0.97738
7323.47,0.98129
7324.37,0.98136
7325.27,0.97783
7326.16,0.97987
7327.06,0.97737
7327.95,0.97499
7328.85,0.97807
7329.75,0.97953
7330.64,0.98024
7331.54,0.9801
7332.43,0.97962
7333.33,0.98331
7334.22,0.98429
7335.12,0.98297
7336.02,0.98495
7336.91,0.99129
7337.81,0.98782
7338.7,0.98853
7339.6,0.98871
7340.5,0.98842
7341.39,0.98796
7342.29,0.99098
7343.18,0.98759
7344.08,0.98279
7344.98,0.9839
7345.87,0.97987
7346.77,0.98024
7347.66,0.9851
7348.56,0.97656
7349.45,0.97919
7350.35,0.97864
7351.25,0.97749
7352.14,0.97484
7353.04,0.97271
7353.93,0.96974
7354.83,0.96954
7355.73,0.96916
7356.62,0.9679
7357.52,0.96472
7358.41,0.96623
7359.31,0.96882
7360.21,0.97153
7361.1,0.96325
7362.0,0.96674
7362.89,0.96838
7363.79,0.97004
7364.69,0.96976
7365.58,0.97062
7366.48,0.97236
7367.37,0.97492
7368.27,0.97395
7369.16,0.97332
7370.06,0.9743
7370.96,0.97909
7371.85,0.97887
7372.75,0.98348
7373.64,0.97863
7374.54,0.97918
7375.44,0.98303
7376.33,0.97934
7377.23,0.97772
7378.12,0.98006
7379.02,0.97934
7379.92,0.97824
7380.81,0.97525
7381.71,0.97237
7382.6,0.96715
7383.5,0.96925
7384.39,0.96396
7385.29,0.96311
7386.19,0.96193
7387.08,0.95813
7387.98,0.95369
7388.87,0.9544
7389.77,0.95349
7390.67,0.95452
7391.56,0.95859
7392.46,0.95611
7393.35,0.95401
7394.25,0.95576
7395.15,0.95712
7396.04,0.95967
7396.94,0.96256
7397.83,0.96431
7398.73,0.9644
7399.62,0.96872
7400.52,0.96343
7401.42,0.96483
7402.31,0.96737
7403.21,0.96549
7404.1,0.96324
7405.0,0.96008
7405.9,0.96091
7406.79,0.95977
7407.69,0.95957
7408.58,0.95227
7409.48,0.95223
7410.38,0.94519
7411.27,0.94403
7412.17,0.93707
7413.06,0.9328
7413.96,0.92741
7414.85,0.92694
7415.75,0.91967
7416.65,0.92189
7417.54,0.92193
7418.44,0.92066
7419.33,0.92299
7420.23,0.92514
7421.13,0.92916
7422.02,0.93362
7422.92,0.9314
7423.81,0.93907
7424.71,0.94215
7425.6,0.94328
7426.5,0.94818
7427.4,0.95169
7428.29,0.95453
7429.19,0.96151
7431.68,0.96038
7434.18,0.96607
7436.67,0.96546
7439.17,0.96655
7441.66,0.96277
7444.16,0.95995
7446.66,0.96104
7449.15,0.96019
7451.65,0.9656
7454.14,0.96528
7456.64,0.96688
7459.13,0.97025
7461.63,0.96375
7464.12,0.96553
7466.62,0.96418
7469.11,0.96674
7471.61,0.96743
7474.1,0.96671
7476.6,0.96021
7479.09,0.96382
7481.59,0.96426
7484.08,0.96002
7486.58,0.9606
7489.07,0.96073
7491.57,0.95857
7494.06,0.95545
7496.56,0.95072
7499.05,0.95665
7501.55,0.95995
7504.04,0.96159
7506.54,0.96008
7509.03,0.95949
7511.53,0.95706
7514.02,0.95781
7516.52,0.96049
7519.01,0.96379
7521.51,0.96299
7524.0,0.96128
7526.5,0.95972
7528.99,0.95872
7531.49,0.95935
7533.99,0.96055
7536.48,0.96598
7538.98,0.9646
7541.47,0.96778
7543.97,0.96303
7546.46,0.96596
7548.96,0.96192
7551.45,0.95991
7553.95,0.95768
7556.44,0.95786
7558.94,0.95709
7561.43,0.95899
7563.93,0.95597
7566.42,0.95774
7568.92,0.95453
7571.41,0.95526
7573.91,0.95517
7576.4,0.9554
7578.9,0.95596
7581.39,0.95153
7583.89,0.94688
7586.38,0.93929
7588.88,0.93462
7591.37,0.93193
7593.87,0.93337
7596.36,0.92975
7598.86,0.92843
7601.35,0.926
7603.85,0.92598
7606.34,0.92941
7608.84,0.92413
7611.33,0.92775
7613.83,0.925
7616.33,0.92199
7618.82,0.91909
7621.32,0.92047
7623.81,0.92078
7626.31,0.92267
7628.8,0.92342
7631.3,0.92217
7633.79,0.92379
7636.29,0.92298
7638.78,0.92155
7641.28,0.92424
7643.77,0.92266
7646.27,0.92263
7648.76,0.92076
7651.26,0.91938
7653.75,0.91386
7656.25,0.90307
7658.74,0.89459
7661.24,0.88524
7663.73,0.88074
7666.23,0.87561
7668.72,0.88078
7671.22,0.88758
7673.71,0.89535
7676.21,0.89769
7678.7,0.89952
7681.2,0.9023
7683.69,0.90292
7686.19,0.90102
7688.69,0.898
7691.18,0.89636
7693.68,0.89278
7696.17,0.89087
7698.67,0.89029
7701.16,0.89209
7703.66,0.89218
7706.15,0.89221
7708.65,0.89205
7711.14,0.88705
7713.64,0.88169
7716.13,0.88232
7718.63,0.88256
7721.12,0.88379
7723.62,0.88951
7726.11,0.89083
7728.61,0.89242
7731.1,0.89654
7733.6,0.89868
7736.09,0.90184
7738.59,0.90254
7741.08,0.89942
7743.58,0.89166
7746.07,0.88879
7748.57,0.88127
7751.06,0.87991
7753.56,0.88249
7756.05,0.88617
7758.55,0.89264
7761.04,0.89555
7763.54,0.89764
7766.03,0.8983
7768.53,0.89901
7771.03,0.89607
7773.52,0.89412
7776.02,0.89335
7778.51,0.89224
7781.01,0.89192
7783.5,0.89248
7786.0,0.8903
7788.49,0.89134
7790.99,0.88788
7793.48,0.88817
7795.98,0.88747
7798.47,0.88859
7800.97,0.88591
7803.46,0.88547
7805.96,0.88767
7808.45,0.89095
7810.95,0.89001
7813.44,0.89133
7815.94,0.89175
7818.43,0.89477
7820.93,0.8983
7823.42,0.89457
7825.92,0.89391
7828.41,0.88903
7830.91,0.88142
7833.4,0.87726
7835.9,0.87441
7838.39,0.87338
7840.89,0.87725
7843.38,0.88136
7845.88,0.88283
7848.38,0.88256
7850.87,0.88003
7853.37,0.88033
7855.86,0.88146
7858.36,0.88046
7860.85,0.88208
7863.35,0.8829
7865.84,0.88359
7868.34,0.88191
7870.83,0.87933
7873.33,0.87715
7875.82,0.87494
7878.32,0.8707
7880.81,0.87164
7883.31,0.87682
7885.8,0.87193
7888.3,0.87256
7890.79,0.87317
7893.29,0.86984
7895.78,0.86833
7898.28,0.86676
7900.77,0.86413
7903.27,0.86729
7905.76,0.86436
7908.26,0.8622
7910.75,0.8576
7913.25,0.85352
7915.74,0.84925
7918.24,0.84891
7920.73,0.84842
7923.23,0.84959
7925.73,0.85236
7928.22,0.85114
7930.71,0.85086
7933.21,0.8469
7935.71,0.84452
7938.2,0.84317
7940.7,0.83985
7943.19,0.83704
7945.69,0.83703
7948.18,0.83861
7950.68,0.84508
7953.17,0.84872
7955.67,0.85199
7958.16,0.85571
7960.66,0.85823
7963.15,0.86026
7965.65,0.85942
7968.14,0.86157
7970.64,0.86283
7973.13,0.86334
7975.63,0.86273
7978.12,0.85989
7980.62,0.8575
7983.11,0.85677
7985.61,0.856
7988.1,0.85337
7990.6,0.8516
7993.09,0.84944
7995.59,0.84653
7998.08,0.84751
8000.58,0.8479
8003.07,0.85056
8005.57,0.85513
8008.06,0.85609
8010.56,0.86007
8013.06,0.86318
8015.55,0.86421
8018.05,0.86561
8020.54,0.86272
8023.04,0.85754
8025.53,0.85524
8028.03,0.85112
8030.52,0.85093
8033.02,0.85466
8035.51,0.85744
8038.01,0.86272
8040.5,0.86241
8043.0,0.85696
8045.49,0.85334
8047.99,0.84802
8050.48,0.84799
8052.98,0.84898
8055.47,0.85134
8057.97,0.85357
8060.46,0.85987
8062.96,0.85662
8065.45,0.85709
8067.95,0.85174
8070.44,0.84644
8072.94,0.84533
8075.43,0.84364
8077.93,0.84439
8080.42,0.84578
8082.92,0.84356
8085.41,0.84253
8087.91,0.84283
8090.4,0.84054
8092.9,0.83744
8095.4,0.83628
8097.89,0.83722
8100.39,0.83861
8102.88,0.84155
8105.38,0.84022
8107.87,0.84244
8110.37,0.84215
8112.86,0.84201
8115.36,0.83958
8117.85,0.84145
8120.35,0.84241
8122.84,0.8414
8125.34,0.8466
8127.83,0.84712
8130.33,0.84574
8132.82,0.84646
8135.32,0.84688
8137.81,0.84795
8140.31,0.84744
8142.8,0.84636
8145.3,0.84415
8147.79,0.84437
8150.29,0.84432
8152.78,0.84785
8155.28,0.84586
8157.77,0.8465
8160.27,0.8454
8162.76,0.84631
8165.26,0.84758
8167.75,0.84405
8170.25,0.84557
8172.75,0.84619
8175.24,0.84329
8177.74,0.84385
8180.23,0.83874
8182.73,0.83245
8185.22,0.83059
8187.72,0.82803
8190.21,0.82796
8192.71,0.82548
8195.2,0.82122
8197.7,0.81953
8200.19,0.81781
8202.69,0.81795
8205.18,0.81828
8207.68,0.81822
8210.17,0.81959
8212.67,0.81789
8215.16,0.82262
8217.66,0.82298
8220.15,0.82312
8222.65,0.82579
8225.14,0.82856
8227.64,0.83174
8230.13,0.83181
8232.63,0.83284
8235.12,0.83251
8237.62,0.83266
8240.11,0.83088
8242.61,0.82978
8245.1,0.82906
8247.6,0.82897
8250.1,0.82721
8252.59,0.82273
8255.08,0.82415
8257.58,0.82601
8260.08,0.82791
8262.57,0.82935
8265.07,0.83089
8267.56,0.8333
8270.06,0.83005
8272.55,0.82633
8275.05,0.8272
8277.54,0.82298
8280.04,0.82337
8282.53,0.82407
8285.03,0.82173
8287.52,0.82204
8290.02,0.81952
8292.51,0.81722
8295.01,0.81369
8297.5,0.81584
8300.0,0.81292
8302.49,0.80897
8304.99,0.80731
8307.48,0.805
8309.98,0.8052
8312.47,0.80464
8314.97,0.80619
8317.46,0.80852
8319.96,0.80878
8322.46,0.80894
8324.95,0.8049
8327.44,0.79985
8329.94,0.79467
8332.43,0.79202
8334.93,0.78982
8337.43,0.79047
8339.92,0.79088
8342.42,0.79169
8344.91,0.79553
8347.41,0.79611
8349.9,0.79626
8352.4,0.79944
8354.89,0.80121
8357.39,0.803
8359.88,0.80307
8362.38,0.80221
8364.87,0.79914
8367.37,0.80012
8369.86,0.80207
8372.36,0.80341
8374.85,0.80335
8377.35,0.80237
8379.84,0.79778
8382.34,0.79365
8384.83,0.78822
8387.33,0.78527
8389.82,0.78442
8392.32,0.78959
8394.81,0.79456
8397.31,0.79493
8399.8,0.80082
8402.3,0.80217
8404.79,0.80345
8407.29,0.80361
8409.79,0.80044
8412.28,0.80148
8414.78,0.79673
8417.27,0.7964
8419.77,0.79374
8422.26,0.79226
8424.76,0.79076
8427.25,0.78931
8429.75,0.78702
8432.24,0.78441
8434.74,0.77887
8437.23,0.77598
8439.73,0.77413
8442.22,0.77324
8444.72,0.77473
8447.21,0.77651
8449.71,0.77937
8452.2,0.78094
8454.7,0.78131
8457.19,0.78157
8459.69,0.7805
8462.18,0.77716
8464.68,0.77258
8467.17,0.76577
8469.67,0.76508
8472.16,0.76516
8474.66,0.76729
8477.15,0.77212
8479.65,0.77548
8482.14,0.77746
8484.64,0.77718
8487.13,0.77559
8489.63,0.76702
8492.12,0.75837
8494.62,0.74013
8497.12,0.72135
8499.61,0.70676
8502.11,0.70796
8504.6,0.71687
8507.1,0.73171
8509.59,0.74562
8512.09,0.75352
8514.58,0.75353
8517.08,0.75354
8519.57,0.75444
8522.07,0.75582
8524.56,0.75746
8527.06,0.75644
8529.55,0.7537
8532.05,0.7423
8534.54,0.72464
8537.04,0.69659
8539.53,0.66199
8542.03,0.63386
8544.52,0.61994
8547.02,0.63032
8549.51,0.6568
8552.01,0.68932
8554.5,0.71698
8557.0,0.73938
8559.49,0.74969
8561.99,0.75188
8564.48,0.76029
8566.98,0.76342
8569.47,0.76445
8571.97,0.76455
8574.47,0.76588
8576.96,0.76518
8579.46,0.7649
8581.95,0.7653
8584.45,0.76255
8586.94,0.76096
8589.44,0.75865
8591.93,0.75515
8594.43,0.75132
8596.92,0.74528
8599.42,0.74385
8601.91,0.74165
8604.41,0.74659
8606.9,0.7479
8609.4,0.75214
8611.89,0.75269
8614.39,0.75401
8616.88,0.7585
8619.38,0.76037
8621.87,0.76163
8624.37,0.76396
8626.86,0.76607
8629.36,0.76799
8631.85,0.76741
8634.35,0.76884
8636.84,0.77207
8639.34,0.77396
8641.83,0.77159
8644.33,0.77112
8646.83,0.7645
8649.32,0.76019
8651.82,0.74773
8654.31,0.73267
8656.8,0.70953
8659.3,0.67982
8661.8,0.65128
8664.29,0.63702
8666.79,0.6389
8669.28,0.65816
8671.78,0.68539
8674.27,0.70688
8676.77,0.72563
8679.26,0.73445
8681.76,0.74084
8684.25,0.74307
8686.75,0.74362
8689.24,0.74396
8691.74,0.74531
8694.23,0.74808
8696.73,0.7514
8699.22,0.75644
8701.72,0.75707
8704.21,0.75809
8706.71,0.75965
8709.2,0.75861
8711.7,0.75945
8714.19,0.76022
8716.69,0.76391
8719.18,0.76309
8721.68,0.7665
8724.17,0.76633
8726.67,0.76767
8729.17,0.76756
8731.66,0.7628
8734.16,0.76073
8736.65,0.75638
8739.15,0.7507
8741.64,0.74564
8744.14,0.74296
8746.63,0.73553
8749.13,0.72863
8751.62,0.72531
8754.12,0.72466
8756.61,0.7285
8759.11,0.73202
8761.6,0.73865
8764.1,0.74519
8766.59,0.7497
8769.09,0.75288
8771.58,0.75219
8774.08,0.755
8776.57,0.7584
8779.07,0.76222
8781.56,0.76538
8784.06,0.76867
8786.55,0.76861
8789.05,0.76741
8791.54,0.76763
8794.04,0.76321
8796.53,0.7627
8799.03,0.75929
8801.52,0.75599
8804.02,0.75131
8806.51,0.74598
8809.01,0.74355
8811.5,0.74514
8814.0,0.75421
8816.5,0.75905
8818.99,0.76362
8821.49,0.76146
8823.98,0.76065
8826.48,0.76055
8828.97,0.75914
8831.47,0.76287
8833.96,0.7637
8836.46,0.76491
8838.95,0.76396
8841.45,0.76299
8843.94,0.76279
8846.44,0.76226
8848.93,0.76046
8851.43,0.7587
8853.92,0.75008
8856.42,0.74159
8858.91,0.72754
8861.41,0.71516
8863.9,0.70594
8866.4,0.69902
8868.89,0.70033
8871.39,0.70521
8873.88,0.71082
8876.38,0.71752
8878.87,0.72426
8881.37,0.72846
8883.87,0.73197
8886.36,0.73568
8888.86,0.73781
8891.35,0.7404
8893.84,0.74251
8896.34,0.74243
8898.84,0.74477
8901.33,0.74526
8903.83,0.74483
8906.32,0.74412
8908.82,0.74225
8911.31,0.74082
8913.81,0.73952
8916.3,0.74057
8918.8,0.73604
8921.29,0.73616
8923.79,0.73405
8926.28,0.7344
8928.78,0.73261
8931.27,0.73308
8933.77,0.734
8936.26,0.73539
8938.76,0.73657
8941.25,0.73609
8943.75,0.73296
8946.24,0.73256
8948.74,0.73178
8951.23,0.73355
8953.73,0.73702
8956.22,0.73998
8958.72,0.74267
8961.21,0.74071
8963.71,0.73943
8966.2,0.74093
8968.7,0.73838
8971.2,0.73647
8973.69,0.73622
8976.19,0.73379
8978.68,0.73369
8981.18,0.73435
8983.67,0.73661
8986.17,0.73565
8988.66,0.7347
8991.16,0.73451
8993.65,0.73174
8996.15,0.72727
8998.64,0.72256
9001.14,0.71807
9003.63,0.71132
9006.13,0.69948
9008.62,0.68966
9011.12,0.67571
9013.61,0.66537
9016.11,0.65934
9018.6,0.65816
9021.1,0.66586
9023.59,0.67505
9026.09,0.686
9028.58,0.69726
9031.08,0.70797
9033.57,0.71311
9036.07,0.72158
9038.56,0.72383
9041.06,0.72862
9043.55,0.73006
9046.05,0.73337
9048.54,0.73432
9051.04,0.73581
9053.54,0.73452
9056.03,0.73349
9058.53,0.72978
9061.02,0.72501
9063.52,0.72361
9066.01,0.72366
9068.51,0.72752
9071.0,0.73005
9073.5,0.72936
9075.99,0.72798
9078.49,0.72398
9080.98,0.72259
9083.48,0.7163
9085.97,0.71341
9088.47,0.70902
9090.96,0.70593
9093.46,0.70626
9095.95,0.70757
9098.45,0.71522
9100.94,0.71912
9103.44,0.72075
9105.93,0.72162
9108.43,0.72031
9110.92,0.72031
9113.42,0.71855
9115.91,0.71854
9118.41,0.71687
9120.9,0.71956
9123.4,0.71988
9125.89,0.72462
9128.39,0.72647
9130.88,0.72832
9133.38,0.726
9135.88,0.725
9138.37,0.71969
9140.87,0.71533
9143.36,0.711
9145.86,0.70688
9148.35,0.70636
9150.85,0.70902
9153.34,0.70787
9155.84,0.70914
9158.33,0.70992
9160.83,0.70986
9163.32,0.70808
9165.82,0.70299
9168.31,0.69725
9170.81,0.6931
9173.3,0.69111
9175.8,0.68864
9178.29,0.69041
9180.79,0.69543
9183.28,0.69731
9185.78,0.6979
9188.27,0.69896
9190.77,0.69592
9193.26,0.69551
9195.76,0.69277
9198.25,0.69177
9200.75,0.68921
9203.24,0.68815
9205.74,0.68403
9208.24,0.6789
9210.73,0.67651
9213.23,0.66988
9215.72,0.66627
9218.22,0.66078
9220.71,0.65598
9223.21,0.65136
9225.7,0.6469
9228.2,0.64189
9230.69,0.63758
9233.19,0.63697
9235.68,0.64068
9238.18,0.64613
9240.67,0.65274
9243.17,0.65807
9245.66,0.6625
9248.16,0.66337
9250.65,0.66618
9253.15,0.66722
9255.64,0.66762
9258.14,0.66831
9260.63,0.67051
9263.13,0.67543
9265.62,0.67835
9268.12,0.6825
9270.61,0.68668
9273.11,0.68769
9275.6,0.68547
9278.1,0.68495
9280.59,0.68443
9283.09,0.68097
9285.58,0.6792
9288.08,0.67838
9290.58,0.67519
9293.07,0.67423
9295.57,0.67458
9298.06,0.67589
9300.56,0.67665
9303.05,0.67669
9305.55,0.6761
9308.04,0.67586
9310.54,0.67821
9313.03,0.67586
9315.53,0.67614
9318.02,0.675
9320.52,0.67734
9323.01,0.67652
9325.51,0.67584
9328.0,0.67734
9330.5,0.67813
9332.99,0.67869
9335.49,0.67907
9337.98,0.68022
9340.48,0.67814
9342.97,0.67881
9345.47,0.67602
9347.96,0.67385
9350.46,0.67141
9352.95,0.66969
9355.45,0.66528
9357.94,0.66372
9360.44,0.66311
9362.93,0.66163
9365.43,0.66312
9367.92,0.662
9370.42,0.66231
9372.92,0.66387
9375.41,0.66448
9377.91,0.66265
9380.4,0.66189
9382.9,0.66036
9385.39,0.66116
9387.89,0.66004
9390.38,0.65849
9392.88,0.65772
9395.37,0.65822
9397.87,0.65606
9400.36,0.65255
9402.86,0.64964
9405.35,0.64583
9407.85,0.64091
9410.34,0.63807
9412.84,0.63539
9415.33,0.63515
9417.83,0.63708
9420.32,0.64144
9422.82,0.6437
9425.31,0.64691
9427.81,0.64903
9430.3,0.65036
9432.8,0.64683
9435.29,0.6466
9437.79,0.64537
9440.28,0.64502
9442.78,0.64396
9445.27,0.64383
9447.77,0.64506
9450.27,0.64566
9452.76,0.64778
9455.25,0.64965
9457.75,0.65225
9460.25,0.65329
9462.74,0.65403
9465.24,0.65617
9467.73,0.65501
9470.23,0.6575
9472.72,0.65843
9475.22,0.6574
9477.71,0.65715
9480.21,0.65706
9482.7,0.65655
9485.2,0.65807
9487.69,0.65947
9490.19,0.65949
9492.68,0.66063
9495.18,0.65947
9497.67,0.65945
9500.17,0.65928
9502.66,0.65886
9505.16,0.65693
9507.65,0.65638
9510.15,0.65641
9512.64,0.65663
9515.14,0.65647
9517.63,0.65845
9520.13,0.65508
9522.62,0.65595
9525.12,0.65476
9527.61,0.65139
9530.11,0.64791
9532.61,0.64426
9535.1,0.64114
9537.6,0.63405
9540.09,0.62507
9542.59,0.61487
9545.08,0.61068
9547.58,0.60551
9550.07,0.60533
9552.57,0.61297
9555.06,0.62122
9557.56,0.62958
9560.05,0.63867
9562.55,0.6441
9565.04,0.64686
9567.54,0.64766
9570.03,0.64714
9572.53,0.64684
9575.02,0.64599
9577.52,0.64872
9580.01,0.64814
9582.51,0.65161
9585.0,0.65371
9587.5,0.65489
9589.99,0.65733
9592.49,0.65703
9594.98,0.65427
9597.48,0.65176
9599.97,0.65049
9602.47,0.64792
9604.96,0.64838
9607.46,0.64896
9609.96,0.65042
9612.45,0.65408
9614.95,0.65234
9617.44,0.65346
9619.94,0.65055
9622.43,0.64851
9624.93,0.648
9627.42,0.64809
9629.92,0.64843
9632.41,0.6478
9634.91,0.64723
9637.4,0.64637
9639.9,0.64609
9642.39,0.64423
9644.89,0.64426
9647.38,0.64471
9649.88,0.64302
9652.37,0.6413
9654.87,0.64041
9657.36,0.63877
9659.86,0.63833
9662.35,0.63865
9664.85,0.64
9667.34,0.63968
9669.84,0.6407
9672.33,0.6408
9674.83,0.64128
9677.32,0.63869
9679.82,0.64075
9682.31,0.64016
9684.81,0.64065
9687.3,0.64316
9689.8,0.64114
9692.29,0.63914
9694.79,0.64015
9697.29,0.63802
9699.78,0.63938
9702.28,0.63946
9704.77,0.63976
9707.27,0.63809
9709.76,0.6387
9712.26,0.64181
9714.75,0.64356
9717.25,0.64348
9719.74,0.64304
9722.24,0.641
9724.73,0.63784
9727.23,0.63452
9729.72,0.63205
9732.22,0.629
9734.71,0.62668
9737.21,0.62614
9739.7,0.62383
9742.2,0.62421
9744.69,0.62503
9747.19,0.62436
9749.68,0.62704
9752.18,0.6279
9754.67,0.63185
9757.17,0.63149
9759.66,0.63306
9762.16,0.63188
9764.65,0.63166
9767.15,0.63048
9769.64,0.62785
9772.14,0.62839
9774.64,0.62729
9777.13,0.62949
9779.63,0.62705
9782.12,0.62584
9784.62,0.62319
9787.11,0.61985
9789.61,0.62213
9792.1,0.62423
9794.6,0.62727
9797.09,0.63067
9799.59,0.63209
9802.08,0.63197
9804.58,0.63244
9807.07,0.63425
9809.57,0.63329
9812.06,0.63335
9814.56,0.63327
9817.05,0.63305
9819.55,0.63178
9822.04,0.63287
9824.54,0.63015
9827.03,0.62915
9829.53,0.62877
9832.02,0.62722
9834.52,0.62651
9837.01,0.6284
9839.51,0.62953
9842.0,0.63045
9844.5,0.63103
9847.0,0.63046
9849.49,0.63064
9851.99,0.6294
9854.48,0.62953
9856.98,0.62866
9859.47,0.62792
9861.97,0.6277
9864.46,0.62913
9866.96,0.62677
9869.45,0.62794
9871.95,0.62835
9874.44,0.6293
9876.94,0.6309
9879.43,0.6281
9881.93,0.6277
9884.42,0.62727
9886.92,0.62507
9889.41,0.62132
9891.91,0.62146
9894.4,0.62081
9896.9,0.62083
9899.39,0.62115
9901.89,0.61905
9904.38,0.62061
9906.88,0.61951
9909.37,0.61884
9911.87,0.61998
9914.36,0.61986
9916.86,0.61824
9919.35,0.61727
9921.85,0.61853
9924.34,0.61702
9926.84,0.6161
9929.33,0.61626
9931.83,0.61706
9934.33,0.61604
9936.82,0.61763
9939.32,0.61743
9941.81,0.61841
9944.31,0.61825
9946.8,0.61894
9949.3,0.61753
9951.79,0.61705
9954.29,0.61741
9956.78,0.61811
9959.28,0.62283
9961.77,0.62139
9964.27,0.62067
9966.76,0.62083
9969.26,0.62165
9971.75,0.61996
9974.25,0.62025
9976.74,0.61984
9979.24,0.61968
9981.73,0.61914
9984.23,0.6172
9986.72,0.61714
9989.22,0.61692
9991.71,0.61491
9994.21,0.61378
9996.7,0.61241
9999.2,0.6117
10001.7,0.61122
10004.2,0.61153
10006.7,0.61126
10009.2,0.61259
10011.7,0.61345
10014.2,0.61379
10016.7,0.6143
10019.2,0.61447
10021.7,0.61406
10024.2,0.61298
10026.6,0.61184
10029.1,0.60687
10031.6,0.60313
10034.1,0.59791
10036.6,0.5945
10039.1,0.59031
10041.6,0.58499
10044.1,0.58085
10046.6,0.5734
10049.1,0.57044
10051.6,0.56835
10054.1,0.56813
10056.6,0.57074
10059.1,0.57456
10061.6,0.57914
10064.1,0.58509
10066.6,0.58921
10069.1,0.59338
10071.6,0.59665
10074.1,0.6005
10076.5,0.6019
10079.0,0.60203
10081.5,0.60325
10084.0,0.60307
10086.5,0.60432
10089.0,0.6053
10091.5,0.6086
10094.0,0.60925
10096.5,0.61045
10099.0,0.6111
10101.5,0.6122
10104.0,0.61268
10106.5,0.61113
10109.0,0.60995
10111.5,0.61008
10114.0,0.60842
10116.5,0.60797
10119.0,0.608
10121.5,0.6077
10124.0,0.60604
10126.5,0.60542
10128.9,0.6049
10131.4,0.60633
10133.9,0.6058
10136.4,0.60541
10138.9,0.60536
10141.4,0.60344
10143.9,0.60049
10146.4,0.59968
10148.9,0.59931
10151.4,0.59787
10153.9,0.59973
10156.4,0.60153
10158.9,0.60363
10161.4,0.60379
10163.9,0.60215
10166.4,0.60361
10168.9,0.60164
10171.4,0.60301
10173.9,0.60066
10176.4,0.60326
10178.9,0.60175
10181.3,0.60348
10183.8,0.60215
10186.3,0.60313
10188.8,0.60014
10191.3,0.59988
10193.8,0.59771
10196.3,0.59843
10198.8,0.59774
10201.3,0.59789
10203.8,0.59847
10206.3,0.59955
10208.8,0.59852
10211.3,0.60011
10213.8,0.59663
10216.3,0.59487
10218.8,0.5942
10221.3,0.59464
10223.8,0.59462
10226.3,0.59589
10228.8,0.59693
10231.2,0.59783
10233.7,0.59781
10236.2,0.5973
10238.7,0.59778
10241.2,0.59931
10243.7,0.59793
10246.2,0.5971
10248.7,0.5977
10251.2,0.59624
10253.7,0.59563
10256.2,0.59532
10258.7,0.59284
10261.2,0.59251
10263.7,0.5928
10266.2,0.59216
10268.7,0.59104
10271.2,0.59263
10273.7,0.59362
10276.2,0.5922
10278.7,0.59395
10281.2,0.5922
10283.6,0.59361
10286.1,0.59221
10288.6,0.59137
10291.1,0.59183
10293.6,0.58962
10296.1,0.58914
10298.6,0.5913
10301.1,0.58938
10303.6,0.59011
10306.1,0.59011
10308.6,0.59062
10311.1,0.59025
10313.6,0.59055
10316.1,0.59095
10318.6,0.59084
10321.1,0.58776
10323.6,0.58568
10326.1,0.5819
10328.6,0.57969
10331.1,0.57889
10333.5,0.57888
10336.0,0.57814
10338.5,0.57862
10341.0,0.57818
10343.5,0.57712
10346.0,0.57695
10348.5,0.57699
10351.0,0.57992
10353.5,0.58236
10356.0,0.58331
10358.5,0.58516
10361.0,0.58664
10363.5,0.58478
10366.0,0.5856
10368.5,0.58472
10371.0,0.58266
10373.5,0.58079
10376.0,0.5792
10378.5,0.57955
10381.0,0.5786
10383.5,0.58023
10385.9,0.5818
10388.4,0.58044
10390.9,0.57999
10393.4,0.57827
10395.9,0.57649
10398.4,0.57545
10400.9,0.57639
10403.4,0.57799
10405.9,0.5782
10408.4,0.58146
10410.9,0.58138
10413.4,0.58147
10415.9,0.58229
10418.4,0.5816
10420.9,0.57993
10423.4,0.57883
10425.9,0.57784
10428.4,0.57665
10430.9,0.57715
10433.4,0.5783
10435.9,0.57928
10438.3,0.5795
10440.8,0.57872
10443.3,0.58028
10445.8,0.58014
10448.3,0.5791
10450.8,0.57759
10453.3,0.57663
10455.8,0.57337
10458.3,0.57172
10460.8,0.57099
10463.3,0.57177
10465.8,0.57159
10468.3,0.5718
10470.8,0.57192
10473.3,0.57404
10475.8,0.57214
10478.3,0.57582
10480.8,0.57404
10483.3,0.57536
10485.8,0.57463
10488.2,0.57362
10490.7,0.57356
10493.2,0.57172
10495.7,0.57207
10498.2,0.57021
10500.7,0.56887
10503.2,0.57105
10505.7,0.56983
10508.2,0.57145
10510.7,0.56947
10513.2,0.57089
10515.7,0.56979
10518.2,0.56969
10520.7,0.57062
10523.2,0.57022
10525.7,0.57042
10528.2,0.56994
10530.7,0.56854
10533.2,0.56808
10535.7,0.56674
10538.2,0.56713
10540.6,0.56769
10543.1,0.5676
10545.6,0.56806
10548.1,0.56872
10550.6,0.56882
10553.1,0.56822
10555.6,0.56671
10558.1,0.56809
10560.6,0.56831
10563.1,0.56708
10565.6,0.56593
10568.1,0.56677
10570.6,0.5667
10573.1,0.56471
10575.6,0.56385
10578.1,0.56047
10580.6,0.55765
10583.1,0.55343
10585.6,0.55119
10588.1,0.55092
10590.6,0.55291
10593.0,0.55702
10595.5,0.55874
10598.0,0.55852
10600.5,0.55868
10603.0,0.55789
10605.5,0.55603
10608.0,0.55519
10610.5,0.5552
10613.0,0.55636
10615.5,0.55799
10618.0,0.55916
10620.5,0.55974
10623.0,0.55965
10625.5,0.56022
10628.0,0.55963
10630.5,0.55936
10633.0,0.56001
10635.5,0.56133
10638.0,0.56282
10640.5,0.56216
10642.9,0.56252
10645.4,0.56055
10647.9,0.56036
10650.4,0.55974
10652.9,0.55822
10655.4,0.55431
10657.9,0.55383
10660.4,0.55027
10662.9,0.5498
10665.4,0.54996
10667.9,0.54864
10670.4,0.54925
10672.9,0.55157
10675.4,0.5523
10677.9,0.55044
10680.4,0.5494
10682.9,0.54486
10685.4,0.54113
10687.9,0.53899
10690.4,0.53727
10692.9,0.53566
10695.3,0.53894
10697.8,0.54116
10700.3,0.54419
10702.8,0.54829
10705.3,0.54855
10707.8,0.55207
10710.3,0.55263
10712.8,0.55183
10715.3,0.55332
10717.8,0.55325
10720.3,0.55024
10722.8,0.54859
10725.3,0.54603
10727.8,0.54215
10730.3,0.54084
10732.8,0.53975
10735.3,0.54191
10737.8,0.54311
10740.3,0.54507
10742.8,0.54697
10745.3,0.54544
10747.7,0.5447
10750.2,0.54278
10752.7,0.54442
10755.2,0.54279
10757.7,0.54514
10760.2,0.54697
10762.7,0.54779
10765.2,0.55011
10767.7,0.54993
10770.2,0.55037
10772.7,0.54786
10775.2,0.54534
10777.7,0.54419
10780.2,0.53985
10782.7,0.53823
10785.2,0.53434
10787.7,0.53512
10790.2,0.53668
10792.7,0.536
10795.2,0.53802
10797.6,0.54013
10800.1,0.54267
10802.6,0.54327
10805.1,0.54184
10807.6,0.54031
10810.1,0.53698
10812.6,0.53654
10815.1,0.53287
10817.6,0.53243
10820.1,0.53087
10822.6,0.52854
10825.1,0.52696
10827.6,0.52533
10830.1,0.52611
10832.6,0.52587
10835.1,0.52903
10837.6,0.53097
10840.1,0.53512
10842.6,0.53643
10845.1,0.53664
10847.6,0.5375
10850.0,0.53862
10852.5,0.53903
10855.0,0.54084
10857.5,0.54055
10860.0,0.538
10862.5,0.53459
10865.0,0.5303
10867.5,0.52526
10870.0,0.52142
10872.5,0.51808
10875.0,0.51685
10877.5,0.51753
10880.0,0.51685
10882.5,0.51912
10885.0,0.52051
10887.5,0.52146
10890.0,0.52182
10892.5,0.52428
10895.0,0.5257
10897.5,0.52536
10900.0,0.52598
10902.4,0.52855
10904.9,0.52699
10907.4,0.52754
10909.9,0.52521
10912.4,0.52498
10914.9,0.52228
10917.4,0.51866
10919.9,0.51723
10922.4,0.51355
10924.9,0.50934
10927.4,0.50476
10929.9,0.4993
10932.4,0.49387
10934.9,0.49049
10937.4,0.48754
10939.9,0.48642
10942.4,0.48699
10944.9,0.4896
10947.4,0.49359
10949.9,0.49504
10952.3,0.49775
10954.8,0.49787
10957.3,0.49825
10959.8,0.49646
10962.3,0.49416
10964.8,0.49177
10967.3,0.48991
10969.8,0.48809
10972.3,0.48829
10974.8,0.48933
10977.3,0.49019
10979.8,0.49082
10982.3,0.49254
10984.8,0.49363
10987.3,0.49416
10989.8,0.49633
10992.3,0.49561
10994.8,0.49663
10997.3,0.49789
10999.8,0.49701
