wave,flux
3700.85,0.056255
3701.75,0.054931
3702.65,0.052604
3703.55,0.048807
3704.45,0.044624
3705.35,0.040832
3706.25,0.037629
3707.15,0.035716
3708.05,0.035514
3708.96,0.036649
3709.86,0.03897
3710.76,0.042505
3711.66,0.046802
3712.56,0.05105
3713.46,0.05435
3714.36,0.056173
3715.26,0.056188
3716.16,0.054395
3717.06,0.050771
3717.96,0.046034
3718.86,0.040548
3719.76,0.035541
3720.66,0.031628
3721.56,0.02956
3722.46,0.029929
3723.36,0.032001
3724.26,0.03525
3725.16,0.038406
3726.06,0.040888
3726.96,0.041977
3727.86,0.042596
3728.76,0.04202
3729.66,0.041507
3730.56,0.040002
3731.46,0.037996
3732.36,0.03497
3733.26,0.031466
3734.16,0.027904
3735.06,0.025108
3735.96,0.023654
3736.86,0.023719
3737.76,0.025555
3738.66,0.02879
3739.56,0.032415
3740.46,0.035742
3741.36,0.037698
3742.26,0.038016
3743.16,0.036652
3744.06,0.034004
3744.96,0.031217
3745.86,0.028493
3746.76,0.026113
3747.67,0.024933
3748.57,0.024383
3749.47,0.025159
3750.37,0.027121
3751.27,0.030488
3752.17,0.034699
3753.07,0.03897
3753.97,0.042867
3754.87,0.045298
3755.77,0.04579
3756.67,0.044542
3757.57,0.042152
3758.47,0.039222
3759.37,0.037056
3760.27,0.03599
3761.17,0.036082
3762.07,0.036664
3762.97,0.03712
3763.87,0.037299
3764.77,0.037519
3765.67,0.037697
3766.57,0.038138
3767.47,0.038997
3768.37,0.040485
3769.27,0.042677
3770.17,0.044825
3771.07,0.047407
3771.97,0.049494
3772.87,0.051016
3773.77,0.051986
3774.67,0.052776
3775.57,0.052992
3776.47,0.052994
3777.37,0.052893
3778.27,0.053325
3779.17,0.054255
3780.07,0.055074
3780.97,0.056206
3781.87,0.056818
3782.77,0.057055
3783.67,0.056704
3784.57,0.055121
3785.47,0.052969
3786.38,0.049767
3787.28,0.046635
3788.18,0.043502
3789.08,0.041574
3789.98,0.040532
3790.88,0.040333
3791.78,0.040787
3792.68,0.040745
3793.58,0.040354
3794.48,0.039561
3795.38,0.038559
3796.28,0.03767
3797.18,0.036618
3798.08,0.036105
3798.98,0.036267
3799.88,0.03729
3800.78,0.039304
3801.68,0.042231
3802.58,0.044901
3803.48,0.047584
3804.38,0.049156
3805.28,0.049812
3806.18,0.049366
3807.08,0.048666
3807.98,0.04829
3808.88,0.048139
3809.78,0.048407
3810.68,0.048496
3811.58,0.04778
3812.48,0.046068
3813.38,0.043727
3814.28,0.040696
3815.18,0.037844
3816.08,0.035691
3816.98,0.034098
3817.88,0.033117
3818.78,0.03227
3819.68,0.031217
3820.58,0.030235
3821.48,0.029415
3822.38,0.028706
3823.28,0.02824
3824.18,0.027402
3825.09,0.026405
3825.99,0.02531
3826.89,0.024395
3827.79,0.024153
3828.69,0.024248
3829.59,0.024686
3830.49,0.025004
3831.39,0.025187
3832.29,0.025123
3833.19,0.024883
3834.09,0.024737
3834.99,0.024865
3835.89,0.025308
3836.79,0.025512
3837.69,0.025657
3838.59,0.02548
3839.49,0.025435
3840.39,0.026136
3841.29,0.027505
3842.19,0.029908
3843.09,0.032761
3843.99,0.035444
3844.89,0.037689
3845.79,0.03932
3846.69,0.040047
3847.59,0.040162
3848.49,0.039999
3849.39,0.039423
3850.29,0.03878
3851.19,0.038277
3852.09,0.038005
3852.99,0.037852
3853.89,0.03734
3854.79,0.036544
3855.69,0.035131
3856.59,0.033602
3857.49,0.031947
3858.39,0.030389
3859.29,0.0294
3860.19,0.029162
3861.09,0.029898
3861.99,0.031912
3862.9,0.034089
3863.8,0.036412
3864.7,0.03794
3865.6,0.038603
3866.5,0.038438
3867.4,0.038073
3868.3,0.037219
3869.2,0.035941
3870.1,0.034735
3871.0,0.033841
3871.9,0.033117
3872.8,0.03333
3873.7,0.034505
3874.6,0.03614
3875.5,0.037386
3876.4,0.038383
3877.3,0.03826
3878.2,0.037572
3879.1,0.03638
3880.0,0.035731
3880.9,0.035717
3881.8,0.035608
3882.7,0.036256
3883.6,0.03674
3884.5,0.037136
3885.4,0.037157
3886.3,0.036693
3887.2,0.03649
3888.1,0.036752
3889.0,0.037976
3889.9,0.040199
3890.8,0.043106
3891.7,0.046341
3892.6,0.048522
3893.5,0.050159
3894.4,0.050949
3895.3,0.050807
3896.2,0.050674
3897.1,0.050644
3898.0,0.050205
3898.9,0.04971
3899.8,0.049726
3900.7,0.049586
3901.6,0.049315
3902.51,0.048708
3903.41,0.048028
3904.31,0.047391
3905.21,0.046904
3906.11,0.04704
3907.01,0.047809
3907.91,0.049935
3908.81,0.052193
3909.71,0.054559
3910.61,0.056776
3911.51,0.058726
3912.41,0.05968
3913.31,0.060123
3914.21,0.060222
3915.11,0.059845
3916.01,0.058841
3916.91,0.057088
3917.81,0.055253
3918.71,0.052923
3919.61,0.050224
3920.51,0.047574
3921.41,0.045302
3922.31,0.044027
3923.21,0.043017
3924.11,0.042448
3925.01,0.041652
3925.91,0.040449
3926.81,0.038274
3927.71,0.035396
3928.61,0.032054
3929.51,0.028396
3930.41,0.025
3931.31,0.021902
3932.21,0.019266
3933.11,0.017526
3934.01,0.016677
3934.91,0.016669
3935.81,0.017795
3936.71,0.019774
3937.61,0.022691
3938.51,0.025877
3939.42,0.029213
3940.32,0.032171
3941.22,0.034643
3942.12,0.036264
3943.02,0.037639
3943.92,0.03881
3944.82,0.040586
3945.72,0.042565
3946.62,0.044964
3947.52,0.047942
3948.42,0.050567
3949.32,0.053057
3950.22,0.055226
3951.12,0.056633
3952.02,0.058326
3952.92,0.058831
3953.82,0.059272
3954.72,0.059297
3955.62,0.058797
3956.52,0.058219
3957.42,0.057028
3958.32,0.055656
3959.22,0.053459
3960.12,0.050883
3961.02,0.04719
3961.92,0.043217
3962.82,0.039162
3963.72,0.035598
3964.62,0.032116
3965.52,0.029101
3966.42,0.026026
3967.32,0.02342
3968.22,0.021325
3969.12,0.020204
3970.02,0.02035
3970.92,0.02173
3971.82,0.024356
3972.72,0.027862
3973.62,0.032128
3974.52,0.036707
3975.42,0.041326
3976.32,0.045743
3977.22,0.050273
3978.13,0.054248
3979.03,0.058234
3979.93,0.061457
3980.83,0.063951
3981.73,0.06508
3982.63,0.066251
3983.53,0.06683
3984.43,0.066773
3985.33,0.067823
3986.23,0.068876
3987.13,0.070171
3988.03,0.071244
3988.93,0.072188
3989.83,0.073389
3990.73,0.073521
3991.63,0.074416
3992.53,0.075059
3993.43,0.074908
3994.33,0.075238
3995.23,0.07454
3996.13,0.073812
3997.03,0.073425
3997.93,0.073254
3998.83,0.074181
3999.73,0.075257
4000.63,0.07707
4001.53,0.078814
4002.43,0.079373
4003.33,0.079186
4004.23,0.078301
4005.13,0.075975
4006.03,0.074142
4006.93,0.073415
4007.83,0.073941
4008.73,0.075028
4009.63,0.077013
4010.53,0.07884
4011.43,0.080282
4012.33,0.081725
4013.23,0.082695
4014.13,0.083178
4015.03,0.083763
4015.93,0.084365
4016.84,0.084587
4017.74,0.084396
4018.64,0.08443
4019.54,0.084394
4020.44,0.084866
4021.34,0.084766
4022.24,0.084627
4023.14,0.084326
4024.04,0.084286
4024.94,0.083963
4025.84,0.084498
4026.74,0.08472
4027.64,0.084938
4028.54,0.084528
4029.44,0.082649
4030.34,0.079903
4031.24,0.076276
4032.14,0.072882
4033.04,0.070119
4033.94,0.069332
4034.84,0.070351
4035.74,0.072935
4036.64,0.076616
4037.54,0.080487
4038.44,0.08402
4039.34,0.086481
4040.24,0.086653
4041.14,0.086296
4042.04,0.08416
4042.94,0.080811
4043.84,0.077029
4044.74,0.072855
4045.64,0.068893
4046.54,0.067196
4047.44,0.067547
4048.34,0.0704
4049.24,0.07427
4050.14,0.07886
4051.04,0.082231
4051.94,0.083871
4052.84,0.084407
4053.74,0.083484
4054.65,0.081968
4055.55,0.08024
4056.45,0.078417
4057.35,0.077035
4058.25,0.07609
4059.15,0.075816
4060.05,0.075581
4060.95,0.075209
4061.85,0.073803
4062.75,0.071831
4063.65,0.070328
4064.55,0.068824
4065.45,0.068971
4066.35,0.069839
4067.25,0.072106
4068.15,0.074584
4069.05,0.076304
4069.95,0.077184
4070.85,0.077484
4071.75,0.076885
4072.65,0.076264
4073.55,0.075836
4074.45,0.075992
4075.35,0.076
4076.25,0.075221
4077.15,0.074908
4078.05,0.075165
4078.95,0.076044
4079.85,0.078064
4080.75,0.080755
4081.65,0.083223
4082.55,0.085101
4083.45,0.086527
4084.35,0.087035
4085.25,0.087717
4086.15,0.088465
4087.05,0.089936
4087.95,0.091853
4088.85,0.093837
4089.75,0.095396
4090.65,0.095609
4091.55,0.095096
4092.45,0.09402
4093.36,0.092051
4094.26,0.090591
4095.16,0.088249
4096.06,0.085919
4096.96,0.083408
4097.86,0.081277
4098.76,0.078454
4099.66,0.076738
4100.56,0.074662
4101.46,0.073087
4102.36,0.072669
4103.26,0.0735
4104.16,0.075086
4105.06,0.077146
4105.96,0.080284
4106.86,0.082654
4107.76,0.084162
4108.66,0.085725
4109.56,0.085523
4110.46,0.085386
4111.36,0.085016
4112.26,0.085151
4113.16,0.085654
4114.06,0.086967
4114.96,0.087577
4115.86,0.08855
4116.76,0.08845
4117.66,0.088489
4118.56,0.087773
4119.46,0.086648
4120.36,0.085739
4121.26,0.08532
4122.16,0.085597
4123.06,0.085677
4123.96,0.086681
4124.86,0.086483
4125.76,0.086738
4126.66,0.086888
4127.56,0.086124
4128.46,0.085217
4129.36,0.083329
4130.26,0.081297
4131.17,0.079046
4132.06,0.077447
4132.97,0.076508
4133.87,0.075796
4134.77,0.076975
4135.67,0.078645
4136.57,0.081181
4137.47,0.083929
4138.37,0.085371
4139.27,0.08656
4140.17,0.086309
4141.07,0.084685
4141.97,0.081965
4142.87,0.078964
4143.77,0.076077
4144.67,0.074772
4145.57,0.074647
4146.47,0.07601
4147.37,0.077574
4148.27,0.079405
4149.17,0.079856
4150.07,0.080407
4150.97,0.080081
4151.87,0.079206
4152.77,0.078721
4153.67,0.078238
4154.57,0.077594
4155.47,0.078079
4156.37,0.078352
4157.27,0.079043
4158.17,0.080382
4159.07,0.082314
4159.97,0.0841
4160.87,0.086018
4161.77,0.087623
4162.67,0.088285
4163.57,0.089088
4164.47,0.088602
4165.37,0.088184
4166.27,0.086708
4167.17,0.08517
4168.07,0.084231
4168.98,0.083287
4169.88,0.082327
4170.78,0.081258
4171.68,0.080246
4172.58,0.078047
4173.48,0.077169
4174.38,0.075872
4175.28,0.075535
4176.18,0.075702
4177.08,0.076251
4177.98,0.077257
4178.88,0.078379
4179.78,0.078631
4180.68,0.079588
4181.58,0.080046
4182.48,0.080717
4183.38,0.08118
4184.28,0.081441
4185.18,0.081881
4186.08,0.08222
4186.98,0.081523
4187.88,0.080754
4188.78,0.081087
4189.68,0.081494
4190.58,0.082223
4191.48,0.082983
4192.38,0.084478
4193.28,0.084563
4194.18,0.084873
4195.08,0.08371
4195.98,0.08153
4196.88,0.079637
4197.78,0.077351
4198.68,0.075402
4199.58,0.074172
4200.48,0.073654
4201.38,0.073769
4202.28,0.075033
4203.18,0.076146
4204.08,0.078594
4204.98,0.080612
4205.88,0.083741
4206.79,0.086113
4207.69,0.088208
4208.59,0.08937
4209.49,0.090053
4210.39,0.090137
4211.29,0.08977
4212.19,0.088836
4213.09,0.087923
4213.99,0.086761
4214.89,0.085604
4215.79,0.08466
4216.69,0.085124
4217.59,0.086537
4218.49,0.088208
4219.39,0.090444
4220.29,0.091571
4221.19,0.091736
4222.09,0.090105
4222.99,0.086087
4223.89,0.081237
4224.79,0.07539
4225.69,0.069598
4226.59,0.065043
4227.49,0.063122
4228.39,0.06412
4229.29,0.067527
4230.19,0.072271
4231.09,0.077167
4231.99,0.081528
4232.89,0.083708
4233.79,0.084976
4234.69,0.084553
4235.59,0.083862
4236.49,0.083382
4237.39,0.0829
4238.29,0.083033
4239.19,0.084366
4240.09,0.085827
4240.99,0.087693
4241.89,0.090187
4242.79,0.092403
4243.69,0.094769
4244.59,0.096067
4245.5,0.096528
4246.4,0.095647
4247.3,0.093575
4248.2,0.091269
4249.1,0.087744
4250.0,0.08505
4250.9,0.082335
4251.8,0.080999
4252.7,0.080625
4253.6,0.081004
4254.5,0.081285
4255.4,0.082161
4256.3,0.083315
4257.2,0.083866
4258.1,0.084174
4259.0,0.08388
4259.9,0.08345
4260.8,0.08303
4261.7,0.08373
4262.6,0.085729
4263.5,0.088508
4264.4,0.092148
4265.3,0.095005
4266.2,0.095877
4267.1,0.095804
4268.0,0.093858
4268.9,0.089704
4269.8,0.086004
4270.7,0.0808
4271.6,0.076291
4272.5,0.07257
4273.4,0.070612
4274.3,0.070695
4275.2,0.07237
4276.1,0.075988
4277.0,0.07987
4277.9,0.083865
4278.8,0.08688
4279.7,0.088926
4280.6,0.090051
4281.5,0.090109
4282.4,0.089199
4283.31,0.089081
4284.21,0.088095
4285.11,0.087044
4286.01,0.086207
4286.91,0.084574
4287.81,0.08281
4288.71,0.080648
4289.61,0.078931
4290.51,0.077746
4291.41,0.077485
4292.31,0.07803
4293.21,0.079371
4294.11,0.080478
4295.01,0.081062
4295.91,0.081061
4296.81,0.079273
4297.71,0.076335
4298.61,0.073226
4299.51,0.069556
4300.41,0.066466
4301.31,0.063794
4302.21,0.062688
4303.11,0.061953
4304.01,0.061656
4304.91,0.061285
4305.81,0.060705
4306.71,0.059424
4307.61,0.058574
4308.51,0.057714
4309.41,0.058029
4310.31,0.059326
4311.21,0.062369
4312.11,0.066394
4313.01,0.072011
4313.91,0.07849
4314.81,0.085037
4315.71,0.09254
4316.61,0.098967
4317.51,0.10444
4318.41,0.10885
4319.31,0.11048
4320.21,0.11029
4321.12,0.10755
4322.02,0.10345
4322.92,0.098307
4323.82,0.093088
4324.72,0.087468
4325.62,0.083882
4326.52,0.083119
4327.42,0.084645
4328.32,0.088694
4329.22,0.094346
4330.12,0.098677
4331.02,0.10402
4331.92,0.1074
4332.82,0.10961
4333.72,0.11088
4334.62,0.11082
4335.52,0.10947
4336.42,0.10654
4337.32,0.10267
4338.22,0.097718
4339.12,0.093289
4340.02,0.090274
4340.92,0.087892
4341.82,0.088367
4342.72,0.089642
4343.62,0.092625
4344.52,0.096741
4345.42,0.10044
4346.32,0.10349
4347.22,0.10625
4348.12,0.10756
4349.02,0.10778
4349.92,0.10694
4350.82,0.10487
4351.72,0.10242
4352.62,0.1001
4353.52,0.098643
4354.42,0.098214
4355.32,0.09914
4356.22,0.10018
4357.12,0.10236
4358.02,0.10387
4358.92,0.10544
4359.83,0.10628
4360.73,0.10767
4361.63,0.10875
4362.53,0.11037
4363.43,0.11214
4364.33,0.11296
4365.23,0.11408
4366.13,0.11412
4367.03,0.11287
4367.93,0.11153
4368.83,0.10988
4369.73,0.10817
4370.63,0.10689
4371.53,0.10486
4372.43,0.10387
4373.33,0.10218
4374.23,0.10031
4375.13,0.099279
4376.03,0.098496
4376.93,0.098482
4377.83,0.099214
4378.73,0.099846
4379.63,0.10009
4380.53,0.097922
4381.43,0.09454
4382.33,0.089615
4383.23,0.084735
4384.13,0.081049
4385.03,0.079043
4385.93,0.079269
4386.83,0.081524
4387.73,0.084498
4388.63,0.088463
4389.53,0.091394
4390.43,0.093577
4391.33,0.095305
4392.23,0.096642
4393.13,0.09833
4394.03,0.099953
4394.93,0.10123
4395.83,0.1028
4396.73,0.10453
4397.64,0.10606
4398.54,0.10713
4399.44,0.10704
4400.34,0.10556
4401.24,0.10388
4402.14,0.101
4403.04,0.098677
4403.94,0.094578
4404.84,0.09257
4405.74,0.090416
4406.64,0.089782
4407.54,0.090655
4408.44,0.09346
4409.34,0.097275
4410.24,0.10147
4411.14,0.10526
4412.04,0.10789
4412.94,0.10908
4413.84,0.10939
4414.74,0.10857
4415.64,0.10709
4416.54,0.10641
4417.44,0.10677
4418.34,0.10832
4419.24,0.10982
4420.14,0.11084
4421.04,0.11267
4421.94,0.11222
4422.84,0.11187
4423.74,0.11086
4424.64,0.10979
4425.54,0.1097
4426.44,0.10888
4427.34,0.10936
4428.24,0.11004
4429.14,0.10982
4430.04,0.10997
4430.94,0.10941
4431.84,0.10898
4432.74,0.10776
4433.64,0.10667
4434.54,0.10637
4435.45,0.10571
4436.35,0.10597
4437.25,0.10726
4438.15,0.10956
4439.05,0.11164
4439.95,0.11249
4440.85,0.11307
4441.75,0.11339
4442.65,0.11285
4443.55,0.11253
4444.45,0.11316
4445.35,0.11421
4446.25,0.11635
4447.15,0.11758
4448.05,0.1192
4448.95,0.11997
4449.85,0.11999
4450.75,0.11875
4451.65,0.11738
4452.55,0.11509
4453.45,0.11247
4454.35,0.10954
4455.25,0.10617
4456.15,0.10346
4457.05,0.10199
4457.95,0.10022
4458.85,0.099302
4459.75,0.09932
4460.65,0.099572
4461.55,0.10007
4462.45,0.10179
4463.35,0.10328
4464.25,0.10587
4465.15,0.10851
4466.05,0.11024
4466.95,0.11176
4467.85,0.1126
4468.75,0.11254
4469.65,0.11413
4470.55,0.1147
4471.45,0.11599
4472.35,0.11758
4473.25,0.11978
4474.16,0.12184
4475.06,0.12393
4475.96,0.12546
4476.86,0.12654
4477.76,0.12577
4478.66,0.12592
4479.56,0.12396
4480.46,0.12183
4481.36,0.12014
4482.26,0.11944
4483.16,0.1193
4484.06,0.12003
4484.96,0.12181
4485.86,0.12374
4486.76,0.12499
4487.66,0.12508
4488.56,0.12417
4489.46,0.12316
4490.36,0.121
4491.26,0.1206
4492.16,0.11903
4493.06,0.1187
4493.96,0.11794
4494.86,0.11749
4495.76,0.1173
4496.66,0.11808
4497.56,0.11869
4498.46,0.12065
4499.36,0.1226
4500.26,0.12531
4501.16,0.12667
4502.06,0.1291
4502.96,0.13072
4503.86,0.13364
4504.76,0.13525
4505.66,0.13565
4506.56,0.13639
4507.46,0.13681
4508.36,0.1366
4509.26,0.13559
4510.17,0.13547
4511.06,0.13427
4511.97,0.13277
4512.87,0.13203
4513.77,0.13043
4514.67,0.12922
4515.57,0.12795
4516.47,0.12714
4517.37,0.12743
4518.27,0.12765
4519.17,0.12774
4520.07,0.12854
4520.97,0.12861
4521.87,0.12923
4522.77,0.12818
4523.67,0.12684
4524.57,0.12397
4525.47,0.12135
4526.37,0.11712
4527.27,0.1139
4528.17,0.11123
4529.07,0.1092
4529.97,0.10794
4530.87,0.10748
4531.77,0.10815
4532.67,0.10921
4533.57,0.1099
4534.47,0.11145
4535.37,0.11295
4536.27,0.11459
4537.17,0.11726
4538.07,0.11958
4538.97,0.12199
4539.87,0.1237
4540.77,0.12495
4541.67,0.12513
4542.57,0.1253
4543.47,0.12488
4544.37,0.12436
4545.27,0.12411
4546.17,0.12318
4547.07,0.12232
4547.97,0.12232
4548.88,0.12165
4549.77,0.12099
4550.68,0.12115
4551.58,0.12141
4552.48,0.12106
4553.38,0.12064
4554.28,0.12092
4555.18,0.12213
4556.08,0.12407
4556.98,0.12518
4557.88,0.1276
4558.78,0.12956
4559.68,0.13195
4560.58,0.13328
4561.48,0.13339
4562.38,0.13312
4563.28,0.13172
4564.18,0.13091
4565.08,0.12989
4565.98,0.12945
4566.88,0.13022
4567.78,0.13011
4568.68,0.13101
4569.58,0.13112
4570.48,0.13205
4571.38,0.13194
4572.28,0.13181
4573.18,0.13189
4574.08,0.13221
4574.98,0.13279
4575.88,0.13268
4576.78,0.13239
4577.68,0.13137
4578.58,0.1296
4579.48,0.12801
4580.38,0.12697
4581.28,0.12508
4582.18,0.12385
4583.08,0.12331
4583.98,0.12342
4584.88,0.12376
4585.78,0.12469
4586.69,0.12537
4587.58,0.12691
4588.49,0.12795
4589.39,0.12912
4590.29,0.12945
4591.19,0.1301
4592.09,0.12925
4592.99,0.12809
4593.89,0.12685
4594.79,0.12546
4595.69,0.12489
4596.59,0.124
4597.49,0.12379
4598.39,0.12391
4599.29,0.12389
4600.19,0.12468
4601.09,0.1246
4601.99,0.12551
4602.89,0.12542
4603.79,0.12601
4604.69,0.12703
4605.59,0.12765
4606.49,0.12985
4607.39,0.13105
4608.29,0.13336
4609.19,0.13533
4610.09,0.13657
4610.99,0.13733
4611.89,0.13816
4612.79,0.13705
4613.69,0.13706
4614.59,0.13665
4615.49,0.13695
4616.39,0.13669
4617.29,0.13757
4618.19,0.13719
4619.09,0.13844
4619.99,0.13829
4620.89,0.13842
4621.79,0.13817
4622.69,0.13819
4623.59,0.13805
4624.5,0.13761
4625.4,0.13764
4626.3,0.13685
4627.2,0.13656
4628.1,0.13717
4629.0,0.13685
4629.9,0.13609
4630.8,0.13654
4631.7,0.13618
4632.6,0.13534
4633.5,0.13498
4634.4,0.13352
4635.3,0.13254
4636.2,0.13065
4637.1,0.12947
4638.0,0.12817
4638.9,0.12744
4639.8,0.12639
4640.7,0.12589
4641.6,0.12653
4642.5,0.12686
4643.4,0.12584
4644.3,0.12542
4645.2,0.12435
4646.1,0.1227
4647.0,0.12156
4647.9,0.12032
4648.8,0.12061
4649.7,0.12136
4650.6,0.12246
4651.5,0.12447
4652.4,0.12611
4653.3,0.12703
4654.2,0.12843
4655.1,0.12827
4656.0,0.12922
4656.9,0.12973
4657.8,0.13145
4658.7,0.13329
4659.6,0.13473
4660.5,0.1359
4661.4,0.1362
4662.3,0.13521
4663.21,0.13343
4664.11,0.13042
4665.01,0.1273
4665.91,0.12459
4666.81,0.12095
4667.71,0.11902
4668.61,0.11823
4669.51,0.11831
4670.41,0.11988
4671.31,0.12152
4672.21,0.12325
4673.11,0.12588
4674.01,0.12804
4674.91,0.12835
4675.81,0.12963
4676.71,0.12983
4677.61,0.12995
4678.51,0.12919
4679.41,0.12874
4680.31,0.1275
4681.21,0.12695
4682.11,0.12667
4683.01,0.12625
4683.91,0.12679
4684.81,0.12784
4685.71,0.12824
4686.61,0.12879
4687.51,0.1286
4688.41,0.12909
4689.31,0.12897
4690.21,0.12828
4691.11,0.12855
4692.01,0.12869
4692.91,0.1291
4693.81,0.12951
4694.71,0.1301
4695.61,0.13059
4696.51,0.1303
4697.41,0.13045
4698.31,0.12934
4699.21,0.12772
4700.12,0.12574
4701.02,0.12455
4701.92,0.12336
4702.82,0.12262
4703.72,0.12248
4704.62,0.12235
4705.52,0.12273
4706.42,0.1234
4707.32,0.12339
4708.22,0.12358
4709.12,0.12434
4710.02,0.12472
4710.92,0.12556
4711.82,0.1266
4712.72,0.12726
4713.62,0.1283
4714.52,0.12911
4715.42,0.13034
4716.32,0.13132
4717.22,0.1327
4718.12,0.13454
4719.02,0.13692
4719.92,0.13847
4720.82,0.1401
4721.72,0.14029
4722.62,0.14101
4723.52,0.14037
4724.42,0.13969
4725.32,0.13862
4726.22,0.13685
4727.12,0.13463
4728.02,0.13141
4728.92,0.12977
4729.82,0.12774
4730.72,0.12639
4731.62,0.12611
4732.52,0.12689
4733.42,0.12801
4734.32,0.12953
4735.22,0.13081
4736.12,0.13142
4737.02,0.13251
4737.92,0.13274
4738.83,0.13377
4739.73,0.13431
4740.63,0.13526
4741.53,0.13533
4742.43,0.13581
4743.33,0.13691
4744.23,0.13735
4745.13,0.1379
4746.03,0.13878
4746.93,0.13889
4747.83,0.1398
4748.73,0.14
4749.63,0.13977
4750.53,0.14007
4751.43,0.13936
4752.33,0.1377
4753.23,0.13742
4754.13,0.136
4755.03,0.13535
4755.93,0.13461
4756.83,0.13394
4757.73,0.13418
4758.63,0.13401
4759.53,0.13393
4760.43,0.13296
4761.33,0.13272
4762.23,0.13104
4763.13,0.12909
4764.03,0.12736
4764.93,0.12649
4765.83,0.12557
4766.73,0.12577
4767.63,0.12524
4768.53,0.12664
4769.43,0.12802
4770.33,0.12975
4771.23,0.13086
4772.13,0.13269
4773.03,0.13352
4773.93,0.13505
4774.83,0.13618
4775.73,0.13733
4776.64,0.13828
4777.54,0.13874
4778.44,0.1388
4779.34,0.13843
4780.24,0.13773
4781.14,0.13763
4782.04,0.136
4782.94,0.13463
4783.84,0.13355
4784.74,0.13264
4785.64,0.13148
4786.54,0.13064
4787.44,0.13073
4788.34,0.13079
4789.24,0.13117
4790.14,0.13211
4791.04,0.13324
4791.94,0.13489
4792.84,0.13675
4793.74,0.13811
4794.64,0.1405
4795.54,0.14117
4796.44,0.1418
4797.34,0.14169
4798.24,0.14088
4799.14,0.13995
4800.04,0.1399
4800.94,0.13868
4801.84,0.13937
4802.74,0.13856
4803.64,0.1397
4804.54,0.13902
4805.44,0.13833
4806.34,0.1378
4807.24,0.13735
4808.14,0.13646
4809.04,0.13585
4809.94,0.13593
4810.84,0.13627
4811.74,0.13699
4812.64,0.13717
4813.54,0.13788
4814.45,0.13937
4815.35,0.14044
4816.25,0.14138
4817.15,0.14202
4818.05,0.14274
4818.95,0.14306
4819.85,0.14329
4820.75,0.14315
4821.65,0.14247
4822.55,0.14161
4823.45,0.13995
4824.35,0.1389
4825.25,0.13803
4826.15,0.13688
4827.05,0.13678
4827.95,0.13596
4828.85,0.1366
4829.75,0.13687
4830.65,0.13668
4831.55,0.13603
4832.45,0.13551
4833.35,0.13592
4834.25,0.13623
4835.15,0.13674
4836.05,0.13705
4836.95,0.13765
4837.85,0.13748
4838.75,0.13611
4839.65,0.13584
4840.55,0.13508
4841.45,0.13468
4842.35,0.13458
4843.25,0.13501
4844.15,0.13504
4845.05,0.1357
4845.95,0.13647
4846.85,0.137
4847.75,0.13736
4848.65,0.13756
4849.55,0.13712
4850.45,0.13722
4851.35,0.13694
4852.26,0.13597
4853.16,0.13535
4854.06,0.13409
4854.96,0.13267
4855.86,0.13013
4856.76,0.12767
4857.66,0.12558
4858.56,0.12296
4859.46,0.12039
4860.36,0.11749
4861.26,0.11547
4862.16,0.11387
4863.06,0.11406
4863.96,0.11544
4864.86,0.11716
4865.76,0.12023
4866.66,0.1221
4867.56,0.12446
4868.46,0.12531
4869.36,0.12608
4870.26,0.12534
4871.16,0.1241
4872.06,0.12403
4872.96,0.12318
4873.86,0.12387
4874.76,0.12546
4875.66,0.12717
4876.56,0.1288
4877.46,0.13102
4878.36,0.13247
4879.26,0.13436
4880.16,0.13499
4881.06,0.13554
4881.96,0.1355
4882.86,0.13511
4883.76,0.13312
4884.66,0.1323
4885.56,0.13078
4886.46,0.12868
4887.36,0.12752
4888.26,0.12653
4889.17,0.12544
4890.07,0.1252
4890.97,0.12509
4891.87,0.1264
4892.77,0.12868
4893.67,0.13193
4894.57,0.13538
4895.47,0.13958
4896.37,0.1417
4897.27,0.14442
4898.17,0.14604
4899.07,0.14581
4899.97,0.14488
4900.87,0.14363
4901.77,0.14307
4902.67,0.14203
4903.57,0.14216
4904.47,0.14145
4905.37,0.14148
4906.27,0.14155
4907.17,0.14093
4908.07,0.14015
4908.97,0.13925
4909.87,0.13836
4910.77,0.13701
4911.67,0.13684
4912.57,0.13682
4913.47,0.13672
4914.37,0.1374
4915.27,0.13775
4916.17,0.13615
4917.07,0.13486
4917.97,0.13234
4918.87,0.12942
4919.77,0.12688
4920.67,0.12414
4921.57,0.12309
4922.47,0.12249
4923.37,0.12445
4924.27,0.12665
4925.17,0.12924
4926.07,0.13314
4926.98,0.13559
4927.88,0.13854
4928.78,0.14137
4929.68,0.14267
4930.58,0.14433
4931.48,0.14439
4932.38,0.14388
4933.28,0.14211
4934.18,0.14075
4935.08,0.13862
4935.98,0.13656
4936.88,0.13531
4937.78,0.13388
4938.68,0.13235
4939.58,0.13328
4940.48,0.13352
4941.38,0.1347
4942.28,0.13699
4943.18,0.13922
4944.08,0.14161
4944.98,0.14297
4945.88,0.14511
4946.78,0.14664
4947.68,0.14672
4948.58,0.14754
4949.48,0.14791
4950.38,0.14805
4951.28,0.14791
4952.18,0.14698
4953.08,0.1462
4953.98,0.14424
4954.88,0.14089
4955.78,0.13755
4956.68,0.13441
4957.58,0.13178
4958.48,0.13086
4959.38,0.13051
4960.28,0.13076
4961.18,0.13286
4962.08,0.13463
4962.98,0.13603
4963.88,0.1367
4964.79,0.13674
4965.69,0.13612
4966.59,0.13544
4967.49,0.13486
4968.39,0.1338
4969.29,0.13457
4970.19,0.13468
4971.09,0.13579
4971.99,0.13779
4972.89,0.13835
4973.79,0.13917
4974.69,0.14097
4975.59,0.14073
4976.49,0.1392
4977.39,0.13853
4978.29,0.13686
4979.19,0.13443
4980.09,0.13146
4980.99,0.12951
4981.89,0.12645
4982.79,0.12485
4983.69,0.12372
4984.59,0.12342
4985.49,0.12336
4986.39,0.12496
4987.29,0.1267
4988.19,0.12903
4989.09,0.13028
4989.99,0.13181
4990.89,0.13325
4991.79,0.1342
4992.69,0.1343
4993.59,0.1348
4994.49,0.13526
4995.39,0.13505
4996.29,0.13534
4997.19,0.13452
4998.09,0.13346
4998.99,0.1325
4999.89,0.13127
5000.79,0.12914
5001.7,0.12757
5002.6,0.12609
5003.5,0.12426
5004.4,0.12365
5005.3,0.12266
5006.2,0.12199
5007.1,0.12267
5008.0,0.12307
5008.9,0.12319
5009.8,0.12355
5010.7,0.12342
5011.6,0.12308
5012.5,0.12242
5013.4,0.12146
5014.3,0.12057
5015.2,0.12
5016.1,0.11932
5017.0,0.11969
5017.9,0.12049
5018.8,0.12104
5019.7,0.12181
5020.6,0.12281
5021.5,0.1234
5022.4,0.12448
5023.3,0.12537
5024.2,0.12544
5025.1,0.1263
5026.0,0.12741
5026.9,0.12777
5027.8,0.12879
5028.7,0.12953
5029.6,0.13162
5030.5,0.13265
5031.4,0.13339
5032.3,0.13482
5033.2,0.13522
5034.1,0.13562
5035.0,0.13487
5035.9,0.13333
5036.8,0.13095
5037.7,0.12878
5038.6,0.12571
5039.5,0.12367
5040.41,0.12196
5041.31,0.12143
5042.21,0.12142
5043.11,0.12257
5044.01,0.12496
5044.91,0.12774
5045.81,0.1307
5046.71,0.13269
5047.61,0.1334
5048.51,0.13338
5049.41,0.13245
5050.31,0.13177
5051.21,0.13107
5052.11,0.13049
5053.01,0.13113
5053.91,0.13172
5054.81,0.1335
5055.71,0.13538
5056.61,0.13712
5057.51,0.1386
5058.41,0.13976
5059.31,0.14075
5060.21,0.14139
5061.11,0.14148
5062.01,0.14135
5062.91,0.13967
5063.81,0.13821
5064.71,0.13672
5065.61,0.13446
5066.51,0.13268
5067.41,0.13192
5068.31,0.1309
5069.21,0.13064
5070.11,0.13093
5071.01,0.13045
5071.91,0.13176
5072.81,0.13137
5073.71,0.13216
5074.61,0.13197
5075.51,0.13131
5076.42,0.13067
5077.31,0.12982
5078.21,0.12799
5079.12,0.12672
5080.02,0.1256
5080.92,0.1238
5081.82,0.12351
5082.72,0.12292
5083.62,0.12363
5084.52,0.12472
5085.42,0.12679
5086.32,0.12831
5087.22,0.1302
5088.12,0.13196
5089.02,0.1337
5089.92,0.13516
5090.82,0.13564
5091.72,0.13682
5092.62,0.13744
5093.52,0.13781
5094.42,0.13716
5095.32,0.13619
5096.22,0.13454
5097.12,0.13322
5098.02,0.13175
5098.92,0.12914
5099.82,0.12869
5100.72,0.12838
5101.62,0.12816
5102.52,0.12844
5103.42,0.12879
5104.32,0.12994
5105.22,0.12964
5106.12,0.1289
5107.02,0.12858
5107.92,0.12809
5108.82,0.12738
5109.72,0.12753
5110.62,0.12753
5111.52,0.12794
5112.42,0.12931
5113.32,0.13072
5114.22,0.13196
5115.12,0.1341
5116.03,0.13553
5116.93,0.13688
5117.83,0.13789
5118.73,0.13725
5119.63,0.13734
5120.53,0.13564
5121.43,0.13415
5122.33,0.13174
5123.23,0.1297
5124.13,0.12732
5125.03,0.12553
5125.93,0.12445
5126.83,0.12366
5127.73,0.12306
5128.63,0.12372
5129.53,0.12445
5130.43,0.12517
5131.33,0.12642
5132.23,0.12749
5133.13,0.12926
5134.03,0.12989
5134.93,0.13083
5135.83,0.1309
5136.73,0.13053
5137.63,0.13003
5138.53,0.12878
5139.43,0.12798
5140.33,0.12658
5141.23,0.12633
5142.13,0.12535
5143.03,0.12493
5143.93,0.12481
5144.83,0.12489
5145.73,0.12423
5146.63,0.12458
5147.53,0.12444
5148.43,0.12408
5149.33,0.12442
5150.23,0.12441
5151.13,0.12426
5152.03,0.12448
5152.94,0.12456
5153.84,0.12524
5154.74,0.12674
5155.64,0.12763
5156.54,0.12894
5157.44,0.13112
5158.34,0.13228
5159.24,0.13374
5160.14,0.13387
5161.04,0.13313
5161.94,0.13189
5162.84,0.12902
5163.74,0.12591
5164.64,0.12128
5165.54,0.11624
5166.44,0.11058
5167.34,0.10585
5168.24,0.10132
5169.14,0.097997
5170.04,0.095244
5170.94,0.094251
5171.84,0.093774
5172.74,0.094265
5173.64,0.096035
5174.54,0.098569
5175.44,0.10167
5176.34,0.10584
5177.24,0.10911
5178.14,0.11208
5179.04,0.11283
5179.94,0.11335
5180.84,0.11197
5181.74,0.10957
5182.64,0.10654
5183.54,0.10419
5184.44,0.10321
5185.34,0.10373
5186.24,0.10574
5187.14,0.10902
5188.04,0.11296
5188.94,0.11655
5189.84,0.11981
5190.75,0.12161
5191.65,0.12271
5192.55,0.123
5193.45,0.12286
5194.35,0.1227
5195.25,0.12404
5196.15,0.12429
5197.05,0.12583
5197.95,0.12701
5198.85,0.12912
5199.75,0.12954
5200.65,0.13047
5201.55,0.12987
5202.45,0.12924
5203.35,0.12756
5204.25,0.12492
5205.15,0.12232
5206.05,0.11961
5206.95,0.11708
5207.85,0.11554
5208.75,0.11479
5209.65,0.1155
5210.55,0.1175
5211.45,0.11982
5212.35,0.12319
5213.25,0.1261
5214.15,0.12825
5215.05,0.1306
5215.95,0.13216
5216.85,0.13301
5217.75,0.13476
5218.65,0.13481
5219.55,0.13622
5220.45,0.13668
5221.35,0.13708
5222.25,0.13575
5223.15,0.13463
5224.05,0.13235
5224.95,0.12987
5225.85,0.12792
5226.75,0.12585
5227.66,0.12477
5228.56,0.12494
5229.46,0.12591
5230.36,0.12718
5231.26,0.12898
5232.16,0.1306
5233.06,0.13194
5233.96,0.13349
5234.86,0.13469
5235.76,0.13605
5236.66,0.13742
5237.56,0.13911
5238.46,0.14092
5239.36,0.14156
5240.26,0.14262
5241.16,0.14387
5242.06,0.14402
5242.96,0.14423
5243.86,0.14347
5244.76,0.14238
5245.66,0.14194
5246.56,0.14078
5247.46,0.13891
5248.36,0.13734
5249.26,0.13532
5250.16,0.13503
5251.06,0.13356
5251.96,0.13384
5252.86,0.13434
5253.76,0.13422
5254.66,0.1363
5255.56,0.13752
5256.46,0.13835
5257.36,0.13973
5258.26,0.14091
5259.16,0.14086
5260.06,0.14031
5260.96,0.13854
5261.86,0.13525
5262.76,0.13202
5263.66,0.12812
5264.56,0.12389
5265.47,0.1203
5266.37,0.11757
5267.27,0.11476
5268.17,0.11339
5269.07,0.11246
5269.97,0.11263
5270.87,0.11367
5271.77,0.11588
5272.67,0.11861
5273.57,0.12162
5274.47,0.12555
5275.37,0.12908
5276.27,0.13166
5277.17,0.13466
5278.07,0.13701
5278.97,0.13824
5279.87,0.13975
5280.77,0.14009
5281.67,0.14044
5282.57,0.14001
5283.47,0.14033
5284.37,0.14111
5285.27,0.14143
5286.17,0.14321
5287.07,0.14536
5287.97,0.14775
5288.87,0.14915
5289.77,0.15012
5290.67,0.15179
5291.57,0.15204
5292.47,0.15215
5293.37,0.15066
5294.27,0.14958
5295.17,0.14769
5296.07,0.14437
5296.97,0.14253
5297.87,0.14054
5298.77,0.13829
5299.67,0.13792
5300.57,0.13848
5301.48,0.13896
5302.38,0.14058
5303.27,0.14283
5304.18,0.14502
5305.08,0.14801
5305.98,0.14934
5306.88,0.15079
5307.78,0.15241
5308.68,0.15362
5309.58,0.15412
5310.48,0.15445
5311.38,0.15451
5312.28,0.15473
5313.18,0.15361
5314.08,0.15305
5314.98,0.15249
5315.88,0.15144
5316.78,0.15057
5317.68,0.14998
5318.58,0.14956
5319.48,0.14824
5320.38,0.14748
5321.28,0.14612
5322.18,0.14425
5323.08,0.14354
5323.98,0.14071
5324.88,0.13817
5325.78,0.13574
5326.68,0.13272
5327.58,0.13039
5328.48,0.12883
5329.38,0.12793
5330.28,0.12875
5331.18,0.13034
5332.08,0.13316
5332.98,0.136
5333.88,0.13938
5334.78,0.14186
5335.68,0.14415
5336.58,0.145
5337.48,0.14563
5338.38,0.14553
5339.28,0.14449
5340.19,0.14429
5341.08,0.14278
5341.99,0.14194
5342.89,0.14202
5343.79,0.14186
5344.69,0.14182
5345.59,0.14295
5346.49,0.14314
5347.39,0.14376
5348.29,0.14335
5349.19,0.14469
5350.09,0.14472
5350.99,0.14644
5351.89,0.14824
5352.79,0.14964
5353.69,0.15154
5354.59,0.15381
5355.49,0.15529
5356.39,0.15674
5357.29,0.15786
5358.19,0.15852
5359.09,0.15788
5359.99,0.15825
5360.89,0.15667
5361.79,0.15567
5362.69,0.15357
5363.59,0.15255
5364.49,0.15065
5365.39,0.14826
5366.29,0.14749
5367.19,0.14472
5368.09,0.14328
5368.99,0.14163
5369.89,0.14014
5370.79,0.13898
5371.69,0.13907
5372.59,0.14003
5373.49,0.14038
5374.39,0.14254
5375.29,0.14471
5376.19,0.14704
5377.09,0.14938
5378.0,0.15077
5378.9,0.15219
5379.8,0.1523
5380.7,0.15179
5381.6,0.15207
5382.5,0.15185
5383.4,0.15095
5384.3,0.15047
5385.2,0.151
5386.1,0.15024
5387.0,0.14966
5387.9,0.14905
5388.8,0.14768
5389.7,0.14709
5390.6,0.14535
5391.5,0.14419
5392.4,0.14317
5393.3,0.14172
5394.2,0.14026
5395.1,0.13983
5396.0,0.13872
5396.9,0.13763
5397.8,0.13744
5398.7,0.13818
5399.6,0.13824
5400.5,0.13863
5401.4,0.13831
5402.3,0.13807
5403.2,0.13788
5404.1,0.13651
5405.0,0.13568
5405.9,0.13474
5406.8,0.13283
5407.7,0.13287
5408.6,0.13326
5409.5,0.1343
5410.4,0.13584
5411.3,0.13737
5412.2,0.13965
5413.1,0.14182
5414.0,0.14351
5414.9,0.14557
5415.81,0.14758
5416.71,0.14938
5417.61,0.14954
5418.51,0.1508
5419.41,0.15162
5420.31,0.15072
5421.21,0.15043
5422.11,0.1496
5423.01,0.14915
5423.91,0.14854
5424.81,0.14829
5425.71,0.14797
5426.61,0.14722
5427.51,0.14676
5428.41,0.14593
5429.31,0.1441
5430.21,0.14363
5431.11,0.14191
5432.01,0.14086
5432.91,0.1408
5433.81,0.13962
5434.71,0.13998
5435.61,0.14036
5436.51,0.14108
5437.41,0.14268
5438.31,0.14574
5439.21,0.14797
5440.11,0.14928
5441.01,0.1518
5441.91,0.15293
5442.81,0.15261
5443.71,0.15275
5444.61,0.15054
5445.51,0.14922
5446.41,0.147
5447.31,0.14459
5448.21,0.14353
5449.11,0.14318
5450.01,0.14257
5450.91,0.14319
5451.81,0.14335
5452.72,0.1427
5453.62,0.14311
5454.52,0.14243
5455.42,0.14216
5456.32,0.14169
5457.22,0.14189
5458.12,0.14191
5459.02,0.14354
5459.92,0.1429
5460.82,0.14368
5461.72,0.14393
5462.62,0.14397
5463.52,0.14372
5464.42,0.14419
5465.32,0.14348
5466.22,0.14448
5467.12,0.14517
5468.02,0.14489
5468.92,0.14487
5469.82,0.14423
5470.72,0.14456
5471.62,0.14364
5472.52,0.14355
5473.42,0.14234
5474.32,0.14114
5475.22,0.14009
5476.12,0.1387
5477.02,0.138
5477.92,0.13758
5478.82,0.1375
5479.72,0.13786
5480.62,0.13843
5481.52,0.13886
5482.42,0.13962
5483.32,0.14075
5484.22,0.14219
5485.12,0.14236
5486.02,0.14363
5486.92,0.14424
5487.82,0.14472
5488.72,0.14593
5489.62,0.14559
5490.53,0.14548
5491.43,0.14622
5492.33,0.14518
5493.23,0.14614
5494.13,0.14631
5495.03,0.1457
5495.93,0.14559
5496.83,0.14575
5497.73,0.14636
5498.63,0.14566
5499.53,0.14534
5500.43,0.14508
5501.33,0.14532
5502.23,0.14441
5503.13,0.14411
5504.03,0.14386
5504.93,0.14306
5505.83,0.14271
5506.73,0.14247
5507.63,0.14165
5508.53,0.14227
5509.43,0.14154
5510.33,0.14125
5511.23,0.14095
5512.13,0.1403
5513.03,0.14034
5513.93,0.14008
5514.83,0.14041
5515.73,0.1408
5516.63,0.14258
5517.53,0.14354
5518.43,0.14514
5519.33,0.14697
5520.23,0.14768
5521.13,0.14902
5522.03,0.14886
5522.93,0.14951
5523.83,0.14967
5524.73,0.1488
5525.63,0.14721
5526.54,0.14716
5527.44,0.1455
5528.33,0.14477
5529.24,0.14401
5530.14,0.1442
5531.04,0.14422
5531.94,0.14396
5532.84,0.14559
5533.74,0.146
5534.64,0.14575
5535.54,0.14699
5536.44,0.14738
5537.34,0.14761
5538.24,0.14776
5539.14,0.14835
5540.04,0.14849
5540.94,0.1492
5541.84,0.14956
5542.74,0.1501
5543.64,0.15049
5544.54,0.15045
5545.44,0.15046
5546.34,0.15133
5547.24,0.15126
5548.14,0.15168
5549.04,0.15192
5549.94,0.15302
5550.84,0.15251
5551.74,0.1537
5552.64,0.1528
5553.54,0.15255
5554.44,0.15188
5555.34,0.15194
5556.24,0.15115
5557.14,0.15069
5558.04,0.14988
5558.94,0.14896
5559.84,0.14908
5560.74,0.14895
5561.64,0.14836
5562.54,0.14745
5563.44,0.14729
5564.34,0.14645
5565.25,0.14593
5566.15,0.14575
5567.05,0.14445
5567.95,0.14469
5568.85,0.14471
5569.75,0.14509
5570.65,0.14511
5571.55,0.145
5572.45,0.1451
5573.35,0.14583
5574.25,0.14612
5575.15,0.14685
5576.05,0.14762
5576.95,0.14758
5577.85,0.14854
5578.75,0.14906
5579.65,0.14959
5580.55,0.14968
5581.45,0.14911
5582.35,0.14828
5583.25,0.14737
5584.15,0.14601
5585.05,0.14425
5585.95,0.14281
5586.85,0.14104
5587.75,0.13914
5588.65,0.13786
5589.55,0.13717
5590.45,0.13682
5591.35,0.13747
5592.25,0.13814
5593.15,0.13902
5594.05,0.13963
5594.95,0.14049
5595.85,0.14219
5596.75,0.14293
5597.65,0.14262
5598.55,0.14238
5599.45,0.14244
5600.35,0.14207
5601.25,0.14148
5602.15,0.14184
5603.06,0.14214
5603.96,0.14308
5604.86,0.14407
5605.76,0.14592
5606.66,0.14713
5607.56,0.14943
5608.46,0.15014
5609.36,0.15166
5610.26,0.15207
5611.16,0.15193
5612.06,0.1516
5612.96,0.15084
5613.86,0.1484
5614.76,0.14713
5615.66,0.14602
5616.56,0.14427
5617.46,0.14362
5618.36,0.14287
5619.26,0.14256
5620.16,0.14286
5621.06,0.14299
5621.96,0.14396
5622.86,0.14362
5623.76,0.14419
5624.66,0.14408
5625.56,0.14383
5626.46,0.14422
5627.36,0.14487
5628.26,0.14513
5629.16,0.14688
5630.06,0.14754
5630.96,0.14809
5631.86,0.14988
5632.76,0.14928
5633.66,0.14983
5634.56,0.14891
5635.46,0.14878
5636.36,0.14814
5637.26,0.14777
5638.16,0.14688
5639.06,0.14701
5639.96,0.14551
5640.86,0.14497
5641.77,0.1449
5642.67,0.14514
5643.57,0.14529
5644.47,0.14567
5645.37,0.14575
5646.27,0.14606
5647.17,0.14635
5648.07,0.147
5648.97,0.14793
5649.87,0.14822
5650.77,0.14839
5651.67,0.14832
5652.57,0.14845
5653.47,0.14865
5654.37,0.14773
5655.27,0.14727
5656.17,0.14636
5657.07,0.14493
5657.97,0.14353
5658.87,0.14281
5659.77,0.14259
5660.67,0.14203
5661.57,0.14159
5662.47,0.14205
5663.37,0.14265
5664.27,0.14316
5665.17,0.14373
5666.07,0.14475
5666.97,0.14582
5667.87,0.14663
5668.77,0.1464
5669.67,0.14762
5670.57,0.14733
5671.47,0.14907
5672.37,0.1493
5673.27,0.15054
5674.17,0.15125
5675.07,0.15169
5675.97,0.15191
5676.88,0.15256
5677.77,0.15232
5678.68,0.15272
5679.58,0.15188
5680.48,0.15156
5681.38,0.15056
5682.28,0.1502
5683.18,0.14931
5684.08,0.14807
5684.98,0.14799
5685.88,0.14725
5686.78,0.14736
5687.68,0.14703
5688.58,0.1477
5689.48,0.14754
5690.38,0.14855
5691.28,0.14921
5692.18,0.15023
5693.08,0.15092
5693.98,0.15134
5694.88,0.15198
5695.78,0.15087
5696.68,0.15179
5697.58,0.15076
5698.48,0.14991
5699.38,0.14892
5700.28,0.14779
5701.18,0.14706
5702.08,0.14667
5702.98,0.14563
5703.88,0.14506
5704.78,0.14463
5705.68,0.14389
5706.58,0.14312
5707.48,0.14241
5708.38,0.14138
5709.28,0.14139
5710.18,0.14058
5711.08,0.1402
5711.98,0.14128
5712.88,0.14266
5713.78,0.14408
5714.68,0.14499
5715.59,0.14679
5716.49,0.14866
5717.39,0.15049
5718.29,0.1521
5719.19,0.15296
5720.09,0.15449
5720.99,0.15496
5721.89,0.15559
5722.79,0.15577
5723.69,0.15672
5724.59,0.15653
5725.49,0.15628
5726.39,0.15602
5727.29,0.15521
5728.19,0.15563
5729.09,0.15479
5729.99,0.15351
5730.89,0.15479
5731.79,0.15416
5732.69,0.15442
5733.59,0.15444
5734.49,0.1543
5735.39,0.15443
5736.29,0.15535
5737.19,0.15538
5738.09,0.15571
5738.99,0.15544
5739.89,0.15581
5740.79,0.15587
5741.69,0.15549
5742.59,0.15577
5743.49,0.1557
5744.39,0.15545
5745.29,0.1557
5746.19,0.15613
5747.09,0.15593
5747.99,0.15588
5748.89,0.15478
5749.79,0.15507
5750.69,0.15453
5751.59,0.15388
5752.5,0.15343
5753.4,0.15269
5754.3,0.15228
5755.2,0.15203
5756.1,0.15283
5757.0,0.15269
5757.9,0.15308
5758.8,0.15359
5759.7,0.15284
5760.6,0.15317
5761.5,0.15238
5762.4,0.15246
5763.3,0.15286
5764.2,0.15266
5765.1,0.15347
5766.0,0.15365
5766.9,0.15494
5767.8,0.15531
5768.7,0.15692
5769.6,0.15696
5770.5,0.15639
5771.4,0.1571
5772.3,0.15643
5773.2,0.15595
5774.1,0.15564
5775.0,0.15546
5775.9,0.15433
5776.8,0.15456
5777.7,0.15335
5778.6,0.15275
5779.5,0.15135
5780.4,0.14989
5781.3,0.14915
5782.2,0.14759
5783.1,0.1457
5784.0,0.14502
5784.9,0.14456
5785.8,0.14451
5786.7,0.14491
5787.6,0.14557
5788.5,0.14663
5789.41,0.14753
5790.31,0.14916
5791.21,0.15057
5792.11,0.15173
5793.01,0.15225
5793.91,0.15286
5794.81,0.15466
5795.71,0.15487
5796.61,0.15545
5797.51,0.15545
5798.41,0.15619
5799.31,0.15712
5800.21,0.15715
5801.11,0.15827
5802.01,0.15746
5802.91,0.15807
5803.81,0.15795
5804.71,0.15796
5805.61,0.15729
5806.51,0.15682
5807.41,0.15711
5808.31,0.1569
5809.21,0.15714
5810.11,0.15713
5811.01,0.15692
5811.91,0.15655
5812.81,0.15649
5813.71,0.15626
5814.61,0.1564
5815.51,0.15598
5816.41,0.15572
5817.31,0.15608
5818.21,0.15614
5819.11,0.15718
5820.01,0.15766
5820.91,0.15812
5821.81,0.15828
5822.71,0.1588
5823.61,0.1593
5824.51,0.15939
5825.41,0.15935
5826.31,0.15924
5827.22,0.15973
5828.12,0.16013
5829.02,0.16034
5829.92,0.15947
5830.82,0.16027
5831.72,0.15924
5832.62,0.15907
5833.52,0.15923
5834.42,0.15887
5835.32,0.15884
5836.22,0.15866
5837.12,0.15805
5838.02,0.15817
5838.92,0.15879
5839.82,0.1588
5840.72,0.15857
5841.62,0.15921
5842.52,0.15945
5843.42,0.15909
5844.32,0.15899
5845.22,0.15963
5846.12,0.15801
5847.02,0.15776
5847.92,0.15619
5848.82,0.15626
5849.72,0.15553
5850.62,0.15465
5851.52,0.1533
5852.42,0.15267
5853.32,0.15185
5854.22,0.15058
5855.12,0.14969
5856.02,0.1486
5856.92,0.14888
5857.82,0.14753
5858.72,0.14724
5859.62,0.1475
5860.52,0.14689
5861.42,0.14743
5862.32,0.14821
5863.23,0.14939
5864.12,0.14994
5865.03,0.15012
5865.93,0.15065
5866.83,0.15106
5867.73,0.15137
5868.63,0.15264
5869.53,0.1523
5870.43,0.15296
5871.33,0.15376
5872.23,0.15338
5873.13,0.15362
5874.03,0.15397
5874.93,0.15303
5875.83,0.15288
5876.73,0.15294
5877.63,0.15225
5878.53,0.15182
5879.43,0.15088
5880.33,0.14972
5881.23,0.1489
5882.13,0.14828
5883.03,0.14698
5883.93,0.14533
5884.83,0.14337
5885.73,0.14112
5886.63,0.13776
5887.53,0.13438
5888.43,0.13049
5889.33,0.12705
5890.23,0.12257
5891.13,0.11939
5892.03,0.11735
5892.93,0.11594
5893.83,0.11562
5894.73,0.11565
5895.63,0.11712
5896.53,0.11867
5897.43,0.1206
5898.33,0.12316
5899.23,0.12661
5900.13,0.1296
5901.04,0.13292
5901.94,0.13632
5902.83,0.13907
5903.74,0.14217
5904.64,0.14386
5905.54,0.14529
5906.44,0.14693
5907.34,0.14757
5908.24,0.14773
5909.14,0.14814
5910.04,0.1484
5910.94,0.1481
5911.84,0.14906
5912.74,0.14889
5913.64,0.14858
5914.54,0.14828
5915.44,0.14832
5916.34,0.14734
5917.24,0.14746
5918.14,0.14761
5919.04,0.14834
5919.94,0.14875
5920.84,0.14834
5921.74,0.14905
5922.64,0.14985
5923.54,0.14972
5924.44,0.15006
5925.34,0.15035
5926.24,0.15026
5927.14,0.15068
5928.04,0.15042
5928.94,0.14984
5929.84,0.14984
5930.74,0.15013
5931.64,0.15007
5932.54,0.14988
5933.44,0.1499
5934.34,0.1504
5935.24,0.15041
5936.14,0.15014
5937.04,0.15037
5937.94,0.15112
5938.85,0.1511
5939.75,0.15157
5940.65,0.1511
5941.55,0.15117
5942.45,0.15174
5943.35,0.15101
5944.25,0.15107
5945.15,0.15132
5946.05,0.15103
5946.95,0.15111
5947.85,0.15086
5948.75,0.15137
5949.65,0.15106
5950.55,0.15044
5951.45,0.14992
5952.35,0.14971
5953.25,0.14923
5954.15,0.149
5955.05,0.1493
5955.95,0.14859
5956.85,0.14908
5957.75,0.14978
5958.65,0.14977
5959.55,0.14993
5960.45,0.15106
5961.35,0.15117
5962.25,0.15173
5963.15,0.15217
5964.05,0.15257
5964.95,0.15326
5965.85,0.15421
5966.75,0.15338
5967.65,0.15354
5968.55,0.15394
5969.45,0.15415
5970.35,0.15427
5971.25,0.1548
5972.15,0.15423
5973.05,0.15428
5973.95,0.15404
5974.85,0.15352
5975.75,0.15286
5976.65,0.15218
5977.56,0.15194
5978.46,0.15116
5979.36,0.15082
5980.26,0.15076
5981.16,0.15003
5982.06,0.15008
5982.96,0.15019
5983.86,0.14989
5984.76,0.14937
5985.66,0.14982
5986.56,0.14974
5987.46,0.14975
5988.36,0.14999
5989.26,0.15052
5990.16,0.15105
5991.06,0.15175
5991.96,0.15261
5992.86,0.15279
5993.76,0.15291
5994.66,0.1527
5995.56,0.15293
5996.46,0.15304
5997.36,0.15222
5998.26,0.15242
5999.16,0.15155
6000.06,0.15126
6000.96,0.15123
6001.86,0.1512
6002.76,0.15003
6003.66,0.15043
6004.56,0.15031
6005.46,0.15052
6006.36,0.1494
6007.26,0.1496
6008.16,0.1494
6009.06,0.14939
6009.96,0.14874
6010.86,0.14963
6011.76,0.14895
6012.67,0.14968
6013.56,0.14895
6014.47,0.14891
6015.37,0.14912
6016.27,0.14941
6017.17,0.1487
6018.07,0.14871
6018.97,0.14823
6019.87,0.14851
6020.77,0.14806
6021.67,0.14812
6022.57,0.14835
6023.47,0.14884
6024.37,0.15
6025.27,0.14978
6026.17,0.15104
6027.07,0.15187
6027.97,0.15238
6028.87,0.1536
6029.77,0.15396
6030.67,0.15471
6031.57,0.15541
6032.47,0.15525
6033.37,0.15599
6034.27,0.1564
6035.17,0.15635
6036.07,0.15658
6036.97,0.1579
6037.87,0.15717
6038.77,0.15627
6039.67,0.15707
6040.57,0.15714
6041.47,0.1567
6042.37,0.15661
6043.27,0.15697
6044.17,0.15809
6045.07,0.15807
6045.97,0.1579
6046.87,0.15806
6047.77,0.15908
6048.67,0.15897
6049.57,0.15953
6050.47,0.15838
6051.38,0.15879
6052.28,0.15836
6053.18,0.1574
6054.08,0.1567
6054.98,0.15686
6055.88,0.15653
6056.78,0.15571
6057.68,0.15559
6058.58,0.15494
6059.48,0.15491
6060.38,0.15473
6061.28,0.15488
6062.18,0.15454
6063.08,0.15443
6063.98,0.15408
6064.88,0.15424
6065.78,0.1541
6066.68,0.15451
6067.58,0.15466
6068.48,0.15576
6069.38,0.15693
6070.28,0.15787
6071.18,0.15781
6072.08,0.15857
6072.98,0.1596
6073.88,0.15983
6074.78,0.1595
6075.68,0.159
6076.58,0.15837
6077.48,0.15804
6078.38,0.15713
6079.28,0.1562
6080.18,0.15511
6081.08,0.15459
6081.98,0.15412
6082.88,0.15367
6083.78,0.15298
6084.68,0.15261
6085.58,0.15251
6086.48,0.15313
6087.38,0.15281
6088.28,0.15277
6089.19,0.1528
6090.09,0.15275
6090.99,0.15245
6091.89,0.15306
6092.79,0.15255
6093.69,0.15264
6094.59,0.15296
6095.49,0.15356
6096.39,0.15335
6097.29,0.15367
6098.19,0.15329
6099.09,0.15358
6099.99,0.15355
6100.89,0.1523
6101.79,0.15249
6102.69,0.15125
6103.59,0.15073
6104.49,0.15092
6105.39,0.15073
6106.29,0.15137
6107.19,0.15134
6108.09,0.15183
6108.99,0.15224
6109.89,0.15375
6110.79,0.15477
6111.69,0.15484
6112.59,0.1551
6113.49,0.15559
6114.39,0.1557
6115.29,0.15569
6116.19,0.1558
6117.09,0.15502
6117.99,0.1544
6118.89,0.15314
6119.79,0.15204
6120.69,0.15168
6121.59,0.1517
6122.49,0.15038
6123.39,0.1498
6124.29,0.15017
6125.19,0.14996
6126.1,0.14968
6127.0,0.15023
6127.9,0.1514
6128.8,0.15186
6129.7,0.15299
6130.6,0.15252
6131.5,0.15258
6132.4,0.15209
6133.3,0.1518
6134.2,0.1516
6135.1,0.14989
6136.0,0.14893
6136.9,0.14771
6137.8,0.14713
6138.7,0.14699
6139.6,0.14729
6140.5,0.14754
6141.4,0.14847
6142.3,0.1494
6143.2,0.15122
6144.1,0.15137
6145.0,0.15312
6145.9,0.15328
6146.8,0.15389
6147.7,0.15416
6148.6,0.1542
6149.5,0.15332
6150.4,0.15382
6151.3,0.15257
6152.2,0.1525
6153.1,0.15145
6154.0,0.15153
6154.9,0.15026
6155.8,0.15083
6156.7,0.14857
6157.6,0.14775
6158.5,0.14672
6159.4,0.14489
6160.3,0.14277
6161.2,0.14068
6162.1,0.13861
6163.01,0.13766
6163.91,0.13735
6164.81,0.13608
6165.71,0.1362
6166.61,0.13656
6167.51,0.13687
6168.41,0.13744
6169.31,0.13842
6170.21,0.13881
6171.11,0.13993
6172.01,0.14056
6172.91,0.14118
6173.81,0.1421
6174.71,0.14323
6175.61,0.14384
6176.51,0.14447
6177.41,0.1454
6178.31,0.14601
6179.21,0.14695
6180.11,0.14719
6181.01,0.14744
6181.91,0.14798
6182.81,0.14747
6183.71,0.14798
6184.61,0.14804
6185.51,0.14699
6186.41,0.14632
6187.31,0.14565
6188.21,0.14479
6189.11,0.14422
6190.01,0.14272
6190.91,0.14232
6191.81,0.14246
6192.71,0.14158
6193.61,0.14255
6194.51,0.14246
6195.41,0.14307
6196.31,0.14402
6197.21,0.14409
6198.11,0.14518
6199.01,0.14579
6199.92,0.14589
6200.82,0.14642
6201.72,0.14665
6202.62,0.14696
6203.52,0.1472
6204.42,0.14794
6205.32,0.14825
6206.22,0.14847
6207.12,0.1483
6208.02,0.14853
6208.92,0.14857
6209.82,0.14773
6210.72,0.14679
6211.62,0.14616
6212.52,0.14469
6213.42,0.14404
6214.32,0.14265
6215.22,0.14133
6216.12,0.14008
6217.02,0.13963
6217.92,0.13917
6218.82,0.13913
6219.72,0.13855
6220.62,0.13925
6221.52,0.13863
6222.42,0.14044
6223.32,0.14007
6224.22,0.13996
6225.12,0.14013
6226.02,0.14029
6226.92,0.13986
6227.82,0.13994
6228.72,0.13958
6229.62,0.13892
6230.52,0.13867
6231.42,0.13854
6232.32,0.13908
6233.22,0.13878
6234.12,0.13869
6235.02,0.14004
6235.92,0.13978
6236.83,0.14075
6237.73,0.14094
6238.63,0.14077
6239.53,0.13989
6240.43,0.13997
6241.33,0.13948
6242.23,0.13882
6243.13,0.13834
6244.03,0.13824
6244.93,0.13758
6245.83,0.13794
6246.73,0.13825
6247.63,0.13858
6248.53,0.13897
6249.43,0.13934
6250.33,0.13964
6251.23,0.13866
6252.13,0.13865
6253.03,0.13813
6253.93,0.13722
6254.83,0.13655
6255.73,0.13624
6256.63,0.13521
6257.53,0.13527
6258.43,0.135
6259.33,0.13487
6260.23,0.13535
6261.13,0.13633
6262.03,0.1375
6262.93,0.13809
6263.83,0.14004
6264.73,0.14054
6265.63,0.14123
6266.53,0.14231
6267.43,0.14303
6268.33,0.14289
6269.23,0.14344
6270.13,0.14396
6271.03,0.14405
6271.93,0.14381
6272.83,0.14501
6273.73,0.14503
6274.64,0.14498
6275.54,0.14465
6276.44,0.14509
6277.34,0.14521
6278.24,0.14484
6279.14,0.1448
6280.04,0.14479
6280.94,0.14465
6281.84,0.14537
6282.74,0.14573
6283.64,0.14556
6284.54,0.14617
6285.44,0.14643
6286.34,0.14707
6287.24,0.14791
6288.14,0.14817
6289.04,0.1476
6289.94,0.14877
6290.84,0.14858
6291.74,0.14849
6292.64,0.14833
6293.54,0.14733
6294.44,0.14691
6295.34,0.14575
6296.24,0.1451
6297.14,0.14504
6298.04,0.144
6298.94,0.1436
6299.84,0.14378
6300.74,0.1431
6301.64,0.14393
6302.54,0.1438
6303.44,0.14365
6304.34,0.14414
6305.24,0.14446
6306.14,0.14501
6307.04,0.14573
6307.94,0.14651
6308.84,0.14663
6309.74,0.14685
6310.64,0.14696
6311.54,0.14697
6312.45,0.14659
6313.35,0.14667
6314.25,0.14539
6315.15,0.14479
6316.05,0.1442
6316.95,0.1441
6317.85,0.14369
6318.75,0.14367
6319.65,0.1435
6320.55,0.1442
6321.45,0.1443
6322.35,0.14467
6323.25,0.14558
6324.15,0.1462
6325.05,0.14718
6325.95,0.14812
6326.85,0.14868
6327.75,0.14929
6328.65,0.14938
6329.55,0.14939
6330.45,0.14921
6331.35,0.14963
6332.25,0.14896
6333.15,0.14882
6334.05,0.14828
6334.95,0.14898
6335.85,0.14787
6336.75,0.14723
6337.65,0.14697
6338.55,0.14621
6339.45,0.14693
6340.35,0.14669
6341.25,0.1469
6342.15,0.1468
6343.05,0.1473
6343.95,0.14704
6344.85,0.14767
6345.75,0.14778
6346.65,0.14748
6347.55,0.14849
6348.46,0.14918
6349.35,0.14896
6350.26,0.14936
6351.16,0.1496
6352.06,0.15011
6352.96,0.14882
6353.86,0.14909
6354.76,0.14772
6355.66,0.14704
6356.56,0.14603
6357.46,0.14504
6358.36,0.14376
6359.26,0.14357
6360.16,0.14252
6361.06,0.14185
6361.96,0.14105
6362.86,0.14101
6363.76,0.14147
6364.66,0.14133
6365.56,0.14281
6366.46,0.14382
6367.36,0.14496
6368.26,0.14607
6369.16,0.14675
6370.06,0.14827
6370.96,0.14932
6371.86,0.15
6372.76,0.15046
6373.66,0.15156
6374.56,0.15217
6375.46,0.1521
6376.36,0.15152
6377.26,0.15169
6378.16,0.15099
6379.06,0.15142
6379.96,0.15116
6380.86,0.15086
6381.76,0.15048
6382.66,0.15053
6383.56,0.15042
6384.46,0.15126
6385.36,0.15098
6386.27,0.15111
6387.17,0.15075
6388.07,0.15031
6388.97,0.15042
6389.87,0.15078
6390.77,0.15046
6391.67,0.15028
6392.57,0.14919
6393.47,0.14935
6394.37,0.14812
6395.27,0.14798
6396.17,0.1483
6397.07,0.14826
6397.97,0.14798
6398.87,0.14809
6399.77,0.14816
6400.67,0.14858
6401.57,0.14856
6402.47,0.14904
6403.37,0.14938
6404.27,0.14987
6405.17,0.15
6406.07,0.15025
6406.97,0.15027
6407.87,0.14995
6408.77,0.14998
6409.67,0.15
6410.57,0.14988
6411.47,0.14934
6412.37,0.14997
6413.27,0.14925
6414.17,0.14925
6415.07,0.14995
6415.97,0.14992
6416.87,0.14991
6417.77,0.14921
6418.67,0.14877
6419.57,0.14867
6420.47,0.14927
6421.37,0.14891
6422.27,0.14921
6423.17,0.14934
6424.08,0.15033
6424.98,0.15071
6425.88,0.15087
6426.78,0.15129
6427.68,0.15167
6428.58,0.15203
6429.48,0.15136
6430.38,0.15211
6431.28,0.1516
6432.18,0.15147
6433.08,0.15048
6433.98,0.15063
6434.88,0.15078
6435.78,0.1505
6436.68,0.15096
6437.58,0.15121
6438.48,0.15105
6439.38,0.15194
6440.28,0.15172
6441.18,0.15286
6442.08,0.15295
6442.98,0.15308
6443.88,0.15389
6444.78,0.15401
6445.68,0.1544
6446.58,0.15334
6447.48,0.15294
6448.38,0.15209
6449.28,0.15128
6450.18,0.15062
6451.08,0.14974
6451.98,0.15048
6452.88,0.14913
6453.78,0.1496
6454.68,0.14976
6455.58,0.15001
6456.48,0.15145
6457.38,0.15154
6458.28,0.15192
6459.18,0.15316
6460.08,0.15193
6460.98,0.15239
6461.89,0.1522
6462.79,0.15178
6463.69,0.15169
6464.59,0.15126
6465.49,0.15131
6466.39,0.1521
6467.29,0.15188
6468.19,0.15215
6469.09,0.1528
6469.99,0.15275
6470.89,0.15336
6471.79,0.1529
6472.69,0.15382
6473.59,0.15355
6474.49,0.15331
6475.39,0.15304
6476.29,0.15283
6477.19,0.15265
6478.09,0.1531
6478.99,0.15279
6479.89,0.15191
6480.79,0.15237
6481.69,0.15151
6482.59,0.15089
6483.49,0.15094
6484.39,0.15083
6485.29,0.14968
6486.19,0.14995
6487.09,0.14962
6487.99,0.14961
6488.89,0.14938
6489.79,0.14912
6490.69,0.14775
6491.59,0.1462
6492.49,0.14462
6493.39,0.1429
6494.29,0.14182
6495.19,0.1402
6496.09,0.13854
6496.99,0.1379
6497.9,0.13715
6498.79,0.13778
6499.7,0.13888
6500.6,0.13939
6501.5,0.14102
6502.4,0.14276
6503.3,0.14432
6504.2,0.1455
6505.1,0.1475
6506.0,0.14828
6506.9,0.14926
6507.8,0.15015
6508.7,0.151
6509.6,0.15068
6510.5,0.15163
6511.4,0.15101
6512.3,0.15157
6513.2,0.15169
6514.1,0.15109
6515.0,0.1508
6515.9,0.15189
6516.8,0.1505
6517.7,0.15085
6518.6,0.15046
6519.5,0.15009
6520.4,0.15081
6521.3,0.15133
6522.2,0.15137
6523.1,0.15113
6524.0,0.15179
6524.9,0.15147
6525.8,0.15219
6526.7,0.15227
6527.6,0.15239
6528.5,0.15203
6529.4,0.15248
6530.3,0.15194
6531.2,0.15126
6532.1,0.15259
6533.0,0.15191
6533.9,0.15218
6534.8,0.15235
6535.71,0.15297
6536.61,0.15246
6537.51,0.15278
6538.41,0.15353
6539.31,0.15336
6540.21,0.15343
6541.11,0.15328
6542.01,0.15342
6542.91,0.15253
6543.81,0.15209
6544.71,0.151
6545.61,0.15049
6546.51,0.15
6547.41,0.14897
6548.31,0.14876
6549.21,0.14847
6550.11,0.14826
6551.01,0.14755
6551.91,0.14634
6552.81,0.14641
6553.71,0.14578
6554.61,0.14488
6555.51,0.14408
6556.41,0.14324
6557.31,0.14157
6558.21,0.14045
6559.11,0.13796
6560.01,0.13643
6560.91,0.13485
6561.81,0.13341
6562.71,0.13135
6563.61,0.13109
6564.51,0.12978
6565.41,0.12992
6566.31,0.13149
6567.21,0.13255
6568.11,0.13406
6569.01,0.136
6569.91,0.13765
6570.81,0.13953
6571.71,0.14051
6572.61,0.14194
6573.52,0.14261
6574.42,0.14289
6575.32,0.14332
6576.22,0.14342
6577.12,0.14429
6578.02,0.14541
6578.92,0.14557
6579.82,0.14677
6580.72,0.14644
6581.62,0.14737
6582.52,0.14737
6583.42,0.14823
6584.32,0.14864
6585.22,0.14894
6586.12,0.14868
6587.02,0.14867
6587.92,0.14911
6588.82,0.14941
6589.72,0.14852
6590.62,0.14827
6591.52,0.14793
6592.42,0.14752
6593.32,0.14656
6594.22,0.14566
6595.12,0.14501
6596.02,0.14579
6596.92,0.14504
6597.82,0.14561
6598.72,0.14589
6599.62,0.14605
6600.52,0.14721
6601.42,0.14738
6602.32,0.14794
6603.22,0.14786
6604.12,0.14758
6605.02,0.14772
6605.92,0.14743
6606.82,0.14766
6607.72,0.14719
6608.62,0.14692
6609.52,0.14665
6610.43,0.14696
6611.33,0.14719
6612.23,0.14766
6613.13,0.1474
6614.03,0.14819
6614.93,0.14881
6615.83,0.14993
6616.73,0.14973
6617.63,0.15012
6618.53,0.15006
6619.43,0.15016
6620.33,0.15029
6621.23,0.14982
6622.13,0.14986
6623.03,0.14915
6623.93,0.149
6624.83,0.14776
6625.73,0.14817
6626.63,0.14754
6627.53,0.14751
6628.43,0.147
6629.33,0.14639
6630.23,0.1467
6631.13,0.14607
6632.03,0.14605
6632.93,0.14521
6633.83,0.14496
6634.73,0.14487
6635.63,0.14524
6636.53,0.14506
6637.43,0.14487
6638.33,0.14493
6639.23,0.14556
6640.13,0.14545
6641.03,0.14549
6641.93,0.14627
6642.83,0.14621
6643.73,0.14592
6644.63,0.1461
6645.53,0.14582
6646.43,0.14545
6647.34,0.14587
6648.24,0.14621
6649.14,0.14678
6650.04,0.14572
6650.94,0.14632
6651.84,0.14685
6652.74,0.14586
6653.64,0.14644
6654.54,0.14621
6655.44,0.14565
6656.34,0.14581
6657.24,0.14566
6658.14,0.14531
6659.04,0.14582
6659.94,0.14484
6660.84,0.14441
6661.74,0.14387
6662.64,0.14329
6663.54,0.14343
6664.44,0.14267
6665.34,0.14295
6666.24,0.14235
6667.14,0.14304
6668.04,0.14326
6668.94,0.14362
6669.84,0.14385
6670.74,0.14443
6671.64,0.14419
6672.54,0.14537
6673.44,0.14536
6674.34,0.14545
6675.24,0.14506
6676.14,0.14428
6677.04,0.14363
6677.94,0.14315
6678.84,0.14381
6679.74,0.14281
6680.64,0.14334
6681.54,0.14211
6682.44,0.14262
6683.34,0.14276
6684.24,0.14292
6685.15,0.14365
6686.05,0.14339
6686.95,0.14393
6687.85,0.14453
6688.75,0.14447
6689.65,0.14456
6690.55,0.14423
6691.45,0.14474
6692.35,0.14423
6693.25,0.14416
6694.15,0.14406
6695.05,0.14383
6695.95,0.14325
6696.85,0.14291
6697.75,0.14311
6698.65,0.1428
6699.55,0.1427
6700.45,0.14276
6701.35,0.14261
6702.25,0.14263
6703.15,0.14336
6704.05,0.14325
6704.95,0.14353
6705.85,0.14289
6706.75,0.14319
6707.65,0.14352
6708.55,0.1431
6709.45,0.14253
6710.35,0.1428
6711.25,0.14222
6712.15,0.14171
6713.05,0.14136
6713.95,0.14161
6714.85,0.14013
6715.75,0.13935
6716.65,0.13903
6717.55,0.13877
6718.45,0.13837
6719.35,0.13873
6720.25,0.13816
6721.16,0.13871
6722.06,0.13894
6722.96,0.13945
6723.86,0.14003
6724.76,0.14048
6725.66,0.14028
6726.56,0.14119
6727.46,0.14174
6728.36,0.14131
6729.26,0.14216
6730.16,0.14216
6731.06,0.14239
6731.96,0.14183
6732.86,0.14233
6733.76,0.14263
6734.66,0.14224
6735.56,0.1426
6736.46,0.14211
6737.36,0.14205
6738.26,0.14197
6739.16,0.14194
6740.06,0.14155
6740.96,0.14109
6741.86,0.14143
6742.76,0.14156
6743.66,0.14014
6744.56,0.13985
6745.46,0.14007
6746.36,0.13966
6747.26,0.14035
6748.16,0.13972
6749.06,0.13959
6749.96,0.13915
6750.86,0.13932
6751.76,0.13947
6752.66,0.13997
6753.56,0.1395
6754.46,0.13999
6755.36,0.14071
6756.26,0.14112
6757.16,0.1416
6758.06,0.14209
6758.97,0.14236
6759.87,0.14213
6760.77,0.14309
6761.67,0.14307
6762.57,0.14316
6763.47,0.14311
6764.37,0.14281
6765.27,0.14326
6766.17,0.14284
6767.07,0.1422
6767.97,0.1425
6768.87,0.14203
6769.77,0.14213
6770.67,0.14168
6771.57,0.14196
6772.47,0.14178
6773.37,0.14274
6774.27,0.14313
6775.17,0.14309
6776.07,0.14398
6776.97,0.144
6777.87,0.14451
6778.77,0.14406
6779.67,0.14454
6780.57,0.14472
6781.47,0.14353
6782.37,0.14315
6783.27,0.14258
6784.17,0.14199
6785.07,0.14144
6785.97,0.14066
6786.87,0.14083
6787.77,0.14143
6788.67,0.14064
6789.57,0.14076
6790.47,0.14056
6791.37,0.14105
6792.27,0.14093
6793.17,0.1413
6794.07,0.14149
6794.97,0.14152
6795.88,0.14187
6796.78,0.14177
6797.68,0.14171
6798.58,0.14192
6799.48,0.14183
6800.38,0.14195
6801.28,0.14208
6802.18,0.14233
6803.08,0.14187
6803.98,0.14309
6804.88,0.143
6805.78,0.14216
6806.68,0.14226
6807.58,0.14252
6808.48,0.14223
6809.38,0.14227
6810.28,0.14266
6811.18,0.14254
6812.08,0.14262
6812.98,0.1423
6813.88,0.1427
6814.78,0.14214
6815.68,0.14245
6816.58,0.1426
6817.48,0.14237
6818.38,0.14232
6819.28,0.14276
6820.18,0.14287
6821.08,0.14311
6821.98,0.14353
6822.88,0.14341
6823.78,0.14363
6824.68,0.14394
6825.58,0.1437
6826.48,0.14318
6827.38,0.14395
6828.28,0.14381
6829.18,0.14386
6830.08,0.14436
6830.98,0.14368
6831.88,0.1438
6832.79,0.14334
6833.69,0.14338
6834.59,0.14311
6835.49,0.14324
6836.39,0.14277
6837.29,0.1429
6838.19,0.14231
6839.09,0.1419
6839.99,0.14183
6840.89,0.14141
6841.79,0.14057
6842.69,0.14084
6843.59,0.14026
6844.49,0.14091
6845.39,0.1408
6846.29,0.14128
6847.19,0.14102
6848.09,0.14166
6848.99,0.1423
6849.89,0.14224
6850.79,0.14234
6851.69,0.14237
6852.59,0.14199
6853.49,0.14247
6854.39,0.14172
6855.29,0.14111
6856.19,0.14109
6857.09,0.14065
6857.99,0.14063
6858.89,0.13981
6859.79,0.13963
6860.69,0.13957
6861.59,0.13999
6862.49,0.1398
6863.39,0.14023
6864.29,0.1407
6865.19,0.14085
6866.09,0.1409
6866.99,0.14102
6867.89,0.14099
6868.79,0.14057
6869.7,0.1411
6870.6,0.14119
6871.5,0.14101
6872.4,0.14085
6873.3,0.14117
6874.2,0.14135
6875.1,0.14091
6876.0,0.14163
6876.9,0.1418
6877.8,0.14164
6878.7,0.14161
6879.6,0.14255
6880.5,0.14167
6881.4,0.14246
6882.3,0.14259
6883.2,0.14238
6884.1,0.14288
6885.0,0.14233
6885.9,0.14266
6886.8,0.14279
6887.7,0.14311
6888.6,0.14372
6889.5,0.14409
6890.4,0.1448
6891.3,0.14509
6892.2,0.14524
6893.1,0.14529
6894.0,0.14576
6894.9,0.146
6895.8,0.14545
6896.7,0.1461
6897.6,0.14556
6898.5,0.14575
6899.4,0.14586
6900.3,0.14615
6901.2,0.14646
6902.1,0.14605
6903.0,0.1463
6903.9,0.14701
6904.8,0.14629
6905.7,0.14688
6906.6,0.14689
6907.51,0.14692
6908.41,0.14718
6909.31,0.14653
6910.21,0.1468
6911.11,0.14692
6912.01,0.14638
6912.91,0.14664
6913.81,0.14601
6914.71,0.14585
6915.61,0.14565
6916.51,0.14572
6917.41,0.14507
6918.31,0.14548
6919.21,0.14517
6920.11,0.14528
6921.01,0.14515
6921.91,0.14518
6922.81,0.14544
6923.71,0.14504
6924.61,0.14489
6925.51,0.14506
6926.41,0.14515
6927.31,0.14525
6928.21,0.14544
6929.11,0.14571
6930.01,0.14586
6930.91,0.14558
6931.81,0.14559
6932.71,0.14573
6933.61,0.14595
6934.51,0.1465
6935.41,0.14655
6936.31,0.14665
6937.21,0.14659
6938.11,0.14671
6939.01,0.14745
6939.91,0.14721
6940.81,0.14707
6941.71,0.14737
6942.61,0.14718
6943.52,0.14689
6944.42,0.14699
6945.31,0.14731
6946.22,0.14656
6947.12,0.14657
6948.02,0.1459
6948.92,0.14673
6949.82,0.14625
6950.72,0.14613
6951.62,0.1463
6952.52,0.14662
6953.42,0.14637
6954.32,0.1466
6955.22,0.14632
6956.12,0.14681
6957.02,0.14723
6957.92,0.14744
6958.82,0.14803
6959.72,0.14767
6960.62,0.14783
6961.52,0.14875
6962.42,0.14949
6963.32,0.14914
6964.22,0.14922
6965.12,0.14888
6966.02,0.1497
6966.92,0.15016
6967.82,0.14982
6968.72,0.15026
6969.62,0.14974
6970.52,0.14969
6971.42,0.14974
6972.32,0.14948
6973.22,0.14895
6974.12,0.14862
6975.02,0.1481
6975.92,0.14767
6976.82,0.14734
6977.72,0.14604
6978.62,0.14549
6979.52,0.14518
6980.42,0.14603
6981.33,0.14586
6982.23,0.14661
6983.12,0.14653
6984.03,0.14729
6984.93,0.14782
6985.83,0.1488
6986.73,0.14917
6987.63,0.14907
6988.53,0.14944
6989.43,0.14977
6990.33,0.14983
6991.23,0.15104
6992.13,0.15008
6993.03,0.14978
6993.93,0.14993
6994.83,0.14965
6995.73,0.1498
6996.63,0.14967
6997.53,0.14956
6998.43,0.14923
6999.33,0.1497
7000.23,0.14894
7001.13,0.14858
7002.03,0.14869
7002.93,0.14809
7003.83,0.14848
7004.73,0.1482
7005.63,0.14829
7006.53,0.14827
7007.43,0.14774
7008.33,0.14794
7009.23,0.14771
7010.13,0.14834
7011.03,0.14808
7011.93,0.14803
7012.83,0.14792
7013.73,0.14784
7014.63,0.14761
7015.53,0.14698
7016.43,0.14699
7017.33,0.14674
7018.23,0.14726
7019.14,0.14701
7020.04,0.14736
7020.94,0.14756
7021.84,0.14823
7022.74,0.14754
7023.64,0.14848
7024.54,0.14799
7025.44,0.14837
7026.34,0.1476
7027.24,0.14911
7028.14,0.14855
7029.04,0.14855
7029.94,0.14942
7030.84,0.14872
7031.74,0.15004
7032.64,0.15008
7033.54,0.14963
7034.44,0.15056
7035.34,0.1505
7036.24,0.15047
7037.14,0.15051
7038.04,0.15035
7038.94,0.1514
7039.84,0.15096
7040.74,0.15175
7041.64,0.15183
7042.54,0.15346
7043.44,0.15343
7044.34,0.15391
7045.24,0.15452
7046.14,0.15515
7047.04,0.15558
7047.94,0.15448
7048.84,0.15474
7049.74,0.15384
7050.64,0.15298
7051.54,0.15207
7052.44,0.15108
7053.34,0.15029
7054.25,0.1491
7055.15,0.14759
7056.04,0.14627
7056.95,0.14482
7057.85,0.14319
7058.75,0.14295
7059.65,0.14213
7060.55,0.14188
7061.45,0.14111
7062.35,0.14134
7063.25,0.14094
7064.15,0.14059
7065.05,0.14082
7065.95,0.14016
7066.85,0.13995
7067.75,0.14067
7068.65,0.14037
7069.55,0.1405
7070.45,0.14055
7071.35,0.14072
7072.25,0.14091
7073.15,0.14209
7074.05,0.14214
7074.95,0.14292
7075.85,0.14302
7076.75,0.14318
7077.65,0.14345
7078.55,0.14365
7079.45,0.14363
7080.35,0.14319
7081.25,0.14317
7082.15,0.14268
7083.05,0.14182
7083.95,0.14124
7084.85,0.13978
7085.75,0.13882
7086.65,0.13785
7087.55,0.13706
7088.45,0.13606
7089.35,0.13502
7090.25,0.13468
7091.15,0.13383
7092.06,0.13389
7092.96,0.1331
7093.85,0.1337
7094.76,0.1335
7095.66,0.13327
7096.56,0.13389
7097.46,0.13427
7098.36,0.1338
7099.26,0.13401
7100.16,0.1345
7101.06,0.13453
7101.96,0.13506
7102.86,0.13537
7103.76,0.13561
7104.66,0.13585
7105.56,0.13618
7106.46,0.13661
7107.36,0.13641
7108.26,0.1364
7109.16,0.13651
7110.06,0.13659
7110.96,0.13654
7111.86,0.13634
7112.76,0.13673
7113.66,0.13589
7114.56,0.13658
7115.46,0.13638
7116.36,0.13699
7117.26,0.13719
7118.16,0.13682
7119.06,0.13721
7119.96,0.13713
7120.86,0.13727
7121.76,0.13692
7122.66,0.13678
7123.56,0.13604
7124.46,0.136
7125.36,0.13451
7126.26,0.13381
7127.16,0.13396
7127.27,0.13349
7128.17,0.13328
7129.07,0.13253
7129.96,0.13236
7130.86,0.13172
7131.75,0.13187
7132.65,0.13203
7133.55,0.13188
7134.44,0.13285
7135.34,0.13204
7136.23,0.13283
7137.13,0.1333
7138.03,0.13326
7138.92,0.13408
7139.82,0.13435
7140.71,0.13418
7141.61,0.13465
7142.5,0.13423
7143.4,0.13389
7144.3,0.13383
7145.19,0.13393
7146.09,0.13365
7146.98,0.13365
7147.88,0.13363
7148.78,0.13297
7149.67,0.13369
7150.57,0.13412
7151.46,0.13453
7152.36,0.13415
7153.26,0.13491
7154.15,0.13534
7155.05,0.13504
7155.94,0.13587
7156.84,0.13598
7157.74,0.13626
7158.63,0.13623
7159.53,0.1361
7160.42,0.13589
7161.32,0.13586
7162.21,0.13543
7163.11,0.1355
7164.01,0.1351
7164.9,0.13521
7165.8,0.13508
7166.69,0.13615
7167.59,0.136
7168.49,0.1363
7169.38,0.13669
7170.28,0.13724
7171.17,0.13789
7172.07,0.13789
7172.96,0.13816
7173.86,0.13867
7174.76,0.13812
7175.65,0.13792
7176.55,0.1377
7177.44,0.13869
7178.34,0.13786
7179.24,0.1373
7180.13,0.13726
7181.03,0.13694
7181.92,0.13704
7182.82,0.1371
7183.72,0.13658
7184.61,0.1363
7185.51,0.13614
7186.4,0.13583
7187.3,0.13511
7188.19,0.13494
7189.09,0.13518
7189.99,0.13523
7190.88,0.13548
7191.78,0.13508
7192.67,0.1349
7193.57,0.13565
7194.47,0.13619
7195.36,0.13607
7196.26,0.1357
7197.15,0.1364
7198.05,0.13629
7198.95,0.13592
7199.84,0.13634
7200.74,0.13618
7201.63,0.13657
7202.53,0.1363
7203.43,0.13627
7204.32,0.13653
7205.22,0.13607
7206.11,0.13576
7207.01,0.13619
7207.9,0.13618
7208.8,0.13552
7209.7,0.1362
7210.59,0.13586
7211.49,0.13585
7212.38,0.13625
7213.28,0.13674
7214.18,0.13676
7215.07,0.13743
7215.97,0.13787
7216.86,0.13835
7217.76,0.13867
7218.66,0.13919
7219.55,0.13928
7220.45,0.1393
7221.34,0.13983
7222.24,0.13957
7223.13,0.13983
7224.03,0.14025
7224.93,0.14047
7225.82,0.14113
7226.72,0.14132
7227.61,0.14124
7228.51,0.14238
7229.41,0.14219
7230.3,0.14256
7231.2,0.14268
7232.09,0.1429
7232.99,0.14296
7233.89,0.14318
7234.78,0.14365
7235.68,0.14371
7236.57,0.14291
7237.47,0.14351
7238.36,0.14356
7239.26,0.14318
7240.16,0.14326
7241.05,0.14283
7241.95,0.14324
7242.84,0.14299
7243.74,0.14338
7244.64,0.14291
7245.53,0.143
7246.43,0.14357
7247.32,0.14348
7248.22,0.14319
7249.12,0.14319
7250.01,0.14337
7250.91,0.14345
7251.8,0.14377
7252.7,0.14306
7253.6,0.14383
7254.49,0.14377
7255.39,0.14381
7256.28,0.1439
7257.18,0.14395
7258.07,0.14362
7258.97,0.14335
7259.87,0.14415
7260.76,0.144
7261.66,0.14411
7262.55,0.14422
7263.45,0.14479
7264.35,0.14481
7265.24,0.14497
7266.14,0.14526
7267.03,0.14538
7267.93,0.14595
7268.83,0.14574
7269.72,0.14577
7270.62,0.14574
7271.51,0.14567
7272.41,0.14549
7273.3,0.14576
7274.2,0.14604
7275.1,0.14596
7275.99,0.14604
7276.89,0.14549
7277.78,0.14549
7278.68,0.14497
7279.58,0.14437
7280.47,0.14402
7281.37,0.14423
7282.26,0.14384
7283.16,0.14307
7284.06,0.14314
7284.95,0.14275
7285.85,0.14249
7286.74,0.14271
7287.64,0.14208
7288.53,0.14221
7289.43,0.14222
7290.33,0.14182
7291.22,0.14197
7292.12,0.14278
7293.01,0.14302
7293.91,0.14355
7294.81,0.14364
7295.7,0.14356
7296.6,0.14506
7297.49,0.14584
7298.39,0.14617
7299.29,0.14677
7300.18,0.14694
7301.08,0.14705
7301.97,0.14731
7302.87,0.14752
7303.76,0.14788
7304.66,0.14707
7305.56,0.14737
7306.45,0.1472
7307.35,0.14763
7308.24,0.14741
7309.14,0.14772
7310.04,0.14725
7310.93,0.14789
7311.83,0.14733
7312.72,0.14812
7313.62,0.14758
7314.52,0.14779
7315.41,0.14887
7316.31,0.14831
7317.2,0.14828
7318.1,0.14866
7318.99,0.14821
7319.89,0.14831
7320.79,0.14808
7321.68,0.14837
7322.58,0.14779
7323.47,0.14796
7324.37,0.14759
7325.27,0.14767
7326.16,0.14772
7327.06,0.14724
7327.95,0.14858
7328.85,0.1484
7329.75,0.14773
7330.64,0.1489
7331.54,0.14906
7332.43,0.14995
7333.33,0.15046
7334.22,0.15124
7335.12,0.15109
7336.02,0.15083
7336.91,0.15144
7337.81,0.15211
7338.7,0.15228
7339.6,0.15253
7340.5,0.15248
7341.39,0.15254
7342.29,0.15311
7343.18,0.15231
7344.08,0.15215
7344.98,0.15232
7345.87,0.15102
7346.77,0.15233
7347.66,0.15071
7348.56,0.15081
7349.45,0.15104
7350.35,0.15087
7351.25,0.15021
7352.14,0.14995
7353.04,0.14936
7353.93,0.14843
7354.83,0.14904
7355.73,0.14853
7356.62,0.14789
7357.52,0.1484
7358.41,0.14806
7359.31,0.14794
7360.21,0.14825
7361.1,0.14813
7362.0,0.14877
7362.89,0.14912
7363.79,0.14902
7364.69,0.14977
7365.58,0.15002
7366.48,0.15025
7367.37,0.15076
7368.27,0.15101
7369.16,0.15204
7370.06,0.15222
7370.96,0.15354
7371.85,0.15347
7372.75,0.1539
7373.64,0.15432
7374.54,0.15426
7375.44,0.15487
7376.33,0.15584
7377.23,0.15522
7378.12,0.15507
7379.02,0.15531
7379.92,0.1547
7380.81,0.1545
7381.71,0.15427
7382.6,0.15327
7383.5,0.15276
7384.39,0.15202
7385.29,0.1523
7386.19,0.15128
7387.08,0.15115
7387.98,0.1507
7388.87,0.15119
7389.77,0.15017
7390.67,0.15033
7391.56,0.15092
7392.46,0.15065
7393.35,0.15066
7394.25,0.15133
7395.15,0.15195
7396.04,0.15175
7396.94,0.15273
7397.83,0.15289
7398.73,0.15378
7399.62,0.15377
7400.52,0.15324
7401.42,0.15434
7402.31,0.15398
7403.21,0.15369
7404.1,0.15405
7405.0,0.15414
7405.9,0.15347
7406.79,0.15282
7407.69,0.15315
7408.58,0.15251
7409.48,0.15186
7410.38,0.15139
7411.27,0.15047
7412.17,0.14907
7413.06,0.14878
7413.96,0.14874
7414.85,0.14826
7415.75,0.14754
7416.65,0.14682
7417.54,0.14681
7418.44,0.14698
7419.33,0.14791
7420.23,0.14757
7421.13,0.14786
7422.02,0.1487
7422.92,0.14883
7423.81,0.14994
7424.71,0.15078
7425.6,0.15168
7426.5,0.15283
7427.4,0.15359
7428.29,0.15346
7429.19,0.15486
7431.68,0.1553
7434.18,0.15626
7436.67,0.15694
7439.17,0.1563
7441.66,0.15542
7444.16,0.15513
7446.66,0.15571
7449.15,0.15628
7451.65,0.15652
7454.14,0.15708
7456.64,0.1578
7459.13,0.15727
7461.63,0.15604
7464.12,0.15644
7466.62,0.15693
7469.11,0.15668
7471.61,0.1574
7474.1,0.15662
7476.6,0.15682
7479.09,0.15699
7481.59,0.15686
7484.08,0.15731
7486.58,0.15746
7489.07,0.15695
7491.57,0.15614
7494.06,0.15543
7496.56,0.1555
7499.05,0.15575
7501.55,0.15743
7504.04,0.15764
7506.54,0.15809
7509.03,0.15752
7511.53,0.15761
7514.02,0.15805
7516.52,0.15917
7519.01,0.15974
7521.51,0.15983
7524.0,0.15914
7526.5,0.15908
7528.99,0.15878
7531.49,0.15905
7533.99,0.1598
7536.48,0.16053
7538.98,0.16087
7541.47,0.16115
7543.97,0.16086
7546.46,0.16053
7548.96,0.16002
7551.45,0.16003
7553.95,0.16041
7556.44,0.15978
7558.94,0.15974
7561.43,0.16017
7563.93,0.1598
7566.42,0.16018
7568.92,0.16013
7571.41,0.15968
7573.91,0.1591
7576.4,0.15975
7578.9,0.15946
7581.39,0.15886
7583.89,0.15738
7586.38,0.15536
7588.88,0.15361
7591.37,0.15156
7593.87,0.15105
7596.36,0.15063
7598.86,0.14962
7601.35,0.14929
7603.85,0.14857
7606.34,0.14859
7608.84,0.14884
7611.33,0.14892
7613.83,0.1494
7616.33,0.14893
7618.82,0.14884
7621.32,0.14837
7623.81,0.14896
7626.31,0.14894
7628.8,0.1492
7631.3,0.14871
7633.79,0.14815
7636.29,0.14778
7638.78,0.14778
7641.28,0.14822
7643.77,0.14834
7646.27,0.14854
7648.76,0.14817
7651.26,0.14741
7653.75,0.14575
7656.25,0.14403
7658.74,0.14193
7661.24,0.13962
7663.73,0.13801
7666.23,0.13743
7668.72,0.13753
7671.22,0.13933
7673.71,0.14027
7676.21,0.14184
7678.7,0.1424
7681.2,0.14271
7683.69,0.14298
7686.19,0.14312
7688.69,0.1428
7691.18,0.142
7693.68,0.14175
7696.17,0.14146
7698.67,0.14115
7701.16,0.14108
7703.66,0.14115
7706.15,0.1417
7708.65,0.14105
7711.14,0.14021
7713.64,0.13944
7716.13,0.13935
7718.63,0.14003
7721.12,0.14112
7723.62,0.1417
7726.11,0.14223
7728.61,0.14329
7731.1,0.14426
7733.6,0.14509
7736.09,0.14555
7738.59,0.14611
7741.08,0.14543
7743.58,0.14418
7746.07,0.14236
7748.57,0.14059
7751.06,0.14025
7753.56,0.14044
7756.05,0.14217
7758.55,0.14343
7761.04,0.14374
7763.54,0.14473
7766.03,0.14506
7768.53,0.14605
7771.03,0.14683
7773.52,0.14716
7776.02,0.14776
7778.51,0.147
7781.01,0.14637
7783.5,0.14526
7786.0,0.14452
7788.49,0.14411
7790.99,0.14369
7793.48,0.1438
7795.98,0.14394
7798.47,0.14453
7800.97,0.14467
7803.46,0.14466
7805.96,0.14481
7808.45,0.1453
7810.95,0.14573
7813.44,0.14645
7815.94,0.14717
7818.43,0.14769
7820.93,0.14803
7823.42,0.14752
7825.92,0.14656
7828.41,0.14541
7830.91,0.14417
7833.4,0.14257
7835.9,0.14174
7838.39,0.14179
7840.89,0.14308
7843.38,0.14386
7845.88,0.14484
7848.38,0.14456
7850.87,0.14485
7853.37,0.14446
7855.86,0.14472
7858.36,0.14479
7860.85,0.14532
7863.35,0.14587
7865.84,0.14565
7868.34,0.14564
7870.83,0.14524
7873.33,0.14473
7875.82,0.14437
7878.32,0.14434
7880.81,0.14435
7883.31,0.14485
7885.8,0.14471
7888.3,0.14524
7890.79,0.14524
7893.29,0.14492
7895.78,0.14401
7898.28,0.14382
7900.77,0.14367
7903.27,0.1435
7905.76,0.14302
7908.26,0.14212
7910.75,0.14122
7913.25,0.14001
7915.74,0.13931
7918.24,0.13941
7920.73,0.13947
7923.23,0.14035
7925.73,0.14099
7928.22,0.14152
7930.71,0.14102
7933.21,0.14072
7935.71,0.13996
7938.2,0.13916
7940.7,0.13884
7943.19,0.13841
7945.69,0.13803
7948.18,0.13878
7950.68,0.13972
7953.17,0.14176
7955.67,0.14266
7958.16,0.14329
7960.66,0.14394
7963.15,0.1441
7965.65,0.14452
7968.14,0.14541
7970.64,0.14569
7973.13,0.14619
7975.63,0.14579
7978.12,0.14559
7980.62,0.14528
7983.11,0.14454
7985.61,0.14478
7988.1,0.14411
7990.6,0.14403
7993.09,0.14367
7995.59,0.14334
7998.08,0.14286
8000.58,0.14319
8003.07,0.14398
8005.57,0.14499
8008.06,0.14634
8010.56,0.14732
8013.06,0.14775
8015.55,0.14876
8018.05,0.14845
8020.54,0.14785
8023.04,0.14721
8025.53,0.14618
8028.03,0.14512
8030.52,0.14571
8033.02,0.14686
8035.51,0.14824
8038.01,0.1492
8040.5,0.14921
8043.0,0.14806
8045.49,0.14692
8047.99,0.14597
8050.48,0.14583
8052.98,0.14662
8055.47,0.14751
8057.97,0.14856
8060.46,0.14921
8062.96,0.1489
8065.45,0.14853
8067.95,0.14717
8070.44,0.14632
8072.94,0.14557
8075.43,0.14587
8077.93,0.14634
8080.42,0.14634
8082.92,0.14661
8085.41,0.14667
8087.91,0.14638
8090.4,0.14622
8092.9,0.14538
8095.4,0.14515
8097.89,0.14468
8100.39,0.14533
8102.88,0.14635
8105.38,0.14652
8107.87,0.14677
8110.37,0.14689
8112.86,0.14684
8115.36,0.14641
8117.85,0.1465
8120.35,0.14718
8122.84,0.14771
8125.34,0.14834
8127.83,0.1492
8130.33,0.14919
8132.82,0.14947
8135.32,0.14952
8137.81,0.14953
8140.31,0.1494
8142.8,0.14994
8145.3,0.14956
8147.79,0.14957
8150.29,0.14985
8152.78,0.15008
8155.28,0.15017
8157.77,0.15022
8160.27,0.14976
8162.76,0.1498
8165.26,0.14962
8167.75,0.15009
8170.25,0.15101
8172.75,0.15095
8175.24,0.15097
8177.74,0.14997
8180.23,0.1489
8182.73,0.14702
8185.22,0.14617
8187.72,0.1454
8190.21,0.14532
8192.71,0.14496
8195.2,0.14407
8197.7,0.14261
8200.19,0.14231
8202.69,0.14216
8205.18,0.14306
8207.68,0.14314
8210.17,0.1433
8212.67,0.14384
8215.16,0.14433
8217.66,0.14453
8220.15,0.1452
8222.65,0.14601
8225.14,0.14718
8227.64,0.14795
8230.13,0.1487
8232.63,0.14887
8235.12,0.14862
8237.62,0.14843
8240.11,0.14826
8242.61,0.14853
8245.1,0.14821
8247.6,0.1482
8250.1,0.14773
8252.59,0.14747
8255.08,0.1468
8257.58,0.1469
8260.08,0.14749
8262.57,0.14869
8265.07,0.14877
8267.56,0.14854
8270.06,0.14811
8272.55,0.14737
8275.05,0.14726
8277.54,0.14653
8280.04,0.14667
8282.53,0.14645
8285.03,0.14626
8287.52,0.14553
8290.02,0.14538
8292.51,0.1447
8295.01,0.14422
8297.5,0.14378
8300.0,0.14325
8302.49,0.1427
8304.99,0.14208
8307.48,0.14102
8309.98,0.1414
8312.47,0.14152
8314.97,0.14211
8317.46,0.1429
8319.96,0.14397
8322.46,0.14351
8324.95,0.14213
8327.44,0.14123
8329.94,0.14016
8332.43,0.13966
8334.93,0.13993
8337.43,0.13977
8339.92,0.14044
8342.42,0.14012
8344.91,0.14058
8347.41,0.14029
8349.9,0.14055
8352.4,0.14082
8354.89,0.14144
8357.39,0.14159
8359.88,0.14163
8362.38,0.14205
8364.87,0.14164
8367.37,0.14216
8369.86,0.14259
8372.36,0.14284
8374.85,0.14241
8377.35,0.14199
8379.84,0.14061
8382.34,0.13933
8384.83,0.13802
8387.33,0.13736
8389.82,0.13741
8392.32,0.13857
8394.81,0.1403
8397.31,0.14142
8399.8,0.14271
8402.3,0.14313
8404.79,0.14403
8407.29,0.1441
8409.79,0.14341
8412.28,0.14325
8414.78,0.14272
8417.27,0.14241
8419.77,0.14155
8422.26,0.14097
8424.76,0.13993
8427.25,0.13951
8429.75,0.13891
8432.24,0.13779
8434.74,0.13668
8437.23,0.13536
8439.73,0.13549
8442.22,0.13581
8444.72,0.13634
8447.21,0.13702
8449.71,0.13752
8452.2,0.13728
8454.7,0.13695
8457.19,0.13687
8459.69,0.1364
8462.18,0.13573
8464.68,0.1349
8467.17,0.13432
8469.67,0.13376
8472.16,0.13382
8474.66,0.13443
8477.15,0.13538
8479.65,0.13641
8482.14,0.13652
8484.64,0.137
8487.13,0.13643
8489.63,0.1349
8492.12,0.13314
8494.62,0.12968
8497.12,0.12618
8499.61,0.12367
8502.11,0.12369
8504.6,0.12599
8507.1,0.1289
8509.59,0.13125
8512.09,0.13244
8514.58,0.13207
8517.08,0.13121
8519.57,0.1311
8522.07,0.13152
8524.56,0.13235
8527.06,0.13274
8529.55,0.13195
8532.05,0.13051
8534.54,0.127
8537.04,0.12173
8539.53,0.11498
8542.03,0.10961
8544.52,0.10721
8547.02,0.10959
8549.51,0.1152
8552.01,0.12172
8554.5,0.12729
8557.0,0.13188
8559.49,0.1334
8561.99,0.13457
8564.48,0.13498
8566.98,0.13563
8569.47,0.13588
8571.97,0.13562
8574.47,0.13595
8576.96,0.13608
8579.46,0.136
8581.95,0.13631
8584.45,0.13681
8586.94,0.13721
8589.44,0.13727
8591.93,0.13698
8594.43,0.13752
8596.92,0.13708
8599.42,0.13739
8601.91,0.13714
8604.41,0.13733
8606.9,0.13709
8609.4,0.13676
8611.89,0.13674
8614.39,0.13647
8616.88,0.13692
8619.38,0.13715
8621.87,0.1375
8624.37,0.13766
8626.86,0.13813
8629.36,0.1386
8631.85,0.13898
8634.35,0.139
8636.84,0.13934
8639.34,0.14031
8641.83,0.1402
8644.33,0.13963
8646.83,0.13942
8649.32,0.13842
8651.82,0.13662
8654.31,0.13336
8656.8,0.12905
8659.3,0.12335
8661.8,0.11779
8664.29,0.11573
8666.79,0.11637
8669.28,0.12073
8671.78,0.12571
8674.27,0.12977
8676.77,0.13263
8679.26,0.13401
8681.76,0.13454
8684.25,0.13509
8686.75,0.13459
8689.24,0.13364
8691.74,0.13377
8694.23,0.13418
8696.73,0.13551
8699.22,0.13661
8701.72,0.1371
8704.21,0.13728
8706.71,0.13766
8709.2,0.13755
8711.7,0.13761
8714.19,0.13794
8716.69,0.13809
8719.18,0.13921
8721.68,0.13982
8724.17,0.14073
8726.67,0.14102
8729.17,0.14084
8731.66,0.14076
8734.16,0.14017
8736.65,0.14026
8739.15,0.14018
8741.64,0.14009
8744.14,0.14018
8746.63,0.14022
8749.13,0.14021
8751.62,0.14008
8754.12,0.1401
8756.61,0.14042
8759.11,0.14063
8761.6,0.1406
8764.1,0.1404
8766.59,0.14023
8769.09,0.14003
8771.58,0.13971
8774.08,0.13971
8776.57,0.13988
8779.07,0.1404
8781.56,0.14144
8784.06,0.14205
8786.55,0.14228
8789.05,0.14211
8791.54,0.14158
8794.04,0.14104
8796.53,0.14073
8799.03,0.1394
8801.52,0.13861
8804.02,0.13655
8806.51,0.1353
8809.01,0.13494
8811.5,0.13564
8814.0,0.13794
8816.5,0.13983
8818.99,0.1407
8821.49,0.14104
8823.98,0.14074
8826.48,0.14036
8828.97,0.1411
8831.47,0.14171
8833.96,0.14278
8836.46,0.14332
8838.95,0.14279
8841.45,0.14343
8843.94,0.14433
8846.44,0.14513
8848.93,0.14578
8851.43,0.14598
8853.92,0.1454
8856.42,0.14463
8858.91,0.14278
8861.41,0.14004
8863.9,0.13798
8866.4,0.13563
8868.89,0.13524
8871.39,0.13457
8873.88,0.13483
8876.38,0.13499
8878.87,0.13553
8881.37,0.1355
8883.87,0.13672
8886.36,0.13645
8888.86,0.13684
8891.35,0.13676
8893.84,0.13691
8896.34,0.137
8898.84,0.13712
8901.33,0.13739
8903.83,0.13734
8906.32,0.1377
8908.82,0.13715
8911.31,0.13735
8913.81,0.13679
8916.3,0.13647
8918.8,0.13621
8921.29,0.13592
8923.79,0.13573
8926.28,0.13555
8928.78,0.13558
8931.27,0.13544
8933.77,0.13581
8936.26,0.13552
8938.76,0.13518
8941.25,0.13507
8943.75,0.1335
8946.24,0.1337
8948.74,0.13355
8951.23,0.13397
8953.73,0.13499
8956.22,0.13585
8958.72,0.13621
8961.21,0.13661
8963.71,0.13668
8966.2,0.13629
8968.7,0.13617
8971.2,0.13605
8973.69,0.13564
8976.19,0.13569
8978.68,0.13606
8981.18,0.13646
8983.67,0.137
8986.17,0.13727
8988.66,0.13792
8991.16,0.13825
8993.65,0.13826
8996.15,0.13807
8998.64,0.13753
9001.14,0.13725
9003.63,0.13659
9006.13,0.13576
9008.62,0.13497
9011.12,0.13309
9013.61,0.13204
9016.11,0.131
9018.6,0.13071
9021.1,0.13109
9023.59,0.13191
9026.09,0.13308
9028.58,0.13434
9031.08,0.13556
9033.57,0.13659
9036.07,0.1371
9038.56,0.13827
9041.06,0.13845
9043.55,0.1391
9046.05,0.13972
9048.54,0.13924
9051.04,0.1392
9053.54,0.13955
9056.03,0.13936
9058.53,0.13914
9061.02,0.13894
9063.52,0.13852
9066.01,0.13819
9068.51,0.13877
9071.0,0.1387
9073.5,0.13887
9075.99,0.13873
9078.49,0.13829
9080.98,0.137
9083.48,0.1364
9085.97,0.13464
9088.47,0.13361
9090.96,0.13334
9093.46,0.13365
9095.95,0.13427
9098.45,0.13593
9100.94,0.13699
9103.44,0.13714
9105.93,0.13738
9108.43,0.13692
9110.92,0.13671
9113.42,0.13659
9115.91,0.13617
9118.41,0.13595
9120.9,0.13645
9123.4,0.13686
9125.89,0.1377
9128.39,0.13827
9130.88,0.1392
9133.38,0.1387
9135.88,0.13814
9138.37,0.13695
9140.87,0.13521
9143.36,0.13408
9145.86,0.13328
9148.35,0.13312
9150.85,0.13339
9153.34,0.13371
9155.84,0.13445
9158.33,0.13448
9160.83,0.13436
9163.32,0.13383
9165.82,0.13255
9168.31,0.13146
9170.81,0.13073
9173.3,0.12969
9175.8,0.12956
9178.29,0.13038
9180.79,0.1311
9183.28,0.13232
9185.78,0.13259
9188.27,0.13298
9190.77,0.1326
9193.26,0.1325
9195.76,0.13203
9198.25,0.13183
9200.75,0.13162
9203.24,0.13175
9205.74,0.13116
9208.24,0.13062
9210.73,0.12993
9213.23,0.12951
9215.72,0.12964
9218.22,0.12953
9220.71,0.12963
9223.21,0.13028
9225.7,0.13008
9228.2,0.13035
9230.69,0.12998
9233.19,0.12982
9235.68,0.12993
9238.18,0.12984
9240.67,0.12965
9243.17,0.12966
9245.66,0.12924
9248.16,0.12923
9250.65,0.12891
9253.15,0.12849
9255.64,0.12827
9258.14,0.12803
9260.63,0.12862
9263.13,0.12992
9265.62,0.13077
9268.12,0.132
9270.61,0.13221
9273.11,0.13166
9275.6,0.13147
9278.1,0.13042
9280.59,0.13002
9283.09,0.12942
9285.58,0.12882
9288.08,0.1281
9290.58,0.1275
9293.07,0.12716
9295.57,0.12713
9298.06,0.1273
9300.56,0.12755
9303.05,0.12769
9305.55,0.12798
9308.04,0.12812
9310.54,0.12803
9313.03,0.12799
9315.53,0.12787
9318.02,0.12766
9320.52,0.12742
9323.01,0.12752
9325.51,0.12765
9328.0,0.12785
9330.5,0.12825
9332.99,0.12826
9335.49,0.12884
9337.98,0.12875
9340.48,0.1285
9342.97,0.12831
9345.47,0.1278
9347.96,0.12725
9350.46,0.12638
9352.95,0.12589
9355.45,0.1252
9357.94,0.12426
9360.44,0.12395
9362.93,0.12398
9365.43,0.12431
9367.92,0.12447
9370.42,0.12484
9372.92,0.12478
9375.41,0.12509
9377.91,0.12505
9380.4,0.12474
9382.9,0.12459
9385.39,0.1248
9387.89,0.12429
9390.38,0.1241
9392.88,0.12435
9395.37,0.12472
9397.87,0.12448
9400.36,0.12383
9402.86,0.12385
9405.35,0.12307
9407.85,0.1224
9410.34,0.1213
9412.84,0.12047
9415.33,0.12045
9417.83,0.12099
9420.32,0.12185
9422.82,0.12239
9425.31,0.12337
9427.81,0.12372
9430.3,0.12333
9432.8,0.12324
9435.29,0.1227
9437.79,0.12236
9440.28,0.12215
9442.78,0.12183
9445.27,0.12194
9447.77,0.12203
9450.27,0.12229
9452.76,0.1224
9455.25,0.12305
9457.75,0.12348
9460.25,0.12411
9462.74,0.12446
9465.24,0.12517
9467.73,0.12519
9470.23,0.12584
9472.72,0.12609
9475.22,0.12561
9477.71,0.12602
9480.21,0.12628
9482.7,0.12632
9485.2,0.12655
9487.69,0.12687
9490.19,0.12686
9492.68,0.12692
9495.18,0.12721
9497.67,0.12757
9500.17,0.12742
9502.66,0.12753
9505.16,0.1277
9507.65,0.12765
9510.15,0.12767
9512.64,0.12793
9515.14,0.12781
9517.63,0.12857
9520.13,0.12868
9522.62,0.12925
9525.12,0.12919
9527.61,0.12925
9530.11,0.12933
9532.61,0.12932
9535.1,0.12872
9537.6,0.12866
9540.09,0.12774
9542.59,0.12724
9545.08,0.12662
9547.58,0.12572
9550.07,0.12638
9552.57,0.1272
9555.06,0.12783
9557.56,0.12864
9560.05,0.12937
9562.55,0.12973
9565.04,0.12984
9567.54,0.12914
9570.03,0.12846
9572.53,0.12782
9575.02,0.12756
9577.52,0.12755
9580.01,0.12778
9582.51,0.12814
9585.0,0.12857
9587.5,0.12889
9589.99,0.12914
9592.49,0.12917
9594.98,0.1288
9597.48,0.1278
9599.97,0.12731
9602.47,0.1268
9604.96,0.12686
9607.46,0.12748
9609.96,0.12792
9612.45,0.12843
9614.95,0.12873
9617.44,0.12877
9619.94,0.12873
9622.43,0.12852
9624.93,0.12872
9627.42,0.12788
9629.92,0.12807
9632.41,0.12785
9634.91,0.12707
9637.4,0.12651
9639.9,0.1258
9642.39,0.12608
9644.89,0.12546
9647.38,0.12528
9649.88,0.12542
9652.37,0.12539
9654.87,0.12517
9657.36,0.12519
9659.86,0.12556
9662.35,0.12543
9664.85,0.12573
9667.34,0.12551
9669.84,0.12523
9672.33,0.12503
9674.83,0.12471
9677.32,0.12448
9679.82,0.12519
9682.31,0.12533
9684.81,0.12617
9687.3,0.12593
9689.8,0.1257
9692.29,0.12576
9694.79,0.1256
9697.29,0.12589
9699.78,0.12563
9702.28,0.12568
9704.77,0.12505
9707.27,0.12526
9709.76,0.12554
9712.26,0.12597
9714.75,0.12629
9717.25,0.1266
9719.74,0.12613
9722.24,0.12553
9724.73,0.12486
9727.23,0.12392
9729.72,0.12337
9732.22,0.12296
9734.71,0.12236
9737.21,0.12198
9739.7,0.12183
9742.2,0.12173
9744.69,0.1217
9747.19,0.12194
9749.68,0.12256
9752.18,0.12335
9754.67,0.12433
9757.17,0.12436
9759.66,0.12488
9762.16,0.12428
9764.65,0.1242
9767.15,0.12379
9769.64,0.12382
9772.14,0.1237
9774.64,0.12334
9777.13,0.12368
9779.63,0.12305
9782.12,0.12229
9784.62,0.12174
9787.11,0.12139
9789.61,0.12192
9792.1,0.12277
9794.6,0.12351
9797.09,0.12495
9799.59,0.12554
9802.08,0.1258
9804.58,0.12601
9807.07,0.12617
9809.57,0.12598
9812.06,0.12588
9814.56,0.12578
9817.05,0.12573
9819.55,0.1256
9822.04,0.12544
9824.54,0.12524
9827.03,0.12512
9829.53,0.12508
9832.02,0.12464
9834.52,0.12467
9837.01,0.12473
9839.51,0.12521
9842.0,0.12546
9844.5,0.12577
9847.0,0.12595
9849.49,0.12616
9851.99,0.12587
9854.48,0.12593
9856.98,0.12607
9859.47,0.12605
9861.97,0.12609
9864.46,0.12603
9866.96,0.12586
9869.45,0.12585
9871.95,0.12579
9874.44,0.126
9876.94,0.12599
9879.43,0.12602
9881.93,0.12637
9884.42,0.12596
9886.92,0.12596
9889.41,0.1254
9891.91,0.12495
9894.4,0.12448
9896.9,0.12481
9899.39,0.12385
9901.89,0.12352
9904.38,0.12326
9906.88,0.1228
9909.37,0.12255
9911.87,0.12248
9914.36,0.12258
9916.86,0.1226
9919.35,0.12246
9921.85,0.12242
9924.34,0.1221
9926.84,0.12215
9929.33,0.12196
9931.83,0.12249
9934.33,0.12316
9936.82,0.12312
9939.32,0.12367
9941.81,0.12354
9944.31,0.12353
9946.8,0.12323
9949.3,0.12322
9951.79,0.12342
9954.29,0.12376
9956.78,0.12423
9959.28,0.12409
9961.77,0.12451
9964.27,0.12482
9966.76,0.12485
9969.26,0.12479
9971.75,0.12503
9974.25,0.12523
9976.74,0.12466
9979.24,0.12465
9981.73,0.12434
9984.23,0.12429
9986.72,0.12429
9989.22,0.12388
9991.71,0.1235
9994.21,0.12379
9996.7,0.12349
9999.2,0.12318
10001.7,0.12313
10004.2,0.12293
10006.7,0.12329
10009.2,0.12369
10011.7,0.12373
10014.2,0.12421
10016.7,0.12458
10019.2,0.12535
10021.7,0.1254
10024.2,0.12554
10026.6,0.12533
10029.1,0.12507
10031.6,0.12445
10034.1,0.12354
10036.6,0.12329
10039.1,0.12314
10041.6,0.12319
10044.1,0.12315
10046.6,0.12299
10049.1,0.12262
10051.6,0.12245
10054.1,0.12228
10056.6,0.12185
10059.1,0.12165
10061.6,0.12161
10064.1,0.12189
10066.6,0.12217
10069.1,0.12286
10071.6,0.12342
10074.1,0.12368
10076.5,0.12379
10079.0,0.12367
10081.5,0.12334
10084.0,0.12358
10086.5,0.12375
10089.0,0.12393
10091.5,0.12434
10094.0,0.12488
10096.5,0.12532
10099.0,0.12535
10101.5,0.12571
10104.0,0.12561
10106.5,0.12539
10109.0,0.12543
10111.5,0.12492
10114.0,0.12457
10116.5,0.12434
10119.0,0.12434
10121.5,0.12411
10124.0,0.12411
10126.5,0.12401
10128.9,0.12415
10131.4,0.12437
10133.9,0.12414
10136.4,0.12404
10138.9,0.12353
10141.4,0.12269
10143.9,0.12259
10146.4,0.1221
10148.9,0.12211
10151.4,0.122
10153.9,0.12257
10156.4,0.12221
10158.9,0.12274
10161.4,0.12327
10163.9,0.12335
10166.4,0.12284
10168.9,0.12283
10171.4,0.12314
10173.9,0.12311
10176.4,0.12345
10178.9,0.12325
10181.3,0.12352
10183.8,0.12313
10186.3,0.1231
10188.8,0.1228
10191.3,0.1223
10193.8,0.12208
10196.3,0.12201
10198.8,0.1219
10201.3,0.1223
10203.8,0.12257
10206.3,0.12256
10208.8,0.1226
10211.3,0.12252
10213.8,0.12211
10216.3,0.12188
10218.8,0.12164
10221.3,0.12166
10223.8,0.12179
10226.3,0.12221
10228.8,0.12249
10231.2,0.1226
10233.7,0.12309
10236.2,0.12286
10238.7,0.12312
10241.2,0.12324
10243.7,0.12315
10246.2,0.12307
10248.7,0.12276
10251.2,0.12281
10253.7,0.12245
10256.2,0.12262
10258.7,0.1219
10261.2,0.12144
10263.7,0.12141
10266.2,0.12162
10268.7,0.12173
10271.2,0.12173
10273.7,0.12179
10276.2,0.12183
10278.7,0.12167
10281.2,0.1216
10283.6,0.12199
10286.1,0.12195
10288.6,0.12173
10291.1,0.12202
10293.6,0.12224
10296.1,0.12169
10298.6,0.12174
10301.1,0.1221
10303.6,0.12185
10306.1,0.12195
10308.6,0.12208
10311.1,0.12215
10313.6,0.12221
10316.1,0.12229
10318.6,0.12208
10321.1,0.12152
10323.6,0.1212
10326.1,0.12037
10328.6,0.11985
10331.1,0.11942
10333.5,0.11903
10336.0,0.1189
10338.5,0.11896
10341.0,0.11851
10343.5,0.1181
10346.0,0.11834
10348.5,0.11836
10351.0,0.119
10353.5,0.11995
10356.0,0.12067
10358.5,0.12118
10361.0,0.12164
10363.5,0.12177
10366.0,0.12177
10368.5,0.12121
10371.0,0.12086
10373.5,0.12034
10376.0,0.12038
10378.5,0.12025
10381.0,0.1203
10383.5,0.12045
10385.9,0.12052
10388.4,0.12018
10390.9,0.11987
10393.4,0.11986
10395.9,0.11907
10398.4,0.11895
10400.9,0.11874
10403.4,0.1194
10405.9,0.12012
10408.4,0.1207
10410.9,0.12077
10413.4,0.12133
10415.9,0.12142
10418.4,0.12105
10420.9,0.1203
10423.4,0.12034
10425.9,0.12024
10428.4,0.12016
10430.9,0.12034
10433.4,0.1203
10435.9,0.12077
10438.3,0.12122
10440.8,0.12142
10443.3,0.12145
10445.8,0.12164
10448.3,0.12163
10450.8,0.12147
10453.3,0.12076
10455.8,0.12078
10458.3,0.12043
10460.8,0.12023
10463.3,0.12004
10465.8,0.11989
10468.3,0.12022
10470.8,0.1196
10473.3,0.11974
10475.8,0.11973
10478.3,0.12007
10480.8,0.1201
10483.3,0.1201
10485.8,0.12007
10488.2,0.12017
10490.7,0.11997
10493.2,0.11948
10495.7,0.11913
10498.2,0.11902
10500.7,0.11894
10503.2,0.119
10505.7,0.11924
10508.2,0.1193
10510.7,0.11921
10513.2,0.11947
10515.7,0.1194
10518.2,0.11952
10520.7,0.11921
10523.2,0.11968
10525.7,0.11981
10528.2,0.11968
10530.7,0.11891
10533.2,0.11913
10535.7,0.11893
10538.2,0.11912
10540.6,0.11934
10543.1,0.11929
10545.6,0.11958
10548.1,0.11952
10550.6,0.11923
10553.1,0.11898
10555.6,0.11882
10558.1,0.11868
10560.6,0.11895
10563.1,0.11869
10565.6,0.11905
10568.1,0.11902
10570.6,0.11889
10573.1,0.11843
10575.6,0.11832
10578.1,0.11798
10580.6,0.11714
10583.1,0.11612
10585.6,0.11566
10588.1,0.11558
10590.6,0.11582
10593.0,0.11642
10595.5,0.11717
10598.0,0.11746
10600.5,0.11748
10603.0,0.11733
10605.5,0.11672
10608.0,0.11659
10610.5,0.11643
10613.0,0.11649
10615.5,0.11699
10618.0,0.11727
10620.5,0.11785
10623.0,0.11807
10625.5,0.11806
10628.0,0.11851
10630.5,0.11855
10633.0,0.11881
10635.5,0.1188
10638.0,0.11925
10640.5,0.11895
10642.9,0.11929
10645.4,0.11876
10647.9,0.11835
10650.4,0.11771
10652.9,0.11756
10655.4,0.11684
10657.9,0.11628
10660.4,0.11548
10662.9,0.11525
10665.4,0.11497
10667.9,0.1151
10670.4,0.11547
10672.9,0.11574
10675.4,0.11638
10677.9,0.11641
10680.4,0.11674
10682.9,0.11658
10685.4,0.11639
10687.9,0.11624
10690.4,0.11567
10692.9,0.11564
10695.3,0.11546
10697.8,0.11652
10700.3,0.11669
10702.8,0.11677
10705.3,0.11737
10707.8,0.1176
10710.3,0.11782
10712.8,0.11798
10715.3,0.11777
10717.8,0.11753
10720.3,0.11715
10722.8,0.11609
10725.3,0.11521
10727.8,0.11468
10730.3,0.11432
10732.8,0.1143
10735.3,0.11467
10737.8,0.11522
10740.3,0.11557
10742.8,0.11588
10745.3,0.11581
10747.7,0.11564
10750.2,0.11542
10752.7,0.11509
10755.2,0.11566
10757.7,0.11583
10760.2,0.11606
10762.7,0.11681
10765.2,0.11691
10767.7,0.11715
10770.2,0.11674
10772.7,0.11652
10775.2,0.11597
10777.7,0.11506
10780.2,0.11443
10782.7,0.11385
10785.2,0.1134
10787.7,0.11332
10790.2,0.11368
10792.7,0.11417
10795.2,0.11442
10797.6,0.11491
10800.1,0.11556
10802.6,0.11542
10805.1,0.11522
10807.6,0.11477
10810.1,0.1141
10812.6,0.11359
10815.1,0.1133
10817.6,0.11277
10820.1,0.11225
10822.6,0.11207
10825.1,0.11183
10827.6,0.1115
10830.1,0.11174
10832.6,0.11207
10835.1,0.11271
10837.6,0.11309
10840.1,0.11383
10842.6,0.11436
10845.1,0.11465
10847.6,0.11492
10850.0,0.11498
10852.5,0.11523
10855.0,0.11552
10857.5,0.11533
10860.0,0.11517
10862.5,0.11446
10865.0,0.11326
10867.5,0.11207
10870.0,0.11156
10872.5,0.11075
10875.0,0.11031
10877.5,0.11022
10880.0,0.11064
10882.5,0.1108
10885.0,0.11108
10887.5,0.11127
10890.0,0.11137
10892.5,0.11205
10895.0,0.11236
10897.5,0.11281
10900.0,0.11332
10902.4,0.11327
10904.9,0.11359
10907.4,0.11388
10909.9,0.11402
10912.4,0.11372
10914.9,0.1136
10917.4,0.11362
10919.9,0.11296
10922.4,0.11222
10924.9,0.11154
10927.4,0.11086
10929.9,0.10987
10932.4,0.10988
10934.9,0.10989
10937.4,0.10998
10939.9,0.11013
10942.4,0.11049
10944.9,0.11075
10947.4,0.11068
10949.9,0.11074
10952.3,0.11052
10954.8,0.1099
10957.3,0.10929
10959.8,0.1083
10962.3,0.10681
10964.8,0.10575
10967.3,0.10535
10969.8,0.1043
10972.3,0.10444
10974.8,0.10449
10977.3,0.1048
10979.8,0.10487
10982.3,0.10518
10984.8,0.10535
10987.3,0.10562
10989.8,0.10564
10992.3,0.10588
10994.8,0.10588
10997.3,0.10567
10999.8,0.10543
