wave,flux
3700.85,0.063213
3701.75,0.061951
3702.65,0.059414
3703.55,0.055226
3704.45,0.051221
3705.35,0.046966
3706.25,0.043797
3707.15,0.041807
3708.05,0.041551
3708.96,0.042765
3709.86,0.045134
3710.76,0.048858
3711.66,0.053139
3712.56,0.057553
3713.46,0.061251
3714.36,0.063354
3715.26,0.063772
3716.16,0.061751
3717.06,0.058417
3717.96,0.053115
3718.86,0.047657
3719.76,0.042176
3720.66,0.037795
3721.56,0.035587
3722.46,0.035664
3723.36,0.038004
3724.26,0.041667
3725.16,0.045096
3726.06,0.047942
3726.96,0.049237
3727.86,0.049709
3728.76,0.049412
3729.66,0.048657
3730.56,0.047374
3731.46,0.045122
3732.36,0.041928
3733.26,0.037966
3734.16,0.03368
3735.06,0.030541
3735.96,0.028822
3736.86,0.028963
3737.76,0.031128
3738.66,0.034795
3739.56,0.038982
3740.46,0.042615
3741.36,0.044928
3742.26,0.045184
3743.16,0.043788
3744.06,0.041025
3744.96,0.037857
3745.86,0.034726
3746.76,0.032168
3747.67,0.030541
3748.57,0.029927
3749.47,0.030347
3750.37,0.03247
3751.27,0.03614
3752.17,0.040637
3753.07,0.045816
3753.97,0.049825
3754.87,0.052568
3755.77,0.053667
3756.67,0.052223
3757.57,0.049546
3758.47,0.046382
3759.37,0.043906
3760.27,0.042994
3761.17,0.043083
3762.07,0.043789
3762.97,0.044384
3763.87,0.044734
3764.77,0.045176
3765.67,0.045302
3766.57,0.045694
3767.47,0.046608
3768.37,0.047943
3769.27,0.049728
3770.17,0.051901
3771.07,0.054117
3771.97,0.056347
3772.87,0.058128
3773.77,0.059747
3774.67,0.060575
3775.57,0.060714
3776.47,0.061099
3777.37,0.061354
3778.27,0.061887
3779.17,0.062575
3780.07,0.063964
3780.97,0.065023
3781.87,0.065595
3782.77,0.066202
3783.67,0.065689
3784.57,0.064181
3785.47,0.061711
3786.38,0.058384
3787.28,0.054963
3788.18,0.051716
3789.08,0.049656
3789.98,0.04857
3790.88,0.048498
3791.78,0.04869
3792.68,0.048622
3793.58,0.048112
3794.48,0.047266
3795.38,0.045813
3796.28,0.044657
3797.18,0.043497
3798.08,0.042825
3798.98,0.043012
3799.88,0.044232
3800.78,0.046624
3801.68,0.049651
3802.58,0.05327
3803.48,0.05606
3804.38,0.058303
3805.28,0.058916
3806.18,0.058616
3807.08,0.058034
3807.98,0.057331
3808.88,0.057364
3809.78,0.057737
3810.68,0.057777
3811.58,0.057204
3812.48,0.055086
3813.38,0.052365
3814.28,0.0491
3815.18,0.04602
3816.08,0.043654
3816.98,0.042071
3817.88,0.040882
3818.78,0.039975
3819.68,0.038945
3820.58,0.037917
3821.48,0.03691
3822.38,0.036092
3823.28,0.035363
3824.18,0.034609
3825.09,0.033254
3825.99,0.03194
3826.89,0.030851
3827.79,0.030401
3828.69,0.030364
3829.59,0.030633
3830.49,0.031145
3831.39,0.031092
3832.29,0.030784
3833.19,0.030455
3834.09,0.030047
3834.99,0.030045
3835.89,0.030413
3836.79,0.030921
3837.69,0.030815
3838.59,0.030751
3839.49,0.031088
3840.39,0.031879
3841.29,0.033726
3842.19,0.036636
3843.09,0.039815
3843.99,0.04335
3844.89,0.046009
3845.79,0.048017
3846.69,0.049034
3847.59,0.049264
3848.49,0.048908
3849.39,0.048349
3850.29,0.047692
3851.19,0.047229
3852.09,0.047024
3852.99,0.046726
3853.89,0.046305
3854.79,0.045353
3855.69,0.043774
3856.59,0.041791
3857.49,0.040166
3858.39,0.038078
3859.29,0.03697
3860.19,0.036541
3861.09,0.037507
3861.99,0.039729
3862.9,0.042361
3863.8,0.044857
3864.7,0.046492
3865.6,0.047844
3866.5,0.0477
3867.4,0.047161
3868.3,0.04633
3869.2,0.045034
3870.1,0.043538
3871.0,0.04206
3871.9,0.041314
3872.8,0.041449
3873.7,0.042195
3874.6,0.043949
3875.5,0.045358
3876.4,0.046122
3877.3,0.046107
3878.2,0.045396
3879.1,0.044181
3880.0,0.043591
3880.9,0.043322
3881.8,0.043355
3882.7,0.043805
3883.6,0.044534
3884.5,0.044681
3885.4,0.044547
3886.3,0.043976
3887.2,0.04328
3888.1,0.043278
3889.0,0.044598
3889.9,0.046724
3890.8,0.049432
3891.7,0.052734
3892.6,0.05524
3893.5,0.057218
3894.4,0.058178
3895.3,0.058576
3896.2,0.058151
3897.1,0.058328
3898.0,0.057895
3898.9,0.057821
3899.8,0.057783
3900.7,0.05746
3901.6,0.057133
3902.51,0.05661
3903.41,0.055825
3904.31,0.055184
3905.21,0.054634
3906.11,0.054624
3907.01,0.055823
3907.91,0.057508
3908.81,0.060067
3909.71,0.062388
3910.61,0.065112
3911.51,0.067083
3912.41,0.068016
3913.31,0.068933
3914.21,0.068329
3915.11,0.067814
3916.01,0.066762
3916.91,0.064974
3917.81,0.063093
3918.71,0.060593
3919.61,0.057869
3920.51,0.055395
3921.41,0.053012
3922.31,0.051365
3923.21,0.05037
3924.11,0.049623
3925.01,0.04863
3925.91,0.047111
3926.81,0.044645
3927.71,0.041225
3928.61,0.037224
3929.51,0.032957
3930.41,0.028938
3931.31,0.025136
3932.21,0.022171
3933.11,0.019944
3934.01,0.018868
3934.91,0.018859
3935.81,0.020109
3936.71,0.02245
3937.61,0.025758
3938.51,0.02951
3939.42,0.033526
3940.32,0.03698
3941.22,0.039951
3942.12,0.042087
3943.02,0.04402
3943.92,0.045494
3944.82,0.047421
3945.72,0.049728
3946.62,0.052551
3947.52,0.055322
3948.42,0.058317
3949.32,0.060993
3950.22,0.062745
3951.12,0.064772
3952.02,0.06617
3952.92,0.066591
3953.82,0.066918
3954.72,0.06713
3955.62,0.066706
3956.52,0.06637
3957.42,0.064856
3958.32,0.063395
3959.22,0.061194
3960.12,0.058172
3961.02,0.054407
3961.92,0.050094
3962.82,0.045755
3963.72,0.041527
3964.62,0.03742
3965.52,0.033788
3966.42,0.030098
3967.32,0.026912
3968.22,0.024295
3969.12,0.022846
3970.02,0.022897
3970.92,0.024496
3971.82,0.027487
3972.72,0.031572
3973.62,0.036485
3974.52,0.041572
3975.42,0.046626
3976.32,0.051746
3977.22,0.056793
3978.13,0.061497
3979.03,0.065424
3979.93,0.068712
3980.83,0.0716
3981.73,0.073119
3982.63,0.074082
3983.53,0.074721
3984.43,0.075573
3985.33,0.076056
3986.23,0.077234
3987.13,0.078428
3988.03,0.079905
3988.93,0.080568
3989.83,0.081626
3990.73,0.082322
3991.63,0.083301
3992.53,0.083776
3993.43,0.083922
3994.33,0.083617
3995.23,0.083264
3996.13,0.082273
3997.03,0.081771
3997.93,0.081811
3998.83,0.082325
3999.73,0.083849
4000.63,0.085464
4001.53,0.087023
4002.43,0.08789
4003.33,0.087869
4004.23,0.086742
4005.13,0.084634
4006.03,0.083259
4006.93,0.082031
4007.83,0.082237
4008.73,0.083809
4009.63,0.085428
4010.53,0.087552
4011.43,0.088966
4012.33,0.090562
4013.23,0.091558
4014.13,0.092119
4015.03,0.092237
4015.93,0.09268
4016.84,0.09303
4017.74,0.093126
4018.64,0.092888
4019.54,0.09316
4020.44,0.093178
4021.34,0.093112
4022.24,0.093594
4023.14,0.092727
4024.04,0.092653
4024.94,0.093249
4025.84,0.093162
4026.74,0.093797
4027.64,0.09425
4028.54,0.09361
4029.44,0.092041
4030.34,0.088918
4031.24,0.085446
4032.14,0.082154
4033.04,0.079635
4033.94,0.07909
4034.84,0.079892
4035.74,0.082441
4036.64,0.086592
4037.54,0.090141
4038.44,0.093625
4039.34,0.095487
4040.24,0.096231
4041.14,0.095375
4042.04,0.093394
4042.94,0.090201
4043.84,0.086425
4044.74,0.081994
4045.64,0.07853
4046.54,0.076497
4047.44,0.076874
4048.34,0.079822
4049.24,0.083843
4050.14,0.08802
4051.04,0.091257
4051.94,0.093291
4052.84,0.093376
4053.74,0.093138
4054.65,0.091156
4055.55,0.089668
4056.45,0.088074
4057.35,0.086671
4058.25,0.086244
4059.15,0.085591
4060.05,0.085554
4060.95,0.084516
4061.85,0.083776
4062.75,0.081802
4063.65,0.079665
4064.55,0.078491
4065.45,0.078438
4066.35,0.079559
4067.25,0.081823
4068.15,0.083742
4069.05,0.086313
4069.95,0.086995
4070.85,0.087124
4071.75,0.086328
4072.65,0.086272
4073.55,0.085584
4074.45,0.08558
4075.35,0.08498
4076.25,0.0843
4077.15,0.083874
4078.05,0.083557
4078.95,0.084513
4079.85,0.08622
4080.75,0.089322
4081.65,0.091944
4082.55,0.093886
4083.45,0.095442
4084.35,0.096035
4085.25,0.096607
4086.15,0.097391
4087.05,0.099439
4087.95,0.101
4088.85,0.10327
4089.75,0.10452
4090.65,0.10542
4091.55,0.10463
4092.45,0.10375
4093.36,0.10208
4094.26,0.099811
4095.16,0.097719
4096.06,0.095085
4096.96,0.092695
4097.86,0.090312
4098.76,0.087497
4099.66,0.085203
4100.56,0.083034
4101.46,0.081299
4102.36,0.080378
4103.26,0.08092
4104.16,0.082729
4105.06,0.085407
4105.96,0.088549
4106.86,0.091458
4107.76,0.093366
4108.66,0.094206
4109.56,0.094883
4110.46,0.094371
4111.36,0.094309
4112.26,0.094739
4113.16,0.095254
4114.06,0.096486
4114.96,0.097572
4115.86,0.097966
4116.76,0.098864
4117.66,0.097993
4118.56,0.096958
4119.46,0.09622
4120.36,0.095673
4121.26,0.095282
4122.16,0.095056
4123.06,0.095654
4123.96,0.09603
4124.86,0.096563
4125.76,0.096955
4126.66,0.096869
4127.56,0.095988
4128.46,0.09499
4129.36,0.093251
4130.26,0.09139
4131.17,0.089134
4132.06,0.087639
4132.97,0.086266
4133.87,0.086089
4134.77,0.086849
4135.67,0.088761
4136.57,0.09108
4137.47,0.094003
4138.37,0.095606
4139.27,0.096834
4140.17,0.096675
4141.07,0.094833
4141.97,0.092187
4142.87,0.089061
4143.77,0.08646
4144.67,0.085069
4145.57,0.084999
4146.47,0.086318
4147.37,0.087672
4148.27,0.089526
4149.17,0.09107
4150.07,0.091323
4150.97,0.090616
4151.87,0.090304
4152.77,0.089552
4153.67,0.088973
4154.57,0.0885
4155.47,0.088849
4156.37,0.088656
4157.27,0.089741
4158.17,0.091058
4159.07,0.092709
4159.97,0.095071
4160.87,0.096713
4161.77,0.097898
4162.67,0.099343
4163.57,0.09963
4164.47,0.099366
4165.37,0.098563
4166.27,0.097411
4167.17,0.096203
4168.07,0.094493
4168.98,0.093948
4169.88,0.09268
4170.78,0.091602
4171.68,0.089782
4172.58,0.088203
4173.48,0.086556
4174.38,0.085706
4175.28,0.085006
4176.18,0.085554
4177.08,0.086444
4177.98,0.087312
4178.88,0.088668
4179.78,0.089649
4180.68,0.090107
4181.58,0.090596
4182.48,0.091425
4183.38,0.091604
4184.28,0.091923
4185.18,0.092224
4186.08,0.091972
4186.98,0.091579
4187.88,0.091067
4188.78,0.090899
4189.68,0.090985
4190.58,0.091745
4191.48,0.092726
4192.38,0.094535
4193.28,0.094841
4194.18,0.094825
4195.08,0.094091
4195.98,0.092144
4196.88,0.090074
4197.78,0.087608
4198.68,0.085419
4199.58,0.084148
4200.48,0.083291
4201.38,0.083613
4202.28,0.084638
4203.18,0.085548
4204.08,0.087536
4204.98,0.090211
4205.88,0.092639
4206.79,0.09502
4207.69,0.097235
4208.59,0.098764
4209.49,0.099675
4210.39,0.099856
4211.29,0.099778
4212.19,0.098673
4213.09,0.097986
4213.99,0.096204
4214.89,0.09539
4215.79,0.095031
4216.69,0.095167
4217.59,0.095583
4218.49,0.09766
4219.39,0.099558
4220.29,0.10108
4221.19,0.10066
4222.09,0.099064
4222.99,0.095734
4223.89,0.090296
4224.79,0.084842
4225.69,0.078551
4226.59,0.073744
4227.49,0.071841
4228.39,0.073121
4229.29,0.076832
4230.19,0.081128
4231.09,0.08652
4231.99,0.090563
4232.89,0.093003
4233.79,0.09416
4234.69,0.093643
4235.59,0.093072
4236.49,0.092282
4237.39,0.091853
4238.29,0.092177
4239.19,0.092985
4240.09,0.094587
4240.99,0.096642
4241.89,0.09873
4242.79,0.10091
4243.69,0.10282
4244.59,0.10421
4245.5,0.1044
4246.4,0.10347
4247.3,0.10146
4248.2,0.098666
4249.1,0.096176
4250.0,0.092819
4250.9,0.091106
4251.8,0.09024
4252.7,0.08985
4253.6,0.090132
4254.5,0.090416
4255.4,0.091673
4256.3,0.092087
4257.2,0.092999
4258.1,0.09319
4259.0,0.092973
4259.9,0.092063
4260.8,0.091708
4261.7,0.092352
4262.6,0.094396
4263.5,0.097091
4264.4,0.10057
4265.3,0.10309
4266.2,0.10417
4267.1,0.1041
4268.0,0.10213
4268.9,0.098358
4269.8,0.094227
4270.7,0.089512
4271.6,0.084876
4272.5,0.081439
4273.4,0.079612
4274.3,0.079455
4275.2,0.081507
4276.1,0.084578
4277.0,0.088698
4277.9,0.09245
4278.8,0.095121
4279.7,0.097174
4280.6,0.09765
4281.5,0.098157
4282.4,0.097826
4283.31,0.096871
4284.21,0.096005
4285.11,0.095227
4286.01,0.093779
4286.91,0.09246
4287.81,0.090382
4288.71,0.08841
4289.61,0.086636
4290.51,0.085501
4291.41,0.084798
4292.31,0.086169
4293.21,0.087555
4294.11,0.088517
4295.01,0.089155
4295.91,0.088912
4296.81,0.086586
4297.71,0.084025
4298.61,0.08008
4299.51,0.076342
4300.41,0.072909
4301.31,0.070842
4302.21,0.069313
4303.11,0.068699
4304.01,0.068304
4304.91,0.068228
4305.81,0.067375
4306.71,0.066384
4307.61,0.065321
4308.51,0.064774
4309.41,0.064785
4310.31,0.066277
4311.21,0.068662
4312.11,0.073112
4313.01,0.078446
4313.91,0.085258
4314.81,0.09224
4315.71,0.09966
4316.61,0.10655
4317.51,0.11252
4318.41,0.11636
4319.31,0.11856
4320.21,0.11854
4321.12,0.11598
4322.02,0.1116
4322.92,0.10641
4323.82,0.10092
4324.72,0.095803
4325.62,0.092223
4326.52,0.091312
4327.42,0.092904
4328.32,0.097271
4329.22,0.10227
4330.12,0.10769
4331.02,0.11217
4331.92,0.11506
4332.82,0.1175
4333.72,0.11865
4334.62,0.11845
4335.52,0.11686
4336.42,0.11398
4337.32,0.10983
4338.22,0.10495
4339.12,0.10032
4340.02,0.096225
4340.92,0.094697
4341.82,0.09462
4342.72,0.096396
4343.62,0.099772
4344.52,0.10362
4345.42,0.10764
4346.32,0.11058
4347.22,0.11339
4348.12,0.11435
4349.02,0.11504
4349.92,0.11397
4350.82,0.11264
4351.72,0.11034
4352.62,0.1077
4353.52,0.1069
4354.42,0.10623
4355.32,0.10704
4356.22,0.10876
4357.12,0.10996
4358.02,0.11233
4358.92,0.11294
4359.83,0.11454
4360.73,0.11595
4361.63,0.11766
4362.53,0.1182
4363.43,0.12008
4364.33,0.12118
4365.23,0.12203
4366.13,0.12162
4367.03,0.12039
4367.93,0.11886
4368.83,0.11762
4369.73,0.11614
4370.63,0.1145
4371.53,0.11299
4372.43,0.11158
4373.33,0.10936
4374.23,0.1085
4375.13,0.10696
4376.03,0.10671
4376.93,0.10703
4377.83,0.10741
4378.73,0.10885
4379.63,0.10855
4380.53,0.10649
4381.43,0.10391
4382.33,0.098997
4383.23,0.093778
4384.13,0.089754
4385.03,0.087708
4385.93,0.088079
4386.83,0.090391
4387.73,0.093673
4388.63,0.097293
4389.53,0.10017
4390.43,0.10224
4391.33,0.1043
4392.23,0.10569
4393.13,0.10735
4394.03,0.1088
4394.93,0.11
4395.83,0.112
4396.73,0.11305
4397.64,0.11403
4398.54,0.11492
4399.44,0.1148
4400.34,0.11395
4401.24,0.11235
4402.14,0.10968
4403.04,0.10643
4403.94,0.10391
4404.84,0.10148
4405.74,0.099578
4406.64,0.098998
4407.54,0.10022
4408.44,0.10272
4409.34,0.10639
4410.24,0.1104
4411.14,0.11404
4412.04,0.11681
4412.94,0.11822
4413.84,0.11833
4414.74,0.11704
4415.64,0.11573
4416.54,0.11514
4417.44,0.11564
4418.34,0.11674
4419.24,0.11867
4420.14,0.12021
4421.04,0.12105
4421.94,0.1208
4422.84,0.12053
4423.74,0.12009
4424.64,0.11866
4425.54,0.11859
4426.44,0.11817
4427.34,0.1183
4428.24,0.11876
4429.14,0.1186
4430.04,0.11874
4430.94,0.11867
4431.84,0.11769
4432.74,0.11639
4433.64,0.1158
4434.54,0.11458
4435.45,0.11432
4436.35,0.11504
4437.25,0.11648
4438.15,0.11782
4439.05,0.12069
4439.95,0.12173
4440.85,0.12215
4441.75,0.1219
4442.65,0.12109
4443.55,0.12121
4444.45,0.12108
4445.35,0.12249
4446.25,0.1241
4447.15,0.12545
4448.05,0.12752
4448.95,0.12783
4449.85,0.12785
4450.75,0.12724
4451.65,0.12542
4452.55,0.12339
4453.45,0.12101
4454.35,0.11815
4455.25,0.11469
4456.15,0.11231
4457.05,0.11049
4457.95,0.10928
4458.85,0.10891
4459.75,0.10927
4460.65,0.10907
4461.55,0.10992
4462.45,0.11082
4463.35,0.11333
4464.25,0.11468
4465.15,0.11711
4466.05,0.11847
4466.95,0.12077
4467.85,0.12107
4468.75,0.12175
4469.65,0.12222
4470.55,0.123
4471.45,0.12484
4472.35,0.12643
4473.25,0.12829
4474.16,0.13036
4475.06,0.13235
4475.96,0.13409
4476.86,0.13455
4477.76,0.1353
4478.66,0.13406
4479.56,0.13265
4480.46,0.13043
4481.36,0.12836
4482.26,0.1277
4483.16,0.12793
4484.06,0.12856
4484.96,0.12977
4485.86,0.1315
4486.76,0.13286
4487.66,0.13297
4488.56,0.13247
4489.46,0.13115
4490.36,0.12979
4491.26,0.12901
4492.16,0.12834
4493.06,0.12774
4493.96,0.12698
4494.86,0.12683
4495.76,0.1263
4496.66,0.12716
4497.56,0.12761
4498.46,0.13013
4499.36,0.13175
4500.26,0.13392
4501.16,0.13558
4502.06,0.1377
4502.96,0.13911
4503.86,0.14111
4504.76,0.1428
4505.66,0.14402
4506.56,0.14487
4507.46,0.14515
4508.36,0.14463
4509.26,0.14443
4510.17,0.14292
4511.06,0.14282
4511.97,0.14178
4512.87,0.14006
4513.77,0.13891
4514.67,0.1382
4515.57,0.1369
4516.47,0.13603
4517.37,0.13612
4518.27,0.13642
4519.17,0.13622
4520.07,0.13655
4520.97,0.13732
4521.87,0.13659
4522.77,0.13596
4523.67,0.13505
4524.57,0.13198
4525.47,0.12897
4526.37,0.12593
4527.27,0.12308
4528.17,0.1206
4529.07,0.1187
4529.97,0.1174
4530.87,0.11687
4531.77,0.1178
4532.67,0.11833
4533.57,0.11886
4534.47,0.11974
4535.37,0.1215
4536.27,0.12334
4537.17,0.12593
4538.07,0.12761
4538.97,0.13102
4539.87,0.13233
4540.77,0.13345
4541.67,0.13445
4542.57,0.13387
4543.47,0.13449
4544.37,0.13334
4545.27,0.1325
4546.17,0.1321
4547.07,0.13075
4547.97,0.13065
4548.88,0.13021
4549.77,0.12976
4550.68,0.13002
4551.58,0.12906
4552.48,0.12898
4553.38,0.12924
4554.28,0.12902
4555.18,0.13066
4556.08,0.13204
4556.98,0.13344
4557.88,0.13569
4558.78,0.13789
4559.68,0.13981
4560.58,0.14056
4561.48,0.14131
4562.38,0.14098
4563.28,0.14042
4564.18,0.13887
4565.08,0.13798
4565.98,0.13738
4566.88,0.1378
4567.78,0.1382
4568.68,0.13926
4569.58,0.13988
4570.48,0.14019
4571.38,0.14035
4572.28,0.14011
4573.18,0.14029
4574.08,0.14072
4574.98,0.14075
4575.88,0.14089
4576.78,0.14109
4577.68,0.14012
4578.58,0.13915
4579.48,0.13683
4580.38,0.13518
4581.28,0.13374
4582.18,0.13343
4583.08,0.13238
4583.98,0.13219
4584.88,0.13234
4585.78,0.13305
4586.69,0.13431
4587.58,0.13579
4588.49,0.13637
4589.39,0.13829
4590.29,0.1379
4591.19,0.13863
4592.09,0.1375
4592.99,0.13638
4593.89,0.13574
4594.79,0.13431
4595.69,0.13409
4596.59,0.13334
4597.49,0.13414
4598.39,0.13395
4599.29,0.134
4600.19,0.13397
4601.09,0.13397
4601.99,0.13407
4602.89,0.13446
4603.79,0.13505
4604.69,0.13631
4605.59,0.137
4606.49,0.13863
4607.39,0.14047
4608.29,0.14175
4609.19,0.14402
4610.09,0.14491
4610.99,0.14616
4611.89,0.14598
4612.79,0.14561
4613.69,0.14511
4614.59,0.14507
4615.49,0.14549
4616.39,0.14554
4617.29,0.14565
4618.19,0.14558
4619.09,0.14571
4619.99,0.14643
4620.89,0.1462
4621.79,0.14626
4622.69,0.14593
4623.59,0.14617
4624.5,0.14567
4625.4,0.14608
4626.3,0.14612
4627.2,0.14562
4628.1,0.14532
4629.0,0.14509
4629.9,0.1455
4630.8,0.14522
4631.7,0.14407
4632.6,0.14451
4633.5,0.14373
4634.4,0.14215
4635.3,0.14104
4636.2,0.14076
4637.1,0.13915
4638.0,0.13782
4638.9,0.13723
4639.8,0.13613
4640.7,0.13646
4641.6,0.13653
4642.5,0.13634
4643.4,0.13624
4644.3,0.13567
4645.2,0.13474
4646.1,0.13321
4647.0,0.13166
4647.9,0.13044
4648.8,0.1308
4649.7,0.13161
4650.6,0.1329
4651.5,0.1343
4652.4,0.13517
4653.3,0.13635
4654.2,0.13732
4655.1,0.13759
4656.0,0.1384
4656.9,0.13851
4657.8,0.14056
4658.7,0.14188
4659.6,0.14364
4660.5,0.14552
4661.4,0.14556
4662.3,0.14418
4663.21,0.14274
4664.11,0.14015
4665.01,0.13744
4665.91,0.13464
4666.81,0.13137
4667.71,0.12912
4668.61,0.12836
4669.51,0.12793
4670.41,0.12924
4671.31,0.13153
4672.21,0.13322
4673.11,0.13521
4674.01,0.13712
4674.91,0.13834
4675.81,0.1393
4676.71,0.13958
4677.61,0.13929
4678.51,0.13877
4679.41,0.13767
4680.31,0.13654
4681.21,0.13602
4682.11,0.13635
4683.01,0.13623
4683.91,0.13588
4684.81,0.13742
4685.71,0.13789
4686.61,0.13869
4687.51,0.13833
4688.41,0.13846
4689.31,0.1384
4690.21,0.13841
4691.11,0.13897
4692.01,0.13873
4692.91,0.1389
4693.81,0.13961
4694.71,0.14071
4695.61,0.14085
4696.51,0.14093
4697.41,0.14052
4698.31,0.13911
4699.21,0.13764
4700.12,0.13654
4701.02,0.13448
4701.92,0.1334
4702.82,0.13242
4703.72,0.13249
4704.62,0.13279
4705.52,0.13305
4706.42,0.13273
4707.32,0.13351
4708.22,0.13399
4709.12,0.1339
4710.02,0.13466
4710.92,0.13469
4711.82,0.13628
4712.72,0.13729
4713.62,0.13778
4714.52,0.1392
4715.42,0.13951
4716.32,0.14053
4717.22,0.14247
4718.12,0.14422
4719.02,0.14559
4719.92,0.14701
4720.82,0.14851
4721.72,0.14904
4722.62,0.14954
4723.52,0.14882
4724.42,0.14836
4725.32,0.14718
4726.22,0.14548
4727.12,0.14355
4728.02,0.14163
4728.92,0.1394
4729.82,0.1371
4730.72,0.136
4731.62,0.13647
4732.52,0.13662
4733.42,0.13803
4734.32,0.13875
4735.22,0.13984
4736.12,0.14106
4737.02,0.14135
4737.92,0.14187
4738.83,0.14299
4739.73,0.14304
4740.63,0.14385
4741.53,0.14369
4742.43,0.1444
4743.33,0.14503
4744.23,0.14587
4745.13,0.14698
4746.03,0.14692
4746.93,0.14792
4747.83,0.14876
4748.73,0.14824
4749.63,0.14843
4750.53,0.14819
4751.43,0.14806
4752.33,0.14773
4753.23,0.14633
4754.13,0.14539
4755.03,0.14449
4755.93,0.14385
4756.83,0.14283
4757.73,0.14224
4758.63,0.14253
4759.53,0.14251
4760.43,0.14188
4761.33,0.14118
4762.23,0.13976
4763.13,0.13835
4764.03,0.1373
4764.93,0.13501
4765.83,0.13475
4766.73,0.13462
4767.63,0.13558
4768.53,0.13603
4769.43,0.13778
4770.33,0.13951
4771.23,0.13985
4772.13,0.14115
4773.03,0.14241
4773.93,0.14356
4774.83,0.1455
4775.73,0.14584
4776.64,0.14644
4777.54,0.14663
4778.44,0.1468
4779.34,0.14625
4780.24,0.14656
4781.14,0.1458
4782.04,0.14425
4782.94,0.14289
4783.84,0.1423
4784.74,0.14105
4785.64,0.14031
4786.54,0.13969
4787.44,0.13921
4788.34,0.13946
4789.24,0.14013
4790.14,0.14025
4791.04,0.14159
4791.94,0.14321
4792.84,0.14502
4793.74,0.14625
4794.64,0.14801
4795.54,0.14954
4796.44,0.14948
4797.34,0.14946
4798.24,0.14956
4799.14,0.14836
4800.04,0.14771
4800.94,0.14752
4801.84,0.14667
4802.74,0.14704
4803.64,0.14784
4804.54,0.14711
4805.44,0.14678
4806.34,0.14602
4807.24,0.14561
4808.14,0.1455
4809.04,0.1454
4809.94,0.1451
4810.84,0.14458
4811.74,0.14546
4812.64,0.14645
4813.54,0.14741
4814.45,0.14766
4815.35,0.14877
4816.25,0.14921
4817.15,0.15002
4818.05,0.15102
4818.95,0.15192
4819.85,0.15234
4820.75,0.15147
4821.65,0.15018
4822.55,0.14991
4823.45,0.14842
4824.35,0.14759
4825.25,0.14632
4826.15,0.14569
4827.05,0.14588
4827.95,0.14587
4828.85,0.1456
4829.75,0.14545
4830.65,0.14481
4831.55,0.14532
4832.45,0.14478
4833.35,0.14501
4834.25,0.14515
4835.15,0.14513
4836.05,0.14575
4836.95,0.14584
4837.85,0.14566
4838.75,0.14473
4839.65,0.14477
4840.55,0.14429
4841.45,0.14365
4842.35,0.14327
4843.25,0.14417
4844.15,0.14381
4845.05,0.14519
4845.95,0.14525
4846.85,0.1462
4847.75,0.14636
4848.65,0.1465
4849.55,0.14618
4850.45,0.14589
4851.35,0.14509
4852.26,0.14496
4853.16,0.14429
4854.06,0.14192
4854.96,0.14158
4855.86,0.13891
4856.76,0.13693
4857.66,0.13432
4858.56,0.13142
4859.46,0.12825
4860.36,0.12548
4861.26,0.12252
4862.16,0.12217
4863.06,0.1219
4863.96,0.12283
4864.86,0.12523
4865.76,0.12749
4866.66,0.13027
4867.56,0.13326
4868.46,0.13422
4869.36,0.13477
4870.26,0.13445
4871.16,0.13341
4872.06,0.13317
4872.96,0.13301
4873.86,0.13331
4874.76,0.13377
4875.66,0.13598
4876.56,0.13842
4877.46,0.14
4878.36,0.14146
4879.26,0.14292
4880.16,0.14425
4881.06,0.14431
4881.96,0.14406
4882.86,0.14341
4883.76,0.14187
4884.66,0.14156
4885.56,0.13971
4886.46,0.13849
4887.36,0.13682
4888.26,0.13594
4889.17,0.13511
4890.07,0.13442
4890.97,0.13444
4891.87,0.13601
4892.77,0.13818
4893.67,0.14165
4894.57,0.14458
4895.47,0.14788
4896.37,0.15147
4897.27,0.15298
4898.17,0.15414
4899.07,0.15434
4899.97,0.15442
4900.87,0.15304
4901.77,0.15173
4902.67,0.15041
4903.57,0.15035
4904.47,0.15008
4905.37,0.15007
4906.27,0.15041
4907.17,0.15023
4908.07,0.14934
4908.97,0.14787
4909.87,0.1479
4910.77,0.14652
4911.67,0.14599
4912.57,0.14578
4913.47,0.14637
4914.37,0.14655
4915.27,0.14662
4916.17,0.14575
4917.07,0.14436
4917.97,0.14161
4918.87,0.13907
4919.77,0.13616
4920.67,0.1334
4921.57,0.13233
4922.47,0.13244
4923.37,0.13403
4924.27,0.1357
4925.17,0.13846
4926.07,0.14173
4926.98,0.14506
4927.88,0.14739
4928.78,0.15005
4929.68,0.15106
4930.58,0.15196
4931.48,0.15212
4932.38,0.15152
4933.28,0.15047
4934.18,0.14826
4935.08,0.14697
4935.98,0.14506
4936.88,0.14391
4937.78,0.14236
4938.68,0.14201
4939.58,0.142
4940.48,0.14242
4941.38,0.14367
4942.28,0.14622
4943.18,0.14845
4944.08,0.15076
4944.98,0.15178
4945.88,0.15378
4946.78,0.15456
4947.68,0.15512
4948.58,0.15565
4949.48,0.15619
4950.38,0.15648
4951.28,0.15643
4952.18,0.15596
4953.08,0.15403
4953.98,0.15244
4954.88,0.14978
4955.78,0.14638
4956.68,0.14337
4957.58,0.14069
4958.48,0.13921
4959.38,0.13931
4960.28,0.13997
4961.18,0.14134
4962.08,0.14322
4962.98,0.14474
4963.88,0.14575
4964.79,0.14519
4965.69,0.14565
4966.59,0.14399
4967.49,0.14325
4968.39,0.14336
4969.29,0.14292
4970.19,0.14368
4971.09,0.1447
4971.99,0.14589
4972.89,0.14684
4973.79,0.14793
4974.69,0.14841
4975.59,0.14824
4976.49,0.14807
4977.39,0.14678
4978.29,0.14506
4979.19,0.14328
4980.09,0.14087
4980.99,0.1384
4981.89,0.13563
4982.79,0.13392
4983.69,0.13263
4984.59,0.13237
4985.49,0.13267
4986.39,0.13419
4987.29,0.13619
4988.19,0.13793
4989.09,0.1394
4989.99,0.1412
4990.89,0.14246
4991.79,0.14257
4992.69,0.14327
4993.59,0.14309
4994.49,0.14423
4995.39,0.14408
4996.29,0.14402
4997.19,0.14295
4998.09,0.14246
4998.99,0.14157
4999.89,0.14001
5000.79,0.13831
5001.7,0.13657
5002.6,0.13542
5003.5,0.13465
5004.4,0.13338
5005.3,0.13234
5006.2,0.13208
5007.1,0.13188
5008.0,0.13199
5008.9,0.13225
5009.8,0.13266
5010.7,0.13334
5011.6,0.1325
5012.5,0.13198
5013.4,0.1307
5014.3,0.12979
5015.2,0.12901
5016.1,0.12841
5017.0,0.12887
5017.9,0.13004
5018.8,0.13019
5019.7,0.13193
5020.6,0.13296
5021.5,0.13349
5022.4,0.1333
5023.3,0.13431
5024.2,0.13502
5025.1,0.13556
5026.0,0.1358
5026.9,0.13703
5027.8,0.13782
5028.7,0.13822
5029.6,0.14044
5030.5,0.14198
5031.4,0.14251
5032.3,0.14386
5033.2,0.14468
5034.1,0.14462
5035.0,0.14416
5035.9,0.1419
5036.8,0.13993
5037.7,0.13716
5038.6,0.13492
5039.5,0.13288
5040.41,0.13106
5041.31,0.12987
5042.21,0.13027
5043.11,0.13133
5044.01,0.13382
5044.91,0.13685
5045.81,0.13888
5046.71,0.14116
5047.61,0.142
5048.51,0.14221
5049.41,0.14213
5050.31,0.14123
5051.21,0.14013
5052.11,0.13999
5053.01,0.14056
5053.91,0.14131
5054.81,0.14297
5055.71,0.1446
5056.61,0.14651
5057.51,0.14757
5058.41,0.14907
5059.31,0.14989
5060.21,0.15012
5061.11,0.14981
5062.01,0.14909
5062.91,0.14788
5063.81,0.14683
5064.71,0.1445
5065.61,0.14339
5066.51,0.14134
5067.41,0.14083
5068.31,0.14016
5069.21,0.13915
5070.11,0.14002
5071.01,0.14068
5071.91,0.14091
5072.81,0.14023
5073.71,0.14065
5074.61,0.1407
5075.51,0.14041
5076.42,0.14005
5077.31,0.13869
5078.21,0.13716
5079.12,0.13575
5080.02,0.13436
5080.92,0.13313
5081.82,0.13229
5082.72,0.13226
5083.62,0.13294
5084.52,0.13427
5085.42,0.13654
5086.32,0.13748
5087.22,0.13919
5088.12,0.14129
5089.02,0.14293
5089.92,0.1442
5090.82,0.14505
5091.72,0.1454
5092.62,0.14607
5093.52,0.14623
5094.42,0.14567
5095.32,0.1446
5096.22,0.1434
5097.12,0.14151
5098.02,0.14015
5098.92,0.13848
5099.82,0.13743
5100.72,0.13706
5101.62,0.1373
5102.52,0.13788
5103.42,0.13847
5104.32,0.1381
5105.22,0.13849
5106.12,0.13777
5107.02,0.13758
5107.92,0.1369
5108.82,0.1361
5109.72,0.13642
5110.62,0.13624
5111.52,0.13703
5112.42,0.1385
5113.32,0.14021
5114.22,0.14048
5115.12,0.14324
5116.03,0.14457
5116.93,0.14527
5117.83,0.14625
5118.73,0.1465
5119.63,0.14588
5120.53,0.14459
5121.43,0.14202
5122.33,0.14067
5123.23,0.13898
5124.13,0.13647
5125.03,0.13486
5125.93,0.13387
5126.83,0.13272
5127.73,0.13243
5128.63,0.13269
5129.53,0.13345
5130.43,0.13386
5131.33,0.13511
5132.23,0.13647
5133.13,0.13817
5134.03,0.13816
5134.93,0.1385
5135.83,0.13937
5136.73,0.13918
5137.63,0.13867
5138.53,0.13784
5139.43,0.13642
5140.33,0.13564
5141.23,0.1344
5142.13,0.13429
5143.03,0.13388
5143.93,0.13381
5144.83,0.13382
5145.73,0.13353
5146.63,0.13302
5147.53,0.13327
5148.43,0.13393
5149.33,0.13345
5150.23,0.13333
5151.13,0.13355
5152.03,0.13341
5152.94,0.13358
5153.84,0.13413
5154.74,0.13514
5155.64,0.13659
5156.54,0.13815
5157.44,0.13976
5158.34,0.14193
5159.24,0.14265
5160.14,0.14286
5161.04,0.14273
5161.94,0.14132
5162.84,0.13945
5163.74,0.1357
5164.64,0.13072
5165.54,0.12607
5166.44,0.12035
5167.34,0.11597
5168.24,0.1116
5169.14,0.10754
5170.04,0.10514
5170.94,0.10341
5171.84,0.10321
5172.74,0.10374
5173.64,0.10541
5174.54,0.10841
5175.44,0.11147
5176.34,0.11544
5177.24,0.11909
5178.14,0.12178
5179.04,0.12322
5179.94,0.12311
5180.84,0.12177
5181.74,0.11898
5182.64,0.11655
5183.54,0.11403
5184.44,0.11257
5185.34,0.11288
5186.24,0.1152
5187.14,0.11827
5188.04,0.12175
5188.94,0.12575
5189.84,0.12834
5190.75,0.13054
5191.65,0.13179
5192.55,0.13165
5193.45,0.13185
5194.35,0.1322
5195.25,0.13255
5196.15,0.13347
5197.05,0.13467
5197.95,0.13687
5198.85,0.13735
5199.75,0.13945
5200.65,0.13942
5201.55,0.13926
5202.45,0.13835
5203.35,0.13636
5204.25,0.13433
5205.15,0.13136
5206.05,0.12887
5206.95,0.12659
5207.85,0.12507
5208.75,0.12458
5209.65,0.12575
5210.55,0.12712
5211.45,0.12931
5212.35,0.13249
5213.25,0.13517
5214.15,0.13812
5215.05,0.13907
5215.95,0.14092
5216.85,0.14271
5217.75,0.14298
5218.65,0.14406
5219.55,0.14489
5220.45,0.14491
5221.35,0.14571
5222.25,0.14515
5223.15,0.14362
5224.05,0.14171
5224.95,0.13956
5225.85,0.13721
5226.75,0.1348
5227.66,0.13435
5228.56,0.1344
5229.46,0.13493
5230.36,0.13691
5231.26,0.13865
5232.16,0.13992
5233.06,0.14221
5233.96,0.14253
5234.86,0.14382
5235.76,0.1445
5236.66,0.14632
5237.56,0.14807
5238.46,0.15006
5239.36,0.15036
5240.26,0.15216
5241.16,0.15233
5242.06,0.1527
5242.96,0.15239
5243.86,0.15238
5244.76,0.15134
5245.66,0.15089
5246.56,0.14916
5247.46,0.14797
5248.36,0.14634
5249.26,0.145
5250.16,0.14433
5251.06,0.14242
5251.96,0.14262
5252.86,0.14287
5253.76,0.14381
5254.66,0.14452
5255.56,0.14609
5256.46,0.14757
5257.36,0.1487
5258.26,0.14945
5259.16,0.15031
5260.06,0.1489
5260.96,0.14709
5261.86,0.1448
5262.76,0.14095
5263.66,0.13665
5264.56,0.13365
5265.47,0.12957
5266.37,0.12673
5267.27,0.1246
5268.17,0.12288
5269.07,0.12223
5269.97,0.12291
5270.87,0.12305
5271.77,0.12578
5272.67,0.12789
5273.57,0.13149
5274.47,0.13444
5275.37,0.13872
5276.27,0.14141
5277.17,0.14379
5278.07,0.14643
5278.97,0.14773
5279.87,0.14953
5280.77,0.14894
5281.67,0.14932
5282.57,0.14892
5283.47,0.1489
5284.37,0.14902
5285.27,0.14993
5286.17,0.15239
5287.07,0.15347
5287.97,0.156
5288.87,0.15777
5289.77,0.15938
5290.67,0.15914
5291.57,0.1603
5292.47,0.16007
5293.37,0.15878
5294.27,0.15754
5295.17,0.15521
5296.07,0.15283
5296.97,0.15079
5297.87,0.14824
5298.77,0.14772
5299.67,0.14666
5300.57,0.1464
5301.48,0.1475
5302.38,0.14984
5303.27,0.15103
5304.18,0.15307
5305.08,0.15558
5305.98,0.15749
5306.88,0.15894
5307.78,0.1603
5308.68,0.16111
5309.58,0.16189
5310.48,0.16221
5311.38,0.16231
5312.28,0.16281
5313.18,0.16134
5314.08,0.16096
5314.98,0.16044
5315.88,0.15959
5316.78,0.15938
5317.68,0.15726
5318.58,0.15748
5319.48,0.1567
5320.38,0.15582
5321.28,0.15456
5322.18,0.15322
5323.08,0.15159
5323.98,0.14941
5324.88,0.14696
5325.78,0.14421
5326.68,0.14182
5327.58,0.1396
5328.48,0.1382
5329.38,0.13712
5330.28,0.13789
5331.18,0.14003
5332.08,0.14158
5332.98,0.14449
5333.88,0.14817
5334.78,0.15018
5335.68,0.15161
5336.58,0.15355
5337.48,0.15348
5338.38,0.15385
5339.28,0.15339
5340.19,0.15188
5341.08,0.151
5341.99,0.15043
5342.89,0.15044
5343.79,0.15058
5344.69,0.15078
5345.59,0.15074
5346.49,0.15161
5347.39,0.15164
5348.29,0.15235
5349.19,0.15256
5350.09,0.15299
5350.99,0.15477
5351.89,0.15621
5352.79,0.15688
5353.69,0.15895
5354.59,0.16069
5355.49,0.16251
5356.39,0.16396
5357.29,0.16508
5358.19,0.16517
5359.09,0.16581
5359.99,0.16442
5360.89,0.16475
5361.79,0.16295
5362.69,0.1616
5363.59,0.15958
5364.49,0.15812
5365.39,0.15694
5366.29,0.15455
5367.19,0.1537
5368.09,0.15164
5368.99,0.1499
5369.89,0.14867
5370.79,0.14747
5371.69,0.14763
5372.59,0.1478
5373.49,0.14919
5374.39,0.15121
5375.29,0.15325
5376.19,0.15513
5377.09,0.15773
5378.0,0.1588
5378.9,0.15956
5379.8,0.15977
5380.7,0.1596
5381.6,0.16043
5382.5,0.15979
5383.4,0.15908
5384.3,0.1587
5385.2,0.15859
5386.1,0.15856
5387.0,0.15792
5387.9,0.15699
5388.8,0.15632
5389.7,0.15521
5390.6,0.15427
5391.5,0.15284
5392.4,0.15197
5393.3,0.14993
5394.2,0.14915
5395.1,0.14834
5396.0,0.14762
5396.9,0.14665
5397.8,0.14643
5398.7,0.14641
5399.6,0.14659
5400.5,0.14719
5401.4,0.14757
5402.3,0.14751
5403.2,0.14686
5404.1,0.14604
5405.0,0.14465
5405.9,0.14336
5406.8,0.14285
5407.7,0.14192
5408.6,0.1428
5409.5,0.1432
5410.4,0.14395
5411.3,0.14654
5412.2,0.148
5413.1,0.14979
5414.0,0.15207
5414.9,0.15366
5415.81,0.15569
5416.71,0.15682
5417.61,0.15785
5418.51,0.15795
5419.41,0.15884
5420.31,0.15842
5421.21,0.1582
5422.11,0.15776
5423.01,0.15697
5423.91,0.15711
5424.81,0.1565
5425.71,0.15617
5426.61,0.15517
5427.51,0.15425
5428.41,0.15401
5429.31,0.15292
5430.21,0.15154
5431.11,0.1502
5432.01,0.14913
5432.91,0.14874
5433.81,0.14834
5434.71,0.14859
5435.61,0.149
5436.51,0.15002
5437.41,0.15145
5438.31,0.15418
5439.21,0.15573
5440.11,0.15808
5441.01,0.15869
5441.91,0.16035
5442.81,0.16036
5443.71,0.15961
5444.61,0.15852
5445.51,0.15694
5446.41,0.15443
5447.31,0.15312
5448.21,0.15203
5449.11,0.15103
5450.01,0.15101
5450.91,0.15152
5451.81,0.15151
5452.72,0.15114
5453.62,0.1517
5454.52,0.15091
5455.42,0.15065
5456.32,0.15055
5457.22,0.14967
5458.12,0.15048
5459.02,0.15107
5459.92,0.15096
5460.82,0.15215
5461.72,0.15173
5462.62,0.15234
5463.52,0.15208
5464.42,0.15221
5465.32,0.15171
5466.22,0.1526
5467.12,0.15358
5468.02,0.15353
5468.92,0.1536
5469.82,0.15367
5470.72,0.15323
5471.62,0.15236
5472.52,0.15161
5473.42,0.15052
5474.32,0.14923
5475.22,0.14804
5476.12,0.1477
5477.02,0.14602
5477.92,0.14621
5478.82,0.14654
5479.72,0.14621
5480.62,0.14726
5481.52,0.14772
5482.42,0.14828
5483.32,0.14924
5484.22,0.15075
5485.12,0.15133
5486.02,0.15196
5486.92,0.15247
5487.82,0.15308
5488.72,0.15324
5489.62,0.1531
5490.53,0.15422
5491.43,0.15414
5492.33,0.15435
5493.23,0.1542
5494.13,0.15429
5495.03,0.15372
5495.93,0.1542
5496.83,0.15405
5497.73,0.15389
5498.63,0.15418
5499.53,0.15376
5500.43,0.15319
5501.33,0.15302
5502.23,0.15255
5503.13,0.15248
5504.03,0.15165
5504.93,0.15113
5505.83,0.15103
5506.73,0.15082
5507.63,0.15097
5508.53,0.15001
5509.43,0.15002
5510.33,0.15067
5511.23,0.14997
5512.13,0.14939
5513.03,0.14897
5513.93,0.14884
5514.83,0.14937
5515.73,0.14958
5516.63,0.15056
5517.53,0.15175
5518.43,0.15318
5519.33,0.15555
5520.23,0.15626
5521.13,0.15729
5522.03,0.15788
5522.93,0.1584
5523.83,0.1579
5524.73,0.15724
5525.63,0.15582
5526.54,0.15539
5527.44,0.15388
5528.33,0.1531
5529.24,0.15246
5530.14,0.15233
5531.04,0.15232
5531.94,0.15325
5532.84,0.15311
5533.74,0.15364
5534.64,0.15459
5535.54,0.15507
5536.44,0.15505
5537.34,0.1556
5538.24,0.15624
5539.14,0.15679
5540.04,0.157
5540.94,0.15756
5541.84,0.15809
5542.74,0.15833
5543.64,0.15826
5544.54,0.15854
5545.44,0.15836
5546.34,0.15903
5547.24,0.15938
5548.14,0.15944
5549.04,0.15959
5549.94,0.16066
5550.84,0.16133
5551.74,0.16036
5552.64,0.16039
5553.54,0.16
5554.44,0.15971
5555.34,0.15908
5556.24,0.15816
5557.14,0.15814
5558.04,0.15813
5558.94,0.15705
5559.84,0.15823
5560.74,0.15609
5561.64,0.15694
5562.54,0.15539
5563.44,0.15543
5564.34,0.15473
5565.25,0.15444
5566.15,0.15367
5567.05,0.15313
5567.95,0.15263
5568.85,0.15317
5569.75,0.15245
5570.65,0.15281
5571.55,0.15322
5572.45,0.15278
5573.35,0.15362
5574.25,0.15421
5575.15,0.15443
5576.05,0.15483
5576.95,0.15531
5577.85,0.1561
5578.75,0.15673
5579.65,0.15729
5580.55,0.15721
5581.45,0.15663
5582.35,0.15591
5583.25,0.1549
5584.15,0.15431
5585.05,0.15215
5585.95,0.15106
5586.85,0.14884
5587.75,0.14786
5588.65,0.14604
5589.55,0.14572
5590.45,0.14564
5591.35,0.14522
5592.25,0.14622
5593.15,0.14682
5594.05,0.14767
5594.95,0.14867
5595.85,0.14982
5596.75,0.15019
5597.65,0.15069
5598.55,0.15089
5599.45,0.14985
5600.35,0.14988
5601.25,0.14945
5602.15,0.14953
5603.06,0.14926
5603.96,0.15144
5604.86,0.15203
5605.76,0.15372
5606.66,0.15495
5607.56,0.15732
5608.46,0.15866
5609.36,0.15985
5610.26,0.16001
5611.16,0.15996
5612.06,0.15954
5612.96,0.15801
5613.86,0.15671
5614.76,0.15488
5615.66,0.15371
5616.56,0.15258
5617.46,0.15159
5618.36,0.15144
5619.26,0.15067
5620.16,0.15165
5621.06,0.15197
5621.96,0.15229
5622.86,0.15255
5623.76,0.15258
5624.66,0.15242
5625.56,0.15223
5626.46,0.1524
5627.36,0.15324
5628.26,0.15372
5629.16,0.15499
5630.06,0.15568
5630.96,0.15668
5631.86,0.15789
5632.76,0.15702
5633.66,0.1573
5634.56,0.15745
5635.46,0.15725
5636.36,0.15593
5637.26,0.15598
5638.16,0.15446
5639.06,0.15485
5639.96,0.15383
5640.86,0.15364
5641.77,0.15406
5642.67,0.15344
5643.57,0.15364
5644.47,0.15381
5645.37,0.15449
5646.27,0.15476
5647.17,0.15522
5648.07,0.1554
5648.97,0.15573
5649.87,0.15605
5650.77,0.15696
5651.67,0.15654
5652.57,0.15617
5653.47,0.15609
5654.37,0.15621
5655.27,0.1553
5656.17,0.15414
5657.07,0.15312
5657.97,0.15192
5658.87,0.15115
5659.77,0.1506
5660.67,0.15005
5661.57,0.14975
5662.47,0.15059
5663.37,0.15089
5664.27,0.15103
5665.17,0.15199
5666.07,0.1532
5666.97,0.15357
5667.87,0.15393
5668.77,0.15538
5669.67,0.15531
5670.57,0.15558
5671.47,0.15657
5672.37,0.15686
5673.27,0.15757
5674.17,0.1587
5675.07,0.15969
5675.97,0.15965
5676.88,0.16088
5677.77,0.16038
5678.68,0.16039
5679.58,0.16012
5680.48,0.15903
5681.38,0.15838
5682.28,0.15785
5683.18,0.15658
5684.08,0.15638
5684.98,0.15578
5685.88,0.15575
5686.78,0.15481
5687.68,0.15506
5688.58,0.15553
5689.48,0.15602
5690.38,0.15641
5691.28,0.15714
5692.18,0.15792
5693.08,0.15866
5693.98,0.15923
5694.88,0.15866
5695.78,0.15919
5696.68,0.15928
5697.58,0.15835
5698.48,0.1576
5699.38,0.1569
5700.28,0.15621
5701.18,0.15549
5702.08,0.15388
5702.98,0.15367
5703.88,0.15341
5704.78,0.15257
5705.68,0.15203
5706.58,0.15071
5707.48,0.15025
5708.38,0.14981
5709.28,0.14905
5710.18,0.14882
5711.08,0.14861
5711.98,0.14937
5712.88,0.15039
5713.78,0.15113
5714.68,0.15281
5715.59,0.15508
5716.49,0.15633
5717.39,0.15771
5718.29,0.15916
5719.19,0.16058
5720.09,0.16112
5720.99,0.16224
5721.89,0.16273
5722.79,0.16299
5723.69,0.16339
5724.59,0.16336
5725.49,0.16345
5726.39,0.16296
5727.29,0.16213
5728.19,0.16248
5729.09,0.16182
5729.99,0.161
5730.89,0.16082
5731.79,0.16139
5732.69,0.16183
5733.59,0.16159
5734.49,0.16174
5735.39,0.16207
5736.29,0.16236
5737.19,0.16245
5738.09,0.16274
5738.99,0.16298
5739.89,0.16323
5740.79,0.16335
5741.69,0.16328
5742.59,0.16255
5743.49,0.16254
5744.39,0.16265
5745.29,0.16336
5746.19,0.16317
5747.09,0.16262
5747.99,0.16293
5748.89,0.16268
5749.79,0.16244
5750.69,0.16115
5751.59,0.16132
5752.5,0.16096
5753.4,0.16047
5754.3,0.15957
5755.2,0.15954
5756.1,0.15978
5757.0,0.16
5757.9,0.16048
5758.8,0.16106
5759.7,0.1604
5760.6,0.16016
5761.5,0.15984
5762.4,0.16007
5763.3,0.15918
5764.2,0.16019
5765.1,0.16061
5766.0,0.16184
5766.9,0.16211
5767.8,0.16289
5768.7,0.16332
5769.6,0.16375
5770.5,0.16305
5771.4,0.16377
5772.3,0.16378
5773.2,0.16406
5774.1,0.16231
5775.0,0.16288
5775.9,0.16241
5776.8,0.16157
5777.7,0.16047
5778.6,0.15983
5779.5,0.15918
5780.4,0.15757
5781.3,0.15644
5782.2,0.15487
5783.1,0.15442
5784.0,0.15335
5784.9,0.15328
5785.8,0.15293
5786.7,0.15269
5787.6,0.15431
5788.5,0.15436
5789.41,0.15598
5790.31,0.15678
5791.21,0.15745
5792.11,0.15929
5793.01,0.16022
5793.91,0.16122
5794.81,0.16156
5795.71,0.16254
5796.61,0.16249
5797.51,0.1631
5798.41,0.16369
5799.31,0.16378
5800.21,0.16448
5801.11,0.16504
5802.01,0.16519
5802.91,0.16519
5803.81,0.16591
5804.71,0.16484
5805.61,0.16453
5806.51,0.16452
5807.41,0.16466
5808.31,0.16434
5809.21,0.16367
5810.11,0.16422
5811.01,0.16362
5811.91,0.16442
5812.81,0.16317
5813.71,0.16353
5814.61,0.16333
5815.51,0.16402
5816.41,0.16442
5817.31,0.16361
5818.21,0.1636
5819.11,0.16438
5820.01,0.16481
5820.91,0.16419
5821.81,0.16539
5822.71,0.16588
5823.61,0.16635
5824.51,0.16646
5825.41,0.1661
5826.31,0.16641
5827.22,0.16697
5828.12,0.16729
5829.02,0.16709
5829.92,0.16649
5830.82,0.16717
5831.72,0.16714
5832.62,0.16701
5833.52,0.16689
5834.42,0.16594
5835.32,0.16548
5836.22,0.16605
5837.12,0.1663
5838.02,0.16593
5838.92,0.16558
5839.82,0.16573
5840.72,0.16614
5841.62,0.16591
5842.52,0.16621
5843.42,0.16655
5844.32,0.16635
5845.22,0.16612
5846.12,0.16582
5847.02,0.16471
5847.92,0.16393
5848.82,0.16281
5849.72,0.16283
5850.62,0.16178
5851.52,0.16096
5852.42,0.15987
5853.32,0.15896
5854.22,0.15824
5855.12,0.15663
5856.02,0.15618
5856.92,0.15531
5857.82,0.15523
5858.72,0.1551
5859.62,0.15479
5860.52,0.15508
5861.42,0.15512
5862.32,0.15622
5863.23,0.1564
5864.12,0.15729
5865.03,0.15794
5865.93,0.15795
5866.83,0.15825
5867.73,0.15895
5868.63,0.15854
5869.53,0.15938
5870.43,0.15971
5871.33,0.16047
5872.23,0.16061
5873.13,0.16076
5874.03,0.16047
5874.93,0.16088
5875.83,0.16033
5876.73,0.15983
5877.63,0.15924
5878.53,0.15849
5879.43,0.15827
5880.33,0.15761
5881.23,0.15668
5882.13,0.15546
5883.03,0.15377
5883.93,0.15273
5884.83,0.1518
5885.73,0.14888
5886.63,0.14695
5887.53,0.14279
5888.43,0.13939
5889.33,0.13603
5890.23,0.13271
5891.13,0.12978
5892.03,0.12764
5892.93,0.12619
5893.83,0.12579
5894.73,0.12588
5895.63,0.12683
5896.53,0.12802
5897.43,0.1297
5898.33,0.13236
5899.23,0.13514
5900.13,0.13827
5901.04,0.14186
5901.94,0.14467
5902.83,0.14762
5903.74,0.14949
5904.64,0.15096
5905.54,0.15307
5906.44,0.1543
5907.34,0.15508
5908.24,0.15548
5909.14,0.1558
5910.04,0.15632
5910.94,0.15555
5911.84,0.1561
5912.74,0.15615
5913.64,0.15534
5914.54,0.15503
5915.44,0.15483
5916.34,0.15503
5917.24,0.15478
5918.14,0.15506
5919.04,0.15519
5919.94,0.15569
5920.84,0.15619
5921.74,0.15651
5922.64,0.15655
5923.54,0.15696
5924.44,0.15741
5925.34,0.15788
5926.24,0.15788
5927.14,0.15796
5928.04,0.1576
5928.94,0.15746
5929.84,0.1572
5930.74,0.15735
5931.64,0.15676
5932.54,0.15673
5933.44,0.15718
5934.34,0.15672
5935.24,0.1571
5936.14,0.15796
5937.04,0.15793
5937.94,0.15776
5938.85,0.15757
5939.75,0.15802
5940.65,0.15854
5941.55,0.15847
5942.45,0.15848
5943.35,0.15827
5944.25,0.15829
5945.15,0.15799
5946.05,0.15832
5946.95,0.15838
5947.85,0.15796
5948.75,0.15766
5949.65,0.15702
5950.55,0.15746
5951.45,0.15733
5952.35,0.15687
5953.25,0.15638
5954.15,0.15652
5955.05,0.15632
5955.95,0.15591
5956.85,0.15655
5957.75,0.15664
5958.65,0.15702
5959.55,0.15784
5960.45,0.15772
5961.35,0.15858
5962.25,0.15898
5963.15,0.15979
5964.05,0.15992
5964.95,0.16042
5965.85,0.16006
5966.75,0.16038
5967.65,0.16082
5968.55,0.16035
5969.45,0.16092
5970.35,0.16044
5971.25,0.1615
5972.15,0.16177
5973.05,0.16133
5973.95,0.16111
5974.85,0.16084
5975.75,0.15972
5976.65,0.15977
5977.56,0.15934
5978.46,0.15854
5979.36,0.15875
5980.26,0.1576
5981.16,0.15723
5982.06,0.15756
5982.96,0.15737
5983.86,0.15745
5984.76,0.15652
5985.66,0.15681
5986.56,0.15686
5987.46,0.15725
5988.36,0.15737
5989.26,0.15757
5990.16,0.15861
5991.06,0.15886
5991.96,0.1592
5992.86,0.15954
5993.76,0.15997
5994.66,0.16017
5995.56,0.15984
5996.46,0.16024
5997.36,0.16003
5998.26,0.15948
5999.16,0.15933
6000.06,0.15962
6000.96,0.15922
6001.86,0.15807
6002.76,0.15784
6003.66,0.15756
6004.56,0.15744
6005.46,0.15696
6006.36,0.15798
6007.26,0.15664
6008.16,0.15675
6009.06,0.15668
6009.96,0.15689
6010.86,0.15641
6011.76,0.15692
6012.67,0.15681
6013.56,0.15651
6014.47,0.15672
6015.37,0.15633
6016.27,0.15645
6017.17,0.15654
6018.07,0.15623
6018.97,0.15591
6019.87,0.15609
6020.77,0.1559
6021.67,0.15584
6022.57,0.1561
6023.47,0.1566
6024.37,0.15631
6025.27,0.15771
6026.17,0.15809
6027.07,0.15909
6027.97,0.15936
6028.87,0.1603
6029.77,0.16112
6030.67,0.16127
6031.57,0.16194
6032.47,0.1624
6033.37,0.16304
6034.27,0.16326
6035.17,0.16433
6036.07,0.16344
6036.97,0.16397
6037.87,0.16382
6038.77,0.16383
6039.67,0.16306
6040.57,0.16359
6041.47,0.16409
6042.37,0.16362
6043.27,0.16429
6044.17,0.16412
6045.07,0.1641
6045.97,0.1648
6046.87,0.16487
6047.77,0.16507
6048.67,0.16571
6049.57,0.16589
6050.47,0.16535
6051.38,0.16537
6052.28,0.16515
6053.18,0.1647
6054.08,0.16378
6054.98,0.16357
6055.88,0.16311
6056.78,0.1628
6057.68,0.16246
6058.58,0.16256
6059.48,0.16238
6060.38,0.16222
6061.28,0.16122
6062.18,0.16146
6063.08,0.16165
6063.98,0.16113
6064.88,0.16059
6065.78,0.16131
6066.68,0.16104
6067.58,0.16148
6068.48,0.16261
6069.38,0.16343
6070.28,0.16375
6071.18,0.16485
6072.08,0.16545
6072.98,0.16568
6073.88,0.16667
6074.78,0.16573
6075.68,0.16558
6076.58,0.16531
6077.48,0.16428
6078.38,0.16342
6079.28,0.1628
6080.18,0.16153
6081.08,0.16151
6081.98,0.16123
6082.88,0.16018
6083.78,0.15959
6084.68,0.15981
6085.58,0.16031
6086.48,0.16008
6087.38,0.16006
6088.28,0.15985
6089.19,0.15992
6090.09,0.16014
6090.99,0.16008
6091.89,0.1596
6092.79,0.15963
6093.69,0.15963
6094.59,0.16083
6095.49,0.16121
6096.39,0.16146
6097.29,0.16093
6098.19,0.1606
6099.09,0.16099
6099.99,0.16002
6100.89,0.15964
6101.79,0.15891
6102.69,0.15848
6103.59,0.15773
6104.49,0.15773
6105.39,0.15813
6106.29,0.15822
6107.19,0.15869
6108.09,0.1586
6108.99,0.15948
6109.89,0.1601
6110.79,0.16084
6111.69,0.16208
6112.59,0.16191
6113.49,0.16237
6114.39,0.16209
6115.29,0.16299
6116.19,0.16244
6117.09,0.16191
6117.99,0.16141
6118.89,0.16046
6119.79,0.15978
6120.69,0.15927
6121.59,0.15756
6122.49,0.15763
6123.39,0.15672
6124.29,0.1565
6125.19,0.15649
6126.1,0.1572
6127.0,0.15772
6127.9,0.15845
6128.8,0.15863
6129.7,0.15987
6130.6,0.16047
6131.5,0.15935
6132.4,0.15923
6133.3,0.15954
6134.2,0.15854
6135.1,0.1577
6136.0,0.15592
6136.9,0.15495
6137.8,0.1545
6138.7,0.15399
6139.6,0.1541
6140.5,0.15461
6141.4,0.15561
6142.3,0.15608
6143.2,0.15731
6144.1,0.15911
6145.0,0.16029
6145.9,0.16015
6146.8,0.16005
6147.7,0.16074
6148.6,0.16035
6149.5,0.16048
6150.4,0.15997
6151.3,0.15952
6152.2,0.15925
6153.1,0.15808
6154.0,0.15881
6154.9,0.15733
6155.8,0.15723
6156.7,0.15615
6157.6,0.15479
6158.5,0.1541
6159.4,0.15171
6160.3,0.15034
6161.2,0.14793
6162.1,0.14667
6163.01,0.14594
6163.91,0.1442
6164.81,0.14367
6165.71,0.14363
6166.61,0.14353
6167.51,0.1431
6168.41,0.14475
6169.31,0.14528
6170.21,0.14565
6171.11,0.14637
6172.01,0.14736
6172.91,0.14829
6173.81,0.14892
6174.71,0.1492
6175.61,0.15073
6176.51,0.15109
6177.41,0.15261
6178.31,0.15273
6179.21,0.1537
6180.11,0.15492
6181.01,0.15526
6181.91,0.15489
6182.81,0.15468
6183.71,0.15537
6184.61,0.15435
6185.51,0.15406
6186.41,0.15379
6187.31,0.15291
6188.21,0.15124
6189.11,0.15103
6190.01,0.14962
6190.91,0.14974
6191.81,0.14952
6192.71,0.14917
6193.61,0.14977
6194.51,0.14977
6195.41,0.15062
6196.31,0.15104
6197.21,0.15209
6198.11,0.15232
6199.01,0.1522
6199.92,0.15328
6200.82,0.15288
6201.72,0.1536
6202.62,0.15394
6203.52,0.15408
6204.42,0.15481
6205.32,0.15547
6206.22,0.15578
6207.12,0.15538
6208.02,0.15509
6208.92,0.15581
6209.82,0.15476
6210.72,0.15361
6211.62,0.15318
6212.52,0.15214
6213.42,0.15129
6214.32,0.14969
6215.22,0.14929
6216.12,0.14775
6217.02,0.14672
6217.92,0.14612
6218.82,0.14633
6219.72,0.14582
6220.62,0.14624
6221.52,0.14716
6222.42,0.14684
6223.32,0.14693
6224.22,0.14742
6225.12,0.1479
6226.02,0.14791
6226.92,0.14772
6227.82,0.14716
6228.72,0.14703
6229.62,0.14616
6230.52,0.1463
6231.42,0.14582
6232.32,0.14589
6233.22,0.14614
6234.12,0.14583
6235.02,0.14695
6235.92,0.14752
6236.83,0.14754
6237.73,0.14834
6238.63,0.14738
6239.53,0.14732
6240.43,0.14792
6241.33,0.14695
6242.23,0.14597
6243.13,0.1458
6244.03,0.14547
6244.93,0.14518
6245.83,0.14544
6246.73,0.14584
6247.63,0.14563
6248.53,0.14626
6249.43,0.1464
6250.33,0.14692
6251.23,0.14648
6252.13,0.14615
6253.03,0.14524
6253.93,0.14513
6254.83,0.14397
6255.73,0.14329
6256.63,0.14259
6257.53,0.14296
6258.43,0.1424
6259.33,0.14224
6260.23,0.14328
6261.13,0.14376
6262.03,0.14518
6262.93,0.14547
6263.83,0.1473
6264.73,0.14744
6265.63,0.14859
6266.53,0.14933
6267.43,0.14979
6268.33,0.15019
6269.23,0.14988
6270.13,0.1514
6271.03,0.15101
6271.93,0.15153
6272.83,0.15146
6273.73,0.15204
6274.64,0.1521
6275.54,0.15202
6276.44,0.1519
6277.34,0.15242
6278.24,0.15274
6279.14,0.15217
6280.04,0.15195
6280.94,0.15207
6281.84,0.15204
6282.74,0.15235
6283.64,0.15243
6284.54,0.15265
6285.44,0.15333
6286.34,0.15438
6287.24,0.15427
6288.14,0.15516
6289.04,0.15523
6289.94,0.15532
6290.84,0.15512
6291.74,0.15464
6292.64,0.15492
6293.54,0.15399
6294.44,0.15318
6295.34,0.15336
6296.24,0.1521
6297.14,0.15246
6298.04,0.15138
6298.94,0.15045
6299.84,0.15071
6300.74,0.1504
6301.64,0.14984
6302.54,0.15024
6303.44,0.15068
6304.34,0.1513
6305.24,0.15195
6306.14,0.15272
6307.04,0.15275
6307.94,0.15361
6308.84,0.154
6309.74,0.15424
6310.64,0.15484
6311.54,0.15441
6312.45,0.15395
6313.35,0.15371
6314.25,0.15223
6315.15,0.15215
6316.05,0.15217
6316.95,0.15087
6317.85,0.15138
6318.75,0.15083
6319.65,0.1514
6320.55,0.15116
6321.45,0.15204
6322.35,0.15188
6323.25,0.1532
6324.15,0.15385
6325.05,0.15415
6325.95,0.15457
6326.85,0.15558
6327.75,0.15586
6328.65,0.15607
6329.55,0.15657
6330.45,0.15639
6331.35,0.15691
6332.25,0.1566
6333.15,0.15618
6334.05,0.15622
6334.95,0.15546
6335.85,0.15556
6336.75,0.15435
6337.65,0.15401
6338.55,0.15383
6339.45,0.15485
6340.35,0.15381
6341.25,0.15451
6342.15,0.15478
6343.05,0.1545
6343.95,0.15497
6344.85,0.15474
6345.75,0.15492
6346.65,0.15488
6347.55,0.15559
6348.46,0.15566
6349.35,0.15582
6350.26,0.15602
6351.16,0.15641
6352.06,0.1568
6352.96,0.15622
6353.86,0.15585
6354.76,0.15457
6355.66,0.15449
6356.56,0.15307
6357.46,0.15269
6358.36,0.15192
6359.26,0.15072
6360.16,0.14991
6361.06,0.14954
6361.96,0.14897
6362.86,0.14925
6363.76,0.14951
6364.66,0.14959
6365.56,0.15054
6366.46,0.15122
6367.36,0.15237
6368.26,0.15344
6369.16,0.15456
6370.06,0.15539
6370.96,0.15634
6371.86,0.15703
6372.76,0.15762
6373.66,0.15844
6374.56,0.15884
6375.46,0.15845
6376.36,0.15824
6377.26,0.15821
6378.16,0.15777
6379.06,0.15851
6379.96,0.15729
6380.86,0.15749
6381.76,0.15772
6382.66,0.15718
6383.56,0.15701
6384.46,0.15677
6385.36,0.15746
6386.27,0.15692
6387.17,0.15725
6388.07,0.15769
6388.97,0.15677
6389.87,0.15648
6390.77,0.15685
6391.67,0.15605
6392.57,0.1559
6393.47,0.15524
6394.37,0.15561
6395.27,0.15529
6396.17,0.15448
6397.07,0.15496
6397.97,0.15467
6398.87,0.15502
6399.77,0.15418
6400.67,0.15474
6401.57,0.15559
6402.47,0.15527
6403.37,0.15578
6404.27,0.15655
6405.17,0.15732
6406.07,0.15743
6406.97,0.15717
6407.87,0.15754
6408.77,0.15769
6409.67,0.1568
6410.57,0.15719
6411.47,0.15738
6412.37,0.15692
6413.27,0.1566
6414.17,0.15684
6415.07,0.15562
6415.97,0.15646
6416.87,0.15657
6417.77,0.15644
6418.67,0.15675
6419.57,0.15637
6420.47,0.15586
6421.37,0.15652
6422.27,0.15653
6423.17,0.15679
6424.08,0.15752
6424.98,0.15756
6425.88,0.15795
6426.78,0.15799
6427.68,0.15848
6428.58,0.15805
6429.48,0.15827
6430.38,0.15823
6431.28,0.15836
6432.18,0.15792
6433.08,0.15765
6433.98,0.15738
6434.88,0.15761
6435.78,0.15727
6436.68,0.15805
6437.58,0.15748
6438.48,0.15776
6439.38,0.15809
6440.28,0.15867
6441.18,0.15871
6442.08,0.15955
6442.98,0.1601
6443.88,0.15994
6444.78,0.16018
6445.68,0.16079
6446.58,0.15972
6447.48,0.16019
6448.38,0.15871
6449.28,0.15822
6450.18,0.15761
6451.08,0.15677
6451.98,0.15629
6452.88,0.15631
6453.78,0.15664
6454.68,0.15653
6455.58,0.15689
6456.48,0.15707
6457.38,0.15894
6458.28,0.15883
6459.18,0.15903
6460.08,0.15844
6460.98,0.15859
6461.89,0.15884
6462.79,0.15801
6463.69,0.15822
6464.59,0.15815
6465.49,0.15836
6466.39,0.15873
6467.29,0.15918
6468.19,0.15854
6469.09,0.15945
6469.99,0.15916
6470.89,0.15912
6471.79,0.15938
6472.69,0.1594
6473.59,0.15934
6474.49,0.16014
6475.39,0.15924
6476.29,0.15953
6477.19,0.15859
6478.09,0.15853
6478.99,0.15869
6479.89,0.15832
6480.79,0.15801
6481.69,0.15779
6482.59,0.15692
6483.49,0.15674
6484.39,0.15631
6485.29,0.1563
6486.19,0.15637
6487.09,0.15628
6487.99,0.15589
6488.89,0.15583
6489.79,0.15558
6490.69,0.1539
6491.59,0.15264
6492.49,0.15097
6493.39,0.14941
6494.29,0.14852
6495.19,0.14635
6496.09,0.14568
6496.99,0.14451
6497.9,0.14437
6498.79,0.14425
6499.7,0.14562
6500.6,0.14598
6501.5,0.14723
6502.4,0.14909
6503.3,0.15066
6504.2,0.15179
6505.1,0.15298
6506.0,0.15467
6506.9,0.15602
6507.8,0.15606
6508.7,0.15634
6509.6,0.15743
6510.5,0.15699
6511.4,0.15713
6512.3,0.15766
6513.2,0.15744
6514.1,0.1573
6515.0,0.15738
6515.9,0.15804
6516.8,0.15662
6517.7,0.15636
6518.6,0.15608
6519.5,0.15612
6520.4,0.1568
6521.3,0.15732
6522.2,0.15752
6523.1,0.15727
6524.0,0.15757
6524.9,0.15827
6525.8,0.15762
6526.7,0.15787
6527.6,0.15805
6528.5,0.15772
6529.4,0.15793
6530.3,0.15729
6531.2,0.15763
6532.1,0.15778
6533.0,0.15732
6533.9,0.1574
6534.8,0.15782
6535.71,0.15841
6536.61,0.15863
6537.51,0.15868
6538.41,0.15957
6539.31,0.15901
6540.21,0.15907
6541.11,0.15908
6542.01,0.15856
6542.91,0.15788
6543.81,0.15838
6544.71,0.15698
6545.61,0.15639
6546.51,0.15586
6547.41,0.15516
6548.31,0.15456
6549.21,0.15437
6550.11,0.15392
6551.01,0.15328
6551.91,0.15245
6552.81,0.15273
6553.71,0.15093
6554.61,0.15101
6555.51,0.1504
6556.41,0.14916
6557.31,0.14761
6558.21,0.14582
6559.11,0.14394
6560.01,0.14196
6560.91,0.13972
6561.81,0.13749
6562.71,0.1365
6563.61,0.13515
6564.51,0.13492
6565.41,0.1349
6566.31,0.13559
6567.21,0.13682
6568.11,0.1397
6569.01,0.14147
6569.91,0.14272
6570.81,0.14555
6571.71,0.14604
6572.61,0.14754
6573.52,0.14853
6574.42,0.14909
6575.32,0.14976
6576.22,0.15058
6577.12,0.15071
6578.02,0.1511
6578.92,0.1521
6579.82,0.15249
6580.72,0.15272
6581.62,0.15401
6582.52,0.154
6583.42,0.15401
6584.32,0.15484
6585.22,0.15513
6586.12,0.15479
6587.02,0.15565
6587.92,0.15471
6588.82,0.15566
6589.72,0.15484
6590.62,0.15412
6591.52,0.15412
6592.42,0.15357
6593.32,0.15275
6594.22,0.15261
6595.12,0.15174
6596.02,0.15203
6596.92,0.15266
6597.82,0.15198
6598.72,0.15263
6599.62,0.1534
6600.52,0.15335
6601.42,0.15398
6602.32,0.15384
6603.22,0.15487
6604.12,0.15455
6605.02,0.15444
6605.92,0.1544
6606.82,0.1538
6607.72,0.15375
6608.62,0.15378
6609.52,0.15365
6610.43,0.15306
6611.33,0.15356
6612.23,0.15428
6613.13,0.15461
6614.03,0.15484
6614.93,0.15521
6615.83,0.15592
6616.73,0.15595
6617.63,0.15593
6618.53,0.15681
6619.43,0.15641
6620.33,0.15671
6621.23,0.15625
6622.13,0.15629
6623.03,0.15592
6623.93,0.15571
6624.83,0.15483
6625.73,0.15506
6626.63,0.15411
6627.53,0.15343
6628.43,0.15371
6629.33,0.15342
6630.23,0.15287
6631.13,0.15265
6632.03,0.15231
6632.93,0.15237
6633.83,0.15217
6634.73,0.15182
6635.63,0.15241
6636.53,0.15178
6637.43,0.15206
6638.33,0.15221
6639.23,0.15221
6640.13,0.1532
6641.03,0.15246
6641.93,0.15233
6642.83,0.15281
6643.73,0.15271
6644.63,0.15294
6645.53,0.15285
6646.43,0.15222
6647.34,0.1524
6648.24,0.15235
6649.14,0.15279
6650.04,0.15313
6650.94,0.15267
6651.84,0.15266
6652.74,0.15293
6653.64,0.15296
6654.54,0.15287
6655.44,0.15306
6656.34,0.15243
6657.24,0.15254
6658.14,0.15175
6659.04,0.15164
6659.94,0.15147
6660.84,0.15127
6661.74,0.15082
6662.64,0.1508
6663.54,0.15053
6664.44,0.14992
6665.34,0.14966
6666.24,0.14984
6667.14,0.14955
6668.04,0.15036
6668.94,0.15054
6669.84,0.15089
6670.74,0.15162
6671.64,0.15147
6672.54,0.15249
6673.44,0.15221
6674.34,0.15203
6675.24,0.15138
6676.14,0.15103
6677.04,0.14998
6677.94,0.15033
6678.84,0.14994
6679.74,0.15004
6680.64,0.14972
6681.54,0.14978
6682.44,0.14925
6683.34,0.1491
6684.24,0.15001
6685.15,0.15008
6686.05,0.15039
6686.95,0.15011
6687.85,0.15058
6688.75,0.1508
6689.65,0.15125
6690.55,0.15181
6691.45,0.1511
6692.35,0.15135
6693.25,0.15077
6694.15,0.15038
6695.05,0.15027
6695.95,0.15019
6696.85,0.15025
6697.75,0.15022
6698.65,0.14959
6699.55,0.14985
6700.45,0.15003
6701.35,0.14965
6702.25,0.15035
6703.15,0.14977
6704.05,0.15067
6704.95,0.15026
6705.85,0.14985
6706.75,0.15007
6707.65,0.14999
6708.55,0.14993
6709.45,0.15001
6710.35,0.14904
6711.25,0.14958
6712.15,0.14894
6713.05,0.14794
6713.95,0.14779
6714.85,0.14702
6715.75,0.14637
6716.65,0.14591
6717.55,0.14598
6718.45,0.14577
6719.35,0.14476
6720.25,0.14546
6721.16,0.14527
6722.06,0.14579
6722.96,0.14701
6723.86,0.14692
6724.76,0.14738
6725.66,0.14719
6726.56,0.14801
6727.46,0.14825
6728.36,0.14875
6729.26,0.14852
6730.16,0.14896
6731.06,0.14883
6731.96,0.14915
6732.86,0.14929
6733.76,0.14913
6734.66,0.14941
6735.56,0.14949
6736.46,0.14876
6737.36,0.14818
6738.26,0.14911
6739.16,0.148
6740.06,0.14813
6740.96,0.14782
6741.86,0.14761
6742.76,0.14818
6743.66,0.1471
6744.56,0.14714
6745.46,0.14766
6746.36,0.14694
6747.26,0.14692
6748.16,0.14664
6749.06,0.147
6749.96,0.14624
6750.86,0.14624
6751.76,0.14641
6752.66,0.14604
6753.56,0.1467
6754.46,0.14725
6755.36,0.14699
6756.26,0.14714
6757.16,0.14826
6758.06,0.14885
6758.97,0.14889
6759.87,0.14941
6760.77,0.14966
6761.67,0.14984
6762.57,0.15007
6763.47,0.14974
6764.37,0.14981
6765.27,0.14987
6766.17,0.14928
6767.07,0.14856
6767.97,0.14885
6768.87,0.14897
6769.77,0.14904
6770.67,0.14883
6771.57,0.14831
6772.47,0.14858
6773.37,0.14911
6774.27,0.14968
6775.17,0.14957
6776.07,0.15047
6776.97,0.15023
6777.87,0.15044
6778.77,0.15079
6779.67,0.15125
6780.57,0.15011
6781.47,0.15023
6782.37,0.14964
6783.27,0.1492
6784.17,0.14897
6785.07,0.14788
6785.97,0.14766
6786.87,0.14693
6787.77,0.14737
6788.67,0.14677
6789.57,0.14741
6790.47,0.14808
6791.37,0.14793
6792.27,0.14762
6793.17,0.14784
6794.07,0.14861
6794.97,0.1483
6795.88,0.14825
6796.78,0.14798
6797.68,0.14887
6798.58,0.14855
6799.48,0.14898
6800.38,0.14907
6801.28,0.14934
6802.18,0.14852
6803.08,0.14986
6803.98,0.14999
6804.88,0.14962
6805.78,0.14925
6806.68,0.14943
6807.58,0.14935
6808.48,0.14943
6809.38,0.14894
6810.28,0.14915
6811.18,0.1494
6812.08,0.14914
6812.98,0.14953
6813.88,0.14948
6814.78,0.14848
6815.68,0.14973
6816.58,0.1493
6817.48,0.14901
6818.38,0.14869
6819.28,0.14954
6820.18,0.14943
6821.08,0.14997
6821.98,0.15018
6822.88,0.15023
6823.78,0.15067
6824.68,0.15029
6825.58,0.15013
6826.48,0.1504
6827.38,0.15047
6828.28,0.15076
6829.18,0.15039
6830.08,0.15046
6830.98,0.15055
6831.88,0.15061
6832.79,0.15071
6833.69,0.14996
6834.59,0.14964
6835.49,0.14999
6836.39,0.14987
6837.29,0.14937
6838.19,0.14911
6839.09,0.14939
6839.99,0.14826
6840.89,0.14788
6841.79,0.14802
6842.69,0.14716
6843.59,0.14737
6844.49,0.14728
6845.39,0.14804
6846.29,0.14806
6847.19,0.14858
6848.09,0.14789
6848.99,0.14872
6849.89,0.1489
6850.79,0.14876
6851.69,0.14852
6852.59,0.14888
6853.49,0.14864
6854.39,0.14846
6855.29,0.14756
6856.19,0.14732
6857.09,0.1474
6857.99,0.14657
6858.89,0.14773
6859.79,0.1466
6860.69,0.1466
6861.59,0.14672
6862.49,0.14632
6863.39,0.14713
6864.29,0.14719
6865.19,0.14748
6866.09,0.14668
6866.99,0.14756
6867.89,0.14795
6868.79,0.14804
6869.7,0.14791
6870.6,0.14748
6871.5,0.14725
6872.4,0.1474
6873.3,0.14793
6874.2,0.14721
6875.1,0.14834
6876.0,0.14841
6876.9,0.14839
6877.8,0.14904
6878.7,0.1489
6879.6,0.14957
6880.5,0.14871
6881.4,0.14854
6882.3,0.14931
6883.2,0.14935
6884.1,0.14832
6885.0,0.14917
6885.9,0.14892
6886.8,0.14984
6887.7,0.14942
6888.6,0.15018
6889.5,0.15043
6890.4,0.15128
6891.3,0.15097
6892.2,0.15161
6893.1,0.15158
6894.0,0.15191
6894.9,0.15131
6895.8,0.15128
6896.7,0.15217
6897.6,0.1513
6898.5,0.15149
6899.4,0.15196
6900.3,0.15207
6901.2,0.15233
6902.1,0.15227
6903.0,0.15282
6903.9,0.15234
6904.8,0.15218
6905.7,0.15304
6906.6,0.15294
6907.51,0.15341
6908.41,0.15284
6909.31,0.15319
6910.21,0.15294
6911.11,0.15315
6912.01,0.1528
6912.91,0.15219
6913.81,0.15181
6914.71,0.15217
6915.61,0.15191
6916.51,0.15156
6917.41,0.15159
6918.31,0.15189
6919.21,0.15122
6920.11,0.15104
6921.01,0.15142
6921.91,0.15138
6922.81,0.15125
6923.71,0.15181
6924.61,0.15157
6925.51,0.15149
6926.41,0.15178
6927.31,0.15166
6928.21,0.1521
6929.11,0.15176
6930.01,0.15172
6930.91,0.15224
6931.81,0.15258
6932.71,0.15265
6933.61,0.15222
6934.51,0.15245
6935.41,0.15285
6936.31,0.15271
6937.21,0.15297
6938.11,0.15281
6939.01,0.15281
6939.91,0.15368
6940.81,0.15327
6941.71,0.15295
6942.61,0.15355
6943.52,0.15273
6944.42,0.15335
6945.31,0.15331
6946.22,0.15251
6947.12,0.15243
6948.02,0.15302
6948.92,0.15238
6949.82,0.15244
6950.72,0.15217
6951.62,0.15307
6952.52,0.1528
6953.42,0.15235
6954.32,0.1528
6955.22,0.15284
6956.12,0.15264
6957.02,0.15298
6957.92,0.15342
6958.82,0.15401
6959.72,0.15433
6960.62,0.15398
6961.52,0.1548
6962.42,0.15515
6963.32,0.15544
6964.22,0.1548
6965.12,0.15542
6966.02,0.15617
6966.92,0.15627
6967.82,0.15659
6968.72,0.1557
6969.62,0.15625
6970.52,0.15551
6971.42,0.15509
6972.32,0.15507
6973.22,0.155
6974.12,0.15392
6975.02,0.15409
6975.92,0.15333
6976.82,0.15264
6977.72,0.15193
6978.62,0.15228
6979.52,0.15174
6980.42,0.15173
6981.33,0.15221
6982.23,0.15165
6983.12,0.15335
6984.03,0.1533
6984.93,0.1544
6985.83,0.1547
6986.73,0.15493
6987.63,0.15475
6988.53,0.15552
6989.43,0.15561
6990.33,0.15568
6991.23,0.15575
6992.13,0.15613
6993.03,0.156
6993.93,0.15566
6994.83,0.1553
6995.73,0.15622
6996.63,0.15552
6997.53,0.15535
6998.43,0.15538
6999.33,0.15504
7000.23,0.15449
7001.13,0.15477
7002.03,0.15486
7002.93,0.1541
7003.83,0.15404
7004.73,0.15341
7005.63,0.15443
7006.53,0.15415
7007.43,0.15414
7008.33,0.15403
7009.23,0.15364
7010.13,0.15395
7011.03,0.15448
7011.93,0.15402
7012.83,0.15433
7013.73,0.1543
7014.63,0.1532
7015.53,0.15355
7016.43,0.15351
7017.33,0.153
7018.23,0.15297
7019.14,0.1535
7020.04,0.15311
7020.94,0.15354
7021.84,0.15322
7022.74,0.15385
7023.64,0.15349
7024.54,0.15404
7025.44,0.15406
7026.34,0.15491
7027.24,0.15437
7028.14,0.15477
7029.04,0.15427
7029.94,0.15448
7030.84,0.15503
7031.74,0.1553
7032.64,0.15575
7033.54,0.15532
7034.44,0.15562
7035.34,0.15547
7036.24,0.15621
7037.14,0.15602
7038.04,0.15642
7038.94,0.15704
7039.84,0.15712
7040.74,0.15759
7041.64,0.15738
7042.54,0.15877
7043.44,0.15895
7044.34,0.15958
7045.24,0.15914
7046.14,0.16009
7047.04,0.16016
7047.94,0.16016
7048.84,0.15926
7049.74,0.15908
7050.64,0.15835
7051.54,0.158
7052.44,0.15651
7053.34,0.15585
7054.25,0.15429
7055.15,0.15372
7056.04,0.15228
7056.95,0.15125
7057.85,0.15012
7058.75,0.14868
7059.65,0.14909
7060.55,0.14843
7061.45,0.14775
7062.35,0.14705
7063.25,0.14717
7064.15,0.14728
7065.05,0.14649
7065.95,0.14721
7066.85,0.14634
7067.75,0.14712
7068.65,0.14713
7069.55,0.14729
7070.45,0.14749
7071.35,0.14743
7072.25,0.14826
7073.15,0.1481
7074.05,0.14933
7074.95,0.14909
7075.85,0.14984
7076.75,0.15049
7077.65,0.14994
7078.55,0.1506
7079.45,0.14991
7080.35,0.14954
7081.25,0.14956
7082.15,0.14915
7083.05,0.14899
7083.95,0.14765
7084.85,0.14662
7085.75,0.14637
7086.65,0.14529
7087.55,0.14354
7088.45,0.14326
7089.35,0.1422
7090.25,0.14161
7091.15,0.1413
7092.06,0.14107
7092.96,0.14101
7093.85,0.14054
7094.76,0.14018
7095.66,0.14003
7096.56,0.14091
7097.46,0.14107
7098.36,0.14105
7099.26,0.14126
7100.16,0.14156
7101.06,0.14174
7101.96,0.14223
7102.86,0.14233
7103.76,0.14289
7104.66,0.14316
7105.56,0.14333
7106.46,0.14348
7107.36,0.14304
7108.26,0.14382
7109.16,0.14348
7110.06,0.14374
7110.96,0.14383
7111.86,0.14346
7112.76,0.1439
7113.66,0.14381
7114.56,0.14369
7115.46,0.14374
7116.36,0.14411
7117.26,0.14418
7118.16,0.14437
7119.06,0.14459
7119.96,0.14378
7120.86,0.1437
7121.76,0.14421
7122.66,0.14357
7123.56,0.14324
7124.46,0.14271
7125.36,0.14217
7126.26,0.14154
7127.16,0.14123
7127.27,0.14094
7128.17,0.14063
7129.07,0.14025
7129.96,0.13992
7130.86,0.13916
7131.75,0.13929
7132.65,0.13906
7133.55,0.13902
7134.44,0.13967
7135.34,0.13959
7136.23,0.14011
7137.13,0.14054
7138.03,0.14037
7138.92,0.14097
7139.82,0.14094
7140.71,0.14105
7141.61,0.1413
7142.5,0.14099
7143.4,0.14116
7144.3,0.1403
7145.19,0.14083
7146.09,0.14083
7146.98,0.14048
7147.88,0.14067
7148.78,0.14034
7149.67,0.14091
7150.57,0.14109
7151.46,0.14104
7152.36,0.14164
7153.26,0.14142
7154.15,0.1419
7155.05,0.14223
7155.94,0.14265
7156.84,0.14376
7157.74,0.14336
7158.63,0.14353
7159.53,0.14297
7160.42,0.14368
7161.32,0.14302
7162.21,0.14233
7163.11,0.14202
7164.01,0.14272
7164.9,0.14263
7165.8,0.1429
7166.69,0.14256
7167.59,0.14289
7168.49,0.14358
7169.38,0.14376
7170.28,0.14405
7171.17,0.14448
7172.07,0.14494
7172.96,0.14507
7173.86,0.14534
7174.76,0.14518
7175.65,0.14549
7176.55,0.14492
7177.44,0.14422
7178.34,0.14473
7179.24,0.14442
7180.13,0.1444
7181.03,0.14404
7181.92,0.14415
7182.82,0.14309
7183.72,0.14254
7184.61,0.1431
7185.51,0.14301
7186.4,0.1428
7187.3,0.14272
7188.19,0.14245
7189.09,0.14246
7189.99,0.14217
7190.88,0.14197
7191.78,0.14214
7192.67,0.14255
7193.57,0.14278
7194.47,0.14274
7195.36,0.143
7196.26,0.14316
7197.15,0.14342
7198.05,0.14306
7198.95,0.14313
7199.84,0.1431
7200.74,0.14378
7201.63,0.14323
7202.53,0.1428
7203.43,0.14294
7204.32,0.14332
7205.22,0.14286
7206.11,0.14235
7207.01,0.14251
7207.9,0.142
7208.8,0.14273
7209.7,0.14242
7210.59,0.14267
7211.49,0.14265
7212.38,0.14341
7213.28,0.14419
7214.18,0.14403
7215.07,0.14447
7215.97,0.14498
7216.86,0.14515
7217.76,0.14532
7218.66,0.14604
7219.55,0.14549
7220.45,0.14577
7221.34,0.14554
7222.24,0.14661
7223.13,0.14665
7224.03,0.14715
7224.93,0.14772
7225.82,0.14743
7226.72,0.1482
7227.61,0.14845
7228.51,0.14826
7229.41,0.14849
7230.3,0.1493
7231.2,0.14981
7232.09,0.14926
7232.99,0.14952
7233.89,0.14999
7234.78,0.14999
7235.68,0.1496
7236.57,0.14998
7237.47,0.14926
7238.36,0.14984
7239.26,0.15002
7240.16,0.1493
7241.05,0.14935
7241.95,0.14933
7242.84,0.14903
7243.74,0.14943
7244.64,0.14927
7245.53,0.14901
7246.43,0.14962
7247.32,0.14993
7248.22,0.15003
7249.12,0.14968
7250.01,0.15053
7250.91,0.14941
7251.8,0.15002
7252.7,0.14932
7253.6,0.14964
7254.49,0.15034
7255.39,0.15008
7256.28,0.15038
7257.18,0.15077
7258.07,0.15093
7258.97,0.15012
7259.87,0.15031
7260.76,0.15091
7261.66,0.15085
7262.55,0.15103
7263.45,0.15054
7264.35,0.15085
7265.24,0.15111
7266.14,0.15135
7267.03,0.15163
7267.93,0.15197
7268.83,0.15192
7269.72,0.15223
7270.62,0.15225
7271.51,0.15293
7272.41,0.15297
7273.3,0.15232
7274.2,0.15223
7275.1,0.15239
7275.99,0.15261
7276.89,0.15204
7277.78,0.15193
7278.68,0.15136
7279.58,0.15137
7280.47,0.15098
7281.37,0.15146
7282.26,0.15052
7283.16,0.15061
7284.06,0.15037
7284.95,0.14969
7285.85,0.14917
7286.74,0.14868
7287.64,0.14907
7288.53,0.14841
7289.43,0.14919
7290.33,0.14882
7291.22,0.14876
7292.12,0.14943
7293.01,0.14907
7293.91,0.14941
7294.81,0.14984
7295.7,0.15116
7296.6,0.15132
7297.49,0.15121
7298.39,0.15157
7299.29,0.1529
7300.18,0.15349
7301.08,0.15314
7301.97,0.1537
7302.87,0.1537
7303.76,0.15366
7304.66,0.15359
7305.56,0.15367
7306.45,0.15425
7307.35,0.15435
7308.24,0.15342
7309.14,0.15391
7310.04,0.1538
7310.93,0.15392
7311.83,0.15394
7312.72,0.1545
7313.62,0.1535
7314.52,0.15416
7315.41,0.15442
7316.31,0.15406
7317.2,0.15437
7318.1,0.15458
7318.99,0.15416
7319.89,0.15489
7320.79,0.15422
7321.68,0.15433
7322.58,0.154
7323.47,0.15375
7324.37,0.15419
7325.27,0.15351
7326.16,0.15374
7327.06,0.15385
7327.95,0.15411
7328.85,0.15407
7329.75,0.15418
7330.64,0.15436
7331.54,0.15429
7332.43,0.1557
7333.33,0.1562
7334.22,0.15566
7335.12,0.15688
7336.02,0.15675
7336.91,0.15741
7337.81,0.15734
7338.7,0.1582
7339.6,0.15766
7340.5,0.15775
7341.39,0.15662
7342.29,0.15811
7343.18,0.15735
7344.08,0.15699
7344.98,0.15793
7345.87,0.15736
7346.77,0.15733
7347.66,0.15675
7348.56,0.15657
7349.45,0.15603
7350.35,0.15577
7351.25,0.15562
7352.14,0.15507
7353.04,0.15556
7353.93,0.1548
7354.83,0.15352
7355.73,0.15408
7356.62,0.15356
7357.52,0.15384
7358.41,0.15402
7359.31,0.15331
7360.21,0.15355
7361.1,0.15373
7362.0,0.15394
7362.89,0.15405
7363.79,0.15474
7364.69,0.15451
7365.58,0.15551
7366.48,0.15595
7367.37,0.15612
7368.27,0.15657
7369.16,0.15744
7370.06,0.15748
7370.96,0.15795
7371.85,0.15844
7372.75,0.15871
7373.64,0.159
7374.54,0.16041
7375.44,0.15967
7376.33,0.15968
7377.23,0.15984
7378.12,0.16006
7379.02,0.15947
7379.92,0.15972
7380.81,0.16053
7381.71,0.15926
7382.6,0.1587
7383.5,0.15813
7384.39,0.15704
7385.29,0.1563
7386.19,0.15594
7387.08,0.15606
7387.98,0.15566
7388.87,0.15564
7389.77,0.15514
7390.67,0.15465
7391.56,0.15521
7392.46,0.15521
7393.35,0.1553
7394.25,0.15611
7395.15,0.15615
7396.04,0.15698
7396.94,0.15744
7397.83,0.15763
7398.73,0.15762
7399.62,0.15732
7400.52,0.15829
7401.42,0.15872
7402.31,0.15765
7403.21,0.15836
7404.1,0.15825
7405.0,0.15801
7405.9,0.15759
7406.79,0.15762
7407.69,0.15722
7408.58,0.15685
7409.48,0.15682
7410.38,0.15547
7411.27,0.15484
7412.17,0.15362
7413.06,0.1536
7413.96,0.15291
7414.85,0.15212
7415.75,0.15213
7416.65,0.15157
7417.54,0.15177
7418.44,0.1513
7419.33,0.15099
7420.23,0.15212
7421.13,0.15186
7422.02,0.15257
7422.92,0.15354
7423.81,0.1542
7424.71,0.15459
7425.6,0.15612
7426.5,0.15672
7427.4,0.15694
7428.29,0.1579
7429.19,0.1589
7431.68,0.15942
7434.18,0.16054
7436.67,0.16009
7439.17,0.16047
7441.66,0.16046
7444.16,0.15955
7446.66,0.1594
7449.15,0.15994
7451.65,0.16117
7454.14,0.16153
7456.64,0.16065
7459.13,0.1612
7461.63,0.1607
7464.12,0.16057
7466.62,0.16002
7469.11,0.16081
7471.61,0.16125
7474.1,0.16081
7476.6,0.16084
7479.09,0.1612
7481.59,0.16129
7484.08,0.16083
7486.58,0.16111
7489.07,0.15987
7491.57,0.1594
7494.06,0.15945
7496.56,0.15889
7499.05,0.15955
7501.55,0.16083
7504.04,0.16134
7506.54,0.16151
7509.03,0.16132
7511.53,0.16126
7514.02,0.16139
7516.52,0.1621
7519.01,0.16268
7521.51,0.16301
7524.0,0.16285
7526.5,0.16211
7528.99,0.16205
7531.49,0.16261
7533.99,0.16318
7536.48,0.16343
7538.98,0.16386
7541.47,0.16379
7543.97,0.16331
7546.46,0.16305
7548.96,0.16294
7551.45,0.16272
7553.95,0.16284
7556.44,0.16286
7558.94,0.16274
7561.43,0.16277
7563.93,0.16248
7566.42,0.16285
7568.92,0.16231
7571.41,0.16285
7573.91,0.16279
7576.4,0.16257
7578.9,0.16257
7581.39,0.16174
7583.89,0.16069
7586.38,0.15889
7588.88,0.15742
7591.37,0.15627
7593.87,0.15598
7596.36,0.15537
7598.86,0.15498
7601.35,0.15507
7603.85,0.15452
7606.34,0.15427
7608.84,0.15454
7611.33,0.15465
7613.83,0.15427
7616.33,0.15441
7618.82,0.15368
7621.32,0.15374
7623.81,0.15398
7626.31,0.15415
7628.8,0.15408
7631.3,0.15393
7633.79,0.15359
7636.29,0.15356
7638.78,0.15357
7641.28,0.15377
7643.77,0.15425
7646.27,0.15447
7648.76,0.15357
7651.26,0.15317
7653.75,0.15145
7656.25,0.1498
7658.74,0.14784
7661.24,0.14547
7663.73,0.14395
7666.23,0.14329
7668.72,0.14377
7671.22,0.14496
7673.71,0.14663
7676.21,0.14798
7678.7,0.14829
7681.2,0.14869
7683.69,0.14911
7686.19,0.14863
7688.69,0.14873
7691.18,0.14812
7693.68,0.14796
7696.17,0.147
7698.67,0.14707
7701.16,0.14678
7703.66,0.14687
7706.15,0.1475
7708.65,0.14706
7711.14,0.14665
7713.64,0.14558
7716.13,0.14569
7718.63,0.14619
7721.12,0.14684
7723.62,0.14785
7726.11,0.14888
7728.61,0.14943
7731.1,0.15029
7733.6,0.15112
7736.09,0.1513
7738.59,0.15193
7741.08,0.15111
7743.58,0.14998
7746.07,0.14832
7748.57,0.14677
7751.06,0.14631
7753.56,0.14666
7756.05,0.14793
7758.55,0.14918
7761.04,0.15004
7763.54,0.15045
7766.03,0.1508
7768.53,0.15137
7771.03,0.15226
7773.52,0.15255
7776.02,0.15266
7778.51,0.15218
7781.01,0.15158
7783.5,0.15065
7786.0,0.14972
7788.49,0.14951
7790.99,0.14949
7793.48,0.14938
7795.98,0.14899
7798.47,0.14981
7800.97,0.14996
7803.46,0.14998
7805.96,0.15055
7808.45,0.15096
7810.95,0.15093
7813.44,0.15175
7815.94,0.15223
7818.43,0.15287
7820.93,0.15275
7823.42,0.15241
7825.92,0.152
7828.41,0.15054
7830.91,0.14932
7833.4,0.14803
7835.9,0.14743
7838.39,0.14771
7840.89,0.14852
7843.38,0.14946
7845.88,0.14996
7848.38,0.15009
7850.87,0.1497
7853.37,0.15016
7855.86,0.15009
7858.36,0.15035
7860.85,0.15095
7863.35,0.15124
7865.84,0.15112
7868.34,0.15079
7870.83,0.1504
7873.33,0.15026
7875.82,0.14995
7878.32,0.14983
7880.81,0.14997
7883.31,0.15006
7885.8,0.15064
7888.3,0.15059
7890.79,0.15048
7893.29,0.15032
7895.78,0.1498
7898.28,0.14956
7900.77,0.14913
7903.27,0.14916
7905.76,0.1488
7908.26,0.14797
7910.75,0.14672
7913.25,0.14579
7915.74,0.14556
7918.24,0.14525
7920.73,0.14571
7923.23,0.14635
7925.73,0.14666
7928.22,0.1471
7930.71,0.14705
7933.21,0.14643
7935.71,0.14536
7938.2,0.14505
7940.7,0.14449
7943.19,0.14373
7945.69,0.14383
7948.18,0.14428
7950.68,0.14563
7953.17,0.14703
7955.67,0.148
7958.16,0.14884
7960.66,0.14914
7963.15,0.14934
7965.65,0.14957
7968.14,0.15043
7970.64,0.15062
7973.13,0.15073
7975.63,0.15048
7978.12,0.15045
7980.62,0.15008
7983.11,0.14952
7985.61,0.1494
7988.1,0.14887
7990.6,0.14909
7993.09,0.1483
7995.59,0.14821
7998.08,0.14785
8000.58,0.14827
8003.07,0.14864
8005.57,0.1499
8008.06,0.15066
8010.56,0.15143
8013.06,0.15252
8015.55,0.15295
8018.05,0.15311
8020.54,0.15242
8023.04,0.15141
8025.53,0.15044
8028.03,0.14997
8030.52,0.14995
8033.02,0.15097
8035.51,0.15214
8038.01,0.15287
8040.5,0.15294
8043.0,0.15221
8045.49,0.15068
8047.99,0.15024
8050.48,0.1497
8052.98,0.15034
8055.47,0.15163
8057.97,0.15219
8060.46,0.15273
8062.96,0.15233
8065.45,0.1519
8067.95,0.15129
8070.44,0.15014
8072.94,0.14965
8075.43,0.14983
8077.93,0.14958
8080.42,0.15049
8082.92,0.15036
8085.41,0.15051
8087.91,0.15037
8090.4,0.14975
8092.9,0.14893
8095.4,0.14894
8097.89,0.14893
8100.39,0.1492
8102.88,0.14987
8105.38,0.15043
8107.87,0.15056
8110.37,0.15053
8112.86,0.15018
8115.36,0.14985
8117.85,0.14985
8120.35,0.1501
8122.84,0.15053
8125.34,0.15156
8127.83,0.15182
8130.33,0.15242
8132.82,0.15215
8135.32,0.15275
8137.81,0.15299
8140.31,0.15241
8142.8,0.15223
8145.3,0.15247
8147.79,0.15241
8150.29,0.15234
8152.78,0.15249
8155.28,0.15297
8157.77,0.15252
8160.27,0.1528
8162.76,0.15242
8165.26,0.15227
8167.75,0.15297
8170.25,0.15306
8172.75,0.15333
8175.24,0.15333
8177.74,0.15254
8180.23,0.15089
8182.73,0.14969
8185.22,0.14882
8187.72,0.14816
8190.21,0.14806
8192.71,0.14772
8195.2,0.14688
8197.7,0.14624
8200.19,0.14593
8202.69,0.14605
8205.18,0.14656
8207.68,0.14677
8210.17,0.14744
8212.67,0.14805
8215.16,0.14799
8217.66,0.14837
8220.15,0.14845
8222.65,0.1496
8225.14,0.15021
8227.64,0.15114
8230.13,0.1514
8232.63,0.15176
8235.12,0.15123
8237.62,0.15131
8240.11,0.15115
8242.61,0.15076
8245.1,0.15076
8247.6,0.15071
8250.1,0.15039
8252.59,0.15048
8255.08,0.14987
8257.58,0.15013
8260.08,0.15055
8262.57,0.15173
8265.07,0.1517
8267.56,0.15148
8270.06,0.15164
8272.55,0.15082
8275.05,0.15059
8277.54,0.15041
8280.04,0.15042
8282.53,0.15
8285.03,0.14974
8287.52,0.14946
8290.02,0.14914
8292.51,0.14842
8295.01,0.14821
8297.5,0.14793
8300.0,0.14723
8302.49,0.14706
8304.99,0.14587
8307.48,0.14546
8309.98,0.14505
8312.47,0.14541
8314.97,0.14642
8317.46,0.14719
8319.96,0.14716
8322.46,0.14668
8324.95,0.14582
8327.44,0.1451
8329.94,0.14445
8332.43,0.14355
8334.93,0.14355
8337.43,0.14403
8339.92,0.14413
8342.42,0.14463
8344.91,0.14469
8347.41,0.14449
8349.9,0.14453
8352.4,0.14518
8354.89,0.14531
8357.39,0.14567
8359.88,0.14583
8362.38,0.14552
8364.87,0.14508
8367.37,0.14539
8369.86,0.14615
8372.36,0.14594
8374.85,0.14619
8377.35,0.14562
8379.84,0.1442
8382.34,0.14311
8384.83,0.14198
8387.33,0.1413
8389.82,0.14156
8392.32,0.14242
8394.81,0.14387
8397.31,0.14535
8399.8,0.14588
8402.3,0.14642
8404.79,0.14692
8407.29,0.14713
8409.79,0.1474
8412.28,0.14654
8414.78,0.14597
8417.27,0.1456
8419.77,0.14483
8422.26,0.14459
8424.76,0.14372
8427.25,0.14332
8429.75,0.14262
8432.24,0.14198
8434.74,0.141
8437.23,0.13981
8439.73,0.13983
8442.22,0.1401
8444.72,0.1415
8447.21,0.14159
8449.71,0.14209
8452.2,0.14236
8454.7,0.14187
8457.19,0.14141
8459.69,0.14099
8462.18,0.1407
8464.68,0.13984
8467.17,0.13917
8469.67,0.13829
8472.16,0.1387
8474.66,0.13929
8477.15,0.1405
8479.65,0.14104
8482.14,0.14127
8484.64,0.14134
8487.13,0.14087
8489.63,0.13999
8492.12,0.13768
8494.62,0.13436
8497.12,0.13068
8499.61,0.12802
8502.11,0.12829
8504.6,0.13028
8507.1,0.13334
8509.59,0.1359
8512.09,0.13674
8514.58,0.13673
8517.08,0.13609
8519.57,0.13573
8522.07,0.13646
8524.56,0.1369
8527.06,0.13738
8529.55,0.13659
8532.05,0.13537
8534.54,0.13148
8537.04,0.12603
8539.53,0.11946
8542.03,0.11368
8544.52,0.11134
8547.02,0.11359
8549.51,0.11945
8552.01,0.12621
8554.5,0.13161
8557.0,0.13572
8559.49,0.13788
8561.99,0.13876
8564.48,0.13945
8566.98,0.14011
8569.47,0.13981
8571.97,0.1401
8574.47,0.14012
8576.96,0.14019
8579.46,0.14047
8581.95,0.14053
8584.45,0.14072
8586.94,0.14077
8589.44,0.14117
8591.93,0.14143
8594.43,0.14108
8596.92,0.14108
8599.42,0.14115
8601.91,0.14139
8604.41,0.1411
8606.9,0.14112
8609.4,0.1409
8611.89,0.14057
8614.39,0.14023
8616.88,0.14017
8619.38,0.14057
8621.87,0.14074
8624.37,0.1408
8626.86,0.1412
8629.36,0.1413
8631.85,0.14197
8634.35,0.14216
8636.84,0.14244
8639.34,0.1429
8641.83,0.14282
8644.33,0.14287
8646.83,0.1422
8649.32,0.14144
8651.82,0.13914
8654.31,0.13662
8656.8,0.13216
8659.3,0.12601
8661.8,0.12095
8664.29,0.11854
8666.79,0.11961
8669.28,0.12391
8671.78,0.12882
8674.27,0.13305
8676.77,0.13597
8679.26,0.1375
8681.76,0.13804
8684.25,0.13793
8686.75,0.1375
8689.24,0.13681
8691.74,0.13698
8694.23,0.13711
8696.73,0.13841
8699.22,0.13935
8701.72,0.14007
8704.21,0.14013
8706.71,0.14022
8709.2,0.14024
8711.7,0.14042
8714.19,0.14038
8716.69,0.14063
8719.18,0.14112
8721.68,0.14204
8724.17,0.14251
8726.67,0.14316
8729.17,0.14308
8731.66,0.14266
8734.16,0.14246
8736.65,0.14235
8739.15,0.14237
8741.64,0.14204
8744.14,0.14235
8746.63,0.14233
8749.13,0.14202
8751.62,0.14209
8754.12,0.14153
8756.61,0.14194
8759.11,0.14224
8761.6,0.14199
8764.1,0.14231
8766.59,0.14214
8769.09,0.14154
8771.58,0.14141
8774.08,0.14175
8776.57,0.142
8779.07,0.1424
8781.56,0.14292
8784.06,0.14351
8786.55,0.14352
8789.05,0.14341
8791.54,0.14306
8794.04,0.14264
8796.53,0.14183
8799.03,0.14089
8801.52,0.13971
8804.02,0.1384
8806.51,0.13691
8809.01,0.13668
8811.5,0.13769
8814.0,0.13908
8816.5,0.14093
8818.99,0.14213
8821.49,0.14202
8823.98,0.14183
8826.48,0.14151
8828.97,0.14191
8831.47,0.14294
8833.96,0.14347
8836.46,0.14391
8838.95,0.14415
8841.45,0.14446
8843.94,0.14479
8846.44,0.14549
8848.93,0.14606
8851.43,0.14642
8853.92,0.14602
8856.42,0.14558
8858.91,0.14418
8861.41,0.14201
8863.9,0.14028
8866.4,0.13875
8868.89,0.13803
8871.39,0.13828
8873.88,0.13799
8876.38,0.13864
8878.87,0.13907
8881.37,0.13888
8883.87,0.13965
8886.36,0.13982
8888.86,0.13995
8891.35,0.14004
8893.84,0.14024
8896.34,0.14007
8898.84,0.1402
8901.33,0.1402
8903.83,0.14021
8906.32,0.14041
8908.82,0.14032
8911.31,0.1398
8913.81,0.1396
8916.3,0.13899
8918.8,0.13861
8921.29,0.13808
8923.79,0.13772
8926.28,0.13788
8928.78,0.13785
8931.27,0.13829
8933.77,0.13804
8936.26,0.13799
8938.76,0.13823
8941.25,0.13742
8943.75,0.13678
8946.24,0.13636
8948.74,0.13671
8951.23,0.13711
8953.73,0.13812
8956.22,0.13877
8958.72,0.13914
8961.21,0.13942
8963.71,0.13924
8966.2,0.13959
8968.7,0.13907
8971.2,0.13864
8973.69,0.13831
8976.19,0.13877
8978.68,0.13848
8981.18,0.13867
8983.67,0.13933
8986.17,0.14005
8988.66,0.14025
8991.16,0.14028
8993.65,0.1399
8996.15,0.13996
8998.64,0.13937
9001.14,0.13916
9003.63,0.13854
9006.13,0.13743
9008.62,0.13624
9011.12,0.13525
9013.61,0.13365
9016.11,0.13262
9018.6,0.13297
9021.1,0.13353
9023.59,0.13401
9026.09,0.13529
9028.58,0.13649
9031.08,0.13745
9033.57,0.13824
9036.07,0.13911
9038.56,0.13964
9041.06,0.14008
9043.55,0.14082
9046.05,0.14109
9048.54,0.14114
9051.04,0.14083
9053.54,0.14077
9056.03,0.14076
9058.53,0.14025
9061.02,0.14014
9063.52,0.13975
9066.01,0.13981
9068.51,0.13988
9071.0,0.14045
9073.5,0.14028
9075.99,0.1396
9078.49,0.13908
9080.98,0.13847
9083.48,0.13729
9085.97,0.13629
9088.47,0.13543
9090.96,0.13482
9093.46,0.13497
9095.95,0.13603
9098.45,0.13704
9100.94,0.13796
9103.44,0.13814
9105.93,0.13839
9108.43,0.13841
9110.92,0.13836
9113.42,0.1379
9115.91,0.13755
9118.41,0.13745
9120.9,0.13774
9123.4,0.13792
9125.89,0.13876
9128.39,0.13949
9130.88,0.13984
9133.38,0.13951
9135.88,0.13895
9138.37,0.13777
9140.87,0.13691
9143.36,0.13557
9145.86,0.13498
9148.35,0.13468
9150.85,0.13491
9153.34,0.13512
9155.84,0.13561
9158.33,0.13557
9160.83,0.13537
9163.32,0.13499
9165.82,0.1339
9168.31,0.13295
9170.81,0.13199
9173.3,0.13164
9175.8,0.13127
9178.29,0.13191
9180.79,0.13275
9183.28,0.13355
9185.78,0.13383
9188.27,0.13387
9190.77,0.13379
9193.26,0.13357
9195.76,0.13344
9198.25,0.13324
9200.75,0.13268
9203.24,0.13264
9205.74,0.13246
9208.24,0.1322
9210.73,0.13157
9213.23,0.13114
9215.72,0.13094
9218.22,0.13137
9220.71,0.13134
9223.21,0.13143
9225.7,0.13192
9228.2,0.13171
9230.69,0.13154
9233.19,0.13115
9235.68,0.13131
9238.18,0.13174
9240.67,0.13166
9243.17,0.13151
9245.66,0.1312
9248.16,0.13116
9250.65,0.1306
9253.15,0.13014
9255.64,0.13024
9258.14,0.12989
9260.63,0.1307
9263.13,0.13119
9265.62,0.1324
9268.12,0.13283
9270.61,0.13306
9273.11,0.13347
9275.6,0.1325
9278.1,0.13231
9280.59,0.13154
9283.09,0.13101
9285.58,0.13008
9288.08,0.12997
9290.58,0.12961
9293.07,0.1291
9295.57,0.12954
9298.06,0.12935
9300.56,0.12945
9303.05,0.12978
9305.55,0.12996
9308.04,0.13018
9310.54,0.13015
9313.03,0.12961
9315.53,0.12968
9318.02,0.12939
9320.52,0.12958
9323.01,0.12948
9325.51,0.12943
9328.0,0.12968
9330.5,0.13
9332.99,0.12999
9335.49,0.13044
9337.98,0.13032
9340.48,0.13012
9342.97,0.12987
9345.47,0.12946
9347.96,0.12906
9350.46,0.12829
9352.95,0.12796
9355.45,0.12727
9357.94,0.12661
9360.44,0.12626
9362.93,0.12607
9365.43,0.12613
9367.92,0.12652
9370.42,0.12648
9372.92,0.12653
9375.41,0.12671
9377.91,0.12653
9380.4,0.12696
9382.9,0.12642
9385.39,0.12627
9387.89,0.12599
9390.38,0.12647
9392.88,0.12637
9395.37,0.12632
9397.87,0.1262
9400.36,0.12589
9402.86,0.12556
9405.35,0.12486
9407.85,0.12424
9410.34,0.12371
9412.84,0.123
9415.33,0.12243
9417.83,0.12296
9420.32,0.12354
9422.82,0.12456
9425.31,0.12514
9427.81,0.12572
9430.3,0.12551
9432.8,0.12497
9435.29,0.12457
9437.79,0.12465
9440.28,0.12401
9442.78,0.12388
9445.27,0.12417
9447.77,0.12412
9450.27,0.12421
9452.76,0.12434
9455.25,0.12472
9457.75,0.12514
9460.25,0.12596
9462.74,0.12627
9465.24,0.12669
9467.73,0.12666
9470.23,0.12718
9472.72,0.12726
9475.22,0.12725
9477.71,0.12715
9480.21,0.12754
9482.7,0.12749
9485.2,0.1276
9487.69,0.12775
9490.19,0.12808
9492.68,0.12834
9495.18,0.12863
9497.67,0.12817
9500.17,0.1283
9502.66,0.12839
9505.16,0.12858
9507.65,0.1283
9510.15,0.12862
9512.64,0.1288
9515.14,0.12865
9517.63,0.1291
9520.13,0.12954
9522.62,0.12973
9525.12,0.12974
9527.61,0.12997
9530.11,0.13008
9532.61,0.1298
9535.1,0.12945
9537.6,0.12881
9540.09,0.1286
9542.59,0.128
9545.08,0.12704
9547.58,0.12669
9550.07,0.12664
9552.57,0.12746
9555.06,0.12858
9557.56,0.12934
9560.05,0.12977
9562.55,0.13001
9565.04,0.12989
9567.54,0.12961
9570.03,0.12896
9572.53,0.12837
9575.02,0.12801
9577.52,0.12785
9580.01,0.12843
9582.51,0.12848
9585.0,0.12858
9587.5,0.1294
9589.99,0.1291
9592.49,0.12933
9594.98,0.12889
9597.48,0.12822
9599.97,0.1277
9602.47,0.12749
9604.96,0.12752
9607.46,0.1278
9609.96,0.12802
9612.45,0.1287
9614.95,0.12879
9617.44,0.12916
9619.94,0.12895
9622.43,0.12857
9624.93,0.12841
9627.42,0.12814
9629.92,0.12826
9632.41,0.12813
9634.91,0.12727
9637.4,0.12667
9639.9,0.126
9642.39,0.12583
9644.89,0.12578
9647.38,0.12553
9649.88,0.12568
9652.37,0.12543
9654.87,0.12559
9657.36,0.12576
9659.86,0.12583
9662.35,0.12577
9664.85,0.12618
9667.34,0.12588
9669.84,0.12555
9672.33,0.12546
9674.83,0.12513
9677.32,0.12524
9679.82,0.12543
9682.31,0.12558
9684.81,0.12576
9687.3,0.12581
9689.8,0.12583
9692.29,0.12571
9694.79,0.12593
9697.29,0.12584
9699.78,0.12593
9702.28,0.12569
9704.77,0.12524
9707.27,0.12556
9709.76,0.12532
9712.26,0.12598
9714.75,0.12637
9717.25,0.1264
9719.74,0.12608
9722.24,0.12562
9724.73,0.12508
9727.23,0.12427
9729.72,0.12398
9732.22,0.12349
9734.71,0.12328
9737.21,0.123
9739.7,0.12308
9742.2,0.12288
9744.69,0.12257
9747.19,0.12311
9749.68,0.12323
9752.18,0.12432
9754.67,0.12496
9757.17,0.12541
9759.66,0.12529
9762.16,0.12495
9764.65,0.12493
9767.15,0.12441
9769.64,0.1243
9772.14,0.12426
9774.64,0.12418
9777.13,0.12405
9779.63,0.12357
9782.12,0.12275
9784.62,0.12223
9787.11,0.1222
9789.61,0.12226
9792.1,0.1229
9794.6,0.12392
9797.09,0.12498
9799.59,0.12569
9802.08,0.12611
9804.58,0.12626
9807.07,0.12636
9809.57,0.12663
9812.06,0.12642
9814.56,0.1264
9817.05,0.12648
9819.55,0.12621
9822.04,0.12617
9824.54,0.12601
9827.03,0.12574
9829.53,0.12556
9832.02,0.12501
9834.52,0.12492
9837.01,0.1253
9839.51,0.12572
9842.0,0.12595
9844.5,0.12631
9847.0,0.12648
9849.49,0.12636
9851.99,0.12643
9854.48,0.12622
9856.98,0.12636
9859.47,0.12635
9861.97,0.12596
9864.46,0.12589
9866.96,0.12579
9869.45,0.12612
9871.95,0.12601
9874.44,0.12597
9876.94,0.12615
9879.43,0.12621
9881.93,0.12609
9884.42,0.12593
9886.92,0.1258
9889.41,0.12507
9891.91,0.12508
9894.4,0.12499
9896.9,0.12482
9899.39,0.12426
9901.89,0.12376
9904.38,0.12369
9906.88,0.12366
9909.37,0.12337
9911.87,0.12335
9914.36,0.12309
9916.86,0.1234
9919.35,0.12311
9921.85,0.12332
9924.34,0.12294
9926.84,0.12276
9929.33,0.12294
9931.83,0.12313
9934.33,0.12322
9936.82,0.12357
9939.32,0.12391
9941.81,0.12389
9944.31,0.12368
9946.8,0.12389
9949.3,0.12337
9951.79,0.1237
9954.29,0.12413
9956.78,0.12444
9959.28,0.12434
9961.77,0.12466
9964.27,0.12485
9966.76,0.12519
9969.26,0.12485
9971.75,0.12469
9974.25,0.12489
9976.74,0.12467
9979.24,0.12442
9981.73,0.12419
9984.23,0.12402
9986.72,0.1242
9989.22,0.12383
9991.71,0.12369
9994.21,0.12365
9996.7,0.12352
9999.2,0.12338
10001.7,0.12302
10004.2,0.12304
10006.7,0.12352
10009.2,0.12327
10011.7,0.12377
10014.2,0.12421
10016.7,0.12483
10019.2,0.12492
10021.7,0.12517
10024.2,0.12485
10026.6,0.1253
10029.1,0.12489
10031.6,0.12437
10034.1,0.12421
10036.6,0.12323
10039.1,0.12321
10041.6,0.12336
10044.1,0.12316
10046.6,0.12277
10049.1,0.12243
10051.6,0.12199
10054.1,0.12213
10056.6,0.12175
10059.1,0.12176
10061.6,0.1216
10064.1,0.12192
10066.6,0.12226
10069.1,0.12289
10071.6,0.12295
10074.1,0.12328
10076.5,0.12326
10079.0,0.12358
10081.5,0.12321
10084.0,0.12317
10086.5,0.12346
10089.0,0.12351
10091.5,0.12385
10094.0,0.12437
10096.5,0.12461
10099.0,0.12498
10101.5,0.12495
10104.0,0.12472
10106.5,0.12499
10109.0,0.12419
10111.5,0.12394
10114.0,0.1238
10116.5,0.1237
10119.0,0.12348
10121.5,0.12321
10124.0,0.12319
10126.5,0.12348
10128.9,0.12385
10131.4,0.12351
10133.9,0.12361
10136.4,0.12319
10138.9,0.12284
10141.4,0.12232
10143.9,0.1222
10146.4,0.12177
10148.9,0.1218
10151.4,0.12177
10153.9,0.12177
10156.4,0.12224
10158.9,0.12253
10161.4,0.12252
10163.9,0.12239
10166.4,0.12253
10168.9,0.12226
10171.4,0.12228
10173.9,0.12241
10176.4,0.1226
10178.9,0.12268
10181.3,0.12295
10183.8,0.12273
10186.3,0.1222
10188.8,0.122
10191.3,0.12183
10193.8,0.12162
10196.3,0.12143
10198.8,0.1213
10201.3,0.12135
10203.8,0.12177
10206.3,0.12216
10208.8,0.12211
10211.3,0.1218
10213.8,0.12137
10216.3,0.12123
10218.8,0.12093
10221.3,0.121
10223.8,0.12111
10226.3,0.12128
10228.8,0.12135
10231.2,0.12212
10233.7,0.12203
10236.2,0.122
10238.7,0.12191
10241.2,0.12243
10243.7,0.12224
10246.2,0.12212
10248.7,0.12197
10251.2,0.12186
10253.7,0.12149
10256.2,0.12159
10258.7,0.12107
10261.2,0.12063
10263.7,0.12053
10266.2,0.1205
10268.7,0.12068
10271.2,0.12076
10273.7,0.12083
10276.2,0.12095
10278.7,0.12084
10281.2,0.12113
10283.6,0.12092
10286.1,0.1211
10288.6,0.12081
10291.1,0.1205
10293.6,0.12061
10296.1,0.12072
10298.6,0.12066
10301.1,0.12052
10303.6,0.12063
10306.1,0.12077
10308.6,0.12082
10311.1,0.12122
10313.6,0.1209
10316.1,0.12114
10318.6,0.12068
10321.1,0.12042
10323.6,0.12015
10326.1,0.11946
10328.6,0.11841
10331.1,0.11849
10333.5,0.11858
10336.0,0.11826
10338.5,0.11802
10341.0,0.11784
10343.5,0.11769
10346.0,0.11748
10348.5,0.11753
10351.0,0.11818
10353.5,0.11865
10356.0,0.11951
10358.5,0.12003
10361.0,0.12027
10363.5,0.12056
10366.0,0.12031
10368.5,0.11988
10371.0,0.11959
10373.5,0.11921
10376.0,0.11886
10378.5,0.11906
10381.0,0.11902
10383.5,0.11918
10385.9,0.11894
10388.4,0.11902
10390.9,0.11924
10393.4,0.11861
10395.9,0.11796
10398.4,0.11776
10400.9,0.11768
10403.4,0.1183
10405.9,0.11868
10408.4,0.11934
10410.9,0.1194
10413.4,0.11983
10415.9,0.1199
10418.4,0.11955
10420.9,0.11958
10423.4,0.11915
10425.9,0.11876
10428.4,0.1186
10430.9,0.11892
10433.4,0.11917
10435.9,0.11935
10438.3,0.1194
10440.8,0.11976
10443.3,0.12005
10445.8,0.12001
10448.3,0.12019
10450.8,0.11974
10453.3,0.11952
10455.8,0.11925
10458.3,0.11912
10460.8,0.11912
10463.3,0.11881
10465.8,0.11864
10468.3,0.11858
10470.8,0.11804
10473.3,0.1184
10475.8,0.11836
10478.3,0.11857
10480.8,0.11858
10483.3,0.11893
10485.8,0.11875
10488.2,0.11865
10490.7,0.11838
10493.2,0.11804
10495.7,0.1177
10498.2,0.11776
10500.7,0.11758
10503.2,0.11745
10505.7,0.1177
10508.2,0.11808
10510.7,0.11783
10513.2,0.11795
10515.7,0.11804
10518.2,0.11827
10520.7,0.11819
10523.2,0.11806
10525.7,0.1182
10528.2,0.11806
10530.7,0.11793
10533.2,0.11769
10535.7,0.11775
10538.2,0.11769
10540.6,0.11793
10543.1,0.11753
10545.6,0.11806
10548.1,0.11807
10550.6,0.11816
10553.1,0.11779
10555.6,0.11791
10558.1,0.11756
10560.6,0.11749
10563.1,0.11731
10565.6,0.11755
10568.1,0.11776
10570.6,0.11747
10573.1,0.11694
10575.6,0.11704
10578.1,0.11626
10580.6,0.11556
10583.1,0.11515
10585.6,0.11437
10588.1,0.11437
10590.6,0.11474
10593.0,0.11506
10595.5,0.11582
10598.0,0.11607
10600.5,0.11621
10603.0,0.11628
10605.5,0.11554
10608.0,0.11508
10610.5,0.11506
10613.0,0.11536
10615.5,0.11557
10618.0,0.11587
10620.5,0.1163
10623.0,0.11623
10625.5,0.11616
10628.0,0.11677
10630.5,0.11657
10633.0,0.1171
10635.5,0.11713
10638.0,0.11713
10640.5,0.11716
10642.9,0.11715
10645.4,0.11702
10647.9,0.11686
10650.4,0.11633
10652.9,0.116
10655.4,0.11546
10657.9,0.11471
10660.4,0.11416
10662.9,0.11357
10665.4,0.11349
10667.9,0.11349
10670.4,0.11411
10672.9,0.11464
10675.4,0.11479
10677.9,0.11498
10680.4,0.11472
10682.9,0.11527
10685.4,0.11483
10687.9,0.11439
10690.4,0.11421
10692.9,0.11393
10695.3,0.1143
10697.8,0.11414
10700.3,0.11487
10702.8,0.11514
10705.3,0.11555
10707.8,0.11585
10710.3,0.11594
10712.8,0.11558
10715.3,0.11584
10717.8,0.11565
10720.3,0.11573
10722.8,0.11462
10725.3,0.11408
10727.8,0.11348
10730.3,0.11286
10732.8,0.11276
10735.3,0.11314
10737.8,0.11371
10740.3,0.11395
10742.8,0.11427
10745.3,0.11404
10747.7,0.11384
10750.2,0.11373
10752.7,0.11358
10755.2,0.11381
10757.7,0.11392
10760.2,0.11437
10762.7,0.11477
10765.2,0.11521
10767.7,0.11538
10770.2,0.11518
10772.7,0.1147
10775.2,0.11397
10777.7,0.11368
10780.2,0.11297
10782.7,0.11247
10785.2,0.1121
10787.7,0.11186
10790.2,0.11191
10792.7,0.11242
10795.2,0.11304
10797.6,0.11358
10800.1,0.11382
10802.6,0.11394
10805.1,0.11375
10807.6,0.11328
10810.1,0.11277
10812.6,0.11188
10815.1,0.11151
10817.6,0.11132
10820.1,0.11107
10822.6,0.11065
10825.1,0.11069
10827.6,0.11022
10830.1,0.11044
10832.6,0.1104
10835.1,0.1112
10837.6,0.11182
10840.1,0.11217
10842.6,0.11254
10845.1,0.1129
10847.6,0.11294
10850.0,0.11318
10852.5,0.11342
10855.0,0.1132
10857.5,0.11369
10860.0,0.11303
10862.5,0.1127
10865.0,0.11176
10867.5,0.11068
10870.0,0.11013
10872.5,0.1092
10875.0,0.1088
10877.5,0.10898
10880.0,0.10917
10882.5,0.10951
10885.0,0.10959
10887.5,0.11007
10890.0,0.11009
10892.5,0.11086
10895.0,0.11088
10897.5,0.11132
10900.0,0.11179
10902.4,0.11168
10904.9,0.11199
10907.4,0.1123
10909.9,0.11212
10912.4,0.11192
10914.9,0.11199
10917.4,0.11164
10919.9,0.11099
10922.4,0.11062
10924.9,0.11012
10927.4,0.10937
10929.9,0.10911
10932.4,0.10855
10934.9,0.10837
10937.4,0.10846
10939.9,0.10894
10942.4,0.10906
10944.9,0.1092
10947.4,0.10936
10949.9,0.10921
10952.3,0.10904
10954.8,0.10841
10957.3,0.10803
10959.8,0.10709
10962.3,0.10612
10964.8,0.10512
10967.3,0.1044
10969.8,0.10392
10972.3,0.10364
10974.8,0.10365
10977.3,0.10399
10979.8,0.10415
10982.3,0.10423
10984.8,0.10477
10987.3,0.10468
10989.8,0.10491
10992.3,0.10486
10994.8,0.1051
10997.3,0.10477
10999.8,0.10468
