wave,flux
3700.85,0.095
3701.75,0.093698
3702.65,0.090303
3703.55,0.084905
3704.45,0.079439
3705.35,0.07447
3706.25,0.070937
3707.15,0.068639
3708.05,0.068294
3708.96,0.069708
3709.86,0.073059
3710.76,0.077349
3711.66,0.081873
3712.56,0.087225
3713.46,0.092001
3714.36,0.095263
3715.26,0.096402
3716.16,0.095246
3717.06,0.092098
3717.96,0.086206
3718.86,0.079291
3719.76,0.071702
3720.66,0.065383
3721.56,0.061812
3722.46,0.061567
3723.36,0.064774
3724.26,0.069534
3725.16,0.074802
3726.06,0.078626
3726.96,0.081326
3727.86,0.081694
3728.76,0.08178
3729.66,0.080898
3730.56,0.07898
3731.46,0.076126
3732.36,0.071366
3733.26,0.065575
3734.16,0.059472
3735.06,0.05475
3735.96,0.05208
3736.86,0.052504
3737.76,0.055583
3738.66,0.061135
3739.56,0.067181
3740.46,0.072945
3741.36,0.076122
3742.26,0.077444
3743.16,0.075294
3744.06,0.071922
3744.96,0.067565
3745.86,0.062932
3746.76,0.059308
3747.67,0.056151
3748.57,0.054208
3749.47,0.054318
3750.37,0.056413
3751.27,0.061274
3752.17,0.067634
3753.07,0.07487
3753.97,0.08119
3754.87,0.085677
3755.77,0.086755
3756.67,0.085695
3757.57,0.082413
3758.47,0.078105
3759.37,0.074974
3760.27,0.073717
3761.17,0.073839
3762.07,0.074975
3762.97,0.076548
3763.87,0.077478
3764.77,0.078085
3765.67,0.078142
3766.57,0.078533
3767.47,0.078866
3768.37,0.079371
3769.27,0.08035
3770.17,0.082024
3771.07,0.084094
3771.97,0.086804
3772.87,0.089345
3773.77,0.091796
3774.67,0.093792
3775.57,0.095879
3776.47,0.096392
3777.37,0.09749
3778.27,0.09827
3779.17,0.09958
3780.07,0.10153
3780.97,0.10341
3781.87,0.10475
3782.77,0.10531
3783.67,0.10489
3784.57,0.10299
3785.47,0.099811
3786.38,0.096068
3787.28,0.091722
3788.18,0.0876
3789.08,0.084926
3789.98,0.083066
3790.88,0.082637
3791.78,0.082489
3792.68,0.082341
3793.58,0.081351
3794.48,0.079494
3795.38,0.077199
3796.28,0.074573
3797.18,0.072455
3798.08,0.07103
3798.98,0.071374
3799.88,0.073677
3800.78,0.077277
3801.68,0.082735
3802.58,0.088282
3803.48,0.092735
3804.38,0.096557
3805.28,0.098126
3806.18,0.097683
3807.08,0.097118
3807.98,0.096615
3808.88,0.096846
3809.78,0.097763
3810.68,0.09778
3811.58,0.096926
3812.48,0.093933
3813.38,0.090334
3814.28,0.085741
3815.18,0.081337
3816.08,0.078326
3816.98,0.076437
3817.88,0.075355
3818.78,0.074348
3819.68,0.072966
3820.58,0.071017
3821.48,0.069909
3822.38,0.068659
3823.28,0.067527
3824.18,0.066153
3825.09,0.063878
3825.99,0.061285
3826.89,0.059326
3827.79,0.058176
3828.69,0.057832
3829.59,0.057939
3830.49,0.057727
3831.39,0.057322
3832.29,0.055857
3833.19,0.054364
3834.09,0.053049
3834.99,0.052878
3835.89,0.052778
3836.79,0.053338
3837.69,0.05368
3838.59,0.05385
3839.49,0.054933
3840.39,0.057298
3841.29,0.060791
3842.19,0.065804
3843.09,0.071744
3843.99,0.076933
3844.89,0.081142
3845.79,0.084655
3846.69,0.086741
3847.59,0.087304
3848.49,0.087371
3849.39,0.087002
3850.29,0.086309
3851.19,0.08575
3852.09,0.085637
3852.99,0.085323
3853.89,0.084653
3854.79,0.083627
3855.69,0.081778
3856.59,0.078827
3857.49,0.075478
3858.39,0.072597
3859.29,0.070408
3860.19,0.070103
3861.09,0.071473
3861.99,0.074279
3862.9,0.078431
3863.8,0.08244
3864.7,0.085277
3865.6,0.087123
3866.5,0.087067
3867.4,0.086455
3868.3,0.085331
3869.2,0.083242
3870.1,0.080937
3871.0,0.078456
3871.9,0.076771
3872.8,0.075717
3873.7,0.075937
3874.6,0.07735
3875.5,0.079422
3876.4,0.08069
3877.3,0.080584
3878.2,0.079815
3879.1,0.078348
3880.0,0.077385
3880.9,0.077077
3881.8,0.077021
3882.7,0.077324
3883.6,0.077807
3884.5,0.077148
3885.4,0.075964
3886.3,0.074216
3887.2,0.072283
3888.1,0.071369
3889.0,0.071604
3889.9,0.074005
3890.8,0.076758
3891.7,0.081102
3892.6,0.084769
3893.5,0.087865
3894.4,0.089938
3895.3,0.090796
3896.2,0.091241
3897.1,0.091661
3898.0,0.092472
3898.9,0.092591
3899.8,0.093139
3900.7,0.092713
3901.6,0.092937
3902.51,0.091832
3903.41,0.091188
3904.31,0.090215
3905.21,0.089115
3906.11,0.088739
3907.01,0.089843
3907.91,0.09215
3908.81,0.094981
3909.71,0.098592
3910.61,0.10205
3911.51,0.10453
3912.41,0.10595
3913.31,0.10678
3914.21,0.10589
3915.11,0.10518
3916.01,0.10376
3916.91,0.1012
3917.81,0.098546
3918.71,0.095918
3919.61,0.0929
3920.51,0.089278
3921.41,0.086742
3922.31,0.084691
3923.21,0.082689
3924.11,0.081742
3925.01,0.080205
3925.91,0.077219
3926.81,0.072816
3927.71,0.067634
3928.61,0.060771
3929.51,0.053727
3930.41,0.046933
3931.31,0.040638
3932.21,0.035156
3933.11,0.030987
3934.01,0.028886
3934.91,0.028711
3935.81,0.030742
3936.71,0.034443
3937.61,0.039873
3938.51,0.04611
3939.42,0.052976
3940.32,0.059096
3941.22,0.064436
3942.12,0.068421
3943.02,0.071997
3943.92,0.074768
3944.82,0.077827
3945.72,0.081273
3946.62,0.084887
3947.52,0.089014
3948.42,0.092614
3949.32,0.095246
3950.22,0.097909
3951.12,0.10008
3952.02,0.10162
3952.92,0.10248
3953.82,0.10302
3954.72,0.10314
3955.62,0.10276
3956.52,0.10206
3957.42,0.10054
3958.32,0.098676
3959.22,0.095882
3960.12,0.092127
3961.02,0.087049
3961.92,0.081009
3962.82,0.074782
3963.72,0.067778
3964.62,0.061303
3965.52,0.054772
3966.42,0.048639
3967.32,0.0424
3968.22,0.037934
3969.12,0.035265
3970.02,0.035174
3970.92,0.037442
3971.82,0.042043
3972.72,0.048323
3973.62,0.055695
3974.52,0.063935
3975.42,0.071803
3976.32,0.079314
3977.22,0.08639
3978.13,0.093176
3979.03,0.099222
3979.93,0.10341
3980.83,0.10769
3981.73,0.10935
3982.63,0.11091
3983.53,0.11187
3984.43,0.11278
3985.33,0.11412
3986.23,0.11535
3987.13,0.11718
3988.03,0.11847
3988.93,0.12025
3989.83,0.12177
3990.73,0.12267
3991.63,0.12401
3992.53,0.12424
3993.43,0.12477
3994.33,0.12426
3995.23,0.12332
3996.13,0.12223
3997.03,0.12104
3997.93,0.11991
3998.83,0.12172
3999.73,0.12344
4000.63,0.12518
4001.53,0.12698
4002.43,0.12787
4003.33,0.12785
4004.23,0.12637
4005.13,0.12482
4006.03,0.12227
4006.93,0.12145
4007.83,0.12211
4008.73,0.12399
4009.63,0.1262
4010.53,0.12892
4011.43,0.13073
4012.33,0.13177
4013.23,0.13272
4014.13,0.13341
4015.03,0.1339
4015.93,0.13395
4016.84,0.13447
4017.74,0.13375
4018.64,0.13393
4019.54,0.13384
4020.44,0.13448
4021.34,0.1346
4022.24,0.13482
4023.14,0.13448
4024.04,0.13425
4024.94,0.13435
4025.84,0.1351
4026.74,0.13601
4027.64,0.13649
4028.54,0.13619
4029.44,0.13471
4030.34,0.1318
4031.24,0.12746
4032.14,0.12397
4033.04,0.12115
4033.94,0.12047
4034.84,0.12199
4035.74,0.12512
4036.64,0.12967
4037.54,0.13425
4038.44,0.13747
4039.34,0.13976
4040.24,0.1398
4041.14,0.13916
4042.04,0.13702
4042.94,0.13329
4043.84,0.12827
4044.74,0.12336
4045.64,0.11993
4046.54,0.11774
4047.44,0.11827
4048.34,0.12163
4049.24,0.12577
4050.14,0.13095
4051.04,0.13429
4051.94,0.13639
4052.84,0.13681
4053.74,0.13626
4054.65,0.13414
4055.55,0.13216
4056.45,0.13065
4057.35,0.12954
4058.25,0.12862
4059.15,0.12905
4060.05,0.12919
4060.95,0.12903
4061.85,0.1274
4062.75,0.125
4063.65,0.12242
4064.55,0.12115
4065.45,0.12018
4066.35,0.12138
4067.25,0.12353
4068.15,0.12635
4069.05,0.12843
4069.95,0.13028
4070.85,0.13052
4071.75,0.12991
4072.65,0.12881
4073.55,0.12819
4074.45,0.12779
4075.35,0.12644
4076.25,0.12438
4077.15,0.12361
4078.05,0.12256
4078.95,0.12307
4079.85,0.12557
4080.75,0.12907
4081.65,0.13231
4082.55,0.13495
4083.45,0.13623
4084.35,0.13694
4085.25,0.13806
4086.15,0.13942
4087.05,0.14186
4087.95,0.14419
4088.85,0.14729
4089.75,0.14872
4090.65,0.14899
4091.55,0.1493
4092.45,0.14838
4093.36,0.14668
4094.26,0.14449
4095.16,0.14147
4096.06,0.13914
4096.96,0.135
4097.86,0.13137
4098.76,0.12717
4099.66,0.12372
4100.56,0.11957
4101.46,0.11587
4102.36,0.11409
4103.26,0.11445
4104.16,0.11688
4105.06,0.12106
4105.96,0.12533
4106.86,0.13016
4107.76,0.13337
4108.66,0.13497
4109.56,0.13615
4110.46,0.1365
4111.36,0.13694
4112.26,0.13797
4113.16,0.13973
4114.06,0.14102
4114.96,0.14202
4115.86,0.14303
4116.76,0.14394
4117.66,0.14336
4118.56,0.1417
4119.46,0.1409
4120.36,0.14006
4121.26,0.13939
4122.16,0.13955
4123.06,0.13969
4123.96,0.14031
4124.86,0.14099
4125.76,0.1409
4126.66,0.14123
4127.56,0.1406
4128.46,0.13865
4129.36,0.13694
4130.26,0.13467
4131.17,0.13288
4132.06,0.13092
4132.97,0.13009
4133.87,0.12976
4134.77,0.13005
4135.67,0.13232
4136.57,0.13579
4137.47,0.1382
4138.37,0.14155
4139.27,0.14255
4140.17,0.14256
4141.07,0.1412
4141.97,0.13814
4142.87,0.13415
4143.77,0.13144
4144.67,0.12951
4145.57,0.12924
4146.47,0.13084
4147.37,0.13327
4148.27,0.13582
4149.17,0.13688
4150.07,0.13682
4150.97,0.13718
4151.87,0.13687
4152.77,0.13583
4153.67,0.13504
4154.57,0.13417
4155.47,0.13399
4156.37,0.13434
4157.27,0.13525
4158.17,0.13711
4159.07,0.13895
4159.97,0.14193
4160.87,0.1423
4161.77,0.14539
4162.67,0.14569
4163.57,0.14658
4164.47,0.14681
4165.37,0.14536
4166.27,0.14391
4167.17,0.14254
4168.07,0.14145
4168.98,0.13993
4169.88,0.13806
4170.78,0.13661
4171.68,0.13358
4172.58,0.13104
4173.48,0.12904
4174.38,0.128
4175.28,0.12742
4176.18,0.1283
4177.08,0.12948
4177.98,0.13108
4178.88,0.13295
4179.78,0.1342
4180.68,0.13511
4181.58,0.13558
4182.48,0.1364
4183.38,0.13699
4184.28,0.1368
4185.18,0.13659
4186.08,0.13607
4186.98,0.13612
4187.88,0.135
4188.78,0.13444
4189.68,0.13483
4190.58,0.13597
4191.48,0.13734
4192.38,0.13881
4193.28,0.13966
4194.18,0.13929
4195.08,0.13947
4195.98,0.13752
4196.88,0.13421
4197.78,0.13202
4198.68,0.12905
4199.58,0.12764
4200.48,0.12633
4201.38,0.12595
4202.28,0.12667
4203.18,0.12812
4204.08,0.13036
4204.98,0.13261
4205.88,0.13584
4206.79,0.13869
4207.69,0.14099
4208.59,0.14236
4209.49,0.14383
4210.39,0.14451
4211.29,0.14467
4212.19,0.14373
4213.09,0.14339
4213.99,0.14156
4214.89,0.14024
4215.79,0.13837
4216.69,0.13844
4217.59,0.13874
4218.49,0.1405
4219.39,0.14259
4220.29,0.14451
4221.19,0.14389
4222.09,0.1423
4222.99,0.13852
4223.89,0.13233
4224.79,0.12578
4225.69,0.11857
4226.59,0.11318
4227.49,0.11151
4228.39,0.11308
4229.29,0.11721
4230.19,0.12289
4231.09,0.12872
4231.99,0.13295
4232.89,0.13635
4233.79,0.13676
4234.69,0.13587
4235.59,0.13534
4236.49,0.13397
4237.39,0.13316
4238.29,0.13305
4239.19,0.1343
4240.09,0.13583
4240.99,0.13753
4241.89,0.14048
4242.79,0.14185
4243.69,0.14386
4244.59,0.14489
4245.5,0.14466
4246.4,0.14335
4247.3,0.14174
4248.2,0.13837
4249.1,0.13592
4250.0,0.13409
4250.9,0.13234
4251.8,0.13189
4252.7,0.13181
4253.6,0.13295
4254.5,0.1332
4255.4,0.13415
4256.3,0.1349
4257.2,0.13496
4258.1,0.13565
4259.0,0.13419
4259.9,0.13323
4260.8,0.13265
4261.7,0.13293
4262.6,0.13526
4263.5,0.13852
4264.4,0.14123
4265.3,0.14469
4266.2,0.14647
4267.1,0.14518
4268.0,0.14289
4268.9,0.1404
4269.8,0.13514
4270.7,0.13026
4271.6,0.12569
4272.5,0.12166
4273.4,0.11942
4274.3,0.11953
4275.2,0.12158
4276.1,0.12566
4277.0,0.12996
4277.9,0.13325
4278.8,0.13626
4279.7,0.13834
4280.6,0.13833
4281.5,0.13832
4282.4,0.13734
4283.31,0.13641
4284.21,0.13528
4285.11,0.13388
4286.01,0.13277
4286.91,0.13039
4287.81,0.12718
4288.71,0.12536
4289.61,0.12316
4290.51,0.12233
4291.41,0.12239
4292.31,0.1235
4293.21,0.12558
4294.11,0.12639
4295.01,0.12669
4295.91,0.12609
4296.81,0.12346
4297.71,0.11947
4298.61,0.11436
4299.51,0.10956
4300.41,0.10534
4301.31,0.1021
4302.21,0.10046
4303.11,0.099288
4304.01,0.099594
4304.91,0.099197
4305.81,0.099109
4306.71,0.097763
4307.61,0.097101
4308.51,0.095642
4309.41,0.096094
4310.31,0.097039
4311.21,0.10005
4312.11,0.10511
4313.01,0.111
4313.91,0.11904
4314.81,0.12788
4315.71,0.13704
4316.61,0.14525
4317.51,0.15296
4318.41,0.15792
4319.31,0.16049
4320.21,0.16121
4321.12,0.15799
4322.02,0.15403
4322.92,0.14793
4323.82,0.14109
4324.72,0.13521
4325.62,0.1311
4326.52,0.12996
4327.42,0.13228
4328.32,0.13752
4329.22,0.14262
4330.12,0.14856
4331.02,0.15301
4331.92,0.15696
4332.82,0.15842
4333.72,0.16003
4334.62,0.1593
4335.52,0.15664
4336.42,0.15301
4337.32,0.14692
4338.22,0.14011
4339.12,0.13512
4340.02,0.1294
4340.92,0.12686
4341.82,0.12619
4342.72,0.12919
4343.62,0.13365
4344.52,0.13888
4345.42,0.14383
4346.32,0.14859
4347.22,0.15203
4348.12,0.15379
4349.02,0.15533
4349.92,0.1537
4350.82,0.15304
4351.72,0.14945
4352.62,0.14739
4353.52,0.14584
4354.42,0.14628
4355.32,0.14738
4356.22,0.14916
4357.12,0.15142
4358.02,0.15373
4358.92,0.15513
4359.83,0.15557
4360.73,0.15733
4361.63,0.15857
4362.53,0.16031
4363.43,0.16199
4364.33,0.1633
4365.23,0.16411
4366.13,0.16346
4367.03,0.16245
4367.93,0.16087
4368.83,0.15922
4369.73,0.1572
4370.63,0.15547
4371.53,0.15356
4372.43,0.15205
4373.33,0.15053
4374.23,0.1484
4375.13,0.14759
4376.03,0.14665
4376.93,0.14778
4377.83,0.14888
4378.73,0.14925
4379.63,0.15043
4380.53,0.14939
4381.43,0.14561
4382.33,0.14072
4383.23,0.13528
4384.13,0.13117
4385.03,0.12877
4385.93,0.12887
4386.83,0.13102
4387.73,0.13396
4388.63,0.13815
4389.53,0.14168
4390.43,0.14446
4391.33,0.14621
4392.23,0.14832
4393.13,0.1494
4394.03,0.15095
4394.93,0.15203
4395.83,0.15383
4396.73,0.1548
4397.64,0.156
4398.54,0.15687
4399.44,0.1566
4400.34,0.15534
4401.24,0.15368
4402.14,0.1517
4403.04,0.14851
4403.94,0.14706
4404.84,0.14418
4405.74,0.1434
4406.64,0.14276
4407.54,0.14395
4408.44,0.14618
4409.34,0.15038
4410.24,0.15356
4411.14,0.1578
4412.04,0.16043
4412.94,0.16177
4413.84,0.16195
4414.74,0.161
4415.64,0.15985
4416.54,0.15819
4417.44,0.15872
4418.34,0.15995
4419.24,0.16228
4420.14,0.16318
4421.04,0.16437
4421.94,0.16496
4422.84,0.16433
4423.74,0.16379
4424.64,0.1635
4425.54,0.16233
4426.44,0.16215
4427.34,0.16245
4428.24,0.16242
4429.14,0.16295
4430.04,0.16263
4430.94,0.16216
4431.84,0.16223
4432.74,0.16058
4433.64,0.15995
4434.54,0.15882
4435.45,0.15759
4436.35,0.15857
4437.25,0.16013
4438.15,0.16169
4439.05,0.16485
4439.95,0.16611
4440.85,0.1663
4441.75,0.16634
4442.65,0.16493
4443.55,0.16369
4444.45,0.16404
4445.35,0.16529
4446.25,0.1667
4447.15,0.16834
4448.05,0.16923
4448.95,0.17072
4449.85,0.17068
4450.75,0.16947
4451.65,0.16814
4452.55,0.16596
4453.45,0.16377
4454.35,0.16081
4455.25,0.15662
4456.15,0.15448
4457.05,0.15336
4457.95,0.15166
4458.85,0.15068
4459.75,0.1514
4460.65,0.15216
4461.55,0.15293
4462.45,0.1546
4463.35,0.15632
4464.25,0.15897
4465.15,0.16138
4466.05,0.16308
4466.95,0.16416
4467.85,0.1651
4468.75,0.1651
4469.65,0.16549
4470.55,0.16637
4471.45,0.16821
4472.35,0.17003
4473.25,0.17221
4474.16,0.17499
4475.06,0.17684
4475.96,0.17962
4476.86,0.17996
4477.76,0.18028
4478.66,0.17888
4479.56,0.17759
4480.46,0.17537
4481.36,0.17289
4482.26,0.17154
4483.16,0.17188
4484.06,0.17195
4484.96,0.17399
4485.86,0.17619
4486.76,0.17763
4487.66,0.1772
4488.56,0.17689
4489.46,0.1761
4490.36,0.17404
4491.26,0.17293
4492.16,0.17332
4493.06,0.17257
4493.96,0.17287
4494.86,0.17287
4495.76,0.17195
4496.66,0.17249
4497.56,0.17278
4498.46,0.17506
4499.36,0.1769
4500.26,0.17913
4501.16,0.18184
4502.06,0.18281
4502.96,0.18481
4503.86,0.18667
4504.76,0.18906
4505.66,0.19001
4506.56,0.19114
4507.46,0.19089
4508.36,0.19137
4509.26,0.19059
4510.17,0.18987
4511.06,0.18886
4511.97,0.18784
4512.87,0.1869
4513.77,0.18534
4514.67,0.18372
4515.57,0.18247
4516.47,0.18189
4517.37,0.18141
4518.27,0.18124
4519.17,0.18139
4520.07,0.18166
4520.97,0.18172
4521.87,0.18071
4522.77,0.17957
4523.67,0.17807
4524.57,0.17557
4525.47,0.1728
4526.37,0.16953
4527.27,0.16636
4528.17,0.16453
4529.07,0.1623
4529.97,0.16083
4530.87,0.16122
4531.77,0.16074
4532.67,0.16125
4533.57,0.16216
4534.47,0.16247
4535.37,0.16393
4536.27,0.16666
4537.17,0.16932
4538.07,0.1718
4538.97,0.17538
4539.87,0.17733
4540.77,0.178
4541.67,0.17912
4542.57,0.17956
4543.47,0.17879
4544.37,0.17901
4545.27,0.1776
4546.17,0.17577
4547.07,0.17529
4547.97,0.17399
4548.88,0.17412
4549.77,0.17301
4550.68,0.17252
4551.58,0.17216
4552.48,0.17162
4553.38,0.17195
4554.28,0.17249
4555.18,0.17297
4556.08,0.17498
4556.98,0.1766
4557.88,0.17887
4558.78,0.18174
4559.68,0.18386
4560.58,0.18495
4561.48,0.18608
4562.38,0.18548
4563.28,0.18433
4564.18,0.18328
4565.08,0.18312
4565.98,0.18246
4566.88,0.18303
4567.78,0.1836
4568.68,0.18388
4569.58,0.18427
4570.48,0.18483
4571.38,0.18494
4572.28,0.1844
4573.18,0.18425
4574.08,0.18511
4574.98,0.18529
4575.88,0.1849
4576.78,0.18516
4577.68,0.18566
4578.58,0.18406
4579.48,0.18206
4580.38,0.18052
4581.28,0.17853
4582.18,0.17718
4583.08,0.17673
4583.98,0.17658
4584.88,0.17698
4585.78,0.17732
4586.69,0.1797
4587.58,0.18061
4588.49,0.18173
4589.39,0.18254
4590.29,0.1836
4591.19,0.18346
4592.09,0.18295
4592.99,0.18236
4593.89,0.18006
4594.79,0.17963
4595.69,0.17952
4596.59,0.17956
4597.49,0.17913
4598.39,0.17944
4599.29,0.18057
4600.19,0.17968
4601.09,0.17998
4601.99,0.18088
4602.89,0.18107
4603.79,0.18122
4604.69,0.1815
4605.59,0.18336
4606.49,0.18506
4607.39,0.18568
4608.29,0.18859
4609.19,0.18981
4610.09,0.19232
4610.99,0.19108
4611.89,0.19163
4612.79,0.19091
4613.69,0.19062
4614.59,0.19038
4615.49,0.19053
4616.39,0.19057
4617.29,0.1903
4618.19,0.19056
4619.09,0.19014
4619.99,0.19075
4620.89,0.19045
4621.79,0.19174
4622.69,0.19132
4623.59,0.19111
4624.5,0.19135
4625.4,0.1918
4626.3,0.19178
4627.2,0.19095
4628.1,0.19109
4629.0,0.19134
4629.9,0.1906
4630.8,0.19024
4631.7,0.19041
4632.6,0.18985
4633.5,0.18865
4634.4,0.18832
4635.3,0.1874
4636.2,0.18662
4637.1,0.18547
4638.0,0.18344
4638.9,0.18366
4639.8,0.18381
4640.7,0.18407
4641.6,0.18416
4642.5,0.18447
4643.4,0.1852
4644.3,0.18352
4645.2,0.18295
4646.1,0.1815
4647.0,0.18017
4647.9,0.17911
4648.8,0.17889
4649.7,0.18002
4650.6,0.18009
4651.5,0.18136
4652.4,0.18263
4653.3,0.18341
4654.2,0.18304
4655.1,0.1829
4656.0,0.18363
4656.9,0.18429
4657.8,0.18619
4658.7,0.18781
4659.6,0.18968
4660.5,0.19209
4661.4,0.19245
4662.3,0.19215
4663.21,0.19038
4664.11,0.18748
4665.01,0.18465
4665.91,0.18172
4666.81,0.17853
4667.71,0.17585
4668.61,0.17471
4669.51,0.1745
4670.41,0.17639
4671.31,0.17788
4672.21,0.17977
4673.11,0.18255
4674.01,0.18346
4674.91,0.18516
4675.81,0.18646
4676.71,0.18689
4677.61,0.18681
4678.51,0.18667
4679.41,0.18572
4680.31,0.18415
4681.21,0.18352
4682.11,0.18327
4683.01,0.18369
4683.91,0.18295
4684.81,0.18427
4685.71,0.18519
4686.61,0.18561
4687.51,0.18592
4688.41,0.18615
4689.31,0.18665
4690.21,0.18679
4691.11,0.18678
4692.01,0.18676
4692.91,0.18799
4693.81,0.18833
4694.71,0.18969
4695.61,0.19023
4696.51,0.19113
4697.41,0.1892
4698.31,0.18873
4699.21,0.18611
4700.12,0.18532
4701.02,0.18395
4701.92,0.1821
4702.82,0.18027
4703.72,0.1797
4704.62,0.17959
4705.52,0.17966
4706.42,0.18071
4707.32,0.17946
4708.22,0.18026
4709.12,0.18025
4710.02,0.18151
4710.92,0.18162
4711.82,0.18385
4712.72,0.18396
4713.62,0.18537
4714.52,0.18719
4715.42,0.18747
4716.32,0.18876
4717.22,0.18975
4718.12,0.19215
4719.02,0.19311
4719.92,0.19464
4720.82,0.19502
4721.72,0.19573
4722.62,0.19489
4723.52,0.19522
4724.42,0.19536
4725.32,0.19396
4726.22,0.19251
4727.12,0.19052
4728.02,0.18793
4728.92,0.18668
4729.82,0.18407
4730.72,0.1843
4731.62,0.18434
4732.52,0.18397
4733.42,0.18521
4734.32,0.18627
4735.22,0.1878
4736.12,0.18801
4737.02,0.18847
4737.92,0.18907
4738.83,0.19
4739.73,0.18925
4740.63,0.19002
4741.53,0.19054
4742.43,0.19107
4743.33,0.191
4744.23,0.19217
4745.13,0.19245
4746.03,0.19357
4746.93,0.19496
4747.83,0.19563
4748.73,0.19557
4749.63,0.1957
4750.53,0.19579
4751.43,0.19542
4752.33,0.19403
4753.23,0.19366
4754.13,0.19216
4755.03,0.19032
4755.93,0.19068
4756.83,0.18951
4757.73,0.18978
4758.63,0.18795
4759.53,0.18838
4760.43,0.18781
4761.33,0.18723
4762.23,0.18573
4763.13,0.18429
4764.03,0.18294
4764.93,0.182
4765.83,0.18102
4766.73,0.18089
4767.63,0.18145
4768.53,0.18298
4769.43,0.18352
4770.33,0.1864
4771.23,0.18684
4772.13,0.18805
4773.03,0.18866
4773.93,0.19048
4774.83,0.19158
4775.73,0.1926
4776.64,0.19265
4777.54,0.19304
4778.44,0.1937
4779.34,0.19256
4780.24,0.19248
4781.14,0.1909
4782.04,0.19005
4782.94,0.18957
4783.84,0.18871
4784.74,0.18632
4785.64,0.18622
4786.54,0.18529
4787.44,0.18595
4788.34,0.18505
4789.24,0.18577
4790.14,0.18633
4791.04,0.18705
4791.94,0.18879
4792.84,0.18994
4793.74,0.19277
4794.64,0.19371
4795.54,0.19533
4796.44,0.1952
4797.34,0.19537
4798.24,0.19372
4799.14,0.19408
4800.04,0.1931
4800.94,0.19299
4801.84,0.19304
4802.74,0.19328
4803.64,0.19302
4804.54,0.19349
4805.44,0.19315
4806.34,0.19268
4807.24,0.19205
4808.14,0.19082
4809.04,0.19092
4809.94,0.19139
4810.84,0.19126
4811.74,0.19233
4812.64,0.19325
4813.54,0.19379
4814.45,0.19497
4815.35,0.19575
4816.25,0.19688
4817.15,0.19761
4818.05,0.19744
4818.95,0.19875
4819.85,0.19821
4820.75,0.19763
4821.65,0.1962
4822.55,0.1956
4823.45,0.19475
4824.35,0.19308
4825.25,0.19274
4826.15,0.19169
4827.05,0.19189
4827.95,0.19155
4828.85,0.19125
4829.75,0.19165
4830.65,0.19109
4831.55,0.19102
4832.45,0.19075
4833.35,0.19066
4834.25,0.19119
4835.15,0.19205
4836.05,0.19173
4836.95,0.19235
4837.85,0.19154
4838.75,0.19125
4839.65,0.19102
4840.55,0.18962
4841.45,0.18961
4842.35,0.18905
4843.25,0.18957
4844.15,0.19017
4845.05,0.19092
4845.95,0.19166
4846.85,0.19257
4847.75,0.19236
4848.65,0.19202
4849.55,0.19228
4850.45,0.19147
4851.35,0.19013
4852.26,0.19072
4853.16,0.18991
4854.06,0.18759
4854.96,0.18551
4855.86,0.18353
4856.76,0.18022
4857.66,0.17744
4858.56,0.17235
4859.46,0.16786
4860.36,0.16425
4861.26,0.16119
4862.16,0.1593
4863.06,0.15929
4863.96,0.16019
4864.86,0.16362
4865.76,0.16714
4866.66,0.17165
4867.56,0.17498
4868.46,0.1775
4869.36,0.17855
4870.26,0.17873
4871.16,0.17804
4872.06,0.17811
4872.96,0.17878
4873.86,0.17893
4874.76,0.17987
4875.66,0.18178
4876.56,0.18294
4877.46,0.1847
4878.36,0.18673
4879.26,0.18792
4880.16,0.18978
4881.06,0.18886
4881.96,0.18955
4882.86,0.18915
4883.76,0.18832
4884.66,0.18718
4885.56,0.1852
4886.46,0.18439
4887.36,0.18325
4888.26,0.18184
4889.17,0.18058
4890.07,0.1806
4890.97,0.1809
4891.87,0.18219
4892.77,0.18442
4893.67,0.18786
4894.57,0.19134
4895.47,0.19531
4896.37,0.19801
4897.27,0.20119
4898.17,0.20167
4899.07,0.20125
4899.97,0.20048
4900.87,0.20011
4901.77,0.19893
4902.67,0.19711
4903.57,0.19721
4904.47,0.19697
4905.37,0.19681
4906.27,0.19662
4907.17,0.19621
4908.07,0.19535
4908.97,0.19456
4909.87,0.19331
4910.77,0.19217
4911.67,0.19278
4912.57,0.19194
4913.47,0.19184
4914.37,0.19277
4915.27,0.19256
4916.17,0.19248
4917.07,0.19082
4917.97,0.18807
4918.87,0.18466
4919.77,0.18224
4920.67,0.17938
4921.57,0.17854
4922.47,0.17806
4923.37,0.17877
4924.27,0.18178
4925.17,0.1852
4926.07,0.18772
4926.98,0.19055
4927.88,0.19322
4928.78,0.19584
4929.68,0.19789
4930.58,0.1979
4931.48,0.19727
4932.38,0.19606
4933.28,0.1952
4934.18,0.19431
4935.08,0.19099
4935.98,0.18979
4936.88,0.18819
4937.78,0.1867
4938.68,0.18614
4939.58,0.18717
4940.48,0.18789
4941.38,0.19012
4942.28,0.19128
4943.18,0.19448
4944.08,0.19595
4944.98,0.19763
4945.88,0.1997
4946.78,0.20068
4947.68,0.20172
4948.58,0.20164
4949.48,0.20256
4950.38,0.20264
4951.28,0.20251
4952.18,0.20162
4953.08,0.20067
4953.98,0.19845
4954.88,0.1952
4955.78,0.19269
4956.68,0.18878
4957.58,0.18781
4958.48,0.18586
4959.38,0.18533
4960.28,0.18602
4961.18,0.18808
4962.08,0.18901
4962.98,0.19151
4963.88,0.19199
4964.79,0.19204
4965.69,0.1907
4966.59,0.19039
4967.49,0.1897
4968.39,0.18893
4969.29,0.18907
4970.19,0.18935
4971.09,0.19066
4971.99,0.1914
4972.89,0.1929
4973.79,0.19405
4974.69,0.19459
4975.59,0.19494
4976.49,0.19334
4977.39,0.19388
4978.29,0.19177
4979.19,0.18948
4980.09,0.18587
4980.99,0.18336
4981.89,0.18167
4982.79,0.17898
4983.69,0.17775
4984.59,0.17699
4985.49,0.17782
4986.39,0.17928
4987.29,0.18121
4988.19,0.18298
4989.09,0.18501
4989.99,0.18548
4990.89,0.18781
4991.79,0.18771
4992.69,0.18842
4993.59,0.18812
4994.49,0.18869
4995.39,0.18862
4996.29,0.18935
4997.19,0.18837
4998.09,0.18761
4998.99,0.18653
4999.89,0.18458
5000.79,0.18377
5001.7,0.18358
5002.6,0.18115
5003.5,0.18066
5004.4,0.17952
5005.3,0.17837
5006.2,0.17795
5007.1,0.17854
5008.0,0.17833
5008.9,0.17848
5009.8,0.17901
5010.7,0.17854
5011.6,0.17793
5012.5,0.17698
5013.4,0.17595
5014.3,0.17522
5015.2,0.1737
5016.1,0.17356
5017.0,0.17407
5017.9,0.17391
5018.8,0.17569
5019.7,0.17653
5020.6,0.1775
5021.5,0.17885
5022.4,0.17903
5023.3,0.18029
5024.2,0.18085
5025.1,0.18133
5026.0,0.18274
5026.9,0.1839
5027.8,0.1845
5028.7,0.18458
5029.6,0.18619
5030.5,0.18849
5031.4,0.18897
5032.3,0.18973
5033.2,0.19058
5034.1,0.19022
5035.0,0.18901
5035.9,0.18776
5036.8,0.18441
5037.7,0.18227
5038.6,0.17878
5039.5,0.17626
5040.41,0.17386
5041.31,0.17419
5042.21,0.17304
5043.11,0.17544
5044.01,0.17817
5044.91,0.18187
5045.81,0.18447
5046.71,0.18679
5047.61,0.1876
5048.51,0.18849
5049.41,0.18771
5050.31,0.18688
5051.21,0.18676
5052.11,0.18672
5053.01,0.18747
5053.91,0.18832
5054.81,0.18937
5055.71,0.19118
5056.61,0.19404
5057.51,0.19513
5058.41,0.1965
5059.31,0.19585
5060.21,0.19635
5061.11,0.19619
5062.01,0.19604
5062.91,0.19393
5063.81,0.19196
5064.71,0.18967
5065.61,0.18857
5066.51,0.18675
5067.41,0.18603
5068.31,0.18563
5069.21,0.18578
5070.11,0.18591
5071.01,0.18589
5071.91,0.18626
5072.81,0.18682
5073.71,0.18682
5074.61,0.18658
5075.51,0.18615
5076.42,0.18575
5077.31,0.18431
5078.21,0.1826
5079.12,0.18069
5080.02,0.17943
5080.92,0.17796
5081.82,0.17691
5082.72,0.17659
5083.62,0.17805
5084.52,0.17975
5085.42,0.18174
5086.32,0.18394
5087.22,0.18654
5088.12,0.18709
5089.02,0.18912
5089.92,0.18938
5090.82,0.19217
5091.72,0.19141
5092.62,0.19235
5093.52,0.19237
5094.42,0.19188
5095.32,0.19117
5096.22,0.18959
5097.12,0.18765
5098.02,0.18542
5098.92,0.1846
5099.82,0.18279
5100.72,0.1835
5101.62,0.18356
5102.52,0.18329
5103.42,0.18341
5104.32,0.18424
5105.22,0.18346
5106.12,0.18341
5107.02,0.18307
5107.92,0.18246
5108.82,0.18209
5109.72,0.18097
5110.62,0.18204
5111.52,0.18233
5112.42,0.18355
5113.32,0.18567
5114.22,0.18713
5115.12,0.18844
5116.03,0.19031
5116.93,0.19176
5117.83,0.19164
5118.73,0.19209
5119.63,0.19246
5120.53,0.19051
5121.43,0.18883
5122.33,0.18634
5123.23,0.18423
5124.13,0.18238
5125.03,0.18027
5125.93,0.17848
5126.83,0.17773
5127.73,0.1774
5128.63,0.1775
5129.53,0.17863
5130.43,0.17904
5131.33,0.18023
5132.23,0.18207
5133.13,0.18314
5134.03,0.18364
5134.93,0.18407
5135.83,0.18481
5136.73,0.18482
5137.63,0.18374
5138.53,0.18196
5139.43,0.18188
5140.33,0.18037
5141.23,0.17918
5142.13,0.17844
5143.03,0.17837
5143.93,0.17837
5144.83,0.17825
5145.73,0.17807
5146.63,0.17872
5147.53,0.17886
5148.43,0.17802
5149.33,0.17956
5150.23,0.17795
5151.13,0.17817
5152.03,0.17883
5152.94,0.17931
5153.84,0.18028
5154.74,0.17966
5155.64,0.18214
5156.54,0.18346
5157.44,0.18611
5158.34,0.18731
5159.24,0.18904
5160.14,0.19026
5161.04,0.18929
5161.94,0.18867
5162.84,0.18542
5163.74,0.18262
5164.64,0.17744
5165.54,0.17166
5166.44,0.16593
5167.34,0.16002
5168.24,0.15476
5169.14,0.15042
5170.04,0.14803
5170.94,0.14574
5171.84,0.1453
5172.74,0.14676
5173.64,0.14798
5174.54,0.15111
5175.44,0.15581
5176.34,0.15962
5177.24,0.16388
5178.14,0.16785
5179.04,0.16911
5179.94,0.16834
5180.84,0.16766
5181.74,0.16549
5182.64,0.16082
5183.54,0.15862
5184.44,0.15647
5185.34,0.15702
5186.24,0.15853
5187.14,0.16248
5188.04,0.16594
5188.94,0.16967
5189.84,0.17256
5190.75,0.17525
5191.65,0.1762
5192.55,0.17647
5193.45,0.17672
5194.35,0.17633
5195.25,0.17657
5196.15,0.17787
5197.05,0.17899
5197.95,0.18164
5198.85,0.18253
5199.75,0.18363
5200.65,0.18474
5201.55,0.18444
5202.45,0.18318
5203.35,0.18154
5204.25,0.17928
5205.15,0.17679
5206.05,0.17412
5206.95,0.17209
5207.85,0.171
5208.75,0.16954
5209.65,0.17123
5210.55,0.17206
5211.45,0.17517
5212.35,0.17798
5213.25,0.18031
5214.15,0.184
5215.05,0.18602
5215.95,0.18759
5216.85,0.18799
5217.75,0.18886
5218.65,0.18968
5219.55,0.18983
5220.45,0.19047
5221.35,0.19079
5222.25,0.1909
5223.15,0.18923
5224.05,0.1873
5224.95,0.18509
5225.85,0.18328
5226.75,0.18105
5227.66,0.17871
5228.56,0.17955
5229.46,0.1805
5230.36,0.18159
5231.26,0.18365
5232.16,0.18451
5233.06,0.18666
5233.96,0.18833
5234.86,0.18953
5235.76,0.19073
5236.66,0.19196
5237.56,0.19357
5238.46,0.19484
5239.36,0.19665
5240.26,0.19742
5241.16,0.19881
5242.06,0.19936
5242.96,0.19976
5243.86,0.1985
5244.76,0.19761
5245.66,0.19622
5246.56,0.19506
5247.46,0.19277
5248.36,0.19132
5249.26,0.19019
5250.16,0.18873
5251.06,0.18797
5251.96,0.18755
5252.86,0.1881
5253.76,0.1885
5254.66,0.19054
5255.56,0.19121
5256.46,0.19264
5257.36,0.19441
5258.26,0.19454
5259.16,0.19478
5260.06,0.19435
5260.96,0.19169
5261.86,0.18946
5262.76,0.18572
5263.66,0.18187
5264.56,0.17741
5265.47,0.17415
5266.37,0.17119
5267.27,0.16948
5268.17,0.16773
5269.07,0.16684
5269.97,0.16849
5270.87,0.16871
5271.77,0.16999
5272.67,0.17388
5273.57,0.17712
5274.47,0.17967
5275.37,0.18393
5276.27,0.18659
5277.17,0.18918
5278.07,0.19155
5278.97,0.19367
5279.87,0.19493
5280.77,0.1941
5281.67,0.195
5282.57,0.1953
5283.47,0.19522
5284.37,0.19516
5285.27,0.19652
5286.17,0.19836
5287.07,0.2
5287.97,0.20172
5288.87,0.20287
5289.77,0.20466
5290.67,0.20504
5291.57,0.20583
5292.47,0.20508
5293.37,0.20447
5294.27,0.20252
5295.17,0.20085
5296.07,0.19829
5296.97,0.19513
5297.87,0.19368
5298.77,0.19179
5299.67,0.19103
5300.57,0.19123
5301.48,0.19234
5302.38,0.19439
5303.27,0.19665
5304.18,0.19838
5305.08,0.20071
5305.98,0.20262
5306.88,0.20382
5307.78,0.20494
5308.68,0.20571
5309.58,0.20647
5310.48,0.20753
5311.38,0.2063
5312.28,0.20678
5313.18,0.20735
5314.08,0.20624
5314.98,0.20456
5315.88,0.20497
5316.78,0.20413
5317.68,0.2041
5318.58,0.20283
5319.48,0.20225
5320.38,0.20078
5321.28,0.20024
5322.18,0.19846
5323.08,0.19687
5323.98,0.19463
5324.88,0.19248
5325.78,0.19
5326.68,0.18626
5327.58,0.18385
5328.48,0.18247
5329.38,0.18212
5330.28,0.18239
5331.18,0.18388
5332.08,0.18666
5332.98,0.18969
5333.88,0.19213
5334.78,0.19456
5335.68,0.19642
5336.58,0.19807
5337.48,0.19815
5338.38,0.19842
5339.28,0.19819
5340.19,0.19685
5341.08,0.19595
5341.99,0.19507
5342.89,0.19562
5343.79,0.19596
5344.69,0.19514
5345.59,0.19661
5346.49,0.19633
5347.39,0.19705
5348.29,0.19688
5349.19,0.19784
5350.09,0.19867
5350.99,0.19908
5351.89,0.20077
5352.79,0.20283
5353.69,0.20487
5354.59,0.20598
5355.49,0.2078
5356.39,0.20951
5357.29,0.20878
5358.19,0.21036
5359.09,0.21011
5359.99,0.2103
5360.89,0.20907
5361.79,0.2077
5362.69,0.20644
5363.59,0.20431
5364.49,0.20284
5365.39,0.20112
5366.29,0.19965
5367.19,0.19786
5368.09,0.1963
5368.99,0.19447
5369.89,0.19428
5370.79,0.19207
5371.69,0.19207
5372.59,0.19286
5373.49,0.19442
5374.39,0.19611
5375.29,0.19853
5376.19,0.20048
5377.09,0.20282
5378.0,0.20454
5378.9,0.20521
5379.8,0.20593
5380.7,0.20517
5381.6,0.20544
5382.5,0.20393
5383.4,0.20415
5384.3,0.20336
5385.2,0.20375
5386.1,0.20276
5387.0,0.20271
5387.9,0.20199
5388.8,0.20095
5389.7,0.20042
5390.6,0.19954
5391.5,0.19808
5392.4,0.19687
5393.3,0.19518
5394.2,0.19312
5395.1,0.193
5396.0,0.19238
5396.9,0.19155
5397.8,0.19102
5398.7,0.19098
5399.6,0.19085
5400.5,0.19153
5401.4,0.19209
5402.3,0.19291
5403.2,0.19043
5404.1,0.19031
5405.0,0.18906
5405.9,0.18836
5406.8,0.18842
5407.7,0.18725
5408.6,0.18682
5409.5,0.18747
5410.4,0.18889
5411.3,0.1908
5412.2,0.1927
5413.1,0.19469
5414.0,0.19605
5414.9,0.19894
5415.81,0.20017
5416.71,0.20178
5417.61,0.20204
5418.51,0.20241
5419.41,0.20335
5420.31,0.20312
5421.21,0.2034
5422.11,0.20257
5423.01,0.20176
5423.91,0.20173
5424.81,0.20086
5425.71,0.19958
5426.61,0.19981
5427.51,0.19955
5428.41,0.19812
5429.31,0.19726
5430.21,0.19666
5431.11,0.19418
5432.01,0.19376
5432.91,0.19249
5433.81,0.19234
5434.71,0.19275
5435.61,0.1928
5436.51,0.19424
5437.41,0.19594
5438.31,0.1985
5439.21,0.19992
5440.11,0.20275
5441.01,0.20388
5441.91,0.20466
5442.81,0.2053
5443.71,0.20489
5444.61,0.20271
5445.51,0.20009
5446.41,0.19948
5447.31,0.19774
5448.21,0.19639
5449.11,0.19489
5450.01,0.19586
5450.91,0.197
5451.81,0.19638
5452.72,0.19626
5453.62,0.19552
5454.52,0.19674
5455.42,0.19447
5456.32,0.19449
5457.22,0.19477
5458.12,0.19494
5459.02,0.1953
5459.92,0.19526
5460.82,0.19689
5461.72,0.19634
5462.62,0.19642
5463.52,0.19739
5464.42,0.19657
5465.32,0.19646
5466.22,0.19643
5467.12,0.19751
5468.02,0.19821
5468.92,0.19777
5469.82,0.19849
5470.72,0.19832
5471.62,0.19747
5472.52,0.19595
5473.42,0.19531
5474.32,0.19437
5475.22,0.19279
5476.12,0.19086
5477.02,0.19063
5477.92,0.19081
5478.82,0.19033
5479.72,0.1909
5480.62,0.19124
5481.52,0.19283
5482.42,0.19287
5483.32,0.19424
5484.22,0.19481
5485.12,0.19637
5486.02,0.19674
5486.92,0.19775
5487.82,0.19747
5488.72,0.19865
5489.62,0.19849
5490.53,0.19812
5491.43,0.19902
5492.33,0.19892
5493.23,0.19925
5494.13,0.19882
5495.03,0.20026
5495.93,0.19927
5496.83,0.1994
5497.73,0.19896
5498.63,0.19854
5499.53,0.19762
5500.43,0.19802
5501.33,0.19716
5502.23,0.19721
5503.13,0.19665
5504.03,0.19639
5504.93,0.19575
5505.83,0.19581
5506.73,0.19464
5507.63,0.19541
5508.53,0.19493
5509.43,0.19428
5510.33,0.19537
5511.23,0.19463
5512.13,0.1936
5513.03,0.19357
5513.93,0.19389
5514.83,0.19347
5515.73,0.19566
5516.63,0.19514
5517.53,0.19686
5518.43,0.19872
5519.33,0.20008
5520.23,0.20153
5521.13,0.20241
5522.03,0.20221
5522.93,0.20239
5523.83,0.20294
5524.73,0.20138
5525.63,0.2011
5526.54,0.19909
5527.44,0.19744
5528.33,0.19764
5529.24,0.19612
5530.14,0.19611
5531.04,0.19661
5531.94,0.19734
5532.84,0.19759
5533.74,0.19865
5534.64,0.19892
5535.54,0.19973
5536.44,0.19955
5537.34,0.20063
5538.24,0.2017
5539.14,0.20157
5540.04,0.20237
5540.94,0.20389
5541.84,0.20317
5542.74,0.20309
5543.64,0.20321
5544.54,0.20312
5545.44,0.20228
5546.34,0.20345
5547.24,0.20352
5548.14,0.20436
5549.04,0.20423
5549.94,0.20438
5550.84,0.20499
5551.74,0.20562
5552.64,0.20458
5553.54,0.20415
5554.44,0.20385
5555.34,0.20315
5556.24,0.20185
5557.14,0.20228
5558.04,0.20139
5558.94,0.20123
5559.84,0.20121
5560.74,0.20044
5561.64,0.2013
5562.54,0.19907
5563.44,0.19886
5564.34,0.1985
5565.25,0.19815
5566.15,0.19736
5567.05,0.19695
5567.95,0.19626
5568.85,0.19577
5569.75,0.19666
5570.65,0.19599
5571.55,0.1967
5572.45,0.19647
5573.35,0.19711
5574.25,0.19718
5575.15,0.19784
5576.05,0.19779
5576.95,0.19924
5577.85,0.1991
5578.75,0.19981
5579.65,0.20039
5580.55,0.20025
5581.45,0.19993
5582.35,0.19979
5583.25,0.19764
5584.15,0.19678
5585.05,0.19722
5585.95,0.19501
5586.85,0.19238
5587.75,0.1906
5588.65,0.18999
5589.55,0.18895
5590.45,0.18785
5591.35,0.18821
5592.25,0.18912
5593.15,0.18982
5594.05,0.1911
5594.95,0.19262
5595.85,0.19239
5596.75,0.19318
5597.65,0.19283
5598.55,0.19274
5599.45,0.19315
5600.35,0.19222
5601.25,0.19219
5602.15,0.19253
5603.06,0.19306
5603.96,0.19367
5604.86,0.19593
5605.76,0.19725
5606.66,0.19933
5607.56,0.20088
5608.46,0.20211
5609.36,0.20295
5610.26,0.20367
5611.16,0.20358
5612.06,0.20198
5612.96,0.20239
5613.86,0.20007
5614.76,0.1991
5615.66,0.19713
5616.56,0.19683
5617.46,0.19589
5618.36,0.19562
5619.26,0.19551
5620.16,0.19642
5621.06,0.19636
5621.96,0.19618
5622.86,0.19644
5623.76,0.1963
5624.66,0.19702
5625.56,0.19664
5626.46,0.19641
5627.36,0.19731
5628.26,0.19807
5629.16,0.19861
5630.06,0.19964
5630.96,0.20113
5631.86,0.20101
5632.76,0.20131
5633.66,0.20161
5634.56,0.20154
5635.46,0.20077
5636.36,0.20104
5637.26,0.19894
5638.16,0.19882
5639.06,0.19841
5639.96,0.19795
5640.86,0.19754
5641.77,0.19715
5642.67,0.19755
5643.57,0.19829
5644.47,0.19756
5645.37,0.19787
5646.27,0.19878
5647.17,0.19914
5648.07,0.19927
5648.97,0.20045
5649.87,0.20042
5650.77,0.20116
5651.67,0.20118
5652.57,0.20084
5653.47,0.20075
5654.37,0.19949
5655.27,0.19894
5656.17,0.19778
5657.07,0.19587
5657.97,0.19465
5658.87,0.19463
5659.77,0.19321
5660.67,0.19317
5661.57,0.1929
5662.47,0.19241
5663.37,0.19392
5664.27,0.19419
5665.17,0.19487
5666.07,0.19565
5666.97,0.19713
5667.87,0.1977
5668.77,0.1976
5669.67,0.19821
5670.57,0.19913
5671.47,0.20012
5672.37,0.20022
5673.27,0.20043
5674.17,0.20183
5675.07,0.20257
5675.97,0.20345
5676.88,0.20307
5677.77,0.20372
5678.68,0.20338
5679.58,0.2025
5680.48,0.20238
5681.38,0.20144
5682.28,0.20142
5683.18,0.20077
5684.08,0.19867
5684.98,0.19848
5685.88,0.1987
5686.78,0.19819
5687.68,0.19887
5688.58,0.19961
5689.48,0.19852
5690.38,0.20019
5691.28,0.19987
5692.18,0.20049
5693.08,0.20239
5693.98,0.2027
5694.88,0.20276
5695.78,0.2024
5696.68,0.20237
5697.58,0.20231
5698.48,0.2017
5699.38,0.20031
5700.28,0.19944
5701.18,0.19954
5702.08,0.19737
5702.98,0.19679
5703.88,0.1961
5704.78,0.19576
5705.68,0.19494
5706.58,0.19381
5707.48,0.19354
5708.38,0.19195
5709.28,0.19171
5710.18,0.19102
5711.08,0.19119
5711.98,0.19125
5712.88,0.19331
5713.78,0.19463
5714.68,0.19506
5715.59,0.1968
5716.49,0.19975
5717.39,0.2007
5718.29,0.20199
5719.19,0.20343
5720.09,0.20377
5720.99,0.20372
5721.89,0.20609
5722.79,0.20628
5723.69,0.2067
5724.59,0.20581
5725.49,0.20558
5726.39,0.20502
5727.29,0.20436
5728.19,0.20398
5729.09,0.20365
5729.99,0.20339
5730.89,0.20442
5731.79,0.20362
5732.69,0.20399
5733.59,0.20453
5734.49,0.20425
5735.39,0.20459
5736.29,0.20535
5737.19,0.20468
5738.09,0.20506
5738.99,0.20565
5739.89,0.20623
5740.79,0.20594
5741.69,0.20582
5742.59,0.20478
5743.49,0.20563
5744.39,0.2056
5745.29,0.20597
5746.19,0.20691
5747.09,0.2058
5747.99,0.20572
5748.89,0.20583
5749.79,0.20529
5750.69,0.20478
5751.59,0.20449
5752.5,0.20338
5753.4,0.20243
5754.3,0.20279
5755.2,0.2027
5756.1,0.20188
5757.0,0.20346
5757.9,0.20238
5758.8,0.20305
5759.7,0.20332
5760.6,0.20261
5761.5,0.20352
5762.4,0.20305
5763.3,0.20322
5764.2,0.20353
5765.1,0.20358
5766.0,0.20382
5766.9,0.20449
5767.8,0.20539
5768.7,0.20597
5769.6,0.20589
5770.5,0.20588
5771.4,0.20681
5772.3,0.20554
5773.2,0.20581
5774.1,0.20533
5775.0,0.20448
5775.9,0.20444
5776.8,0.20408
5777.7,0.20364
5778.6,0.20266
5779.5,0.20153
5780.4,0.20062
5781.3,0.19903
5782.2,0.19859
5783.1,0.19756
5784.0,0.19653
5784.9,0.19632
5785.8,0.19557
5786.7,0.19745
5787.6,0.19725
5788.5,0.19809
5789.41,0.19906
5790.31,0.20076
5791.21,0.20076
5792.11,0.20199
5793.01,0.20356
5793.91,0.2038
5794.81,0.20424
5795.71,0.20561
5796.61,0.20531
5797.51,0.20572
5798.41,0.20633
5799.31,0.20689
5800.21,0.20621
5801.11,0.20682
5802.01,0.20733
5802.91,0.20685
5803.81,0.20843
5804.71,0.20738
5805.61,0.20768
5806.51,0.20798
5807.41,0.20717
5808.31,0.20713
5809.21,0.20652
5810.11,0.20765
5811.01,0.20723
5811.91,0.20718
5812.81,0.20721
5813.71,0.20652
5814.61,0.20711
5815.51,0.20695
5816.41,0.20651
5817.31,0.20666
5818.21,0.20701
5819.11,0.20723
5820.01,0.20763
5820.91,0.20766
5821.81,0.20719
5822.71,0.20888
5823.61,0.20825
5824.51,0.20869
5825.41,0.20955
5826.31,0.2093
5827.22,0.20934
5828.12,0.21059
5829.02,0.20942
5829.92,0.20964
5830.82,0.20996
5831.72,0.21016
5832.62,0.20861
5833.52,0.20964
5834.42,0.20928
5835.32,0.20962
5836.22,0.20893
5837.12,0.20831
5838.02,0.20904
5838.92,0.20948
5839.82,0.20992
5840.72,0.2095
5841.62,0.20958
5842.52,0.20923
5843.42,0.20986
5844.32,0.2092
5845.22,0.20975
5846.12,0.20856
5847.02,0.20764
5847.92,0.20628
5848.82,0.20598
5849.72,0.20533
5850.62,0.20381
5851.52,0.20361
5852.42,0.20209
5853.32,0.20085
5854.22,0.2004
5855.12,0.1991
5856.02,0.19811
5856.92,0.19812
5857.82,0.19778
5858.72,0.19725
5859.62,0.19688
5860.52,0.1975
5861.42,0.19753
5862.32,0.19846
5863.23,0.19862
5864.12,0.19943
5865.03,0.19996
5865.93,0.20021
5866.83,0.20065
5867.73,0.2011
5868.63,0.20202
5869.53,0.20107
5870.43,0.20202
5871.33,0.20302
5872.23,0.20372
5873.13,0.20403
5874.03,0.20368
5874.93,0.20277
5875.83,0.20332
5876.73,0.20368
5877.63,0.20253
5878.53,0.20245
5879.43,0.20053
5880.33,0.20039
5881.23,0.19975
5882.13,0.1999
5883.03,0.19856
5883.93,0.19686
5884.83,0.19514
5885.73,0.19249
5886.63,0.19017
5887.53,0.18705
5888.43,0.18398
5889.33,0.1807
5890.23,0.17789
5891.13,0.17443
5892.03,0.17267
5892.93,0.17085
5893.83,0.17142
5894.73,0.17007
5895.63,0.1711
5896.53,0.17307
5897.43,0.17453
5898.33,0.17666
5899.23,0.17924
5900.13,0.18112
5901.04,0.18504
5901.94,0.18823
5902.83,0.19051
5903.74,0.19235
5904.64,0.19412
5905.54,0.19565
5906.44,0.19608
5907.34,0.1973
5908.24,0.19808
5909.14,0.19764
5910.04,0.19767
5910.94,0.19753
5911.84,0.19835
5912.74,0.19685
5913.64,0.19766
5914.54,0.19642
5915.44,0.1964
5916.34,0.19639
5917.24,0.19671
5918.14,0.1969
5919.04,0.19724
5919.94,0.19693
5920.84,0.19634
5921.74,0.19774
5922.64,0.19817
5923.54,0.19877
5924.44,0.1984
5925.34,0.19884
5926.24,0.19891
5927.14,0.19935
5928.04,0.19934
5928.94,0.19871
5929.84,0.19971
5930.74,0.1995
5931.64,0.19893
5932.54,0.19843
5933.44,0.19809
5934.34,0.19849
5935.24,0.19858
5936.14,0.19877
5937.04,0.19962
5937.94,0.20043
5938.85,0.19854
5939.75,0.19994
5940.65,0.19881
5941.55,0.19993
5942.45,0.19925
5943.35,0.19967
5944.25,0.20038
5945.15,0.19924
5946.05,0.1999
5946.95,0.19878
5947.85,0.20046
5948.75,0.19896
5949.65,0.19875
5950.55,0.19849
5951.45,0.19884
5952.35,0.19837
5953.25,0.19806
5954.15,0.19731
5955.05,0.19721
5955.95,0.19779
5956.85,0.19895
5957.75,0.19828
5958.65,0.19899
5959.55,0.19903
5960.45,0.19976
5961.35,0.20014
5962.25,0.20074
5963.15,0.20087
5964.05,0.20125
5964.95,0.20148
5965.85,0.20249
5966.75,0.20329
5967.65,0.20199
5968.55,0.20227
5969.45,0.20276
5970.35,0.20284
5971.25,0.20325
5972.15,0.20263
5973.05,0.2026
5973.95,0.20299
5974.85,0.20199
5975.75,0.20095
5976.65,0.2015
5977.56,0.20027
5978.46,0.20034
5979.36,0.19961
5980.26,0.19984
5981.16,0.19973
5982.06,0.19977
5982.96,0.19847
5983.86,0.19889
5984.76,0.19845
5985.66,0.19839
5986.56,0.19881
5987.46,0.19913
5988.36,0.19952
5989.26,0.19958
5990.16,0.20048
5991.06,0.20072
5991.96,0.20058
5992.86,0.20166
5993.76,0.20137
5994.66,0.20168
5995.56,0.20197
5996.46,0.20194
5997.36,0.20188
5998.26,0.20073
5999.16,0.20136
6000.06,0.20082
6000.96,0.20058
6001.86,0.20061
6002.76,0.19937
6003.66,0.20006
6004.56,0.19978
6005.46,0.19856
6006.36,0.19832
6007.26,0.19844
6008.16,0.19834
6009.06,0.19889
6009.96,0.19845
6010.86,0.19794
6011.76,0.19852
6012.67,0.19826
6013.56,0.19775
6014.47,0.19887
6015.37,0.19868
6016.27,0.19853
6017.17,0.19837
6018.07,0.19745
6018.97,0.19794
6019.87,0.19806
6020.77,0.19745
6021.67,0.19696
6022.57,0.19685
6023.47,0.19719
6024.37,0.19774
6025.27,0.19832
6026.17,0.19888
6027.07,0.1992
6027.97,0.20053
6028.87,0.20096
6029.77,0.20226
6030.67,0.20287
6031.57,0.20335
6032.47,0.20444
6033.37,0.20476
6034.27,0.20451
6035.17,0.20475
6036.07,0.20527
6036.97,0.20518
6037.87,0.20548
6038.77,0.20495
6039.67,0.20492
6040.57,0.20456
6041.47,0.2043
6042.37,0.2044
6043.27,0.20446
6044.17,0.20586
6045.07,0.20616
6045.97,0.20648
6046.87,0.2066
6047.77,0.20728
6048.67,0.20662
6049.57,0.2078
6050.47,0.20654
6051.38,0.20583
6052.28,0.20616
6053.18,0.20571
6054.08,0.20555
6054.98,0.20523
6055.88,0.2054
6056.78,0.2046
6057.68,0.20448
6058.58,0.20362
6059.48,0.20348
6060.38,0.20426
6061.28,0.20402
6062.18,0.20361
6063.08,0.20344
6063.98,0.20245
6064.88,0.20195
6065.78,0.20206
6066.68,0.20242
6067.58,0.20315
6068.48,0.20353
6069.38,0.20422
6070.28,0.2053
6071.18,0.20554
6072.08,0.2069
6072.98,0.20702
6073.88,0.20711
6074.78,0.2073
6075.68,0.20712
6076.58,0.20662
6077.48,0.20478
6078.38,0.20593
6079.28,0.20442
6080.18,0.20357
6081.08,0.20269
6081.98,0.20184
6082.88,0.20179
6083.78,0.20209
6084.68,0.20137
6085.58,0.20054
6086.48,0.20139
6087.38,0.20166
6088.28,0.20079
6089.19,0.20094
6090.09,0.20082
6090.99,0.20129
6091.89,0.2018
6092.79,0.20174
6093.69,0.20157
6094.59,0.20134
6095.49,0.20208
6096.39,0.20262
6097.29,0.20271
6098.19,0.20282
6099.09,0.20258
6099.99,0.20155
6100.89,0.20172
6101.79,0.20032
6102.69,0.20056
6103.59,0.19842
6104.49,0.19975
6105.39,0.19939
6106.29,0.19912
6107.19,0.19949
6108.09,0.19994
6108.99,0.20079
6109.89,0.20213
6110.79,0.20275
6111.69,0.20256
6112.59,0.20378
6113.49,0.20359
6114.39,0.20425
6115.29,0.20414
6116.19,0.20424
6117.09,0.20421
6117.99,0.20254
6118.89,0.20149
6119.79,0.20092
6120.69,0.2
6121.59,0.19899
6122.49,0.19903
6123.39,0.19856
6124.29,0.19835
6125.19,0.19862
6126.1,0.19916
6127.0,0.19929
6127.9,0.19984
6128.8,0.20044
6129.7,0.19995
6130.6,0.20093
6131.5,0.20108
6132.4,0.19986
6133.3,0.20023
6134.2,0.19854
6135.1,0.19779
6136.0,0.19634
6136.9,0.19574
6137.8,0.19488
6138.7,0.19467
6139.6,0.19364
6140.5,0.19413
6141.4,0.19513
6142.3,0.19578
6143.2,0.19758
6144.1,0.1986
6145.0,0.19928
6145.9,0.20073
6146.8,0.20129
6147.7,0.20089
6148.6,0.20113
6149.5,0.20063
6150.4,0.20027
6151.3,0.19973
6152.2,0.20094
6153.1,0.20014
6154.0,0.20029
6154.9,0.20033
6155.8,0.1984
6156.7,0.19762
6157.6,0.19602
6158.5,0.19429
6159.4,0.19308
6160.3,0.19149
6161.2,0.18886
6162.1,0.1871
6163.01,0.18562
6163.91,0.18484
6164.81,0.18401
6165.71,0.1826
6166.61,0.18389
6167.51,0.18394
6168.41,0.18437
6169.31,0.18463
6170.21,0.18541
6171.11,0.18639
6172.01,0.18683
6172.91,0.18683
6173.81,0.1886
6174.71,0.18972
6175.61,0.19035
6176.51,0.19187
6177.41,0.1926
6178.31,0.19297
6179.21,0.19384
6180.11,0.19411
6181.01,0.19477
6181.91,0.19425
6182.81,0.1951
6183.71,0.1952
6184.61,0.19508
6185.51,0.1947
6186.41,0.1938
6187.31,0.19328
6188.21,0.19209
6189.11,0.19123
6190.01,0.1912
6190.91,0.18982
6191.81,0.1899
6192.71,0.18932
6193.61,0.18995
6194.51,0.19066
6195.41,0.19071
6196.31,0.19097
6197.21,0.19208
6198.11,0.19224
6199.01,0.19293
6199.92,0.19276
6200.82,0.19332
6201.72,0.19311
6202.62,0.19487
6203.52,0.19437
6204.42,0.19479
6205.32,0.19537
6206.22,0.19493
6207.12,0.19593
6208.02,0.19547
6208.92,0.19579
6209.82,0.19501
6210.72,0.1952
6211.62,0.19406
6212.52,0.19314
6213.42,0.19189
6214.32,0.19
6215.22,0.18881
6216.12,0.18875
6217.02,0.18762
6217.92,0.18633
6218.82,0.18694
6219.72,0.18679
6220.62,0.18689
6221.52,0.18788
6222.42,0.18784
6223.32,0.18771
6224.22,0.18779
6225.12,0.18755
6226.02,0.18794
6226.92,0.18815
6227.82,0.18795
6228.72,0.18699
6229.62,0.18695
6230.52,0.18634
6231.42,0.1854
6232.32,0.18606
6233.22,0.18623
6234.12,0.18652
6235.02,0.18749
6235.92,0.18773
6236.83,0.18722
6237.73,0.18783
6238.63,0.18817
6239.53,0.18759
6240.43,0.18728
6241.33,0.18771
6242.23,0.18703
6243.13,0.18632
6244.03,0.1861
6244.93,0.18519
6245.83,0.18545
6246.73,0.1857
6247.63,0.18591
6248.53,0.18537
6249.43,0.18602
6250.33,0.18638
6251.23,0.18624
6252.13,0.1855
6253.03,0.18508
6253.93,0.18424
6254.83,0.18381
6255.73,0.18269
6256.63,0.1825
6257.53,0.18255
6258.43,0.18191
6259.33,0.18273
6260.23,0.18332
6261.13,0.18368
6262.03,0.18495
6262.93,0.18541
6263.83,0.18658
6264.73,0.18749
6265.63,0.18873
6266.53,0.1892
6267.43,0.18952
6268.33,0.19056
6269.23,0.19072
6270.13,0.19146
6271.03,0.19105
6271.93,0.19146
6272.83,0.19183
6273.73,0.19196
6274.64,0.19191
6275.54,0.19294
6276.44,0.19263
6277.34,0.19218
6278.24,0.19224
6279.14,0.1919
6280.04,0.19195
6280.94,0.19164
6281.84,0.19209
6282.74,0.19194
6283.64,0.19196
6284.54,0.19249
6285.44,0.19339
6286.34,0.19356
6287.24,0.19483
6288.14,0.19555
6289.04,0.19545
6289.94,0.19586
6290.84,0.19559
6291.74,0.19484
6292.64,0.19566
6293.54,0.19413
6294.44,0.19369
6295.34,0.19322
6296.24,0.19231
6297.14,0.19196
6298.04,0.19115
6298.94,0.19056
6299.84,0.19044
6300.74,0.19021
6301.64,0.19045
6302.54,0.18967
6303.44,0.19075
6304.34,0.19191
6305.24,0.19108
6306.14,0.19248
6307.04,0.19292
6307.94,0.1933
6308.84,0.19381
6309.74,0.19469
6310.64,0.19405
6311.54,0.1951
6312.45,0.19415
6313.35,0.19378
6314.25,0.1931
6315.15,0.19229
6316.05,0.192
6316.95,0.19205
6317.85,0.19152
6318.75,0.19128
6319.65,0.19147
6320.55,0.19225
6321.45,0.19256
6322.35,0.19275
6323.25,0.19315
6324.15,0.19407
6325.05,0.19474
6325.95,0.19528
6326.85,0.19577
6327.75,0.19617
6328.65,0.19676
6329.55,0.19647
6330.45,0.19684
6331.35,0.19633
6332.25,0.19599
6333.15,0.19651
6334.05,0.19623
6334.95,0.19527
6335.85,0.19423
6336.75,0.19456
6337.65,0.19369
6338.55,0.19456
6339.45,0.19427
6340.35,0.19469
6341.25,0.19538
6342.15,0.19533
6343.05,0.1957
6343.95,0.19478
6344.85,0.19555
6345.75,0.19604
6346.65,0.19664
6347.55,0.19628
6348.46,0.19644
6349.35,0.19738
6350.26,0.19647
6351.16,0.19737
6352.06,0.19592
6352.96,0.19667
6353.86,0.1957
6354.76,0.19508
6355.66,0.19462
6356.56,0.19374
6357.46,0.19294
6358.36,0.19257
6359.26,0.19142
6360.16,0.19089
6361.06,0.19018
6361.96,0.19022
6362.86,0.19039
6363.76,0.19019
6364.66,0.19106
6365.56,0.19091
6366.46,0.19222
6367.36,0.19277
6368.26,0.19415
6369.16,0.19495
6370.06,0.19608
6370.96,0.19608
6371.86,0.19732
6372.76,0.19718
6373.66,0.19836
6374.56,0.19776
6375.46,0.19873
6376.36,0.19831
6377.26,0.19818
6378.16,0.19828
6379.06,0.19754
6379.96,0.19724
6380.86,0.1976
6381.76,0.19676
6382.66,0.19676
6383.56,0.19688
6384.46,0.19718
6385.36,0.19723
6386.27,0.19762
6387.17,0.19713
6388.07,0.19704
6388.97,0.19627
6389.87,0.19688
6390.77,0.196
6391.67,0.19543
6392.57,0.19548
6393.47,0.1953
6394.37,0.19455
6395.27,0.19481
6396.17,0.19443
6397.07,0.19444
6397.97,0.19391
6398.87,0.19427
6399.77,0.19369
6400.67,0.19443
6401.57,0.1943
6402.47,0.1955
6403.37,0.19625
6404.27,0.19574
6405.17,0.19663
6406.07,0.19702
6406.97,0.19691
6407.87,0.19637
6408.77,0.19698
6409.67,0.19746
6410.57,0.19685
6411.47,0.19702
6412.37,0.19624
6413.27,0.1962
6414.17,0.19553
6415.07,0.19611
6415.97,0.19611
6416.87,0.19617
6417.77,0.19592
6418.67,0.19559
6419.57,0.1961
6420.47,0.19604
6421.37,0.19552
6422.27,0.19608
6423.17,0.1967
6424.08,0.19632
6424.98,0.19708
6425.88,0.19738
6426.78,0.19862
6427.68,0.19827
6428.58,0.19913
6429.48,0.19773
6430.38,0.19831
6431.28,0.19878
6432.18,0.19777
6433.08,0.19706
6433.98,0.19761
6434.88,0.19741
6435.78,0.19681
6436.68,0.19716
6437.58,0.19684
6438.48,0.19752
6439.38,0.19755
6440.28,0.19834
6441.18,0.19901
6442.08,0.19959
6442.98,0.19937
6443.88,0.19997
6444.78,0.19995
6445.68,0.20048
6446.58,0.2002
6447.48,0.19923
6448.38,0.1989
6449.28,0.19812
6450.18,0.1976
6451.08,0.19649
6451.98,0.19612
6452.88,0.19615
6453.78,0.19671
6454.68,0.19743
6455.58,0.19687
6456.48,0.19749
6457.38,0.19712
6458.28,0.19771
6459.18,0.19829
6460.08,0.19828
6460.98,0.1975
6461.89,0.1983
6462.79,0.19739
6463.69,0.19679
6464.59,0.19666
6465.49,0.19747
6466.39,0.19805
6467.29,0.19758
6468.19,0.19818
6469.09,0.19855
6469.99,0.19859
6470.89,0.19935
6471.79,0.1986
6472.69,0.19831
6473.59,0.19847
6474.49,0.1972
6475.39,0.19759
6476.29,0.19704
6477.19,0.19766
6478.09,0.19671
6478.99,0.19593
6479.89,0.19564
6480.79,0.19609
6481.69,0.19557
6482.59,0.19546
6483.49,0.19553
6484.39,0.19393
6485.29,0.19467
6486.19,0.19445
6487.09,0.19428
6487.99,0.19393
6488.89,0.19392
6489.79,0.19359
6490.69,0.19129
6491.59,0.19024
6492.49,0.18908
6493.39,0.18704
6494.29,0.18469
6495.19,0.18371
6496.09,0.18248
6496.99,0.18116
6497.9,0.1812
6498.79,0.18205
6499.7,0.18288
6500.6,0.18357
6501.5,0.18454
6502.4,0.18715
6503.3,0.18894
6504.2,0.18993
6505.1,0.19106
6506.0,0.19244
6506.9,0.19287
6507.8,0.19415
6508.7,0.19437
6509.6,0.19545
6510.5,0.19489
6511.4,0.19475
6512.3,0.19575
6513.2,0.19501
6514.1,0.19531
6515.0,0.19423
6515.9,0.19463
6516.8,0.19496
6517.7,0.19393
6518.6,0.19292
6519.5,0.19324
6520.4,0.1938
6521.3,0.19376
6522.2,0.19406
6523.1,0.19427
6524.0,0.19467
6524.9,0.19509
6525.8,0.19546
6526.7,0.19562
6527.6,0.19527
6528.5,0.19525
6529.4,0.19545
6530.3,0.19551
6531.2,0.19511
6532.1,0.1952
6533.0,0.1959
6533.9,0.19625
6534.8,0.1965
6535.71,0.19598
6536.61,0.19666
6537.51,0.19638
6538.41,0.19663
6539.31,0.19619
6540.21,0.19593
6541.11,0.19627
6542.01,0.19593
6542.91,0.19502
6543.81,0.19521
6544.71,0.19421
6545.61,0.19241
6546.51,0.19281
6547.41,0.19221
6548.31,0.1909
6549.21,0.19093
6550.11,0.19022
6551.01,0.19026
6551.91,0.18962
6552.81,0.18883
6553.71,0.18792
6554.61,0.18766
6555.51,0.18573
6556.41,0.18419
6557.31,0.18281
6558.21,0.18029
6559.11,0.17728
6560.01,0.1741
6560.91,0.17249
6561.81,0.16959
6562.71,0.16766
6563.61,0.1659
6564.51,0.16407
6565.41,0.1651
6566.31,0.16632
6567.21,0.16867
6568.11,0.17145
6569.01,0.1742
6569.91,0.17674
6570.81,0.17961
6571.71,0.18066
6572.61,0.18268
6573.52,0.18457
6574.42,0.18531
6575.32,0.18608
6576.22,0.18667
6577.12,0.18728
6578.02,0.18864
6578.92,0.18955
6579.82,0.19025
6580.72,0.19118
6581.62,0.1918
6582.52,0.19113
6583.42,0.1924
6584.32,0.19227
6585.22,0.19303
6586.12,0.19269
6587.02,0.19298
6587.92,0.19346
6588.82,0.19372
6589.72,0.19343
6590.62,0.19134
6591.52,0.19114
6592.42,0.19156
6593.32,0.18991
6594.22,0.18945
6595.12,0.19002
6596.02,0.18833
6596.92,0.18928
6597.82,0.18939
6598.72,0.19098
6599.62,0.19086
6600.52,0.19077
6601.42,0.19133
6602.32,0.19259
6603.22,0.19216
6604.12,0.19307
6605.02,0.19264
6605.92,0.19206
6606.82,0.19177
6607.72,0.19216
6608.62,0.19106
6609.52,0.19186
6610.43,0.19169
6611.33,0.19229
6612.23,0.19258
6613.13,0.19215
6614.03,0.19282
6614.93,0.19296
6615.83,0.19412
6616.73,0.19446
6617.63,0.1945
6618.53,0.19449
6619.43,0.19507
6620.33,0.19439
6621.23,0.19459
6622.13,0.19373
6623.03,0.19455
6623.93,0.19415
6624.83,0.1935
6625.73,0.19332
6626.63,0.19215
6627.53,0.19202
6628.43,0.19156
6629.33,0.19225
6630.23,0.1907
6631.13,0.19184
6632.03,0.19005
6632.93,0.19061
6633.83,0.19091
6634.73,0.19071
6635.63,0.19072
6636.53,0.19053
6637.43,0.19086
6638.33,0.19075
6639.23,0.191
6640.13,0.19172
6641.03,0.19143
6641.93,0.19094
6642.83,0.19113
6643.73,0.19075
6644.63,0.19064
6645.53,0.19026
6646.43,0.19132
6647.34,0.1908
6648.24,0.19141
6649.14,0.19159
6650.04,0.19152
6650.94,0.19182
6651.84,0.19172
6652.74,0.19179
6653.64,0.19043
6654.54,0.19138
6655.44,0.19105
6656.34,0.19055
6657.24,0.1905
6658.14,0.19117
6659.04,0.18995
6659.94,0.19001
6660.84,0.18986
6661.74,0.18951
6662.64,0.18909
6663.54,0.18954
6664.44,0.18877
6665.34,0.18847
6666.24,0.18901
6667.14,0.18854
6668.04,0.18921
6668.94,0.18975
6669.84,0.1892
6670.74,0.18966
6671.64,0.19135
6672.54,0.1909
6673.44,0.19129
6674.34,0.19094
6675.24,0.18952
6676.14,0.18958
6677.04,0.18855
6677.94,0.18832
6678.84,0.18811
6679.74,0.18721
6680.64,0.18773
6681.54,0.18783
6682.44,0.18741
6683.34,0.18727
6684.24,0.18853
6685.15,0.18816
6686.05,0.18863
6686.95,0.18919
6687.85,0.18933
6688.75,0.18898
6689.65,0.18968
6690.55,0.18928
6691.45,0.18883
6692.35,0.18867
6693.25,0.18864
6694.15,0.18906
6695.05,0.18785
6695.95,0.1887
6696.85,0.18906
6697.75,0.1884
6698.65,0.18848
6699.55,0.1891
6700.45,0.18839
6701.35,0.18938
6702.25,0.18901
6703.15,0.18834
6704.05,0.18794
6704.95,0.18888
6705.85,0.18877
6706.75,0.18816
6707.65,0.18848
6708.55,0.18778
6709.45,0.18749
6710.35,0.18739
6711.25,0.18706
6712.15,0.18745
6713.05,0.18681
6713.95,0.18599
6714.85,0.18575
6715.75,0.18466
6716.65,0.18427
6717.55,0.1844
6718.45,0.18377
6719.35,0.18341
6720.25,0.18327
6721.16,0.18421
6722.06,0.18378
6722.96,0.18447
6723.86,0.18413
6724.76,0.18549
6725.66,0.18601
6726.56,0.18654
6727.46,0.1852
6728.36,0.18616
6729.26,0.1865
6730.16,0.186
6731.06,0.18702
6731.96,0.18703
6732.86,0.18798
6733.76,0.1873
6734.66,0.18804
6735.56,0.18658
6736.46,0.18768
6737.36,0.18651
6738.26,0.18651
6739.16,0.18676
6740.06,0.1867
6740.96,0.1864
6741.86,0.18541
6742.76,0.18537
6743.66,0.18577
6744.56,0.18543
6745.46,0.18506
6746.36,0.18521
6747.26,0.18449
6748.16,0.18482
6749.06,0.18478
6749.96,0.18397
6750.86,0.18423
6751.76,0.18424
6752.66,0.18513
6753.56,0.18456
6754.46,0.18504
6755.36,0.18505
6756.26,0.18545
6757.16,0.18662
6758.06,0.18648
6758.97,0.18715
6759.87,0.18734
6760.77,0.18789
6761.67,0.18737
6762.57,0.18759
6763.47,0.18733
6764.37,0.18707
6765.27,0.1882
6766.17,0.18695
6767.07,0.18707
6767.97,0.18627
6768.87,0.18564
6769.77,0.18575
6770.67,0.18642
6771.57,0.18609
6772.47,0.18586
6773.37,0.18638
6774.27,0.18702
6775.17,0.1871
6776.07,0.18806
6776.97,0.18792
6777.87,0.18856
6778.77,0.18894
6779.67,0.18824
6780.57,0.18842
6781.47,0.18791
6782.37,0.18711
6783.27,0.18681
6784.17,0.18704
6785.07,0.18589
6785.97,0.18566
6786.87,0.18534
6787.77,0.18582
6788.67,0.18516
6789.57,0.18552
6790.47,0.18552
6791.37,0.18644
6792.27,0.18561
6793.17,0.18583
6794.07,0.18541
6794.97,0.18702
6795.88,0.18563
6796.78,0.18638
6797.68,0.1867
6798.58,0.18676
6799.48,0.18695
6800.38,0.18706
6801.28,0.18744
6802.18,0.18762
6803.08,0.18767
6803.98,0.18712
6804.88,0.18739
6805.78,0.18723
6806.68,0.18727
6807.58,0.18711
6808.48,0.18671
6809.38,0.18608
6810.28,0.18739
6811.18,0.18625
6812.08,0.18622
6812.98,0.18695
6813.88,0.18632
6814.78,0.18697
6815.68,0.18641
6816.58,0.18584
6817.48,0.18643
6818.38,0.18664
6819.28,0.18695
6820.18,0.18725
6821.08,0.18685
6821.98,0.18692
6822.88,0.18728
6823.78,0.18783
6824.68,0.1874
6825.58,0.18865
6826.48,0.18774
6827.38,0.18754
6828.28,0.18806
6829.18,0.18822
6830.08,0.1872
6830.98,0.18804
6831.88,0.18833
6832.79,0.18834
6833.69,0.18801
6834.59,0.18789
6835.49,0.18816
6836.39,0.18739
6837.29,0.18668
6838.19,0.18645
6839.09,0.18689
6839.99,0.18604
6840.89,0.18508
6841.79,0.18554
6842.69,0.18484
6843.59,0.18527
6844.49,0.18527
6845.39,0.18523
6846.29,0.18585
6847.19,0.18651
6848.09,0.18581
6848.99,0.18607
6849.89,0.18624
6850.79,0.1864
6851.69,0.18643
6852.59,0.18702
6853.49,0.18584
6854.39,0.18658
6855.29,0.18641
6856.19,0.18587
6857.09,0.18409
6857.99,0.18439
6858.89,0.18448
6859.79,0.18447
6860.69,0.18458
6861.59,0.18421
6862.49,0.18466
6863.39,0.18444
6864.29,0.18448
6865.19,0.18454
6866.09,0.18626
6866.99,0.18497
6867.89,0.18565
6868.79,0.18541
6869.7,0.18578
6870.6,0.18512
6871.5,0.18562
6872.4,0.18589
6873.3,0.18581
6874.2,0.18474
6875.1,0.18656
6876.0,0.18584
6876.9,0.18602
6877.8,0.18657
6878.7,0.18728
6879.6,0.18681
6880.5,0.18737
6881.4,0.18715
6882.3,0.18648
6883.2,0.18687
6884.1,0.18672
6885.0,0.18707
6885.9,0.18706
6886.8,0.18786
6887.7,0.18822
6888.6,0.18855
6889.5,0.18736
6890.4,0.18808
6891.3,0.18841
6892.2,0.1888
6893.1,0.18853
6894.0,0.18845
6894.9,0.1892
6895.8,0.18827
6896.7,0.18934
6897.6,0.18881
6898.5,0.18971
6899.4,0.18918
6900.3,0.18881
6901.2,0.18943
6902.1,0.18958
6903.0,0.19017
6903.9,0.19
6904.8,0.19009
6905.7,0.19033
6906.6,0.19093
6907.51,0.19086
6908.41,0.19105
6909.31,0.19061
6910.21,0.19022
6911.11,0.19107
6912.01,0.19001
6912.91,0.1891
6913.81,0.18931
6914.71,0.18946
6915.61,0.18907
6916.51,0.18821
6917.41,0.18848
6918.31,0.18852
6919.21,0.18844
6920.11,0.18847
6921.01,0.1887
6921.91,0.18869
6922.81,0.18845
6923.71,0.18937
6924.61,0.18867
6925.51,0.18931
6926.41,0.18954
6927.31,0.18897
6928.21,0.18945
6929.11,0.18907
6930.01,0.18938
6930.91,0.18989
6931.81,0.18901
6932.71,0.18947
6933.61,0.1895
6934.51,0.18988
6935.41,0.1894
6936.31,0.18987
6937.21,0.19015
6938.11,0.19039
6939.01,0.19028
6939.91,0.19097
6940.81,0.1905
6941.71,0.18975
6942.61,0.19063
6943.52,0.19022
6944.42,0.19006
6945.31,0.19018
6946.22,0.19015
6947.12,0.18998
6948.02,0.18976
6948.92,0.18965
6949.82,0.18906
6950.72,0.18994
6951.62,0.18971
6952.52,0.18968
6953.42,0.18966
6954.32,0.18944
6955.22,0.18937
6956.12,0.19081
6957.02,0.19031
6957.92,0.19047
6958.82,0.19029
6959.72,0.19154
6960.62,0.19084
6961.52,0.1923
6962.42,0.19122
6963.32,0.19309
6964.22,0.1918
6965.12,0.19261
6966.02,0.19278
6966.92,0.19242
6967.82,0.19241
6968.72,0.19295
6969.62,0.19305
6970.52,0.19194
6971.42,0.1918
6972.32,0.19242
6973.22,0.19129
6974.12,0.19193
6975.02,0.1907
6975.92,0.19002
6976.82,0.19051
6977.72,0.18908
6978.62,0.18869
6979.52,0.18854
6980.42,0.18804
6981.33,0.1886
6982.23,0.18901
6983.12,0.18926
6984.03,0.19047
6984.93,0.19037
6985.83,0.19023
6986.73,0.19054
6987.63,0.1912
6988.53,0.19168
6989.43,0.19163
6990.33,0.19198
6991.23,0.19182
6992.13,0.19189
6993.03,0.19211
6993.93,0.19212
6994.83,0.19197
6995.73,0.19242
6996.63,0.19129
6997.53,0.1919
6998.43,0.1922
6999.33,0.19149
7000.23,0.19077
7001.13,0.19105
7002.03,0.19109
7002.93,0.19016
7003.83,0.19048
7004.73,0.19027
7005.63,0.19102
7006.53,0.19124
7007.43,0.19073
7008.33,0.19094
7009.23,0.19015
7010.13,0.19093
7011.03,0.19106
7011.93,0.19104
7012.83,0.19119
7013.73,0.19042
7014.63,0.19059
7015.53,0.19023
7016.43,0.18956
7017.33,0.18907
7018.23,0.18971
7019.14,0.1894
7020.04,0.18928
7020.94,0.1895
7021.84,0.18959
7022.74,0.19034
7023.64,0.18985
7024.54,0.1908
7025.44,0.19067
7026.34,0.19093
7027.24,0.1911
7028.14,0.19032
7029.04,0.19169
7029.94,0.19124
7030.84,0.19208
7031.74,0.19123
7032.64,0.19157
7033.54,0.19175
7034.44,0.19169
7035.34,0.19206
7036.24,0.19261
7037.14,0.19253
7038.04,0.19244
7038.94,0.19266
7039.84,0.19232
7040.74,0.19205
7041.64,0.19308
7042.54,0.19354
7043.44,0.19457
7044.34,0.19462
7045.24,0.1951
7046.14,0.19535
7047.04,0.19567
7047.94,0.19541
7048.84,0.19472
7049.74,0.19515
7050.64,0.19376
7051.54,0.19353
7052.44,0.19305
7053.34,0.19176
7054.25,0.19025
7055.15,0.18975
7056.04,0.1885
7056.95,0.18778
7057.85,0.18695
7058.75,0.18631
7059.65,0.18535
7060.55,0.18546
7061.45,0.18485
7062.35,0.18506
7063.25,0.1846
7064.15,0.18426
7065.05,0.18423
7065.95,0.18428
7066.85,0.18396
7067.75,0.18424
7068.65,0.18431
7069.55,0.18498
7070.45,0.1854
7071.35,0.18509
7072.25,0.18533
7073.15,0.18615
7074.05,0.1865
7074.95,0.18664
7075.85,0.18704
7076.75,0.18687
7077.65,0.18724
7078.55,0.18772
7079.45,0.18702
7080.35,0.18716
7081.25,0.1873
7082.15,0.1864
7083.05,0.18557
7083.95,0.18395
7084.85,0.18338
7085.75,0.18251
7086.65,0.18158
7087.55,0.18101
7088.45,0.17909
7089.35,0.17849
7090.25,0.17867
7091.15,0.17711
7092.06,0.17731
7092.96,0.17691
7093.85,0.17667
7094.76,0.17705
7095.66,0.17737
7096.56,0.17722
7097.46,0.17758
7098.36,0.17794
7099.26,0.17824
7100.16,0.17897
7101.06,0.17837
7101.96,0.17867
7102.86,0.17938
7103.76,0.18049
7104.66,0.18022
7105.56,0.18072
7106.46,0.18049
7107.36,0.18128
7108.26,0.18077
7109.16,0.18099
7110.06,0.18067
7110.96,0.18091
7111.86,0.18105
7112.76,0.18049
7113.66,0.18118
7114.56,0.18135
7115.46,0.18156
7116.36,0.18218
7117.26,0.18231
7118.16,0.18188
7119.06,0.18156
7119.96,0.18221
7120.86,0.18212
7121.76,0.1818
7122.66,0.18149
7123.56,0.18058
7124.46,0.1813
7125.36,0.17976
7126.26,0.17889
7127.16,0.17889
7127.27,0.17832
7128.17,0.1772
7129.07,0.17788
7129.96,0.17702
7130.86,0.17691
7131.75,0.17659
7132.65,0.17595
7133.55,0.17649
7134.44,0.17689
7135.34,0.17685
7136.23,0.17691
7137.13,0.17749
7138.03,0.17745
7138.92,0.1775
7139.82,0.17772
7140.71,0.17806
7141.61,0.17823
7142.5,0.1779
7143.4,0.17817
7144.3,0.17777
7145.19,0.17721
7146.09,0.17741
7146.98,0.17745
7147.88,0.17674
7148.78,0.1778
7149.67,0.17749
7150.57,0.17777
7151.46,0.17825
7152.36,0.17795
7153.26,0.17935
7154.15,0.17948
7155.05,0.18028
7155.94,0.17986
7156.84,0.1802
7157.74,0.18052
7158.63,0.17987
7159.53,0.18065
7160.42,0.17999
7161.32,0.17972
7162.21,0.17984
7163.11,0.17869
7164.01,0.17983
7164.9,0.1788
7165.8,0.17912
7166.69,0.17897
7167.59,0.17941
7168.49,0.18003
7169.38,0.18012
7170.28,0.18065
7171.17,0.18141
7172.07,0.18141
7172.96,0.18114
7173.86,0.18157
7174.76,0.18223
7175.65,0.18125
7176.55,0.18204
7177.44,0.18121
7178.34,0.18155
7179.24,0.18139
7180.13,0.18094
7181.03,0.17998
7181.92,0.18012
7182.82,0.17981
7183.72,0.18052
7184.61,0.18024
7185.51,0.17914
7186.4,0.17937
7187.3,0.17893
7188.19,0.1787
7189.09,0.1793
7189.99,0.17878
7190.88,0.17821
7191.78,0.17931
7192.67,0.17877
7193.57,0.17973
7194.47,0.17987
7195.36,0.18013
7196.26,0.17966
7197.15,0.17998
7198.05,0.18006
7198.95,0.18011
7199.84,0.18002
7200.74,0.1802
7201.63,0.18035
7202.53,0.17938
7203.43,0.17984
7204.32,0.1793
7205.22,0.17942
7206.11,0.17928
7207.01,0.17865
7207.9,0.17916
7208.8,0.17932
7209.7,0.1788
7210.59,0.17916
7211.49,0.17974
7212.38,0.17974
7213.28,0.18002
7214.18,0.18066
7215.07,0.18134
7215.97,0.18181
7216.86,0.18243
7217.76,0.18236
7218.66,0.18223
7219.55,0.18222
7220.45,0.18229
7221.34,0.18294
7222.24,0.18314
7223.13,0.18361
7224.03,0.18377
7224.93,0.18386
7225.82,0.18382
7226.72,0.18519
7227.61,0.1853
7228.51,0.18571
7229.41,0.18517
7230.3,0.18554
7231.2,0.18666
7232.09,0.18615
7232.99,0.18567
7233.89,0.18655
7234.78,0.18698
7235.68,0.18619
7236.57,0.18629
7237.47,0.18647
7238.36,0.18701
7239.26,0.18636
7240.16,0.18598
7241.05,0.18567
7241.95,0.18596
7242.84,0.18585
7243.74,0.18586
7244.64,0.18664
7245.53,0.18582
7246.43,0.18573
7247.32,0.18573
7248.22,0.1866
7249.12,0.18669
7250.01,0.1859
7250.91,0.18623
7251.8,0.18623
7252.7,0.18627
7253.6,0.18632
7254.49,0.18666
7255.39,0.18582
7256.28,0.1869
7257.18,0.18668
7258.07,0.18644
7258.97,0.18747
7259.87,0.18681
7260.76,0.18718
7261.66,0.18749
7262.55,0.18791
7263.45,0.18795
7264.35,0.18748
7265.24,0.18838
7266.14,0.1876
7267.03,0.18837
7267.93,0.18864
7268.83,0.19024
7269.72,0.18864
7270.62,0.18931
7271.51,0.18896
7272.41,0.18975
7273.3,0.18987
7274.2,0.18905
7275.1,0.18927
7275.99,0.18917
7276.89,0.18979
7277.78,0.18934
7278.68,0.18874
7279.58,0.18914
7280.47,0.18819
7281.37,0.18784
7282.26,0.18703
7283.16,0.18641
7284.06,0.18667
7284.95,0.1871
7285.85,0.1866
7286.74,0.18573
7287.64,0.18599
7288.53,0.18591
7289.43,0.18594
7290.33,0.18606
7291.22,0.18561
7292.12,0.1856
7293.01,0.18598
7293.91,0.1869
7294.81,0.18697
7295.7,0.18728
7296.6,0.18798
7297.49,0.18864
7298.39,0.18875
7299.29,0.18945
7300.18,0.18932
7301.08,0.1893
7301.97,0.18989
7302.87,0.19083
7303.76,0.18964
7304.66,0.1896
7305.56,0.19053
7306.45,0.19051
7307.35,0.1899
7308.24,0.19008
7309.14,0.19016
7310.04,0.18955
7310.93,0.18925
7311.83,0.18965
7312.72,0.1896
7313.62,0.18984
7314.52,0.18997
7315.41,0.19073
7316.31,0.18982
7317.2,0.1901
7318.1,0.18984
7318.99,0.18932
7319.89,0.18998
7320.79,0.18944
7321.68,0.18943
7322.58,0.18938
7323.47,0.18919
7324.37,0.18874
7325.27,0.18916
7326.16,0.18899
7327.06,0.18903
7327.95,0.18846
7328.85,0.18894
7329.75,0.1894
7330.64,0.19102
7331.54,0.19074
7332.43,0.19073
7333.33,0.19069
7334.22,0.19167
7335.12,0.19198
7336.02,0.19201
7336.91,0.19265
7337.81,0.19208
7338.7,0.19322
7339.6,0.1923
7340.5,0.19291
7341.39,0.19361
7342.29,0.1934
7343.18,0.193
7344.08,0.19241
7344.98,0.19172
7345.87,0.19219
7346.77,0.19152
7347.66,0.19124
7348.56,0.19084
7349.45,0.1907
7350.35,0.19113
7351.25,0.19021
7352.14,0.18958
7353.04,0.19053
7353.93,0.18998
7354.83,0.18886
7355.73,0.18946
7356.62,0.18911
7357.52,0.18913
7358.41,0.18825
7359.31,0.18894
7360.21,0.18792
7361.1,0.1884
7362.0,0.18883
7362.89,0.18864
7363.79,0.18908
7364.69,0.19008
7365.58,0.18954
7366.48,0.19023
7367.37,0.19088
7368.27,0.19108
7369.16,0.19119
7370.06,0.19169
7370.96,0.19241
7371.85,0.19266
7372.75,0.19249
7373.64,0.19318
7374.54,0.19362
7375.44,0.1925
7376.33,0.19414
7377.23,0.19366
7378.12,0.19421
7379.02,0.19363
7379.92,0.1937
7380.81,0.19347
7381.71,0.19232
7382.6,0.19215
7383.5,0.19129
7384.39,0.19082
7385.29,0.19057
7386.19,0.18985
7387.08,0.18884
7387.98,0.18905
7388.87,0.1891
7389.77,0.18844
7390.67,0.18842
7391.56,0.18886
7392.46,0.18882
7393.35,0.18922
7394.25,0.18875
7395.15,0.18951
7396.04,0.18939
7396.94,0.19004
7397.83,0.19086
7398.73,0.19054
7399.62,0.19092
7400.52,0.19076
7401.42,0.19005
7402.31,0.19071
7403.21,0.19107
7404.1,0.19055
7405.0,0.19111
7405.9,0.19001
7406.79,0.18991
7407.69,0.18924
7408.58,0.18892
7409.48,0.18809
7410.38,0.18731
7411.27,0.18644
7412.17,0.18585
7413.06,0.18527
7413.96,0.18471
7414.85,0.18452
7415.75,0.18356
7416.65,0.18283
7417.54,0.18279
7418.44,0.18284
7419.33,0.18394
7420.23,0.18389
7421.13,0.18428
7422.02,0.18484
7422.92,0.18538
7423.81,0.18607
7424.71,0.18681
7425.6,0.18786
7426.5,0.18807
7427.4,0.18925
7428.29,0.19065
7429.19,0.19103
7431.68,0.19237
7434.18,0.19317
7436.67,0.19235
7439.17,0.19244
7441.66,0.19225
7444.16,0.19114
7446.66,0.19195
7449.15,0.19226
7451.65,0.19235
7454.14,0.19367
7456.64,0.19375
7459.13,0.19291
7461.63,0.19286
7464.12,0.19277
7466.62,0.19309
7469.11,0.19327
7471.61,0.19306
7474.1,0.19302
7476.6,0.19387
7479.09,0.19385
7481.59,0.19281
7484.08,0.19324
7486.58,0.1924
7489.07,0.19167
7491.57,0.19234
7494.06,0.19126
7496.56,0.19122
7499.05,0.19133
7501.55,0.19266
7504.04,0.19355
7506.54,0.19312
7509.03,0.19314
7511.53,0.19273
7514.02,0.19222
7516.52,0.19336
7519.01,0.19392
7521.51,0.19344
7524.0,0.19287
7526.5,0.19285
7528.99,0.19267
7531.49,0.19318
7533.99,0.19303
7536.48,0.1945
7538.98,0.19407
7541.47,0.19455
7543.97,0.1944
7546.46,0.19403
7548.96,0.19365
7551.45,0.19375
7553.95,0.19318
7556.44,0.19264
7558.94,0.19301
7561.43,0.19288
7563.93,0.19347
7566.42,0.19338
7568.92,0.19307
7571.41,0.19295
7573.91,0.19331
7576.4,0.19344
7578.9,0.19299
7581.39,0.19243
7583.89,0.19169
7586.38,0.1901
7588.88,0.18989
7591.37,0.18945
7593.87,0.18948
7596.36,0.1894
7598.86,0.18968
7601.35,0.18928
7603.85,0.18887
7606.34,0.18889
7608.84,0.18874
7611.33,0.18913
7613.83,0.18814
7616.33,0.18749
7618.82,0.18734
7621.32,0.18723
7623.81,0.18771
7626.31,0.18817
7628.8,0.18787
7631.3,0.18811
7633.79,0.18808
7636.29,0.18801
7638.78,0.18783
7641.28,0.18814
7643.77,0.18822
7646.27,0.18788
7648.76,0.18784
7651.26,0.18711
7653.75,0.18552
7656.25,0.1836
7658.74,0.18218
7661.24,0.17965
7663.73,0.17807
7666.23,0.17728
7668.72,0.17789
7671.22,0.1796
7673.71,0.18136
7676.21,0.18255
7678.7,0.18333
7681.2,0.18396
7683.69,0.18399
7686.19,0.1839
7688.69,0.18379
7691.18,0.18329
7693.68,0.18254
7696.17,0.18209
7698.67,0.18143
7701.16,0.18086
7703.66,0.18159
7706.15,0.18169
7708.65,0.18139
7711.14,0.18088
7713.64,0.18009
7716.13,0.18003
7718.63,0.1802
7721.12,0.18138
7723.62,0.1826
7726.11,0.18275
7728.61,0.18349
7731.1,0.18425
7733.6,0.18555
7736.09,0.18511
7738.59,0.18575
7741.08,0.18497
7743.58,0.18378
7746.07,0.18189
7748.57,0.18051
7751.06,0.18051
7753.56,0.18066
7756.05,0.18214
7758.55,0.18335
7761.04,0.18421
7763.54,0.18475
7766.03,0.18526
7768.53,0.18539
7771.03,0.18578
7773.52,0.18626
7776.02,0.18659
7778.51,0.18599
7781.01,0.18551
7783.5,0.18478
7786.0,0.184
7788.49,0.18319
7790.99,0.18349
7793.48,0.18316
7795.98,0.18308
7798.47,0.18366
7800.97,0.18375
7803.46,0.18378
7805.96,0.18417
7808.45,0.18407
7810.95,0.18464
7813.44,0.18502
7815.94,0.18545
7818.43,0.18602
7820.93,0.18621
7823.42,0.18595
7825.92,0.18529
7828.41,0.18423
7830.91,0.18262
7833.4,0.18188
7835.9,0.18104
7838.39,0.18153
7840.89,0.18211
7843.38,0.18272
7845.88,0.18328
7848.38,0.1834
7850.87,0.18283
7853.37,0.18348
7855.86,0.18375
7858.36,0.18397
7860.85,0.18413
7863.35,0.18402
7865.84,0.18435
7868.34,0.18427
7870.83,0.18405
7873.33,0.18373
7875.82,0.18382
7878.32,0.18335
7880.81,0.18303
7883.31,0.18359
7885.8,0.18362
7888.3,0.18349
7890.79,0.18412
7893.29,0.18377
7895.78,0.18316
7898.28,0.18336
7900.77,0.18283
7903.27,0.18259
7905.76,0.18184
7908.26,0.18143
7910.75,0.18028
7913.25,0.17943
7915.74,0.17876
7918.24,0.17873
7920.73,0.1792
7923.23,0.17938
7925.73,0.17997
7928.22,0.18025
7930.71,0.18007
7933.21,0.17959
7935.71,0.17875
7938.2,0.17772
7940.7,0.17713
7943.19,0.17645
7945.69,0.17717
7948.18,0.17736
7950.68,0.17837
7953.17,0.17971
7955.67,0.18105
7958.16,0.18149
7960.66,0.18136
7963.15,0.18143
7965.65,0.18179
7968.14,0.18236
7970.64,0.18295
7973.13,0.18258
7975.63,0.18235
7978.12,0.18238
7980.62,0.18209
7983.11,0.18143
7985.61,0.18146
7988.1,0.18083
7990.6,0.18065
7993.09,0.18055
7995.59,0.18022
7998.08,0.18018
8000.58,0.18005
8003.07,0.18034
8005.57,0.181
8008.06,0.18236
8010.56,0.18343
8013.06,0.18329
8015.55,0.18408
8018.05,0.18423
8020.54,0.18327
8023.04,0.18263
8025.53,0.18132
8028.03,0.18053
8030.52,0.18061
8033.02,0.18174
8035.51,0.1827
8038.01,0.18366
8040.5,0.183
8043.0,0.182
8045.49,0.18135
8047.99,0.18015
8050.48,0.17998
8052.98,0.18033
8055.47,0.18129
8057.97,0.18227
8060.46,0.18245
8062.96,0.18213
8065.45,0.18158
8067.95,0.18125
8070.44,0.17996
8072.94,0.17928
8075.43,0.17938
8077.93,0.17959
8080.42,0.17994
8082.92,0.18044
8085.41,0.17959
8087.91,0.17959
8090.4,0.17948
8092.9,0.17856
8095.4,0.17822
8097.89,0.17836
8100.39,0.17852
8102.88,0.17937
8105.38,0.17934
8107.87,0.17978
8110.37,0.17962
8112.86,0.17928
8115.36,0.17912
8117.85,0.17879
8120.35,0.17942
8122.84,0.17963
8125.34,0.18019
8127.83,0.18041
8130.33,0.1804
8132.82,0.18079
8135.32,0.18044
8137.81,0.18046
8140.31,0.1804
8142.8,0.18023
8145.3,0.18028
8147.79,0.17998
8150.29,0.18028
8152.78,0.18048
8155.28,0.18008
8157.77,0.18081
8160.27,0.18019
8162.76,0.17962
8165.26,0.17986
8167.75,0.18006
8170.25,0.18053
8172.75,0.18042
8175.24,0.18029
8177.74,0.17954
8180.23,0.17793
8182.73,0.1766
8185.22,0.17548
8187.72,0.17542
8190.21,0.17526
8192.71,0.17509
8195.2,0.17488
8197.7,0.17373
8200.19,0.17393
8202.69,0.17425
8205.18,0.17569
8207.68,0.17613
8210.17,0.17666
8212.67,0.17684
8215.16,0.1769
8217.66,0.17748
8220.15,0.1776
8222.65,0.17797
8225.14,0.17879
8227.64,0.17944
8230.13,0.1793
8232.63,0.17947
8235.12,0.17956
8237.62,0.17929
8240.11,0.1791
8242.61,0.17873
8245.1,0.17896
8247.6,0.17877
8250.1,0.17833
8252.59,0.178
8255.08,0.17813
8257.58,0.17816
8260.08,0.17879
8262.57,0.17933
8265.07,0.17998
8267.56,0.17976
8270.06,0.1797
8272.55,0.1797
8275.05,0.17937
8277.54,0.17907
8280.04,0.17916
8282.53,0.17904
8285.03,0.1789
8287.52,0.17824
8290.02,0.17822
8292.51,0.17755
8295.01,0.17719
8297.5,0.17716
8300.0,0.17647
8302.49,0.17634
8304.99,0.17541
8307.48,0.17487
8309.98,0.17488
8312.47,0.17492
8314.97,0.17561
8317.46,0.176
8319.96,0.1762
8322.46,0.17605
8324.95,0.17466
8327.44,0.17371
8329.94,0.1725
8332.43,0.17185
8334.93,0.17203
8337.43,0.17245
8339.92,0.17336
8342.42,0.1737
8344.91,0.17389
8347.41,0.17388
8349.9,0.17391
8352.4,0.17425
8354.89,0.17477
8357.39,0.17432
8359.88,0.17482
8362.38,0.1741
8364.87,0.174
8367.37,0.17374
8369.86,0.17421
8372.36,0.17503
8374.85,0.17479
8377.35,0.17381
8379.84,0.17267
8382.34,0.1717
8384.83,0.16996
8387.33,0.16938
8389.82,0.16968
8392.32,0.17121
8394.81,0.17231
8397.31,0.17363
8399.8,0.17467
8402.3,0.1751
8404.79,0.1754
8407.29,0.1756
8409.79,0.17555
8412.28,0.1746
8414.78,0.17459
8417.27,0.17388
8419.77,0.17338
8422.26,0.17321
8424.76,0.1726
8427.25,0.17196
8429.75,0.17085
8432.24,0.1702
8434.74,0.16985
8437.23,0.16843
8439.73,0.16845
8442.22,0.16969
8444.72,0.17042
8447.21,0.17188
8449.71,0.1722
8452.2,0.17251
8454.7,0.17185
8457.19,0.17182
8459.69,0.17149
8462.18,0.17043
8464.68,0.16979
8467.17,0.16883
8469.67,0.16834
8472.16,0.16835
8474.66,0.16916
8477.15,0.16953
8479.65,0.17114
8482.14,0.17116
8484.64,0.1713
8487.13,0.17082
8489.63,0.16901
8492.12,0.16684
8494.62,0.16294
8497.12,0.15854
8499.61,0.15551
8502.11,0.15585
8504.6,0.15828
8507.1,0.16176
8509.59,0.16413
8512.09,0.16547
8514.58,0.1658
8517.08,0.16503
8519.57,0.1651
8522.07,0.16599
8524.56,0.16623
8527.06,0.16655
8529.55,0.16596
8532.05,0.16385
8534.54,0.15969
8537.04,0.15265
8539.53,0.1446
8542.03,0.13778
8544.52,0.13522
8547.02,0.13774
8549.51,0.14447
8552.01,0.15236
8554.5,0.15892
8557.0,0.16365
8559.49,0.16542
8561.99,0.1671
8564.48,0.16793
8566.98,0.16829
8569.47,0.16861
8571.97,0.16862
8574.47,0.16842
8576.96,0.16879
8579.46,0.1689
8581.95,0.16863
8584.45,0.1687
8586.94,0.16928
8589.44,0.16908
8591.93,0.16935
8594.43,0.16926
8596.92,0.16886
8599.42,0.16898
8601.91,0.1692
8604.41,0.16865
8606.9,0.16871
8609.4,0.16842
8611.89,0.16766
8614.39,0.16692
8616.88,0.16695
8619.38,0.16725
8621.87,0.16733
8624.37,0.16748
8626.86,0.16728
8629.36,0.16819
8631.85,0.16821
8634.35,0.16873
8636.84,0.16928
8639.34,0.16968
8641.83,0.16939
8644.33,0.1691
8646.83,0.16885
8649.32,0.1679
8651.82,0.16611
8654.31,0.16257
8656.8,0.15723
8659.3,0.15037
8661.8,0.14419
8664.29,0.14169
8666.79,0.1428
8669.28,0.14764
8671.78,0.15344
8674.27,0.1586
8676.77,0.16177
8679.26,0.16357
8681.76,0.1643
8684.25,0.16416
8686.75,0.16357
8689.24,0.16293
8691.74,0.16298
8694.23,0.16339
8696.73,0.16428
8699.22,0.16495
8701.72,0.16613
8704.21,0.16616
8706.71,0.16636
8709.2,0.16599
8711.7,0.16556
8714.19,0.16562
8716.69,0.16555
8719.18,0.16628
8721.68,0.16702
8724.17,0.16792
8726.67,0.168
8729.17,0.16776
8731.66,0.16796
8734.16,0.16729
8736.65,0.16655
8739.15,0.1668
8741.64,0.16659
8744.14,0.16713
8746.63,0.16687
8749.13,0.16635
8751.62,0.16632
8754.12,0.16588
8756.61,0.16595
8759.11,0.16614
8761.6,0.1663
8764.1,0.16612
8766.59,0.16597
8769.09,0.16575
8771.58,0.1659
8774.08,0.1655
8776.57,0.16588
8779.07,0.16663
8781.56,0.16634
8784.06,0.16698
8786.55,0.16693
8789.05,0.16674
8791.54,0.16651
8794.04,0.16589
8796.53,0.16524
8799.03,0.16436
8801.52,0.16336
8804.02,0.16151
8806.51,0.15995
8809.01,0.16002
8811.5,0.16061
8814.0,0.16223
8816.5,0.16405
8818.99,0.16453
8821.49,0.1653
8823.98,0.16416
8826.48,0.16456
8828.97,0.16489
8831.47,0.16553
8833.96,0.16598
8836.46,0.16643
8838.95,0.16702
8841.45,0.16692
8843.94,0.1673
8846.44,0.16833
8848.93,0.16818
8851.43,0.16905
8853.92,0.16876
8856.42,0.16885
8858.91,0.16799
8861.41,0.16656
8863.9,0.16553
8866.4,0.16468
8868.89,0.16469
8871.39,0.16417
8873.88,0.16495
8876.38,0.16527
8878.87,0.16586
8881.37,0.16623
8883.87,0.16631
8886.36,0.16639
8888.86,0.16646
8891.35,0.1663
8893.84,0.16644
8896.34,0.16651
8898.84,0.16596
8901.33,0.16609
8903.83,0.16566
8906.32,0.16562
8908.82,0.16526
8911.31,0.16563
8913.81,0.16504
8916.3,0.16467
8918.8,0.16367
8921.29,0.16325
8923.79,0.16278
8926.28,0.16287
8928.78,0.16267
8931.27,0.16285
8933.77,0.16302
8936.26,0.16288
8938.76,0.16326
8941.25,0.16279
8943.75,0.16276
8946.24,0.16233
8948.74,0.16214
8951.23,0.16302
8953.73,0.16342
8956.22,0.16459
8958.72,0.16508
8961.21,0.16532
8963.71,0.16491
8966.2,0.16475
8968.7,0.16442
8971.2,0.16359
8973.69,0.16326
8976.19,0.16294
8978.68,0.16366
8981.18,0.16382
8983.67,0.16383
8986.17,0.1644
8988.66,0.16453
8991.16,0.16429
8993.65,0.16401
8996.15,0.1636
8998.64,0.16338
9001.14,0.16271
9003.63,0.16193
9006.13,0.16055
9008.62,0.15979
9011.12,0.15785
9013.61,0.15689
9016.11,0.15571
9018.6,0.15599
9021.1,0.15682
9023.59,0.15821
9026.09,0.15876
9028.58,0.16013
9031.08,0.16112
9033.57,0.16198
9036.07,0.1631
9038.56,0.16331
9041.06,0.16404
9043.55,0.16429
9046.05,0.16383
9048.54,0.16377
9051.04,0.1644
9053.54,0.16404
9056.03,0.16335
9058.53,0.16278
9061.02,0.16254
9063.52,0.16195
9066.01,0.16216
9068.51,0.16259
9071.0,0.16251
9073.5,0.16229
9075.99,0.16187
9078.49,0.16151
9080.98,0.16062
9083.48,0.15939
9085.97,0.15827
9088.47,0.15768
9090.96,0.15705
9093.46,0.15716
9095.95,0.15787
9098.45,0.15951
9100.94,0.16043
9103.44,0.16074
9105.93,0.16095
9108.43,0.16072
9110.92,0.1605
9113.42,0.16031
9115.91,0.16001
9118.41,0.15965
9120.9,0.15973
9123.4,0.16017
9125.89,0.16091
9128.39,0.16139
9130.88,0.16153
9133.38,0.16118
9135.88,0.16111
9138.37,0.15979
9140.87,0.15865
9143.36,0.15775
9145.86,0.15705
9148.35,0.15652
9150.85,0.15714
9153.34,0.15735
9155.84,0.15695
9158.33,0.15716
9160.83,0.1574
9163.32,0.15653
9165.82,0.15604
9168.31,0.15483
9170.81,0.15433
9173.3,0.15359
9175.8,0.15357
9178.29,0.15349
9180.79,0.15446
9183.28,0.15499
9185.78,0.15523
9188.27,0.15506
9190.77,0.15521
9193.26,0.15496
9195.76,0.1544
9198.25,0.15414
9200.75,0.15437
9203.24,0.1542
9205.74,0.15429
9208.24,0.15407
9210.73,0.15328
9213.23,0.15297
9215.72,0.15291
9218.22,0.15327
9220.71,0.15341
9223.21,0.15376
9225.7,0.15349
9228.2,0.15335
9230.69,0.15348
9233.19,0.15316
9235.68,0.15365
9238.18,0.15378
9240.67,0.15407
9243.17,0.15364
9245.66,0.1536
9248.16,0.1531
9250.65,0.15279
9253.15,0.15271
9255.64,0.15258
9258.14,0.15222
9260.63,0.15278
9263.13,0.15312
9265.62,0.15418
9268.12,0.15443
9270.61,0.15521
9273.11,0.15518
9275.6,0.15456
9278.1,0.15399
9280.59,0.15343
9283.09,0.15345
9285.58,0.15263
9288.08,0.15236
9290.58,0.15201
9293.07,0.15185
9295.57,0.15175
9298.06,0.15183
9300.56,0.15214
9303.05,0.15251
9305.55,0.15194
9308.04,0.15218
9310.54,0.15193
9313.03,0.15229
9315.53,0.15206
9318.02,0.15195
9320.52,0.15202
9323.01,0.15167
9325.51,0.15157
9328.0,0.15175
9330.5,0.15203
9332.99,0.15178
9335.49,0.15228
9337.98,0.15245
9340.48,0.15198
9342.97,0.15168
9345.47,0.15111
9347.96,0.15056
9350.46,0.15003
9352.95,0.14935
9355.45,0.14908
9357.94,0.14838
9360.44,0.14802
9362.93,0.14764
9365.43,0.14775
9367.92,0.1482
9370.42,0.14805
9372.92,0.14832
9375.41,0.14853
9377.91,0.1483
9380.4,0.14846
9382.9,0.1485
9385.39,0.14841
9387.89,0.14832
9390.38,0.14828
9392.88,0.14835
9395.37,0.14795
9397.87,0.14765
9400.36,0.14784
9402.86,0.14727
9405.35,0.14629
9407.85,0.14566
9410.34,0.1445
9412.84,0.14404
9415.33,0.14393
9417.83,0.14431
9420.32,0.14505
9422.82,0.14552
9425.31,0.14666
9427.81,0.14652
9430.3,0.14672
9432.8,0.14642
9435.29,0.14601
9437.79,0.14618
9440.28,0.1454
9442.78,0.14557
9445.27,0.14552
9447.77,0.14559
9450.27,0.1456
9452.76,0.14572
9455.25,0.14594
9457.75,0.14628
9460.25,0.14724
9462.74,0.14749
9465.24,0.14762
9467.73,0.14783
9470.23,0.1483
9472.72,0.1482
9475.22,0.14768
9477.71,0.14836
9480.21,0.14824
9482.7,0.14842
9485.2,0.14824
9487.69,0.14821
9490.19,0.1483
9492.68,0.14865
9495.18,0.14886
9497.67,0.1487
9500.17,0.1491
9502.66,0.14866
9505.16,0.14894
9507.65,0.14862
9510.15,0.1484
9512.64,0.14887
9515.14,0.14904
9517.63,0.14952
9520.13,0.14943
9522.62,0.1499
9525.12,0.14978
9527.61,0.14995
9530.11,0.14981
9532.61,0.14953
9535.1,0.14918
9537.6,0.1481
9540.09,0.14791
9542.59,0.1464
9545.08,0.14578
9547.58,0.14509
9550.07,0.14555
9552.57,0.14617
9555.06,0.14692
9557.56,0.1487
9560.05,0.14945
9562.55,0.14915
9565.04,0.14912
9567.54,0.14877
9570.03,0.14825
9572.53,0.14736
9575.02,0.14768
9577.52,0.14738
9580.01,0.14749
9582.51,0.14758
9585.0,0.14822
9587.5,0.14822
9589.99,0.14867
9592.49,0.1482
9594.98,0.14733
9597.48,0.1471
9599.97,0.14672
9602.47,0.14611
9604.96,0.14659
9607.46,0.14669
9609.96,0.14702
9612.45,0.14763
9614.95,0.14741
9617.44,0.14753
9619.94,0.14757
9622.43,0.14702
9624.93,0.1471
9627.42,0.147
9629.92,0.14677
9632.41,0.14645
9634.91,0.14554
9637.4,0.14514
9639.9,0.14483
9642.39,0.14419
9644.89,0.14385
9647.38,0.14428
9649.88,0.14434
9652.37,0.14403
9654.87,0.1448
9657.36,0.14454
9659.86,0.14447
9662.35,0.14491
9664.85,0.14498
9667.34,0.14462
9669.84,0.14416
9672.33,0.14409
9674.83,0.14361
9677.32,0.14354
9679.82,0.14383
9682.31,0.14401
9684.81,0.1445
9687.3,0.14398
9689.8,0.14361
9692.29,0.14407
9694.79,0.14362
9697.29,0.14399
9699.78,0.14401
9702.28,0.14364
9704.77,0.14356
9707.27,0.14327
9709.76,0.14363
9712.26,0.14387
9714.75,0.14438
9717.25,0.14427
9719.74,0.14389
9722.24,0.14411
9724.73,0.14381
9727.23,0.14357
9729.72,0.14335
9732.22,0.14295
9734.71,0.14262
9737.21,0.14265
9739.7,0.14236
9742.2,0.14207
9744.69,0.14208
9747.19,0.14245
9749.68,0.14279
9752.18,0.14345
9754.67,0.14394
9757.17,0.14461
9759.66,0.14471
9762.16,0.14402
9764.65,0.14413
9767.15,0.14366
9769.64,0.14348
9772.14,0.14333
9774.64,0.14277
9777.13,0.14275
9779.63,0.1424
9782.12,0.14161
9784.62,0.14078
9787.11,0.14044
9789.61,0.141
9792.1,0.14156
9794.6,0.14226
9797.09,0.14331
9799.59,0.14351
9802.08,0.1443
9804.58,0.1447
9807.07,0.14487
9809.57,0.145
9812.06,0.14496
9814.56,0.1452
9817.05,0.14508
9819.55,0.145
9822.04,0.14515
9824.54,0.14519
9827.03,0.14493
9829.53,0.14473
9832.02,0.14451
9834.52,0.14471
9837.01,0.14463
9839.51,0.14467
9842.0,0.14461
9844.5,0.14513
9847.0,0.14495
9849.49,0.14502
9851.99,0.14493
9854.48,0.1448
9856.98,0.14447
9859.47,0.14433
9861.97,0.14415
9864.46,0.14398
9866.96,0.14376
9869.45,0.14402
9871.95,0.14403
9874.44,0.14412
9876.94,0.14391
9879.43,0.14417
9881.93,0.14426
9884.42,0.14422
9886.92,0.14344
9889.41,0.14331
9891.91,0.14316
9894.4,0.14291
9896.9,0.14328
9899.39,0.14258
9901.89,0.1429
9904.38,0.1423
9906.88,0.14216
9909.37,0.1422
9911.87,0.14198
9914.36,0.142
9916.86,0.14184
9919.35,0.14163
9921.85,0.1413
9924.34,0.14156
9926.84,0.14144
9929.33,0.14128
9931.83,0.14161
9934.33,0.14184
9936.82,0.14196
9939.32,0.14205
9941.81,0.14197
9944.31,0.14197
9946.8,0.14191
9949.3,0.14189
9951.79,0.14223
9954.29,0.14192
9956.78,0.14225
9959.28,0.1422
9961.77,0.14225
9964.27,0.14233
9966.76,0.14258
9969.26,0.1425
9971.75,0.14222
9974.25,0.1424
9976.74,0.14204
9979.24,0.14188
9981.73,0.14185
9984.23,0.14198
9986.72,0.14174
9989.22,0.14176
9991.71,0.14194
9994.21,0.14142
9996.7,0.14142
9999.2,0.14111
10001.7,0.14088
10004.2,0.14101
10006.7,0.14111
10009.2,0.14074
10011.7,0.14116
10014.2,0.14186
10016.7,0.14202
10019.2,0.1427
10021.7,0.14263
10024.2,0.14253
10026.6,0.14242
10029.1,0.14235
10031.6,0.14145
10034.1,0.14136
10036.6,0.1408
10039.1,0.14059
10041.6,0.14008
10044.1,0.13951
10046.6,0.13974
10049.1,0.1393
10051.6,0.13906
10054.1,0.13823
10056.6,0.13902
10059.1,0.13859
10061.6,0.13856
10064.1,0.13902
10066.6,0.13949
10069.1,0.13969
10071.6,0.13984
10074.1,0.14056
10076.5,0.14033
10079.0,0.1401
10081.5,0.14043
10084.0,0.14
10086.5,0.14034
10089.0,0.14027
10091.5,0.14055
10094.0,0.14093
10096.5,0.14125
10099.0,0.14173
10101.5,0.14142
10104.0,0.14109
10106.5,0.141
10109.0,0.1409
10111.5,0.14026
10114.0,0.14033
10116.5,0.14002
10119.0,0.13975
10121.5,0.13965
10124.0,0.13952
10126.5,0.13946
10128.9,0.13986
10131.4,0.1397
10133.9,0.13942
10136.4,0.13933
10138.9,0.13927
10141.4,0.1386
10143.9,0.1386
10146.4,0.13803
10148.9,0.13795
10151.4,0.13825
10153.9,0.13814
10156.4,0.13845
10158.9,0.13875
10161.4,0.13854
10163.9,0.13873
10166.4,0.13859
10168.9,0.13871
10171.4,0.13858
10173.9,0.13853
10176.4,0.13883
10178.9,0.13884
10181.3,0.13874
10183.8,0.13847
10186.3,0.13873
10188.8,0.13824
10191.3,0.13779
10193.8,0.13773
10196.3,0.13777
10198.8,0.13742
10201.3,0.13706
10203.8,0.13793
10206.3,0.13789
10208.8,0.1377
10211.3,0.13731
10213.8,0.13718
10216.3,0.13665
10218.8,0.13684
10221.3,0.13656
10223.8,0.13641
10226.3,0.1372
10228.8,0.13713
10231.2,0.13742
10233.7,0.13748
10236.2,0.13743
10238.7,0.13745
10241.2,0.13771
10243.7,0.13716
10246.2,0.1372
10248.7,0.13744
10251.2,0.13708
10253.7,0.13732
10256.2,0.13689
10258.7,0.13646
10261.2,0.13644
10263.7,0.13614
10266.2,0.13634
10268.7,0.13626
10271.2,0.13637
10273.7,0.13651
10276.2,0.13651
10278.7,0.13679
10281.2,0.13667
10283.6,0.13622
10286.1,0.13617
10288.6,0.13606
10291.1,0.13609
10293.6,0.13603
10296.1,0.13621
10298.6,0.13604
10301.1,0.13571
10303.6,0.1363
10306.1,0.13619
10308.6,0.13636
10311.1,0.1361
10313.6,0.13615
10316.1,0.13605
10318.6,0.13572
10321.1,0.13549
10323.6,0.13514
10326.1,0.13435
10328.6,0.13368
10331.1,0.13359
10333.5,0.13321
10336.0,0.13355
10338.5,0.13295
10341.0,0.13263
10343.5,0.13269
10346.0,0.13238
10348.5,0.1325
10351.0,0.13332
10353.5,0.13367
10356.0,0.13473
10358.5,0.13492
10361.0,0.13497
10363.5,0.13514
10366.0,0.13521
10368.5,0.13464
10371.0,0.13452
10373.5,0.13367
10376.0,0.13378
10378.5,0.13352
10381.0,0.13364
10383.5,0.13407
10385.9,0.13406
10388.4,0.13382
10390.9,0.13366
10393.4,0.13325
10395.9,0.13318
10398.4,0.13237
10400.9,0.13269
10403.4,0.13282
10405.9,0.13334
10408.4,0.13375
10410.9,0.13382
10413.4,0.13415
10415.9,0.13415
10418.4,0.13401
10420.9,0.13388
10423.4,0.13362
10425.9,0.13286
10428.4,0.1334
10430.9,0.13322
10433.4,0.13377
10435.9,0.13388
10438.3,0.13392
10440.8,0.13407
10443.3,0.13434
10445.8,0.13398
10448.3,0.13398
10450.8,0.13404
10453.3,0.13366
10455.8,0.13356
10458.3,0.13317
10460.8,0.13295
10463.3,0.13274
10465.8,0.1329
10468.3,0.13301
10470.8,0.13236
10473.3,0.13271
10475.8,0.13277
10478.3,0.13259
10480.8,0.133
10483.3,0.1331
10485.8,0.13283
10488.2,0.13275
10490.7,0.13251
10493.2,0.13212
10495.7,0.13204
10498.2,0.13152
10500.7,0.13127
10503.2,0.13161
10505.7,0.13185
10508.2,0.13172
10510.7,0.13187
10513.2,0.132
10515.7,0.1322
10518.2,0.13222
10520.7,0.13236
10523.2,0.13234
10525.7,0.13231
10528.2,0.1324
10530.7,0.13196
10533.2,0.13147
10535.7,0.13158
10538.2,0.13199
10540.6,0.13204
10543.1,0.13201
10545.6,0.13209
10548.1,0.13189
10550.6,0.13194
10553.1,0.13222
10555.6,0.13187
10558.1,0.13187
10560.6,0.13207
10563.1,0.13202
10565.6,0.13161
10568.1,0.1316
10570.6,0.13146
10573.1,0.13102
10575.6,0.13068
10578.1,0.13023
10580.6,0.12963
10583.1,0.12865
10585.6,0.12835
10588.1,0.12828
10590.6,0.12876
10593.0,0.12921
10595.5,0.12941
10598.0,0.12989
10600.5,0.12958
10603.0,0.12957
10605.5,0.12894
10608.0,0.12928
10610.5,0.12886
10613.0,0.12888
10615.5,0.12912
10618.0,0.12971
10620.5,0.13024
10623.0,0.12988
10625.5,0.13015
10628.0,0.13022
10630.5,0.13002
10633.0,0.13064
10635.5,0.13077
10638.0,0.13066
10640.5,0.13085
10642.9,0.13043
10645.4,0.13047
10647.9,0.13005
10650.4,0.12995
10652.9,0.12944
10655.4,0.12912
10657.9,0.12861
10660.4,0.12758
10662.9,0.12744
10665.4,0.12718
10667.9,0.12716
10670.4,0.12786
10672.9,0.12807
10675.4,0.1284
10677.9,0.12878
10680.4,0.12832
10682.9,0.12827
10685.4,0.12793
10687.9,0.12739
10690.4,0.12742
10692.9,0.12701
10695.3,0.12739
10697.8,0.12746
10700.3,0.12776
10702.8,0.12809
10705.3,0.12892
10707.8,0.12875
10710.3,0.12917
10712.8,0.12907
10715.3,0.12905
10717.8,0.12879
10720.3,0.1284
10722.8,0.12808
10725.3,0.12692
10727.8,0.12628
10730.3,0.12616
10732.8,0.12597
10735.3,0.12636
10737.8,0.12687
10740.3,0.12688
10742.8,0.12736
10745.3,0.127
10747.7,0.12684
10750.2,0.12697
10752.7,0.12663
10755.2,0.12629
10757.7,0.12686
10760.2,0.12696
10762.7,0.12806
10765.2,0.12794
10767.7,0.12783
10770.2,0.12786
10772.7,0.12773
10775.2,0.1271
10777.7,0.1265
10780.2,0.12623
10782.7,0.12546
10785.2,0.12526
10787.7,0.12492
10790.2,0.12471
10792.7,0.12542
10795.2,0.12595
10797.6,0.12643
10800.1,0.12648
10802.6,0.12655
10805.1,0.12646
10807.6,0.12605
10810.1,0.12551
10812.6,0.12518
10815.1,0.12463
10817.6,0.12455
10820.1,0.12414
10822.6,0.12384
10825.1,0.12346
10827.6,0.12318
10830.1,0.12351
10832.6,0.12367
10835.1,0.12413
10837.6,0.12462
10840.1,0.12514
10842.6,0.12534
10845.1,0.12534
10847.6,0.12551
10850.0,0.12547
10852.5,0.12586
10855.0,0.12595
10857.5,0.12615
10860.0,0.12576
10862.5,0.12539
10865.0,0.12432
10867.5,0.12355
10870.0,0.12269
10872.5,0.12196
10875.0,0.12185
10877.5,0.122
10880.0,0.12231
10882.5,0.12265
10885.0,0.12293
10887.5,0.1228
10890.0,0.12319
10892.5,0.12355
10895.0,0.12418
10897.5,0.12387
10900.0,0.12432
10902.4,0.12443
10904.9,0.12459
10907.4,0.12457
10909.9,0.12457
10912.4,0.12434
10914.9,0.12403
10917.4,0.12385
10919.9,0.12353
10922.4,0.12308
10924.9,0.12242
10927.4,0.12218
10929.9,0.12181
10932.4,0.12125
10934.9,0.12101
10937.4,0.12126
10939.9,0.12138
10942.4,0.12137
10944.9,0.12145
10947.4,0.12171
10949.9,0.12179
10952.3,0.1214
10954.8,0.12091
10957.3,0.12053
10959.8,0.11986
10962.3,0.11872
10964.8,0.11815
10967.3,0.11727
10969.8,0.11723
10972.3,0.11692
10974.8,0.11699
10977.3,0.11682
10979.8,0.11735
10982.3,0.11758
10984.8,0.11782
10987.3,0.11771
10989.8,0.11788
10992.3,0.11784
10994.8,0.1176
10997.3,0.11805
10999.8,0.11783
