wave,flux
3700.85,0.30833
3701.75,0.30453
3702.65,0.29582
3703.55,0.28215
3704.45,0.26682
3705.35,0.25327
3706.25,0.24477
3707.15,0.24141
3708.05,0.24192
3708.96,0.24584
3709.86,0.25225
3710.76,0.26018
3711.66,0.27107
3712.56,0.28316
3713.46,0.29524
3714.36,0.30485
3715.26,0.31297
3716.16,0.3145
3717.06,0.30995
3717.96,0.29948
3718.86,0.28319
3719.76,0.26445
3720.66,0.24549
3721.56,0.23228
3722.46,0.22946
3723.36,0.23504
3724.26,0.24834
3725.16,0.26281
3726.06,0.27622
3726.96,0.28407
3727.86,0.28824
3728.76,0.28877
3729.66,0.28528
3730.56,0.27908
3731.46,0.26991
3732.36,0.25387
3733.26,0.23589
3734.16,0.21798
3735.06,0.20583
3735.96,0.19968
3736.86,0.20543
3737.76,0.21707
3738.66,0.2361
3739.56,0.25491
3740.46,0.27285
3741.36,0.28276
3742.26,0.28622
3743.16,0.28301
3744.06,0.27339
3744.96,0.26106
3745.86,0.24786
3746.76,0.2346
3747.67,0.22133
3748.57,0.21163
3749.47,0.20629
3750.37,0.20765
3751.27,0.21839
3752.17,0.23698
3753.07,0.2584
3753.97,0.27955
3754.87,0.2964
3755.77,0.30558
3756.67,0.30633
3757.57,0.29893
3758.47,0.29045
3759.37,0.28179
3760.27,0.27703
3761.17,0.27891
3762.07,0.2827
3762.97,0.28611
3763.87,0.29098
3764.77,0.28976
3765.67,0.28951
3766.57,0.28509
3767.47,0.28018
3768.37,0.27561
3769.27,0.26966
3770.17,0.26689
3771.07,0.26859
3771.97,0.27392
3772.87,0.2832
3773.77,0.29383
3774.67,0.30533
3775.57,0.31394
3776.47,0.32196
3777.37,0.32924
3778.27,0.33739
3779.17,0.34577
3780.07,0.35582
3780.97,0.36016
3781.87,0.36624
3782.77,0.36979
3783.67,0.37111
3784.57,0.36645
3785.47,0.3577
3786.38,0.34609
3787.28,0.33333
3788.18,0.32163
3789.08,0.31372
3789.98,0.30702
3790.88,0.30291
3791.78,0.29926
3792.68,0.29578
3793.58,0.28802
3794.48,0.27758
3795.38,0.26648
3796.28,0.25507
3797.18,0.24315
3798.08,0.23771
3798.98,0.23749
3799.88,0.24499
3800.78,0.25863
3801.68,0.27899
3802.58,0.29887
3803.48,0.31716
3804.38,0.32938
3805.28,0.33866
3806.18,0.34157
3807.08,0.34484
3807.98,0.34608
3808.88,0.34887
3809.78,0.35426
3810.68,0.35707
3811.58,0.35603
3812.48,0.35025
3813.38,0.34041
3814.28,0.32895
3815.18,0.31776
3816.08,0.31453
3816.98,0.30853
3817.88,0.30964
3818.78,0.31005
3819.68,0.30538
3820.58,0.30316
3821.48,0.29992
3822.38,0.29595
3823.28,0.29209
3824.18,0.28628
3825.09,0.27783
3825.99,0.26941
3826.89,0.26161
3827.79,0.25595
3828.69,0.25226
3829.59,0.24836
3830.49,0.24462
3831.39,0.23706
3832.29,0.2274
3833.19,0.21733
3834.09,0.20734
3834.99,0.20065
3835.89,0.19749
3836.79,0.19735
3837.69,0.20166
3838.59,0.20814
3839.49,0.21767
3840.39,0.22952
3841.29,0.24622
3842.19,0.26283
3843.09,0.28124
3843.99,0.29802
3844.89,0.30897
3845.79,0.3209
3846.69,0.32783
3847.59,0.33333
3848.49,0.33543
3849.39,0.34057
3850.29,0.34099
3851.19,0.34412
3852.09,0.34319
3852.99,0.34615
3853.89,0.34565
3854.79,0.34284
3855.69,0.33841
3856.59,0.33192
3857.49,0.32593
3858.39,0.31828
3859.29,0.31611
3860.19,0.31486
3861.09,0.31824
3861.99,0.32699
3862.9,0.3371
3863.8,0.34614
3864.7,0.3528
3865.6,0.35698
3866.5,0.35689
3867.4,0.35452
3868.3,0.35046
3869.2,0.34633
3870.1,0.33956
3871.0,0.33371
3871.9,0.32681
3872.8,0.32282
3873.7,0.32071
3874.6,0.32366
3875.5,0.32504
3876.4,0.32723
3877.3,0.32733
3878.2,0.32308
3879.1,0.31774
3880.0,0.31655
3880.9,0.31283
3881.8,0.31069
3882.7,0.30715
3883.6,0.30286
3884.5,0.29513
3885.4,0.28444
3886.3,0.27229
3887.2,0.26088
3888.1,0.25111
3889.0,0.24641
3889.9,0.24765
3890.8,0.25601
3891.7,0.26979
3892.6,0.28445
3893.5,0.29847
3894.4,0.30905
3895.3,0.31935
3896.2,0.32505
3897.1,0.33144
3898.0,0.33658
3898.9,0.3402
3899.8,0.34493
3900.7,0.3469
3901.6,0.34939
3902.51,0.35106
3903.41,0.34872
3904.31,0.34769
3905.21,0.34506
3906.11,0.34472
3907.01,0.34795
3907.91,0.3549
3908.81,0.36521
3909.71,0.37376
3910.61,0.38557
3911.51,0.39007
3912.41,0.39398
3913.31,0.39553
3914.21,0.39555
3915.11,0.38973
3916.01,0.38541
3916.91,0.38145
3917.81,0.37349
3918.71,0.36674
3919.61,0.36071
3920.51,0.35362
3921.41,0.34835
3922.31,0.34475
3923.21,0.34275
3924.11,0.33825
3925.01,0.33282
3925.91,0.32284
3926.81,0.30815
3927.71,0.28786
3928.61,0.26322
3929.51,0.23723
3930.41,0.20965
3931.31,0.18275
3932.21,0.15909
3933.11,0.13967
3934.01,0.12922
3934.91,0.12672
3935.81,0.13521
3936.71,0.1521
3937.61,0.17587
3938.51,0.20281
3939.42,0.22965
3940.32,0.2559
3941.22,0.27498
3942.12,0.29047
3943.02,0.30208
3943.92,0.31051
3944.82,0.31883
3945.72,0.33023
3946.62,0.33841
3947.52,0.34884
3948.42,0.35636
3949.32,0.36398
3950.22,0.36837
3951.12,0.37301
3952.02,0.37597
3952.92,0.3773
3953.82,0.37983
3954.72,0.37758
3955.62,0.37842
3956.52,0.37471
3957.42,0.37132
3958.32,0.36651
3959.22,0.35968
3960.12,0.35065
3961.02,0.33575
3961.92,0.31753
3962.82,0.29576
3963.72,0.27415
3964.62,0.25001
3965.52,0.22541
3966.42,0.20039
3967.32,0.17586
3968.22,0.15524
3969.12,0.14301
3970.02,0.14001
3970.92,0.14725
3971.82,0.16296
3972.72,0.18566
3973.62,0.21184
3974.52,0.23995
3975.42,0.2653
3976.32,0.29027
3977.22,0.31263
3978.13,0.33447
3979.03,0.35198
3979.93,0.36887
3980.83,0.38139
3981.73,0.38833
3982.63,0.39296
3983.53,0.39511
3984.43,0.39717
3985.33,0.40223
3986.23,0.40739
3987.13,0.41201
3988.03,0.41921
3988.93,0.42097
3989.83,0.42737
3990.73,0.42961
3991.63,0.4351
3992.53,0.4357
3993.43,0.4397
3994.33,0.43954
3995.23,0.4365
3996.13,0.43496
3997.03,0.43138
3997.93,0.42865
3998.83,0.43077
3999.73,0.43686
4000.63,0.44346
4001.53,0.44855
4002.43,0.4525
4003.33,0.45363
4004.23,0.44802
4005.13,0.44166
4006.03,0.4359
4006.93,0.43314
4007.83,0.4352
4008.73,0.43875
4009.63,0.4473
4010.53,0.45451
4011.43,0.45637
4012.33,0.46439
4013.23,0.46479
4014.13,0.46635
4015.03,0.46939
4015.93,0.46882
4016.84,0.46962
4017.74,0.46849
4018.64,0.47177
4019.54,0.47509
4020.44,0.47596
4021.34,0.47305
4022.24,0.47595
4023.14,0.47476
4024.04,0.47283
4024.94,0.47347
4025.84,0.47384
4026.74,0.47708
4027.64,0.47645
4028.54,0.47719
4029.44,0.46891
4030.34,0.4611
4031.24,0.44927
4032.14,0.43907
4033.04,0.43147
4033.94,0.42992
4034.84,0.43582
4035.74,0.4464
4036.64,0.4592
4037.54,0.47353
4038.44,0.48161
4039.34,0.48834
4040.24,0.48966
4041.14,0.48533
4042.04,0.47781
4042.94,0.4688
4043.84,0.45604
4044.74,0.44473
4045.64,0.43482
4046.54,0.43016
4047.44,0.43151
4048.34,0.44333
4049.24,0.45363
4050.14,0.46406
4051.04,0.47505
4051.94,0.47769
4052.84,0.47299
4053.74,0.46752
4054.65,0.46329
4055.55,0.45484
4056.45,0.44971
4057.35,0.44761
4058.25,0.44795
4059.15,0.4481
4060.05,0.44863
4060.95,0.4482
4061.85,0.44447
4062.75,0.44191
4063.65,0.43643
4064.55,0.43153
4065.45,0.43279
4066.35,0.43273
4067.25,0.43954
4068.15,0.44691
4069.05,0.45153
4069.95,0.45668
4070.85,0.45579
4071.75,0.45283
4072.65,0.45231
4073.55,0.44917
4074.45,0.44619
4075.35,0.43978
4076.25,0.43323
4077.15,0.42656
4078.05,0.42436
4078.95,0.42406
4079.85,0.42745
4080.75,0.43931
4081.65,0.44747
4082.55,0.4559
4083.45,0.45954
4084.35,0.46173
4085.25,0.46232
4086.15,0.46522
4087.05,0.46929
4087.95,0.47425
4088.85,0.48051
4089.75,0.48394
4090.65,0.4859
4091.55,0.48229
4092.45,0.47808
4093.36,0.47145
4094.26,0.46432
4095.16,0.45259
4096.06,0.44075
4096.96,0.42871
4097.86,0.41424
4098.76,0.39628
4099.66,0.38055
4100.56,0.36331
4101.46,0.35063
4102.36,0.34366
4103.26,0.34444
4104.16,0.35275
4105.06,0.36733
4105.96,0.38383
4106.86,0.40243
4107.76,0.41551
4108.66,0.42621
4109.56,0.4348
4110.46,0.43858
4111.36,0.4428
4112.26,0.44736
4113.16,0.45453
4114.06,0.46116
4114.96,0.46569
4115.86,0.47161
4116.76,0.47334
4117.66,0.47141
4118.56,0.47038
4119.46,0.46803
4120.36,0.46447
4121.26,0.46341
4122.16,0.46149
4123.06,0.46362
4123.96,0.4651
4124.86,0.46714
4125.76,0.46969
4126.66,0.46871
4127.56,0.46611
4128.46,0.46126
4129.36,0.46037
4130.26,0.45622
4131.17,0.45221
4132.06,0.44507
4132.97,0.44469
4133.87,0.44433
4134.77,0.44851
4135.67,0.45619
4136.57,0.46374
4137.47,0.47322
4138.37,0.47885
4139.27,0.48513
4140.17,0.48647
4141.07,0.48185
4141.97,0.47571
4142.87,0.46363
4143.77,0.45543
4144.67,0.45199
4145.57,0.45212
4146.47,0.45666
4147.37,0.46312
4148.27,0.46499
4149.17,0.4681
4150.07,0.46769
4150.97,0.46703
4151.87,0.46253
4152.77,0.46181
4153.67,0.45751
4154.57,0.45634
4155.47,0.4548
4156.37,0.45596
4157.27,0.45741
4158.17,0.4603
4159.07,0.46617
4159.97,0.47075
4160.87,0.47954
4161.77,0.48318
4162.67,0.48736
4163.57,0.49074
4164.47,0.49034
4165.37,0.49076
4166.27,0.48789
4167.17,0.48328
4168.07,0.47774
4168.98,0.47338
4169.88,0.46879
4170.78,0.46259
4171.68,0.45309
4172.58,0.44773
4173.48,0.43917
4174.38,0.43518
4175.28,0.43349
4176.18,0.43622
4177.08,0.44047
4177.98,0.44457
4178.88,0.4477
4179.78,0.45092
4180.68,0.45449
4181.58,0.45718
4182.48,0.45915
4183.38,0.45951
4184.28,0.46363
4185.18,0.46378
4186.08,0.46271
4186.98,0.46317
4187.88,0.46327
4188.78,0.46245
4189.68,0.46507
4190.58,0.46802
4191.48,0.47251
4192.38,0.47787
4193.28,0.47842
4194.18,0.47818
4195.08,0.47472
4195.98,0.47104
4196.88,0.46139
4197.78,0.45392
4198.68,0.44664
4199.58,0.4437
4200.48,0.4406
4201.38,0.43747
4202.28,0.44275
4203.18,0.44586
4204.08,0.45109
4204.98,0.45743
4205.88,0.46347
4206.79,0.47026
4207.69,0.47799
4208.59,0.48152
4209.49,0.4856
4210.39,0.48884
4211.29,0.48786
4212.19,0.48722
4213.09,0.48318
4213.99,0.48167
4214.89,0.47713
4215.79,0.47455
4216.69,0.47217
4217.59,0.47381
4218.49,0.48008
4219.39,0.48455
4220.29,0.49031
4221.19,0.49285
4222.09,0.48931
4222.99,0.47958
4223.89,0.46433
4224.79,0.4483
4225.69,0.42908
4226.59,0.41415
4227.49,0.41037
4228.39,0.41421
4229.29,0.42502
4230.19,0.4399
4231.09,0.4564
4231.99,0.46938
4232.89,0.47358
4233.79,0.47336
4234.69,0.47322
4235.59,0.46696
4236.49,0.46402
4237.39,0.46199
4238.29,0.46075
4239.19,0.46448
4240.09,0.46816
4240.99,0.47316
4241.89,0.47757
4242.79,0.48459
4243.69,0.49003
4244.59,0.49342
4245.5,0.49215
4246.4,0.48972
4247.3,0.4855
4248.2,0.47755
4249.1,0.46896
4250.0,0.46524
4250.9,0.46354
4251.8,0.46434
4252.7,0.46357
4253.6,0.46666
4254.5,0.46944
4255.4,0.46972
4256.3,0.47198
4257.2,0.47279
4258.1,0.472
4259.0,0.46955
4259.9,0.46477
4260.8,0.46379
4261.7,0.46543
4262.6,0.47115
4263.5,0.47934
4264.4,0.48954
4265.3,0.49535
4266.2,0.49928
4267.1,0.50055
4268.0,0.49377
4268.9,0.48325
4269.8,0.47013
4270.7,0.45819
4271.6,0.44255
4272.5,0.43341
4273.4,0.42953
4274.3,0.42943
4275.2,0.4367
4276.1,0.44588
4277.0,0.45507
4277.9,0.46687
4278.8,0.47447
4279.7,0.47796
4280.6,0.48045
4281.5,0.47739
4282.4,0.47421
4283.31,0.47066
4284.21,0.46865
4285.11,0.46591
4286.01,0.45812
4286.91,0.45217
4287.81,0.44797
4288.71,0.4382
4289.61,0.43215
4290.51,0.42796
4291.41,0.42748
4292.31,0.42999
4293.21,0.43526
4294.11,0.44126
4295.01,0.44263
4295.91,0.44267
4296.81,0.43407
4297.71,0.42354
4298.61,0.41127
4299.51,0.39696
4300.41,0.3846
4301.31,0.37657
4302.21,0.36944
4303.11,0.36816
4304.01,0.36933
4304.91,0.36881
4305.81,0.37114
4306.71,0.3687
4307.61,0.36563
4308.51,0.36495
4309.41,0.36589
4310.31,0.36948
4311.21,0.37911
4312.11,0.39001
4313.01,0.40375
4313.91,0.42282
4314.81,0.44041
4315.71,0.46147
4316.61,0.48045
4317.51,0.49716
4318.41,0.51037
4319.31,0.51573
4320.21,0.51498
4321.12,0.50995
4322.02,0.49857
4322.92,0.48292
4323.82,0.46635
4324.72,0.45005
4325.62,0.44272
4326.52,0.43891
4327.42,0.44067
4328.32,0.44939
4329.22,0.46363
4330.12,0.47738
4331.02,0.48553
4331.92,0.49263
4332.82,0.49474
4333.72,0.49393
4334.62,0.48822
4335.52,0.47813
4336.42,0.46366
4337.32,0.44152
4338.22,0.42173
4339.12,0.39884
4340.02,0.37878
4340.92,0.36965
4341.82,0.36775
4342.72,0.3758
4343.62,0.39025
4344.52,0.40933
4345.42,0.42715
4346.32,0.44572
4347.22,0.4601
4348.12,0.47161
4349.02,0.47684
4349.92,0.47993
4350.82,0.47461
4351.72,0.47106
4352.62,0.46791
4353.52,0.46617
4354.42,0.46778
4355.32,0.47422
4356.22,0.48076
4357.12,0.48711
4358.02,0.49524
4358.92,0.50022
4359.83,0.5043
4360.73,0.50638
4361.63,0.51384
4362.53,0.51893
4363.43,0.52376
4364.33,0.52831
4365.23,0.52956
4366.13,0.53014
4367.03,0.52784
4367.93,0.52214
4368.83,0.51677
4369.73,0.51023
4370.63,0.50464
4371.53,0.50474
4372.43,0.49928
4373.33,0.49454
4374.23,0.49129
4375.13,0.48779
4376.03,0.48658
4376.93,0.4913
4377.83,0.49424
4378.73,0.49902
4379.63,0.49968
4380.53,0.49646
4381.43,0.48995
4382.33,0.4754
4383.23,0.46121
4384.13,0.44757
4385.03,0.4421
4385.93,0.43721
4386.83,0.44297
4387.73,0.45305
4388.63,0.46624
4389.53,0.4728
4390.43,0.48051
4391.33,0.48267
4392.23,0.49004
4393.13,0.48961
4394.03,0.49436
4394.93,0.49816
4395.83,0.50198
4396.73,0.50534
4397.64,0.50734
4398.54,0.50905
4399.44,0.50714
4400.34,0.5058
4401.24,0.50063
4402.14,0.4971
4403.04,0.49055
4403.94,0.48685
4404.84,0.47939
4405.74,0.48047
4406.64,0.47861
4407.54,0.4815
4408.44,0.48648
4409.34,0.49481
4410.24,0.50227
4411.14,0.51197
4412.04,0.51951
4412.94,0.5224
4413.84,0.52142
4414.74,0.51889
4415.64,0.51279
4416.54,0.51367
4417.44,0.51365
4418.34,0.51563
4419.24,0.5194
4420.14,0.52406
4421.04,0.52729
4421.94,0.52708
4422.84,0.529
4423.74,0.52912
4424.64,0.52531
4425.54,0.52581
4426.44,0.52511
4427.34,0.524
4428.24,0.52582
4429.14,0.52704
4430.04,0.52395
4430.94,0.521
4431.84,0.5191
4432.74,0.51718
4433.64,0.51443
4434.54,0.50825
4435.45,0.50853
4436.35,0.50797
4437.25,0.51388
4438.15,0.52049
4439.05,0.525
4439.95,0.53175
4440.85,0.52954
4441.75,0.52562
4442.65,0.5236
4443.55,0.52044
4444.45,0.52012
4445.35,0.52387
4446.25,0.5274
4447.15,0.53317
4448.05,0.53575
4448.95,0.54051
4449.85,0.54095
4450.75,0.53866
4451.65,0.53503
4452.55,0.52798
4453.45,0.52108
4454.35,0.51267
4455.25,0.50475
4456.15,0.49836
4457.05,0.4934
4457.95,0.49112
4458.85,0.48801
4459.75,0.48616
4460.65,0.48676
4461.55,0.48952
4462.45,0.49557
4463.35,0.49768
4464.25,0.50342
4465.15,0.50867
4466.05,0.51462
4466.95,0.51802
4467.85,0.51902
4468.75,0.51899
4469.65,0.52118
4470.55,0.52314
4471.45,0.52667
4472.35,0.5335
4473.25,0.5391
4474.16,0.54619
4475.06,0.55432
4475.96,0.55789
4476.86,0.5619
4477.76,0.55982
4478.66,0.55851
4479.56,0.55117
4480.46,0.54286
4481.36,0.53936
4482.26,0.53365
4483.16,0.5338
4484.06,0.53712
4484.96,0.54379
4485.86,0.54838
4486.76,0.55181
4487.66,0.55292
4488.56,0.55275
4489.46,0.54858
4490.36,0.54256
4491.26,0.53879
4492.16,0.53781
4493.06,0.53655
4493.96,0.5363
4494.86,0.53914
4495.76,0.53692
4496.66,0.53919
4497.56,0.54212
4498.46,0.54635
4499.36,0.55296
4500.26,0.55543
4501.16,0.56125
4502.06,0.56929
4502.96,0.57404
4503.86,0.57888
4504.76,0.58225
4505.66,0.587
4506.56,0.58717
4507.46,0.58954
4508.36,0.58717
4509.26,0.58668
4510.17,0.58447
4511.06,0.58272
4511.97,0.58059
4512.87,0.57689
4513.77,0.57164
4514.67,0.56966
4515.57,0.56217
4516.47,0.5622
4517.37,0.55841
4518.27,0.55976
4519.17,0.56072
4520.07,0.56207
4520.97,0.55966
4521.87,0.56134
4522.77,0.55655
4523.67,0.54933
4524.57,0.54668
4525.47,0.53843
4526.37,0.52713
4527.27,0.52063
4528.17,0.51265
4529.07,0.5094
4529.97,0.50503
4530.87,0.50313
4531.77,0.50489
4532.67,0.50517
4533.57,0.50731
4534.47,0.51069
4535.37,0.51483
4536.27,0.5216
4537.17,0.5274
4538.07,0.53744
4538.97,0.54493
4539.87,0.54969
4540.77,0.55317
4541.67,0.55217
4542.57,0.55586
4543.47,0.55316
4544.37,0.55168
4545.27,0.54838
4546.17,0.54522
4547.07,0.54288
4547.97,0.53771
4548.88,0.53569
4549.77,0.53369
4550.68,0.5293
4551.58,0.52969
4552.48,0.52863
4553.38,0.52997
4554.28,0.52863
4555.18,0.53162
4556.08,0.53737
4556.98,0.542
4557.88,0.54872
4558.78,0.55654
4559.68,0.55936
4560.58,0.56634
4561.48,0.56953
4562.38,0.56914
4563.28,0.56488
4564.18,0.56085
4565.08,0.56102
4565.98,0.55628
4566.88,0.55937
4567.78,0.56237
4568.68,0.56207
4569.58,0.56569
4570.48,0.56563
4571.38,0.56673
4572.28,0.56653
4573.18,0.56602
4574.08,0.56976
4574.98,0.56763
4575.88,0.57135
4576.78,0.56886
4577.68,0.5662
4578.58,0.56261
4579.48,0.56004
4580.38,0.55237
4581.28,0.54711
4582.18,0.54232
4583.08,0.53801
4583.98,0.53952
4584.88,0.53992
4585.78,0.54027
4586.69,0.54668
4587.58,0.55116
4588.49,0.55494
4589.39,0.55522
4590.29,0.55943
4591.19,0.56164
4592.09,0.55868
4592.99,0.5542
4593.89,0.55159
4594.79,0.55132
4595.69,0.55109
4596.59,0.54718
4597.49,0.54942
4598.39,0.55102
4599.29,0.55049
4600.19,0.55041
4601.09,0.55216
4601.99,0.55386
4602.89,0.55234
4603.79,0.55375
4604.69,0.55792
4605.59,0.56033
4606.49,0.56333
4607.39,0.5689
4608.29,0.5749
4609.19,0.57979
4610.09,0.58065
4610.99,0.5856
4611.89,0.5836
4612.79,0.5848
4613.69,0.58244
4614.59,0.57986
4615.49,0.58071
4616.39,0.57962
4617.29,0.57975
4618.19,0.57739
4619.09,0.57864
4619.99,0.57933
4620.89,0.58107
4621.79,0.57966
4622.69,0.58324
4623.59,0.58411
4624.5,0.58366
4625.4,0.5812
4626.3,0.58221
4627.2,0.5819
4628.1,0.58246
4629.0,0.58203
4629.9,0.58014
4630.8,0.57702
4631.7,0.57786
4632.6,0.57772
4633.5,0.57537
4634.4,0.57413
4635.3,0.57044
4636.2,0.56544
4637.1,0.56275
4638.0,0.56016
4638.9,0.55886
4639.8,0.55796
4640.7,0.55919
4641.6,0.55772
4642.5,0.55943
4643.4,0.55889
4644.3,0.55547
4645.2,0.55335
4646.1,0.54834
4647.0,0.54551
4647.9,0.54272
4648.8,0.541
4649.7,0.54182
4650.6,0.547
4651.5,0.549
4652.4,0.55428
4653.3,0.55787
4654.2,0.55754
4655.1,0.55742
4656.0,0.56045
4656.9,0.56129
4657.8,0.56497
4658.7,0.57029
4659.6,0.57546
4660.5,0.58007
4661.4,0.58014
4662.3,0.57667
4663.21,0.57269
4664.11,0.56574
4665.01,0.55843
4665.91,0.54746
4666.81,0.54017
4667.71,0.53239
4668.61,0.52947
4669.51,0.52886
4670.41,0.53346
4671.31,0.53971
4672.21,0.54414
4673.11,0.55192
4674.01,0.55672
4674.91,0.5624
4675.81,0.56269
4676.71,0.56473
4677.61,0.56398
4678.51,0.56461
4679.41,0.56317
4680.31,0.55843
4681.21,0.55396
4682.11,0.55577
4683.01,0.55469
4683.91,0.55716
4684.81,0.55974
4685.71,0.56158
4686.61,0.56283
4687.51,0.56336
4688.41,0.56604
4689.31,0.56406
4690.21,0.56215
4691.11,0.56257
4692.01,0.56492
4692.91,0.56452
4693.81,0.56777
4694.71,0.56991
4695.61,0.56974
4696.51,0.5721
4697.41,0.56799
4698.31,0.5661
4699.21,0.56222
4700.12,0.55397
4701.02,0.5519
4701.92,0.54863
4702.82,0.54631
4703.72,0.54131
4704.62,0.54382
4705.52,0.54421
4706.42,0.54411
4707.32,0.54654
4708.22,0.54402
4709.12,0.54421
4710.02,0.54751
4710.92,0.55048
4711.82,0.55346
4712.72,0.55411
4713.62,0.55842
4714.52,0.55998
4715.42,0.56526
4716.32,0.56785
4717.22,0.57299
4718.12,0.57579
4719.02,0.58063
4719.92,0.58666
4720.82,0.58662
4721.72,0.59087
4722.62,0.58923
4723.52,0.59087
4724.42,0.58961
4725.32,0.58343
4726.22,0.57973
4727.12,0.57514
4728.02,0.56971
4728.92,0.56342
4729.82,0.55646
4730.72,0.55274
4731.62,0.5528
4732.52,0.55209
4733.42,0.55486
4734.32,0.56035
4735.22,0.56317
4736.12,0.56463
4737.02,0.56685
4737.92,0.57126
4738.83,0.57121
4739.73,0.57038
4740.63,0.57372
4741.53,0.57391
4742.43,0.57436
4743.33,0.57774
4744.23,0.58042
4745.13,0.58203
4746.03,0.58146
4746.93,0.58321
4747.83,0.58468
4748.73,0.58626
4749.63,0.58681
4750.53,0.58694
4751.43,0.5838
4752.33,0.58049
4753.23,0.57985
4754.13,0.57578
4755.03,0.57184
4755.93,0.57245
4756.83,0.56955
4757.73,0.56725
4758.63,0.5685
4759.53,0.56782
4760.43,0.56477
4761.33,0.56439
4762.23,0.5605
4763.13,0.55545
4764.03,0.55082
4764.93,0.54664
4765.83,0.5472
4766.73,0.54469
4767.63,0.54951
4768.53,0.54995
4769.43,0.55554
4770.33,0.55852
4771.23,0.56131
4772.13,0.5677
4773.03,0.56925
4773.93,0.57409
4774.83,0.57719
4775.73,0.57992
4776.64,0.58273
4777.54,0.58432
4778.44,0.58455
4779.34,0.58539
4780.24,0.58222
4781.14,0.57952
4782.04,0.57842
4782.94,0.57553
4783.84,0.57004
4784.74,0.56701
4785.64,0.56354
4786.54,0.56183
4787.44,0.55969
4788.34,0.55852
4789.24,0.56175
4790.14,0.56294
4791.04,0.56626
4791.94,0.56864
4792.84,0.5754
4793.74,0.57826
4794.64,0.58416
4795.54,0.58697
4796.44,0.59014
4797.34,0.58689
4798.24,0.58503
4799.14,0.58022
4800.04,0.57988
4800.94,0.57771
4801.84,0.57607
4802.74,0.57841
4803.64,0.58074
4804.54,0.57771
4805.44,0.57613
4806.34,0.57481
4807.24,0.57381
4808.14,0.57282
4809.04,0.5722
4809.94,0.57026
4810.84,0.57315
4811.74,0.57427
4812.64,0.57241
4813.54,0.57796
4814.45,0.58194
4815.35,0.58393
4816.25,0.58575
4817.15,0.58759
4818.05,0.59008
4818.95,0.59322
4819.85,0.59177
4820.75,0.5912
4821.65,0.58677
4822.55,0.58284
4823.45,0.5792
4824.35,0.57608
4825.25,0.57391
4826.15,0.57296
4827.05,0.57227
4827.95,0.57026
4828.85,0.57
4829.75,0.57028
4830.65,0.57084
4831.55,0.56919
4832.45,0.56964
4833.35,0.56809
4834.25,0.56911
4835.15,0.5712
4836.05,0.56953
4836.95,0.56813
4837.85,0.56796
4838.75,0.56618
4839.65,0.56284
4840.55,0.56075
4841.45,0.55819
4842.35,0.55791
4843.25,0.55976
4844.15,0.55725
4845.05,0.55931
4845.95,0.5584
4846.85,0.55997
4847.75,0.55651
4848.65,0.55934
4849.55,0.55634
4850.45,0.55415
4851.35,0.55077
4852.26,0.54595
4853.16,0.5407
4854.06,0.53658
4854.96,0.52764
4855.86,0.51807
4856.76,0.50715
4857.66,0.4942
4858.56,0.47917
4859.46,0.46305
4860.36,0.45096
4861.26,0.4394
4862.16,0.43286
4863.06,0.43135
4863.96,0.43765
4864.86,0.44718
4865.76,0.46194
4866.66,0.47459
4867.56,0.4863
4868.46,0.50114
4869.36,0.50464
4870.26,0.50791
4871.16,0.51266
4872.06,0.51214
4872.96,0.5137
4873.86,0.51534
4874.76,0.52142
4875.66,0.52663
4876.56,0.53376
4877.46,0.54058
4878.36,0.54287
4879.26,0.54872
4880.16,0.55435
4881.06,0.55553
4881.96,0.55453
4882.86,0.55531
4883.76,0.55234
4884.66,0.54804
4885.56,0.54439
4886.46,0.54242
4887.36,0.53801
4888.26,0.53769
4889.17,0.53532
4890.07,0.53481
4890.97,0.53588
4891.87,0.5392
4892.77,0.54615
4893.67,0.55372
4894.57,0.56333
4895.47,0.57208
4896.37,0.58406
4897.27,0.5899
4898.17,0.59193
4899.07,0.59137
4899.97,0.59014
4900.87,0.58503
4901.77,0.58199
4902.67,0.58194
4903.57,0.57937
4904.47,0.57836
4905.37,0.5789
4906.27,0.57953
4907.17,0.5763
4908.07,0.57608
4908.97,0.57269
4909.87,0.56874
4910.77,0.56564
4911.67,0.56534
4912.57,0.56439
4913.47,0.56489
4914.37,0.56559
4915.27,0.56737
4916.17,0.56519
4917.07,0.56564
4917.97,0.5556
4918.87,0.54888
4919.77,0.53984
4920.67,0.53539
4921.57,0.53124
4922.47,0.52742
4923.37,0.53226
4924.27,0.5374
4925.17,0.54307
4926.07,0.54922
4926.98,0.5601
4927.88,0.56608
4928.78,0.57395
4929.68,0.57959
4930.58,0.58223
4931.48,0.58242
4932.38,0.5793
4933.28,0.57223
4934.18,0.56941
4935.08,0.56127
4935.98,0.55852
4936.88,0.55316
4937.78,0.55155
4938.68,0.55034
4939.58,0.55077
4940.48,0.55202
4941.38,0.56079
4942.28,0.56446
4943.18,0.57072
4944.08,0.57755
4944.98,0.58135
4945.88,0.58686
4946.78,0.58739
4947.68,0.59254
4948.58,0.59287
4949.48,0.59429
4950.38,0.59281
4951.28,0.59274
4952.18,0.59318
4953.08,0.5914
4953.98,0.58554
4954.88,0.57766
4955.78,0.56943
4956.68,0.5613
4957.58,0.55537
4958.48,0.55327
4959.38,0.55335
4960.28,0.55414
4961.18,0.56246
4962.08,0.56354
4962.98,0.5678
4963.88,0.57107
4964.79,0.56747
4965.69,0.56658
4966.59,0.56353
4967.49,0.56065
4968.39,0.56394
4969.29,0.56107
4970.19,0.56205
4971.09,0.56312
4971.99,0.56936
4972.89,0.5714
4973.79,0.57242
4974.69,0.57401
4975.59,0.5766
4976.49,0.57376
4977.39,0.57237
4978.29,0.56654
4979.19,0.56109
4980.09,0.55351
4980.99,0.54461
4981.89,0.53886
4982.79,0.53078
4983.69,0.5248
4984.59,0.52698
4985.49,0.52561
4986.39,0.52922
4987.29,0.53583
4988.19,0.54194
4989.09,0.5461
4989.99,0.5504
4990.89,0.55687
4991.79,0.55702
4992.69,0.55938
4993.59,0.55924
4994.49,0.55761
4995.39,0.5608
4996.29,0.55812
4997.19,0.55863
4998.09,0.55703
4998.99,0.54989
4999.89,0.54973
5000.79,0.5453
5001.7,0.54113
5002.6,0.53578
5003.5,0.53295
5004.4,0.5296
5005.3,0.52849
5006.2,0.52918
5007.1,0.52837
5008.0,0.52767
5008.9,0.5309
5009.8,0.53101
5010.7,0.53138
5011.6,0.53008
5012.5,0.52878
5013.4,0.52169
5014.3,0.51815
5015.2,0.51591
5016.1,0.51367
5017.0,0.51317
5017.9,0.51607
5018.8,0.51893
5019.7,0.52082
5020.6,0.52025
5021.5,0.52691
5022.4,0.53088
5023.3,0.53196
5024.2,0.53478
5025.1,0.53599
5026.0,0.54019
5026.9,0.54175
5027.8,0.54563
5028.7,0.54836
5029.6,0.55086
5030.5,0.55346
5031.4,0.55859
5032.3,0.56029
5033.2,0.56105
5034.1,0.5632
5035.0,0.55928
5035.9,0.55346
5036.8,0.54709
5037.7,0.54066
5038.6,0.53255
5039.5,0.52541
5040.41,0.51872
5041.31,0.5181
5042.21,0.51819
5043.11,0.52132
5044.01,0.5289
5044.91,0.53734
5045.81,0.54592
5046.71,0.55072
5047.61,0.55485
5048.51,0.55443
5049.41,0.55334
5050.31,0.55084
5051.21,0.54857
5052.11,0.55089
5053.01,0.55059
5053.91,0.55333
5054.81,0.55805
5055.71,0.56163
5056.61,0.57144
5057.51,0.57214
5058.41,0.57878
5059.31,0.57954
5060.21,0.58059
5061.11,0.5777
5062.01,0.57773
5062.91,0.57315
5063.81,0.56933
5064.71,0.56551
5065.61,0.55829
5066.51,0.55449
5067.41,0.54929
5068.31,0.54908
5069.21,0.54649
5070.11,0.54838
5071.01,0.54934
5071.91,0.5501
5072.81,0.55042
5073.71,0.55016
5074.61,0.54776
5075.51,0.54906
5076.42,0.54622
5077.31,0.54376
5078.21,0.53881
5079.12,0.53233
5080.02,0.52793
5080.92,0.52541
5081.82,0.52199
5082.72,0.52479
5083.62,0.5246
5084.52,0.53178
5085.42,0.53612
5086.32,0.5413
5087.22,0.54573
5088.12,0.55294
5089.02,0.55658
5089.92,0.55889
5090.82,0.56343
5091.72,0.56474
5092.62,0.56814
5093.52,0.56566
5094.42,0.56422
5095.32,0.56146
5096.22,0.5585
5097.12,0.55196
5098.02,0.54903
5098.92,0.54402
5099.82,0.54139
5100.72,0.53997
5101.62,0.53908
5102.52,0.54198
5103.42,0.54118
5104.32,0.54486
5105.22,0.54585
5106.12,0.54513
5107.02,0.5427
5107.92,0.54083
5108.82,0.53954
5109.72,0.53456
5110.62,0.53935
5111.52,0.53894
5112.42,0.5455
5113.32,0.54661
5114.22,0.5542
5115.12,0.55746
5116.03,0.56282
5116.93,0.56599
5117.83,0.56863
5118.73,0.56611
5119.63,0.56523
5120.53,0.56011
5121.43,0.5544
5122.33,0.55039
5123.23,0.54503
5124.13,0.53935
5125.03,0.53176
5125.93,0.52909
5126.83,0.5257
5127.73,0.52518
5128.63,0.52775
5129.53,0.52711
5130.43,0.52995
5131.33,0.53097
5132.23,0.53705
5133.13,0.53864
5134.03,0.54239
5134.93,0.54282
5135.83,0.54508
5136.73,0.54331
5137.63,0.54104
5138.53,0.53721
5139.43,0.53355
5140.33,0.53179
5141.23,0.5291
5142.13,0.52837
5143.03,0.52589
5143.93,0.52481
5144.83,0.52642
5145.73,0.526
5146.63,0.52481
5147.53,0.5279
5148.43,0.52953
5149.33,0.52721
5150.23,0.52715
5151.13,0.52793
5152.03,0.52803
5152.94,0.53033
5153.84,0.53199
5154.74,0.53079
5155.64,0.53663
5156.54,0.54058
5157.44,0.54593
5158.34,0.5496
5159.24,0.55268
5160.14,0.5542
5161.04,0.55201
5161.94,0.54697
5162.84,0.54331
5163.74,0.53221
5164.64,0.52126
5165.54,0.50785
5166.44,0.49012
5167.34,0.478
5168.24,0.46375
5169.14,0.45289
5170.04,0.44719
5170.94,0.44507
5171.84,0.44478
5172.74,0.44777
5173.64,0.45553
5174.54,0.46444
5175.44,0.47379
5176.34,0.48699
5177.24,0.49802
5178.14,0.50758
5179.04,0.51099
5179.94,0.51061
5180.84,0.50529
5181.74,0.50082
5182.64,0.49203
5183.54,0.48459
5184.44,0.47839
5185.34,0.47831
5186.24,0.48241
5187.14,0.48698
5188.04,0.4984
5188.94,0.50495
5189.84,0.51132
5190.75,0.51789
5191.65,0.51759
5192.55,0.51651
5193.45,0.51634
5194.35,0.5168
5195.25,0.51886
5196.15,0.52106
5197.05,0.5209
5197.95,0.52514
5198.85,0.5293
5199.75,0.53623
5200.65,0.53634
5201.55,0.53779
5202.45,0.53521
5203.35,0.52992
5204.25,0.5263
5205.15,0.52037
5206.05,0.51212
5206.95,0.50865
5207.85,0.50395
5208.75,0.50391
5209.65,0.50546
5210.55,0.50954
5211.45,0.51787
5212.35,0.52425
5213.25,0.52802
5214.15,0.53542
5215.05,0.53925
5215.95,0.54112
5216.85,0.54277
5217.75,0.54616
5218.65,0.54542
5219.55,0.55096
5220.45,0.55089
5221.35,0.55098
5222.25,0.54876
5223.15,0.54461
5224.05,0.54108
5224.95,0.53278
5225.85,0.52712
5226.75,0.51912
5227.66,0.51702
5228.56,0.51758
5229.46,0.51851
5230.36,0.52327
5231.26,0.52904
5232.16,0.53399
5233.06,0.5379
5233.96,0.53964
5234.86,0.54231
5235.76,0.54598
5236.66,0.54709
5237.56,0.55511
5238.46,0.55606
5239.36,0.55943
5240.26,0.56442
5241.16,0.56669
5242.06,0.56616
5242.96,0.5663
5243.86,0.57009
5244.76,0.56606
5245.66,0.56321
5246.56,0.55972
5247.46,0.5546
5248.36,0.55072
5249.26,0.54513
5250.16,0.54191
5251.06,0.5413
5251.96,0.5385
5252.86,0.5401
5253.76,0.54422
5254.66,0.54565
5255.56,0.54756
5256.46,0.55208
5257.36,0.5541
5258.26,0.55963
5259.16,0.55783
5260.06,0.5552
5260.96,0.54917
5261.86,0.5411
5262.76,0.53477
5263.66,0.52469
5264.56,0.51147
5265.47,0.50053
5266.37,0.49493
5267.27,0.48839
5268.17,0.48386
5269.07,0.48509
5269.97,0.48594
5270.87,0.48955
5271.77,0.49427
5272.67,0.50049
5273.57,0.50703
5274.47,0.51648
5275.37,0.52494
5276.27,0.53266
5277.17,0.53966
5278.07,0.54651
5278.97,0.54871
5279.87,0.5509
5280.77,0.55495
5281.67,0.55435
5282.57,0.55454
5283.47,0.55375
5284.37,0.55298
5285.27,0.55961
5286.17,0.56364
5287.07,0.56827
5287.97,0.57264
5288.87,0.57767
5289.77,0.58188
5290.67,0.58648
5291.57,0.5874
5292.47,0.58358
5293.37,0.57986
5294.27,0.57853
5295.17,0.57261
5296.07,0.56427
5296.97,0.55952
5297.87,0.55239
5298.77,0.55007
5299.67,0.54714
5300.57,0.54633
5301.48,0.54986
5302.38,0.5541
5303.27,0.55748
5304.18,0.56234
5305.08,0.5703
5305.98,0.57542
5306.88,0.58066
5307.78,0.58239
5308.68,0.58543
5309.58,0.5852
5310.48,0.58527
5311.38,0.58594
5312.28,0.58368
5313.18,0.58768
5314.08,0.58203
5314.98,0.57981
5315.88,0.57954
5316.78,0.57394
5317.68,0.57454
5318.58,0.57211
5319.48,0.56754
5320.38,0.56668
5321.28,0.56574
5322.18,0.56222
5323.08,0.55806
5323.98,0.55548
5324.88,0.5473
5325.78,0.53643
5326.68,0.53302
5327.58,0.52702
5328.48,0.52235
5329.38,0.52103
5330.28,0.5214
5331.18,0.52887
5332.08,0.53218
5332.98,0.53804
5333.88,0.54581
5334.78,0.55272
5335.68,0.55947
5336.58,0.55805
5337.48,0.56182
5338.38,0.55981
5339.28,0.56111
5340.19,0.55577
5341.08,0.5554
5341.99,0.55591
5342.89,0.55584
5343.79,0.55564
5344.69,0.55442
5345.59,0.55756
5346.49,0.55907
5347.39,0.55751
5348.29,0.56245
5349.19,0.56079
5350.09,0.56275
5350.99,0.5645
5351.89,0.57087
5352.79,0.57278
5353.69,0.57658
5354.59,0.58419
5355.49,0.58803
5356.39,0.58908
5357.29,0.59241
5358.19,0.59555
5359.09,0.59317
5359.99,0.59189
5360.89,0.59023
5361.79,0.5865
5362.69,0.58434
5363.59,0.57769
5364.49,0.57498
5365.39,0.56798
5366.29,0.56347
5367.19,0.56071
5368.09,0.55454
5368.99,0.55204
5369.89,0.54952
5370.79,0.54484
5371.69,0.54475
5372.59,0.54828
5373.49,0.55001
5374.39,0.55573
5375.29,0.56259
5376.19,0.56802
5377.09,0.57326
5378.0,0.57202
5378.9,0.57715
5379.8,0.57692
5380.7,0.57864
5381.6,0.57569
5382.5,0.57421
5383.4,0.57214
5384.3,0.57103
5385.2,0.56991
5386.1,0.57107
5387.0,0.57069
5387.9,0.5702
5388.8,0.56469
5389.7,0.56465
5390.6,0.56232
5391.5,0.559
5392.4,0.55487
5393.3,0.55135
5394.2,0.54899
5395.1,0.54751
5396.0,0.5442
5396.9,0.54203
5397.8,0.54121
5398.7,0.54179
5399.6,0.54393
5400.5,0.54247
5401.4,0.54246
5402.3,0.54406
5403.2,0.54043
5404.1,0.53598
5405.0,0.53407
5405.9,0.53058
5406.8,0.52906
5407.7,0.52626
5408.6,0.52921
5409.5,0.5301
5410.4,0.53321
5411.3,0.53633
5412.2,0.54283
5413.1,0.54803
5414.0,0.55332
5414.9,0.55635
5415.81,0.5616
5416.71,0.56632
5417.61,0.56673
5418.51,0.56961
5419.41,0.57002
5420.31,0.57026
5421.21,0.57083
5422.11,0.56826
5423.01,0.56668
5423.91,0.56458
5424.81,0.5631
5425.71,0.56219
5426.61,0.56282
5427.51,0.5593
5428.41,0.55898
5429.31,0.55679
5430.21,0.55304
5431.11,0.55045
5432.01,0.5471
5432.91,0.54261
5433.81,0.54473
5434.71,0.54317
5435.61,0.54592
5436.51,0.54896
5437.41,0.55172
5438.31,0.55792
5439.21,0.5625
5440.11,0.56788
5441.01,0.57362
5441.91,0.57569
5442.81,0.57635
5443.71,0.57457
5444.61,0.56999
5445.51,0.56766
5446.41,0.56046
5447.31,0.55709
5448.21,0.55425
5449.11,0.55219
5450.01,0.55356
5450.91,0.55474
5451.81,0.55569
5452.72,0.55385
5453.62,0.55504
5454.52,0.55431
5455.42,0.55031
5456.32,0.54967
5457.22,0.54856
5458.12,0.55194
5459.02,0.55079
5459.92,0.55586
5460.82,0.55415
5461.72,0.55545
5462.62,0.55542
5463.52,0.55421
5464.42,0.55378
5465.32,0.55709
5466.22,0.55488
5467.12,0.55257
5468.02,0.5561
5468.92,0.55588
5469.82,0.55714
5470.72,0.55701
5471.62,0.55712
5472.52,0.55256
5473.42,0.54889
5474.32,0.54648
5475.22,0.54074
5476.12,0.54025
5477.02,0.53795
5477.92,0.53467
5478.82,0.5358
5479.72,0.53464
5480.62,0.53815
5481.52,0.53958
5482.42,0.54358
5483.32,0.5459
5484.22,0.54929
5485.12,0.55098
5486.02,0.55381
5486.92,0.55469
5487.82,0.55563
5488.72,0.55847
5489.62,0.55847
5490.53,0.55506
5491.43,0.55853
5492.33,0.55624
5493.23,0.5587
5494.13,0.5587
5495.03,0.55863
5495.93,0.55804
5496.83,0.55752
5497.73,0.55786
5498.63,0.55492
5499.53,0.55483
5500.43,0.5544
5501.33,0.55388
5502.23,0.55361
5503.13,0.55381
5504.03,0.55112
5504.93,0.55047
5505.83,0.54972
5506.73,0.54725
5507.63,0.54813
5508.53,0.54607
5509.43,0.54637
5510.33,0.54583
5511.23,0.54317
5512.13,0.54439
5513.03,0.54417
5513.93,0.54332
5514.83,0.54532
5515.73,0.5471
5516.63,0.55039
5517.53,0.55322
5518.43,0.55596
5519.33,0.56177
5520.23,0.5625
5521.13,0.56631
5522.03,0.56664
5522.93,0.56752
5523.83,0.56672
5524.73,0.56282
5525.63,0.56067
5526.54,0.55635
5527.44,0.55212
5528.33,0.551
5529.24,0.54897
5530.14,0.54719
5531.04,0.54921
5531.94,0.55126
5532.84,0.55197
5533.74,0.5545
5534.64,0.55535
5535.54,0.55483
5536.44,0.55929
5537.34,0.55778
5538.24,0.55952
5539.14,0.5617
5540.04,0.56383
5540.94,0.56437
5541.84,0.5666
5542.74,0.56514
5543.64,0.56708
5544.54,0.56547
5545.44,0.56831
5546.34,0.56704
5547.24,0.57042
5548.14,0.5662
5549.04,0.57052
5549.94,0.56971
5550.84,0.57236
5551.74,0.57254
5552.64,0.56981
5553.54,0.56988
5554.44,0.56925
5555.34,0.56889
5556.24,0.567
5557.14,0.56622
5558.04,0.56109
5558.94,0.56406
5559.84,0.56217
5560.74,0.55975
5561.64,0.55961
5562.54,0.55669
5563.44,0.55535
5564.34,0.55253
5565.25,0.55287
5566.15,0.55027
5567.05,0.54937
5567.95,0.54881
5568.85,0.54898
5569.75,0.54788
5570.65,0.5506
5571.55,0.54825
5572.45,0.55089
5573.35,0.5497
5574.25,0.5518
5575.15,0.55306
5576.05,0.55625
5576.95,0.55603
5577.85,0.55737
5578.75,0.55955
5579.65,0.55844
5580.55,0.55963
5581.45,0.55889
5582.35,0.55715
5583.25,0.55411
5584.15,0.55151
5585.05,0.54912
5585.95,0.5437
5586.85,0.53619
5587.75,0.53379
5588.65,0.52989
5589.55,0.5286
5590.45,0.52625
5591.35,0.52622
5592.25,0.52866
5593.15,0.53165
5594.05,0.5356
5594.95,0.53477
5595.85,0.53827
5596.75,0.5394
5597.65,0.54007
5598.55,0.54201
5599.45,0.54013
5600.35,0.53804
5601.25,0.53818
5602.15,0.53869
5603.06,0.53804
5603.96,0.53962
5604.86,0.54611
5605.76,0.55126
5606.66,0.55396
5607.56,0.56096
5608.46,0.56059
5609.36,0.5667
5610.26,0.56986
5611.16,0.56644
5612.06,0.56746
5612.96,0.56214
5613.86,0.56196
5614.76,0.55519
5615.66,0.55011
5616.56,0.54848
5617.46,0.54605
5618.36,0.5445
5619.26,0.54374
5620.16,0.54649
5621.06,0.54543
5621.96,0.5447
5622.86,0.54963
5623.76,0.54757
5624.66,0.5457
5625.56,0.54784
5626.46,0.54533
5627.36,0.5484
5628.26,0.55015
5629.16,0.55347
5630.06,0.5534
5630.96,0.55666
5631.86,0.55812
5632.76,0.55904
5633.66,0.55664
5634.56,0.55841
5635.46,0.5559
5636.36,0.55501
5637.26,0.55226
5638.16,0.5506
5639.06,0.54916
5639.96,0.54638
5640.86,0.54764
5641.77,0.54599
5642.67,0.54542
5643.57,0.54678
5644.47,0.5463
5645.37,0.54822
5646.27,0.54976
5647.17,0.54989
5648.07,0.55225
5648.97,0.5517
5649.87,0.55291
5650.77,0.55391
5651.67,0.55542
5652.57,0.55309
5653.47,0.5535
5654.37,0.55145
5655.27,0.54857
5656.17,0.54577
5657.07,0.54253
5657.97,0.53896
5658.87,0.53631
5659.77,0.53483
5660.67,0.53228
5661.57,0.53351
5662.47,0.53555
5663.37,0.53404
5664.27,0.53919
5665.17,0.53976
5666.07,0.54296
5666.97,0.54469
5667.87,0.5446
5668.77,0.54851
5669.67,0.54876
5670.57,0.5509
5671.47,0.5533
5672.37,0.55495
5673.27,0.55855
5674.17,0.55879
5675.07,0.56136
5675.97,0.56206
5676.88,0.56207
5677.77,0.56185
5678.68,0.56299
5679.58,0.562
5680.48,0.56119
5681.38,0.55702
5682.28,0.55249
5683.18,0.55018
5684.08,0.55153
5684.98,0.54882
5685.88,0.54854
5686.78,0.54554
5687.68,0.54754
5688.58,0.54712
5689.48,0.54933
5690.38,0.54808
5691.28,0.55162
5692.18,0.55272
5693.08,0.55654
5693.98,0.5579
5694.88,0.55918
5695.78,0.56008
5696.68,0.55791
5697.58,0.55565
5698.48,0.55558
5699.38,0.55246
5700.28,0.54941
5701.18,0.5459
5702.08,0.54603
5702.98,0.54383
5703.88,0.54209
5704.78,0.53773
5705.68,0.53685
5706.58,0.53604
5707.48,0.53149
5708.38,0.52955
5709.28,0.52737
5710.18,0.52718
5711.08,0.52856
5711.98,0.53017
5712.88,0.53311
5713.78,0.53404
5714.68,0.53911
5715.59,0.54461
5716.49,0.54896
5717.39,0.55221
5718.29,0.55367
5719.19,0.55825
5720.09,0.56324
5720.99,0.56304
5721.89,0.56506
5722.79,0.56428
5723.69,0.56903
5724.59,0.56971
5725.49,0.56646
5726.39,0.56553
5727.29,0.56633
5728.19,0.56703
5729.09,0.56446
5729.99,0.56531
5730.89,0.5634
5731.79,0.56204
5732.69,0.56266
5733.59,0.56201
5734.49,0.56238
5735.39,0.56441
5736.29,0.5646
5737.19,0.56362
5738.09,0.56405
5738.99,0.56788
5739.89,0.56323
5740.79,0.56632
5741.69,0.56257
5742.59,0.56645
5743.49,0.56633
5744.39,0.56328
5745.29,0.56751
5746.19,0.56625
5747.09,0.56313
5747.99,0.56417
5748.89,0.56229
5749.79,0.56098
5750.69,0.55974
5751.59,0.55821
5752.5,0.55475
5753.4,0.5565
5754.3,0.55491
5755.2,0.55491
5756.1,0.55692
5757.0,0.55527
5757.9,0.55459
5758.8,0.55636
5759.7,0.55638
5760.6,0.55611
5761.5,0.5557
5762.4,0.55555
5763.3,0.55622
5764.2,0.55546
5765.1,0.55839
5766.0,0.56158
5766.9,0.56181
5767.8,0.56194
5768.7,0.56338
5769.6,0.56431
5770.5,0.56784
5771.4,0.56629
5772.3,0.56528
5773.2,0.56555
5774.1,0.56063
5775.0,0.56178
5775.9,0.56188
5776.8,0.55922
5777.7,0.55622
5778.6,0.55406
5779.5,0.55312
5780.4,0.55062
5781.3,0.54845
5782.2,0.54407
5783.1,0.54046
5784.0,0.53632
5784.9,0.5369
5785.8,0.53684
5786.7,0.53844
5787.6,0.54293
5788.5,0.54332
5789.41,0.54487
5790.31,0.54878
5791.21,0.54817
5792.11,0.55146
5793.01,0.5559
5793.91,0.55506
5794.81,0.55915
5795.71,0.55929
5796.61,0.5606
5797.51,0.56456
5798.41,0.56377
5799.31,0.5672
5800.21,0.56576
5801.11,0.56703
5802.01,0.5656
5802.91,0.56628
5803.81,0.56538
5804.71,0.5649
5805.61,0.56915
5806.51,0.56476
5807.41,0.5627
5808.31,0.5642
5809.21,0.56465
5810.11,0.56544
5811.01,0.56586
5811.91,0.56386
5812.81,0.56363
5813.71,0.56531
5814.61,0.56393
5815.51,0.56448
5816.41,0.567
5817.31,0.56389
5818.21,0.56477
5819.11,0.5677
5820.01,0.56602
5820.91,0.57053
5821.81,0.56787
5822.71,0.5711
5823.61,0.56956
5824.51,0.57157
5825.41,0.57252
5826.31,0.57188
5827.22,0.57348
5828.12,0.57393
5829.02,0.57349
5829.92,0.57251
5830.82,0.57252
5831.72,0.57167
5832.62,0.57254
5833.52,0.57033
5834.42,0.57281
5835.32,0.57123
5836.22,0.57059
5837.12,0.57056
5838.02,0.5705
5838.92,0.56921
5839.82,0.56862
5840.72,0.57229
5841.62,0.57131
5842.52,0.57026
5843.42,0.57255
5844.32,0.57364
5845.22,0.57088
5846.12,0.56939
5847.02,0.56676
5847.92,0.56436
5848.82,0.56401
5849.72,0.56081
5850.62,0.55906
5851.52,0.55628
5852.42,0.55267
5853.32,0.54985
5854.22,0.54763
5855.12,0.54673
5856.02,0.54226
5856.92,0.53952
5857.82,0.53975
5858.72,0.53891
5859.62,0.53843
5860.52,0.53895
5861.42,0.54056
5862.32,0.54375
5863.23,0.5448
5864.12,0.54649
5865.03,0.54799
5865.93,0.55027
5866.83,0.54917
5867.73,0.55106
5868.63,0.55273
5869.53,0.55492
5870.43,0.55547
5871.33,0.55744
5872.23,0.55706
5873.13,0.55799
5874.03,0.55678
5874.93,0.55703
5875.83,0.5565
5876.73,0.55604
5877.63,0.55493
5878.53,0.55345
5879.43,0.55237
5880.33,0.5497
5881.23,0.54926
5882.13,0.54581
5883.03,0.54449
5883.93,0.54293
5884.83,0.53858
5885.73,0.53383
5886.63,0.52692
5887.53,0.51757
5888.43,0.51153
5889.33,0.50311
5890.23,0.49337
5891.13,0.48654
5892.03,0.48028
5892.93,0.47943
5893.83,0.47645
5894.73,0.47643
5895.63,0.47928
5896.53,0.48145
5897.43,0.48568
5898.33,0.49104
5899.23,0.49774
5900.13,0.50589
5901.04,0.51005
5901.94,0.51881
5902.83,0.52504
5903.74,0.53029
5904.64,0.53379
5905.54,0.53738
5906.44,0.5385
5907.34,0.54189
5908.24,0.54222
5909.14,0.54364
5910.04,0.5419
5910.94,0.5436
5911.84,0.54322
5912.74,0.54389
5913.64,0.54065
5914.54,0.54035
5915.44,0.53924
5916.34,0.53828
5917.24,0.53743
5918.14,0.53941
5919.04,0.54033
5919.94,0.54202
5920.84,0.5427
5921.74,0.54251
5922.64,0.54232
5923.54,0.5438
5924.44,0.54479
5925.34,0.54587
5926.24,0.54369
5927.14,0.54686
5928.04,0.54609
5928.94,0.54464
5929.84,0.54468
5930.74,0.54204
5931.64,0.54186
5932.54,0.54431
5933.44,0.54242
5934.34,0.54316
5935.24,0.54313
5936.14,0.5446
5937.04,0.54597
5937.94,0.54561
5938.85,0.54394
5939.75,0.54472
5940.65,0.54471
5941.55,0.5461
5942.45,0.54822
5943.35,0.54577
5944.25,0.54638
5945.15,0.5456
5946.05,0.54454
5946.95,0.54832
5947.85,0.54731
5948.75,0.54255
5949.65,0.54422
5950.55,0.54252
5951.45,0.54081
5952.35,0.54
5953.25,0.54248
5954.15,0.54361
5955.05,0.54297
5955.95,0.54136
5956.85,0.5398
5957.75,0.5417
5958.65,0.54166
5959.55,0.54352
5960.45,0.5448
5961.35,0.54661
5962.25,0.54916
5963.15,0.54672
5964.05,0.55213
5964.95,0.54889
5965.85,0.55058
5966.75,0.55256
5967.65,0.55296
5968.55,0.55294
5969.45,0.55363
5970.35,0.55577
5971.25,0.55202
5972.15,0.55454
5973.05,0.55255
5973.95,0.55465
5974.85,0.55251
5975.75,0.5503
5976.65,0.5494
5977.56,0.54584
5978.46,0.5458
5979.36,0.54369
5980.26,0.5429
5981.16,0.54241
5982.06,0.54262
5982.96,0.5417
5983.86,0.53946
5984.76,0.5396
5985.66,0.54167
5986.56,0.54027
5987.46,0.53915
5988.36,0.54105
5989.26,0.54102
5990.16,0.54214
5991.06,0.54514
5991.96,0.54662
5992.86,0.54647
5993.76,0.54661
5994.66,0.54688
5995.56,0.54836
5996.46,0.5476
5997.36,0.54929
5998.26,0.5469
5999.16,0.54582
6000.06,0.54672
6000.96,0.54524
6001.86,0.54473
6002.76,0.54345
6003.66,0.5442
6004.56,0.54141
6005.46,0.54063
6006.36,0.54087
6007.26,0.54019
6008.16,0.53895
6009.06,0.53867
6009.96,0.53861
6010.86,0.5382
6011.76,0.53767
6012.67,0.53963
6013.56,0.53891
6014.47,0.53767
6015.37,0.53859
6016.27,0.53724
6017.17,0.53608
6018.07,0.53834
6018.97,0.53564
6019.87,0.53604
6020.77,0.5336
6021.67,0.53337
6022.57,0.5358
6023.47,0.53686
6024.37,0.5348
6025.27,0.53934
6026.17,0.53922
6027.07,0.54071
6027.97,0.54196
6028.87,0.54443
6029.77,0.54735
6030.67,0.54776
6031.57,0.55034
6032.47,0.55211
6033.37,0.55325
6034.27,0.55556
6035.17,0.55421
6036.07,0.55268
6036.97,0.55453
6037.87,0.55506
6038.77,0.55629
6039.67,0.55298
6040.57,0.55567
6041.47,0.55357
6042.37,0.55567
6043.27,0.55458
6044.17,0.55583
6045.07,0.55706
6045.97,0.55894
6046.87,0.55767
6047.77,0.55649
6048.67,0.55856
6049.57,0.55861
6050.47,0.55864
6051.38,0.55955
6052.28,0.5585
6053.18,0.55474
6054.08,0.55584
6054.98,0.55289
6055.88,0.55391
6056.78,0.55052
6057.68,0.55139
6058.58,0.55132
6059.48,0.55002
6060.38,0.54674
6061.28,0.549
6062.18,0.54925
6063.08,0.54682
6063.98,0.54745
6064.88,0.54765
6065.78,0.54788
6066.68,0.5465
6067.58,0.54642
6068.48,0.54921
6069.38,0.55279
6070.28,0.55331
6071.18,0.55576
6072.08,0.55724
6072.98,0.55779
6073.88,0.56041
6074.78,0.557
6075.68,0.55696
6076.58,0.5548
6077.48,0.55625
6078.38,0.55035
6079.28,0.54887
6080.18,0.55081
6081.08,0.54581
6081.98,0.54623
6082.88,0.54563
6083.78,0.54433
6084.68,0.5408
6085.58,0.54109
6086.48,0.54102
6087.38,0.54209
6088.28,0.54229
6089.19,0.54348
6090.09,0.54241
6090.99,0.5433
6091.89,0.54152
6092.79,0.54275
6093.69,0.53974
6094.59,0.5428
6095.49,0.54516
6096.39,0.54532
6097.29,0.54486
6098.19,0.54604
6099.09,0.54659
6099.99,0.54419
6100.89,0.54137
6101.79,0.54013
6102.69,0.53952
6103.59,0.53687
6104.49,0.53653
6105.39,0.53768
6106.29,0.53831
6107.19,0.53849
6108.09,0.5414
6108.99,0.54305
6109.89,0.54336
6110.79,0.54692
6111.69,0.54856
6112.59,0.54853
6113.49,0.54749
6114.39,0.54652
6115.29,0.54807
6116.19,0.54886
6117.09,0.54642
6117.99,0.54491
6118.89,0.54339
6119.79,0.54327
6120.69,0.53951
6121.59,0.53931
6122.49,0.53645
6123.39,0.53587
6124.29,0.53698
6125.19,0.53655
6126.1,0.53713
6127.0,0.5381
6127.9,0.53793
6128.8,0.53876
6129.7,0.53969
6130.6,0.53941
6131.5,0.54104
6132.4,0.53909
6133.3,0.53807
6134.2,0.53392
6135.1,0.53093
6136.0,0.53092
6136.9,0.52722
6137.8,0.52538
6138.7,0.51975
6139.6,0.52084
6140.5,0.52493
6141.4,0.52545
6142.3,0.52612
6143.2,0.53249
6144.1,0.53408
6145.0,0.53644
6145.9,0.53733
6146.8,0.539
6147.7,0.53795
6148.6,0.54034
6149.5,0.53888
6150.4,0.53894
6151.3,0.53958
6152.2,0.54047
6153.1,0.53709
6154.0,0.53472
6154.9,0.53489
6155.8,0.535
6156.7,0.53101
6157.6,0.52891
6158.5,0.527
6159.4,0.52151
6160.3,0.51628
6161.2,0.51127
6162.1,0.50986
6163.01,0.50709
6163.91,0.50446
6164.81,0.50148
6165.71,0.50243
6166.61,0.50085
6167.51,0.50221
6168.41,0.50229
6169.31,0.50491
6170.21,0.50726
6171.11,0.50751
6172.01,0.50866
6172.91,0.51033
6173.81,0.51412
6174.71,0.51215
6175.61,0.51669
6176.51,0.5167
6177.41,0.52055
6178.31,0.52107
6179.21,0.5231
6180.11,0.52602
6181.01,0.52846
6181.91,0.52821
6182.81,0.52855
6183.71,0.52879
6184.61,0.52812
6185.51,0.52743
6186.41,0.52426
6187.31,0.52434
6188.21,0.52025
6189.11,0.5174
6190.01,0.51672
6190.91,0.51473
6191.81,0.51455
6192.71,0.51254
6193.61,0.51442
6194.51,0.51461
6195.41,0.51709
6196.31,0.51729
6197.21,0.51925
6198.11,0.52149
6199.01,0.52285
6199.92,0.5252
6200.82,0.52533
6201.72,0.52602
6202.62,0.52533
6203.52,0.52918
6204.42,0.52911
6205.32,0.53084
6206.22,0.53081
6207.12,0.53047
6208.02,0.53117
6208.92,0.53021
6209.82,0.52791
6210.72,0.52608
6211.62,0.52364
6212.52,0.52139
6213.42,0.51814
6214.32,0.51388
6215.22,0.51401
6216.12,0.51063
6217.02,0.50844
6217.92,0.50943
6218.82,0.50649
6219.72,0.50721
6220.62,0.50639
6221.52,0.50858
6222.42,0.50833
6223.32,0.50811
6224.22,0.50986
6225.12,0.51078
6226.02,0.5121
6226.92,0.5114
6227.82,0.50894
6228.72,0.50745
6229.62,0.5083
6230.52,0.50686
6231.42,0.5042
6232.32,0.50457
6233.22,0.50354
6234.12,0.50291
6235.02,0.50614
6235.92,0.50796
6236.83,0.50688
6237.73,0.50786
6238.63,0.51036
6239.53,0.50631
6240.43,0.50797
6241.33,0.50541
6242.23,0.50526
6243.13,0.50463
6244.03,0.49975
6244.93,0.5008
6245.83,0.5007
6246.73,0.50174
6247.63,0.50204
6248.53,0.50434
6249.43,0.50205
6250.33,0.50254
6251.23,0.50296
6252.13,0.50208
6253.03,0.50112
6253.93,0.49768
6254.83,0.49586
6255.73,0.49452
6256.63,0.49344
6257.53,0.49238
6258.43,0.49176
6259.33,0.49277
6260.23,0.49424
6261.13,0.49824
6262.03,0.50026
6262.93,0.5015
6263.83,0.5066
6264.73,0.50992
6265.63,0.50966
6266.53,0.50963
6267.43,0.51094
6268.33,0.51288
6269.23,0.51387
6270.13,0.51423
6271.03,0.51757
6271.93,0.51832
6272.83,0.51609
6273.73,0.51743
6274.64,0.51761
6275.54,0.51864
6276.44,0.51773
6277.34,0.51833
6278.24,0.5177
6279.14,0.51896
6280.04,0.51635
6280.94,0.51602
6281.84,0.51482
6282.74,0.51761
6283.64,0.51965
6284.54,0.51926
6285.44,0.52123
6286.34,0.52182
6287.24,0.5234
6288.14,0.52477
6289.04,0.52362
6289.94,0.52702
6290.84,0.52497
6291.74,0.5246
6292.64,0.52327
6293.54,0.5197
6294.44,0.51915
6295.34,0.51802
6296.24,0.51767
6297.14,0.51551
6298.04,0.51439
6298.94,0.51166
6299.84,0.51147
6300.74,0.50955
6301.64,0.51056
6302.54,0.50871
6303.44,0.51079
6304.34,0.51204
6305.24,0.51639
6306.14,0.51482
6307.04,0.51891
6307.94,0.51928
6308.84,0.52062
6309.74,0.5186
6310.64,0.5229
6311.54,0.51919
6312.45,0.51769
6313.35,0.51675
6314.25,0.51639
6315.15,0.51416
6316.05,0.51114
6316.95,0.51149
6317.85,0.51123
6318.75,0.5111
6319.65,0.5094
6320.55,0.51196
6321.45,0.51087
6322.35,0.51446
6323.25,0.51608
6324.15,0.517
6325.05,0.52002
6325.95,0.5222
6326.85,0.52281
6327.75,0.52488
6328.65,0.52595
6329.55,0.52415
6330.45,0.5262
6331.35,0.5272
6332.25,0.52429
6333.15,0.52455
6334.05,0.52264
6334.95,0.52031
6335.85,0.51866
6336.75,0.51784
6337.65,0.51683
6338.55,0.51724
6339.45,0.51896
6340.35,0.51552
6341.25,0.51773
6342.15,0.51671
6343.05,0.51897
6343.95,0.51857
6344.85,0.51813
6345.75,0.51894
6346.65,0.51833
6347.55,0.51966
6348.46,0.52156
6349.35,0.52299
6350.26,0.52261
6351.16,0.52199
6352.06,0.52338
6352.96,0.52024
6353.86,0.52109
6354.76,0.52017
6355.66,0.51859
6356.56,0.51534
6357.46,0.51289
6358.36,0.51195
6359.26,0.50903
6360.16,0.50754
6361.06,0.50362
6361.96,0.50501
6362.86,0.50343
6363.76,0.50624
6364.66,0.50679
6365.56,0.50766
6366.46,0.50906
6367.36,0.51075
6368.26,0.51224
6369.16,0.51976
6370.06,0.52069
6370.96,0.52078
6371.86,0.52351
6372.76,0.52543
6373.66,0.52662
6374.56,0.52828
6375.46,0.52849
6376.36,0.52923
6377.26,0.5281
6378.16,0.5279
6379.06,0.52519
6379.96,0.52492
6380.86,0.52841
6381.76,0.52427
6382.66,0.52571
6383.56,0.52439
6384.46,0.52537
6385.36,0.52396
6386.27,0.52561
6387.17,0.52494
6388.07,0.52805
6388.97,0.52261
6389.87,0.52556
6390.77,0.52411
6391.67,0.52164
6392.57,0.52231
6393.47,0.51841
6394.37,0.51787
6395.27,0.51675
6396.17,0.52053
6397.07,0.5151
6397.97,0.51694
6398.87,0.51599
6399.77,0.51676
6400.67,0.51683
6401.57,0.51704
6402.47,0.51815
6403.37,0.52143
6404.27,0.52194
6405.17,0.52358
6406.07,0.52328
6406.97,0.52128
6407.87,0.52245
6408.77,0.52168
6409.67,0.52307
6410.57,0.52219
6411.47,0.52064
6412.37,0.52008
6413.27,0.51787
6414.17,0.52011
6415.07,0.51953
6415.97,0.51868
6416.87,0.51926
6417.77,0.51835
6418.67,0.51839
6419.57,0.51828
6420.47,0.51832
6421.37,0.51923
6422.27,0.52079
6423.17,0.51986
6424.08,0.51914
6424.98,0.52186
6425.88,0.5224
6426.78,0.52392
6427.68,0.5241
6428.58,0.52427
6429.48,0.52391
6430.38,0.52298
6431.28,0.52408
6432.18,0.5223
6433.08,0.52146
6433.98,0.52252
6434.88,0.5206
6435.78,0.52272
6436.68,0.52056
6437.58,0.52413
6438.48,0.52427
6439.38,0.52472
6440.28,0.52591
6441.18,0.52565
6442.08,0.52769
6442.98,0.5283
6443.88,0.52989
6444.78,0.52988
6445.68,0.5315
6446.58,0.53021
6447.48,0.5264
6448.38,0.52424
6449.28,0.52311
6450.18,0.52213
6451.08,0.5182
6451.98,0.51876
6452.88,0.51573
6453.78,0.51981
6454.68,0.51782
6455.58,0.51971
6456.48,0.52161
6457.38,0.52164
6458.28,0.52106
6459.18,0.52286
6460.08,0.52096
6460.98,0.52354
6461.89,0.52035
6462.79,0.52058
6463.69,0.51956
6464.59,0.52015
6465.49,0.52076
6466.39,0.52082
6467.29,0.52153
6468.19,0.52396
6469.09,0.52174
6469.99,0.52425
6470.89,0.52413
6471.79,0.52363
6472.69,0.52297
6473.59,0.52357
6474.49,0.52298
6475.39,0.52224
6476.29,0.52157
6477.19,0.51943
6478.09,0.51839
6478.99,0.51858
6479.89,0.51824
6480.79,0.51911
6481.69,0.51521
6482.59,0.51681
6483.49,0.51394
6484.39,0.5134
6485.29,0.51344
6486.19,0.51232
6487.09,0.50948
6487.99,0.51382
6488.89,0.51061
6489.79,0.50709
6490.69,0.50549
6491.59,0.50059
6492.49,0.50103
6493.39,0.49623
6494.29,0.48948
6495.19,0.4869
6496.09,0.48173
6496.99,0.47912
6497.9,0.47744
6498.79,0.4786
6499.7,0.48092
6500.6,0.48723
6501.5,0.48851
6502.4,0.4921
6503.3,0.4973
6504.2,0.50132
6505.1,0.504
6506.0,0.50484
6506.9,0.5107
6507.8,0.51442
6508.7,0.51157
6509.6,0.51251
6510.5,0.51389
6511.4,0.51444
6512.3,0.51298
6513.2,0.51275
6514.1,0.51129
6515.0,0.51118
6515.9,0.51001
6516.8,0.50928
6517.7,0.50783
6518.6,0.50897
6519.5,0.50962
6520.4,0.50682
6521.3,0.50799
6522.2,0.50929
6523.1,0.50869
6524.0,0.5108
6524.9,0.51271
6525.8,0.51352
6526.7,0.51233
6527.6,0.5111
6528.5,0.51241
6529.4,0.51181
6530.3,0.5109
6531.2,0.51366
6532.1,0.51186
6533.0,0.50913
6533.9,0.51319
6534.8,0.51164
6535.71,0.51265
6536.61,0.51326
6537.51,0.51166
6538.41,0.51249
6539.31,0.51263
6540.21,0.51325
6541.11,0.51352
6542.01,0.5095
6542.91,0.5099
6543.81,0.50886
6544.71,0.50694
6545.61,0.50336
6546.51,0.50195
6547.41,0.49905
6548.31,0.49967
6549.21,0.49845
6550.11,0.49427
6551.01,0.49226
6551.91,0.49148
6552.81,0.48932
6553.71,0.48696
6554.61,0.48387
6555.51,0.48077
6556.41,0.47351
6557.31,0.46691
6558.21,0.46013
6559.11,0.45246
6560.01,0.44305
6560.91,0.43494
6561.81,0.42758
6562.71,0.4217
6563.61,0.41416
6564.51,0.41381
6565.41,0.41637
6566.31,0.41926
6567.21,0.42455
6568.11,0.43309
6569.01,0.442
6569.91,0.44903
6570.81,0.45719
6571.71,0.46284
6572.61,0.46999
6573.52,0.4711
6574.42,0.47645
6575.32,0.47789
6576.22,0.4831
6577.12,0.48718
6578.02,0.48768
6578.92,0.48916
6579.82,0.4935
6580.72,0.49413
6581.62,0.49485
6582.52,0.49675
6583.42,0.49669
6584.32,0.4974
6585.22,0.49876
6586.12,0.5002
6587.02,0.50202
6587.92,0.50234
6588.82,0.50155
6589.72,0.49978
6590.62,0.50055
6591.52,0.4959
6592.42,0.49687
6593.32,0.49547
6594.22,0.49499
6595.12,0.49488
6596.02,0.49305
6596.92,0.49556
6597.82,0.49625
6598.72,0.49706
6599.62,0.49899
6600.52,0.49765
6601.42,0.49895
6602.32,0.50357
6603.22,0.50219
6604.12,0.50337
6605.02,0.50112
6605.92,0.5025
6606.82,0.49996
6607.72,0.49931
6608.62,0.50063
6609.52,0.49963
6610.43,0.50084
6611.33,0.49986
6612.23,0.50207
6613.13,0.50274
6614.03,0.50378
6614.93,0.50344
6615.83,0.50434
6616.73,0.50657
6617.63,0.50722
6618.53,0.50751
6619.43,0.51124
6620.33,0.50987
6621.23,0.50733
6622.13,0.50757
6623.03,0.50576
6623.93,0.50711
6624.83,0.50476
6625.73,0.50363
6626.63,0.50177
6627.53,0.50166
6628.43,0.5016
6629.33,0.50024
6630.23,0.49849
6631.13,0.50179
6632.03,0.4985
6632.93,0.49755
6633.83,0.4969
6634.73,0.49856
6635.63,0.4974
6636.53,0.49837
6637.43,0.49769
6638.33,0.49832
6639.23,0.49828
6640.13,0.49921
6641.03,0.49866
6641.93,0.49911
6642.83,0.49821
6643.73,0.50001
6644.63,0.50003
6645.53,0.49909
6646.43,0.49758
6647.34,0.49941
6648.24,0.49899
6649.14,0.49997
6650.04,0.50056
6650.94,0.50033
6651.84,0.50292
6652.74,0.50098
6653.64,0.50122
6654.54,0.49974
6655.44,0.50181
6656.34,0.50173
6657.24,0.50068
6658.14,0.49929
6659.04,0.49959
6659.94,0.4989
6660.84,0.49502
6661.74,0.49405
6662.64,0.49551
6663.54,0.49477
6664.44,0.49269
6665.34,0.49166
6666.24,0.49356
6667.14,0.49263
6668.04,0.49713
6668.94,0.49695
6669.84,0.49463
6670.74,0.49654
6671.64,0.49737
6672.54,0.49779
6673.44,0.49734
6674.34,0.50013
6675.24,0.49668
6676.14,0.49522
6677.04,0.49323
6677.94,0.49257
6678.84,0.4926
6679.74,0.49199
6680.64,0.49073
6681.54,0.4928
6682.44,0.49135
6683.34,0.49115
6684.24,0.49186
6685.15,0.49293
6686.05,0.49585
6686.95,0.49618
6687.85,0.49721
6688.75,0.49917
6689.65,0.49646
6690.55,0.49842
6691.45,0.49769
6692.35,0.49684
6693.25,0.49584
6694.15,0.49468
6695.05,0.49627
6695.95,0.49313
6696.85,0.49439
6697.75,0.49399
6698.65,0.49225
6699.55,0.49393
6700.45,0.49289
6701.35,0.4939
6702.25,0.49178
6703.15,0.49376
6704.05,0.49345
6704.95,0.49136
6705.85,0.49278
6706.75,0.49405
6707.65,0.49304
6708.55,0.49218
6709.45,0.49143
6710.35,0.49243
6711.25,0.49007
6712.15,0.48901
6713.05,0.48792
6713.95,0.48703
6714.85,0.48797
6715.75,0.48429
6716.65,0.48262
6717.55,0.48273
6718.45,0.48208
6719.35,0.48233
6720.25,0.48276
6721.16,0.48105
6722.06,0.48389
6722.96,0.48374
6723.86,0.48412
6724.76,0.48667
6725.66,0.48811
6726.56,0.48996
6727.46,0.48887
6728.36,0.48779
6729.26,0.49176
6730.16,0.49006
6731.06,0.49076
6731.96,0.49148
6732.86,0.49154
6733.76,0.49049
6734.66,0.49214
6735.56,0.49092
6736.46,0.49098
6737.36,0.49047
6738.26,0.48934
6739.16,0.48909
6740.06,0.48665
6740.96,0.48809
6741.86,0.48727
6742.76,0.48761
6743.66,0.48534
6744.56,0.48638
6745.46,0.48434
6746.36,0.48524
6747.26,0.48418
6748.16,0.48296
6749.06,0.48202
6749.96,0.48267
6750.86,0.48233
6751.76,0.48494
6752.66,0.48409
6753.56,0.4837
6754.46,0.48266
6755.36,0.48677
6756.26,0.48735
6757.16,0.48557
6758.06,0.48764
6758.97,0.48925
6759.87,0.49024
6760.77,0.49227
6761.67,0.49247
6762.57,0.49285
6763.47,0.49337
6764.37,0.49099
6765.27,0.49163
6766.17,0.49099
6767.07,0.4895
6767.97,0.48943
6768.87,0.48664
6769.77,0.48868
6770.67,0.48953
6771.57,0.48885
6772.47,0.48984
6773.37,0.48909
6774.27,0.49
6775.17,0.4919
6776.07,0.49226
6776.97,0.49497
6777.87,0.49331
6778.77,0.49321
6779.67,0.49412
6780.57,0.49208
6781.47,0.49161
6782.37,0.49071
6783.27,0.49086
6784.17,0.48964
6785.07,0.48627
6785.97,0.48562
6786.87,0.48541
6787.77,0.48598
6788.67,0.48627
6789.57,0.48605
6790.47,0.48632
6791.37,0.48742
6792.27,0.4863
6793.17,0.4865
6794.07,0.48686
6794.97,0.48748
6795.88,0.48962
6796.78,0.48748
6797.68,0.48934
6798.58,0.49071
6799.48,0.49037
6800.38,0.4893
6801.28,0.48899
6802.18,0.49046
6803.08,0.48974
6803.98,0.49158
6804.88,0.49104
6805.78,0.49138
6806.68,0.49036
6807.58,0.4902
6808.48,0.49195
6809.38,0.49161
6810.28,0.48948
6811.18,0.4877
6812.08,0.48943
6812.98,0.48799
6813.88,0.48883
6814.78,0.48963
6815.68,0.48768
6816.58,0.4881
6817.48,0.48818
6818.38,0.48951
6819.28,0.48813
6820.18,0.48723
6821.08,0.49028
6821.98,0.49044
6822.88,0.49004
6823.78,0.49189
6824.68,0.49111
6825.58,0.49124
6826.48,0.49188
6827.38,0.49348
6828.28,0.49233
6829.18,0.49217
6830.08,0.49274
6830.98,0.49113
6831.88,0.49033
6832.79,0.4926
6833.69,0.49017
6834.59,0.48997
6835.49,0.48991
6836.39,0.4908
6837.29,0.48902
6838.19,0.48787
6839.09,0.48786
6839.99,0.48483
6840.89,0.48412
6841.79,0.48129
6842.69,0.4833
6843.59,0.48276
6844.49,0.48205
6845.39,0.48389
6846.29,0.48405
6847.19,0.48443
6848.09,0.48643
6848.99,0.4855
6849.89,0.48913
6850.79,0.48746
6851.69,0.487
6852.59,0.48684
6853.49,0.48659
6854.39,0.48663
6855.29,0.48418
6856.19,0.48391
6857.09,0.484
6857.99,0.48257
6858.89,0.48368
6859.79,0.48303
6860.69,0.48318
6861.59,0.48237
6862.49,0.48258
6863.39,0.48408
6864.29,0.48393
6865.19,0.48472
6866.09,0.48362
6866.99,0.48494
6867.89,0.48485
6868.79,0.4834
6869.7,0.48384
6870.6,0.48491
6871.5,0.48416
6872.4,0.48526
6873.3,0.48392
6874.2,0.48514
6875.1,0.48703
6876.0,0.48628
6876.9,0.48612
6877.8,0.48654
6878.7,0.48754
6879.6,0.48529
6880.5,0.48689
6881.4,0.48691
6882.3,0.48879
6883.2,0.48761
6884.1,0.48587
6885.0,0.4881
6885.9,0.4877
6886.8,0.48935
6887.7,0.49029
6888.6,0.48951
6889.5,0.49284
6890.4,0.49255
6891.3,0.49137
6892.2,0.49194
6893.1,0.49223
6894.0,0.49367
6894.9,0.49374
6895.8,0.49542
6896.7,0.49444
6897.6,0.49108
6898.5,0.49383
6899.4,0.49115
6900.3,0.49178
6901.2,0.49562
6902.1,0.49349
6903.0,0.49403
6903.9,0.49457
6904.8,0.49742
6905.7,0.49416
6906.6,0.49794
6907.51,0.49674
6908.41,0.49622
6909.31,0.49538
6910.21,0.49636
6911.11,0.49529
6912.01,0.49542
6912.91,0.49544
6913.81,0.49474
6914.71,0.4924
6915.61,0.48992
6916.51,0.49087
6917.41,0.49068
6918.31,0.48802
6919.21,0.48873
6920.11,0.49039
6921.01,0.48993
6921.91,0.49026
6922.81,0.48903
6923.71,0.49021
6924.61,0.49101
6925.51,0.49092
6926.41,0.49135
6927.31,0.48942
6928.21,0.49174
6929.11,0.49258
6930.01,0.48855
6930.91,0.49115
6931.81,0.49067
6932.71,0.49145
6933.61,0.49075
6934.51,0.49317
6935.41,0.49102
6936.31,0.49041
6937.21,0.49051
6938.11,0.49268
6939.01,0.49146
6939.91,0.49209
6940.81,0.492
6941.71,0.49028
6942.61,0.48946
6943.52,0.49189
6944.42,0.48939
6945.31,0.49044
6946.22,0.48853
6947.12,0.48819
6948.02,0.48785
6948.92,0.48841
6949.82,0.48888
6950.72,0.4874
6951.62,0.48935
6952.52,0.48811
6953.42,0.48823
6954.32,0.48847
6955.22,0.49099
6956.12,0.49045
6957.02,0.49059
6957.92,0.49027
6958.82,0.49156
6959.72,0.49201
6960.62,0.49276
6961.52,0.49355
6962.42,0.49375
6963.32,0.49374
6964.22,0.49796
6965.12,0.49501
6966.02,0.49565
6966.92,0.49439
6967.82,0.49403
6968.72,0.49449
6969.62,0.49639
6970.52,0.49546
6971.42,0.49316
6972.32,0.49406
6973.22,0.49269
6974.12,0.49281
6975.02,0.48997
6975.92,0.48894
6976.82,0.48735
6977.72,0.48521
6978.62,0.48334
6979.52,0.48302
6980.42,0.4833
6981.33,0.48507
6982.23,0.4855
6983.12,0.48615
6984.03,0.48693
6984.93,0.49004
6985.83,0.49054
6986.73,0.49124
6987.63,0.49333
6988.53,0.49291
6989.43,0.49284
6990.33,0.4951
6991.23,0.49429
6992.13,0.49464
6993.03,0.49692
6993.93,0.4939
6994.83,0.49445
6995.73,0.49498
6996.63,0.49377
6997.53,0.49292
6998.43,0.49129
6999.33,0.49114
7000.23,0.49232
7001.13,0.4898
7002.03,0.49002
7002.93,0.49031
7003.83,0.48882
7004.73,0.48815
7005.63,0.48692
7006.53,0.48679
7007.43,0.48794
7008.33,0.48734
7009.23,0.48658
7010.13,0.49053
7011.03,0.48965
7011.93,0.48643
7012.83,0.48758
7013.73,0.48933
7014.63,0.4867
7015.53,0.48612
7016.43,0.4853
7017.33,0.48256
7018.23,0.48625
7019.14,0.48578
7020.04,0.48604
7020.94,0.48457
7021.84,0.48564
7022.74,0.48663
7023.64,0.48796
7024.54,0.48629
7025.44,0.48636
7026.34,0.48805
7027.24,0.48793
7028.14,0.48618
7029.04,0.48967
7029.94,0.48847
7030.84,0.48827
7031.74,0.48872
7032.64,0.48825
7033.54,0.48895
7034.44,0.49023
7035.34,0.49141
7036.24,0.48889
7037.14,0.49043
7038.04,0.49188
7038.94,0.49135
7039.84,0.4927
7040.74,0.49391
7041.64,0.4944
7042.54,0.49706
7043.44,0.49611
7044.34,0.49833
7045.24,0.50074
7046.14,0.49972
7047.04,0.49953
7047.94,0.50013
7048.84,0.49878
7049.74,0.49804
7050.64,0.49829
7051.54,0.49485
7052.44,0.49438
7053.34,0.49293
7054.25,0.48949
7055.15,0.48729
7056.04,0.48226
7056.95,0.47982
7057.85,0.47878
7058.75,0.47603
7059.65,0.4753
7060.55,0.47565
7061.45,0.47552
7062.35,0.47512
7063.25,0.47292
7064.15,0.4726
7065.05,0.47237
7065.95,0.47365
7066.85,0.47146
7067.75,0.4732
7068.65,0.47134
7069.55,0.47373
7070.45,0.47321
7071.35,0.47466
7072.25,0.47754
7073.15,0.47611
7074.05,0.47626
7074.95,0.47826
7075.85,0.47818
7076.75,0.48011
7077.65,0.47911
7078.55,0.4805
7079.45,0.48115
7080.35,0.47959
7081.25,0.47853
7082.15,0.47637
7083.05,0.47387
7083.95,0.47233
7084.85,0.47045
7085.75,0.46923
7086.65,0.46452
7087.55,0.46387
7088.45,0.45924
7089.35,0.45787
7090.25,0.4553
7091.15,0.45536
7092.06,0.4562
7092.96,0.45544
7093.85,0.45508
7094.76,0.45369
7095.66,0.45365
7096.56,0.45566
7097.46,0.45469
7098.36,0.45579
7099.26,0.45682
7100.16,0.45904
7101.06,0.45931
7101.96,0.46118
7102.86,0.45999
7103.76,0.46017
7104.66,0.46271
7105.56,0.46379
7106.46,0.46471
7107.36,0.46212
7108.26,0.46243
7109.16,0.46341
7110.06,0.46159
7110.96,0.46381
7111.86,0.46362
7112.76,0.46239
7113.66,0.46196
7114.56,0.46338
7115.46,0.46487
7116.36,0.46379
7117.26,0.46503
7118.16,0.46361
7119.06,0.46313
7119.96,0.4643
7120.86,0.46446
7121.76,0.46409
7122.66,0.46349
7123.56,0.46226
7124.46,0.46096
7125.36,0.46086
7126.26,0.45939
7127.16,0.45862
7127.27,0.45849
7128.17,0.45769
7129.07,0.45495
7129.96,0.4543
7130.86,0.45615
7131.75,0.45549
7132.65,0.45527
7133.55,0.4531
7134.44,0.45608
7135.34,0.45407
7136.23,0.45732
7137.13,0.45714
7138.03,0.46071
7138.92,0.45993
7139.82,0.45881
7140.71,0.45945
7141.61,0.45846
7142.5,0.45997
7143.4,0.4604
7144.3,0.45935
7145.19,0.45812
7146.09,0.45923
7146.98,0.45792
7147.88,0.45744
7148.78,0.45535
7149.67,0.45633
7150.57,0.45834
7151.46,0.45746
7152.36,0.45846
7153.26,0.46186
7154.15,0.45974
7155.05,0.46375
7155.94,0.46501
7156.84,0.46188
7157.74,0.46291
7158.63,0.46306
7159.53,0.46553
7160.42,0.46289
7161.32,0.46352
7162.21,0.46143
7163.11,0.46188
7164.01,0.46297
7164.9,0.46196
7165.8,0.46237
7166.69,0.46264
7167.59,0.46271
7168.49,0.4656
7169.38,0.46676
7170.28,0.4669
7171.17,0.46855
7172.07,0.46959
7172.96,0.46931
7173.86,0.46802
7174.76,0.46937
7175.65,0.46919
7176.55,0.47102
7177.44,0.46794
7178.34,0.4685
7179.24,0.46533
7180.13,0.46626
7181.03,0.46325
7181.92,0.46517
7182.82,0.46458
7183.72,0.46283
7184.61,0.46265
7185.51,0.46166
7186.4,0.45941
7187.3,0.46014
7188.19,0.46001
7189.09,0.46023
7189.99,0.46055
7190.88,0.45896
7191.78,0.45939
7192.67,0.45962
7193.57,0.46151
7194.47,0.46104
7195.36,0.46193
7196.26,0.46207
7197.15,0.46395
7198.05,0.46388
7198.95,0.46428
7199.84,0.46534
7200.74,0.46459
7201.63,0.46482
7202.53,0.46377
7203.43,0.46396
7204.32,0.4624
7205.22,0.46258
7206.11,0.46285
7207.01,0.46094
7207.9,0.46189
7208.8,0.46028
7209.7,0.46228
7210.59,0.46259
7211.49,0.46288
7212.38,0.46485
7213.28,0.46511
7214.18,0.46464
7215.07,0.46463
7215.97,0.46568
7216.86,0.468
7217.76,0.46813
7218.66,0.46813
7219.55,0.47022
7220.45,0.46988
7221.34,0.47002
7222.24,0.47112
7223.13,0.47027
7224.03,0.47099
7224.93,0.47136
7225.82,0.47411
7226.72,0.47498
7227.61,0.47509
7228.51,0.47633
7229.41,0.47704
7230.3,0.47712
7231.2,0.4769
7232.09,0.4788
7232.99,0.47951
7233.89,0.4787
7234.78,0.47979
7235.68,0.47934
7236.57,0.47907
7237.47,0.48078
7238.36,0.4794
7239.26,0.47738
7240.16,0.47636
7241.05,0.47741
7241.95,0.47754
7242.84,0.47729
7243.74,0.47613
7244.64,0.47731
7245.53,0.47605
7246.43,0.47658
7247.32,0.47831
7248.22,0.47587
7249.12,0.47694
7250.01,0.47695
7250.91,0.47716
7251.8,0.47546
7252.7,0.47741
7253.6,0.47554
7254.49,0.47467
7255.39,0.47676
7256.28,0.47791
7257.18,0.47882
7258.07,0.47831
7258.97,0.47775
7259.87,0.47765
7260.76,0.47699
7261.66,0.47862
7262.55,0.47798
7263.45,0.47923
7264.35,0.47832
7265.24,0.47941
7266.14,0.47885
7267.03,0.47833
7267.93,0.48123
7268.83,0.48045
7269.72,0.48071
7270.62,0.48231
7271.51,0.48077
7272.41,0.48045
7273.3,0.47964
7274.2,0.48063
7275.1,0.48158
7275.99,0.48043
7276.89,0.48034
7277.78,0.47956
7278.68,0.47979
7279.58,0.47742
7280.47,0.47767
7281.37,0.4762
7282.26,0.47358
7283.16,0.47255
7284.06,0.47326
7284.95,0.47245
7285.85,0.4724
7286.74,0.46964
7287.64,0.47008
7288.53,0.47006
7289.43,0.47028
7290.33,0.46944
7291.22,0.46962
7292.12,0.46807
7293.01,0.47123
7293.91,0.47092
7294.81,0.47163
7295.7,0.475
7296.6,0.47627
7297.49,0.47769
7298.39,0.4763
7299.29,0.47935
7300.18,0.4791
7301.08,0.47958
7301.97,0.48045
7302.87,0.47984
7303.76,0.48107
7304.66,0.47976
7305.56,0.48312
7306.45,0.4807
7307.35,0.48151
7308.24,0.4774
7309.14,0.47896
7310.04,0.47876
7310.93,0.47899
7311.83,0.48008
7312.72,0.48007
7313.62,0.47818
7314.52,0.48006
7315.41,0.48045
7316.31,0.48056
7317.2,0.48054
7318.1,0.47952
7318.99,0.47858
7319.89,0.48117
7320.79,0.4796
7321.68,0.47841
7322.58,0.47666
7323.47,0.47894
7324.37,0.4773
7325.27,0.47831
7326.16,0.47985
7327.06,0.47848
7327.95,0.47976
7328.85,0.48006
7329.75,0.47747
7330.64,0.48024
7331.54,0.48305
7332.43,0.48162
7333.33,0.48371
7334.22,0.48434
7335.12,0.4874
7336.02,0.48605
7336.91,0.48696
7337.81,0.48554
7338.7,0.48948
7339.6,0.48769
7340.5,0.48924
7341.39,0.48766
7342.29,0.4876
7343.18,0.48946
7344.08,0.48674
7344.98,0.48677
7345.87,0.4862
7346.77,0.48447
7347.66,0.48366
7348.56,0.48432
7349.45,0.48412
7350.35,0.48229
7351.25,0.48142
7352.14,0.4817
7353.04,0.47938
7353.93,0.4809
7354.83,0.47756
7355.73,0.47816
7356.62,0.47637
7357.52,0.47742
7358.41,0.47489
7359.31,0.4742
7360.21,0.47699
7361.1,0.47774
7362.0,0.47697
7362.89,0.47769
7363.79,0.47549
7364.69,0.47945
7365.58,0.47743
7366.48,0.47782
7367.37,0.47969
7368.27,0.48205
7369.16,0.48348
7370.06,0.48582
7370.96,0.48576
7371.85,0.48431
7372.75,0.48728
7373.64,0.48758
7374.54,0.48758
7375.44,0.48826
7376.33,0.48842
7377.23,0.48882
7378.12,0.48973
7379.02,0.4862
7379.92,0.48765
7380.81,0.48704
7381.71,0.48488
7382.6,0.48408
7383.5,0.48247
7384.39,0.48072
7385.29,0.48018
7386.19,0.47819
7387.08,0.4767
7387.98,0.474
7388.87,0.47531
7389.77,0.47505
7390.67,0.47548
7391.56,0.47466
7392.46,0.47355
7393.35,0.47472
7394.25,0.47587
7395.15,0.47701
7396.04,0.47775
7396.94,0.48119
7397.83,0.47904
7398.73,0.48015
7399.62,0.48187
7400.52,0.48079
7401.42,0.48006
7402.31,0.48075
7403.21,0.48119
7404.1,0.48174
7405.0,0.48166
7405.9,0.48145
7406.79,0.47848
7407.69,0.47733
7408.58,0.47574
7409.48,0.47359
7410.38,0.47127
7411.27,0.46901
7412.17,0.46683
7413.06,0.46582
7413.96,0.46168
7414.85,0.4612
7415.75,0.45928
7416.65,0.45952
7417.54,0.45973
7418.44,0.45878
7419.33,0.45995
7420.23,0.4618
7421.13,0.46301
7422.02,0.46452
7422.92,0.46493
7423.81,0.47065
7424.71,0.47076
7425.6,0.47223
7426.5,0.47542
7427.4,0.47667
7428.29,0.47796
7429.19,0.48008
7431.68,0.48367
7434.18,0.48558
7436.67,0.48594
7439.17,0.48489
7441.66,0.48587
7444.16,0.47844
7446.66,0.48068
7449.15,0.48312
7451.65,0.48544
7454.14,0.48622
7456.64,0.48843
7459.13,0.48602
7461.63,0.48507
7464.12,0.48398
7466.62,0.48557
7469.11,0.48695
7471.61,0.48597
7474.1,0.48695
7476.6,0.48339
7479.09,0.48589
7481.59,0.4848
7484.08,0.48243
7486.58,0.48496
7489.07,0.48346
7491.57,0.48183
7494.06,0.4808
7496.56,0.48218
7499.05,0.48195
7501.55,0.48449
7504.04,0.4872
7506.54,0.48518
7509.03,0.48437
7511.53,0.48384
7514.02,0.48471
7516.52,0.48564
7519.01,0.48696
7521.51,0.48707
7524.0,0.48543
7526.5,0.48419
7528.99,0.4847
7531.49,0.48538
7533.99,0.48733
7536.48,0.48903
7538.98,0.48993
7541.47,0.48879
7543.97,0.48863
7546.46,0.48784
7548.96,0.48696
7551.45,0.48535
7553.95,0.48544
7556.44,0.48537
7558.94,0.4852
7561.43,0.48525
7563.93,0.48488
7566.42,0.48525
7568.92,0.48567
7571.41,0.48479
7573.91,0.4852
7576.4,0.48451
7578.9,0.48497
7581.39,0.48269
7583.89,0.47967
7586.38,0.47815
7588.88,0.47423
7591.37,0.47394
7593.87,0.47348
7596.36,0.4742
7598.86,0.47235
7601.35,0.47219
7603.85,0.47159
7606.34,0.47149
7608.84,0.4709
7611.33,0.47087
7613.83,0.46978
7616.33,0.46833
7618.82,0.46739
7621.32,0.46699
7623.81,0.46783
7626.31,0.46933
7628.8,0.47053
7631.3,0.4697
7633.79,0.46985
7636.29,0.46981
7638.78,0.47003
7641.28,0.46986
7643.77,0.47004
7646.27,0.46898
7648.76,0.46984
7651.26,0.46777
7653.75,0.46327
7656.25,0.45753
7658.74,0.45426
7661.24,0.44781
7663.73,0.44509
7666.23,0.44417
7668.72,0.44472
7671.22,0.4496
7673.71,0.45382
7676.21,0.45589
7678.7,0.45736
7681.2,0.45897
7683.69,0.45861
7686.19,0.45858
7688.69,0.45891
7691.18,0.45744
7693.68,0.45486
7696.17,0.45398
7698.67,0.4527
7701.16,0.45229
7703.66,0.4541
7706.15,0.45501
7708.65,0.45262
7711.14,0.4504
7713.64,0.44837
7716.13,0.44752
7718.63,0.45004
7721.12,0.45123
7723.62,0.45314
7726.11,0.45482
7728.61,0.4559
7731.1,0.45856
7733.6,0.45976
7736.09,0.46307
7738.59,0.46235
7741.08,0.46028
7743.58,0.4581
7746.07,0.45405
7748.57,0.4491
7751.06,0.44862
7753.56,0.45069
7756.05,0.45273
7758.55,0.45655
7761.04,0.45964
7763.54,0.45962
7766.03,0.46111
7768.53,0.46048
7771.03,0.46263
7773.52,0.4626
7776.02,0.46348
7778.51,0.46274
7781.01,0.46205
7783.5,0.45908
7786.0,0.45783
7788.49,0.4556
7790.99,0.45687
7793.48,0.4558
7795.98,0.45544
7798.47,0.45667
7800.97,0.4556
7803.46,0.45682
7805.96,0.4573
7808.45,0.45807
7810.95,0.45789
7813.44,0.45974
7815.94,0.46146
7818.43,0.46291
7820.93,0.46276
7823.42,0.46196
7825.92,0.46017
7828.41,0.4575
7830.91,0.45509
7833.4,0.45225
7835.9,0.44905
7838.39,0.45035
7840.89,0.45249
7843.38,0.45352
7845.88,0.45571
7848.38,0.4552
7850.87,0.45519
7853.37,0.45529
7855.86,0.45449
7858.36,0.45519
7860.85,0.45547
7863.35,0.45737
7865.84,0.45684
7868.34,0.4561
7870.83,0.45419
7873.33,0.45383
7875.82,0.45332
7878.32,0.45266
7880.81,0.45293
7883.31,0.45214
7885.8,0.45288
7888.3,0.45324
7890.79,0.4538
7893.29,0.45225
7895.78,0.45081
7898.28,0.44855
7900.77,0.44947
7903.27,0.4491
7905.76,0.448
7908.26,0.44559
7910.75,0.44463
7913.25,0.44089
7915.74,0.43938
7918.24,0.43955
7920.73,0.44003
7923.23,0.4409
7925.73,0.44203
7928.22,0.44215
7930.71,0.4423
7933.21,0.44041
7935.71,0.43826
7938.2,0.43634
7940.7,0.43426
7943.19,0.43367
7945.69,0.43366
7948.18,0.43556
7950.68,0.43964
7953.17,0.44192
7955.67,0.44382
7958.16,0.44551
7960.66,0.44571
7963.15,0.44676
7965.65,0.44656
7968.14,0.44867
7970.64,0.44981
7973.13,0.44974
7975.63,0.44932
7978.12,0.44851
7980.62,0.44626
7983.11,0.4463
7985.61,0.44539
7988.1,0.44538
7990.6,0.445
7993.09,0.44431
7995.59,0.4425
7998.08,0.44122
8000.58,0.44155
8003.07,0.44357
8005.57,0.44586
8008.06,0.44839
8010.56,0.4507
8013.06,0.45213
8015.55,0.45272
8018.05,0.45228
8020.54,0.45232
8023.04,0.44894
8025.53,0.44661
8028.03,0.44369
8030.52,0.44564
8033.02,0.44676
8035.51,0.45015
8038.01,0.45097
8040.5,0.45095
8043.0,0.44912
8045.49,0.44557
8047.99,0.44293
8050.48,0.44292
8052.98,0.44377
8055.47,0.44645
8057.97,0.4484
8060.46,0.44939
8062.96,0.44918
8065.45,0.44783
8067.95,0.44525
8070.44,0.44243
8072.94,0.44138
8075.43,0.44132
8077.93,0.4416
8080.42,0.44199
8082.92,0.44175
8085.41,0.44126
8087.91,0.44028
8090.4,0.43872
8092.9,0.43768
8095.4,0.43622
8097.89,0.43704
8100.39,0.43857
8102.88,0.43944
8105.38,0.44071
8107.87,0.44071
8110.37,0.44045
8112.86,0.44034
8115.36,0.43867
8117.85,0.43849
8120.35,0.4393
8122.84,0.44205
8125.34,0.44154
8127.83,0.44361
8130.33,0.44462
8132.82,0.44254
8135.32,0.44335
8137.81,0.44331
8140.31,0.44341
8142.8,0.44318
8145.3,0.44257
8147.79,0.44277
8150.29,0.44388
8152.78,0.44388
8155.28,0.44364
8157.77,0.44333
8160.27,0.44283
8162.76,0.44184
8165.26,0.44213
8167.75,0.4439
8170.25,0.44377
8172.75,0.44385
8175.24,0.44315
8177.74,0.44209
8180.23,0.43901
8182.73,0.43657
8185.22,0.43347
8187.72,0.43379
8190.21,0.43317
8192.71,0.43242
8195.2,0.43096
8197.7,0.4298
8200.19,0.42905
8202.69,0.42885
8205.18,0.43058
8207.68,0.43085
8210.17,0.43188
8212.67,0.43284
8215.16,0.43317
8217.66,0.43388
8220.15,0.4355
8222.65,0.43765
8225.14,0.43845
8227.64,0.43974
8230.13,0.44106
8232.63,0.44017
8235.12,0.44091
8237.62,0.4399
8240.11,0.43858
8242.61,0.43936
8245.1,0.43908
8247.6,0.43861
8250.1,0.43797
8252.59,0.43705
8255.08,0.43752
8257.58,0.43669
8260.08,0.43814
8262.57,0.43915
8265.07,0.44028
8267.56,0.44058
8270.06,0.43971
8272.55,0.4381
8275.05,0.43832
8277.54,0.43861
8280.04,0.43724
8282.53,0.43724
8285.03,0.43783
8287.52,0.43698
8290.02,0.43567
8292.51,0.43448
8295.01,0.43317
8297.5,0.43178
8300.0,0.43134
8302.49,0.43022
8304.99,0.42837
8307.48,0.42675
8309.98,0.42513
8312.47,0.42727
8314.97,0.42801
8317.46,0.42946
8319.96,0.43088
8322.46,0.42974
8324.95,0.42709
8327.44,0.42355
8329.94,0.42114
8332.43,0.41918
8334.93,0.41945
8337.43,0.41996
8339.92,0.42094
8342.42,0.42252
8344.91,0.42309
8347.41,0.42405
8349.9,0.42347
8352.4,0.42455
8354.89,0.42608
8357.39,0.42661
8359.88,0.42673
8362.38,0.42544
8364.87,0.42527
8367.37,0.42433
8369.86,0.42642
8372.36,0.4267
8374.85,0.42676
8377.35,0.42548
8379.84,0.42104
8382.34,0.41904
8384.83,0.41656
8387.33,0.4151
8389.82,0.41609
8392.32,0.41826
8394.81,0.42072
8397.31,0.42352
8399.8,0.42549
8402.3,0.42861
8404.79,0.42801
8407.29,0.42732
8409.79,0.42785
8412.28,0.42628
8414.78,0.42555
8417.27,0.4243
8419.77,0.42432
8422.26,0.42083
8424.76,0.42093
8427.25,0.41914
8429.75,0.4179
8432.24,0.41537
8434.74,0.41414
8437.23,0.4117
8439.73,0.41036
8442.22,0.41289
8444.72,0.41523
8447.21,0.41658
8449.71,0.41764
8452.2,0.41782
8454.7,0.41763
8457.19,0.41785
8459.69,0.41656
8462.18,0.41519
8464.68,0.41237
8467.17,0.41075
8469.67,0.409
8472.16,0.40955
8474.66,0.41123
8477.15,0.41398
8479.65,0.41588
8482.14,0.41617
8484.64,0.41542
8487.13,0.41474
8489.63,0.41076
8492.12,0.40435
8494.62,0.3944
8497.12,0.38452
8499.61,0.37666
8502.11,0.37703
8504.6,0.38311
8507.1,0.39168
8509.59,0.39891
8512.09,0.40192
8514.58,0.40188
8517.08,0.40122
8519.57,0.40127
8522.07,0.40348
8524.56,0.40418
8527.06,0.40413
8529.55,0.4023
8532.05,0.39741
8534.54,0.38647
8537.04,0.37036
8539.53,0.34959
8542.03,0.33361
8544.52,0.32741
8547.02,0.33384
8549.51,0.34925
8552.01,0.3685
8554.5,0.38485
8557.0,0.39618
8559.49,0.40279
8561.99,0.40463
8564.48,0.40702
8566.98,0.40801
8569.47,0.40753
8571.97,0.40884
8574.47,0.40895
8576.96,0.40907
8579.46,0.41001
8581.95,0.40978
8584.45,0.41027
8586.94,0.41054
8589.44,0.40987
8591.93,0.40927
8594.43,0.40922
8596.92,0.40815
8599.42,0.40744
8601.91,0.40742
8604.41,0.40738
8606.9,0.40678
8609.4,0.40635
8611.89,0.40799
8614.39,0.40515
8616.88,0.40638
8619.38,0.40723
8621.87,0.40634
8624.37,0.4083
8626.86,0.40724
8629.36,0.40927
8631.85,0.41107
8634.35,0.41109
8636.84,0.41138
8639.34,0.41281
8641.83,0.41285
8644.33,0.41339
8646.83,0.41027
8649.32,0.40694
8651.82,0.4027
8654.31,0.3939
8656.8,0.38071
8659.3,0.36487
8661.8,0.34847
8664.29,0.34202
8666.79,0.34443
8669.28,0.35641
8671.78,0.3699
8674.27,0.38418
8676.77,0.39176
8679.26,0.39667
8681.76,0.39817
8684.25,0.39797
8686.75,0.39792
8689.24,0.39687
8691.74,0.39746
8694.23,0.39846
8696.73,0.39998
8699.22,0.40274
8701.72,0.40236
8704.21,0.40365
8706.71,0.40472
8709.2,0.40414
8711.7,0.40312
8714.19,0.40334
8716.69,0.40481
8719.18,0.40675
8721.68,0.40736
8724.17,0.41017
8726.67,0.41028
8729.17,0.40965
8731.66,0.40919
8734.16,0.40795
8736.65,0.40707
8739.15,0.40651
8741.64,0.40499
8744.14,0.40454
8746.63,0.40343
8749.13,0.40251
8751.62,0.40005
8754.12,0.40014
8756.61,0.40078
8759.11,0.40216
8761.6,0.40295
8764.1,0.40431
8766.59,0.40429
8769.09,0.40435
8771.58,0.40431
8774.08,0.40413
8776.57,0.40507
8779.07,0.40632
8781.56,0.40706
8784.06,0.40909
8786.55,0.4088
8789.05,0.40924
8791.54,0.40791
8794.04,0.40658
8796.53,0.40421
8799.03,0.40259
8801.52,0.40045
8804.02,0.39595
8806.51,0.39291
8809.01,0.39228
8811.5,0.39358
8814.0,0.39715
8816.5,0.40268
8818.99,0.40397
8821.49,0.40397
8823.98,0.40304
8826.48,0.40363
8828.97,0.40456
8831.47,0.40502
8833.96,0.40785
8836.46,0.40823
8838.95,0.40805
8841.45,0.40844
8843.94,0.40858
8846.44,0.4109
8848.93,0.41156
8851.43,0.41233
8853.92,0.41233
8856.42,0.40893
8858.91,0.405
8861.41,0.40167
8863.9,0.39603
8866.4,0.39364
8868.89,0.39375
8871.39,0.39376
8873.88,0.39643
8876.38,0.3973
8878.87,0.39922
8881.37,0.39966
8883.87,0.40106
8886.36,0.40195
8888.86,0.40397
8891.35,0.4028
8893.84,0.40321
8896.34,0.40351
8898.84,0.40207
8901.33,0.40311
8903.83,0.4025
8906.32,0.40206
8908.82,0.40112
8911.31,0.40125
8913.81,0.40024
8916.3,0.39852
8918.8,0.39707
8921.29,0.39724
8923.79,0.39465
8926.28,0.39396
8928.78,0.39383
8931.27,0.39404
8933.77,0.39434
8936.26,0.39569
8938.76,0.39525
8941.25,0.39544
8943.75,0.39389
8946.24,0.39286
8948.74,0.39361
8951.23,0.39508
8953.73,0.39671
8956.22,0.39799
8958.72,0.40021
8961.21,0.40149
8963.71,0.40006
8966.2,0.39925
8968.7,0.39832
8971.2,0.39692
8973.69,0.39677
8976.19,0.3956
8978.68,0.39667
8981.18,0.3971
8983.67,0.39834
8986.17,0.39845
8988.66,0.39842
8991.16,0.39863
8993.65,0.39805
8996.15,0.3978
8998.64,0.39573
9001.14,0.39423
9003.63,0.39078
9006.13,0.38948
9008.62,0.38446
9011.12,0.37982
9013.61,0.37484
9016.11,0.37349
9018.6,0.37257
9021.1,0.37488
9023.59,0.37781
9026.09,0.38208
9028.58,0.38546
9031.08,0.38949
9033.57,0.39273
9036.07,0.39472
9038.56,0.3961
9041.06,0.39766
9043.55,0.39811
9046.05,0.39877
9048.54,0.39771
9051.04,0.39966
9053.54,0.39789
9056.03,0.39755
9058.53,0.3958
9061.02,0.39531
9063.52,0.39353
9066.01,0.39274
9068.51,0.3933
9071.0,0.39421
9073.5,0.39447
9075.99,0.39292
9078.49,0.39153
9080.98,0.38962
9083.48,0.38668
9085.97,0.38312
9088.47,0.38219
9090.96,0.38067
9093.46,0.38136
9095.95,0.38296
9098.45,0.3856
9100.94,0.38784
9103.44,0.38932
9105.93,0.38974
9108.43,0.38916
9110.92,0.38919
9113.42,0.38823
9115.91,0.38721
9118.41,0.38693
9120.9,0.38599
9123.4,0.38833
9125.89,0.39007
9128.39,0.39193
9130.88,0.39217
9133.38,0.39218
9135.88,0.39054
9138.37,0.38731
9140.87,0.38467
9143.36,0.38174
9145.86,0.37978
9148.35,0.37892
9150.85,0.3785
9153.34,0.38044
9155.84,0.38131
9158.33,0.38123
9160.83,0.38078
9163.32,0.37841
9165.82,0.37647
9168.31,0.37516
9170.81,0.37055
9173.3,0.37035
9175.8,0.36991
9178.29,0.37067
9180.79,0.37229
9183.28,0.37482
9185.78,0.37558
9188.27,0.37498
9190.77,0.37443
9193.26,0.37419
9195.76,0.37281
9198.25,0.37274
9200.75,0.37208
9203.24,0.37187
9205.74,0.37071
9208.24,0.36867
9210.73,0.36818
9213.23,0.36627
9215.72,0.36635
9218.22,0.36579
9220.71,0.36674
9223.21,0.36511
9225.7,0.36498
9228.2,0.36448
9230.69,0.36321
9233.19,0.36296
9235.68,0.36311
9238.18,0.36397
9240.67,0.36579
9243.17,0.36721
9245.66,0.36751
9248.16,0.36643
9250.65,0.36767
9253.15,0.36543
9255.64,0.36624
9258.14,0.36502
9260.63,0.36627
9263.13,0.36858
9265.62,0.37075
9268.12,0.37283
9270.61,0.37292
9273.11,0.37313
9275.6,0.37226
9278.1,0.37083
9280.59,0.37007
9283.09,0.36841
9285.58,0.36708
9288.08,0.3659
9290.58,0.36537
9293.07,0.36532
9295.57,0.36481
9298.06,0.36562
9300.56,0.36517
9303.05,0.36696
9305.55,0.36673
9308.04,0.36714
9310.54,0.36706
9313.03,0.36746
9315.53,0.36579
9318.02,0.36669
9320.52,0.36547
9323.01,0.36547
9325.51,0.36563
9328.0,0.36567
9330.5,0.36607
9332.99,0.36679
9335.49,0.36783
9337.98,0.36775
9340.48,0.3665
9342.97,0.36661
9345.47,0.36465
9347.96,0.36433
9350.46,0.36295
9352.95,0.36083
9355.45,0.35963
9357.94,0.35844
9360.44,0.35622
9362.93,0.35685
9365.43,0.35723
9367.92,0.35806
9370.42,0.35705
9372.92,0.35729
9375.41,0.35845
9377.91,0.35805
9380.4,0.35777
9382.9,0.35736
9385.39,0.35648
9387.89,0.35637
9390.38,0.35515
9392.88,0.35656
9395.37,0.3567
9397.87,0.35579
9400.36,0.35424
9402.86,0.35309
9405.35,0.35028
9407.85,0.34806
9410.34,0.34714
9412.84,0.345
9415.33,0.3452
9417.83,0.34503
9420.32,0.34745
9422.82,0.34893
9425.31,0.35213
9427.81,0.35226
9430.3,0.3512
9432.8,0.35124
9435.29,0.35041
9437.79,0.35029
9440.28,0.34848
9442.78,0.34919
9445.27,0.34856
9447.77,0.34884
9450.27,0.34917
9452.76,0.35
9455.25,0.35088
9457.75,0.35181
9460.25,0.35326
9462.74,0.35429
9465.24,0.35522
9467.73,0.35543
9470.23,0.35513
9472.72,0.3562
9475.22,0.35669
9477.71,0.35678
9480.21,0.35607
9482.7,0.35577
9485.2,0.35647
9487.69,0.35706
9490.19,0.35666
9492.68,0.35763
9495.18,0.35752
9497.67,0.35846
9500.17,0.3577
9502.66,0.35836
9505.16,0.35905
9507.65,0.35811
9510.15,0.35816
9512.64,0.35746
9515.14,0.35887
9517.63,0.35924
9520.13,0.36002
9522.62,0.36002
9525.12,0.36084
9527.61,0.36014
9530.11,0.35954
9532.61,0.35861
9535.1,0.35716
9537.6,0.35566
9540.09,0.35211
9542.59,0.34897
9545.08,0.34604
9547.58,0.34518
9550.07,0.34667
9552.57,0.3487
9555.06,0.35071
9557.56,0.35503
9560.05,0.35685
9562.55,0.35853
9565.04,0.35928
9567.54,0.35804
9570.03,0.35577
9572.53,0.35568
9575.02,0.35448
9577.52,0.35427
9580.01,0.35558
9582.51,0.35585
9585.0,0.35767
9587.5,0.35768
9589.99,0.35784
9592.49,0.35826
9594.98,0.35686
9597.48,0.35628
9599.97,0.3538
9602.47,0.35269
9604.96,0.3528
9607.46,0.35364
9609.96,0.3546
9612.45,0.35507
9614.95,0.35553
9617.44,0.35597
9619.94,0.35485
9622.43,0.35541
9624.93,0.35415
9627.42,0.35376
9629.92,0.35418
9632.41,0.35329
9634.91,0.35173
9637.4,0.35128
9639.9,0.34974
9642.39,0.3493
9644.89,0.34897
9647.38,0.34849
9649.88,0.34914
9652.37,0.34825
9654.87,0.34832
9657.36,0.34949
9659.86,0.3475
9662.35,0.34822
9664.85,0.34747
9667.34,0.34792
9669.84,0.3477
9672.33,0.34727
9674.83,0.3467
9677.32,0.34655
9679.82,0.34688
9682.31,0.348
9684.81,0.34898
9687.3,0.34817
9689.8,0.34741
9692.29,0.34715
9694.79,0.34713
9697.29,0.34784
9699.78,0.34719
9702.28,0.34727
9704.77,0.3462
9707.27,0.34677
9709.76,0.34686
9712.26,0.34889
9714.75,0.34859
9717.25,0.34869
9719.74,0.34804
9722.24,0.34746
9724.73,0.3464
9727.23,0.3451
9729.72,0.34467
9732.22,0.34382
9734.71,0.34373
9737.21,0.34362
9739.7,0.3406
9742.2,0.34079
9744.69,0.34101
9747.19,0.34214
9749.68,0.34308
9752.18,0.34527
9754.67,0.3452
9757.17,0.3472
9759.66,0.34791
9762.16,0.34708
9764.65,0.34618
9767.15,0.34506
9769.64,0.34359
9772.14,0.34506
9774.64,0.34406
9777.13,0.34351
9779.63,0.34273
9782.12,0.34153
9784.62,0.34053
9787.11,0.33822
9789.61,0.34004
9792.1,0.34179
9794.6,0.3431
9797.09,0.34545
9799.59,0.34632
9802.08,0.34818
9804.58,0.34809
9807.07,0.34832
9809.57,0.34859
9812.06,0.34894
9814.56,0.34904
9817.05,0.34902
9819.55,0.34891
9822.04,0.34876
9824.54,0.34878
9827.03,0.34843
9829.53,0.34744
9832.02,0.34707
9834.52,0.34588
9837.01,0.34766
9839.51,0.34753
9842.0,0.34756
9844.5,0.34849
9847.0,0.34823
9849.49,0.34786
9851.99,0.34815
9854.48,0.3475
9856.98,0.34785
9859.47,0.34796
9861.97,0.34731
9864.46,0.34618
9866.96,0.34601
9869.45,0.34588
9871.95,0.34651
9874.44,0.34635
9876.94,0.34712
9879.43,0.347
9881.93,0.34723
9884.42,0.34596
9886.92,0.34547
9889.41,0.34492
9891.91,0.34393
9894.4,0.34378
9896.9,0.34338
9899.39,0.34254
9901.89,0.34335
9904.38,0.34211
9906.88,0.34278
9909.37,0.3422
9911.87,0.3425
9914.36,0.34144
9916.86,0.34129
9919.35,0.34152
9921.85,0.34137
9924.34,0.34096
9926.84,0.33968
9929.33,0.33997
9931.83,0.34026
9934.33,0.3407
9936.82,0.34136
9939.32,0.3414
9941.81,0.34173
9944.31,0.34162
9946.8,0.34068
9949.3,0.34198
9951.79,0.34069
9954.29,0.34154
9956.78,0.34233
9959.28,0.34262
9961.77,0.34299
9964.27,0.34369
9966.76,0.34361
9969.26,0.34343
9971.75,0.34348
9974.25,0.34287
9976.74,0.3427
9979.24,0.34153
9981.73,0.34216
9984.23,0.34199
9986.72,0.3415
9989.22,0.34111
9991.71,0.34069
9994.21,0.34019
9996.7,0.33915
9999.2,0.33902
10001.7,0.3392
10004.2,0.33896
10006.7,0.33917
10009.2,0.33939
10011.7,0.34045
10014.2,0.34095
10016.7,0.34192
10019.2,0.34305
10021.7,0.34353
10024.2,0.34203
10026.6,0.34262
10029.1,0.34104
10031.6,0.33924
10034.1,0.33826
10036.6,0.33593
10039.1,0.33482
10041.6,0.33464
10044.1,0.33357
10046.6,0.33149
10049.1,0.33056
10051.6,0.32922
10054.1,0.32827
10056.6,0.32929
10059.1,0.32971
10061.6,0.33116
10064.1,0.3318
10066.6,0.33345
10069.1,0.33509
10071.6,0.33608
10074.1,0.3371
10076.5,0.33688
10079.0,0.33821
10081.5,0.33642
10084.0,0.33656
10086.5,0.3368
10089.0,0.33714
10091.5,0.33905
10094.0,0.33921
10096.5,0.33965
10099.0,0.34014
10101.5,0.34055
10104.0,0.33998
10106.5,0.3399
10109.0,0.33949
10111.5,0.33899
10114.0,0.33746
10116.5,0.33788
10119.0,0.33653
10121.5,0.33663
10124.0,0.3362
10126.5,0.33703
10128.9,0.33674
10131.4,0.33668
10133.9,0.33668
10136.4,0.33617
10138.9,0.3349
10141.4,0.33459
10143.9,0.33323
10146.4,0.33242
10148.9,0.33238
10151.4,0.33355
10153.9,0.33243
10156.4,0.33452
10158.9,0.33432
10161.4,0.33432
10163.9,0.33505
10166.4,0.33449
10168.9,0.33398
10171.4,0.33344
10173.9,0.33444
10176.4,0.33372
10178.9,0.33508
10181.3,0.33428
10183.8,0.33448
10186.3,0.33356
10188.8,0.33284
10191.3,0.33259
10193.8,0.33105
10196.3,0.33134
10198.8,0.33086
10201.3,0.33161
10203.8,0.33214
10206.3,0.33213
10208.8,0.33075
10211.3,0.33095
10213.8,0.33047
10216.3,0.33035
10218.8,0.32927
10221.3,0.32931
10223.8,0.32983
10226.3,0.3297
10228.8,0.33074
10231.2,0.33139
10233.7,0.33137
10236.2,0.33268
10238.7,0.33156
10241.2,0.33154
10243.7,0.33127
10246.2,0.33136
10248.7,0.33153
10251.2,0.33097
10253.7,0.3317
10256.2,0.32982
10258.7,0.32914
10261.2,0.32957
10263.7,0.32866
10266.2,0.32863
10268.7,0.32872
10271.2,0.32784
10273.7,0.32876
10276.2,0.32981
10278.7,0.32964
10281.2,0.32918
10283.6,0.32852
10286.1,0.32869
10288.6,0.32814
10291.1,0.32795
10293.6,0.32811
10296.1,0.32744
10298.6,0.32772
10301.1,0.32823
10303.6,0.32767
10306.1,0.3276
10308.6,0.32806
10311.1,0.32864
10313.6,0.32887
10316.1,0.32845
10318.6,0.32767
10321.1,0.32633
10323.6,0.32568
10326.1,0.3237
10328.6,0.32255
10331.1,0.32089
10333.5,0.32093
10336.0,0.32087
10338.5,0.32046
10341.0,0.32118
10343.5,0.31974
10346.0,0.32003
10348.5,0.32098
10351.0,0.32197
10353.5,0.32331
10356.0,0.32438
10358.5,0.32557
10361.0,0.32536
10363.5,0.32573
10366.0,0.32583
10368.5,0.32469
10371.0,0.32367
10373.5,0.32268
10376.0,0.32189
10378.5,0.32158
10381.0,0.32277
10383.5,0.32203
10385.9,0.32272
10388.4,0.32244
10390.9,0.32251
10393.4,0.32162
10395.9,0.31984
10398.4,0.31965
10400.9,0.31929
10403.4,0.32066
10405.9,0.32092
10408.4,0.32206
10410.9,0.32349
10413.4,0.32401
10415.9,0.32375
10418.4,0.32344
10420.9,0.32256
10423.4,0.32176
10425.9,0.32171
10428.4,0.32114
10430.9,0.32079
10433.4,0.32176
10435.9,0.3226
10438.3,0.323
10440.8,0.32318
10443.3,0.32318
10445.8,0.3227
10448.3,0.3233
10450.8,0.32227
10453.3,0.32143
10455.8,0.3206
10458.3,0.31997
10460.8,0.32036
10463.3,0.31923
10465.8,0.31982
10468.3,0.31932
10470.8,0.31962
10473.3,0.31856
10475.8,0.31954
10478.3,0.31988
10480.8,0.3203
10483.3,0.32028
10485.8,0.32045
10488.2,0.32
10490.7,0.32015
10493.2,0.31818
10495.7,0.31758
10498.2,0.31704
10500.7,0.31652
10503.2,0.31772
10505.7,0.3174
10508.2,0.31824
10510.7,0.31819
10513.2,0.31789
10515.7,0.31843
10518.2,0.31898
10520.7,0.31915
10523.2,0.31871
10525.7,0.31827
10528.2,0.31848
10530.7,0.31741
10533.2,0.31713
10535.7,0.31711
10538.2,0.31663
10540.6,0.31725
10543.1,0.31714
10545.6,0.31749
10548.1,0.31832
10550.6,0.3173
10553.1,0.31735
10555.6,0.31772
10558.1,0.31668
10560.6,0.31758
10563.1,0.31646
10565.6,0.3173
10568.1,0.31693
10570.6,0.31719
10573.1,0.31614
10575.6,0.31482
10578.1,0.31373
10580.6,0.31168
10583.1,0.30914
10585.6,0.30836
10588.1,0.30851
10590.6,0.30917
10593.0,0.31071
10595.5,0.31201
10598.0,0.31261
10600.5,0.31283
10603.0,0.31232
10605.5,0.31066
10608.0,0.31043
10610.5,0.31049
10613.0,0.31054
10615.5,0.31172
10618.0,0.31207
10620.5,0.31271
10623.0,0.31294
10625.5,0.31335
10628.0,0.31256
10630.5,0.31365
10633.0,0.31415
10635.5,0.31499
10638.0,0.31414
10640.5,0.31495
10642.9,0.31432
10645.4,0.31384
10647.9,0.31354
10650.4,0.31211
10652.9,0.31127
10655.4,0.31025
10657.9,0.30875
10660.4,0.30751
10662.9,0.30641
10665.4,0.30619
10667.9,0.30609
10670.4,0.30696
10672.9,0.30792
10675.4,0.30829
10677.9,0.30772
10680.4,0.30807
10682.9,0.3069
10685.4,0.30655
10687.9,0.30512
10690.4,0.30431
10692.9,0.30384
10695.3,0.30443
10697.8,0.30563
10700.3,0.3066
10702.8,0.30797
10705.3,0.30878
10707.8,0.3095
10710.3,0.30985
10712.8,0.31
10715.3,0.30949
10717.8,0.3098
10720.3,0.30878
10722.8,0.30752
10725.3,0.30508
10727.8,0.30431
10730.3,0.30248
10732.8,0.30236
10735.3,0.30312
10737.8,0.30431
10740.3,0.30527
10742.8,0.30562
10745.3,0.30584
10747.7,0.30499
10750.2,0.30368
10752.7,0.30381
10755.2,0.30387
10757.7,0.30523
10760.2,0.30553
10762.7,0.30671
10765.2,0.30815
10767.7,0.30809
10770.2,0.30743
10772.7,0.3067
10775.2,0.3052
10777.7,0.3038
10780.2,0.30281
10782.7,0.30082
10785.2,0.30068
10787.7,0.29903
10790.2,0.29988
10792.7,0.30172
10795.2,0.30242
10797.6,0.30366
10800.1,0.30422
10802.6,0.30444
10805.1,0.30417
10807.6,0.30337
10810.1,0.30219
10812.6,0.30027
10815.1,0.29894
10817.6,0.29812
10820.1,0.29798
10822.6,0.29652
10825.1,0.29611
10827.6,0.29523
10830.1,0.29529
10832.6,0.29673
10835.1,0.29762
10837.6,0.29938
10840.1,0.29974
10842.6,0.30092
10845.1,0.30105
10847.6,0.30164
10850.0,0.30219
10852.5,0.30219
10855.0,0.30265
10857.5,0.30343
10860.0,0.30151
10862.5,0.30054
10865.0,0.29853
10867.5,0.29562
10870.0,0.29361
10872.5,0.29169
10875.0,0.29127
10877.5,0.29087
10880.0,0.2917
10882.5,0.29247
10885.0,0.29258
10887.5,0.29317
10890.0,0.29385
10892.5,0.29463
10895.0,0.29572
10897.5,0.297
10900.0,0.29823
10902.4,0.29853
10904.9,0.29896
10907.4,0.29814
10909.9,0.29841
10912.4,0.29787
10914.9,0.29735
10917.4,0.29586
10919.9,0.29454
10922.4,0.29315
10924.9,0.29182
10927.4,0.28962
10929.9,0.28794
10932.4,0.28629
10934.9,0.28485
10937.4,0.28411
10939.9,0.28426
10942.4,0.28414
10944.9,0.28549
10947.4,0.28675
10949.9,0.28808
10952.3,0.2871
10954.8,0.28721
10957.3,0.2858
10959.8,0.28441
10962.3,0.28136
10964.8,0.27962
10967.3,0.27787
10969.8,0.27669
10972.3,0.27621
10974.8,0.27652
10977.3,0.2765
10979.8,0.27706
10982.3,0.27735
10984.8,0.27904
10987.3,0.27962
10989.8,0.27967
10992.3,0.27975
10994.8,0.27977
10997.3,0.2795
10999.8,0.2797
