wave,flux
3700.85,0.37683
3701.75,0.3729
3702.65,0.36596
3703.55,0.35239
3704.45,0.33774
3705.35,0.32867
3706.25,0.32409
3707.15,0.32372
3708.05,0.32652
3708.96,0.3316
3709.86,0.33473
3710.76,0.33703
3711.66,0.34146
3712.56,0.35067
3713.46,0.35969
3714.36,0.37448
3715.26,0.38434
3716.16,0.39271
3717.06,0.39456
3717.96,0.38862
3718.86,0.37338
3719.76,0.35489
3720.66,0.33486
3721.56,0.31758
3722.46,0.3111
3723.36,0.31569
3724.26,0.32899
3725.16,0.34659
3726.06,0.3637
3726.96,0.3774
3727.86,0.38422
3728.76,0.38629
3729.66,0.38671
3730.56,0.37913
3731.46,0.36565
3732.36,0.34649
3733.26,0.32546
3734.16,0.30384
3735.06,0.28871
3735.96,0.28656
3736.86,0.29241
3737.76,0.30894
3738.66,0.33326
3739.56,0.35863
3740.46,0.37976
3741.36,0.39437
3742.26,0.39966
3743.16,0.39674
3744.06,0.39031
3744.96,0.37802
3745.86,0.36238
3746.76,0.34418
3747.67,0.32448
3748.57,0.30864
3749.47,0.29533
3750.37,0.29025
3751.27,0.29738
3752.17,0.31636
3753.07,0.34117
3753.97,0.36577
3754.87,0.39025
3755.77,0.40498
3756.67,0.41439
3757.57,0.41219
3758.47,0.40782
3759.37,0.40291
3760.27,0.40125
3761.17,0.40263
3762.07,0.40888
3762.97,0.41432
3763.87,0.41739
3764.77,0.41742
3765.67,0.41366
3766.57,0.4035
3767.47,0.38924
3768.37,0.37563
3769.27,0.36258
3770.17,0.34943
3771.07,0.34353
3771.97,0.34899
3772.87,0.35698
3773.77,0.37409
3774.67,0.39052
3775.57,0.4093
3776.47,0.42444
3777.37,0.44038
3778.27,0.45245
3779.17,0.46863
3780.07,0.47686
3780.97,0.49036
3781.87,0.49786
3782.77,0.50161
3783.67,0.5016
3784.57,0.49844
3785.47,0.49179
3786.38,0.48331
3787.28,0.47039
3788.18,0.46226
3789.08,0.45335
3789.98,0.44679
3790.88,0.44005
3791.78,0.43195
3792.68,0.42045
3793.58,0.40744
3794.48,0.39084
3795.38,0.37041
3796.28,0.35004
3797.18,0.33157
3798.08,0.32104
3798.98,0.32044
3799.88,0.33066
3800.78,0.35027
3801.68,0.37583
3802.58,0.40306
3803.48,0.42916
3804.38,0.44889
3805.28,0.4635
3806.18,0.46842
3807.08,0.47609
3807.98,0.48547
3808.88,0.49312
3809.78,0.49947
3810.68,0.50517
3811.58,0.50672
3812.48,0.502
3813.38,0.49831
3814.28,0.48707
3815.18,0.48151
3816.08,0.47941
3816.98,0.47923
3817.88,0.48159
3818.78,0.48043
3819.68,0.47922
3820.58,0.47898
3821.48,0.47141
3822.38,0.46784
3823.28,0.46164
3824.18,0.45329
3825.09,0.44322
3825.99,0.43345
3826.89,0.42377
3827.79,0.41475
3828.69,0.40511
3829.59,0.39374
3830.49,0.38436
3831.39,0.36631
3832.29,0.34806
3833.19,0.32865
3834.09,0.3068
3834.99,0.29329
3835.89,0.28584
3836.79,0.28464
3837.69,0.29231
3838.59,0.30574
3839.49,0.32343
3840.39,0.34554
3841.29,0.36873
3842.19,0.39202
3843.09,0.41622
3843.99,0.43675
3844.89,0.4535
3845.79,0.46854
3846.69,0.48182
3847.59,0.48884
3848.49,0.49506
3849.39,0.49818
3850.29,0.5023
3851.19,0.50834
3852.09,0.5131
3852.99,0.51646
3853.89,0.51856
3854.79,0.5196
3855.69,0.51741
3856.59,0.51397
3857.49,0.50888
3858.39,0.50215
3859.29,0.50062
3860.19,0.5014
3861.09,0.50307
3861.99,0.51158
3862.9,0.52073
3863.8,0.52959
3864.7,0.53529
3865.6,0.53724
3866.5,0.53717
3867.4,0.53515
3868.3,0.53327
3869.2,0.53331
3870.1,0.52774
3871.0,0.52056
3871.9,0.5098
3872.8,0.5019
3873.7,0.49564
3874.6,0.49183
3875.5,0.49153
3876.4,0.48932
3877.3,0.48491
3878.2,0.48094
3879.1,0.47398
3880.0,0.46844
3880.9,0.46333
3881.8,0.46
3882.7,0.45252
3883.6,0.44462
3884.5,0.42766
3885.4,0.41015
3886.3,0.39033
3887.2,0.36748
3888.1,0.34754
3889.0,0.33493
3889.9,0.33074
3890.8,0.33614
3891.7,0.35288
3892.6,0.3716
3893.5,0.39164
3894.4,0.40888
3895.3,0.42601
3896.2,0.44123
3897.1,0.44858
3898.0,0.46124
3898.9,0.46984
3899.8,0.47721
3900.7,0.48146
3901.6,0.49051
3902.51,0.4918
3903.41,0.49311
3904.31,0.49491
3905.21,0.495
3906.11,0.49776
3907.01,0.50291
3907.91,0.5085
3908.81,0.51674
3909.71,0.52832
3910.61,0.54229
3911.51,0.54425
3912.41,0.54772
3913.31,0.54949
3914.21,0.54606
3915.11,0.54281
3916.01,0.53999
3916.91,0.53526
3917.81,0.52866
3918.71,0.52437
3919.61,0.52081
3920.51,0.51655
3921.41,0.51239
3922.31,0.50936
3923.21,0.51082
3924.11,0.50652
3925.01,0.50087
3925.91,0.49148
3926.81,0.47742
3927.71,0.45321
3928.61,0.42694
3929.51,0.39402
3930.41,0.35836
3931.31,0.3201
3932.21,0.28101
3933.11,0.2513
3934.01,0.23164
3934.91,0.22821
3935.81,0.24127
3936.71,0.26707
3937.61,0.30303
3938.51,0.34295
3939.42,0.38322
3940.32,0.41684
3941.22,0.44393
3942.12,0.4599
3943.02,0.47618
3943.92,0.48554
3944.82,0.49521
3945.72,0.50098
3946.62,0.50823
3947.52,0.51552
3948.42,0.51754
3949.32,0.51914
3950.22,0.52225
3951.12,0.52601
3952.02,0.52481
3952.92,0.5251
3953.82,0.52752
3954.72,0.52474
3955.62,0.52422
3956.52,0.5198
3957.42,0.51257
3958.32,0.50585
3959.22,0.49841
3960.12,0.4885
3961.02,0.47317
3961.92,0.455
3962.82,0.42947
3963.72,0.40513
3964.62,0.37484
3965.52,0.34047
3966.42,0.30382
3967.32,0.26682
3968.22,0.23643
3969.12,0.21427
3970.02,0.20575
3970.92,0.21207
3971.82,0.23219
3972.72,0.26157
3973.62,0.29819
3974.52,0.33314
3975.42,0.36873
3976.32,0.40118
3977.22,0.42853
3978.13,0.45432
3979.03,0.47335
3979.93,0.49222
3980.83,0.50336
3981.73,0.51416
3982.63,0.52091
3983.53,0.52733
3984.43,0.53273
3985.33,0.53679
3986.23,0.54441
3987.13,0.54982
3988.03,0.55696
3988.93,0.56283
3989.83,0.56826
3990.73,0.57338
3991.63,0.58055
3992.53,0.58006
3993.43,0.58429
3994.33,0.58316
3995.23,0.57992
3996.13,0.57676
3997.03,0.57211
3997.93,0.57197
3998.83,0.57191
3999.73,0.57789
4000.63,0.58328
4001.53,0.58961
4002.43,0.59248
4003.33,0.5944
4004.23,0.59232
4005.13,0.58667
4006.03,0.58404
4006.93,0.58224
4007.83,0.58381
4008.73,0.59012
4009.63,0.59747
4010.53,0.60312
4011.43,0.60754
4012.33,0.60777
4013.23,0.60766
4014.13,0.607
4015.03,0.61098
4015.93,0.61134
4016.84,0.61281
4017.74,0.61291
4018.64,0.61441
4019.54,0.61704
4020.44,0.6176
4021.34,0.61865
4022.24,0.61916
4023.14,0.61596
4024.04,0.61761
4024.94,0.6172
4025.84,0.62209
4026.74,0.61777
4027.64,0.62255
4028.54,0.6217
4029.44,0.61751
4030.34,0.61054
4031.24,0.6
4032.14,0.59378
4033.04,0.58803
4033.94,0.59032
4034.84,0.59359
4035.74,0.60324
4036.64,0.61292
4037.54,0.6236
4038.44,0.63026
4039.34,0.63685
4040.24,0.63532
4041.14,0.63241
4042.04,0.62578
4042.94,0.61879
4043.84,0.6089
4044.74,0.60364
4045.64,0.59179
4046.54,0.59021
4047.44,0.59186
4048.34,0.59695
4049.24,0.60657
4050.14,0.61599
4051.04,0.61951
4051.94,0.62225
4052.84,0.62092
4053.74,0.61895
4054.65,0.61325
4055.55,0.61125
4056.45,0.60814
4057.35,0.6054
4058.25,0.60569
4059.15,0.608
4060.05,0.60944
4060.95,0.60865
4061.85,0.60441
4062.75,0.6001
4063.65,0.59488
4064.55,0.59179
4065.45,0.58898
4066.35,0.58878
4067.25,0.59009
4068.15,0.5967
4069.05,0.60091
4069.95,0.60425
4070.85,0.60433
4071.75,0.60167
4072.65,0.5988
4073.55,0.59825
4074.45,0.5929
4075.35,0.58681
4076.25,0.57749
4077.15,0.57014
4078.05,0.56387
4078.95,0.56118
4079.85,0.56911
4080.75,0.5743
4081.65,0.57786
4082.55,0.58637
4083.45,0.58847
4084.35,0.58837
4085.25,0.58929
4086.15,0.58895
4087.05,0.59203
4087.95,0.59722
4088.85,0.60298
4089.75,0.6047
4090.65,0.59878
4091.55,0.5957
4092.45,0.59052
4093.36,0.5836
4094.26,0.57173
4095.16,0.5616
4096.06,0.54602
4096.96,0.52824
4097.86,0.50791
4098.76,0.48621
4099.66,0.4628
4100.56,0.43993
4101.46,0.42035
4102.36,0.40997
4103.26,0.40924
4104.16,0.41952
4105.06,0.43915
4105.96,0.45971
4106.86,0.48156
4107.76,0.50319
4108.66,0.51873
4109.56,0.53111
4110.46,0.5396
4111.36,0.55056
4112.26,0.56028
4113.16,0.56795
4114.06,0.57399
4114.96,0.58296
4115.86,0.58902
4116.76,0.59434
4117.66,0.59348
4118.56,0.5938
4119.46,0.59105
4120.36,0.59116
4121.26,0.5896
4122.16,0.59267
4123.06,0.59367
4123.96,0.59722
4124.86,0.60001
4125.76,0.60328
4126.66,0.6065
4127.56,0.60758
4128.46,0.6024
4129.36,0.5981
4130.26,0.59859
4131.17,0.59459
4132.06,0.59296
4132.97,0.58812
4133.87,0.59071
4134.77,0.59154
4135.67,0.59487
4136.57,0.60357
4137.47,0.61447
4138.37,0.61937
4139.27,0.62444
4140.17,0.62791
4141.07,0.62156
4141.97,0.6196
4142.87,0.61026
4143.77,0.60497
4144.67,0.59923
4145.57,0.60131
4146.47,0.60579
4147.37,0.61004
4148.27,0.61504
4149.17,0.61782
4150.07,0.61672
4150.97,0.6156
4151.87,0.61659
4152.77,0.61463
4153.67,0.61105
4154.57,0.60651
4155.47,0.60842
4156.37,0.60945
4157.27,0.60943
4158.17,0.61102
4159.07,0.61667
4159.97,0.62102
4160.87,0.62732
4161.77,0.62829
4162.67,0.63066
4163.57,0.63327
4164.47,0.63321
4165.37,0.63019
4166.27,0.63055
4167.17,0.62884
4168.07,0.62429
4168.98,0.62399
4169.88,0.61637
4170.78,0.61168
4171.68,0.60111
4172.58,0.59508
4173.48,0.59123
4174.38,0.58807
4175.28,0.58566
4176.18,0.58698
4177.08,0.58791
4177.98,0.59563
4178.88,0.59791
4179.78,0.60107
4180.68,0.60506
4181.58,0.60984
4182.48,0.61227
4183.38,0.61003
4184.28,0.61262
4185.18,0.61226
4186.08,0.6113
4186.98,0.60914
4187.88,0.60873
4188.78,0.60953
4189.68,0.61211
4190.58,0.61245
4191.48,0.61422
4192.38,0.61839
4193.28,0.62448
4194.18,0.62383
4195.08,0.62192
4195.98,0.61572
4196.88,0.60823
4197.78,0.60316
4198.68,0.59956
4199.58,0.59434
4200.48,0.59191
4201.38,0.59028
4202.28,0.59067
4203.18,0.59219
4204.08,0.596
4204.98,0.59936
4205.88,0.60368
4206.79,0.60846
4207.69,0.61232
4208.59,0.61832
4209.49,0.61925
4210.39,0.62362
4211.29,0.6233
4212.19,0.62015
4213.09,0.62064
4213.99,0.61836
4214.89,0.61256
4215.79,0.6092
4216.69,0.60665
4217.59,0.60739
4218.49,0.60614
4219.39,0.6133
4220.29,0.61759
4221.19,0.61906
4222.09,0.61391
4222.99,0.61019
4223.89,0.59834
4224.79,0.58549
4225.69,0.57363
4226.59,0.56337
4227.49,0.55761
4228.39,0.55995
4229.29,0.56816
4230.19,0.58384
4231.09,0.59321
4231.99,0.60095
4232.89,0.60726
4233.79,0.60233
4234.69,0.60395
4235.59,0.60235
4236.49,0.59844
4237.39,0.59438
4238.29,0.59505
4239.19,0.59788
4240.09,0.60138
4240.99,0.60583
4241.89,0.60956
4242.79,0.61286
4243.69,0.61409
4244.59,0.61765
4245.5,0.61569
4246.4,0.6087
4247.3,0.60514
4248.2,0.60091
4249.1,0.59582
4250.0,0.59318
4250.9,0.59227
4251.8,0.59595
4252.7,0.59969
4253.6,0.60446
4254.5,0.60432
4255.4,0.60414
4256.3,0.6098
4257.2,0.61145
4258.1,0.60828
4259.0,0.60593
4259.9,0.60195
4260.8,0.6037
4261.7,0.59987
4262.6,0.60566
4263.5,0.60994
4264.4,0.61765
4265.3,0.62044
4266.2,0.62343
4267.1,0.62262
4268.0,0.62023
4268.9,0.61251
4269.8,0.60531
4270.7,0.59319
4271.6,0.5841
4272.5,0.57895
4273.4,0.57635
4274.3,0.57379
4275.2,0.57805
4276.1,0.5831
4277.0,0.59219
4277.9,0.59732
4278.8,0.60262
4279.7,0.60448
4280.6,0.60334
4281.5,0.60219
4282.4,0.60006
4283.31,0.5977
4284.21,0.59044
4285.11,0.58853
4286.01,0.58399
4286.91,0.5763
4287.81,0.57017
4288.71,0.567
4289.61,0.55974
4290.51,0.55425
4291.41,0.5536
4292.31,0.55851
4293.21,0.55902
4294.11,0.56425
4295.01,0.5674
4295.91,0.56504
4296.81,0.55746
4297.71,0.54812
4298.61,0.53864
4299.51,0.52728
4300.41,0.51743
4301.31,0.50855
4302.21,0.50363
4303.11,0.50327
4304.01,0.50375
4304.91,0.50739
4305.81,0.50592
4306.71,0.50548
4307.61,0.50261
4308.51,0.50452
4309.41,0.50464
4310.31,0.50492
4311.21,0.50981
4312.11,0.5199
4313.01,0.52795
4313.91,0.53789
4314.81,0.5513
4315.71,0.56545
4316.61,0.58283
4317.51,0.59292
4318.41,0.60399
4319.31,0.61212
4320.21,0.61087
4321.12,0.60816
4322.02,0.5979
4322.92,0.58433
4323.82,0.57548
4324.72,0.56328
4325.62,0.55394
4326.52,0.5535
4327.42,0.55263
4328.32,0.55715
4329.22,0.56236
4330.12,0.56999
4331.02,0.57489
4331.92,0.57136
4332.82,0.57398
4333.72,0.56682
4334.62,0.55887
4335.52,0.54426
4336.42,0.52455
4337.32,0.50448
4338.22,0.47934
4339.12,0.45438
4340.02,0.43192
4340.92,0.42268
4341.82,0.41873
4342.72,0.42836
4343.62,0.44381
4344.52,0.4645
4345.42,0.48756
4346.32,0.50973
4347.22,0.52676
4348.12,0.54065
4349.02,0.5501
4349.92,0.55388
4350.82,0.55578
4351.72,0.55749
4352.62,0.55582
4353.52,0.55686
4354.42,0.56235
4355.32,0.56935
4356.22,0.57717
4357.12,0.58282
4358.02,0.5914
4358.92,0.59641
4359.83,0.60095
4360.73,0.60527
4361.63,0.61152
4362.53,0.6133
4363.43,0.61872
4364.33,0.62551
4365.23,0.62138
4366.13,0.62421
4367.03,0.62149
4367.93,0.61887
4368.83,0.61445
4369.73,0.61239
4370.63,0.60954
4371.53,0.60757
4372.43,0.60384
4373.33,0.60326
4374.23,0.59821
4375.13,0.59725
4376.03,0.5975
4376.93,0.59972
4377.83,0.60405
4378.73,0.60958
4379.63,0.61212
4380.53,0.61283
4381.43,0.60611
4382.33,0.59862
4383.23,0.59141
4384.13,0.58486
4385.03,0.57522
4385.93,0.57678
4386.83,0.57822
4387.73,0.58416
4388.63,0.59363
4389.53,0.59656
4390.43,0.60379
4391.33,0.60576
4392.23,0.60957
4393.13,0.6104
4394.03,0.61061
4394.93,0.61053
4395.83,0.61129
4396.73,0.61022
4397.64,0.6167
4398.54,0.61385
4399.44,0.61272
4400.34,0.61535
4401.24,0.61297
4402.14,0.61301
4403.04,0.6117
4403.94,0.60881
4404.84,0.60856
4405.74,0.60691
4406.64,0.60813
4407.54,0.60449
4408.44,0.60974
4409.34,0.61185
4410.24,0.61884
4411.14,0.6235
4412.04,0.62868
4412.94,0.62809
4413.84,0.63073
4414.74,0.62656
4415.64,0.62381
4416.54,0.62207
4417.44,0.62052
4418.34,0.61983
4419.24,0.62482
4420.14,0.62546
4421.04,0.63136
4421.94,0.634
4422.84,0.63386
4423.74,0.63409
4424.64,0.63345
4425.54,0.63301
4426.44,0.63128
4427.34,0.63312
4428.24,0.6292
4429.14,0.63013
4430.04,0.62834
4430.94,0.62671
4431.84,0.62837
4432.74,0.62682
4433.64,0.6253
4434.54,0.62419
4435.45,0.62205
4436.35,0.62267
4437.25,0.62535
4438.15,0.62877
4439.05,0.6321
4439.95,0.63398
4440.85,0.63299
4441.75,0.63317
4442.65,0.6275
4443.55,0.6225
4444.45,0.62048
4445.35,0.62167
4446.25,0.6233
4447.15,0.62789
4448.05,0.63121
4448.95,0.63204
4449.85,0.6344
4450.75,0.63699
4451.65,0.63346
4452.55,0.62908
4453.45,0.62665
4454.35,0.6195
4455.25,0.61542
4456.15,0.60892
4457.05,0.60644
4457.95,0.60692
4458.85,0.60537
4459.75,0.60654
4460.65,0.60499
4461.55,0.6102
4462.45,0.61377
4463.35,0.61354
4464.25,0.61686
4465.15,0.62123
4466.05,0.62281
4466.95,0.62219
4467.85,0.62374
4468.75,0.62292
4469.65,0.62157
4470.55,0.6243
4471.45,0.62663
4472.35,0.63246
4473.25,0.64269
4474.16,0.64743
4475.06,0.65093
4475.96,0.65347
4476.86,0.6555
4477.76,0.6567
4478.66,0.64956
4479.56,0.64538
4480.46,0.64254
4481.36,0.6359
4482.26,0.63445
4483.16,0.63274
4484.06,0.63472
4484.96,0.63985
4485.86,0.64006
4486.76,0.64474
4487.66,0.6451
4488.56,0.64587
4489.46,0.63991
4490.36,0.6416
4491.26,0.64191
4492.16,0.63882
4493.06,0.6398
4493.96,0.64066
4494.86,0.64
4495.76,0.64264
4496.66,0.64373
4497.56,0.64332
4498.46,0.64721
4499.36,0.65086
4500.26,0.65281
4501.16,0.65455
4502.06,0.65876
4502.96,0.66314
4503.86,0.66309
4504.76,0.66973
4505.66,0.67045
4506.56,0.67173
4507.46,0.67141
4508.36,0.67342
4509.26,0.67266
4510.17,0.67038
4511.06,0.66951
4511.97,0.66545
4512.87,0.66708
4513.77,0.66149
4514.67,0.65925
4515.57,0.65948
4516.47,0.65658
4517.37,0.65254
4518.27,0.6506
4519.17,0.64824
4520.07,0.64851
4520.97,0.64667
4521.87,0.64601
4522.77,0.64562
4523.67,0.64065
4524.57,0.63759
4525.47,0.63263
4526.37,0.6289
4527.27,0.62201
4528.17,0.61745
4529.07,0.61716
4529.97,0.61456
4530.87,0.61293
4531.77,0.61056
4532.67,0.61099
4533.57,0.61049
4534.47,0.60877
4535.37,0.61228
4536.27,0.6156
4537.17,0.62364
4538.07,0.62793
4538.97,0.64016
4539.87,0.64351
4540.77,0.64625
4541.67,0.64833
4542.57,0.64767
4543.47,0.65081
4544.37,0.64469
4545.27,0.6426
4546.17,0.64006
4547.07,0.63568
4547.97,0.62979
4548.88,0.62807
4549.77,0.62408
4550.68,0.62211
4551.58,0.62173
4552.48,0.61925
4553.38,0.6209
4554.28,0.62313
4555.18,0.62412
4556.08,0.62517
4556.98,0.62929
4557.88,0.63597
4558.78,0.64117
4559.68,0.64599
4560.58,0.6512
4561.48,0.65286
4562.38,0.64956
4563.28,0.65149
4564.18,0.64846
4565.08,0.64707
4565.98,0.64928
4566.88,0.64938
4567.78,0.6509
4568.68,0.65246
4569.58,0.65049
4570.48,0.65095
4571.38,0.64861
4572.28,0.65075
4573.18,0.65051
4574.08,0.64877
4574.98,0.65017
4575.88,0.65216
4576.78,0.65315
4577.68,0.65158
4578.58,0.64706
4579.48,0.64929
4580.38,0.64403
4581.28,0.63765
4582.18,0.63509
4583.08,0.63201
4583.98,0.63448
4584.88,0.6358
4585.78,0.63879
4586.69,0.64138
4587.58,0.63957
4588.49,0.64602
4589.39,0.64831
4590.29,0.64796
4591.19,0.64802
4592.09,0.64706
4592.99,0.64693
4593.89,0.64898
4594.79,0.64824
4595.69,0.64621
4596.59,0.64641
4597.49,0.65046
4598.39,0.64775
4599.29,0.64769
4600.19,0.652
4601.09,0.64753
4601.99,0.64828
4602.89,0.6464
4603.79,0.64877
4604.69,0.64813
4605.59,0.64958
4606.49,0.6527
4607.39,0.65653
4608.29,0.65922
4609.19,0.66052
4610.09,0.66105
4610.99,0.66486
4611.89,0.66123
4612.79,0.66246
4613.69,0.66114
4614.59,0.66234
4615.49,0.65937
4616.39,0.65822
4617.29,0.65706
4618.19,0.6559
4619.09,0.65485
4619.99,0.65676
4620.89,0.66014
4621.79,0.65699
4622.69,0.65775
4623.59,0.65901
4624.5,0.66171
4625.4,0.66093
4626.3,0.66254
4627.2,0.66212
4628.1,0.66044
4629.0,0.661
4629.9,0.65956
4630.8,0.6585
4631.7,0.65907
4632.6,0.65889
4633.5,0.65774
4634.4,0.65693
4635.3,0.65395
4636.2,0.65458
4637.1,0.65379
4638.0,0.65414
4638.9,0.65378
4639.8,0.65776
4640.7,0.65811
4641.6,0.65791
4642.5,0.65612
4643.4,0.65903
4644.3,0.66038
4645.2,0.6586
4646.1,0.65753
4647.0,0.65461
4647.9,0.64714
4648.8,0.64832
4649.7,0.6512
4650.6,0.64826
4651.5,0.64656
4652.4,0.64957
4653.3,0.64714
4654.2,0.64902
4655.1,0.6468
4656.0,0.64886
4656.9,0.64957
4657.8,0.6505
4658.7,0.65615
4659.6,0.65932
4660.5,0.66436
4661.4,0.66538
4662.3,0.66164
4663.21,0.66258
4664.11,0.65936
4665.01,0.65321
4665.91,0.64694
4666.81,0.64175
4667.71,0.64051
4668.61,0.63441
4669.51,0.6344
4670.41,0.63505
4671.31,0.6383
4672.21,0.64328
4673.11,0.64836
4674.01,0.6502
4674.91,0.65102
4675.81,0.65665
4676.71,0.65565
4677.61,0.65797
4678.51,0.65444
4679.41,0.65474
4680.31,0.65279
4681.21,0.64931
4682.11,0.65044
4683.01,0.64913
4683.91,0.65165
4684.81,0.65302
4685.71,0.65532
4686.61,0.65467
4687.51,0.65688
4688.41,0.65649
4689.31,0.65597
4690.21,0.65572
4691.11,0.65646
4692.01,0.65688
4692.91,0.65998
4693.81,0.66134
4694.71,0.6626
4695.61,0.66643
4696.51,0.66528
4697.41,0.66206
4698.31,0.66161
4699.21,0.65701
4700.12,0.65381
4701.02,0.65333
4701.92,0.64654
4702.82,0.64516
4703.72,0.64321
4704.62,0.64242
4705.52,0.64217
4706.42,0.64061
4707.32,0.64308
4708.22,0.64125
4709.12,0.63997
4710.02,0.64138
4710.92,0.64274
4711.82,0.64619
4712.72,0.64816
4713.62,0.65106
4714.52,0.65246
4715.42,0.65538
4716.32,0.65516
4717.22,0.65735
4718.12,0.6598
4719.02,0.66152
4719.92,0.66185
4720.82,0.66093
4721.72,0.66578
4722.62,0.6677
4723.52,0.66566
4724.42,0.66422
4725.32,0.66452
4726.22,0.66249
4727.12,0.65947
4728.02,0.65859
4728.92,0.65263
4729.82,0.65219
4730.72,0.64928
4731.62,0.64849
4732.52,0.64725
4733.42,0.64536
4734.32,0.64866
4735.22,0.65064
4736.12,0.65247
4737.02,0.65083
4737.92,0.65065
4738.83,0.65105
4739.73,0.65256
4740.63,0.65353
4741.53,0.6541
4742.43,0.65762
4743.33,0.6562
4744.23,0.65808
4745.13,0.66039
4746.03,0.66045
4746.93,0.65913
4747.83,0.65991
4748.73,0.6641
4749.63,0.66094
4750.53,0.66054
4751.43,0.66171
4752.33,0.65992
4753.23,0.65598
4754.13,0.6576
4755.03,0.65555
4755.93,0.65331
4756.83,0.64998
4757.73,0.65076
4758.63,0.64958
4759.53,0.64974
4760.43,0.64742
4761.33,0.64772
4762.23,0.64456
4763.13,0.64234
4764.03,0.63924
4764.93,0.63688
4765.83,0.63784
4766.73,0.6387
4767.63,0.63881
4768.53,0.64087
4769.43,0.64434
4770.33,0.64834
4771.23,0.65082
4772.13,0.64755
4773.03,0.6525
4773.93,0.65402
4774.83,0.65667
4775.73,0.65592
4776.64,0.65667
4777.54,0.65673
4778.44,0.65449
4779.34,0.65773
4780.24,0.65474
4781.14,0.65303
4782.04,0.65033
4782.94,0.64936
4783.84,0.64872
4784.74,0.64669
4785.64,0.64486
4786.54,0.64553
4787.44,0.64433
4788.34,0.63917
4789.24,0.6417
4790.14,0.64075
4791.04,0.64369
4791.94,0.64618
4792.84,0.65058
4793.74,0.65155
4794.64,0.65614
4795.54,0.65912
4796.44,0.65783
4797.34,0.65855
4798.24,0.65556
4799.14,0.65721
4800.04,0.65347
4800.94,0.65242
4801.84,0.65269
4802.74,0.65268
4803.64,0.65284
4804.54,0.65102
4805.44,0.64965
4806.34,0.64941
4807.24,0.64906
4808.14,0.64935
4809.04,0.64944
4809.94,0.65181
4810.84,0.6517
4811.74,0.65294
4812.64,0.65296
4813.54,0.65771
4814.45,0.65791
4815.35,0.65607
4816.25,0.65807
4817.15,0.66036
4818.05,0.6595
4818.95,0.65908
4819.85,0.65812
4820.75,0.65798
4821.65,0.65156
4822.55,0.65238
4823.45,0.6508
4824.35,0.64646
4825.25,0.64456
4826.15,0.64386
4827.05,0.64381
4827.95,0.6437
4828.85,0.64457
4829.75,0.64375
4830.65,0.63996
4831.55,0.64072
4832.45,0.64008
4833.35,0.64079
4834.25,0.63658
4835.15,0.63986
4836.05,0.63812
4836.95,0.63499
4837.85,0.63737
4838.75,0.63709
4839.65,0.63094
4840.55,0.63109
4841.45,0.63015
4842.35,0.62615
4843.25,0.62642
4844.15,0.62494
4845.05,0.62672
4845.95,0.62476
4846.85,0.62588
4847.75,0.62205
4848.65,0.6191
4849.55,0.6138
4850.45,0.61339
4851.35,0.60805
4852.26,0.60575
4853.16,0.59925
4854.06,0.59348
4854.96,0.5865
4855.86,0.57346
4856.76,0.5613
4857.66,0.54577
4858.56,0.52709
4859.46,0.5112
4860.36,0.49609
4861.26,0.48113
4862.16,0.47167
4863.06,0.4707
4863.96,0.47649
4864.86,0.48718
4865.76,0.50589
4866.66,0.52269
4867.56,0.53975
4868.46,0.5537
4869.36,0.56283
4870.26,0.56915
4871.16,0.57568
4872.06,0.57884
4872.96,0.58237
4873.86,0.58812
4874.76,0.59355
4875.66,0.59583
4876.56,0.6033
4877.46,0.60589
4878.36,0.61145
4879.26,0.61479
4880.16,0.61825
4881.06,0.62068
4881.96,0.62295
4882.86,0.6258
4883.76,0.6229
4884.66,0.62517
4885.56,0.62191
4886.46,0.61868
4887.36,0.61918
4888.26,0.61757
4889.17,0.61807
4890.07,0.61823
4890.97,0.61865
4891.87,0.61932
4892.77,0.6258
4893.67,0.63055
4894.57,0.64103
4895.47,0.6469
4896.37,0.65134
4897.27,0.65509
4898.17,0.659
4899.07,0.65846
4899.97,0.65601
4900.87,0.65405
4901.77,0.65039
4902.67,0.64778
4903.57,0.64754
4904.47,0.6444
4905.37,0.6453
4906.27,0.64358
4907.17,0.6473
4908.07,0.64491
4908.97,0.64412
4909.87,0.64007
4910.77,0.63948
4911.67,0.63756
4912.57,0.63894
4913.47,0.63849
4914.37,0.64121
4915.27,0.64201
4916.17,0.63948
4917.07,0.63956
4917.97,0.63591
4918.87,0.63231
4919.77,0.62365
4920.67,0.62044
4921.57,0.61603
4922.47,0.61637
4923.37,0.61595
4924.27,0.61897
4925.17,0.62266
4926.07,0.62759
4926.98,0.63216
4927.88,0.63941
4928.78,0.64432
4929.68,0.64394
4930.58,0.64731
4931.48,0.646
4932.38,0.64475
4933.28,0.64045
4934.18,0.63647
4935.08,0.63422
4935.98,0.63011
4936.88,0.62673
4937.78,0.6252
4938.68,0.62666
4939.58,0.62729
4940.48,0.63154
4941.38,0.63239
4942.28,0.63809
4943.18,0.64092
4944.08,0.64562
4944.98,0.65046
4945.88,0.65302
4946.78,0.65391
4947.68,0.65314
4948.58,0.65725
4949.48,0.65375
4950.38,0.65593
4951.28,0.65556
4952.18,0.65467
4953.08,0.65326
4953.98,0.64917
4954.88,0.64405
4955.78,0.63827
4956.68,0.63457
4957.58,0.6339
4958.48,0.62992
4959.38,0.62916
4960.28,0.63348
4961.18,0.63566
4962.08,0.63914
4962.98,0.644
4963.88,0.64199
4964.79,0.64254
4965.69,0.64268
4966.59,0.64142
4967.49,0.63858
4968.39,0.6394
4969.29,0.63857
4970.19,0.64056
4971.09,0.64123
4971.99,0.64132
4972.89,0.64206
4973.79,0.64611
4974.69,0.64567
4975.59,0.64536
4976.49,0.64524
4977.39,0.64284
4978.29,0.64202
4979.19,0.63873
4980.09,0.62889
4980.99,0.62395
4981.89,0.61797
4982.79,0.61334
4983.69,0.6082
4984.59,0.61054
4985.49,0.61283
4986.39,0.61435
4987.29,0.61548
4988.19,0.62176
4989.09,0.62474
4989.99,0.62607
4990.89,0.62984
4991.79,0.62966
4992.69,0.62898
4993.59,0.63072
4994.49,0.62801
4995.39,0.6305
4996.29,0.63093
4997.19,0.63018
4998.09,0.6293
4998.99,0.62647
4999.89,0.62696
5000.79,0.62251
5001.7,0.62099
5002.6,0.61885
5003.5,0.62122
5004.4,0.61562
5005.3,0.61648
5006.2,0.61441
5007.1,0.61711
5008.0,0.61529
5008.9,0.61598
5009.8,0.61581
5010.7,0.61351
5011.6,0.61264
5012.5,0.60884
5013.4,0.6069
5014.3,0.60504
5015.2,0.60386
5016.1,0.60085
5017.0,0.60278
5017.9,0.60428
5018.8,0.60389
5019.7,0.60567
5020.6,0.60804
5021.5,0.61343
5022.4,0.61169
5023.3,0.61533
5024.2,0.61586
5025.1,0.62008
5026.0,0.61889
5026.9,0.62332
5027.8,0.62388
5028.7,0.62643
5029.6,0.62794
5030.5,0.62956
5031.4,0.6313
5032.3,0.63287
5033.2,0.63073
5034.1,0.63226
5035.0,0.62806
5035.9,0.62616
5036.8,0.61875
5037.7,0.61422
5038.6,0.60742
5039.5,0.6025
5040.41,0.59961
5041.31,0.59719
5042.21,0.59993
5043.11,0.5995
5044.01,0.60467
5044.91,0.60895
5045.81,0.61688
5046.71,0.62238
5047.61,0.62474
5048.51,0.62524
5049.41,0.62562
5050.31,0.62539
5051.21,0.62377
5052.11,0.62305
5053.01,0.62567
5053.91,0.62797
5054.81,0.63006
5055.71,0.63325
5056.61,0.63837
5057.51,0.63966
5058.41,0.64399
5059.31,0.6422
5060.21,0.63997
5061.11,0.64017
5062.01,0.63651
5062.91,0.63467
5063.81,0.6325
5064.71,0.62854
5065.61,0.62612
5066.51,0.6231
5067.41,0.6229
5068.31,0.62142
5069.21,0.61764
5070.11,0.621
5071.01,0.62154
5071.91,0.62196
5072.81,0.62155
5073.71,0.62343
5074.61,0.62233
5075.51,0.62205
5076.42,0.61973
5077.31,0.61691
5078.21,0.61186
5079.12,0.60979
5080.02,0.60639
5080.92,0.60537
5081.82,0.60152
5082.72,0.60334
5083.62,0.60527
5084.52,0.60765
5085.42,0.6112
5086.32,0.61454
5087.22,0.61998
5088.12,0.62106
5089.02,0.62273
5089.92,0.62396
5090.82,0.6274
5091.72,0.62716
5092.62,0.62673
5093.52,0.6284
5094.42,0.62954
5095.32,0.62612
5096.22,0.62443
5097.12,0.62139
5098.02,0.61827
5098.92,0.61467
5099.82,0.61518
5100.72,0.61199
5101.62,0.61279
5102.52,0.61408
5103.42,0.61192
5104.32,0.61807
5105.22,0.61763
5106.12,0.6156
5107.02,0.61406
5107.92,0.612
5108.82,0.61072
5109.72,0.60883
5110.62,0.61115
5111.52,0.61138
5112.42,0.61481
5113.32,0.61855
5114.22,0.61832
5115.12,0.62384
5116.03,0.6266
5116.93,0.62737
5117.83,0.62794
5118.73,0.62829
5119.63,0.63035
5120.53,0.62692
5121.43,0.62288
5122.33,0.61922
5123.23,0.61493
5124.13,0.60979
5125.03,0.60511
5125.93,0.60371
5126.83,0.60288
5127.73,0.60148
5128.63,0.60411
5129.53,0.60386
5130.43,0.60283
5131.33,0.60281
5132.23,0.60861
5133.13,0.608
5134.03,0.60989
5134.93,0.61165
5135.83,0.61104
5136.73,0.60847
5137.63,0.60931
5138.53,0.60838
5139.43,0.6043
5140.33,0.59982
5141.23,0.5993
5142.13,0.60054
5143.03,0.59661
5143.93,0.59867
5144.83,0.60062
5145.73,0.59902
5146.63,0.60075
5147.53,0.59943
5148.43,0.60117
5149.33,0.59977
5150.23,0.60272
5151.13,0.60389
5152.03,0.60098
5152.94,0.60196
5153.84,0.60192
5154.74,0.60439
5155.64,0.61027
5156.54,0.60948
5157.44,0.61108
5158.34,0.6128
5159.24,0.61798
5160.14,0.6163
5161.04,0.61754
5161.94,0.61711
5162.84,0.61099
5163.74,0.60752
5164.64,0.59747
5165.54,0.58795
5166.44,0.5762
5167.34,0.56594
5168.24,0.55631
5169.14,0.54927
5170.04,0.5444
5170.94,0.54173
5171.84,0.54266
5172.74,0.54518
5173.64,0.5484
5174.54,0.55596
5175.44,0.56626
5176.34,0.57218
5177.24,0.58492
5178.14,0.58945
5179.04,0.59327
5179.94,0.59827
5180.84,0.59535
5181.74,0.58602
5182.64,0.58138
5183.54,0.57301
5184.44,0.57108
5185.34,0.56743
5186.24,0.57182
5187.14,0.57244
5188.04,0.57787
5188.94,0.58592
5189.84,0.58955
5190.75,0.58998
5191.65,0.59142
5192.55,0.59036
5193.45,0.59138
5194.35,0.59257
5195.25,0.59254
5196.15,0.5943
5197.05,0.59588
5197.95,0.59635
5198.85,0.60277
5199.75,0.60278
5200.65,0.60609
5201.55,0.60464
5202.45,0.60296
5203.35,0.6012
5204.25,0.59584
5205.15,0.59194
5206.05,0.58655
5206.95,0.58634
5207.85,0.58284
5208.75,0.58484
5209.65,0.5851
5210.55,0.58912
5211.45,0.59384
5212.35,0.5972
5213.25,0.60229
5214.15,0.6076
5215.05,0.60975
5215.95,0.61176
5216.85,0.61286
5217.75,0.61385
5218.65,0.61367
5219.55,0.61855
5220.45,0.61497
5221.35,0.62129
5222.25,0.61741
5223.15,0.61397
5224.05,0.61035
5224.95,0.60392
5225.85,0.60083
5226.75,0.59545
5227.66,0.59182
5228.56,0.59116
5229.46,0.59526
5230.36,0.59657
5231.26,0.5972
5232.16,0.60209
5233.06,0.60465
5233.96,0.60847
5234.86,0.61111
5235.76,0.61073
5236.66,0.61304
5237.56,0.61555
5238.46,0.61808
5239.36,0.62248
5240.26,0.62405
5241.16,0.62727
5242.06,0.62666
5242.96,0.62806
5243.86,0.62639
5244.76,0.62531
5245.66,0.62385
5246.56,0.62138
5247.46,0.62078
5248.36,0.61627
5249.26,0.61232
5250.16,0.60951
5251.06,0.61136
5251.96,0.61081
5252.86,0.60938
5253.76,0.61284
5254.66,0.61302
5255.56,0.61259
5256.46,0.61411
5257.36,0.6173
5258.26,0.62081
5259.16,0.61813
5260.06,0.61436
5260.96,0.61207
5261.86,0.60723
5262.76,0.59951
5263.66,0.59299
5264.56,0.58626
5265.47,0.57964
5266.37,0.5776
5267.27,0.57231
5268.17,0.56949
5269.07,0.56944
5269.97,0.57253
5270.87,0.57032
5271.77,0.57607
5272.67,0.58239
5273.57,0.58293
5274.47,0.58989
5275.37,0.59547
5276.27,0.60172
5277.17,0.6072
5278.07,0.60937
5278.97,0.61464
5279.87,0.61623
5280.77,0.61537
5281.67,0.61549
5282.57,0.61396
5283.47,0.61682
5284.37,0.61681
5285.27,0.61561
5286.17,0.61854
5287.07,0.62442
5287.97,0.62586
5288.87,0.62912
5289.77,0.63039
5290.67,0.63157
5291.57,0.63142
5292.47,0.63141
5293.37,0.63099
5294.27,0.62818
5295.17,0.62483
5296.07,0.62008
5296.97,0.61695
5297.87,0.61295
5298.77,0.6115
5299.67,0.60798
5300.57,0.60862
5301.48,0.6098
5302.38,0.6104
5303.27,0.61347
5304.18,0.61867
5305.08,0.62196
5305.98,0.62312
5306.88,0.62596
5307.78,0.62932
5308.68,0.62815
5309.58,0.62874
5310.48,0.63165
5311.38,0.63084
5312.28,0.63107
5313.18,0.62906
5314.08,0.63097
5314.98,0.62788
5315.88,0.6257
5316.78,0.62159
5317.68,0.62227
5318.58,0.61955
5319.48,0.61906
5320.38,0.61793
5321.28,0.61587
5322.18,0.6148
5323.08,0.61149
5323.98,0.60776
5324.88,0.60357
5325.78,0.60135
5326.68,0.5968
5327.58,0.59061
5328.48,0.5886
5329.38,0.58371
5330.28,0.58784
5331.18,0.59109
5332.08,0.59697
5332.98,0.6015
5333.88,0.60511
5334.78,0.60891
5335.68,0.61174
5336.58,0.61348
5337.48,0.61398
5338.38,0.61266
5339.28,0.61186
5340.19,0.61214
5341.08,0.61048
5341.99,0.60708
5342.89,0.6122
5343.79,0.61022
5344.69,0.6121
5345.59,0.6112
5346.49,0.61397
5347.39,0.6124
5348.29,0.61197
5349.19,0.6131
5350.09,0.61366
5350.99,0.61489
5351.89,0.6186
5352.79,0.61873
5353.69,0.62538
5354.59,0.62539
5355.49,0.62909
5356.39,0.63244
5357.29,0.63424
5358.19,0.63353
5359.09,0.63321
5359.99,0.63435
5360.89,0.63069
5361.79,0.62859
5362.69,0.62745
5363.59,0.62531
5364.49,0.61876
5365.39,0.61643
5366.29,0.61232
5367.19,0.61059
5368.09,0.60849
5368.99,0.60658
5369.89,0.6052
5370.79,0.60291
5371.69,0.60472
5372.59,0.60476
5373.49,0.60624
5374.39,0.61064
5375.29,0.61612
5376.19,0.61855
5377.09,0.62039
5378.0,0.62155
5378.9,0.62492
5379.8,0.62247
5380.7,0.62233
5381.6,0.62155
5382.5,0.62158
5383.4,0.61793
5384.3,0.61711
5385.2,0.61645
5386.1,0.61979
5387.0,0.618
5387.9,0.61855
5388.8,0.61683
5389.7,0.61763
5390.6,0.61364
5391.5,0.61055
5392.4,0.6112
5393.3,0.60924
5394.2,0.60703
5395.1,0.60295
5396.0,0.60071
5396.9,0.60061
5397.8,0.60057
5398.7,0.59809
5399.6,0.59953
5400.5,0.60089
5401.4,0.59917
5402.3,0.60128
5403.2,0.59877
5404.1,0.59764
5405.0,0.59312
5405.9,0.59554
5406.8,0.59186
5407.7,0.59097
5408.6,0.58979
5409.5,0.59176
5410.4,0.59391
5411.3,0.59969
5412.2,0.6007
5413.1,0.60626
5414.0,0.60762
5414.9,0.60744
5415.81,0.61068
5416.71,0.61304
5417.61,0.6153
5418.51,0.61443
5419.41,0.61333
5420.31,0.61363
5421.21,0.6133
5422.11,0.61405
5423.01,0.61629
5423.91,0.61249
5424.81,0.6104
5425.71,0.60843
5426.61,0.60969
5427.51,0.60646
5428.41,0.60681
5429.31,0.60454
5430.21,0.60341
5431.11,0.60073
5432.01,0.59777
5432.91,0.59695
5433.81,0.59781
5434.71,0.5987
5435.61,0.59873
5436.51,0.60101
5437.41,0.60481
5438.31,0.60768
5439.21,0.61107
5440.11,0.61396
5441.01,0.61603
5441.91,0.61737
5442.81,0.61482
5443.71,0.61479
5444.61,0.61168
5445.51,0.60845
5446.41,0.60639
5447.31,0.60521
5448.21,0.60089
5449.11,0.60194
5450.01,0.6035
5450.91,0.60635
5451.81,0.6065
5452.72,0.60724
5453.62,0.60615
5454.52,0.60622
5455.42,0.60626
5456.32,0.60404
5457.22,0.60164
5458.12,0.60484
5459.02,0.6048
5459.92,0.6046
5460.82,0.60585
5461.72,0.60792
5462.62,0.60849
5463.52,0.60745
5464.42,0.60788
5465.32,0.60881
5466.22,0.6083
5467.12,0.60985
5468.02,0.61024
5468.92,0.60974
5469.82,0.61033
5470.72,0.61057
5471.62,0.60927
5472.52,0.60722
5473.42,0.60492
5474.32,0.60313
5475.22,0.60028
5476.12,0.59766
5477.02,0.59409
5477.92,0.59309
5478.82,0.59361
5479.72,0.59404
5480.62,0.59322
5481.52,0.59664
5482.42,0.5985
5483.32,0.60062
5484.22,0.60335
5485.12,0.60667
5486.02,0.60414
5486.92,0.60424
5487.82,0.60572
5488.72,0.60728
5489.62,0.60772
5490.53,0.60795
5491.43,0.60876
5492.33,0.60604
5493.23,0.60877
5494.13,0.6055
5495.03,0.6089
5495.93,0.60772
5496.83,0.60488
5497.73,0.60831
5498.63,0.60641
5499.53,0.60525
5500.43,0.60315
5501.33,0.60476
5502.23,0.60369
5503.13,0.59952
5504.03,0.6049
5504.93,0.6032
5505.83,0.60248
5506.73,0.60123
5507.63,0.60141
5508.53,0.60205
5509.43,0.60131
5510.33,0.6008
5511.23,0.60029
5512.13,0.59904
5513.03,0.60049
5513.93,0.59982
5514.83,0.59882
5515.73,0.59959
5516.63,0.60391
5517.53,0.60802
5518.43,0.60874
5519.33,0.61167
5520.23,0.61212
5521.13,0.61365
5522.03,0.61457
5522.93,0.61332
5523.83,0.61233
5524.73,0.60865
5525.63,0.60697
5526.54,0.60194
5527.44,0.60057
5528.33,0.59994
5529.24,0.59654
5530.14,0.59645
5531.04,0.59859
5531.94,0.60149
5532.84,0.60474
5533.74,0.60242
5534.64,0.60459
5535.54,0.60498
5536.44,0.60717
5537.34,0.61031
5538.24,0.60962
5539.14,0.61071
5540.04,0.61209
5540.94,0.61378
5541.84,0.61259
5542.74,0.61086
5543.64,0.61165
5544.54,0.61198
5545.44,0.61385
5546.34,0.61288
5547.24,0.61302
5548.14,0.61305
5549.04,0.61386
5549.94,0.61377
5550.84,0.61253
5551.74,0.61507
5552.64,0.61263
5553.54,0.61272
5554.44,0.61013
5555.34,0.60974
5556.24,0.60965
5557.14,0.60835
5558.04,0.60987
5558.94,0.60724
5559.84,0.60552
5560.74,0.60323
5561.64,0.60735
5562.54,0.60398
5563.44,0.60333
5564.34,0.60185
5565.25,0.60351
5566.15,0.6021
5567.05,0.59848
5567.95,0.59991
5568.85,0.599
5569.75,0.5954
5570.65,0.59669
5571.55,0.59653
5572.45,0.59445
5573.35,0.59864
5574.25,0.59805
5575.15,0.59785
5576.05,0.59781
5576.95,0.59918
5577.85,0.59896
5578.75,0.60041
5579.65,0.60228
5580.55,0.60295
5581.45,0.60343
5582.35,0.60131
5583.25,0.60036
5584.15,0.59597
5585.05,0.59435
5585.95,0.59077
5586.85,0.58998
5587.75,0.58739
5588.65,0.58362
5589.55,0.58068
5590.45,0.58118
5591.35,0.58146
5592.25,0.58101
5593.15,0.58261
5594.05,0.58556
5594.95,0.58472
5595.85,0.58675
5596.75,0.58743
5597.65,0.58981
5598.55,0.58814
5599.45,0.58714
5600.35,0.58638
5601.25,0.58813
5602.15,0.58762
5603.06,0.58939
5603.96,0.59216
5604.86,0.59352
5605.76,0.59479
5606.66,0.5995
5607.56,0.60435
5608.46,0.60757
5609.36,0.60835
5610.26,0.60854
5611.16,0.6072
5612.06,0.6063
5612.96,0.60464
5613.86,0.60263
5614.76,0.59806
5615.66,0.59802
5616.56,0.59722
5617.46,0.59551
5618.36,0.59323
5619.26,0.59454
5620.16,0.59632
5621.06,0.59592
5621.96,0.5967
5622.86,0.59782
5623.76,0.59779
5624.66,0.59592
5625.56,0.59938
5626.46,0.59781
5627.36,0.59806
5628.26,0.60015
5629.16,0.60428
5630.06,0.60379
5630.96,0.60469
5631.86,0.60367
5632.76,0.60504
5633.66,0.60386
5634.56,0.60368
5635.46,0.60416
5636.36,0.60073
5637.26,0.60081
5638.16,0.59756
5639.06,0.59956
5639.96,0.5984
5640.86,0.59872
5641.77,0.59809
5642.67,0.59671
5643.57,0.59639
5644.47,0.5985
5645.37,0.5988
5646.27,0.60085
5647.17,0.59976
5648.07,0.60125
5648.97,0.60086
5649.87,0.60459
5650.77,0.60154
5651.67,0.60233
5652.57,0.60082
5653.47,0.60273
5654.37,0.60061
5655.27,0.5977
5656.17,0.5963
5657.07,0.5928
5657.97,0.59097
5658.87,0.58739
5659.77,0.58301
5660.67,0.58418
5661.57,0.58416
5662.47,0.58318
5663.37,0.58517
5664.27,0.58806
5665.17,0.58868
5666.07,0.5913
5666.97,0.59042
5667.87,0.59345
5668.77,0.59165
5669.67,0.59351
5670.57,0.59582
5671.47,0.59644
5672.37,0.59795
5673.27,0.59938
5674.17,0.59963
5675.07,0.60193
5675.97,0.60189
5676.88,0.60025
5677.77,0.60196
5678.68,0.6041
5679.58,0.60034
5680.48,0.60094
5681.38,0.60046
5682.28,0.59641
5683.18,0.59537
5684.08,0.59273
5684.98,0.59306
5685.88,0.59125
5686.78,0.5904
5687.68,0.58996
5688.58,0.59117
5689.48,0.59291
5690.38,0.59143
5691.28,0.59538
5692.18,0.59639
5693.08,0.59686
5693.98,0.59857
5694.88,0.59878
5695.78,0.59796
5696.68,0.60039
5697.58,0.59953
5698.48,0.59673
5699.38,0.59669
5700.28,0.59326
5701.18,0.59273
5702.08,0.58833
5702.98,0.58835
5703.88,0.59037
5704.78,0.58634
5705.68,0.58445
5706.58,0.58351
5707.48,0.58137
5708.38,0.58182
5709.28,0.57863
5710.18,0.57547
5711.08,0.57592
5711.98,0.58015
5712.88,0.57857
5713.78,0.58303
5714.68,0.58673
5715.59,0.58849
5716.49,0.59067
5717.39,0.59302
5718.29,0.59639
5719.19,0.59735
5720.09,0.59825
5720.99,0.59925
5721.89,0.60279
5722.79,0.60355
5723.69,0.60074
5724.59,0.59881
5725.49,0.60248
5726.39,0.59932
5727.29,0.59725
5728.19,0.59764
5729.09,0.59693
5729.99,0.59731
5730.89,0.59782
5731.79,0.59626
5732.69,0.59795
5733.59,0.59812
5734.49,0.59633
5735.39,0.59792
5736.29,0.60038
5737.19,0.59873
5738.09,0.59837
5738.99,0.60089
5739.89,0.59868
5740.79,0.59819
5741.69,0.59808
5742.59,0.59881
5743.49,0.59732
5744.39,0.59694
5745.29,0.60037
5746.19,0.59812
5747.09,0.59603
5747.99,0.59831
5748.89,0.59703
5749.79,0.5962
5750.69,0.59477
5751.59,0.593
5752.5,0.59316
5753.4,0.59258
5754.3,0.591
5755.2,0.59251
5756.1,0.58969
5757.0,0.59309
5757.9,0.59027
5758.8,0.59263
5759.7,0.59336
5760.6,0.59456
5761.5,0.5935
5762.4,0.59268
5763.3,0.59416
5764.2,0.59157
5765.1,0.59309
5766.0,0.59228
5766.9,0.59494
5767.8,0.59884
5768.7,0.59495
5769.6,0.59524
5770.5,0.59726
5771.4,0.59778
5772.3,0.59665
5773.2,0.59554
5774.1,0.59502
5775.0,0.5939
5775.9,0.59302
5776.8,0.59402
5777.7,0.59285
5778.6,0.59089
5779.5,0.5888
5780.4,0.58836
5781.3,0.58565
5782.2,0.5848
5783.1,0.58226
5784.0,0.58238
5784.9,0.57881
5785.8,0.58313
5786.7,0.58339
5787.6,0.58301
5788.5,0.58378
5789.41,0.58525
5790.31,0.58695
5791.21,0.58717
5792.11,0.58799
5793.01,0.59164
5793.91,0.5905
5794.81,0.59132
5795.71,0.59291
5796.61,0.5917
5797.51,0.59162
5798.41,0.59196
5799.31,0.59384
5800.21,0.5925
5801.11,0.594
5802.01,0.59432
5802.91,0.59429
5803.81,0.59666
5804.71,0.59417
5805.61,0.5926
5806.51,0.59604
5807.41,0.59119
5808.31,0.59374
5809.21,0.59479
5810.11,0.59657
5811.01,0.59651
5811.91,0.59504
5812.81,0.59458
5813.71,0.59439
5814.61,0.59655
5815.51,0.59553
5816.41,0.5967
5817.31,0.59594
5818.21,0.59625
5819.11,0.59688
5820.01,0.5975
5820.91,0.59723
5821.81,0.59839
5822.71,0.59795
5823.61,0.59935
5824.51,0.60232
5825.41,0.59802
5826.31,0.59783
5827.22,0.60142
5828.12,0.60218
5829.02,0.6026
5829.92,0.60266
5830.82,0.59995
5831.72,0.60029
5832.62,0.59899
5833.52,0.59927
5834.42,0.59844
5835.32,0.59537
5836.22,0.60028
5837.12,0.59873
5838.02,0.59931
5838.92,0.59846
5839.82,0.59893
5840.72,0.5981
5841.62,0.59726
5842.52,0.59778
5843.42,0.59675
5844.32,0.59772
5845.22,0.5963
5846.12,0.59377
5847.02,0.59335
5847.92,0.59482
5848.82,0.59297
5849.72,0.59119
5850.62,0.59149
5851.52,0.59
5852.42,0.58697
5853.32,0.58702
5854.22,0.58499
5855.12,0.58417
5856.02,0.58173
5856.92,0.58228
5857.82,0.57828
5858.72,0.57947
5859.62,0.5799
5860.52,0.57956
5861.42,0.58015
5862.32,0.58102
5863.23,0.58058
5864.12,0.5795
5865.03,0.58488
5865.93,0.58525
5866.83,0.58686
5867.73,0.58698
5868.63,0.58998
5869.53,0.59116
5870.43,0.58947
5871.33,0.59099
5872.23,0.59249
5873.13,0.5929
5874.03,0.59075
5874.93,0.59143
5875.83,0.59149
5876.73,0.59042
5877.63,0.58892
5878.53,0.58729
5879.43,0.58677
5880.33,0.58576
5881.23,0.58314
5882.13,0.5844
5883.03,0.58199
5883.93,0.58161
5884.83,0.57674
5885.73,0.57598
5886.63,0.57037
5887.53,0.56636
5888.43,0.55913
5889.33,0.55398
5890.23,0.54939
5891.13,0.54341
5892.03,0.54159
5892.93,0.53888
5893.83,0.53917
5894.73,0.53728
5895.63,0.53945
5896.53,0.53987
5897.43,0.54532
5898.33,0.54727
5899.23,0.55374
5900.13,0.55503
5901.04,0.55953
5901.94,0.5652
5902.83,0.56784
5903.74,0.57396
5904.64,0.57572
5905.54,0.57685
5906.44,0.58167
5907.34,0.58009
5908.24,0.57904
5909.14,0.57907
5910.04,0.58144
5910.94,0.5793
5911.84,0.57687
5912.74,0.57922
5913.64,0.57678
5914.54,0.57931
5915.44,0.57497
5916.34,0.57396
5917.24,0.57536
5918.14,0.5751
5919.04,0.57645
5919.94,0.57555
5920.84,0.5774
5921.74,0.5785
5922.64,0.57674
5923.54,0.57773
5924.44,0.58051
5925.34,0.57928
5926.24,0.57982
5927.14,0.57955
5928.04,0.57936
5928.94,0.57901
5929.84,0.57829
5930.74,0.57817
5931.64,0.5776
5932.54,0.57842
5933.44,0.57875
5934.34,0.57859
5935.24,0.57969
5936.14,0.57711
5937.04,0.57873
5937.94,0.57947
5938.85,0.57841
5939.75,0.57812
5940.65,0.57796
5941.55,0.5795
5942.45,0.58013
5943.35,0.57736
5944.25,0.57846
5945.15,0.57894
5946.05,0.57816
5946.95,0.57874
5947.85,0.57693
5948.75,0.57745
5949.65,0.5764
5950.55,0.57474
5951.45,0.57576
5952.35,0.57528
5953.25,0.57423
5954.15,0.57472
5955.05,0.5754
5955.95,0.5753
5956.85,0.57554
5957.75,0.57644
5958.65,0.57786
5959.55,0.57742
5960.45,0.58124
5961.35,0.57721
5962.25,0.57995
5963.15,0.5814
5964.05,0.58212
5964.95,0.58414
5965.85,0.58354
5966.75,0.58231
5967.65,0.58225
5968.55,0.58272
5969.45,0.58252
5970.35,0.58308
5971.25,0.58402
5972.15,0.5843
5973.05,0.5817
5973.95,0.58199
5974.85,0.57995
5975.75,0.58214
5976.65,0.57684
5977.56,0.57969
5978.46,0.57702
5979.36,0.57779
5980.26,0.57718
5981.16,0.57583
5982.06,0.57734
5982.96,0.57615
5983.86,0.5769
5984.76,0.57589
5985.66,0.57572
5986.56,0.57484
5987.46,0.5734
5988.36,0.57243
5989.26,0.57469
5990.16,0.57711
5991.06,0.57673
5991.96,0.57572
5992.86,0.57939
5993.76,0.57979
5994.66,0.57929
5995.56,0.57696
5996.46,0.57574
5997.36,0.57696
5998.26,0.57736
5999.16,0.57697
6000.06,0.5774
6000.96,0.57735
6001.86,0.57445
6002.76,0.57475
6003.66,0.57513
6004.56,0.57364
6005.46,0.5736
6006.36,0.57431
6007.26,0.57408
6008.16,0.57302
6009.06,0.57164
6009.96,0.57209
6010.86,0.57113
6011.76,0.57133
6012.67,0.56988
6013.56,0.57252
6014.47,0.57214
6015.37,0.57174
6016.27,0.57088
6017.17,0.56844
6018.07,0.5716
6018.97,0.57108
6019.87,0.56962
6020.77,0.56816
6021.67,0.56875
6022.57,0.56817
6023.47,0.56846
6024.37,0.56622
6025.27,0.57051
6026.17,0.56982
6027.07,0.57152
6027.97,0.57519
6028.87,0.57378
6029.77,0.57291
6030.67,0.57528
6031.57,0.57737
6032.47,0.57472
6033.37,0.57725
6034.27,0.57834
6035.17,0.57788
6036.07,0.57771
6036.97,0.57931
6037.87,0.57977
6038.77,0.57817
6039.67,0.58056
6040.57,0.57739
6041.47,0.58173
6042.37,0.57727
6043.27,0.5774
6044.17,0.57929
6045.07,0.58044
6045.97,0.58163
6046.87,0.58122
6047.77,0.57996
6048.67,0.58201
6049.57,0.58107
6050.47,0.58096
6051.38,0.58008
6052.28,0.58074
6053.18,0.57918
6054.08,0.57911
6054.98,0.57884
6055.88,0.57898
6056.78,0.57711
6057.68,0.57467
6058.58,0.5741
6059.48,0.57528
6060.38,0.57594
6061.28,0.57522
6062.18,0.57415
6063.08,0.57148
6063.98,0.57209
6064.88,0.57182
6065.78,0.57003
6066.68,0.57214
6067.58,0.57
6068.48,0.57317
6069.38,0.5739
6070.28,0.57421
6071.18,0.57657
6072.08,0.57981
6072.98,0.57892
6073.88,0.57952
6074.78,0.57958
6075.68,0.5754
6076.58,0.57795
6077.48,0.5761
6078.38,0.57625
6079.28,0.57411
6080.18,0.57298
6081.08,0.57276
6081.98,0.57362
6082.88,0.56814
6083.78,0.57134
6084.68,0.56957
6085.58,0.57104
6086.48,0.56863
6087.38,0.56755
6088.28,0.56815
6089.19,0.56863
6090.09,0.56808
6090.99,0.56852
6091.89,0.56849
6092.79,0.56878
6093.69,0.56915
6094.59,0.56883
6095.49,0.57041
6096.39,0.5693
6097.29,0.5693
6098.19,0.56909
6099.09,0.56955
6099.99,0.56835
6100.89,0.56701
6101.79,0.56661
6102.69,0.56521
6103.59,0.56351
6104.49,0.56468
6105.39,0.56308
6106.29,0.56357
6107.19,0.56235
6108.09,0.56421
6108.99,0.56548
6109.89,0.56772
6110.79,0.56916
6111.69,0.57009
6112.59,0.57096
6113.49,0.56919
6114.39,0.57071
6115.29,0.57198
6116.19,0.57143
6117.09,0.57114
6117.99,0.56985
6118.89,0.56734
6119.79,0.56872
6120.69,0.56602
6121.59,0.56395
6122.49,0.5615
6123.39,0.56274
6124.29,0.56008
6125.19,0.56036
6126.1,0.5619
6127.0,0.56401
6127.9,0.56199
6128.8,0.56405
6129.7,0.56404
6130.6,0.56447
6131.5,0.56265
6132.4,0.5654
6133.3,0.56234
6134.2,0.56154
6135.1,0.55828
6136.0,0.55699
6136.9,0.55528
6137.8,0.55367
6138.7,0.55227
6139.6,0.55125
6140.5,0.55097
6141.4,0.55212
6142.3,0.55585
6143.2,0.55562
6144.1,0.55623
6145.0,0.55897
6145.9,0.56004
6146.8,0.56135
6147.7,0.56373
6148.6,0.5622
6149.5,0.56433
6150.4,0.56737
6151.3,0.56459
6152.2,0.56686
6153.1,0.56415
6154.0,0.56502
6154.9,0.5653
6155.8,0.56334
6156.7,0.5628
6157.6,0.56252
6158.5,0.55901
6159.4,0.55797
6160.3,0.55337
6161.2,0.55168
6162.1,0.54814
6163.01,0.54472
6163.91,0.5414
6164.81,0.54056
6165.71,0.54321
6166.61,0.54335
6167.51,0.54056
6168.41,0.54329
6169.31,0.544
6170.21,0.54373
6171.11,0.54503
6172.01,0.54545
6172.91,0.54752
6173.81,0.54863
6174.71,0.5517
6175.61,0.55243
6176.51,0.55356
6177.41,0.55546
6178.31,0.55419
6179.21,0.55743
6180.11,0.55637
6181.01,0.55887
6181.91,0.55898
6182.81,0.56028
6183.71,0.56079
6184.61,0.5588
6185.51,0.55926
6186.41,0.55747
6187.31,0.55731
6188.21,0.55594
6189.11,0.55493
6190.01,0.55172
6190.91,0.55131
6191.81,0.55114
6192.71,0.5508
6193.61,0.5494
6194.51,0.55074
6195.41,0.55172
6196.31,0.55065
6197.21,0.55476
6198.11,0.55294
6199.01,0.55512
6199.92,0.55795
6200.82,0.55739
6201.72,0.55737
6202.62,0.55574
6203.52,0.55692
6204.42,0.56019
6205.32,0.56007
6206.22,0.56244
6207.12,0.56008
6208.02,0.55907
6208.92,0.55876
6209.82,0.55865
6210.72,0.55777
6211.62,0.55506
6212.52,0.55551
6213.42,0.55241
6214.32,0.55067
6215.22,0.54774
6216.12,0.54881
6217.02,0.54673
6217.92,0.54693
6218.82,0.54673
6219.72,0.54624
6220.62,0.54401
6221.52,0.54506
6222.42,0.54696
6223.32,0.54894
6224.22,0.54927
6225.12,0.54695
6226.02,0.54912
6226.92,0.54798
6227.82,0.54823
6228.72,0.54721
6229.62,0.54732
6230.52,0.54336
6231.42,0.54494
6232.32,0.54419
6233.22,0.54352
6234.12,0.54471
6235.02,0.54478
6235.92,0.54548
6236.83,0.5456
6237.73,0.54478
6238.63,0.54623
6239.53,0.54696
6240.43,0.54679
6241.33,0.5461
6242.23,0.543
6243.13,0.54303
6244.03,0.54237
6244.93,0.54289
6245.83,0.54117
6246.73,0.54416
6247.63,0.54064
6248.53,0.54138
6249.43,0.54091
6250.33,0.54088
6251.23,0.54043
6252.13,0.53813
6253.03,0.53798
6253.93,0.53727
6254.83,0.53641
6255.73,0.53528
6256.63,0.5315
6257.53,0.53446
6258.43,0.53434
6259.33,0.53558
6260.23,0.53546
6261.13,0.53672
6262.03,0.53908
6262.93,0.54137
6263.83,0.54332
6264.73,0.54281
6265.63,0.54515
6266.53,0.54455
6267.43,0.54787
6268.33,0.5466
6269.23,0.54819
6270.13,0.54799
6271.03,0.54825
6271.93,0.54866
6272.83,0.54809
6273.73,0.54864
6274.64,0.54988
6275.54,0.54962
6276.44,0.54972
6277.34,0.54849
6278.24,0.54921
6279.14,0.54772
6280.04,0.54874
6280.94,0.54954
6281.84,0.54684
6282.74,0.54806
6283.64,0.54593
6284.54,0.5494
6285.44,0.54813
6286.34,0.55053
6287.24,0.55003
6288.14,0.55084
6289.04,0.55078
6289.94,0.55211
6290.84,0.5508
6291.74,0.55231
6292.64,0.55093
6293.54,0.5499
6294.44,0.55035
6295.34,0.54606
6296.24,0.54772
6297.14,0.54502
6298.04,0.54537
6298.94,0.54259
6299.84,0.54231
6300.74,0.54098
6301.64,0.54273
6302.54,0.54114
6303.44,0.54283
6304.34,0.54037
6305.24,0.54178
6306.14,0.54447
6307.04,0.54575
6307.94,0.54716
6308.84,0.54609
6309.74,0.54736
6310.64,0.54686
6311.54,0.54861
6312.45,0.54554
6313.35,0.5475
6314.25,0.54456
6315.15,0.54531
6316.05,0.54256
6316.95,0.54045
6317.85,0.54068
6318.75,0.54187
6319.65,0.54349
6320.55,0.54087
6321.45,0.54056
6322.35,0.54417
6323.25,0.54175
6324.15,0.5425
6325.05,0.54563
6325.95,0.54562
6326.85,0.54896
6327.75,0.54935
6328.65,0.54741
6329.55,0.55071
6330.45,0.54964
6331.35,0.55103
6332.25,0.54698
6333.15,0.54658
6334.05,0.54578
6334.95,0.54589
6335.85,0.54506
6336.75,0.54309
6337.65,0.54207
6338.55,0.5429
6339.45,0.54421
6340.35,0.54436
6341.25,0.54401
6342.15,0.54627
6343.05,0.54374
6343.95,0.54374
6344.85,0.54542
6345.75,0.54549
6346.65,0.54518
6347.55,0.54631
6348.46,0.54931
6349.35,0.54675
6350.26,0.54662
6351.16,0.54583
6352.06,0.54657
6352.96,0.54805
6353.86,0.54449
6354.76,0.54412
6355.66,0.54231
6356.56,0.54051
6357.46,0.54214
6358.36,0.54049
6359.26,0.54059
6360.16,0.53656
6361.06,0.53817
6361.96,0.53755
6362.86,0.5399
6363.76,0.53857
6364.66,0.53779
6365.56,0.53808
6366.46,0.53862
6367.36,0.54227
6368.26,0.54161
6369.16,0.54301
6370.06,0.54338
6370.96,0.54338
6371.86,0.54392
6372.76,0.54472
6373.66,0.54479
6374.56,0.54521
6375.46,0.54595
6376.36,0.54379
6377.26,0.54309
6378.16,0.54637
6379.06,0.54514
6379.96,0.54385
6380.86,0.5468
6381.76,0.54469
6382.66,0.54428
6383.56,0.54361
6384.46,0.54373
6385.36,0.54264
6386.27,0.54277
6387.17,0.54319
6388.07,0.544
6388.97,0.54294
6389.87,0.54322
6390.77,0.54241
6391.67,0.54081
6392.57,0.54138
6393.47,0.5407
6394.37,0.54057
6395.27,0.5384
6396.17,0.53866
6397.07,0.53834
6397.97,0.53592
6398.87,0.53904
6399.77,0.53656
6400.67,0.53582
6401.57,0.53698
6402.47,0.53907
6403.37,0.5395
6404.27,0.53965
6405.17,0.53839
6406.07,0.5402
6406.97,0.54285
6407.87,0.54001
6408.77,0.54106
6409.67,0.54021
6410.57,0.5408
6411.47,0.53993
6412.37,0.5397
6413.27,0.53809
6414.17,0.54007
6415.07,0.53938
6415.97,0.54063
6416.87,0.53992
6417.77,0.53986
6418.67,0.54066
6419.57,0.53849
6420.47,0.53994
6421.37,0.53975
6422.27,0.53756
6423.17,0.54064
6424.08,0.54009
6424.98,0.53887
6425.88,0.54283
6426.78,0.54249
6427.68,0.54203
6428.58,0.54279
6429.48,0.54207
6430.38,0.54186
6431.28,0.53982
6432.18,0.53958
6433.08,0.53883
6433.98,0.53952
6434.88,0.53684
6435.78,0.53924
6436.68,0.53908
6437.58,0.539
6438.48,0.53849
6439.38,0.5387
6440.28,0.53859
6441.18,0.53892
6442.08,0.54063
6442.98,0.54124
6443.88,0.54294
6444.78,0.54352
6445.68,0.54036
6446.58,0.54099
6447.48,0.54272
6448.38,0.53971
6449.28,0.53962
6450.18,0.53666
6451.08,0.53628
6451.98,0.53698
6452.88,0.53375
6453.78,0.53345
6454.68,0.53294
6455.58,0.53257
6456.48,0.53667
6457.38,0.53637
6458.28,0.53605
6459.18,0.53388
6460.08,0.53372
6460.98,0.53183
6461.89,0.53179
6462.79,0.53244
6463.69,0.53035
6464.59,0.52995
6465.49,0.53223
6466.39,0.53093
6467.29,0.533
6468.19,0.53314
6469.09,0.53426
6469.99,0.5329
6470.89,0.5341
6471.79,0.5326
6472.69,0.5334
6473.59,0.53461
6474.49,0.53495
6475.39,0.53257
6476.29,0.5312
6477.19,0.53373
6478.09,0.53067
6478.99,0.53167
6479.89,0.53266
6480.79,0.5302
6481.69,0.53229
6482.59,0.52918
6483.49,0.53026
6484.39,0.52912
6485.29,0.52929
6486.19,0.52944
6487.09,0.52989
6487.99,0.53008
6488.89,0.52817
6489.79,0.52723
6490.69,0.52523
6491.59,0.52241
6492.49,0.51832
6493.39,0.51726
6494.29,0.51397
6495.19,0.50965
6496.09,0.50552
6496.99,0.50589
6497.9,0.50446
6498.79,0.50487
6499.7,0.50787
6500.6,0.5103
6501.5,0.51214
6502.4,0.51518
6503.3,0.51891
6504.2,0.52151
6505.1,0.52292
6506.0,0.52513
6506.9,0.52683
6507.8,0.52719
6508.7,0.52943
6509.6,0.52959
6510.5,0.52682
6511.4,0.53037
6512.3,0.52969
6513.2,0.52671
6514.1,0.5271
6515.0,0.52647
6515.9,0.52445
6516.8,0.52647
6517.7,0.52419
6518.6,0.52183
6519.5,0.52237
6520.4,0.52441
6521.3,0.52244
6522.2,0.52213
6523.1,0.52352
6524.0,0.52347
6524.9,0.52403
6525.8,0.52483
6526.7,0.5242
6527.6,0.52453
6528.5,0.52277
6529.4,0.52358
6530.3,0.52406
6531.2,0.52369
6532.1,0.52269
6533.0,0.52324
6533.9,0.52302
6534.8,0.52099
6535.71,0.52241
6536.61,0.52381
6537.51,0.5212
6538.41,0.522
6539.31,0.52176
6540.21,0.52025
6541.11,0.51906
6542.01,0.5177
6542.91,0.51578
6543.81,0.51474
6544.71,0.51248
6545.61,0.5127
6546.51,0.50829
6547.41,0.50878
6548.31,0.50704
6549.21,0.50634
6550.11,0.50414
6551.01,0.50264
6551.91,0.49854
6552.81,0.49916
6553.71,0.49522
6554.61,0.49124
6555.51,0.4864
6556.41,0.48088
6557.31,0.47327
6558.21,0.46716
6559.11,0.4584
6560.01,0.44881
6560.91,0.44065
6561.81,0.42983
6562.71,0.42312
6563.61,0.41889
6564.51,0.41771
6565.41,0.41862
6566.31,0.42253
6567.21,0.42882
6568.11,0.43526
6569.01,0.44531
6569.91,0.45577
6570.81,0.46438
6571.71,0.47056
6572.61,0.47794
6573.52,0.48362
6574.42,0.4873
6575.32,0.49002
6576.22,0.49361
6577.12,0.49547
6578.02,0.49848
6578.92,0.49985
6579.82,0.50409
6580.72,0.5046
6581.62,0.50739
6582.52,0.508
6583.42,0.51116
6584.32,0.5118
6585.22,0.51139
6586.12,0.51285
6587.02,0.5119
6587.92,0.51192
6588.82,0.51042
6589.72,0.5114
6590.62,0.51182
6591.52,0.50941
6592.42,0.50881
6593.32,0.50888
6594.22,0.51016
6595.12,0.5079
6596.02,0.50798
6596.92,0.51166
6597.82,0.51069
6598.72,0.51196
6599.62,0.51209
6600.52,0.5133
6601.42,0.5156
6602.32,0.51552
6603.22,0.51564
6604.12,0.51895
6605.02,0.51635
6605.92,0.51594
6606.82,0.51618
6607.72,0.51753
6608.62,0.51545
6609.52,0.51479
6610.43,0.51523
6611.33,0.51622
6612.23,0.51496
6613.13,0.5166
6614.03,0.51709
6614.93,0.51942
6615.83,0.51891
6616.73,0.52045
6617.63,0.52098
6618.53,0.52351
6619.43,0.52046
6620.33,0.52254
6621.23,0.52109
6622.13,0.52152
6623.03,0.52032
6623.93,0.51849
6624.83,0.52053
6625.73,0.52041
6626.63,0.51914
6627.53,0.5183
6628.43,0.51903
6629.33,0.51761
6630.23,0.52
6631.13,0.51736
6632.03,0.51877
6632.93,0.51669
6633.83,0.51773
6634.73,0.51712
6635.63,0.51698
6636.53,0.51651
6637.43,0.51702
6638.33,0.51673
6639.23,0.5182
6640.13,0.51652
6641.03,0.51771
6641.93,0.51602
6642.83,0.51423
6643.73,0.516
6644.63,0.51678
6645.53,0.51705
6646.43,0.5167
6647.34,0.51424
6648.24,0.51606
6649.14,0.51494
6650.04,0.51508
6650.94,0.52004
6651.84,0.5172
6652.74,0.51736
6653.64,0.51839
6654.54,0.51898
6655.44,0.51918
6656.34,0.51792
6657.24,0.51684
6658.14,0.51621
6659.04,0.5158
6659.94,0.51662
6660.84,0.5166
6661.74,0.51734
6662.64,0.51567
6663.54,0.51327
6664.44,0.5145
6665.34,0.51302
6666.24,0.51238
6667.14,0.51272
6668.04,0.51247
6668.94,0.5135
6669.84,0.51482
6670.74,0.5151
6671.64,0.51603
6672.54,0.51665
6673.44,0.51385
6674.34,0.51579
6675.24,0.51394
6676.14,0.51368
6677.04,0.51421
6677.94,0.51101
6678.84,0.51205
6679.74,0.51225
6680.64,0.51072
6681.54,0.51082
6682.44,0.51167
6683.34,0.50843
6684.24,0.5108
6685.15,0.51227
6686.05,0.51275
6686.95,0.51241
6687.85,0.51423
6688.75,0.51585
6689.65,0.51385
6690.55,0.51438
6691.45,0.51412
6692.35,0.51441
6693.25,0.51224
6694.15,0.51507
6695.05,0.51362
6695.95,0.51599
6696.85,0.51365
6697.75,0.51523
6698.65,0.51207
6699.55,0.51306
6700.45,0.51268
6701.35,0.5142
6702.25,0.51519
6703.15,0.51265
6704.05,0.51276
6704.95,0.51093
6705.85,0.51188
6706.75,0.51149
6707.65,0.51099
6708.55,0.51046
6709.45,0.51312
6710.35,0.51003
6711.25,0.51109
6712.15,0.51192
6713.05,0.51112
6713.95,0.50722
6714.85,0.50789
6715.75,0.50545
6716.65,0.50793
6717.55,0.50604
6718.45,0.50514
6719.35,0.50477
6720.25,0.50593
6721.16,0.50607
6722.06,0.50693
6722.96,0.50695
6723.86,0.50649
6724.76,0.50779
6725.66,0.50737
6726.56,0.50919
6727.46,0.51045
6728.36,0.50944
6729.26,0.51053
6730.16,0.50951
6731.06,0.51105
6731.96,0.51034
6732.86,0.5102
6733.76,0.51008
6734.66,0.5088
6735.56,0.51161
6736.46,0.50977
6737.36,0.5101
6738.26,0.51096
6739.16,0.5085
6740.06,0.50632
6740.96,0.50809
6741.86,0.50786
6742.76,0.50787
6743.66,0.50686
6744.56,0.50595
6745.46,0.50583
6746.36,0.50496
6747.26,0.50607
6748.16,0.5062
6749.06,0.50525
6749.96,0.5053
6750.86,0.5048
6751.76,0.50487
6752.66,0.50626
6753.56,0.5038
6754.46,0.50654
6755.36,0.50603
6756.26,0.50399
6757.16,0.50922
6758.06,0.50847
6758.97,0.50924
6759.87,0.50998
6760.77,0.51143
6761.67,0.50906
6762.57,0.5086
6763.47,0.50912
6764.37,0.50914
6765.27,0.50868
6766.17,0.50514
6767.07,0.50875
6767.97,0.50522
6768.87,0.50387
6769.77,0.50274
6770.67,0.50506
6771.57,0.50382
6772.47,0.50516
6773.37,0.50318
6774.27,0.50478
6775.17,0.50579
6776.07,0.50876
6776.97,0.50787
6777.87,0.50797
6778.77,0.50837
6779.67,0.50611
6780.57,0.50877
6781.47,0.51012
6782.37,0.50796
6783.27,0.50697
6784.17,0.50588
6785.07,0.50514
6785.97,0.50534
6786.87,0.50534
6787.77,0.50404
6788.67,0.50418
6789.57,0.50545
6790.47,0.50442
6791.37,0.50429
6792.27,0.50389
6793.17,0.50465
6794.07,0.50472
6794.97,0.50576
6795.88,0.50441
6796.78,0.5059
6797.68,0.50446
6798.58,0.50741
6799.48,0.50456
6800.38,0.50767
6801.28,0.5071
6802.18,0.50653
6803.08,0.5046
6803.98,0.50417
6804.88,0.50557
6805.78,0.50371
6806.68,0.50691
6807.58,0.50463
6808.48,0.50374
6809.38,0.50346
6810.28,0.50483
6811.18,0.50242
6812.08,0.50453
6812.98,0.50368
6813.88,0.50362
6814.78,0.50462
6815.68,0.50013
6816.58,0.50184
6817.48,0.5038
6818.38,0.50451
6819.28,0.5037
6820.18,0.50462
6821.08,0.50466
6821.98,0.50444
6822.88,0.50387
6823.78,0.50308
6824.68,0.50468
6825.58,0.50543
6826.48,0.50566
6827.38,0.50365
6828.28,0.50604
6829.18,0.50282
6830.08,0.50489
6830.98,0.50226
6831.88,0.50389
6832.79,0.50188
6833.69,0.50418
6834.59,0.50378
6835.49,0.5021
6836.39,0.50126
6837.29,0.50057
6838.19,0.5017
6839.09,0.50155
6839.99,0.50175
6840.89,0.4993
6841.79,0.49872
6842.69,0.49824
6843.59,0.49724
6844.49,0.49712
6845.39,0.49659
6846.29,0.49807
6847.19,0.50008
6848.09,0.49999
6848.99,0.49829
6849.89,0.49976
6850.79,0.49892
6851.69,0.49933
6852.59,0.5014
6853.49,0.49933
6854.39,0.499
6855.29,0.49863
6856.19,0.49803
6857.09,0.50013
6857.99,0.49667
6858.89,0.49527
6859.79,0.49818
6860.69,0.49572
6861.59,0.49772
6862.49,0.49752
6863.39,0.49884
6864.29,0.49867
6865.19,0.49812
6866.09,0.4988
6866.99,0.49847
6867.89,0.49786
6868.79,0.49901
6869.7,0.49616
6870.6,0.50048
6871.5,0.50057
6872.4,0.4967
6873.3,0.4995
6874.2,0.49979
6875.1,0.50087
6876.0,0.49753
6876.9,0.49968
6877.8,0.4979
6878.7,0.49755
6879.6,0.49942
6880.5,0.50098
6881.4,0.49972
6882.3,0.49946
6883.2,0.49965
6884.1,0.50098
6885.0,0.49769
6885.9,0.4987
6886.8,0.50097
6887.7,0.49821
6888.6,0.49942
6889.5,0.49833
6890.4,0.50008
6891.3,0.49916
6892.2,0.4986
6893.1,0.49866
6894.0,0.49869
6894.9,0.50064
6895.8,0.49864
6896.7,0.4996
6897.6,0.4996
6898.5,0.49855
6899.4,0.49744
6900.3,0.49886
6901.2,0.49909
6902.1,0.49983
6903.0,0.49763
6903.9,0.49904
6904.8,0.50156
6905.7,0.50142
6906.6,0.50069
6907.51,0.5005
6908.41,0.49797
6909.31,0.49944
6910.21,0.49879
6911.11,0.50116
6912.01,0.49847
6912.91,0.4985
6913.81,0.49677
6914.71,0.49846
6915.61,0.4956
6916.51,0.4943
6917.41,0.49303
6918.31,0.49536
6919.21,0.4944
6920.11,0.49411
6921.01,0.49709
6921.91,0.49678
6922.81,0.49407
6923.71,0.49603
6924.61,0.49805
6925.51,0.49726
6926.41,0.49821
6927.31,0.49806
6928.21,0.49796
6929.11,0.4977
6930.01,0.49689
6930.91,0.49847
6931.81,0.49807
6932.71,0.49695
6933.61,0.49633
6934.51,0.49874
6935.41,0.49769
6936.31,0.49691
6937.21,0.49557
6938.11,0.49722
6939.01,0.49933
6939.91,0.49868
6940.81,0.49419
6941.71,0.49786
6942.61,0.49723
6943.52,0.49648
6944.42,0.49493
6945.31,0.49599
6946.22,0.49366
6947.12,0.49552
6948.02,0.49391
6948.92,0.49445
6949.82,0.49452
6950.72,0.4949
6951.62,0.49457
6952.52,0.49637
6953.42,0.4975
6954.32,0.49582
6955.22,0.49608
6956.12,0.49691
6957.02,0.4951
6957.92,0.49524
6958.82,0.49721
6959.72,0.49826
6960.62,0.4977
6961.52,0.49743
6962.42,0.49626
6963.32,0.49892
6964.22,0.49609
6965.12,0.49559
6966.02,0.49713
6966.92,0.49557
6967.82,0.49705
6968.72,0.49678
6969.62,0.4964
6970.52,0.4948
6971.42,0.49719
6972.32,0.4952
6973.22,0.49473
6974.12,0.49466
6975.02,0.49498
6975.92,0.49251
6976.82,0.4923
6977.72,0.49094
6978.62,0.48902
6979.52,0.48846
6980.42,0.48688
6981.33,0.48858
6982.23,0.48915
6983.12,0.48856
6984.03,0.4921
6984.93,0.49185
6985.83,0.49243
6986.73,0.49186
6987.63,0.49217
6988.53,0.49229
6989.43,0.49532
6990.33,0.4929
6991.23,0.49376
6992.13,0.49443
6993.03,0.49405
6993.93,0.49498
6994.83,0.49463
6995.73,0.49454
6996.63,0.49342
6997.53,0.49565
6998.43,0.49357
6999.33,0.49377
7000.23,0.49195
7001.13,0.49407
7002.03,0.49115
7002.93,0.49131
7003.83,0.49282
7004.73,0.49145
7005.63,0.49075
7006.53,0.49212
7007.43,0.49271
7008.33,0.48975
7009.23,0.49227
7010.13,0.49142
7011.03,0.49123
7011.93,0.49088
7012.83,0.49086
7013.73,0.48998
7014.63,0.48819
7015.53,0.49007
7016.43,0.48962
7017.33,0.48905
7018.23,0.49019
7019.14,0.49055
7020.04,0.4898
7020.94,0.48869
7021.84,0.48881
7022.74,0.49061
7023.64,0.49073
7024.54,0.48962
7025.44,0.48952
7026.34,0.49153
7027.24,0.4909
7028.14,0.49219
7029.04,0.49185
7029.94,0.48924
7030.84,0.49082
7031.74,0.49041
7032.64,0.49259
7033.54,0.49099
7034.44,0.49097
7035.34,0.49132
7036.24,0.49077
7037.14,0.49001
7038.04,0.49099
7038.94,0.48981
7039.84,0.49113
7040.74,0.49266
7041.64,0.49162
7042.54,0.48995
7043.44,0.49363
7044.34,0.49531
7045.24,0.49307
7046.14,0.49524
7047.04,0.49466
7047.94,0.49333
7048.84,0.49549
7049.74,0.49567
7050.64,0.49514
7051.54,0.49287
7052.44,0.49272
7053.34,0.4924
7054.25,0.49199
7055.15,0.48811
7056.04,0.48815
7056.95,0.48918
7057.85,0.49005
7058.75,0.48925
7059.65,0.4897
7060.55,0.48845
7061.45,0.48745
7062.35,0.48738
7063.25,0.48884
7064.15,0.4872
7065.05,0.48823
7065.95,0.48756
7066.85,0.48771
7067.75,0.4883
7068.65,0.48731
7069.55,0.48837
7070.45,0.48937
7071.35,0.48978
7072.25,0.49063
7073.15,0.48784
7074.05,0.48888
7074.95,0.4901
7075.85,0.48826
7076.75,0.48994
7077.65,0.4903
7078.55,0.48897
7079.45,0.49047
7080.35,0.49023
7081.25,0.4871
7082.15,0.48591
7083.05,0.48578
7083.95,0.48307
7084.85,0.48261
7085.75,0.48089
7086.65,0.48113
7087.55,0.47766
7088.45,0.47783
7089.35,0.47667
7090.25,0.47692
7091.15,0.47635
7092.06,0.47543
7092.96,0.47453
7093.85,0.47496
7094.76,0.47423
7095.66,0.47538
7096.56,0.47622
7097.46,0.476
7098.36,0.47869
7099.26,0.47843
7100.16,0.47943
7101.06,0.48079
7101.96,0.48065
7102.86,0.48178
7103.76,0.48269
7104.66,0.48204
7105.56,0.48329
7106.46,0.48318
7107.36,0.48354
7108.26,0.48124
7109.16,0.48268
7110.06,0.48199
7110.96,0.483
7111.86,0.48296
7112.76,0.48255
7113.66,0.48407
7114.56,0.48204
7115.46,0.4831
7116.36,0.48203
7117.26,0.48327
7118.16,0.48531
7119.06,0.48339
7119.96,0.48348
7120.86,0.48199
7121.76,0.48273
7122.66,0.48275
7123.56,0.48378
7124.46,0.48005
7125.36,0.47989
7126.26,0.47883
7127.16,0.48018
7127.27,0.48109
7128.17,0.47826
7129.07,0.47907
7129.96,0.47653
7130.86,0.4776
7131.75,0.47624
7132.65,0.47607
7133.55,0.47627
7134.44,0.4759
7135.34,0.476
7136.23,0.47639
7137.13,0.47749
7138.03,0.47702
7138.92,0.47797
7139.82,0.47677
7140.71,0.47991
7141.61,0.47949
7142.5,0.47694
7143.4,0.47666
7144.3,0.4748
7145.19,0.47588
7146.09,0.47475
7146.98,0.47324
7147.88,0.47369
7148.78,0.47356
7149.67,0.47273
7150.57,0.47294
7151.46,0.47414
7152.36,0.4754
7153.26,0.47425
7154.15,0.47403
7155.05,0.47737
7155.94,0.47875
7156.84,0.47677
7157.74,0.47868
7158.63,0.47903
7159.53,0.47903
7160.42,0.47915
7161.32,0.48087
7162.21,0.48233
7163.11,0.48199
7164.01,0.48522
7164.9,0.48485
7165.8,0.48552
7166.69,0.48674
7167.59,0.48658
7168.49,0.48798
7169.38,0.48994
7170.28,0.49151
7171.17,0.49084
7172.07,0.49143
7172.96,0.49151
7173.86,0.49505
7174.76,0.49285
7175.65,0.49241
7176.55,0.49062
7177.44,0.49092
7178.34,0.49151
7179.24,0.48881
7180.13,0.48922
7181.03,0.49074
7181.92,0.48816
7182.82,0.48762
7183.72,0.48543
7184.61,0.4847
7185.51,0.48544
7186.4,0.48581
7187.3,0.48646
7188.19,0.48547
7189.09,0.48539
7189.99,0.48553
7190.88,0.48512
7191.78,0.48486
7192.67,0.48519
7193.57,0.48617
7194.47,0.48506
7195.36,0.48618
7196.26,0.48622
7197.15,0.48651
7198.05,0.48684
7198.95,0.48598
7199.84,0.48621
7200.74,0.48453
7201.63,0.48582
7202.53,0.48553
7203.43,0.48467
7204.32,0.48502
7205.22,0.48308
7206.11,0.48573
7207.01,0.48454
7207.9,0.48492
7208.8,0.4825
7209.7,0.48501
7210.59,0.48434
7211.49,0.48441
7212.38,0.48621
7213.28,0.48644
7214.18,0.4849
7215.07,0.487
7215.97,0.48822
7216.86,0.48931
7217.76,0.48636
7218.66,0.48779
7219.55,0.48846
7220.45,0.48953
7221.34,0.48944
7222.24,0.4863
7223.13,0.4903
7224.03,0.49069
7224.93,0.4906
7225.82,0.4892
7226.72,0.49275
7227.61,0.49252
7228.51,0.49117
7229.41,0.49046
7230.3,0.49252
7231.2,0.49284
7232.09,0.49276
7232.99,0.49266
7233.89,0.49416
7234.78,0.49221
7235.68,0.49327
7236.57,0.49182
7237.47,0.49365
7238.36,0.49116
7239.26,0.49113
7240.16,0.49185
7241.05,0.48986
7241.95,0.49132
7242.84,0.48936
7243.74,0.49064
7244.64,0.48927
7245.53,0.48814
7246.43,0.48668
7247.32,0.48914
7248.22,0.48833
7249.12,0.49026
7250.01,0.48712
7250.91,0.48961
7251.8,0.48945
7252.7,0.48673
7253.6,0.48827
7254.49,0.48807
7255.39,0.49051
7256.28,0.48869
7257.18,0.48918
7258.07,0.48634
7258.97,0.4882
7259.87,0.49127
7260.76,0.48886
7261.66,0.48702
7262.55,0.48819
7263.45,0.48728
7264.35,0.49053
7265.24,0.48875
7266.14,0.48878
7267.03,0.4876
7267.93,0.48854
7268.83,0.49009
7269.72,0.49018
7270.62,0.48853
7271.51,0.48726
7272.41,0.49054
7273.3,0.48848
7274.2,0.48879
7275.1,0.49077
7275.99,0.48836
7276.89,0.488
7277.78,0.48797
7278.68,0.48854
7279.58,0.48847
7280.47,0.48773
7281.37,0.48627
7282.26,0.48644
7283.16,0.48524
7284.06,0.48389
7284.95,0.48378
7285.85,0.48474
7286.74,0.48388
7287.64,0.48211
7288.53,0.48173
7289.43,0.47979
7290.33,0.47984
7291.22,0.47788
7292.12,0.47992
7293.01,0.4811
7293.91,0.47907
7294.81,0.48024
7295.7,0.48165
7296.6,0.48187
7297.49,0.4836
7298.39,0.4831
7299.29,0.48503
7300.18,0.48441
7301.08,0.48648
7301.97,0.48563
7302.87,0.48574
7303.76,0.48384
7304.66,0.48195
7305.56,0.48462
7306.45,0.48466
7307.35,0.48316
7308.24,0.48438
7309.14,0.48385
7310.04,0.48329
7310.93,0.48333
7311.83,0.48307
7312.72,0.48272
7313.62,0.48552
7314.52,0.48189
7315.41,0.48284
7316.31,0.48346
7317.2,0.48307
7318.1,0.48242
7318.99,0.48363
7319.89,0.48241
7320.79,0.47942
7321.68,0.48316
7322.58,0.48171
7323.47,0.47938
7324.37,0.48033
7325.27,0.48064
7326.16,0.47798
7327.06,0.47868
7327.95,0.47897
7328.85,0.4811
7329.75,0.47932
7330.64,0.47955
7331.54,0.48063
7332.43,0.4813
7333.33,0.48023
7334.22,0.48095
7335.12,0.48112
7336.02,0.4814
7336.91,0.48279
7337.81,0.48238
7338.7,0.48111
7339.6,0.48274
7340.5,0.48219
7341.39,0.48095
7342.29,0.48266
7343.18,0.48162
7344.08,0.48109
7344.98,0.4806
7345.87,0.47934
7346.77,0.48248
7347.66,0.48044
7348.56,0.48013
7349.45,0.47857
7350.35,0.47772
7351.25,0.47549
7352.14,0.47729
7353.04,0.47779
7353.93,0.47619
7354.83,0.47531
7355.73,0.47485
7356.62,0.47488
7357.52,0.4752
7358.41,0.4745
7359.31,0.47368
7360.21,0.47317
7361.1,0.47175
7362.0,0.4736
7362.89,0.47311
7363.79,0.47366
7364.69,0.47387
7365.58,0.474
7366.48,0.4742
7367.37,0.47408
7368.27,0.4741
7369.16,0.47421
7370.06,0.47517
7370.96,0.47595
7371.85,0.47691
7372.75,0.47566
7373.64,0.47614
7374.54,0.4768
7375.44,0.47593
7376.33,0.47642
7377.23,0.47736
7378.12,0.4746
7379.02,0.47355
7379.92,0.4734
7380.81,0.47633
7381.71,0.47257
7382.6,0.47228
7383.5,0.47102
7384.39,0.4704
7385.29,0.47025
7386.19,0.4665
7387.08,0.46832
7387.98,0.46702
7388.87,0.46709
7389.77,0.46709
7390.67,0.4668
7391.56,0.46755
7392.46,0.46606
7393.35,0.46678
7394.25,0.46647
7395.15,0.46657
7396.04,0.46792
7396.94,0.46844
7397.83,0.46701
7398.73,0.4696
7399.62,0.46747
7400.52,0.46853
7401.42,0.46779
7402.31,0.46851
7403.21,0.46642
7404.1,0.46787
7405.0,0.46771
7405.9,0.46773
7406.79,0.46452
7407.69,0.46335
7408.58,0.46259
7409.48,0.46116
7410.38,0.45895
7411.27,0.45838
7412.17,0.4553
7413.06,0.45488
7413.96,0.45301
7414.85,0.45285
7415.75,0.44955
7416.65,0.45025
7417.54,0.45033
7418.44,0.45076
7419.33,0.4498
7420.23,0.45253
7421.13,0.4518
7422.02,0.45433
7422.92,0.4556
7423.81,0.4568
7424.71,0.45799
7425.6,0.45892
7426.5,0.4602
7427.4,0.46226
7428.29,0.46302
7429.19,0.46651
7431.68,0.46882
7434.18,0.46911
7436.67,0.4691
7439.17,0.47065
7441.66,0.46686
7444.16,0.46638
7446.66,0.4678
7449.15,0.4655
7451.65,0.46711
7454.14,0.46848
7456.64,0.46683
7459.13,0.4696
7461.63,0.46763
7464.12,0.46785
7466.62,0.46719
7469.11,0.47045
7471.61,0.4689
7474.1,0.46897
7476.6,0.4668
7479.09,0.46741
7481.59,0.46739
7484.08,0.46664
7486.58,0.46617
7489.07,0.46573
7491.57,0.46449
7494.06,0.46409
7496.56,0.46276
7499.05,0.46417
7501.55,0.46428
7504.04,0.46479
7506.54,0.46546
7509.03,0.46461
7511.53,0.46285
7514.02,0.46241
7516.52,0.46403
7519.01,0.46495
7521.51,0.46475
7524.0,0.46419
7526.5,0.46276
7528.99,0.46264
7531.49,0.46344
7533.99,0.464
7536.48,0.4654
7538.98,0.46581
7541.47,0.46501
7543.97,0.46489
7546.46,0.46387
7548.96,0.46467
7551.45,0.46324
7553.95,0.4621
7556.44,0.4623
7558.94,0.46184
7561.43,0.46207
7563.93,0.46152
7566.42,0.46196
7568.92,0.46156
7571.41,0.46071
7573.91,0.46012
7576.4,0.46062
7578.9,0.46167
7581.39,0.45956
7583.89,0.45885
7586.38,0.45818
7588.88,0.45776
7591.37,0.45733
7593.87,0.4592
7596.36,0.46069
7598.86,0.45902
7601.35,0.4607
7603.85,0.45872
7606.34,0.4578
7608.84,0.45786
7611.33,0.45648
7613.83,0.4565
7616.33,0.45543
7618.82,0.45318
7621.32,0.45443
7623.81,0.45455
7626.31,0.45601
7628.8,0.45743
7631.3,0.45722
7633.79,0.45818
7636.29,0.45796
7638.78,0.45713
7641.28,0.45611
7643.77,0.45671
7646.27,0.45713
7648.76,0.45663
7651.26,0.45421
7653.75,0.45185
7656.25,0.44896
7658.74,0.44491
7661.24,0.44312
7663.73,0.43976
7666.23,0.43973
7668.72,0.44111
7671.22,0.44459
7673.71,0.44854
7676.21,0.4502
7678.7,0.4518
7681.2,0.45246
7683.69,0.45251
7686.19,0.45186
7688.69,0.45105
7691.18,0.45033
7693.68,0.44931
7696.17,0.44745
7698.67,0.44549
7701.16,0.44554
7703.66,0.44629
7706.15,0.44773
7708.65,0.44746
7711.14,0.44732
7713.64,0.44535
7716.13,0.4464
7718.63,0.44556
7721.12,0.44686
7723.62,0.44802
7726.11,0.4474
7728.61,0.44848
7731.1,0.44886
7733.6,0.4502
7736.09,0.45157
7738.59,0.45077
7741.08,0.45152
7743.58,0.44838
7746.07,0.44709
7748.57,0.44525
7751.06,0.44501
7753.56,0.44591
7756.05,0.44786
7758.55,0.44901
7761.04,0.45011
7763.54,0.45103
7766.03,0.45208
7768.53,0.45074
7771.03,0.45169
7773.52,0.45097
7776.02,0.45095
7778.51,0.45069
7781.01,0.45016
7783.5,0.44884
7786.0,0.44685
7788.49,0.44676
7790.99,0.4458
7793.48,0.4457
7795.98,0.44538
7798.47,0.44496
7800.97,0.44486
7803.46,0.446
7805.96,0.44509
7808.45,0.4462
7810.95,0.4464
7813.44,0.44552
7815.94,0.4464
7818.43,0.44661
7820.93,0.44603
7823.42,0.44643
7825.92,0.44695
7828.41,0.44401
7830.91,0.44304
7833.4,0.44265
7835.9,0.44081
7838.39,0.44015
7840.89,0.44099
7843.38,0.44147
7845.88,0.44169
7848.38,0.44227
7850.87,0.44172
7853.37,0.44168
7855.86,0.44228
7858.36,0.44216
7860.85,0.44281
7863.35,0.44277
7865.84,0.44254
7868.34,0.44177
7870.83,0.44317
7873.33,0.44248
7875.82,0.44146
7878.32,0.44125
7880.81,0.44006
7883.31,0.44084
7885.8,0.4404
7888.3,0.43914
7890.79,0.44031
7893.29,0.43976
7895.78,0.4402
7898.28,0.44018
7900.77,0.43932
7903.27,0.43861
7905.76,0.43689
7908.26,0.4377
7910.75,0.43382
7913.25,0.43401
7915.74,0.43325
7918.24,0.43217
7920.73,0.43298
7923.23,0.43389
7925.73,0.4342
7928.22,0.43353
7930.71,0.43231
7933.21,0.43193
7935.71,0.43017
7938.2,0.42918
7940.7,0.42856
7943.19,0.42823
7945.69,0.42731
7948.18,0.428
7950.68,0.42818
7953.17,0.4309
7955.67,0.43249
7958.16,0.4325
7960.66,0.43287
7963.15,0.43352
7965.65,0.4334
7968.14,0.43358
7970.64,0.43271
7973.13,0.43319
7975.63,0.43275
7978.12,0.43169
7980.62,0.43077
7983.11,0.43009
7985.61,0.42967
7988.1,0.42853
7990.6,0.42791
7993.09,0.42797
7995.59,0.42837
7998.08,0.42745
8000.58,0.42683
8003.07,0.42779
8005.57,0.42925
8008.06,0.43024
8010.56,0.43064
8013.06,0.43125
8015.55,0.43283
8018.05,0.43201
8020.54,0.43048
8023.04,0.42987
8025.53,0.4278
8028.03,0.42647
8030.52,0.4262
8033.02,0.42766
8035.51,0.42701
8038.01,0.42841
8040.5,0.42902
8043.0,0.42664
8045.49,0.42458
8047.99,0.42317
8050.48,0.42357
8052.98,0.42458
8055.47,0.42466
8057.97,0.42548
8060.46,0.42435
8062.96,0.42566
8065.45,0.42406
8067.95,0.42538
8070.44,0.42298
8072.94,0.42218
8075.43,0.42194
8077.93,0.4218
8080.42,0.42191
8082.92,0.42263
8085.41,0.42236
8087.91,0.42184
8090.4,0.42137
8092.9,0.42072
8095.4,0.42036
8097.89,0.42072
8100.39,0.42112
8102.88,0.42099
8105.38,0.42077
8107.87,0.42169
8110.37,0.4213
8112.86,0.42083
8115.36,0.42005
8117.85,0.42204
8120.35,0.42027
8122.84,0.42048
8125.34,0.42087
8127.83,0.42089
8130.33,0.42083
8132.82,0.42069
8135.32,0.41991
8137.81,0.42015
8140.31,0.42086
8142.8,0.41966
8145.3,0.41942
8147.79,0.42081
8150.29,0.41944
8152.78,0.41931
8155.28,0.41928
8157.77,0.41974
8160.27,0.41948
8162.76,0.41868
8165.26,0.41879
8167.75,0.41945
8170.25,0.41861
8172.75,0.41872
8175.24,0.41858
8177.74,0.41714
8180.23,0.41554
8182.73,0.41428
8185.22,0.41167
8187.72,0.41198
8190.21,0.41161
8192.71,0.41094
8195.2,0.41053
8197.7,0.40901
8200.19,0.41029
8202.69,0.40939
8205.18,0.41234
8207.68,0.41206
8210.17,0.41348
8212.67,0.41369
8215.16,0.41337
8217.66,0.41308
8220.15,0.41372
8222.65,0.41314
8225.14,0.41459
8227.64,0.41596
8230.13,0.41491
8232.63,0.41568
8235.12,0.41502
8237.62,0.41427
8240.11,0.41418
8242.61,0.4142
8245.1,0.41447
8247.6,0.41193
8250.1,0.41342
8252.59,0.41251
8255.08,0.4124
8257.58,0.41189
8260.08,0.41386
8262.57,0.41419
8265.07,0.41474
8267.56,0.41462
8270.06,0.41313
8272.55,0.41413
8275.05,0.41396
8277.54,0.41407
8280.04,0.41342
8282.53,0.41295
8285.03,0.41254
8287.52,0.41312
8290.02,0.41257
8292.51,0.41212
8295.01,0.41072
8297.5,0.41141
8300.0,0.41024
8302.49,0.41037
8304.99,0.40923
8307.48,0.40897
8309.98,0.40738
8312.47,0.40958
8314.97,0.40911
8317.46,0.40923
8319.96,0.4087
8322.46,0.40795
8324.95,0.40688
8327.44,0.40421
8329.94,0.40249
8332.43,0.40265
8334.93,0.4022
8337.43,0.40359
8339.92,0.40351
8342.42,0.40513
8344.91,0.40501
8347.41,0.40645
8349.9,0.40564
8352.4,0.40607
8354.89,0.40684
8357.39,0.40621
8359.88,0.40596
8362.38,0.40566
8364.87,0.40409
8367.37,0.40474
8369.86,0.40547
8372.36,0.40571
8374.85,0.40575
8377.35,0.40438
8379.84,0.40219
8382.34,0.40073
8384.83,0.39896
8387.33,0.39804
8389.82,0.39807
8392.32,0.39967
8394.81,0.4008
8397.31,0.40303
8399.8,0.40422
8402.3,0.40309
8404.79,0.4048
8407.29,0.40334
8409.79,0.40354
8412.28,0.40263
8414.78,0.40216
8417.27,0.40165
8419.77,0.40137
8422.26,0.40061
8424.76,0.40089
8427.25,0.39911
8429.75,0.39863
8432.24,0.39654
8434.74,0.39604
8437.23,0.39486
8439.73,0.3957
8442.22,0.39627
8444.72,0.39945
8447.21,0.40118
8449.71,0.40164
8452.2,0.4008
8454.7,0.40186
8457.19,0.40178
8459.69,0.40082
8462.18,0.39894
8464.68,0.39701
8467.17,0.39586
8469.67,0.39322
8472.16,0.39471
8474.66,0.39531
8477.15,0.39682
8479.65,0.39843
8482.14,0.39852
8484.64,0.39767
8487.13,0.39706
8489.63,0.3949
8492.12,0.3888
8494.62,0.38101
8497.12,0.37257
8499.61,0.36815
8502.11,0.36808
8504.6,0.37229
8507.1,0.37813
8509.59,0.38376
8512.09,0.3866
8514.58,0.38779
8517.08,0.3876
8519.57,0.38722
8522.07,0.38919
8524.56,0.39003
8527.06,0.39003
8529.55,0.38893
8532.05,0.38421
8534.54,0.37594
8537.04,0.36232
8539.53,0.34568
8542.03,0.3321
8544.52,0.32609
8547.02,0.3307
8549.51,0.34452
8552.01,0.35927
8554.5,0.37313
8557.0,0.38019
8559.49,0.3841
8561.99,0.38805
8564.48,0.38842
8566.98,0.3904
8569.47,0.39007
8571.97,0.3909
8574.47,0.39058
8576.96,0.39096
8579.46,0.39059
8581.95,0.38959
8584.45,0.38979
8586.94,0.3884
8589.44,0.38802
8591.93,0.38787
8594.43,0.38558
8596.92,0.38298
8599.42,0.3833
8601.91,0.38219
8604.41,0.38228
8606.9,0.38364
8609.4,0.38419
8611.89,0.38428
8614.39,0.38547
8616.88,0.384
8619.38,0.3844
8621.87,0.3849
8624.37,0.38424
8626.86,0.38433
8629.36,0.38596
8631.85,0.38759
8634.35,0.38824
8636.84,0.38773
8639.34,0.38821
8641.83,0.38862
8644.33,0.38652
8646.83,0.38607
8649.32,0.38462
8651.82,0.37905
8654.31,0.37178
8656.8,0.36104
8659.3,0.34746
8661.8,0.3348
8664.29,0.32942
8666.79,0.33067
8669.28,0.3402
8671.78,0.35284
8674.27,0.36268
8676.77,0.37035
8679.26,0.37394
8681.76,0.37811
8684.25,0.37817
8686.75,0.37763
8689.24,0.37737
8691.74,0.37739
8694.23,0.37827
8696.73,0.3792
8699.22,0.38129
8701.72,0.38179
8704.21,0.38285
8706.71,0.38203
8709.2,0.38152
8711.7,0.38024
8714.19,0.37998
8716.69,0.38077
8719.18,0.38164
8721.68,0.38294
8724.17,0.38292
8726.67,0.38349
8729.17,0.38264
8731.66,0.38231
8734.16,0.38078
8736.65,0.37918
8739.15,0.37849
8741.64,0.37549
8744.14,0.37401
8746.63,0.37105
8749.13,0.36942
8751.62,0.36813
8754.12,0.36737
8756.61,0.36812
8759.11,0.36968
8761.6,0.37309
8764.1,0.37452
8766.59,0.37619
8769.09,0.37665
8771.58,0.37717
8774.08,0.37764
8776.57,0.37769
8779.07,0.37882
8781.56,0.37892
8784.06,0.37844
8786.55,0.37924
8789.05,0.37818
8791.54,0.37764
8794.04,0.3767
8796.53,0.37659
8799.03,0.37518
8801.52,0.37413
8804.02,0.37205
8806.51,0.3699
8809.01,0.36806
8811.5,0.37065
8814.0,0.37247
8816.5,0.37553
8818.99,0.37601
8821.49,0.37614
8823.98,0.37595
8826.48,0.37553
8828.97,0.37496
8831.47,0.37675
8833.96,0.37746
8836.46,0.37683
8838.95,0.3775
8841.45,0.37627
8843.94,0.37756
8846.44,0.3769
8848.93,0.37741
8851.43,0.37672
8853.92,0.37457
8856.42,0.3721
8858.91,0.36988
8861.41,0.36641
8863.9,0.36343
8866.4,0.36263
8868.89,0.36268
8871.39,0.36584
8873.88,0.36944
8876.38,0.37152
8878.87,0.37312
8881.37,0.37421
8883.87,0.3757
8886.36,0.37708
8888.86,0.3774
8891.35,0.37621
8893.84,0.3766
8896.34,0.37702
8898.84,0.37599
8901.33,0.37609
8903.83,0.37638
8906.32,0.3762
8908.82,0.37512
8911.31,0.37458
8913.81,0.37356
8916.3,0.37248
8918.8,0.37169
8921.29,0.37117
8923.79,0.36933
8926.28,0.37068
8928.78,0.36942
8931.27,0.36946
8933.77,0.36974
8936.26,0.37077
8938.76,0.37035
8941.25,0.37098
8943.75,0.37023
8946.24,0.36964
8948.74,0.36989
8951.23,0.36982
8953.73,0.37195
8956.22,0.37201
8958.72,0.37221
8961.21,0.37327
8963.71,0.37294
8966.2,0.37141
8968.7,0.371
8971.2,0.3702
8973.69,0.36897
8976.19,0.36889
8978.68,0.36887
8981.18,0.36915
8983.67,0.36957
8986.17,0.36892
8988.66,0.37019
8991.16,0.36949
8993.65,0.36784
8996.15,0.36664
8998.64,0.36499
9001.14,0.36245
9003.63,0.35966
9006.13,0.35703
9008.62,0.35338
9011.12,0.34995
9013.61,0.34641
9016.11,0.34486
9018.6,0.34592
9021.1,0.34784
9023.59,0.35117
9026.09,0.35474
9028.58,0.3576
9031.08,0.36057
9033.57,0.36198
9036.07,0.3645
9038.56,0.36455
9041.06,0.36557
9043.55,0.36617
9046.05,0.36698
9048.54,0.36764
9051.04,0.36695
9053.54,0.3667
9056.03,0.3653
9058.53,0.36459
9061.02,0.36271
9063.52,0.36292
9066.01,0.36284
9068.51,0.36256
9071.0,0.36336
9073.5,0.36221
9075.99,0.36258
9078.49,0.36206
9080.98,0.36033
9083.48,0.3585
9085.97,0.35704
9088.47,0.35509
9090.96,0.35383
9093.46,0.35491
9095.95,0.35539
9098.45,0.3569
9100.94,0.35953
9103.44,0.35974
9105.93,0.3608
9108.43,0.3605
9110.92,0.35976
9113.42,0.35935
9115.91,0.35835
9118.41,0.35887
9120.9,0.35904
9123.4,0.35949
9125.89,0.35993
9128.39,0.36045
9130.88,0.36095
9133.38,0.36076
9135.88,0.35985
9138.37,0.35888
9140.87,0.35759
9143.36,0.35618
9145.86,0.35573
9148.35,0.35583
9150.85,0.3547
9153.34,0.35511
9155.84,0.35547
9158.33,0.35555
9160.83,0.35543
9163.32,0.35551
9165.82,0.35441
9168.31,0.35327
9170.81,0.35183
9173.3,0.35141
9175.8,0.35182
9178.29,0.35046
9180.79,0.35179
9183.28,0.35246
9185.78,0.35205
9188.27,0.35177
9190.77,0.35138
9193.26,0.3506
9195.76,0.3514
9198.25,0.35093
9200.75,0.3508
9203.24,0.35028
9205.74,0.34866
9208.24,0.34814
9210.73,0.34624
9213.23,0.34541
9215.72,0.34359
9218.22,0.34362
9220.71,0.34164
9223.21,0.34026
9225.7,0.33773
9228.2,0.33688
9230.69,0.33539
9233.19,0.33548
9235.68,0.33647
9238.18,0.33945
9240.67,0.34092
9243.17,0.34264
9245.66,0.34473
9248.16,0.34387
9250.65,0.34418
9253.15,0.34423
9255.64,0.34392
9258.14,0.34442
9260.63,0.34398
9263.13,0.34527
9265.62,0.34706
9268.12,0.34763
9270.61,0.34804
9273.11,0.34776
9275.6,0.34731
9278.1,0.34655
9280.59,0.34653
9283.09,0.34486
9285.58,0.34468
9288.08,0.34358
9290.58,0.34503
9293.07,0.34353
9295.57,0.34413
9298.06,0.34437
9300.56,0.34456
9303.05,0.34356
9305.55,0.34427
9308.04,0.34409
9310.54,0.34495
9313.03,0.34452
9315.53,0.34414
9318.02,0.34376
9320.52,0.34421
9323.01,0.34426
9325.51,0.34522
9328.0,0.34379
9330.5,0.3447
9332.99,0.34464
9335.49,0.34482
9337.98,0.34407
9340.48,0.34479
9342.97,0.34555
9345.47,0.34473
9347.96,0.34385
9350.46,0.34234
9352.95,0.34202
9355.45,0.34027
9357.94,0.34026
9360.44,0.33853
9362.93,0.33898
9365.43,0.33948
9367.92,0.33869
9370.42,0.33962
9372.92,0.33882
9375.41,0.33858
9377.91,0.33901
9380.4,0.33949
9382.9,0.33935
9385.39,0.3399
9387.89,0.33958
9390.38,0.3394
9392.88,0.33994
9395.37,0.33882
9397.87,0.33876
9400.36,0.33752
9402.86,0.3358
9405.35,0.33503
9407.85,0.33357
9410.34,0.33197
9412.84,0.33106
9415.33,0.33142
9417.83,0.33169
9420.32,0.33254
9422.82,0.33384
9425.31,0.33539
9427.81,0.33515
9430.3,0.33531
9432.8,0.33583
9435.29,0.33466
9437.79,0.33405
9440.28,0.33378
9442.78,0.33291
9445.27,0.33316
9447.77,0.33316
9450.27,0.33298
9452.76,0.33315
9455.25,0.3334
9457.75,0.33477
9460.25,0.33466
9462.74,0.3342
9465.24,0.33453
9467.73,0.33517
9470.23,0.33529
9472.72,0.33504
9475.22,0.33541
9477.71,0.33415
9480.21,0.33484
9482.7,0.33413
9485.2,0.33389
9487.69,0.33428
9490.19,0.33451
9492.68,0.33418
9495.18,0.33429
9497.67,0.33412
9500.17,0.33333
9502.66,0.33363
9505.16,0.33304
9507.65,0.33317
9510.15,0.33373
9512.64,0.33304
9515.14,0.33318
9517.63,0.33361
9520.13,0.33333
9522.62,0.33305
9525.12,0.33267
9527.61,0.3319
9530.11,0.33205
9532.61,0.33014
9535.1,0.32895
9537.6,0.32529
9540.09,0.32351
9542.59,0.31873
9545.08,0.31674
9547.58,0.31581
9550.07,0.31618
9552.57,0.31874
9555.06,0.322
9557.56,0.324
9560.05,0.32662
9562.55,0.32817
9565.04,0.3286
9567.54,0.32966
9570.03,0.32856
9572.53,0.32883
9575.02,0.32753
9577.52,0.32936
9580.01,0.3286
9582.51,0.32945
9585.0,0.3296
9587.5,0.32916
9589.99,0.32969
9592.49,0.32865
9594.98,0.32844
9597.48,0.32746
9599.97,0.32681
9602.47,0.32701
9604.96,0.32565
9607.46,0.32646
9609.96,0.32733
9612.45,0.32828
9614.95,0.32723
9617.44,0.32854
9619.94,0.32766
9622.43,0.32736
9624.93,0.32654
9627.42,0.32694
9629.92,0.32678
9632.41,0.32617
9634.91,0.32478
9637.4,0.32511
9639.9,0.32374
9642.39,0.32442
9644.89,0.32342
9647.38,0.32291
9649.88,0.3229
9652.37,0.32404
9654.87,0.32382
9657.36,0.32307
9659.86,0.32285
9662.35,0.32334
9664.85,0.32367
9667.34,0.32323
9669.84,0.32355
9672.33,0.32374
9674.83,0.32276
9677.32,0.32254
9679.82,0.322
9682.31,0.32269
9684.81,0.32271
9687.3,0.3221
9689.8,0.3226
9692.29,0.32194
9694.79,0.32247
9697.29,0.32149
9699.78,0.32202
9702.28,0.32091
9704.77,0.32113
9707.27,0.32083
9709.76,0.32078
9712.26,0.32086
9714.75,0.32085
9717.25,0.32166
9719.74,0.3213
9722.24,0.32081
9724.73,0.32038
9727.23,0.31922
9729.72,0.319
9732.22,0.31895
9734.71,0.31919
9737.21,0.31838
9739.7,0.31845
9742.2,0.3186
9744.69,0.31839
9747.19,0.31829
9749.68,0.3189
9752.18,0.3185
9754.67,0.32058
9757.17,0.32064
9759.66,0.32043
9762.16,0.31992
9764.65,0.3194
9767.15,0.31867
9769.64,0.31852
9772.14,0.31756
9774.64,0.31802
9777.13,0.31807
9779.63,0.31753
9782.12,0.31567
9784.62,0.31513
9787.11,0.31499
9789.61,0.31508
9792.1,0.31632
9794.6,0.31654
9797.09,0.3178
9799.59,0.31798
9802.08,0.31895
9804.58,0.31886
9807.07,0.31904
9809.57,0.31869
9812.06,0.31989
9814.56,0.31949
9817.05,0.31993
9819.55,0.31903
9822.04,0.31911
9824.54,0.31913
9827.03,0.31844
9829.53,0.31875
9832.02,0.31797
9834.52,0.31867
9837.01,0.31832
9839.51,0.31792
9842.0,0.31737
9844.5,0.31842
9847.0,0.31836
9849.49,0.3172
9851.99,0.31703
9854.48,0.31723
9856.98,0.31658
9859.47,0.31641
9861.97,0.31672
9864.46,0.31625
9866.96,0.31643
9869.45,0.3162
9871.95,0.31665
9874.44,0.31649
9876.94,0.31614
9879.43,0.3165
9881.93,0.31527
9884.42,0.3155
9886.92,0.31469
9889.41,0.31457
9891.91,0.3138
9894.4,0.31373
9896.9,0.31371
9899.39,0.3141
9901.89,0.31427
9904.38,0.31379
9906.88,0.31316
9909.37,0.31384
9911.87,0.3133
9914.36,0.31309
9916.86,0.31237
9919.35,0.31319
9921.85,0.31218
9924.34,0.31159
9926.84,0.312
9929.33,0.31191
9931.83,0.3118
9934.33,0.31183
9936.82,0.31221
9939.32,0.31124
9941.81,0.31204
9944.31,0.31109
9946.8,0.31132
9949.3,0.31196
9951.79,0.31187
9954.29,0.31245
9956.78,0.3111
9959.28,0.31144
9961.77,0.31163
9964.27,0.31208
9966.76,0.31231
9969.26,0.31237
9971.75,0.31206
9974.25,0.31169
9976.74,0.31083
9979.24,0.3108
9981.73,0.31097
9984.23,0.30997
9986.72,0.31028
9989.22,0.3104
9991.71,0.30995
9994.21,0.30983
9996.7,0.30944
9999.2,0.3086
10001.7,0.30913
10004.2,0.30891
10006.7,0.30891
10009.2,0.30915
10011.7,0.30892
10014.2,0.30954
10016.7,0.30941
10019.2,0.30959
10021.7,0.30945
10024.2,0.30884
10026.6,0.30873
10029.1,0.3079
10031.6,0.30648
10034.1,0.30604
10036.6,0.30463
10039.1,0.30302
10041.6,0.30144
10044.1,0.29892
10046.6,0.29729
10049.1,0.29586
10051.6,0.29359
10054.1,0.2949
10056.6,0.29563
10059.1,0.29734
10061.6,0.29882
10064.1,0.30046
10066.6,0.30191
10069.1,0.3029
10071.6,0.30333
10074.1,0.30396
10076.5,0.30445
10079.0,0.30501
10081.5,0.30479
10084.0,0.30534
10086.5,0.30531
10089.0,0.30555
10091.5,0.30583
10094.0,0.30599
10096.5,0.30574
10099.0,0.30611
10101.5,0.30611
10104.0,0.30598
10106.5,0.30524
10109.0,0.30501
10111.5,0.30492
10114.0,0.30486
10116.5,0.3041
10119.0,0.30395
10121.5,0.30336
10124.0,0.30325
10126.5,0.30347
10128.9,0.30342
10131.4,0.30238
10133.9,0.30296
10136.4,0.30282
10138.9,0.30298
10141.4,0.30156
10143.9,0.30138
10146.4,0.30106
10148.9,0.30107
10151.4,0.30091
10153.9,0.30124
10156.4,0.30099
10158.9,0.30231
10161.4,0.30185
10163.9,0.30121
10166.4,0.30191
10168.9,0.30185
10171.4,0.30137
10173.9,0.30136
10176.4,0.3008
10178.9,0.30126
10181.3,0.30164
10183.8,0.30015
10186.3,0.30041
10188.8,0.30051
10191.3,0.2992
10193.8,0.29924
10196.3,0.29919
10198.8,0.29861
10201.3,0.29993
10203.8,0.29872
10206.3,0.29972
10208.8,0.29967
10211.3,0.29893
10213.8,0.29794
10216.3,0.29756
10218.8,0.29736
10221.3,0.29695
10223.8,0.29708
10226.3,0.29751
10228.8,0.29867
10231.2,0.29826
10233.7,0.29811
10236.2,0.29861
10238.7,0.29848
10241.2,0.29763
10243.7,0.29795
10246.2,0.29776
10248.7,0.29753
10251.2,0.29733
10253.7,0.2974
10256.2,0.29715
10258.7,0.29574
10261.2,0.29674
10263.7,0.29579
10266.2,0.29587
10268.7,0.29681
10271.2,0.29576
10273.7,0.29618
10276.2,0.29484
10278.7,0.29614
10281.2,0.29498
10283.6,0.29538
10286.1,0.2951
10288.6,0.29478
10291.1,0.29436
10293.6,0.2941
10296.1,0.29493
10298.6,0.29416
10301.1,0.2947
10303.6,0.29424
10306.1,0.29562
10308.6,0.29562
10311.1,0.2949
10313.6,0.29466
10316.1,0.29487
10318.6,0.29386
10321.1,0.29378
10323.6,0.29231
10326.1,0.29111
10328.6,0.29042
10331.1,0.2903
10333.5,0.29015
10336.0,0.29053
10338.5,0.28994
10341.0,0.28922
10343.5,0.29039
10346.0,0.2894
10348.5,0.28983
10351.0,0.28978
10353.5,0.29106
10356.0,0.291
10358.5,0.29141
10361.0,0.29236
10363.5,0.2911
10366.0,0.29205
10368.5,0.29107
10371.0,0.29054
10373.5,0.2897
10376.0,0.28926
10378.5,0.28921
10381.0,0.28923
10383.5,0.28965
10385.9,0.28951
10388.4,0.28982
10390.9,0.28955
10393.4,0.28903
10395.9,0.28843
10398.4,0.28845
10400.9,0.2885
10403.4,0.28776
10405.9,0.28853
10408.4,0.28915
10410.9,0.28953
10413.4,0.28936
10415.9,0.2891
10418.4,0.28899
10420.9,0.2888
10423.4,0.28863
10425.9,0.28808
10428.4,0.28913
10430.9,0.2882
10433.4,0.28782
10435.9,0.2885
10438.3,0.28909
10440.8,0.28895
10443.3,0.28817
10445.8,0.28812
10448.3,0.28822
10450.8,0.28768
10453.3,0.28661
10455.8,0.28634
10458.3,0.28653
10460.8,0.28568
10463.3,0.2859
10465.8,0.28582
10468.3,0.28665
10470.8,0.28642
10473.3,0.28566
10475.8,0.28557
10478.3,0.28639
10480.8,0.28631
10483.3,0.28603
10485.8,0.2861
10488.2,0.28569
10490.7,0.28609
10493.2,0.28482
10495.7,0.28399
10498.2,0.28368
10500.7,0.2842
10503.2,0.2836
10505.7,0.28441
10508.2,0.28435
10510.7,0.28477
10513.2,0.28476
10515.7,0.28447
10518.2,0.2844
10520.7,0.28366
10523.2,0.28403
10525.7,0.28362
10528.2,0.28364
10530.7,0.28346
10533.2,0.28346
10535.7,0.28388
10538.2,0.2828
10540.6,0.28326
10543.1,0.28401
10545.6,0.28356
10548.1,0.28443
10550.6,0.28376
10553.1,0.28382
10555.6,0.28291
10558.1,0.28327
10560.6,0.28352
10563.1,0.28261
10565.6,0.28261
10568.1,0.28218
10570.6,0.28128
10573.1,0.28158
10575.6,0.28152
10578.1,0.28035
10580.6,0.27888
10583.1,0.27802
10585.6,0.27714
10588.1,0.27664
10590.6,0.2769
10593.0,0.27777
10595.5,0.27807
10598.0,0.27862
10600.5,0.27819
10603.0,0.27757
10605.5,0.27723
10608.0,0.27702
10610.5,0.27686
10613.0,0.27813
10615.5,0.27892
10618.0,0.27832
10620.5,0.2791
10623.0,0.28012
10625.5,0.27877
10628.0,0.27878
10630.5,0.27847
10633.0,0.27862
10635.5,0.2787
10638.0,0.2791
10640.5,0.27905
10642.9,0.27886
10645.4,0.27909
10647.9,0.27916
10650.4,0.27897
10652.9,0.27836
10655.4,0.27713
10657.9,0.27615
10660.4,0.2756
10662.9,0.27465
10665.4,0.27425
10667.9,0.27502
10670.4,0.27516
10672.9,0.27643
10675.4,0.27635
10677.9,0.27652
10680.4,0.27546
10682.9,0.27456
10685.4,0.27318
10687.9,0.27212
10690.4,0.2716
10692.9,0.27172
10695.3,0.27201
10697.8,0.27273
10700.3,0.27359
10702.8,0.27416
10705.3,0.2751
10707.8,0.27534
10710.3,0.27538
10712.8,0.2755
10715.3,0.27519
10717.8,0.27502
10720.3,0.27462
10722.8,0.27371
10725.3,0.27223
10727.8,0.27156
10730.3,0.27101
10732.8,0.27099
10735.3,0.27174
10737.8,0.27224
10740.3,0.27214
10742.8,0.27272
10745.3,0.27207
10747.7,0.27165
10750.2,0.27075
10752.7,0.27057
10755.2,0.27082
10757.7,0.27073
10760.2,0.27174
10762.7,0.27199
10765.2,0.2723
10767.7,0.27215
10770.2,0.27335
10772.7,0.27204
10775.2,0.2722
10777.7,0.27082
10780.2,0.26976
10782.7,0.26929
10785.2,0.26877
10787.7,0.26828
10790.2,0.26791
10792.7,0.26862
10795.2,0.26901
10797.6,0.27012
10800.1,0.27046
10802.6,0.27008
10805.1,0.27014
10807.6,0.26903
10810.1,0.2684
10812.6,0.26748
10815.1,0.26744
10817.6,0.26683
10820.1,0.26658
10822.6,0.26515
10825.1,0.26502
10827.6,0.2646
10830.1,0.26419
10832.6,0.26422
10835.1,0.2659
10837.6,0.26642
10840.1,0.26724
10842.6,0.26654
10845.1,0.26729
10847.6,0.26738
10850.0,0.26793
10852.5,0.2682
10855.0,0.26873
10857.5,0.26774
10860.0,0.26717
10862.5,0.26599
10865.0,0.26464
10867.5,0.26413
10870.0,0.262
10872.5,0.262
10875.0,0.26128
10877.5,0.26151
10880.0,0.26287
10882.5,0.26279
10885.0,0.26331
10887.5,0.26297
10890.0,0.26297
10892.5,0.26397
10895.0,0.26383
10897.5,0.2642
10900.0,0.26479
10902.4,0.2649
10904.9,0.26432
10907.4,0.26436
10909.9,0.26432
10912.4,0.26353
10914.9,0.26287
10917.4,0.26239
10919.9,0.26183
10922.4,0.26116
10924.9,0.26046
10927.4,0.25869
10929.9,0.25813
10932.4,0.25618
10934.9,0.25462
10937.4,0.25333
10939.9,0.25267
10942.4,0.25264
10944.9,0.25358
10947.4,0.25428
10949.9,0.25544
10952.3,0.2564
10954.8,0.2564
10957.3,0.25678
10959.8,0.25627
10962.3,0.25598
10964.8,0.25472
10967.3,0.25365
10969.8,0.25435
10972.3,0.25449
10974.8,0.25365
10977.3,0.25433
10979.8,0.25399
10982.3,0.25425
10984.8,0.2545
10987.3,0.25501
10989.8,0.25521
10992.3,0.25576
10994.8,0.25611
10997.3,0.2559
10999.8,0.25663
