wave,flux
3700.85,0.38973
3701.75,0.38498
3702.65,0.37697
3703.55,0.36469
3704.45,0.35147
3705.35,0.34123
3706.25,0.33649
3707.15,0.33874
3708.05,0.34165
3708.96,0.34709
3709.86,0.34939
3710.76,0.35174
3711.66,0.35444
3712.56,0.36163
3713.46,0.37087
3714.36,0.38417
3715.26,0.39617
3716.16,0.40235
3717.06,0.40689
3717.96,0.40178
3718.86,0.38835
3719.76,0.36998
3720.66,0.34795
3721.56,0.33187
3722.46,0.32526
3723.36,0.33016
3724.26,0.34201
3725.16,0.35999
3726.06,0.37884
3726.96,0.39063
3727.86,0.3991
3728.76,0.40427
3729.66,0.40354
3730.56,0.39459
3731.46,0.38236
3732.36,0.36261
3733.26,0.33815
3734.16,0.31828
3735.06,0.30314
3735.96,0.30075
3736.86,0.30772
3737.76,0.32675
3738.66,0.35232
3739.56,0.37588
3740.46,0.39774
3741.36,0.41248
3742.26,0.42023
3743.16,0.41689
3744.06,0.40829
3744.96,0.39701
3745.86,0.38059
3746.76,0.36404
3747.67,0.343
3748.57,0.32493
3749.47,0.30931
3750.37,0.30513
3751.27,0.31266
3752.17,0.32975
3753.07,0.35508
3753.97,0.38243
3754.87,0.40615
3755.77,0.42282
3756.67,0.43146
3757.57,0.43171
3758.47,0.42713
3759.37,0.42478
3760.27,0.4248
3761.17,0.42867
3762.07,0.43081
3762.97,0.43661
3763.87,0.43971
3764.77,0.43657
3765.67,0.43263
3766.57,0.42281
3767.47,0.40893
3768.37,0.39186
3769.27,0.37754
3770.17,0.36377
3771.07,0.35816
3771.97,0.35988
3772.87,0.37237
3773.77,0.38799
3774.67,0.40634
3775.57,0.42572
3776.47,0.4429
3777.37,0.45949
3778.27,0.47303
3779.17,0.48764
3780.07,0.50151
3780.97,0.51055
3781.87,0.5191
3782.77,0.52491
3783.67,0.52633
3784.57,0.52279
3785.47,0.51614
3786.38,0.50402
3787.28,0.49393
3788.18,0.48666
3789.08,0.47771
3789.98,0.47018
3790.88,0.4636
3791.78,0.45433
3792.68,0.44372
3793.58,0.42821
3794.48,0.40986
3795.38,0.38742
3796.28,0.3671
3797.18,0.34811
3798.08,0.33517
3798.98,0.33481
3799.88,0.34444
3800.78,0.36342
3801.68,0.39159
3802.58,0.41889
3803.48,0.44649
3804.38,0.46757
3805.28,0.48312
3806.18,0.49396
3807.08,0.50102
3807.98,0.50849
3808.88,0.51699
3809.78,0.52453
3810.68,0.53002
3811.58,0.5312
3812.48,0.52587
3813.38,0.52253
3814.28,0.51487
3815.18,0.50957
3816.08,0.50839
3816.98,0.50755
3817.88,0.51298
3818.78,0.51097
3819.68,0.51049
3820.58,0.50878
3821.48,0.50494
3822.38,0.49662
3823.28,0.49215
3824.18,0.48414
3825.09,0.47339
3825.99,0.46404
3826.89,0.4533
3827.79,0.44353
3828.69,0.4331
3829.59,0.42582
3830.49,0.40962
3831.39,0.3896
3832.29,0.37053
3833.19,0.3501
3834.09,0.3277
3834.99,0.31148
3835.89,0.30374
3836.79,0.30134
3837.69,0.31035
3838.59,0.32506
3839.49,0.3443
3840.39,0.36757
3841.29,0.39177
3842.19,0.41606
3843.09,0.442
3843.99,0.46198
3844.89,0.47946
3845.79,0.49253
3846.69,0.50392
3847.59,0.51293
3848.49,0.52039
3849.39,0.52594
3850.29,0.53081
3851.19,0.53672
3852.09,0.53846
3852.99,0.54436
3853.89,0.54986
3854.79,0.54956
3855.69,0.54934
3856.59,0.54303
3857.49,0.54074
3858.39,0.53391
3859.29,0.53298
3860.19,0.53365
3861.09,0.53627
3861.99,0.54335
3862.9,0.55286
3863.8,0.55927
3864.7,0.56186
3865.6,0.56807
3866.5,0.57092
3867.4,0.5674
3868.3,0.56685
3869.2,0.56257
3870.1,0.55769
3871.0,0.55033
3871.9,0.54157
3872.8,0.53281
3873.7,0.52673
3874.6,0.52339
3875.5,0.52088
3876.4,0.51774
3877.3,0.5117
3878.2,0.5069
3879.1,0.50035
3880.0,0.49327
3880.9,0.49013
3881.8,0.48781
3882.7,0.47849
3883.6,0.4681
3884.5,0.45198
3885.4,0.43129
3886.3,0.40683
3887.2,0.38511
3888.1,0.36335
3889.0,0.34989
3889.9,0.34479
3890.8,0.35135
3891.7,0.36714
3892.6,0.38608
3893.5,0.40743
3894.4,0.42694
3895.3,0.44631
3896.2,0.45889
3897.1,0.47064
3898.0,0.48294
3898.9,0.49095
3899.8,0.50187
3900.7,0.507
3901.6,0.51179
3902.51,0.51981
3903.41,0.5208
3904.31,0.52286
3905.21,0.52345
3906.11,0.52557
3907.01,0.53067
3907.91,0.53887
3908.81,0.54782
3909.71,0.55871
3910.61,0.56749
3911.51,0.57373
3912.41,0.5787
3913.31,0.57907
3914.21,0.57551
3915.11,0.57174
3916.01,0.56772
3916.91,0.56332
3917.81,0.55888
3918.71,0.5527
3919.61,0.55028
3920.51,0.5459
3921.41,0.54394
3922.31,0.54297
3923.21,0.54137
3924.11,0.53672
3925.01,0.53273
3925.91,0.52188
3926.81,0.50646
3927.71,0.48554
3928.61,0.46028
3929.51,0.42726
3930.41,0.38918
3931.31,0.34913
3932.21,0.30985
3933.11,0.27672
3934.01,0.25549
3934.91,0.25256
3935.81,0.26557
3936.71,0.29344
3937.61,0.33203
3938.51,0.37634
3939.42,0.41487
3940.32,0.4517
3941.22,0.47743
3942.12,0.49635
3943.02,0.50977
3943.92,0.51947
3944.82,0.52685
3945.72,0.53416
3946.62,0.54157
3947.52,0.54328
3948.42,0.54976
3949.32,0.55187
3950.22,0.55168
3951.12,0.55107
3952.02,0.55304
3952.92,0.55425
3953.82,0.55516
3954.72,0.5536
3955.62,0.55067
3956.52,0.54834
3957.42,0.54105
3958.32,0.53321
3959.22,0.52605
3960.12,0.51512
3961.02,0.50169
3961.92,0.48249
3962.82,0.45973
3963.72,0.43062
3964.62,0.39905
3965.52,0.36137
3966.42,0.32375
3967.32,0.28511
3968.22,0.25162
3969.12,0.22837
3970.02,0.21912
3970.92,0.22497
3971.82,0.24664
3972.72,0.27717
3973.62,0.31417
3974.52,0.35358
3975.42,0.3896
3976.32,0.42211
3977.22,0.45237
3978.13,0.4773
3979.03,0.49901
3979.93,0.51621
3980.83,0.52846
3981.73,0.53828
3982.63,0.54735
3983.53,0.55187
3984.43,0.55585
3985.33,0.5646
3986.23,0.57142
3987.13,0.57513
3988.03,0.58289
3988.93,0.58783
3989.83,0.59266
3990.73,0.59841
3991.63,0.60193
3992.53,0.60839
3993.43,0.60892
3994.33,0.60761
3995.23,0.60941
3996.13,0.60587
3997.03,0.60009
3997.93,0.59876
3998.83,0.60241
3999.73,0.6031
4000.63,0.60913
4001.53,0.61577
4002.43,0.62085
4003.33,0.62105
4004.23,0.61898
4005.13,0.61698
4006.03,0.61283
4006.93,0.61217
4007.83,0.6107
4008.73,0.61795
4009.63,0.62154
4010.53,0.62837
4011.43,0.63462
4012.33,0.63833
4013.23,0.63702
4014.13,0.63657
4015.03,0.63717
4015.93,0.6357
4016.84,0.63855
4017.74,0.63795
4018.64,0.64076
4019.54,0.6439
4020.44,0.64736
4021.34,0.64633
4022.24,0.64766
4023.14,0.64721
4024.04,0.64538
4024.94,0.64558
4025.84,0.64637
4026.74,0.64775
4027.64,0.65063
4028.54,0.64706
4029.44,0.64236
4030.34,0.6349
4031.24,0.63011
4032.14,0.61978
4033.04,0.61622
4033.94,0.61656
4034.84,0.62274
4035.74,0.62771
4036.64,0.63855
4037.54,0.65146
4038.44,0.65601
4039.34,0.65962
4040.24,0.66056
4041.14,0.65625
4042.04,0.65439
4042.94,0.6453
4043.84,0.63563
4044.74,0.62963
4045.64,0.61996
4046.54,0.61847
4047.44,0.61701
4048.34,0.62562
4049.24,0.63397
4050.14,0.64269
4051.04,0.64671
4051.94,0.64939
4052.84,0.64735
4053.74,0.6464
4054.65,0.64349
4055.55,0.63649
4056.45,0.63608
4057.35,0.63233
4058.25,0.63421
4059.15,0.63618
4060.05,0.63648
4060.95,0.63623
4061.85,0.63075
4062.75,0.62836
4063.65,0.62164
4064.55,0.61828
4065.45,0.6141
4066.35,0.61634
4067.25,0.61886
4068.15,0.62256
4069.05,0.62615
4069.95,0.62976
4070.85,0.63187
4071.75,0.62988
4072.65,0.62539
4073.55,0.62144
4074.45,0.61842
4075.35,0.61307
4076.25,0.60405
4077.15,0.59609
4078.05,0.59353
4078.95,0.58834
4079.85,0.59286
4080.75,0.59651
4081.65,0.60666
4082.55,0.61035
4083.45,0.61084
4084.35,0.61197
4085.25,0.61304
4086.15,0.61405
4087.05,0.61605
4087.95,0.61889
4088.85,0.62091
4089.75,0.62224
4090.65,0.62295
4091.55,0.61824
4092.45,0.60917
4093.36,0.59896
4094.26,0.58931
4095.16,0.57631
4096.06,0.5619
4096.96,0.54552
4097.86,0.52523
4098.76,0.50342
4099.66,0.47715
4100.56,0.4531
4101.46,0.43294
4102.36,0.41985
4103.26,0.42136
4104.16,0.43046
4105.06,0.4474
4105.96,0.47142
4106.86,0.4952
4107.76,0.5165
4108.66,0.53412
4109.56,0.54473
4110.46,0.55775
4111.36,0.56932
4112.26,0.57742
4113.16,0.58677
4114.06,0.59382
4114.96,0.60605
4115.86,0.61062
4116.76,0.61323
4117.66,0.61478
4118.56,0.61489
4119.46,0.61393
4120.36,0.61239
4121.26,0.61354
4122.16,0.61773
4123.06,0.61734
4123.96,0.62119
4124.86,0.62354
4125.76,0.62592
4126.66,0.62838
4127.56,0.62813
4128.46,0.62679
4129.36,0.62585
4130.26,0.62398
4131.17,0.62011
4132.06,0.61704
4132.97,0.61722
4133.87,0.61459
4134.77,0.61696
4135.67,0.62072
4136.57,0.62936
4137.47,0.63688
4138.37,0.64319
4139.27,0.64831
4140.17,0.64954
4141.07,0.6477
4141.97,0.64182
4142.87,0.63458
4143.77,0.62809
4144.67,0.62872
4145.57,0.62716
4146.47,0.63063
4147.37,0.63452
4148.27,0.63727
4149.17,0.64126
4150.07,0.6432
4150.97,0.6443
4151.87,0.64
4152.77,0.63751
4153.67,0.63635
4154.57,0.63094
4155.47,0.63162
4156.37,0.63128
4157.27,0.63228
4158.17,0.63588
4159.07,0.63686
4159.97,0.64474
4160.87,0.65
4161.77,0.65201
4162.67,0.6537
4163.57,0.65649
4164.47,0.65472
4165.37,0.65595
4166.27,0.65411
4167.17,0.65521
4168.07,0.65196
4168.98,0.64666
4169.88,0.6419
4170.78,0.63529
4171.68,0.62796
4172.58,0.61951
4173.48,0.61546
4174.38,0.61112
4175.28,0.60775
4176.18,0.61157
4177.08,0.61449
4177.98,0.61988
4178.88,0.62479
4179.78,0.629
4180.68,0.62927
4181.58,0.63162
4182.48,0.63594
4183.38,0.63952
4184.28,0.63612
4185.18,0.63721
4186.08,0.63521
4186.98,0.63462
4187.88,0.63461
4188.78,0.63613
4189.68,0.63512
4190.58,0.63643
4191.48,0.64413
4192.38,0.64215
4193.28,0.64722
4194.18,0.64818
4195.08,0.64189
4195.98,0.64327
4196.88,0.63689
4197.78,0.62858
4198.68,0.6219
4199.58,0.61804
4200.48,0.61877
4201.38,0.61458
4202.28,0.61942
4203.18,0.62002
4204.08,0.62254
4204.98,0.62627
4205.88,0.63025
4206.79,0.62986
4207.69,0.63382
4208.59,0.642
4209.49,0.64441
4210.39,0.64528
4211.29,0.64869
4212.19,0.64674
4213.09,0.64626
4213.99,0.64299
4214.89,0.63674
4215.79,0.63231
4216.69,0.62926
4217.59,0.63062
4218.49,0.63496
4219.39,0.63453
4220.29,0.6387
4221.19,0.64172
4222.09,0.64104
4222.99,0.6336
4223.89,0.62254
4224.79,0.6131
4225.69,0.59886
4226.59,0.58983
4227.49,0.58432
4228.39,0.58642
4229.29,0.59722
4230.19,0.6087
4231.09,0.62136
4231.99,0.62247
4232.89,0.63074
4233.79,0.62978
4234.69,0.62827
4235.59,0.62366
4236.49,0.6235
4237.39,0.62319
4238.29,0.62353
4239.19,0.62324
4240.09,0.62917
4240.99,0.63219
4241.89,0.63424
4242.79,0.63815
4243.69,0.63953
4244.59,0.64185
4245.5,0.63733
4246.4,0.63656
4247.3,0.62753
4248.2,0.62409
4249.1,0.62251
4250.0,0.61709
4250.9,0.61954
4251.8,0.62022
4252.7,0.62421
4253.6,0.6279
4254.5,0.63073
4255.4,0.63331
4256.3,0.6347
4257.2,0.63652
4258.1,0.63328
4259.0,0.63066
4259.9,0.62903
4260.8,0.6282
4261.7,0.63041
4262.6,0.63354
4263.5,0.63696
4264.4,0.64353
4265.3,0.6484
4266.2,0.6493
4267.1,0.64836
4268.0,0.64331
4268.9,0.63709
4269.8,0.62952
4270.7,0.61958
4271.6,0.61195
4272.5,0.6033
4273.4,0.60079
4274.3,0.60352
4275.2,0.60419
4276.1,0.60986
4277.0,0.61932
4277.9,0.62247
4278.8,0.62726
4279.7,0.62821
4280.6,0.63016
4281.5,0.62703
4282.4,0.62111
4283.31,0.62044
4284.21,0.61802
4285.11,0.6145
4286.01,0.60852
4286.91,0.60318
4287.81,0.59813
4288.71,0.59239
4289.61,0.58847
4290.51,0.58268
4291.41,0.58093
4292.31,0.58665
4293.21,0.58621
4294.11,0.58964
4295.01,0.59031
4295.91,0.59033
4296.81,0.58518
4297.71,0.57465
4298.61,0.56535
4299.51,0.5559
4300.41,0.5447
4301.31,0.53878
4302.21,0.53267
4303.11,0.53138
4304.01,0.53362
4304.91,0.53393
4305.81,0.53764
4306.71,0.53658
4307.61,0.53352
4308.51,0.53249
4309.41,0.53211
4310.31,0.53505
4311.21,0.53917
4312.11,0.54714
4313.01,0.55577
4313.91,0.56489
4314.81,0.57644
4315.71,0.58926
4316.61,0.60339
4317.51,0.61636
4318.41,0.62456
4319.31,0.62942
4320.21,0.63014
4321.12,0.62599
4322.02,0.61642
4322.92,0.60815
4323.82,0.59601
4324.72,0.58405
4325.62,0.58003
4326.52,0.57304
4327.42,0.57487
4328.32,0.57764
4329.22,0.58418
4330.12,0.58947
4331.02,0.59217
4331.92,0.59203
4332.82,0.59133
4333.72,0.58495
4334.62,0.57561
4335.52,0.55955
4336.42,0.54153
4337.32,0.51638
4338.22,0.49066
4339.12,0.46578
4340.02,0.4455
4340.92,0.43077
4341.82,0.43172
4342.72,0.4385
4343.62,0.45451
4344.52,0.47534
4345.42,0.50271
4346.32,0.52326
4347.22,0.54282
4348.12,0.55814
4349.02,0.56525
4349.92,0.56922
4350.82,0.57538
4351.72,0.57619
4352.62,0.57451
4353.52,0.57743
4354.42,0.5838
4355.32,0.58786
4356.22,0.59907
4357.12,0.60469
4358.02,0.61166
4358.92,0.61781
4359.83,0.6237
4360.73,0.62496
4361.63,0.6298
4362.53,0.63564
4363.43,0.64114
4364.33,0.644
4365.23,0.64543
4366.13,0.64695
4367.03,0.64518
4367.93,0.64175
4368.83,0.63708
4369.73,0.6355
4370.63,0.63272
4371.53,0.63227
4372.43,0.62786
4373.33,0.62613
4374.23,0.62438
4375.13,0.61992
4376.03,0.62357
4376.93,0.62231
4377.83,0.62855
4378.73,0.63426
4379.63,0.63415
4380.53,0.63607
4381.43,0.63127
4382.33,0.62631
4383.23,0.61441
4384.13,0.6073
4385.03,0.60335
4385.93,0.60015
4386.83,0.60321
4387.73,0.6129
4388.63,0.61833
4389.53,0.62194
4390.43,0.62579
4391.33,0.63254
4392.23,0.63179
4393.13,0.63494
4394.03,0.63237
4394.93,0.63427
4395.83,0.63369
4396.73,0.63566
4397.64,0.63616
4398.54,0.63619
4399.44,0.63874
4400.34,0.63731
4401.24,0.63469
4402.14,0.63753
4403.04,0.63203
4403.94,0.63397
4404.84,0.63073
4405.74,0.63035
4406.64,0.63043
4407.54,0.62979
4408.44,0.63289
4409.34,0.63604
4410.24,0.64219
4411.14,0.6481
4412.04,0.64985
4412.94,0.65426
4413.84,0.65003
4414.74,0.65098
4415.64,0.64872
4416.54,0.64313
4417.44,0.64393
4418.34,0.64106
4419.24,0.64569
4420.14,0.65307
4421.04,0.65424
4421.94,0.6564
4422.84,0.65553
4423.74,0.65977
4424.64,0.65821
4425.54,0.65729
4426.44,0.65265
4427.34,0.65535
4428.24,0.6512
4429.14,0.65393
4430.04,0.65108
4430.94,0.64832
4431.84,0.64858
4432.74,0.65048
4433.64,0.64675
4434.54,0.64336
4435.45,0.64364
4436.35,0.64343
4437.25,0.64912
4438.15,0.65014
4439.05,0.65368
4439.95,0.65857
4440.85,0.65644
4441.75,0.65268
4442.65,0.64895
4443.55,0.64472
4444.45,0.64092
4445.35,0.64184
4446.25,0.64367
4447.15,0.64967
4448.05,0.65238
4448.95,0.653
4449.85,0.65711
4450.75,0.65464
4451.65,0.65188
4452.55,0.65005
4453.45,0.64387
4454.35,0.64163
4455.25,0.63834
4456.15,0.63513
4457.05,0.63009
4457.95,0.63056
4458.85,0.62814
4459.75,0.63173
4460.65,0.63238
4461.55,0.63321
4462.45,0.63601
4463.35,0.63956
4464.25,0.64282
4465.15,0.64407
4466.05,0.64468
4466.95,0.64513
4467.85,0.64446
4468.75,0.64583
4469.65,0.64512
4470.55,0.64862
4471.45,0.64707
4472.35,0.65352
4473.25,0.66146
4474.16,0.66542
4475.06,0.6693
4475.96,0.67218
4476.86,0.67578
4477.76,0.67365
4478.66,0.67105
4479.56,0.66504
4480.46,0.66233
4481.36,0.65723
4482.26,0.65552
4483.16,0.65113
4484.06,0.65471
4484.96,0.66033
4485.86,0.66324
4486.76,0.66618
4487.66,0.66643
4488.56,0.66543
4489.46,0.66122
4490.36,0.66211
4491.26,0.66041
4492.16,0.65914
4493.06,0.661
4493.96,0.66086
4494.86,0.66362
4495.76,0.66057
4496.66,0.66338
4497.56,0.66657
4498.46,0.66768
4499.36,0.66793
4500.26,0.67401
4501.16,0.67306
4502.06,0.67747
4502.96,0.67775
4503.86,0.68319
4504.76,0.68621
4505.66,0.68891
4506.56,0.68825
4507.46,0.69026
4508.36,0.692
4509.26,0.68967
4510.17,0.68767
4511.06,0.68981
4511.97,0.6886
4512.87,0.68442
4513.77,0.68341
4514.67,0.68051
4515.57,0.67648
4516.47,0.67355
4517.37,0.67464
4518.27,0.67012
4519.17,0.67088
4520.07,0.67048
4520.97,0.66692
4521.87,0.66613
4522.77,0.66314
4523.67,0.66399
4524.57,0.65562
4525.47,0.65213
4526.37,0.64577
4527.27,0.6461
4528.17,0.63862
4529.07,0.63914
4529.97,0.63596
4530.87,0.63327
4531.77,0.63293
4532.67,0.63204
4533.57,0.63216
4534.47,0.63293
4535.37,0.63298
4536.27,0.6372
4537.17,0.64358
4538.07,0.65147
4538.97,0.65851
4539.87,0.66145
4540.77,0.66846
4541.67,0.66741
4542.57,0.6667
4543.47,0.66484
4544.37,0.66484
4545.27,0.66118
4546.17,0.65984
4547.07,0.65761
4547.97,0.64875
4548.88,0.64794
4549.77,0.64503
4550.68,0.64295
4551.58,0.64131
4552.48,0.64005
4553.38,0.64078
4554.28,0.6429
4555.18,0.64182
4556.08,0.64289
4556.98,0.64704
4557.88,0.65577
4558.78,0.65871
4559.68,0.66714
4560.58,0.6661
4561.48,0.67138
4562.38,0.67241
4563.28,0.67133
4564.18,0.66799
4565.08,0.6682
4565.98,0.66789
4566.88,0.67129
4567.78,0.66821
4568.68,0.67176
4569.58,0.66912
4570.48,0.67087
4571.38,0.67024
4572.28,0.6654
4573.18,0.665
4574.08,0.66606
4574.98,0.6686
4575.88,0.66789
4576.78,0.66942
4577.68,0.66695
4578.58,0.66748
4579.48,0.66421
4580.38,0.66302
4581.28,0.6597
4582.18,0.65671
4583.08,0.6528
4583.98,0.65066
4584.88,0.65345
4585.78,0.65552
4586.69,0.65927
4587.58,0.66122
4588.49,0.66226
4589.39,0.66515
4590.29,0.66722
4591.19,0.66843
4592.09,0.66749
4592.99,0.66633
4593.89,0.66482
4594.79,0.66155
4595.69,0.6672
4596.59,0.66934
4597.49,0.67052
4598.39,0.6698
4599.29,0.67064
4600.19,0.67063
4601.09,0.66803
4601.99,0.66808
4602.89,0.66593
4603.79,0.66799
4604.69,0.66454
4605.59,0.67044
4606.49,0.67225
4607.39,0.67353
4608.29,0.67583
4609.19,0.67924
4610.09,0.68129
4610.99,0.67768
4611.89,0.67919
4612.79,0.68207
4613.69,0.67824
4614.59,0.6776
4615.49,0.67843
4616.39,0.67534
4617.29,0.67487
4618.19,0.67504
4619.09,0.67165
4619.99,0.67487
4620.89,0.67379
4621.79,0.67765
4622.69,0.67721
4623.59,0.68149
4624.5,0.68032
4625.4,0.68079
4626.3,0.68037
4627.2,0.682
4628.1,0.6776
4629.0,0.67825
4629.9,0.67576
4630.8,0.67534
4631.7,0.67774
4632.6,0.67819
4633.5,0.67892
4634.4,0.67724
4635.3,0.67106
4636.2,0.6716
4637.1,0.67253
4638.0,0.67253
4638.9,0.67205
4639.8,0.6735
4640.7,0.67393
4641.6,0.67668
4642.5,0.67835
4643.4,0.67645
4644.3,0.67711
4645.2,0.67547
4646.1,0.67258
4647.0,0.67101
4647.9,0.66614
4648.8,0.66892
4649.7,0.66745
4650.6,0.66542
4651.5,0.6659
4652.4,0.66387
4653.3,0.66453
4654.2,0.66412
4655.1,0.66477
4656.0,0.66809
4656.9,0.66766
4657.8,0.66926
4658.7,0.67249
4659.6,0.67838
4660.5,0.67905
4661.4,0.68134
4662.3,0.68125
4663.21,0.68467
4664.11,0.67771
4665.01,0.67323
4665.91,0.66795
4666.81,0.66377
4667.71,0.65628
4668.61,0.65449
4669.51,0.653
4670.41,0.65533
4671.31,0.65712
4672.21,0.66074
4673.11,0.66502
4674.01,0.67198
4674.91,0.67385
4675.81,0.67348
4676.71,0.67439
4677.61,0.67425
4678.51,0.6727
4679.41,0.67164
4680.31,0.67107
4681.21,0.66472
4682.11,0.66959
4683.01,0.66636
4683.91,0.67031
4684.81,0.6728
4685.71,0.67255
4686.61,0.67325
4687.51,0.67378
4688.41,0.67452
4689.31,0.67671
4690.21,0.67306
4691.11,0.67375
4692.01,0.67539
4692.91,0.67765
4693.81,0.67975
4694.71,0.67923
4695.61,0.67891
4696.51,0.68175
4697.41,0.6807
4698.31,0.67836
4699.21,0.67581
4700.12,0.67354
4701.02,0.66877
4701.92,0.66735
4702.82,0.66187
4703.72,0.66155
4704.62,0.65939
4705.52,0.65997
4706.42,0.66036
4707.32,0.65784
4708.22,0.6594
4709.12,0.65989
4710.02,0.65901
4710.92,0.66177
4711.82,0.66256
4712.72,0.66206
4713.62,0.66689
4714.52,0.66841
4715.42,0.67508
4716.32,0.67194
4717.22,0.67529
4718.12,0.67589
4719.02,0.67636
4719.92,0.67883
4720.82,0.6797
4721.72,0.67918
4722.62,0.68167
4723.52,0.68307
4724.42,0.683
4725.32,0.68004
4726.22,0.67987
4727.12,0.67697
4728.02,0.67235
4728.92,0.67294
4729.82,0.66774
4730.72,0.66732
4731.62,0.66403
4732.52,0.66479
4733.42,0.66792
4734.32,0.66492
4735.22,0.66542
4736.12,0.66804
4737.02,0.66838
4737.92,0.66986
4738.83,0.66945
4739.73,0.67149
4740.63,0.67108
4741.53,0.67227
4742.43,0.66958
4743.33,0.67378
4744.23,0.67646
4745.13,0.6769
4746.03,0.67919
4746.93,0.67557
4747.83,0.67951
4748.73,0.67879
4749.63,0.67953
4750.53,0.67809
4751.43,0.67987
4752.33,0.67884
4753.23,0.6734
4754.13,0.67157
4755.03,0.67001
4755.93,0.67215
4756.83,0.66642
4757.73,0.66713
4758.63,0.66849
4759.53,0.66274
4760.43,0.66475
4761.33,0.66377
4762.23,0.66018
4763.13,0.65977
4764.03,0.65468
4764.93,0.65458
4765.83,0.65577
4766.73,0.65441
4767.63,0.656
4768.53,0.6586
4769.43,0.66164
4770.33,0.66383
4771.23,0.6666
4772.13,0.6681
4773.03,0.66589
4773.93,0.67044
4774.83,0.67078
4775.73,0.67454
4776.64,0.67041
4777.54,0.67412
4778.44,0.67281
4779.34,0.67136
4780.24,0.66799
4781.14,0.67058
4782.04,0.66999
4782.94,0.66683
4783.84,0.66615
4784.74,0.66413
4785.64,0.66338
4786.54,0.66075
4787.44,0.66089
4788.34,0.65524
4789.24,0.65763
4790.14,0.66376
4791.04,0.66316
4791.94,0.66348
4792.84,0.66835
4793.74,0.6687
4794.64,0.67303
4795.54,0.67045
4796.44,0.67521
4797.34,0.67122
4798.24,0.67403
4799.14,0.67235
4800.04,0.66897
4800.94,0.6691
4801.84,0.66898
4802.74,0.67095
4803.64,0.6684
4804.54,0.6676
4805.44,0.66857
4806.34,0.66795
4807.24,0.66776
4808.14,0.6666
4809.04,0.66492
4809.94,0.66563
4810.84,0.66929
4811.74,0.66832
4812.64,0.66893
4813.54,0.67216
4814.45,0.67156
4815.35,0.66998
4816.25,0.67267
4817.15,0.67527
4818.05,0.67623
4818.95,0.67224
4819.85,0.6753
4820.75,0.67057
4821.65,0.66835
4822.55,0.66691
4823.45,0.66254
4824.35,0.66136
4825.25,0.66252
4826.15,0.66013
4827.05,0.65802
4827.95,0.65796
4828.85,0.65641
4829.75,0.656
4830.65,0.65626
4831.55,0.65606
4832.45,0.65555
4833.35,0.65278
4834.25,0.65382
4835.15,0.6549
4836.05,0.65326
4836.95,0.65162
4837.85,0.65058
4838.75,0.64977
4839.65,0.64629
4840.55,0.64527
4841.45,0.64311
4842.35,0.64185
4843.25,0.6374
4844.15,0.6407
4845.05,0.63624
4845.95,0.6399
4846.85,0.63568
4847.75,0.63201
4848.65,0.63539
4849.55,0.62808
4850.45,0.62617
4851.35,0.62123
4852.26,0.61971
4853.16,0.60961
4854.06,0.60545
4854.96,0.59388
4855.86,0.58466
4856.76,0.56963
4857.66,0.55464
4858.56,0.53713
4859.46,0.51972
4860.36,0.50302
4861.26,0.48868
4862.16,0.47849
4863.06,0.47822
4863.96,0.48462
4864.86,0.4964
4865.76,0.51345
4866.66,0.5337
4867.56,0.54756
4868.46,0.56316
4869.36,0.57246
4870.26,0.58367
4871.16,0.58793
4872.06,0.5939
4872.96,0.5957
4873.86,0.60174
4874.76,0.60692
4875.66,0.6091
4876.56,0.6157
4877.46,0.61959
4878.36,0.62523
4879.26,0.63178
4880.16,0.63265
4881.06,0.63387
4881.96,0.63932
4882.86,0.63679
4883.76,0.64092
4884.66,0.63691
4885.56,0.63805
4886.46,0.63905
4887.36,0.63472
4888.26,0.63926
4889.17,0.63241
4890.07,0.6329
4890.97,0.63292
4891.87,0.63819
4892.77,0.64117
4893.67,0.64692
4894.57,0.65459
4895.47,0.6608
4896.37,0.66376
4897.27,0.66878
4898.17,0.67147
4899.07,0.67126
4899.97,0.66894
4900.87,0.66652
4901.77,0.66411
4902.67,0.66065
4903.57,0.65948
4904.47,0.65906
4905.37,0.6597
4906.27,0.66101
4907.17,0.66306
4908.07,0.66261
4908.97,0.65782
4909.87,0.65737
4910.77,0.65754
4911.67,0.65627
4912.57,0.65539
4913.47,0.65565
4914.37,0.65499
4915.27,0.65892
4916.17,0.65748
4917.07,0.65566
4917.97,0.65033
4918.87,0.64527
4919.77,0.64041
4920.67,0.63693
4921.57,0.63304
4922.47,0.62899
4923.37,0.63371
4924.27,0.63696
4925.17,0.63827
4926.07,0.64601
4926.98,0.64906
4927.88,0.65519
4928.78,0.65829
4929.68,0.66136
4930.58,0.66119
4931.48,0.65978
4932.38,0.65643
4933.28,0.65519
4934.18,0.65262
4935.08,0.64892
4935.98,0.64644
4936.88,0.64315
4937.78,0.63974
4938.68,0.64424
4939.58,0.64264
4940.48,0.64401
4941.38,0.65161
4942.28,0.65287
4943.18,0.65744
4944.08,0.66174
4944.98,0.66726
4945.88,0.667
4946.78,0.66501
4947.68,0.6677
4948.58,0.67014
4949.48,0.66992
4950.38,0.67022
4951.28,0.66848
4952.18,0.67008
4953.08,0.66688
4953.98,0.66344
4954.88,0.66087
4955.78,0.65701
4956.68,0.6536
4957.58,0.65005
4958.48,0.64673
4959.38,0.64763
4960.28,0.64629
4961.18,0.65295
4962.08,0.65455
4962.98,0.65682
4963.88,0.65766
4964.79,0.66005
4965.69,0.65813
4966.59,0.65663
4967.49,0.65533
4968.39,0.65351
4969.29,0.65458
4970.19,0.65349
4971.09,0.65592
4971.99,0.65887
4972.89,0.65654
4973.79,0.66007
4974.69,0.66273
4975.59,0.66428
4976.49,0.66616
4977.39,0.65985
4978.29,0.65377
4979.19,0.65205
4980.09,0.64848
4980.99,0.64231
4981.89,0.63605
4982.79,0.62896
4983.69,0.62955
4984.59,0.62723
4985.49,0.62538
4986.39,0.62823
4987.29,0.63614
4988.19,0.63807
4989.09,0.63805
4989.99,0.64178
4990.89,0.6439
4991.79,0.64446
4992.69,0.64476
4993.59,0.64722
4994.49,0.64488
4995.39,0.64698
4996.29,0.645
4997.19,0.64409
4998.09,0.64534
4998.99,0.64301
4999.89,0.6422
5000.79,0.63839
5001.7,0.6386
5002.6,0.63641
5003.5,0.63469
5004.4,0.6339
5005.3,0.63149
5006.2,0.62988
5007.1,0.63172
5008.0,0.63281
5008.9,0.63356
5009.8,0.6331
5010.7,0.63008
5011.6,0.62977
5012.5,0.62804
5013.4,0.62495
5014.3,0.62255
5015.2,0.61927
5016.1,0.61551
5017.0,0.61681
5017.9,0.61866
5018.8,0.62045
5019.7,0.62115
5020.6,0.62631
5021.5,0.62652
5022.4,0.62641
5023.3,0.63218
5024.2,0.63232
5025.1,0.63558
5026.0,0.63706
5026.9,0.63646
5027.8,0.63937
5028.7,0.64124
5029.6,0.64603
5030.5,0.64723
5031.4,0.64642
5032.3,0.64767
5033.2,0.64616
5034.1,0.64667
5035.0,0.64405
5035.9,0.6441
5036.8,0.63431
5037.7,0.62935
5038.6,0.62352
5039.5,0.62284
5040.41,0.61682
5041.31,0.61858
5042.21,0.61383
5043.11,0.61923
5044.01,0.62385
5044.91,0.62635
5045.81,0.63499
5046.71,0.63643
5047.61,0.64219
5048.51,0.64003
5049.41,0.64044
5050.31,0.63817
5051.21,0.63854
5052.11,0.63747
5053.01,0.63953
5053.91,0.64355
5054.81,0.64414
5055.71,0.64767
5056.61,0.65167
5057.51,0.65582
5058.41,0.65507
5059.31,0.65644
5060.21,0.65493
5061.11,0.65417
5062.01,0.65182
5062.91,0.64996
5063.81,0.64902
5064.71,0.64403
5065.61,0.64081
5066.51,0.63771
5067.41,0.63693
5068.31,0.63915
5069.21,0.63569
5070.11,0.63671
5071.01,0.63494
5071.91,0.63747
5072.81,0.6376
5073.71,0.63821
5074.61,0.63599
5075.51,0.63537
5076.42,0.63537
5077.31,0.63182
5078.21,0.62712
5079.12,0.62657
5080.02,0.62456
5080.92,0.62219
5081.82,0.61851
5082.72,0.6202
5083.62,0.62136
5084.52,0.62579
5085.42,0.62976
5086.32,0.63043
5087.22,0.63549
5088.12,0.63755
5089.02,0.63774
5089.92,0.64013
5090.82,0.63951
5091.72,0.64192
5092.62,0.64237
5093.52,0.64439
5094.42,0.64549
5095.32,0.64237
5096.22,0.63966
5097.12,0.63618
5098.02,0.63204
5098.92,0.63172
5099.82,0.63123
5100.72,0.63147
5101.62,0.63007
5102.52,0.62989
5103.42,0.63048
5104.32,0.63164
5105.22,0.63296
5106.12,0.6296
5107.02,0.62838
5107.92,0.6249
5108.82,0.62873
5109.72,0.62302
5110.62,0.62556
5111.52,0.62649
5112.42,0.62994
5113.32,0.6294
5114.22,0.63345
5115.12,0.63974
5116.03,0.64343
5116.93,0.64457
5117.83,0.64355
5118.73,0.64388
5119.63,0.64498
5120.53,0.64271
5121.43,0.63658
5122.33,0.63697
5123.23,0.63041
5124.13,0.62603
5125.03,0.62479
5125.93,0.62061
5126.83,0.62081
5127.73,0.61772
5128.63,0.6185
5129.53,0.61879
5130.43,0.61842
5131.33,0.62202
5132.23,0.6235
5133.13,0.62216
5134.03,0.62619
5134.93,0.62679
5135.83,0.62449
5136.73,0.62674
5137.63,0.62423
5138.53,0.62206
5139.43,0.62201
5140.33,0.6153
5141.23,0.61715
5142.13,0.61478
5143.03,0.61212
5143.93,0.61548
5144.83,0.61586
5145.73,0.61548
5146.63,0.61805
5147.53,0.61623
5148.43,0.61996
5149.33,0.61787
5150.23,0.61521
5151.13,0.61888
5152.03,0.61569
5152.94,0.61583
5153.84,0.62004
5154.74,0.62175
5155.64,0.62348
5156.54,0.62317
5157.44,0.6283
5158.34,0.63155
5159.24,0.63413
5160.14,0.63319
5161.04,0.63175
5161.94,0.6322
5162.84,0.62862
5163.74,0.62136
5164.64,0.61412
5165.54,0.60408
5166.44,0.59308
5167.34,0.58487
5168.24,0.57299
5169.14,0.5662
5170.04,0.56301
5170.94,0.56079
5171.84,0.56176
5172.74,0.56298
5173.64,0.5687
5174.54,0.5765
5175.44,0.58331
5176.34,0.59444
5177.24,0.60155
5178.14,0.60616
5179.04,0.61489
5179.94,0.6123
5180.84,0.60793
5181.74,0.60265
5182.64,0.59856
5183.54,0.58973
5184.44,0.58752
5185.34,0.5851
5186.24,0.58699
5187.14,0.58855
5188.04,0.59735
5188.94,0.59941
5189.84,0.60601
5190.75,0.60515
5191.65,0.60488
5192.55,0.60599
5193.45,0.60607
5194.35,0.60782
5195.25,0.6067
5196.15,0.60792
5197.05,0.6098
5197.95,0.61309
5198.85,0.61471
5199.75,0.61922
5200.65,0.62015
5201.55,0.61936
5202.45,0.61861
5203.35,0.61636
5204.25,0.61053
5205.15,0.60886
5206.05,0.60247
5206.95,0.60568
5207.85,0.59922
5208.75,0.60087
5209.65,0.59935
5210.55,0.60285
5211.45,0.60679
5212.35,0.61127
5213.25,0.615
5214.15,0.61965
5215.05,0.62502
5215.95,0.62756
5216.85,0.62782
5217.75,0.62902
5218.65,0.62641
5219.55,0.62957
5220.45,0.63409
5221.35,0.63278
5222.25,0.63103
5223.15,0.62904
5224.05,0.62515
5224.95,0.61991
5225.85,0.61694
5226.75,0.61256
5227.66,0.60668
5228.56,0.60523
5229.46,0.61076
5230.36,0.61134
5231.26,0.61412
5232.16,0.61688
5233.06,0.61754
5233.96,0.62101
5234.86,0.62342
5235.76,0.62622
5236.66,0.62779
5237.56,0.63119
5238.46,0.63132
5239.36,0.63682
5240.26,0.63833
5241.16,0.63943
5242.06,0.64151
5242.96,0.64147
5243.86,0.64046
5244.76,0.63938
5245.66,0.63571
5246.56,0.63398
5247.46,0.63065
5248.36,0.63056
5249.26,0.62401
5250.16,0.62581
5251.06,0.62264
5251.96,0.62144
5252.86,0.62106
5253.76,0.62096
5254.66,0.62532
5255.56,0.62956
5256.46,0.63144
5257.36,0.63056
5258.26,0.63406
5259.16,0.63108
5260.06,0.63015
5260.96,0.62475
5261.86,0.62237
5262.76,0.61533
5263.66,0.60887
5264.56,0.60187
5265.47,0.59551
5266.37,0.5912
5267.27,0.58875
5268.17,0.5869
5269.07,0.58553
5269.97,0.58653
5270.87,0.58771
5271.77,0.59027
5272.67,0.59553
5273.57,0.60201
5274.47,0.60425
5275.37,0.60718
5276.27,0.6117
5277.17,0.61881
5278.07,0.62267
5278.97,0.62654
5279.87,0.62728
5280.77,0.63007
5281.67,0.62876
5282.57,0.6274
5283.47,0.62972
5284.37,0.62959
5285.27,0.63181
5286.17,0.63316
5287.07,0.63688
5287.97,0.64038
5288.87,0.64271
5289.77,0.64204
5290.67,0.64527
5291.57,0.64665
5292.47,0.64544
5293.37,0.64467
5294.27,0.64103
5295.17,0.63601
5296.07,0.63486
5296.97,0.62876
5297.87,0.62762
5298.77,0.62395
5299.67,0.62238
5300.57,0.62285
5301.48,0.62355
5302.38,0.62606
5303.27,0.62778
5304.18,0.6323
5305.08,0.63577
5305.98,0.63495
5306.88,0.63791
5307.78,0.63863
5308.68,0.6408
5309.58,0.64167
5310.48,0.64319
5311.38,0.64017
5312.28,0.63996
5313.18,0.641
5314.08,0.64018
5314.98,0.63998
5315.88,0.6386
5316.78,0.63648
5317.68,0.63148
5318.58,0.63181
5319.48,0.62934
5320.38,0.62888
5321.28,0.62782
5322.18,0.62982
5323.08,0.62372
5323.98,0.62138
5324.88,0.61809
5325.78,0.61267
5326.68,0.60781
5327.58,0.60405
5328.48,0.60025
5329.38,0.60056
5330.28,0.60134
5331.18,0.60292
5332.08,0.60933
5332.98,0.61394
5333.88,0.61568
5334.78,0.62213
5335.68,0.62352
5336.58,0.62375
5337.48,0.62573
5338.38,0.62478
5339.28,0.62261
5340.19,0.62334
5341.08,0.62128
5341.99,0.62026
5342.89,0.62182
5343.79,0.62138
5344.69,0.62174
5345.59,0.62139
5346.49,0.62384
5347.39,0.62574
5348.29,0.62523
5349.19,0.62692
5350.09,0.62561
5350.99,0.62736
5351.89,0.62813
5352.79,0.63163
5353.69,0.63598
5354.59,0.63826
5355.49,0.64069
5356.39,0.64254
5357.29,0.64395
5358.19,0.64361
5359.09,0.64546
5359.99,0.6439
5360.89,0.64288
5361.79,0.64387
5362.69,0.63815
5363.59,0.63499
5364.49,0.6315
5365.39,0.62763
5366.29,0.62569
5367.19,0.62345
5368.09,0.62157
5368.99,0.61806
5369.89,0.61756
5370.79,0.61498
5371.69,0.61749
5372.59,0.6195
5373.49,0.61887
5374.39,0.62087
5375.29,0.62702
5376.19,0.6326
5377.09,0.63324
5378.0,0.63486
5378.9,0.63311
5379.8,0.63584
5380.7,0.63506
5381.6,0.63173
5382.5,0.63183
5383.4,0.62902
5384.3,0.62924
5385.2,0.62892
5386.1,0.63128
5387.0,0.63067
5387.9,0.62766
5388.8,0.62818
5389.7,0.62678
5390.6,0.62552
5391.5,0.62442
5392.4,0.62454
5393.3,0.62064
5394.2,0.61754
5395.1,0.61397
5396.0,0.61593
5396.9,0.61344
5397.8,0.61084
5398.7,0.61208
5399.6,0.61269
5400.5,0.61034
5401.4,0.61184
5402.3,0.61227
5403.2,0.6138
5404.1,0.61163
5405.0,0.6073
5405.9,0.60721
5406.8,0.60557
5407.7,0.60646
5408.6,0.6038
5409.5,0.60802
5410.4,0.60773
5411.3,0.6116
5412.2,0.61425
5413.1,0.61393
5414.0,0.61999
5414.9,0.62006
5415.81,0.62424
5416.71,0.62483
5417.61,0.62655
5418.51,0.62578
5419.41,0.62747
5420.31,0.62839
5421.21,0.62587
5422.11,0.62666
5423.01,0.62585
5423.91,0.62514
5424.81,0.62356
5425.71,0.62253
5426.61,0.62281
5427.51,0.61914
5428.41,0.61779
5429.31,0.61596
5430.21,0.61234
5431.11,0.61266
5432.01,0.60913
5432.91,0.61029
5433.81,0.61009
5434.71,0.60954
5435.61,0.61273
5436.51,0.61201
5437.41,0.61649
5438.31,0.61842
5439.21,0.62177
5440.11,0.62428
5441.01,0.62596
5441.91,0.62461
5442.81,0.62818
5443.71,0.6283
5444.61,0.62323
5445.51,0.62177
5446.41,0.61872
5447.31,0.61531
5448.21,0.61498
5449.11,0.61712
5450.01,0.61559
5450.91,0.6197
5451.81,0.61904
5452.72,0.61794
5453.62,0.6176
5454.52,0.61672
5455.42,0.61619
5456.32,0.61497
5457.22,0.61261
5458.12,0.61507
5459.02,0.61694
5459.92,0.61591
5460.82,0.62106
5461.72,0.6182
5462.62,0.61828
5463.52,0.61931
5464.42,0.62104
5465.32,0.61948
5466.22,0.6194
5467.12,0.62016
5468.02,0.62316
5468.92,0.62151
5469.82,0.62236
5470.72,0.62334
5471.62,0.61882
5472.52,0.61705
5473.42,0.61995
5474.32,0.61517
5475.22,0.61323
5476.12,0.60969
5477.02,0.60637
5477.92,0.60844
5478.82,0.60612
5479.72,0.60698
5480.62,0.60738
5481.52,0.61057
5482.42,0.61217
5483.32,0.61421
5484.22,0.61313
5485.12,0.61728
5486.02,0.61747
5486.92,0.61945
5487.82,0.62097
5488.72,0.62138
5489.62,0.62117
5490.53,0.61783
5491.43,0.62003
5492.33,0.62057
5493.23,0.62028
5494.13,0.61804
5495.03,0.61909
5495.93,0.61921
5496.83,0.61911
5497.73,0.61834
5498.63,0.61686
5499.53,0.61618
5500.43,0.6163
5501.33,0.61529
5502.23,0.61527
5503.13,0.6147
5504.03,0.61257
5504.93,0.61242
5505.83,0.61293
5506.73,0.61421
5507.63,0.61369
5508.53,0.61243
5509.43,0.61352
5510.33,0.61209
5511.23,0.61232
5512.13,0.61307
5513.03,0.60819
5513.93,0.6129
5514.83,0.61371
5515.73,0.6146
5516.63,0.61768
5517.53,0.61544
5518.43,0.62177
5519.33,0.62233
5520.23,0.62471
5521.13,0.62547
5522.03,0.6227
5522.93,0.62385
5523.83,0.62137
5524.73,0.62037
5525.63,0.61852
5526.54,0.61515
5527.44,0.6117
5528.33,0.61228
5529.24,0.61087
5530.14,0.61106
5531.04,0.6093
5531.94,0.61072
5532.84,0.61304
5533.74,0.61607
5534.64,0.61744
5535.54,0.61893
5536.44,0.61891
5537.34,0.62276
5538.24,0.62128
5539.14,0.62161
5540.04,0.62394
5540.94,0.62528
5541.84,0.623
5542.74,0.6221
5543.64,0.62488
5544.54,0.62452
5545.44,0.6229
5546.34,0.62236
5547.24,0.62504
5548.14,0.62377
5549.04,0.62368
5549.94,0.62473
5550.84,0.62594
5551.74,0.62302
5552.64,0.62139
5553.54,0.62171
5554.44,0.62109
5555.34,0.6219
5556.24,0.62101
5557.14,0.62215
5558.04,0.6223
5558.94,0.61883
5559.84,0.61955
5560.74,0.6182
5561.64,0.61979
5562.54,0.61878
5563.44,0.61524
5564.34,0.61525
5565.25,0.61438
5566.15,0.61132
5567.05,0.61118
5567.95,0.60926
5568.85,0.61022
5569.75,0.60655
5570.65,0.60874
5571.55,0.60773
5572.45,0.60789
5573.35,0.60916
5574.25,0.60939
5575.15,0.60993
5576.05,0.61238
5576.95,0.61075
5577.85,0.61289
5578.75,0.61028
5579.65,0.61523
5580.55,0.61631
5581.45,0.61424
5582.35,0.61356
5583.25,0.6095
5584.15,0.60846
5585.05,0.60655
5585.95,0.6062
5586.85,0.6002
5587.75,0.59558
5588.65,0.59621
5589.55,0.593
5590.45,0.5935
5591.35,0.59314
5592.25,0.5946
5593.15,0.59364
5594.05,0.59598
5594.95,0.59792
5595.85,0.59969
5596.75,0.60372
5597.65,0.60041
5598.55,0.6019
5599.45,0.59843
5600.35,0.60185
5601.25,0.59946
5602.15,0.60117
5603.06,0.60139
5603.96,0.60264
5604.86,0.60571
5605.76,0.60701
5606.66,0.60791
5607.56,0.61341
5608.46,0.61503
5609.36,0.61541
5610.26,0.61887
5611.16,0.61902
5612.06,0.61804
5612.96,0.61609
5613.86,0.61404
5614.76,0.61049
5615.66,0.60794
5616.56,0.60832
5617.46,0.60542
5618.36,0.60558
5619.26,0.60713
5620.16,0.60504
5621.06,0.6072
5621.96,0.60712
5622.86,0.60821
5623.76,0.60771
5624.66,0.60682
5625.56,0.61077
5626.46,0.60933
5627.36,0.61151
5628.26,0.60946
5629.16,0.61397
5630.06,0.61551
5630.96,0.61296
5631.86,0.61636
5632.76,0.61884
5633.66,0.61473
5634.56,0.61557
5635.46,0.61403
5636.36,0.61242
5637.26,0.61176
5638.16,0.6077
5639.06,0.6092
5639.96,0.60928
5640.86,0.61158
5641.77,0.60923
5642.67,0.60858
5643.57,0.60936
5644.47,0.60891
5645.37,0.60796
5646.27,0.60897
5647.17,0.61166
5648.07,0.61162
5648.97,0.61281
5649.87,0.61187
5650.77,0.61535
5651.67,0.61244
5652.57,0.61179
5653.47,0.6138
5654.37,0.61184
5655.27,0.60823
5656.17,0.6043
5657.07,0.60343
5657.97,0.60313
5658.87,0.59801
5659.77,0.59708
5660.67,0.59671
5661.57,0.59455
5662.47,0.59546
5663.37,0.59873
5664.27,0.59824
5665.17,0.60269
5666.07,0.59922
5666.97,0.604
5667.87,0.60351
5668.77,0.60401
5669.67,0.60433
5670.57,0.60585
5671.47,0.60628
5672.37,0.60779
5673.27,0.60859
5674.17,0.61054
5675.07,0.61075
5675.97,0.61254
5676.88,0.61215
5677.77,0.61276
5678.68,0.6121
5679.58,0.60901
5680.48,0.61022
5681.38,0.607
5682.28,0.60788
5683.18,0.60462
5684.08,0.60562
5684.98,0.60582
5685.88,0.60426
5686.78,0.60155
5687.68,0.60167
5688.58,0.60391
5689.48,0.60263
5690.38,0.60449
5691.28,0.60667
5692.18,0.60679
5693.08,0.60523
5693.98,0.60913
5694.88,0.60741
5695.78,0.60701
5696.68,0.61049
5697.58,0.60576
5698.48,0.60821
5699.38,0.60597
5700.28,0.60657
5701.18,0.60451
5702.08,0.6014
5702.98,0.5989
5703.88,0.59662
5704.78,0.59983
5705.68,0.59716
5706.58,0.59301
5707.48,0.59137
5708.38,0.59091
5709.28,0.59025
5710.18,0.58807
5711.08,0.58879
5711.98,0.5877
5712.88,0.59218
5713.78,0.59418
5714.68,0.5961
5715.59,0.59787
5716.49,0.59751
5717.39,0.60347
5718.29,0.60308
5719.19,0.60671
5720.09,0.6076
5720.99,0.61058
5721.89,0.61069
5722.79,0.60987
5723.69,0.61091
5724.59,0.61013
5725.49,0.61027
5726.39,0.6102
5727.29,0.60945
5728.19,0.6081
5729.09,0.60696
5729.99,0.60642
5730.89,0.6073
5731.79,0.60508
5732.69,0.60701
5733.59,0.60876
5734.49,0.60723
5735.39,0.60841
5736.29,0.60782
5737.19,0.60933
5738.09,0.60779
5738.99,0.61077
5739.89,0.608
5740.79,0.608
5741.69,0.60594
5742.59,0.60751
5743.49,0.60776
5744.39,0.60623
5745.29,0.60667
5746.19,0.60631
5747.09,0.60284
5747.99,0.6053
5748.89,0.60805
5749.79,0.60613
5750.69,0.60324
5751.59,0.60458
5752.5,0.60161
5753.4,0.60021
5754.3,0.59964
5755.2,0.60089
5756.1,0.60183
5757.0,0.60074
5757.9,0.601
5758.8,0.60257
5759.7,0.60257
5760.6,0.60447
5761.5,0.60071
5762.4,0.60174
5763.3,0.60246
5764.2,0.60237
5765.1,0.59907
5766.0,0.60255
5766.9,0.60403
5767.8,0.6045
5768.7,0.60634
5769.6,0.60567
5770.5,0.60544
5771.4,0.60534
5772.3,0.6079
5773.2,0.60466
5774.1,0.60411
5775.0,0.60236
5775.9,0.60156
5776.8,0.60149
5777.7,0.60183
5778.6,0.60007
5779.5,0.59878
5780.4,0.59682
5781.3,0.59547
5782.2,0.5953
5783.1,0.59495
5784.0,0.59136
5784.9,0.59108
5785.8,0.59386
5786.7,0.59482
5787.6,0.59449
5788.5,0.59604
5789.41,0.59702
5790.31,0.596
5791.21,0.59707
5792.11,0.59651
5793.01,0.59696
5793.91,0.59974
5794.81,0.60074
5795.71,0.59803
5796.61,0.60397
5797.51,0.60256
5798.41,0.60059
5799.31,0.60131
5800.21,0.60169
5801.11,0.6035
5802.01,0.60309
5802.91,0.60376
5803.81,0.60422
5804.71,0.60365
5805.61,0.60147
5806.51,0.60476
5807.41,0.60242
5808.31,0.60283
5809.21,0.60579
5810.11,0.60271
5811.01,0.60484
5811.91,0.60392
5812.81,0.60543
5813.71,0.606
5814.61,0.60455
5815.51,0.60161
5816.41,0.60599
5817.31,0.6048
5818.21,0.60619
5819.11,0.60512
5820.01,0.60482
5820.91,0.60809
5821.81,0.60994
5822.71,0.60704
5823.61,0.60778
5824.51,0.60675
5825.41,0.60736
5826.31,0.60965
5827.22,0.60817
5828.12,0.60852
5829.02,0.60594
5829.92,0.60993
5830.82,0.60948
5831.72,0.60772
5832.62,0.60818
5833.52,0.60694
5834.42,0.60831
5835.32,0.60513
5836.22,0.60783
5837.12,0.60725
5838.02,0.60901
5838.92,0.60774
5839.82,0.60528
5840.72,0.60433
5841.62,0.60461
5842.52,0.60694
5843.42,0.60752
5844.32,0.60334
5845.22,0.60411
5846.12,0.60442
5847.02,0.60524
5847.92,0.60473
5848.82,0.60224
5849.72,0.59856
5850.62,0.60012
5851.52,0.59676
5852.42,0.59722
5853.32,0.59488
5854.22,0.59365
5855.12,0.59289
5856.02,0.59098
5856.92,0.58935
5857.82,0.58864
5858.72,0.59
5859.62,0.58964
5860.52,0.59083
5861.42,0.58974
5862.32,0.5893
5863.23,0.58948
5864.12,0.59249
5865.03,0.59254
5865.93,0.59726
5866.83,0.59379
5867.73,0.59577
5868.63,0.59648
5869.53,0.59585
5870.43,0.59759
5871.33,0.59884
5872.23,0.59873
5873.13,0.59723
5874.03,0.5997
5874.93,0.5965
5875.83,0.59895
5876.73,0.59798
5877.63,0.59877
5878.53,0.5964
5879.43,0.59624
5880.33,0.59654
5881.23,0.59609
5882.13,0.59289
5883.03,0.5921
5883.93,0.5909
5884.83,0.58771
5885.73,0.58218
5886.63,0.58155
5887.53,0.57412
5888.43,0.56974
5889.33,0.56301
5890.23,0.55774
5891.13,0.55602
5892.03,0.55318
5892.93,0.55081
5893.83,0.54717
5894.73,0.54928
5895.63,0.55177
5896.53,0.55222
5897.43,0.55411
5898.33,0.55871
5899.23,0.56317
5900.13,0.56593
5901.04,0.57137
5901.94,0.57505
5902.83,0.5785
5903.74,0.57934
5904.64,0.5841
5905.54,0.58701
5906.44,0.58777
5907.34,0.58945
5908.24,0.5889
5909.14,0.58878
5910.04,0.58861
5910.94,0.58823
5911.84,0.58973
5912.74,0.58694
5913.64,0.58545
5914.54,0.58526
5915.44,0.58509
5916.34,0.58552
5917.24,0.58313
5918.14,0.58367
5919.04,0.58389
5919.94,0.585
5920.84,0.58747
5921.74,0.58486
5922.64,0.58645
5923.54,0.58702
5924.44,0.58923
5925.34,0.58864
5926.24,0.58877
5927.14,0.58884
5928.04,0.58741
5928.94,0.58755
5929.84,0.58822
5930.74,0.58826
5931.64,0.58824
5932.54,0.58893
5933.44,0.58853
5934.34,0.58649
5935.24,0.58472
5936.14,0.58623
5937.04,0.58588
5937.94,0.5881
5938.85,0.58864
5939.75,0.58671
5940.65,0.58795
5941.55,0.58883
5942.45,0.58749
5943.35,0.58692
5944.25,0.58587
5945.15,0.58757
5946.05,0.58704
5946.95,0.58638
5947.85,0.58747
5948.75,0.58761
5949.65,0.58511
5950.55,0.58368
5951.45,0.58539
5952.35,0.58516
5953.25,0.58411
5954.15,0.5841
5955.05,0.5849
5955.95,0.58383
5956.85,0.58627
5957.75,0.58732
5958.65,0.58675
5959.55,0.58834
5960.45,0.5855
5961.35,0.5877
5962.25,0.58943
5963.15,0.59042
5964.05,0.5905
5964.95,0.59023
5965.85,0.59156
5966.75,0.5912
5967.65,0.59158
5968.55,0.5916
5969.45,0.59114
5970.35,0.58989
5971.25,0.59157
5972.15,0.59132
5973.05,0.58931
5973.95,0.59144
5974.85,0.59054
5975.75,0.5903
5976.65,0.58591
5977.56,0.58922
5978.46,0.58637
5979.36,0.58661
5980.26,0.58539
5981.16,0.58641
5982.06,0.58526
5982.96,0.5838
5983.86,0.58615
5984.76,0.58229
5985.66,0.58484
5986.56,0.58298
5987.46,0.58357
5988.36,0.58345
5989.26,0.58622
5990.16,0.58436
5991.06,0.58849
5991.96,0.58463
5992.86,0.58633
5993.76,0.58558
5994.66,0.58501
5995.56,0.58479
5996.46,0.58571
5997.36,0.58612
5998.26,0.58516
5999.16,0.58639
6000.06,0.58503
6000.96,0.58362
6001.86,0.58299
6002.76,0.58496
6003.66,0.58342
6004.56,0.58234
6005.46,0.58035
6006.36,0.58082
6007.26,0.58032
6008.16,0.58079
6009.06,0.57908
6009.96,0.58102
6010.86,0.57884
6011.76,0.57764
6012.67,0.57873
6013.56,0.58176
6014.47,0.58243
6015.37,0.57917
6016.27,0.57873
6017.17,0.5818
6018.07,0.58068
6018.97,0.57946
6019.87,0.57784
6020.77,0.57891
6021.67,0.57754
6022.57,0.57703
6023.47,0.57747
6024.37,0.57744
6025.27,0.57858
6026.17,0.58017
6027.07,0.58027
6027.97,0.58114
6028.87,0.58094
6029.77,0.58225
6030.67,0.58316
6031.57,0.58674
6032.47,0.5856
6033.37,0.58605
6034.27,0.58594
6035.17,0.58749
6036.07,0.58793
6036.97,0.5872
6037.87,0.58944
6038.77,0.58729
6039.67,0.58683
6040.57,0.58515
6041.47,0.58689
6042.37,0.58572
6043.27,0.58767
6044.17,0.58677
6045.07,0.5877
6045.97,0.58527
6046.87,0.58768
6047.77,0.58867
6048.67,0.58661
6049.57,0.58735
6050.47,0.58614
6051.38,0.58628
6052.28,0.58649
6053.18,0.58628
6054.08,0.58711
6054.98,0.58661
6055.88,0.58754
6056.78,0.5859
6057.68,0.5832
6058.58,0.58484
6059.48,0.5832
6060.38,0.57969
6061.28,0.58306
6062.18,0.58197
6063.08,0.58196
6063.98,0.5796
6064.88,0.58034
6065.78,0.57776
6066.68,0.57905
6067.58,0.58154
6068.48,0.5806
6069.38,0.58197
6070.28,0.58213
6071.18,0.5849
6072.08,0.58409
6072.98,0.58583
6073.88,0.58594
6074.78,0.58776
6075.68,0.58522
6076.58,0.58494
6077.48,0.58383
6078.38,0.58396
6079.28,0.58056
6080.18,0.58259
6081.08,0.58106
6081.98,0.57691
6082.88,0.57784
6083.78,0.57827
6084.68,0.57919
6085.58,0.57821
6086.48,0.57722
6087.38,0.5783
6088.28,0.57825
6089.19,0.57592
6090.09,0.5783
6090.99,0.57555
6091.89,0.57489
6092.79,0.57885
6093.69,0.57842
6094.59,0.57831
6095.49,0.57787
6096.39,0.57865
6097.29,0.57781
6098.19,0.57804
6099.09,0.57689
6099.99,0.57967
6100.89,0.5736
6101.79,0.57005
6102.69,0.57046
6103.59,0.57081
6104.49,0.57109
6105.39,0.57099
6106.29,0.57137
6107.19,0.5725
6108.09,0.57551
6108.99,0.5723
6109.89,0.5756
6110.79,0.5768
6111.69,0.57734
6112.59,0.578
6113.49,0.57738
6114.39,0.57816
6115.29,0.57955
6116.19,0.57865
6117.09,0.57753
6117.99,0.57598
6118.89,0.57441
6119.79,0.57806
6120.69,0.57452
6121.59,0.57315
6122.49,0.57009
6123.39,0.56955
6124.29,0.56889
6125.19,0.56972
6126.1,0.56954
6127.0,0.57094
6127.9,0.57091
6128.8,0.57288
6129.7,0.57346
6130.6,0.57311
6131.5,0.57393
6132.4,0.57182
6133.3,0.57038
6134.2,0.56859
6135.1,0.56732
6136.0,0.56378
6136.9,0.5628
6137.8,0.56094
6138.7,0.56048
6139.6,0.55856
6140.5,0.56095
6141.4,0.56191
6142.3,0.56223
6143.2,0.56304
6144.1,0.56568
6145.0,0.56595
6145.9,0.57145
6146.8,0.57199
6147.7,0.57188
6148.6,0.57104
6149.5,0.57132
6150.4,0.57435
6151.3,0.57298
6152.2,0.57199
6153.1,0.57078
6154.0,0.57265
6154.9,0.56924
6155.8,0.571
6156.7,0.5702
6157.6,0.56936
6158.5,0.56654
6159.4,0.5641
6160.3,0.56183
6161.2,0.55965
6162.1,0.55901
6163.01,0.55466
6163.91,0.55454
6164.81,0.55326
6165.71,0.55291
6166.61,0.55163
6167.51,0.55107
6168.41,0.55306
6169.31,0.55532
6170.21,0.55422
6171.11,0.55511
6172.01,0.5553
6172.91,0.5552
6173.81,0.55683
6174.71,0.55759
6175.61,0.55964
6176.51,0.56338
6177.41,0.56485
6178.31,0.56572
6179.21,0.5641
6180.11,0.56552
6181.01,0.56766
6181.91,0.56779
6182.81,0.56856
6183.71,0.56898
6184.61,0.56924
6185.51,0.5671
6186.41,0.56795
6187.31,0.56464
6188.21,0.56404
6189.11,0.55949
6190.01,0.56192
6190.91,0.55964
6191.81,0.55902
6192.71,0.55806
6193.61,0.55956
6194.51,0.55922
6195.41,0.5615
6196.31,0.56211
6197.21,0.5611
6198.11,0.56252
6199.01,0.56634
6199.92,0.56403
6200.82,0.56451
6201.72,0.56423
6202.62,0.56379
6203.52,0.56542
6204.42,0.56848
6205.32,0.56779
6206.22,0.56827
6207.12,0.56822
6208.02,0.56637
6208.92,0.56659
6209.82,0.56787
6210.72,0.56582
6211.62,0.563
6212.52,0.56178
6213.42,0.55866
6214.32,0.56156
6215.22,0.55645
6216.12,0.5557
6217.02,0.55619
6217.92,0.55512
6218.82,0.5546
6219.72,0.55572
6220.62,0.55224
6221.52,0.55617
6222.42,0.55715
6223.32,0.55793
6224.22,0.55793
6225.12,0.55806
6226.02,0.55869
6226.92,0.55676
6227.82,0.5574
6228.72,0.55347
6229.62,0.55332
6230.52,0.55423
6231.42,0.55118
6232.32,0.55349
6233.22,0.55259
6234.12,0.55295
6235.02,0.55379
6235.92,0.55404
6236.83,0.55398
6237.73,0.55592
6238.63,0.55438
6239.53,0.55269
6240.43,0.55586
6241.33,0.55368
6242.23,0.55247
6243.13,0.55262
6244.03,0.55041
6244.93,0.55213
6245.83,0.54913
6246.73,0.55072
6247.63,0.55128
6248.53,0.55058
6249.43,0.5519
6250.33,0.55036
6251.23,0.54987
6252.13,0.54708
6253.03,0.54874
6253.93,0.54782
6254.83,0.54621
6255.73,0.54444
6256.63,0.54439
6257.53,0.54346
6258.43,0.545
6259.33,0.5455
6260.23,0.54497
6261.13,0.54613
6262.03,0.54805
6262.93,0.5504
6263.83,0.54974
6264.73,0.55047
6265.63,0.55356
6266.53,0.55337
6267.43,0.55544
6268.33,0.55444
6269.23,0.55556
6270.13,0.55837
6271.03,0.55797
6271.93,0.55858
6272.83,0.55644
6273.73,0.55842
6274.64,0.55787
6275.54,0.55802
6276.44,0.55885
6277.34,0.55782
6278.24,0.55673
6279.14,0.55708
6280.04,0.55778
6280.94,0.55451
6281.84,0.5544
6282.74,0.55378
6283.64,0.55539
6284.54,0.55554
6285.44,0.55674
6286.34,0.5581
6287.24,0.55942
6288.14,0.55891
6289.04,0.56097
6289.94,0.56066
6290.84,0.55911
6291.74,0.56114
6292.64,0.5595
6293.54,0.55846
6294.44,0.55678
6295.34,0.55524
6296.24,0.55641
6297.14,0.55584
6298.04,0.55314
6298.94,0.55041
6299.84,0.55133
6300.74,0.55071
6301.64,0.54933
6302.54,0.54773
6303.44,0.54893
6304.34,0.54813
6305.24,0.55047
6306.14,0.55238
6307.04,0.55394
6307.94,0.55431
6308.84,0.55389
6309.74,0.55503
6310.64,0.55717
6311.54,0.55627
6312.45,0.55633
6313.35,0.55237
6314.25,0.55315
6315.15,0.55261
6316.05,0.55081
6316.95,0.54879
6317.85,0.54836
6318.75,0.54997
6319.65,0.54771
6320.55,0.5473
6321.45,0.55061
6322.35,0.5503
6323.25,0.55047
6324.15,0.55273
6325.05,0.55525
6325.95,0.5541
6326.85,0.55572
6327.75,0.5561
6328.65,0.55445
6329.55,0.55741
6330.45,0.55645
6331.35,0.5547
6332.25,0.55484
6333.15,0.55613
6334.05,0.55318
6334.95,0.5522
6335.85,0.55093
6336.75,0.54894
6337.65,0.55202
6338.55,0.55121
6339.45,0.5509
6340.35,0.5511
6341.25,0.5504
6342.15,0.55192
6343.05,0.55456
6343.95,0.55146
6344.85,0.55275
6345.75,0.55437
6346.65,0.55263
6347.55,0.55293
6348.46,0.55284
6349.35,0.55435
6350.26,0.55529
6351.16,0.55499
6352.06,0.5537
6352.96,0.55302
6353.86,0.55214
6354.76,0.55014
6355.66,0.54883
6356.56,0.55061
6357.46,0.54694
6358.36,0.54837
6359.26,0.54614
6360.16,0.54559
6361.06,0.54427
6361.96,0.5455
6362.86,0.54494
6363.76,0.54633
6364.66,0.54675
6365.56,0.54696
6366.46,0.54841
6367.36,0.54744
6368.26,0.54935
6369.16,0.55192
6370.06,0.54929
6370.96,0.54966
6371.86,0.55174
6372.76,0.55231
6373.66,0.55111
6374.56,0.55218
6375.46,0.5532
6376.36,0.55142
6377.26,0.55492
6378.16,0.55246
6379.06,0.55224
6379.96,0.55148
6380.86,0.55052
6381.76,0.55253
6382.66,0.55151
6383.56,0.54856
6384.46,0.55186
6385.36,0.55032
6386.27,0.5517
6387.17,0.55245
6388.07,0.54963
6388.97,0.54862
6389.87,0.55147
6390.77,0.55111
6391.67,0.55008
6392.57,0.54763
6393.47,0.54622
6394.37,0.54566
6395.27,0.54681
6396.17,0.54424
6397.07,0.54295
6397.97,0.54389
6398.87,0.54532
6399.77,0.5455
6400.67,0.54009
6401.57,0.54394
6402.47,0.54718
6403.37,0.54511
6404.27,0.54633
6405.17,0.54891
6406.07,0.54878
6406.97,0.54741
6407.87,0.54803
6408.77,0.54835
6409.67,0.5473
6410.57,0.5472
6411.47,0.54926
6412.37,0.54768
6413.27,0.54757
6414.17,0.54812
6415.07,0.5462
6415.97,0.54599
6416.87,0.54806
6417.77,0.5485
6418.67,0.5474
6419.57,0.54616
6420.47,0.54798
6421.37,0.54718
6422.27,0.54631
6423.17,0.54759
6424.08,0.54877
6424.98,0.54758
6425.88,0.54702
6426.78,0.54881
6427.68,0.54809
6428.58,0.55008
6429.48,0.54879
6430.38,0.54756
6431.28,0.5491
6432.18,0.54663
6433.08,0.54711
6433.98,0.54444
6434.88,0.54843
6435.78,0.54707
6436.68,0.54456
6437.58,0.54485
6438.48,0.54493
6439.38,0.54719
6440.28,0.54472
6441.18,0.54467
6442.08,0.54583
6442.98,0.54616
6443.88,0.54832
6444.78,0.54912
6445.68,0.54952
6446.58,0.54925
6447.48,0.54731
6448.38,0.54829
6449.28,0.54411
6450.18,0.5437
6451.08,0.54506
6451.98,0.54444
6452.88,0.54277
6453.78,0.54181
6454.68,0.54205
6455.58,0.53886
6456.48,0.54115
6457.38,0.53909
6458.28,0.54035
6459.18,0.54118
6460.08,0.53968
6460.98,0.53775
6461.89,0.53783
6462.79,0.53721
6463.69,0.53768
6464.59,0.53668
6465.49,0.53717
6466.39,0.53748
6467.29,0.53842
6468.19,0.54129
6469.09,0.54043
6469.99,0.54034
6470.89,0.54021
6471.79,0.54119
6472.69,0.54104
6473.59,0.54195
6474.49,0.5406
6475.39,0.53908
6476.29,0.54032
6477.19,0.53893
6478.09,0.53886
6478.99,0.53985
6479.89,0.53732
6480.79,0.53934
6481.69,0.5365
6482.59,0.5396
6483.49,0.53684
6484.39,0.53846
6485.29,0.53712
6486.19,0.53579
6487.09,0.53493
6487.99,0.53638
6488.89,0.53473
6489.79,0.53401
6490.69,0.5328
6491.59,0.52866
6492.49,0.52672
6493.39,0.52237
6494.29,0.5199
6495.19,0.51742
6496.09,0.51557
6496.99,0.51308
6497.9,0.51246
6498.79,0.51202
6499.7,0.51412
6500.6,0.51868
6501.5,0.52136
6502.4,0.52363
6503.3,0.52628
6504.2,0.52695
6505.1,0.53301
6506.0,0.53309
6506.9,0.53509
6507.8,0.53416
6508.7,0.53755
6509.6,0.53555
6510.5,0.53473
6511.4,0.53595
6512.3,0.53586
6513.2,0.53441
6514.1,0.53433
6515.0,0.53217
6515.9,0.53269
6516.8,0.53094
6517.7,0.53145
6518.6,0.52908
6519.5,0.52899
6520.4,0.52928
6521.3,0.53103
6522.2,0.5314
6523.1,0.53057
6524.0,0.53071
6524.9,0.53132
6525.8,0.52894
6526.7,0.5327
6527.6,0.53205
6528.5,0.53082
6529.4,0.53042
6530.3,0.52841
6531.2,0.52991
6532.1,0.53008
6533.0,0.52762
6533.9,0.52784
6534.8,0.52913
6535.71,0.52614
6536.61,0.52635
6537.51,0.5283
6538.41,0.5274
6539.31,0.52588
6540.21,0.52685
6541.11,0.5249
6542.01,0.52273
6542.91,0.52169
6543.81,0.51995
6544.71,0.51972
6545.61,0.51893
6546.51,0.51807
6547.41,0.51436
6548.31,0.51423
6549.21,0.50926
6550.11,0.50744
6551.01,0.50774
6551.91,0.50619
6552.81,0.5031
6553.71,0.49894
6554.61,0.49706
6555.51,0.49222
6556.41,0.48627
6557.31,0.47918
6558.21,0.46989
6559.11,0.46284
6560.01,0.45365
6560.91,0.44448
6561.81,0.4342
6562.71,0.42802
6563.61,0.42265
6564.51,0.42097
6565.41,0.42115
6566.31,0.42445
6567.21,0.4348
6568.11,0.44083
6569.01,0.45132
6569.91,0.45983
6570.81,0.46806
6571.71,0.47557
6572.61,0.48165
6573.52,0.48794
6574.42,0.49263
6575.32,0.49738
6576.22,0.49897
6577.12,0.50045
6578.02,0.50493
6578.92,0.5088
6579.82,0.50742
6580.72,0.51199
6581.62,0.5132
6582.52,0.51549
6583.42,0.51545
6584.32,0.51567
6585.22,0.51726
6586.12,0.51568
6587.02,0.51732
6587.92,0.5174
6588.82,0.51607
6589.72,0.5164
6590.62,0.51786
6591.52,0.51648
6592.42,0.51532
6593.32,0.51679
6594.22,0.5168
6595.12,0.51563
6596.02,0.51485
6596.92,0.51655
6597.82,0.51866
6598.72,0.51826
6599.62,0.52119
6600.52,0.52022
6601.42,0.52263
6602.32,0.52215
6603.22,0.52091
6604.12,0.52079
6605.02,0.522
6605.92,0.52347
6606.82,0.52244
6607.72,0.52033
6608.62,0.52249
6609.52,0.52199
6610.43,0.52195
6611.33,0.52096
6612.23,0.52329
6613.13,0.5232
6614.03,0.52253
6614.93,0.52358
6615.83,0.52431
6616.73,0.52304
6617.63,0.52487
6618.53,0.52908
6619.43,0.52528
6620.33,0.52485
6621.23,0.52527
6622.13,0.52689
6623.03,0.52629
6623.93,0.52607
6624.83,0.52525
6625.73,0.52467
6626.63,0.52488
6627.53,0.52609
6628.43,0.52394
6629.33,0.52486
6630.23,0.52531
6631.13,0.52191
6632.03,0.52267
6632.93,0.52371
6633.83,0.52327
6634.73,0.52382
6635.63,0.52093
6636.53,0.52231
6637.43,0.52077
6638.33,0.5218
6639.23,0.52338
6640.13,0.52407
6641.03,0.52275
6641.93,0.52354
6642.83,0.52162
6643.73,0.52059
6644.63,0.52107
6645.53,0.52146
6646.43,0.52164
6647.34,0.52121
6648.24,0.5221
6649.14,0.52338
6650.04,0.52093
6650.94,0.52425
6651.84,0.5246
6652.74,0.52308
6653.64,0.52497
6654.54,0.52539
6655.44,0.52284
6656.34,0.5248
6657.24,0.52153
6658.14,0.52439
6659.04,0.52524
6659.94,0.52161
6660.84,0.521
6661.74,0.52078
6662.64,0.51952
6663.54,0.52181
6664.44,0.52086
6665.34,0.51814
6666.24,0.51844
6667.14,0.51805
6668.04,0.52039
6668.94,0.51936
6669.84,0.52127
6670.74,0.52091
6671.64,0.52048
6672.54,0.52285
6673.44,0.52228
6674.34,0.52164
6675.24,0.52014
6676.14,0.52036
6677.04,0.51983
6677.94,0.5177
6678.84,0.516
6679.74,0.51472
6680.64,0.51725
6681.54,0.51913
6682.44,0.51809
6683.34,0.51892
6684.24,0.51888
6685.15,0.52003
6686.05,0.5204
6686.95,0.52061
6687.85,0.51796
6688.75,0.52192
6689.65,0.52019
6690.55,0.52078
6691.45,0.51989
6692.35,0.52152
6693.25,0.51813
6694.15,0.51985
6695.05,0.51998
6695.95,0.51799
6696.85,0.51902
6697.75,0.51944
6698.65,0.52081
6699.55,0.52004
6700.45,0.51797
6701.35,0.51824
6702.25,0.51937
6703.15,0.51997
6704.05,0.51811
6704.95,0.51795
6705.85,0.51816
6706.75,0.51949
6707.65,0.51858
6708.55,0.51809
6709.45,0.5159
6710.35,0.51809
6711.25,0.51895
6712.15,0.51555
6713.05,0.51487
6713.95,0.51399
6714.85,0.51381
6715.75,0.51372
6716.65,0.51324
6717.55,0.51055
6718.45,0.51385
6719.35,0.51006
6720.25,0.51388
6721.16,0.51252
6722.06,0.51441
6722.96,0.51406
6723.86,0.51265
6724.76,0.51527
6725.66,0.51293
6726.56,0.51583
6727.46,0.51605
6728.36,0.51582
6729.26,0.51524
6730.16,0.51511
6731.06,0.51665
6731.96,0.51631
6732.86,0.51435
6733.76,0.51813
6734.66,0.51621
6735.56,0.51766
6736.46,0.51431
6737.36,0.51522
6738.26,0.51537
6739.16,0.51537
6740.06,0.51336
6740.96,0.51465
6741.86,0.51303
6742.76,0.51136
6743.66,0.51111
6744.56,0.51259
6745.46,0.51094
6746.36,0.51356
6747.26,0.51229
6748.16,0.51188
6749.06,0.5126
6749.96,0.51152
6750.86,0.51059
6751.76,0.51213
6752.66,0.5115
6753.56,0.51263
6754.46,0.50992
6755.36,0.51357
6756.26,0.51231
6757.16,0.51338
6758.06,0.51529
6758.97,0.51174
6759.87,0.51461
6760.77,0.51548
6761.67,0.51388
6762.57,0.51543
6763.47,0.51515
6764.37,0.5133
6765.27,0.5144
6766.17,0.51414
6767.07,0.51351
6767.97,0.51176
6768.87,0.5133
6769.77,0.51152
6770.67,0.51178
6771.57,0.50906
6772.47,0.51163
6773.37,0.51242
6774.27,0.51154
6775.17,0.51043
6776.07,0.51401
6776.97,0.515
6777.87,0.51485
6778.77,0.5147
6779.67,0.51274
6780.57,0.51264
6781.47,0.51449
6782.37,0.51283
6783.27,0.51343
6784.17,0.51291
6785.07,0.51062
6785.97,0.51059
6786.87,0.51172
6787.77,0.50995
6788.67,0.50974
6789.57,0.50934
6790.47,0.50984
6791.37,0.51163
6792.27,0.51162
6793.17,0.50923
6794.07,0.50988
6794.97,0.50902
6795.88,0.51262
6796.78,0.51111
6797.68,0.5125
6798.58,0.51425
6799.48,0.51304
6800.38,0.51336
6801.28,0.51144
6802.18,0.51196
6803.08,0.51194
6803.98,0.50882
6804.88,0.51176
6805.78,0.51151
6806.68,0.51032
6807.58,0.5086
6808.48,0.50962
6809.38,0.50963
6810.28,0.50851
6811.18,0.51074
6812.08,0.50966
6812.98,0.50878
6813.88,0.50832
6814.78,0.50847
6815.68,0.50899
6816.58,0.50868
6817.48,0.50889
6818.38,0.50967
6819.28,0.50921
6820.18,0.51042
6821.08,0.50876
6821.98,0.50798
6822.88,0.50806
6823.78,0.50838
6824.68,0.50904
6825.58,0.50975
6826.48,0.50961
6827.38,0.50779
6828.28,0.50764
6829.18,0.50886
6830.08,0.50822
6830.98,0.5081
6831.88,0.50886
6832.79,0.50983
6833.69,0.50753
6834.59,0.50856
6835.49,0.50834
6836.39,0.50754
6837.29,0.50706
6838.19,0.50543
6839.09,0.50777
6839.99,0.50841
6840.89,0.50454
6841.79,0.50401
6842.69,0.50781
6843.59,0.50421
6844.49,0.50377
6845.39,0.50505
6846.29,0.50576
6847.19,0.50344
6848.09,0.50478
6848.99,0.50315
6849.89,0.5047
6850.79,0.50618
6851.69,0.50581
6852.59,0.50513
6853.49,0.50366
6854.39,0.50431
6855.29,0.50352
6856.19,0.50236
6857.09,0.50452
6857.99,0.50444
6858.89,0.50297
6859.79,0.50393
6860.69,0.50296
6861.59,0.50279
6862.49,0.50392
6863.39,0.50316
6864.29,0.50461
6865.19,0.50466
6866.09,0.50491
6866.99,0.5057
6867.89,0.50489
6868.79,0.50461
6869.7,0.50465
6870.6,0.50288
6871.5,0.50386
6872.4,0.50429
6873.3,0.50401
6874.2,0.5041
6875.1,0.50422
6876.0,0.50459
6876.9,0.50634
6877.8,0.50616
6878.7,0.50484
6879.6,0.5047
6880.5,0.50558
6881.4,0.50471
6882.3,0.50479
6883.2,0.50526
6884.1,0.50254
6885.0,0.50413
6885.9,0.50436
6886.8,0.50433
6887.7,0.50323
6888.6,0.50411
6889.5,0.50326
6890.4,0.50325
6891.3,0.50684
6892.2,0.50372
6893.1,0.50301
6894.0,0.50332
6894.9,0.50478
6895.8,0.50367
6896.7,0.50521
6897.6,0.50298
6898.5,0.5018
6899.4,0.5025
6900.3,0.50535
6901.2,0.50311
6902.1,0.50271
6903.0,0.50579
6903.9,0.50426
6904.8,0.5054
6905.7,0.50425
6906.6,0.50446
6907.51,0.50466
6908.41,0.50399
6909.31,0.50294
6910.21,0.50411
6911.11,0.50367
6912.01,0.50281
6912.91,0.50227
6913.81,0.50061
6914.71,0.50052
6915.61,0.50091
6916.51,0.50253
6917.41,0.50077
6918.31,0.49942
6919.21,0.49971
6920.11,0.49874
6921.01,0.50197
6921.91,0.50078
6922.81,0.50228
6923.71,0.50025
6924.61,0.5018
6925.51,0.50208
6926.41,0.50389
6927.31,0.50234
6928.21,0.50563
6929.11,0.49955
6930.01,0.50412
6930.91,0.50304
6931.81,0.50311
6932.71,0.50206
6933.61,0.50112
6934.51,0.50265
6935.41,0.50067
6936.31,0.50177
6937.21,0.50155
6938.11,0.50153
6939.01,0.5004
6939.91,0.49979
6940.81,0.50147
6941.71,0.50096
6942.61,0.50093
6943.52,0.50074
6944.42,0.5013
6945.31,0.50114
6946.22,0.50042
6947.12,0.49965
6948.02,0.49692
6948.92,0.49988
6949.82,0.49902
6950.72,0.49864
6951.62,0.50099
6952.52,0.49971
6953.42,0.49924
6954.32,0.49972
6955.22,0.50037
6956.12,0.50151
6957.02,0.50266
6957.92,0.5025
6958.82,0.50069
6959.72,0.50338
6960.62,0.50145
6961.52,0.50078
6962.42,0.50002
6963.32,0.50286
6964.22,0.50304
6965.12,0.50223
6966.02,0.50283
6966.92,0.49874
6967.82,0.50212
6968.72,0.5011
6969.62,0.5014
6970.52,0.50256
6971.42,0.50182
6972.32,0.5012
6973.22,0.50035
6974.12,0.50026
6975.02,0.49995
6975.92,0.49705
6976.82,0.49624
6977.72,0.49671
6978.62,0.49474
6979.52,0.49528
6980.42,0.49462
6981.33,0.49451
6982.23,0.4946
6983.12,0.49534
6984.03,0.49449
6984.93,0.49687
6985.83,0.49755
6986.73,0.49604
6987.63,0.49748
6988.53,0.50006
6989.43,0.49635
6990.33,0.49836
6991.23,0.4992
6992.13,0.49808
6993.03,0.50013
6993.93,0.49841
6994.83,0.49925
6995.73,0.49687
6996.63,0.49775
6997.53,0.49724
6998.43,0.49973
6999.33,0.49526
7000.23,0.49787
7001.13,0.49841
7002.03,0.49703
7002.93,0.49504
7003.83,0.4965
7004.73,0.49744
7005.63,0.4967
7006.53,0.49674
7007.43,0.49647
7008.33,0.49707
7009.23,0.49619
7010.13,0.49697
7011.03,0.49704
7011.93,0.49525
7012.83,0.49775
7013.73,0.49492
7014.63,0.49612
7015.53,0.49557
7016.43,0.49501
7017.33,0.49286
7018.23,0.49228
7019.14,0.49429
7020.04,0.49233
7020.94,0.49411
7021.84,0.49354
7022.74,0.49433
7023.64,0.49429
7024.54,0.49478
7025.44,0.49517
7026.34,0.49499
7027.24,0.49555
7028.14,0.49558
7029.04,0.49521
7029.94,0.49516
7030.84,0.49555
7031.74,0.49527
7032.64,0.4949
7033.54,0.49591
7034.44,0.49453
7035.34,0.49442
7036.24,0.49445
7037.14,0.4948
7038.04,0.49445
7038.94,0.49703
7039.84,0.49538
7040.74,0.49577
7041.64,0.49737
7042.54,0.49803
7043.44,0.49844
7044.34,0.4969
7045.24,0.50052
7046.14,0.50006
7047.04,0.49983
7047.94,0.49973
7048.84,0.49893
7049.74,0.49955
7050.64,0.50041
7051.54,0.49877
7052.44,0.49904
7053.34,0.49711
7054.25,0.49558
7055.15,0.49529
7056.04,0.49658
7056.95,0.49441
7057.85,0.49308
7058.75,0.49465
7059.65,0.49272
7060.55,0.4952
7061.45,0.49329
7062.35,0.49558
7063.25,0.49193
7064.15,0.49272
7065.05,0.4938
7065.95,0.49387
7066.85,0.49273
7067.75,0.49378
7068.65,0.4943
7069.55,0.49282
7070.45,0.49335
7071.35,0.49405
7072.25,0.49376
7073.15,0.49274
7074.05,0.49601
7074.95,0.49366
7075.85,0.49374
7076.75,0.49426
7077.65,0.49526
7078.55,0.49389
7079.45,0.49511
7080.35,0.49375
7081.25,0.49318
7082.15,0.49194
7083.05,0.49225
7083.95,0.48941
7084.85,0.48725
7085.75,0.48906
7086.65,0.48608
7087.55,0.48575
7088.45,0.48495
7089.35,0.48335
7090.25,0.48426
7091.15,0.48182
7092.06,0.47994
7092.96,0.48141
7093.85,0.47956
7094.76,0.48196
7095.66,0.4836
7096.56,0.48105
7097.46,0.48272
7098.36,0.48127
7099.26,0.48443
7100.16,0.48318
7101.06,0.48533
7101.96,0.48667
7102.86,0.48784
7103.76,0.48626
7104.66,0.48763
7105.56,0.48649
7106.46,0.48727
7107.36,0.4881
7108.26,0.48742
7109.16,0.48654
7110.06,0.48637
7110.96,0.48814
7111.86,0.4883
7112.76,0.48677
7113.66,0.48852
7114.56,0.4879
7115.46,0.48782
7116.36,0.48799
7117.26,0.48931
7118.16,0.48858
7119.06,0.48807
7119.96,0.48858
7120.86,0.48752
7121.76,0.48616
7122.66,0.48517
7123.56,0.48571
7124.46,0.48279
7125.36,0.48619
7126.26,0.48518
7127.16,0.48279
7127.27,0.48611
7128.17,0.48311
7129.07,0.48268
7129.96,0.48239
7130.86,0.48294
7131.75,0.48191
7132.65,0.48292
7133.55,0.48332
7134.44,0.48065
7135.34,0.48273
7136.23,0.48219
7137.13,0.48444
7138.03,0.48232
7138.92,0.48209
7139.82,0.48257
7140.71,0.48415
7141.61,0.48293
7142.5,0.4826
7143.4,0.48253
7144.3,0.48202
7145.19,0.48042
7146.09,0.48126
7146.98,0.47995
7147.88,0.47988
7148.78,0.47711
7149.67,0.48021
7150.57,0.47884
7151.46,0.47827
7152.36,0.47986
7153.26,0.47848
7154.15,0.47896
7155.05,0.48207
7155.94,0.48132
7156.84,0.48081
7157.74,0.48101
7158.63,0.48494
7159.53,0.48291
7160.42,0.48464
7161.32,0.48626
7162.21,0.48559
7163.11,0.48737
7164.01,0.48977
7164.9,0.49065
7165.8,0.49178
7166.69,0.49208
7167.59,0.49392
7168.49,0.49619
7169.38,0.49737
7170.28,0.49732
7171.17,0.49766
7172.07,0.49836
7172.96,0.49794
7173.86,0.49991
7174.76,0.49918
7175.65,0.49873
7176.55,0.4985
7177.44,0.49894
7178.34,0.49707
7179.24,0.49694
7180.13,0.49657
7181.03,0.49584
7181.92,0.49521
7182.82,0.49602
7183.72,0.49349
7184.61,0.49349
7185.51,0.49375
7186.4,0.49324
7187.3,0.49184
7188.19,0.49249
7189.09,0.49445
7189.99,0.49269
7190.88,0.49365
7191.78,0.49204
7192.67,0.49096
7193.57,0.4931
7194.47,0.49277
7195.36,0.4929
7196.26,0.49235
7197.15,0.49267
7198.05,0.49283
7198.95,0.49373
7199.84,0.49168
7200.74,0.49157
7201.63,0.4926
7202.53,0.49318
7203.43,0.49165
7204.32,0.49119
7205.22,0.49227
7206.11,0.49111
7207.01,0.49034
7207.9,0.49008
7208.8,0.49137
7209.7,0.49223
7210.59,0.4899
7211.49,0.49078
7212.38,0.49315
7213.28,0.49192
7214.18,0.49401
7215.07,0.49242
7215.97,0.49457
7216.86,0.49565
7217.76,0.49257
7218.66,0.49404
7219.55,0.49591
7220.45,0.49555
7221.34,0.49509
7222.24,0.49711
7223.13,0.49593
7224.03,0.49698
7224.93,0.49619
7225.82,0.49721
7226.72,0.49762
7227.61,0.4986
7228.51,0.4971
7229.41,0.49659
7230.3,0.4979
7231.2,0.49919
7232.09,0.49794
7232.99,0.4992
7233.89,0.49967
7234.78,0.49922
7235.68,0.49906
7236.57,0.49642
7237.47,0.49482
7238.36,0.49875
7239.26,0.49615
7240.16,0.49632
7241.05,0.49649
7241.95,0.49561
7242.84,0.49499
7243.74,0.49436
7244.64,0.49655
7245.53,0.49368
7246.43,0.4932
7247.32,0.49559
7248.22,0.49384
7249.12,0.49459
7250.01,0.49147
7250.91,0.49351
7251.8,0.49343
7252.7,0.49406
7253.6,0.49341
7254.49,0.49428
7255.39,0.49481
7256.28,0.49194
7257.18,0.49551
7258.07,0.49606
7258.97,0.49276
7259.87,0.49516
7260.76,0.49395
7261.66,0.49408
7262.55,0.49429
7263.45,0.49381
7264.35,0.49362
7265.24,0.49377
7266.14,0.49395
7267.03,0.49484
7267.93,0.49464
7268.83,0.49248
7269.72,0.49384
7270.62,0.49465
7271.51,0.49394
7272.41,0.49331
7273.3,0.49383
7274.2,0.49506
7275.1,0.49272
7275.99,0.49379
7276.89,0.49341
7277.78,0.49291
7278.68,0.49316
7279.58,0.49181
7280.47,0.49235
7281.37,0.49152
7282.26,0.48986
7283.16,0.49042
7284.06,0.48841
7284.95,0.49003
7285.85,0.48739
7286.74,0.48796
7287.64,0.48588
7288.53,0.48561
7289.43,0.48424
7290.33,0.48409
7291.22,0.48571
7292.12,0.48491
7293.01,0.48715
7293.91,0.4854
7294.81,0.48693
7295.7,0.48658
7296.6,0.48857
7297.49,0.487
7298.39,0.4881
7299.29,0.48845
7300.18,0.48723
7301.08,0.4883
7301.97,0.49029
7302.87,0.48862
7303.76,0.48881
7304.66,0.48915
7305.56,0.48983
7306.45,0.49027
7307.35,0.4877
7308.24,0.48721
7309.14,0.48793
7310.04,0.48695
7310.93,0.48793
7311.83,0.48747
7312.72,0.48871
7313.62,0.48896
7314.52,0.48872
7315.41,0.4868
7316.31,0.48748
7317.2,0.48462
7318.1,0.48747
7318.99,0.48653
7319.89,0.48641
7320.79,0.48648
7321.68,0.48516
7322.58,0.48497
7323.47,0.4845
7324.37,0.48515
7325.27,0.48537
7326.16,0.48394
7327.06,0.48194
7327.95,0.48187
7328.85,0.48393
7329.75,0.48243
7330.64,0.48378
7331.54,0.48403
7332.43,0.48594
7333.33,0.48496
7334.22,0.48687
7335.12,0.48735
7336.02,0.48736
7336.91,0.4861
7337.81,0.4857
7338.7,0.48502
7339.6,0.48682
7340.5,0.48427
7341.39,0.48356
7342.29,0.4857
7343.18,0.48518
7344.08,0.4835
7344.98,0.48592
7345.87,0.48414
7346.77,0.48577
7347.66,0.48383
7348.56,0.48186
7349.45,0.48218
7350.35,0.48233
7351.25,0.48218
7352.14,0.48141
7353.04,0.47979
7353.93,0.48079
7354.83,0.47963
7355.73,0.47959
7356.62,0.4773
7357.52,0.47902
7358.41,0.47622
7359.31,0.47674
7360.21,0.4779
7361.1,0.47747
7362.0,0.47721
7362.89,0.47783
7363.79,0.47639
7364.69,0.47739
7365.58,0.47878
7366.48,0.47705
7367.37,0.47825
7368.27,0.4781
7369.16,0.47757
7370.06,0.47976
7370.96,0.4773
7371.85,0.47807
7372.75,0.47877
7373.64,0.48013
7374.54,0.47859
7375.44,0.47877
7376.33,0.47994
7377.23,0.4777
7378.12,0.47914
7379.02,0.47704
7379.92,0.47842
7380.81,0.47688
7381.71,0.47791
7382.6,0.47462
7383.5,0.47502
7384.39,0.47407
7385.29,0.47241
7386.19,0.47314
7387.08,0.47267
7387.98,0.47102
7388.87,0.47124
7389.77,0.47011
7390.67,0.47116
7391.56,0.4698
7392.46,0.47202
7393.35,0.46972
7394.25,0.47004
7395.15,0.47102
7396.04,0.47131
7396.94,0.47097
7397.83,0.47172
7398.73,0.47106
7399.62,0.4713
7400.52,0.47409
7401.42,0.4715
7402.31,0.4713
7403.21,0.47205
7404.1,0.47184
7405.0,0.47069
7405.9,0.47088
7406.79,0.46821
7407.69,0.4671
7408.58,0.4651
7409.48,0.46358
7410.38,0.46233
7411.27,0.46084
7412.17,0.45945
7413.06,0.45803
7413.96,0.45652
7414.85,0.45587
7415.75,0.45679
7416.65,0.45449
7417.54,0.45448
7418.44,0.45651
7419.33,0.45498
7420.23,0.458
7421.13,0.45795
7422.02,0.45835
7422.92,0.45782
7423.81,0.45989
7424.71,0.46114
7425.6,0.46521
7426.5,0.46335
7427.4,0.46527
7428.29,0.4668
7429.19,0.46795
7431.68,0.4708
7434.18,0.47022
7436.67,0.4725
7439.17,0.47284
7441.66,0.47054
7444.16,0.47005
7446.66,0.46898
7449.15,0.4702
7451.65,0.47112
7454.14,0.46931
7456.64,0.47184
7459.13,0.47038
7461.63,0.4702
7464.12,0.47115
7466.62,0.47158
7469.11,0.47063
7471.61,0.47152
7474.1,0.47191
7476.6,0.47013
7479.09,0.47183
7481.59,0.46998
7484.08,0.4685
7486.58,0.47065
7489.07,0.46755
7491.57,0.46927
7494.06,0.4675
7496.56,0.46647
7499.05,0.46594
7501.55,0.46781
7504.04,0.46792
7506.54,0.46754
7509.03,0.46662
7511.53,0.46597
7514.02,0.46569
7516.52,0.46698
7519.01,0.46726
7521.51,0.46673
7524.0,0.46664
7526.5,0.46585
7528.99,0.46527
7531.49,0.46556
7533.99,0.4677
7536.48,0.46659
7538.98,0.46766
7541.47,0.46755
7543.97,0.46762
7546.46,0.46665
7548.96,0.46711
7551.45,0.46523
7553.95,0.46493
7556.44,0.46538
7558.94,0.46501
7561.43,0.46447
7563.93,0.46428
7566.42,0.46406
7568.92,0.46389
7571.41,0.46317
7573.91,0.46321
7576.4,0.46297
7578.9,0.46296
7581.39,0.46247
7583.89,0.46169
7586.38,0.46033
7588.88,0.46017
7591.37,0.46155
7593.87,0.46267
7596.36,0.46187
7598.86,0.46309
7601.35,0.46116
7603.85,0.46193
7606.34,0.46077
7608.84,0.46034
7611.33,0.46044
7613.83,0.46007
7616.33,0.45849
7618.82,0.45813
7621.32,0.4564
7623.81,0.4577
7626.31,0.45831
7628.8,0.45913
7631.3,0.45967
7633.79,0.45977
7636.29,0.46034
7638.78,0.45865
7641.28,0.45887
7643.77,0.45923
7646.27,0.45863
7648.76,0.45757
7651.26,0.45628
7653.75,0.45438
7656.25,0.45231
7658.74,0.44784
7661.24,0.4462
7663.73,0.44442
7666.23,0.44208
7668.72,0.44512
7671.22,0.44792
7673.71,0.451
7676.21,0.45245
7678.7,0.45479
7681.2,0.45409
7683.69,0.45373
7686.19,0.45421
7688.69,0.45387
7691.18,0.45232
7693.68,0.45267
7696.17,0.44969
7698.67,0.44804
7701.16,0.44807
7703.66,0.4482
7706.15,0.44911
7708.65,0.44959
7711.14,0.44806
7713.64,0.44845
7716.13,0.44827
7718.63,0.44879
7721.12,0.45061
7723.62,0.45045
7726.11,0.44976
7728.61,0.45125
7731.1,0.45201
7733.6,0.45372
7736.09,0.454
7738.59,0.45359
7741.08,0.45318
7743.58,0.45152
7746.07,0.44879
7748.57,0.44791
7751.06,0.44778
7753.56,0.44893
7756.05,0.45007
7758.55,0.45228
7761.04,0.4527
7763.54,0.45475
7766.03,0.45467
7768.53,0.45384
7771.03,0.45297
7773.52,0.45413
7776.02,0.45316
7778.51,0.45289
7781.01,0.45208
7783.5,0.45088
7786.0,0.44946
7788.49,0.44939
7790.99,0.4489
7793.48,0.44782
7795.98,0.44766
7798.47,0.44735
7800.97,0.44743
7803.46,0.44851
7805.96,0.44763
7808.45,0.44772
7810.95,0.44791
7813.44,0.44803
7815.94,0.44908
7818.43,0.44945
7820.93,0.4484
7823.42,0.4482
7825.92,0.44799
7828.41,0.44608
7830.91,0.44442
7833.4,0.44422
7835.9,0.44325
7838.39,0.44236
7840.89,0.44429
7843.38,0.44349
7845.88,0.44571
7848.38,0.44382
7850.87,0.44381
7853.37,0.44439
7855.86,0.44381
7858.36,0.44388
7860.85,0.4451
7863.35,0.44446
7865.84,0.44493
7868.34,0.44424
7870.83,0.44418
7873.33,0.44442
7875.82,0.44321
7878.32,0.44303
7880.81,0.44193
7883.31,0.44158
7885.8,0.44182
7888.3,0.44182
7890.79,0.44168
7893.29,0.44179
7895.78,0.44107
7898.28,0.44177
7900.77,0.44123
7903.27,0.44121
7905.76,0.43973
7908.26,0.43912
7910.75,0.43659
7913.25,0.4363
7915.74,0.43526
7918.24,0.43401
7920.73,0.43507
7923.23,0.4354
7925.73,0.4357
7928.22,0.43557
7930.71,0.43587
7933.21,0.43461
7935.71,0.43287
7938.2,0.43269
7940.7,0.43071
7943.19,0.42993
7945.69,0.42937
7948.18,0.42949
7950.68,0.4315
7953.17,0.43278
7955.67,0.43398
7958.16,0.43425
7960.66,0.43473
7963.15,0.43477
7965.65,0.43418
7968.14,0.43541
7970.64,0.43352
7973.13,0.43376
7975.63,0.43418
7978.12,0.43319
7980.62,0.43145
7983.11,0.4324
7985.61,0.43097
7988.1,0.4309
7990.6,0.43004
7993.09,0.42988
7995.59,0.42971
7998.08,0.42976
8000.58,0.42927
8003.07,0.42946
8005.57,0.43089
8008.06,0.43195
8010.56,0.43265
8013.06,0.43269
8015.55,0.4337
8018.05,0.43285
8020.54,0.4311
8023.04,0.43011
8025.53,0.4302
8028.03,0.42795
8030.52,0.42895
8033.02,0.42857
8035.51,0.43036
8038.01,0.42954
8040.5,0.42974
8043.0,0.42788
8045.49,0.4267
8047.99,0.42542
8050.48,0.42525
8052.98,0.42594
8055.47,0.42657
8057.97,0.42692
8060.46,0.42833
8062.96,0.42789
8065.45,0.42817
8067.95,0.4263
8070.44,0.42484
8072.94,0.42421
8075.43,0.42358
8077.93,0.42411
8080.42,0.42302
8082.92,0.42462
8085.41,0.42428
8087.91,0.4239
8090.4,0.4223
8092.9,0.42264
8095.4,0.42189
8097.89,0.42139
8100.39,0.42359
8102.88,0.42251
8105.38,0.4229
8107.87,0.4231
8110.37,0.4226
8112.86,0.42259
8115.36,0.423
8117.85,0.4223
8120.35,0.42202
8122.84,0.42182
8125.34,0.42274
8127.83,0.4226
8130.33,0.42287
8132.82,0.42222
8135.32,0.4222
8137.81,0.42169
8140.31,0.42245
8142.8,0.42157
8145.3,0.42176
8147.79,0.42154
8150.29,0.42113
8152.78,0.42126
8155.28,0.42199
8157.77,0.42114
8160.27,0.42063
8162.76,0.42094
8165.26,0.42075
8167.75,0.42027
8170.25,0.42028
8172.75,0.41956
8175.24,0.42028
8177.74,0.41944
8180.23,0.41671
8182.73,0.41558
8185.22,0.41468
8187.72,0.41348
8190.21,0.41387
8192.71,0.41364
8195.2,0.41203
8197.7,0.41096
8200.19,0.41169
8202.69,0.41272
8205.18,0.41262
8207.68,0.41422
8210.17,0.41456
8212.67,0.41371
8215.16,0.41441
8217.66,0.41576
8220.15,0.41509
8222.65,0.41566
8225.14,0.41572
8227.64,0.41606
8230.13,0.41608
8232.63,0.41676
8235.12,0.41632
8237.62,0.41642
8240.11,0.41511
8242.61,0.41589
8245.1,0.41465
8247.6,0.41563
8250.1,0.41437
8252.59,0.4155
8255.08,0.41394
8257.58,0.41472
8260.08,0.41503
8262.57,0.41511
8265.07,0.41442
8267.56,0.41506
8270.06,0.41566
8272.55,0.41466
8275.05,0.41453
8277.54,0.41487
8280.04,0.4148
8282.53,0.41493
8285.03,0.41496
8287.52,0.41455
8290.02,0.41362
8292.51,0.41286
8295.01,0.41231
8297.5,0.41162
8300.0,0.41256
8302.49,0.41105
8304.99,0.41124
8307.48,0.40989
8309.98,0.41074
8312.47,0.40958
8314.97,0.4111
8317.46,0.41066
8319.96,0.41068
8322.46,0.40989
8324.95,0.4074
8327.44,0.40575
8329.94,0.40491
8332.43,0.40385
8334.93,0.40393
8337.43,0.40496
8339.92,0.40533
8342.42,0.40709
8344.91,0.40715
8347.41,0.40678
8349.9,0.40701
8352.4,0.40773
8354.89,0.40749
8357.39,0.4079
8359.88,0.40745
8362.38,0.40647
8364.87,0.40519
8367.37,0.4063
8369.86,0.40651
8372.36,0.40616
8374.85,0.40713
8377.35,0.4053
8379.84,0.4037
8382.34,0.40224
8384.83,0.40029
8387.33,0.39921
8389.82,0.39924
8392.32,0.40042
8394.81,0.40162
8397.31,0.40333
8399.8,0.40522
8402.3,0.40469
8404.79,0.40485
8407.29,0.40597
8409.79,0.40492
8412.28,0.40378
8414.78,0.40363
8417.27,0.40347
8419.77,0.4027
8422.26,0.40308
8424.76,0.40164
8427.25,0.40141
8429.75,0.39963
8432.24,0.39869
8434.74,0.39788
8437.23,0.39638
8439.73,0.39729
8442.22,0.39858
8444.72,0.40047
8447.21,0.40043
8449.71,0.40322
8452.2,0.40204
8454.7,0.402
8457.19,0.40313
8459.69,0.40099
8462.18,0.40106
8464.68,0.39812
8467.17,0.39638
8469.67,0.39549
8472.16,0.39486
8474.66,0.39684
8477.15,0.39884
8479.65,0.39866
8482.14,0.3987
8484.64,0.40023
8487.13,0.39849
8489.63,0.39618
8492.12,0.39149
8494.62,0.38337
8497.12,0.37518
8499.61,0.37008
8502.11,0.36955
8504.6,0.37346
8507.1,0.38025
8509.59,0.38393
8512.09,0.38734
8514.58,0.38859
8517.08,0.38915
8519.57,0.38983
8522.07,0.39007
8524.56,0.39172
8527.06,0.39254
8529.55,0.38988
8532.05,0.38587
8534.54,0.37718
8537.04,0.3649
8539.53,0.34904
8542.03,0.3357
8544.52,0.32997
8547.02,0.33432
8549.51,0.34662
8552.01,0.36194
8554.5,0.3749
8557.0,0.38157
8559.49,0.38651
8561.99,0.3886
8564.48,0.39043
8566.98,0.39137
8569.47,0.39147
8571.97,0.39152
8574.47,0.39146
8576.96,0.39161
8579.46,0.39168
8581.95,0.39113
8584.45,0.39039
8586.94,0.38908
8589.44,0.38897
8591.93,0.38692
8594.43,0.38549
8596.92,0.38446
8599.42,0.38379
8601.91,0.38236
8604.41,0.38318
8606.9,0.38468
8609.4,0.38575
8611.89,0.38509
8614.39,0.38595
8616.88,0.38431
8619.38,0.38557
8621.87,0.38623
8624.37,0.38646
8626.86,0.38743
8629.36,0.38673
8631.85,0.38799
8634.35,0.3886
8636.84,0.38758
8639.34,0.38841
8641.83,0.38898
8644.33,0.38863
8646.83,0.38757
8649.32,0.38422
8651.82,0.38062
8654.31,0.3731
8656.8,0.36242
8659.3,0.34875
8661.8,0.33657
8664.29,0.33116
8666.79,0.33272
8669.28,0.3428
8671.78,0.35397
8674.27,0.36545
8676.77,0.37317
8679.26,0.37712
8681.76,0.37956
8684.25,0.37963
8686.75,0.37955
8689.24,0.3789
8691.74,0.37887
8694.23,0.37959
8696.73,0.3812
8699.22,0.38156
8701.72,0.38307
8704.21,0.38307
8706.71,0.38358
8709.2,0.38221
8711.7,0.38304
8714.19,0.38182
8716.69,0.38187
8719.18,0.38303
8721.68,0.38373
8724.17,0.38435
8726.67,0.38417
8729.17,0.38303
8731.66,0.38262
8734.16,0.3811
8736.65,0.37952
8739.15,0.37822
8741.64,0.37623
8744.14,0.37359
8746.63,0.37147
8749.13,0.36875
8751.62,0.3675
8754.12,0.36645
8756.61,0.36815
8759.11,0.3696
8761.6,0.37278
8764.1,0.37469
8766.59,0.37648
8769.09,0.3766
8771.58,0.37785
8774.08,0.37857
8776.57,0.38004
8779.07,0.37905
8781.56,0.37964
8784.06,0.3804
8786.55,0.3812
8789.05,0.37947
8791.54,0.37919
8794.04,0.37835
8796.53,0.37743
8799.03,0.37684
8801.52,0.37664
8804.02,0.37238
8806.51,0.37202
8809.01,0.37091
8811.5,0.37111
8814.0,0.37445
8816.5,0.37613
8818.99,0.3772
8821.49,0.37718
8823.98,0.37633
8826.48,0.37629
8828.97,0.37672
8831.47,0.37731
8833.96,0.37827
8836.46,0.37815
8838.95,0.3785
8841.45,0.37763
8843.94,0.37699
8846.44,0.37716
8848.93,0.37698
8851.43,0.37587
8853.92,0.37505
8856.42,0.37204
8858.91,0.36786
8861.41,0.365
8863.9,0.36369
8866.4,0.3625
8868.89,0.36286
8871.39,0.36564
8873.88,0.3689
8876.38,0.3712
8878.87,0.37413
8881.37,0.37538
8883.87,0.37574
8886.36,0.3765
8888.86,0.37625
8891.35,0.37671
8893.84,0.37642
8896.34,0.37721
8898.84,0.37625
8901.33,0.37712
8903.83,0.3768
8906.32,0.376
8908.82,0.37589
8911.31,0.375
8913.81,0.37419
8916.3,0.3737
8918.8,0.37275
8921.29,0.37208
8923.79,0.37145
8926.28,0.37037
8928.78,0.36989
8931.27,0.37078
8933.77,0.37081
8936.26,0.37031
8938.76,0.37092
8941.25,0.37182
8943.75,0.37028
8946.24,0.37097
8948.74,0.3712
8951.23,0.37122
8953.73,0.37211
8956.22,0.37397
8958.72,0.37338
8961.21,0.37339
8963.71,0.37323
8966.2,0.37255
8968.7,0.37244
8971.2,0.37127
8973.69,0.37027
8976.19,0.37004
8978.68,0.36921
8981.18,0.36945
8983.67,0.37062
8986.17,0.37039
8988.66,0.37039
8991.16,0.36907
8993.65,0.36952
8996.15,0.36647
8998.64,0.36446
9001.14,0.36268
9003.63,0.36092
9006.13,0.35688
9008.62,0.35367
9011.12,0.34944
9013.61,0.34594
9016.11,0.34473
9018.6,0.34567
9021.1,0.34828
9023.59,0.35139
9026.09,0.35459
9028.58,0.35771
9031.08,0.36124
9033.57,0.36333
9036.07,0.36547
9038.56,0.36526
9041.06,0.36596
9043.55,0.36708
9046.05,0.36666
9048.54,0.36608
9051.04,0.36673
9053.54,0.36624
9056.03,0.36557
9058.53,0.3647
9061.02,0.36371
9063.52,0.36252
9066.01,0.36287
9068.51,0.36378
9071.0,0.36334
9073.5,0.36339
9075.99,0.36267
9078.49,0.3628
9080.98,0.36184
9083.48,0.36006
9085.97,0.35764
9088.47,0.35636
9090.96,0.35513
9093.46,0.35599
9095.95,0.35617
9098.45,0.35786
9100.94,0.35918
9103.44,0.35955
9105.93,0.361
9108.43,0.3606
9110.92,0.35985
9113.42,0.36013
9115.91,0.35924
9118.41,0.35857
9120.9,0.35872
9123.4,0.35857
9125.89,0.35896
9128.39,0.36063
9130.88,0.36038
9133.38,0.36036
9135.88,0.35971
9138.37,0.35897
9140.87,0.35748
9143.36,0.35659
9145.86,0.35594
9148.35,0.35605
9150.85,0.3558
9153.34,0.35553
9155.84,0.35626
9158.33,0.35575
9160.83,0.3563
9163.32,0.35613
9165.82,0.35462
9168.31,0.35296
9170.81,0.3533
9173.3,0.35274
9175.8,0.35187
9178.29,0.35177
9180.79,0.35232
9183.28,0.35273
9185.78,0.35232
9188.27,0.35239
9190.77,0.35217
9193.26,0.35226
9195.76,0.35078
9198.25,0.35122
9200.75,0.35165
9203.24,0.35085
9205.74,0.35024
9208.24,0.34868
9210.73,0.34765
9213.23,0.34535
9215.72,0.34403
9218.22,0.34362
9220.71,0.34277
9223.21,0.3413
9225.7,0.33784
9228.2,0.33629
9230.69,0.33524
9233.19,0.33551
9235.68,0.33675
9238.18,0.33848
9240.67,0.34161
9243.17,0.34285
9245.66,0.34456
9248.16,0.34401
9250.65,0.34525
9253.15,0.34456
9255.64,0.3448
9258.14,0.3444
9260.63,0.34468
9263.13,0.34585
9265.62,0.34771
9268.12,0.3475
9270.61,0.34903
9273.11,0.3477
9275.6,0.34656
9278.1,0.34713
9280.59,0.34668
9283.09,0.34624
9285.58,0.34532
9288.08,0.3448
9290.58,0.34536
9293.07,0.34482
9295.57,0.3445
9298.06,0.34466
9300.56,0.34515
9303.05,0.34458
9305.55,0.34536
9308.04,0.3449
9310.54,0.34414
9313.03,0.34527
9315.53,0.34417
9318.02,0.34452
9320.52,0.3442
9323.01,0.34504
9325.51,0.34468
9328.0,0.34547
9330.5,0.34535
9332.99,0.34513
9335.49,0.34544
9337.98,0.34429
9340.48,0.34484
9342.97,0.34497
9345.47,0.34369
9347.96,0.3437
9350.46,0.34339
9352.95,0.34215
9355.45,0.34215
9357.94,0.34048
9360.44,0.33971
9362.93,0.33897
9365.43,0.33981
9367.92,0.33906
9370.42,0.33938
9372.92,0.33967
9375.41,0.33879
9377.91,0.33923
9380.4,0.34046
9382.9,0.33999
9385.39,0.3397
9387.89,0.34018
9390.38,0.33977
9392.88,0.33983
9395.37,0.33915
9397.87,0.33915
9400.36,0.33776
9402.86,0.33689
9405.35,0.33465
9407.85,0.33515
9410.34,0.33274
9412.84,0.33213
9415.33,0.33202
9417.83,0.33301
9420.32,0.33372
9422.82,0.33466
9425.31,0.33581
9427.81,0.33642
9430.3,0.33666
9432.8,0.3355
9435.29,0.3347
9437.79,0.33408
9440.28,0.33359
9442.78,0.33364
9445.27,0.33387
9447.77,0.33452
9450.27,0.33415
9452.76,0.33384
9455.25,0.33402
9457.75,0.33463
9460.25,0.33483
9462.74,0.33436
9465.24,0.3346
9467.73,0.33535
9470.23,0.33556
9472.72,0.33519
9475.22,0.33451
9477.71,0.33476
9480.21,0.33449
9482.7,0.33501
9485.2,0.33461
9487.69,0.334
9490.19,0.3354
9492.68,0.33424
9495.18,0.3344
9497.67,0.33387
9500.17,0.33412
9502.66,0.33337
9505.16,0.33437
9507.65,0.33456
9510.15,0.33346
9512.64,0.33432
9515.14,0.33353
9517.63,0.33308
9520.13,0.33358
9522.62,0.3341
9525.12,0.33192
9527.61,0.33191
9530.11,0.33167
9532.61,0.33035
9535.1,0.32842
9537.6,0.32571
9540.09,0.32222
9542.59,0.31992
9545.08,0.31665
9547.58,0.31488
9550.07,0.31573
9552.57,0.31793
9555.06,0.321
9557.56,0.3231
9560.05,0.32662
9562.55,0.32749
9565.04,0.32914
9567.54,0.32904
9570.03,0.32831
9572.53,0.32866
9575.02,0.32879
9577.52,0.32903
9580.01,0.32939
9582.51,0.3301
9585.0,0.32982
9587.5,0.32931
9589.99,0.32971
9592.49,0.32858
9594.98,0.32905
9597.48,0.32788
9599.97,0.32684
9602.47,0.32675
9604.96,0.32687
9607.46,0.3273
9609.96,0.3277
9612.45,0.32795
9614.95,0.32881
9617.44,0.32818
9619.94,0.32772
9622.43,0.32728
9624.93,0.32714
9627.42,0.3274
9629.92,0.32676
9632.41,0.32631
9634.91,0.32559
9637.4,0.32543
9639.9,0.32402
9642.39,0.32355
9644.89,0.32341
9647.38,0.32327
9649.88,0.32316
9652.37,0.3233
9654.87,0.32335
9657.36,0.3234
9659.86,0.32346
9662.35,0.32434
9664.85,0.32345
9667.34,0.32358
9669.84,0.32364
9672.33,0.3227
9674.83,0.32189
9677.32,0.32227
9679.82,0.32237
9682.31,0.32248
9684.81,0.32231
9687.3,0.32254
9689.8,0.32216
9692.29,0.32204
9694.79,0.32209
9697.29,0.32287
9699.78,0.32225
9702.28,0.32181
9704.77,0.3217
9707.27,0.32179
9709.76,0.32109
9712.26,0.32092
9714.75,0.32127
9717.25,0.32079
9719.74,0.32096
9722.24,0.32087
9724.73,0.32042
9727.23,0.31968
9729.72,0.32004
9732.22,0.31933
9734.71,0.3193
9737.21,0.3192
9739.7,0.31858
9742.2,0.31842
9744.69,0.31766
9747.19,0.31849
9749.68,0.31933
9752.18,0.31826
9754.67,0.31969
9757.17,0.31988
9759.66,0.31986
9762.16,0.31963
9764.65,0.31936
9767.15,0.31852
9769.64,0.31833
9772.14,0.31819
9774.64,0.31817
9777.13,0.31772
9779.63,0.31759
9782.12,0.31602
9784.62,0.3145
9787.11,0.31455
9789.61,0.31535
9792.1,0.31562
9794.6,0.31708
9797.09,0.318
9799.59,0.31824
9802.08,0.31766
9804.58,0.31879
9807.07,0.31784
9809.57,0.31898
9812.06,0.31885
9814.56,0.31866
9817.05,0.31898
9819.55,0.31848
9822.04,0.31918
9824.54,0.31857
9827.03,0.31865
9829.53,0.31761
9832.02,0.3178
9834.52,0.31793
9837.01,0.31725
9839.51,0.31704
9842.0,0.31729
9844.5,0.3176
9847.0,0.31714
9849.49,0.31692
9851.99,0.31705
9854.48,0.31745
9856.98,0.31636
9859.47,0.31679
9861.97,0.31657
9864.46,0.31605
9866.96,0.31587
9869.45,0.3161
9871.95,0.31648
9874.44,0.31577
9876.94,0.31621
9879.43,0.31502
9881.93,0.31514
9884.42,0.31507
9886.92,0.3143
9889.41,0.31333
9891.91,0.31358
9894.4,0.31361
9896.9,0.3135
9899.39,0.31328
9901.89,0.31364
9904.38,0.31279
9906.88,0.31299
9909.37,0.31268
9911.87,0.31279
9914.36,0.31241
9916.86,0.31302
9919.35,0.31198
9921.85,0.31162
9924.34,0.3112
9926.84,0.31146
9929.33,0.31209
9931.83,0.31103
9934.33,0.3111
9936.82,0.31146
9939.32,0.31166
9941.81,0.31099
9944.31,0.31131
9946.8,0.31128
9949.3,0.31087
9951.79,0.31128
9954.29,0.31107
9956.78,0.31132
9959.28,0.311
9961.77,0.31188
9964.27,0.31135
9966.76,0.31121
9969.26,0.31138
9971.75,0.31083
9974.25,0.31093
9976.74,0.31032
9979.24,0.31046
9981.73,0.31053
9984.23,0.31062
9986.72,0.31009
9989.22,0.30931
9991.71,0.3091
9994.21,0.30891
9996.7,0.30918
9999.2,0.30954
10001.7,0.30882
10004.2,0.30885
10006.7,0.30836
10009.2,0.30918
10011.7,0.30875
10014.2,0.30908
10016.7,0.30845
10019.2,0.30901
10021.7,0.3083
10024.2,0.30773
10026.6,0.30815
10029.1,0.3069
10031.6,0.30683
10034.1,0.30474
10036.6,0.30256
10039.1,0.30185
10041.6,0.30097
10044.1,0.29825
10046.6,0.29629
10049.1,0.29403
10051.6,0.29274
10054.1,0.29358
10056.6,0.29509
10059.1,0.29591
10061.6,0.29823
10064.1,0.29975
10066.6,0.30158
10069.1,0.30194
10071.6,0.3024
10074.1,0.30336
10076.5,0.30382
10079.0,0.30431
10081.5,0.30467
10084.0,0.30396
10086.5,0.30435
10089.0,0.30496
10091.5,0.3057
10094.0,0.30492
10096.5,0.30604
10099.0,0.30565
10101.5,0.30586
10104.0,0.30583
10106.5,0.30522
10109.0,0.30477
10111.5,0.30514
10114.0,0.30383
10116.5,0.3032
10119.0,0.30274
10121.5,0.30263
10124.0,0.3034
10126.5,0.30252
10128.9,0.30276
10131.4,0.30188
10133.9,0.30216
10136.4,0.30254
10138.9,0.30137
10141.4,0.30193
10143.9,0.30162
10146.4,0.30053
10148.9,0.30029
10151.4,0.3002
10153.9,0.30095
10156.4,0.30111
10158.9,0.30078
10161.4,0.30102
10163.9,0.30059
10166.4,0.30004
10168.9,0.30095
10171.4,0.30029
10173.9,0.30115
10176.4,0.30068
10178.9,0.30015
10181.3,0.3
10183.8,0.30004
10186.3,0.29993
10188.8,0.2991
10191.3,0.29897
10193.8,0.29983
10196.3,0.29944
10198.8,0.29833
10201.3,0.29904
10203.8,0.29852
10206.3,0.29885
10208.8,0.29889
10211.3,0.29858
10213.8,0.29789
10216.3,0.29729
10218.8,0.29695
10221.3,0.29704
10223.8,0.29686
10226.3,0.29749
10228.8,0.29673
10231.2,0.29764
10233.7,0.29758
10236.2,0.29717
10238.7,0.29789
10241.2,0.29738
10243.7,0.2974
10246.2,0.29688
10248.7,0.2969
10251.2,0.29689
10253.7,0.29678
10256.2,0.29596
10258.7,0.29579
10261.2,0.29588
10263.7,0.2948
10266.2,0.29521
10268.7,0.29419
10271.2,0.29507
10273.7,0.29485
10276.2,0.29457
10278.7,0.29454
10281.2,0.29377
10283.6,0.29441
10286.1,0.29404
10288.6,0.29324
10291.1,0.29405
10293.6,0.29441
10296.1,0.29351
10298.6,0.29345
10301.1,0.29392
10303.6,0.29444
10306.1,0.29351
10308.6,0.29359
10311.1,0.29342
10313.6,0.29451
10316.1,0.29351
10318.6,0.29353
10321.1,0.29206
10323.6,0.2919
10326.1,0.29078
10328.6,0.2901
10331.1,0.28969
10333.5,0.28926
10336.0,0.29002
10338.5,0.28919
10341.0,0.28979
10343.5,0.28791
10346.0,0.28904
10348.5,0.28948
10351.0,0.29003
10353.5,0.28977
10356.0,0.29119
10358.5,0.29092
10361.0,0.29132
10363.5,0.29097
10366.0,0.29074
10368.5,0.28998
10371.0,0.28968
10373.5,0.28886
10376.0,0.28907
10378.5,0.28867
10381.0,0.28917
10383.5,0.28881
10385.9,0.28887
10388.4,0.28916
10390.9,0.28891
10393.4,0.28802
10395.9,0.28777
10398.4,0.28719
10400.9,0.28727
10403.4,0.28752
10405.9,0.28712
10408.4,0.28907
10410.9,0.28847
10413.4,0.28921
10415.9,0.28778
10418.4,0.28832
10420.9,0.28779
10423.4,0.28787
10425.9,0.28776
10428.4,0.2877
10430.9,0.28773
10433.4,0.28789
10435.9,0.28745
10438.3,0.28807
10440.8,0.28772
10443.3,0.28761
10445.8,0.2878
10448.3,0.28797
10450.8,0.28631
10453.3,0.28601
10455.8,0.28674
10458.3,0.28578
10460.8,0.28498
10463.3,0.28545
10465.8,0.28538
10468.3,0.28516
10470.8,0.28514
10473.3,0.28527
10475.8,0.28449
10478.3,0.2846
10480.8,0.2854
10483.3,0.28527
10485.8,0.28534
10488.2,0.28467
10490.7,0.28475
10493.2,0.28405
10495.7,0.28428
10498.2,0.28396
10500.7,0.28323
10503.2,0.283
10505.7,0.28361
10508.2,0.28395
10510.7,0.2837
10513.2,0.2839
10515.7,0.28366
10518.2,0.2841
10520.7,0.28259
10523.2,0.2837
10525.7,0.28314
10528.2,0.28293
10530.7,0.2827
10533.2,0.28283
10535.7,0.28246
10538.2,0.28206
10540.6,0.2832
10543.1,0.28247
10545.6,0.28218
10548.1,0.28238
10550.6,0.28284
10553.1,0.28328
10555.6,0.2824
10558.1,0.28215
10560.6,0.2825
10563.1,0.28162
10565.6,0.2815
10568.1,0.28143
10570.6,0.28112
10573.1,0.2808
10575.6,0.28047
10578.1,0.27901
10580.6,0.27777
10583.1,0.27725
10585.6,0.27597
10588.1,0.27533
10590.6,0.27628
10593.0,0.27713
10595.5,0.27743
10598.0,0.27848
10600.5,0.27736
10603.0,0.27662
10605.5,0.27663
10608.0,0.27704
10610.5,0.27706
10613.0,0.27702
10615.5,0.27793
10618.0,0.2775
10620.5,0.27809
10623.0,0.27814
10625.5,0.27803
10628.0,0.27723
10630.5,0.2778
10633.0,0.27775
10635.5,0.27783
10638.0,0.27853
10640.5,0.27832
10642.9,0.27783
10645.4,0.27834
10647.9,0.27815
10650.4,0.27734
10652.9,0.27727
10655.4,0.27624
10657.9,0.27527
10660.4,0.27471
10662.9,0.27442
10665.4,0.27397
10667.9,0.27438
10670.4,0.27447
10672.9,0.27489
10675.4,0.27559
10677.9,0.27628
10680.4,0.2745
10682.9,0.27377
10685.4,0.27247
10687.9,0.27201
10690.4,0.271
10692.9,0.2711
10695.3,0.27099
10697.8,0.27211
10700.3,0.27255
10702.8,0.27434
10705.3,0.27356
10707.8,0.27387
10710.3,0.27417
10712.8,0.27459
10715.3,0.2744
10717.8,0.27385
10720.3,0.27393
10722.8,0.27264
10725.3,0.27128
10727.8,0.27138
10730.3,0.27023
10732.8,0.27032
10735.3,0.27049
10737.8,0.27132
10740.3,0.2715
10742.8,0.27235
10745.3,0.27059
10747.7,0.2706
10750.2,0.27011
10752.7,0.26982
10755.2,0.26963
10757.7,0.27016
10760.2,0.27049
10762.7,0.2711
10765.2,0.27121
10767.7,0.27177
10770.2,0.27169
10772.7,0.27094
10775.2,0.27104
10777.7,0.26972
10780.2,0.26896
10782.7,0.26835
10785.2,0.26791
10787.7,0.26778
10790.2,0.26753
10792.7,0.2677
10795.2,0.26826
10797.6,0.26893
10800.1,0.26906
10802.6,0.26886
10805.1,0.26911
10807.6,0.26851
10810.1,0.26716
10812.6,0.26665
10815.1,0.2666
10817.6,0.26642
10820.1,0.26591
10822.6,0.26532
10825.1,0.26488
10827.6,0.26445
10830.1,0.26369
10832.6,0.26394
10835.1,0.26477
10837.6,0.26554
10840.1,0.26565
10842.6,0.26629
10845.1,0.26627
10847.6,0.26619
10850.0,0.26731
10852.5,0.26705
10855.0,0.26649
10857.5,0.26702
10860.0,0.26638
10862.5,0.26552
10865.0,0.26411
10867.5,0.2626
10870.0,0.26137
10872.5,0.26056
10875.0,0.26101
10877.5,0.26144
10880.0,0.26169
10882.5,0.26244
10885.0,0.26229
10887.5,0.26227
10890.0,0.26363
10892.5,0.26275
10895.0,0.26363
10897.5,0.2643
10900.0,0.26397
10902.4,0.26431
10904.9,0.2639
10907.4,0.26334
10909.9,0.26286
10912.4,0.2626
10914.9,0.26193
10917.4,0.26099
10919.9,0.26028
10922.4,0.25986
10924.9,0.25941
10927.4,0.25782
10929.9,0.25711
10932.4,0.25569
10934.9,0.25372
10937.4,0.2522
10939.9,0.25134
10942.4,0.2511
10944.9,0.25228
10947.4,0.25316
10949.9,0.2543
10952.3,0.25594
10954.8,0.25552
10957.3,0.25583
10959.8,0.25504
10962.3,0.25523
10964.8,0.25404
10967.3,0.25369
10969.8,0.25454
10972.3,0.25404
10974.8,0.25428
10977.3,0.25398
10979.8,0.25337
10982.3,0.25392
10984.8,0.25425
10987.3,0.25421
10989.8,0.25469
10992.3,0.25501
10994.8,0.256
10997.3,0.25591
10999.8,0.25515
