wave,flux
3700.85,0.054355
3701.75,0.053221
3702.65,0.050576
3703.55,0.0469
3704.45,0.042826
3705.35,0.039049
3706.25,0.035949
3707.15,0.034092
3708.05,0.033602
3708.96,0.034742
3709.86,0.03723
3710.76,0.040816
3711.66,0.045215
3712.56,0.049335
3713.46,0.052735
3714.36,0.054855
3715.26,0.054309
3716.16,0.052186
3717.06,0.048229
3717.96,0.043713
3718.86,0.038261
3719.76,0.033248
3720.66,0.029669
3721.56,0.027597
3722.46,0.028058
3723.36,0.030075
3724.26,0.032946
3725.16,0.036177
3726.06,0.038542
3726.96,0.039477
3727.86,0.039793
3728.76,0.039458
3729.66,0.038566
3730.56,0.037457
3731.46,0.035339
3732.36,0.032597
3733.26,0.029033
3734.16,0.025668
3735.06,0.023004
3735.96,0.021706
3736.86,0.021911
3737.76,0.023769
3738.66,0.026622
3739.56,0.030152
3740.46,0.033379
3741.36,0.035259
3742.26,0.035381
3743.16,0.03402
3744.06,0.031567
3744.96,0.028667
3745.86,0.026024
3746.76,0.024024
3747.67,0.022786
3748.57,0.02248
3749.47,0.023271
3750.37,0.025265
3751.27,0.028448
3752.17,0.032553
3753.07,0.036805
3753.97,0.040467
3754.87,0.042882
3755.77,0.04333
3756.67,0.042199
3757.57,0.039702
3758.47,0.036913
3759.37,0.034712
3760.27,0.033571
3761.17,0.033733
3762.07,0.033975
3762.97,0.034635
3763.87,0.034796
3764.77,0.034837
3765.67,0.035034
3766.57,0.035432
3767.47,0.036469
3768.37,0.038167
3769.27,0.040217
3770.17,0.042579
3771.07,0.045086
3771.97,0.04726
3772.87,0.048836
3773.77,0.049834
3774.67,0.050549
3775.57,0.050519
3776.47,0.050439
3777.37,0.050476
3778.27,0.050584
3779.17,0.051194
3780.07,0.05228
3780.97,0.05315
3781.87,0.054077
3782.77,0.053965
3783.67,0.053361
3784.57,0.052245
3785.47,0.049776
3786.38,0.046521
3787.28,0.043179
3788.18,0.04046
3789.08,0.038476
3789.98,0.037341
3790.88,0.03724
3791.78,0.037627
3792.68,0.037907
3793.58,0.037309
3794.48,0.036789
3795.38,0.035514
3796.28,0.03453
3797.18,0.033768
3798.08,0.033388
3798.98,0.033647
3799.88,0.034509
3800.78,0.036353
3801.68,0.038829
3802.58,0.041522
3803.48,0.043637
3804.38,0.044989
3805.28,0.04559
3806.18,0.04538
3807.08,0.044654
3807.98,0.044353
3808.88,0.044288
3809.78,0.044335
3810.68,0.044499
3811.58,0.044019
3812.48,0.042463
3813.38,0.039955
3814.28,0.037051
3815.18,0.034238
3816.08,0.03208
3816.98,0.030656
3817.88,0.029445
3818.78,0.028742
3819.68,0.027832
3820.58,0.026856
3821.48,0.026112
3822.38,0.025566
3823.28,0.025064
3824.18,0.024409
3825.09,0.023555
3825.99,0.02268
3826.89,0.022042
3827.79,0.021735
3828.69,0.022021
3829.59,0.022454
3830.49,0.022851
3831.39,0.022978
3832.29,0.022948
3833.19,0.022814
3834.09,0.022809
3834.99,0.022996
3835.89,0.023336
3836.79,0.023768
3837.69,0.023814
3838.59,0.023633
3839.49,0.023596
3840.39,0.024006
3841.29,0.025199
3842.19,0.027114
3843.09,0.02971
3843.99,0.031972
3844.89,0.033976
3845.79,0.035255
3846.69,0.035828
3847.59,0.035957
3848.49,0.035524
3849.39,0.034937
3850.29,0.034407
3851.19,0.033973
3852.09,0.03379
3852.99,0.03353
3853.89,0.033135
3854.79,0.032362
3855.69,0.031215
3856.59,0.029845
3857.49,0.028276
3858.39,0.026968
3859.29,0.026003
3860.19,0.025864
3861.09,0.026689
3861.99,0.028448
3862.9,0.030804
3863.8,0.032681
3864.7,0.034077
3865.6,0.034664
3866.5,0.034638
3867.4,0.034045
3868.3,0.033093
3869.2,0.032004
3870.1,0.030795
3871.0,0.029882
3871.9,0.02945
3872.8,0.030035
3873.7,0.031382
3874.6,0.033085
3875.5,0.034727
3876.4,0.035347
3877.3,0.035175
3878.2,0.034388
3879.1,0.033565
3880.0,0.032652
3880.9,0.03238
3881.8,0.032467
3882.7,0.03297
3883.6,0.033707
3884.5,0.034259
3885.4,0.034382
3886.3,0.034355
3887.2,0.034188
3888.1,0.034831
3889.0,0.036144
3889.9,0.038642
3890.8,0.041481
3891.7,0.044617
3892.6,0.047175
3893.5,0.048486
3894.4,0.049339
3895.3,0.049327
3896.2,0.048672
3897.1,0.048552
3898.0,0.048132
3898.9,0.047776
3899.8,0.047301
3900.7,0.047326
3901.6,0.046735
3902.51,0.046051
3903.41,0.045373
3904.31,0.044708
3905.21,0.044343
3906.11,0.044421
3907.01,0.045594
3907.91,0.047589
3908.81,0.049907
3909.71,0.052597
3910.61,0.054825
3911.51,0.056687
3912.41,0.057646
3913.31,0.058362
3914.21,0.05842
3915.11,0.058111
3916.01,0.056807
3916.91,0.055283
3917.81,0.053339
3918.71,0.050961
3919.61,0.048237
3920.51,0.045692
3921.41,0.043257
3922.31,0.041898
3923.21,0.040875
3924.11,0.0404
3925.01,0.039912
3925.91,0.038763
3926.81,0.036859
3927.71,0.034242
3928.61,0.031024
3929.51,0.027554
3930.41,0.024272
3931.31,0.021276
3932.21,0.018785
3933.11,0.017024
3934.01,0.016055
3934.91,0.0162
3935.81,0.017231
3936.71,0.01944
3937.61,0.022165
3938.51,0.025365
3939.42,0.028518
3940.32,0.031399
3941.22,0.033689
3942.12,0.035066
3943.02,0.036219
3943.92,0.037189
3944.82,0.038974
3945.72,0.040774
3946.62,0.043343
3947.52,0.046274
3948.42,0.04902
3949.32,0.051527
3950.22,0.053475
3951.12,0.055262
3952.02,0.056213
3952.92,0.057181
3953.82,0.057518
3954.72,0.057527
3955.62,0.057021
3956.52,0.056416
3957.42,0.055254
3958.32,0.053791
3959.22,0.051825
3960.12,0.048964
3961.02,0.04539
3961.92,0.041594
3962.82,0.037769
3963.72,0.034379
3964.62,0.031214
3965.52,0.028422
3966.42,0.025471
3967.32,0.023001
3968.22,0.020979
3969.12,0.019967
3970.02,0.019985
3970.92,0.021491
3971.82,0.024044
3972.72,0.027695
3973.62,0.0317
3974.52,0.03613
3975.42,0.040742
3976.32,0.045096
3977.22,0.049521
3978.13,0.053732
3979.03,0.057457
3979.93,0.060373
3980.83,0.062838
3981.73,0.064279
3982.63,0.065229
3983.53,0.065778
3984.43,0.066003
3985.33,0.066795
3986.23,0.067618
3987.13,0.068823
3988.03,0.069792
3988.93,0.070736
3989.83,0.071566
3990.73,0.072231
3991.63,0.072735
3992.53,0.073271
3993.43,0.073555
3994.33,0.07362
3995.23,0.073241
3996.13,0.072707
3997.03,0.072446
3997.93,0.072258
3998.83,0.073057
3999.73,0.074473
4000.63,0.07652
4001.53,0.077733
4002.43,0.078859
4003.33,0.07855
4004.23,0.077012
4005.13,0.074922
4006.03,0.073392
4006.93,0.072508
4007.83,0.072395
4008.73,0.074014
4009.63,0.075879
4010.53,0.077797
4011.43,0.079423
4012.33,0.080841
4013.23,0.08165
4014.13,0.082796
4015.03,0.083313
4015.93,0.083606
4016.84,0.083739
4017.74,0.083843
4018.64,0.084075
4019.54,0.084301
4020.44,0.084612
4021.34,0.084684
4022.24,0.084597
4023.14,0.083579
4024.04,0.083203
4024.94,0.083295
4025.84,0.083351
4026.74,0.083858
4027.64,0.083557
4028.54,0.083291
4029.44,0.081097
4030.34,0.078164
4031.24,0.074289
4032.14,0.070511
4033.04,0.067877
4033.94,0.066417
4034.84,0.067571
4035.74,0.070135
4036.64,0.074285
4037.54,0.078506
4038.44,0.082185
4039.34,0.084383
4040.24,0.08541
4041.14,0.084578
4042.04,0.082652
4042.94,0.07965
4043.84,0.075535
4044.74,0.070873
4045.64,0.067333
4046.54,0.065063
4047.44,0.065109
4048.34,0.068293
4049.24,0.072104
4050.14,0.076414
4051.04,0.080437
4051.94,0.082244
4052.84,0.082827
4053.74,0.082182
4054.65,0.080312
4055.55,0.078513
4056.45,0.076189
4057.35,0.074891
4058.25,0.074048
4059.15,0.073105
4060.05,0.07285
4060.95,0.072522
4061.85,0.071056
4062.75,0.069248
4063.65,0.06733
4064.55,0.066002
4065.45,0.06614
4066.35,0.067509
4067.25,0.069419
4068.15,0.071826
4069.05,0.073873
4069.95,0.07471
4070.85,0.074988
4071.75,0.074395
4072.65,0.074023
4073.55,0.073501
4074.45,0.073925
4075.35,0.073622
4076.25,0.07324
4077.15,0.072778
4078.05,0.073127
4078.95,0.074036
4079.85,0.076212
4080.75,0.079283
4081.65,0.082431
4082.55,0.084349
4083.45,0.085502
4084.35,0.086263
4085.25,0.087176
4086.15,0.087681
4087.05,0.089153
4087.95,0.091184
4088.85,0.093046
4089.75,0.094375
4090.65,0.095039
4091.55,0.094257
4092.45,0.092718
4093.36,0.090572
4094.26,0.088527
4095.16,0.086417
4096.06,0.083904
4096.96,0.081118
4097.86,0.078685
4098.76,0.076267
4099.66,0.074469
4100.56,0.072634
4101.46,0.07154
4102.36,0.070761
4103.26,0.071576
4104.16,0.073399
4105.06,0.076131
4105.96,0.078728
4106.86,0.081057
4107.76,0.083077
4108.66,0.08356
4109.56,0.083572
4110.46,0.083551
4111.36,0.08267
4112.26,0.082765
4113.16,0.083596
4114.06,0.084279
4114.96,0.085381
4115.86,0.086324
4116.76,0.086325
4117.66,0.086214
4118.56,0.085475
4119.46,0.084285
4120.36,0.083127
4121.26,0.083085
4122.16,0.082707
4123.06,0.083149
4123.96,0.083585
4124.86,0.084098
4125.76,0.084427
4126.66,0.084532
4127.56,0.083309
4128.46,0.082229
4129.36,0.080973
4130.26,0.078796
4131.17,0.076781
4132.06,0.074731
4132.97,0.073496
4133.87,0.073338
4134.77,0.073805
4135.67,0.075765
4136.57,0.078414
4137.47,0.08069
4138.37,0.082658
4139.27,0.083728
4140.17,0.083238
4141.07,0.081831
4141.97,0.079138
4142.87,0.076234
4143.77,0.073613
4144.67,0.071925
4145.57,0.071666
4146.47,0.072504
4147.37,0.074449
4148.27,0.075542
4149.17,0.076344
4150.07,0.076683
4150.97,0.076172
4151.87,0.075896
4152.77,0.074846
4153.67,0.074276
4154.57,0.073553
4155.47,0.073819
4156.37,0.074392
4157.27,0.075158
4158.17,0.076507
4159.07,0.078349
4159.97,0.080359
4160.87,0.082519
4161.77,0.084213
4162.67,0.085188
4163.57,0.085582
4164.47,0.085586
4165.37,0.084481
4166.27,0.083402
4167.17,0.081466
4168.07,0.081138
4168.98,0.079662
4169.88,0.079193
4170.78,0.078141
4171.68,0.076915
4172.58,0.075701
4173.48,0.074204
4174.38,0.072685
4175.28,0.071946
4176.18,0.072234
4177.08,0.07286
4177.98,0.073553
4178.88,0.074429
4179.78,0.074899
4180.68,0.07596
4181.58,0.076405
4182.48,0.076809
4183.38,0.077358
4184.28,0.078455
4185.18,0.079058
4186.08,0.079134
4186.98,0.0786
4187.88,0.078637
4188.78,0.078539
4189.68,0.078599
4190.58,0.079615
4191.48,0.080695
4192.38,0.081459
4193.28,0.081684
4194.18,0.082083
4195.08,0.080497
4195.98,0.078248
4196.88,0.076164
4197.78,0.073965
4198.68,0.072067
4199.58,0.070998
4200.48,0.070477
4201.38,0.070691
4202.28,0.071893
4203.18,0.073484
4204.08,0.075819
4204.98,0.078557
4205.88,0.081426
4206.79,0.083918
4207.69,0.085981
4208.59,0.087103
4209.49,0.08786
4210.39,0.087726
4211.29,0.086789
4212.19,0.086014
4213.09,0.084917
4213.99,0.083123
4214.89,0.081866
4215.79,0.081372
4216.69,0.081575
4217.59,0.083344
4218.49,0.085459
4219.39,0.08773
4220.29,0.089238
4221.19,0.089356
4222.09,0.08746
4222.99,0.083919
4223.89,0.078545
4224.79,0.07301
4225.69,0.06681
4226.59,0.062457
4227.49,0.060386
4228.39,0.060995
4229.29,0.064559
4230.19,0.0694
4231.09,0.074472
4231.99,0.078873
4232.89,0.081475
4233.79,0.082344
4234.69,0.082502
4235.59,0.082037
4236.49,0.08072
4237.39,0.080839
4238.29,0.081085
4239.19,0.082547
4240.09,0.084573
4240.99,0.086717
4241.89,0.089242
4242.79,0.091712
4243.69,0.094415
4244.59,0.095829
4245.5,0.096317
4246.4,0.095831
4247.3,0.093871
4248.2,0.090562
4249.1,0.087431
4250.0,0.08385
4250.9,0.081443
4251.8,0.079451
4252.7,0.078627
4253.6,0.078598
4254.5,0.079359
4255.4,0.080398
4256.3,0.081216
4257.2,0.081998
4258.1,0.082899
4259.0,0.082914
4259.9,0.08224
4260.8,0.081775
4261.7,0.0825
4262.6,0.084867
4263.5,0.087637
4264.4,0.091358
4265.3,0.094236
4266.2,0.09584
4267.1,0.095533
4268.0,0.09365
4268.9,0.089788
4269.8,0.084701
4270.7,0.079438
4271.6,0.074291
4272.5,0.070356
4273.4,0.068105
4274.3,0.068234
4275.2,0.070167
4276.1,0.073677
4277.0,0.077823
4277.9,0.08218
4278.8,0.08554
4279.7,0.087928
4280.6,0.088831
4281.5,0.089151
4282.4,0.089206
4283.31,0.088531
4284.21,0.087898
4285.11,0.086677
4286.01,0.085636
4286.91,0.083982
4287.81,0.08233
4288.71,0.08009
4289.61,0.078106
4290.51,0.076497
4291.41,0.07625
4292.31,0.076667
4293.21,0.078217
4294.11,0.07921
4295.01,0.080237
4295.91,0.079873
4296.81,0.078046
4297.71,0.075795
4298.61,0.072559
4299.51,0.068914
4300.41,0.065435
4301.31,0.063225
4302.21,0.061682
4303.11,0.060981
4304.01,0.060708
4304.91,0.060284
4305.81,0.059587
4306.71,0.058759
4307.61,0.057378
4308.51,0.056549
4309.41,0.056729
4310.31,0.058313
4311.21,0.061422
4312.11,0.065775
4313.01,0.071456
4313.91,0.077871
4314.81,0.08499
4315.71,0.092175
4316.61,0.09934
4317.51,0.10461
4318.41,0.1087
4319.31,0.1099
4320.21,0.11011
4321.12,0.10782
4322.02,0.10366
4322.92,0.098279
4323.82,0.092171
4324.72,0.086611
4325.62,0.083414
4326.52,0.081932
4327.42,0.083714
4328.32,0.087694
4329.22,0.093414
4330.12,0.09908
4331.02,0.10362
4331.92,0.10823
4332.82,0.10999
4333.72,0.11142
4334.62,0.11195
4335.52,0.11016
4336.42,0.10765
4337.32,0.10329
4338.22,0.098624
4339.12,0.094059
4340.02,0.090174
4340.92,0.087895
4341.82,0.088446
4342.72,0.090199
4343.62,0.093293
4344.52,0.096921
4345.42,0.10059
4346.32,0.10419
4347.22,0.10608
4348.12,0.10816
4349.02,0.109
4349.92,0.10824
4350.82,0.10612
4351.72,0.10348
4352.62,0.10075
4353.52,0.098935
4354.42,0.097973
4355.32,0.098897
4356.22,0.10024
4357.12,0.1021
4358.02,0.10393
4358.92,0.10537
4359.83,0.10681
4360.73,0.10809
4361.63,0.10949
4362.53,0.11176
4363.43,0.11324
4364.33,0.11494
4365.23,0.11505
4366.13,0.11552
4367.03,0.11461
4367.93,0.11296
4368.83,0.11081
4369.73,0.10953
4370.63,0.10759
4371.53,0.10589
4372.43,0.10439
4373.33,0.10229
4374.23,0.10043
4375.13,0.099274
4376.03,0.098511
4376.93,0.099014
4377.83,0.099063
4378.73,0.099668
4379.63,0.099132
4380.53,0.097217
4381.43,0.093176
4382.33,0.088275
4383.23,0.083255
4384.13,0.078693
4385.03,0.076738
4385.93,0.077394
4386.83,0.079356
4387.73,0.083085
4388.63,0.086475
4389.53,0.089851
4390.43,0.092529
4391.33,0.094372
4392.23,0.095532
4393.13,0.097264
4394.03,0.098425
4394.93,0.10086
4395.83,0.10224
4396.73,0.10471
4397.64,0.10663
4398.54,0.10736
4399.44,0.10739
4400.34,0.10672
4401.24,0.10425
4402.14,0.10111
4403.04,0.097427
4403.94,0.093871
4404.84,0.090675
4405.74,0.088647
4406.64,0.087388
4407.54,0.088991
4408.44,0.091123
4409.34,0.095523
4410.24,0.099891
4411.14,0.10421
4412.04,0.10698
4412.94,0.10885
4413.84,0.10897
4414.74,0.10808
4415.64,0.10699
4416.54,0.1057
4417.44,0.10629
4418.34,0.10795
4419.24,0.10965
4420.14,0.11112
4421.04,0.11238
4421.94,0.11198
4422.84,0.11112
4423.74,0.11041
4424.64,0.10902
4425.54,0.10896
4426.44,0.10911
4427.34,0.10906
4428.24,0.10945
4429.14,0.10978
4430.04,0.10971
4430.94,0.1092
4431.84,0.10867
4432.74,0.10725
4433.64,0.10599
4434.54,0.10504
4435.45,0.10478
4436.35,0.10513
4437.25,0.10627
4438.15,0.10845
4439.05,0.11125
4439.95,0.11281
4440.85,0.1132
4441.75,0.11353
4442.65,0.11316
4443.55,0.11269
4444.45,0.11355
4445.35,0.11475
4446.25,0.11681
4447.15,0.11903
4448.05,0.12027
4448.95,0.12126
4449.85,0.12108
4450.75,0.12052
4451.65,0.1189
4452.55,0.11569
4453.45,0.11307
4454.35,0.10952
4455.25,0.10615
4456.15,0.10297
4457.05,0.10067
4457.95,0.098949
4458.85,0.098076
4459.75,0.098128
4460.65,0.09827
4461.55,0.099055
4462.45,0.10039
4463.35,0.10227
4464.25,0.10462
4465.15,0.10771
4466.05,0.10893
4466.95,0.1108
4467.85,0.112
4468.75,0.11312
4469.65,0.11329
4470.55,0.1147
4471.45,0.11613
4472.35,0.11836
4473.25,0.11974
4474.16,0.1226
4475.06,0.12446
4475.96,0.12601
4476.86,0.1271
4477.76,0.1277
4478.66,0.12713
4479.56,0.12466
4480.46,0.12303
4481.36,0.12076
4482.26,0.11931
4483.16,0.11963
4484.06,0.12039
4484.96,0.12237
4485.86,0.12413
4486.76,0.12524
4487.66,0.1257
4488.56,0.1247
4489.46,0.12326
4490.36,0.12152
4491.26,0.12046
4492.16,0.11896
4493.06,0.11787
4493.96,0.11768
4494.86,0.11702
4495.76,0.1171
4496.66,0.11749
4497.56,0.11894
4498.46,0.12079
4499.36,0.12355
4500.26,0.1257
4501.16,0.12804
4502.06,0.13002
4502.96,0.13209
4503.86,0.13401
4504.76,0.13566
4505.66,0.13735
4506.56,0.13827
4507.46,0.13885
4508.36,0.13832
4509.26,0.13764
4510.17,0.13647
4511.06,0.13642
4511.97,0.13475
4512.87,0.13302
4513.77,0.13176
4514.67,0.13005
4515.57,0.12881
4516.47,0.12817
4517.37,0.12819
4518.27,0.12838
4519.17,0.12923
4520.07,0.1299
4520.97,0.1307
4521.87,0.1313
4522.77,0.1298
4523.67,0.12807
4524.57,0.1255
4525.47,0.12195
4526.37,0.11804
4527.27,0.11407
4528.17,0.11063
4529.07,0.10799
4529.97,0.10665
4530.87,0.10656
4531.77,0.10702
4532.67,0.10789
4533.57,0.10868
4534.47,0.11113
4535.37,0.11215
4536.27,0.11429
4537.17,0.11677
4538.07,0.11973
4538.97,0.12231
4539.87,0.12378
4540.77,0.12457
4541.67,0.12585
4542.57,0.12528
4543.47,0.12487
4544.37,0.12475
4545.27,0.12457
4546.17,0.12411
4547.07,0.12315
4547.97,0.12261
4548.88,0.12231
4549.77,0.12165
4550.68,0.1213
4551.58,0.12165
4552.48,0.12115
4553.38,0.1214
4554.28,0.12191
4555.18,0.12257
4556.08,0.12398
4556.98,0.12617
4557.88,0.12895
4558.78,0.13165
4559.68,0.13349
4560.58,0.13536
4561.48,0.13543
4562.38,0.135
4563.28,0.13386
4564.18,0.13238
4565.08,0.13141
4565.98,0.13035
4566.88,0.13066
4567.78,0.13136
4568.68,0.13229
4569.58,0.1331
4570.48,0.13284
4571.38,0.13351
4572.28,0.13335
4573.18,0.13329
4574.08,0.13414
4574.98,0.13393
4575.88,0.13362
4576.78,0.13362
4577.68,0.13236
4578.58,0.13028
4579.48,0.12842
4580.38,0.12656
4581.28,0.12471
4582.18,0.12352
4583.08,0.1235
4583.98,0.12318
4584.88,0.12368
4585.78,0.12481
4586.69,0.12608
4587.58,0.127
4588.49,0.12886
4589.39,0.12962
4590.29,0.13103
4591.19,0.13045
4592.09,0.12954
4592.99,0.12882
4593.89,0.1271
4594.79,0.12604
4595.69,0.12454
4596.59,0.12356
4597.49,0.12317
4598.39,0.12377
4599.29,0.1239
4600.19,0.12422
4601.09,0.12429
4601.99,0.12445
4602.89,0.12508
4603.79,0.12596
4604.69,0.12641
4605.59,0.12733
4606.49,0.12935
4607.39,0.13158
4608.29,0.1335
4609.19,0.13621
4610.09,0.13766
4610.99,0.13851
4611.89,0.13879
4612.79,0.13909
4613.69,0.13804
4614.59,0.13816
4615.49,0.13768
4616.39,0.13918
4617.29,0.13911
4618.19,0.13934
4619.09,0.14029
4619.99,0.13951
4620.89,0.13945
4621.79,0.14006
4622.69,0.13973
4623.59,0.13948
4624.5,0.13944
4625.4,0.13868
4626.3,0.13837
4627.2,0.13814
4628.1,0.1382
4629.0,0.13828
4629.9,0.1382
4630.8,0.13822
4631.7,0.13789
4632.6,0.13711
4633.5,0.13572
4634.4,0.13513
4635.3,0.13332
4636.2,0.13181
4637.1,0.13052
4638.0,0.1285
4638.9,0.12732
4639.8,0.127
4640.7,0.12606
4641.6,0.12632
4642.5,0.12585
4643.4,0.12491
4644.3,0.12511
4645.2,0.12274
4646.1,0.12102
4647.0,0.11949
4647.9,0.11878
4648.8,0.11923
4649.7,0.12016
4650.6,0.12163
4651.5,0.12335
4652.4,0.12586
4653.3,0.12676
4654.2,0.12783
4655.1,0.12897
4656.0,0.12946
4656.9,0.13013
4657.8,0.13206
4658.7,0.13402
4659.6,0.13561
4660.5,0.13624
4661.4,0.13629
4662.3,0.13553
4663.21,0.13311
4664.11,0.13005
4665.01,0.1271
4665.91,0.12275
4666.81,0.1197
4667.71,0.1171
4668.61,0.11669
4669.51,0.11678
4670.41,0.11879
4671.31,0.12062
4672.21,0.12293
4673.11,0.12537
4674.01,0.12758
4674.91,0.12826
4675.81,0.12924
4676.71,0.12961
4677.61,0.12926
4678.51,0.12868
4679.41,0.12751
4680.31,0.12674
4681.21,0.12542
4682.11,0.12521
4683.01,0.12584
4683.91,0.12552
4684.81,0.1269
4685.71,0.12742
4686.61,0.12762
4687.51,0.12789
4688.41,0.12804
4689.31,0.12797
4690.21,0.12758
4691.11,0.12722
4692.01,0.12725
4692.91,0.12726
4693.81,0.12824
4694.71,0.12823
4695.61,0.1288
4696.51,0.1294
4697.41,0.12818
4698.31,0.12678
4699.21,0.12557
4700.12,0.12353
4701.02,0.12231
4701.92,0.12121
4702.82,0.12052
4703.72,0.12034
4704.62,0.12066
4705.52,0.12118
4706.42,0.1218
4707.32,0.12228
4708.22,0.12303
4709.12,0.12316
4710.02,0.12404
4710.92,0.12479
4711.82,0.12539
4712.72,0.12636
4713.62,0.12726
4714.52,0.1276
4715.42,0.12866
4716.32,0.12969
4717.22,0.13203
4718.12,0.13506
4719.02,0.13695
4719.92,0.13927
4720.82,0.14033
4721.72,0.14154
4722.62,0.14184
4723.52,0.14166
4724.42,0.14083
4725.32,0.13912
4726.22,0.13721
4727.12,0.13486
4728.02,0.13184
4728.92,0.12941
4729.82,0.12702
4730.72,0.12487
4731.62,0.1251
4732.52,0.12582
4733.42,0.12639
4734.32,0.12801
4735.22,0.12979
4736.12,0.13078
4737.02,0.13174
4737.92,0.13342
4738.83,0.13363
4739.73,0.13468
4740.63,0.13542
4741.53,0.1364
4742.43,0.13713
4743.33,0.138
4744.23,0.1378
4745.13,0.13862
4746.03,0.1389
4746.93,0.14032
4747.83,0.14046
4748.73,0.14086
4749.63,0.14061
4750.53,0.14071
4751.43,0.1395
4752.33,0.13852
4753.23,0.13723
4754.13,0.13602
4755.03,0.13534
4755.93,0.13435
4756.83,0.13412
4757.73,0.13439
4758.63,0.13377
4759.53,0.13372
4760.43,0.13403
4761.33,0.13263
4762.23,0.13158
4763.13,0.12996
4764.03,0.12856
4764.93,0.12633
4765.83,0.12568
4766.73,0.12597
4767.63,0.12559
4768.53,0.12686
4769.43,0.12833
4770.33,0.13009
4771.23,0.13155
4772.13,0.13313
4773.03,0.13472
4773.93,0.13568
4774.83,0.13779
4775.73,0.1384
4776.64,0.1399
4777.54,0.14031
4778.44,0.14054
4779.34,0.14045
4780.24,0.13946
4781.14,0.13818
4782.04,0.13773
4782.94,0.13587
4783.84,0.13437
4784.74,0.13333
4785.64,0.13232
4786.54,0.1317
4787.44,0.13172
4788.34,0.13185
4789.24,0.13193
4790.14,0.13337
4791.04,0.13445
4791.94,0.13557
4792.84,0.13768
4793.74,0.14011
4794.64,0.1416
4795.54,0.1434
4796.44,0.1438
4797.34,0.14367
4798.24,0.14288
4799.14,0.14229
4800.04,0.14124
4800.94,0.14064
4801.84,0.14085
4802.74,0.14024
4803.64,0.141
4804.54,0.14087
4805.44,0.14043
4806.34,0.14016
4807.24,0.13823
4808.14,0.13868
4809.04,0.1376
4809.94,0.13772
4810.84,0.13753
4811.74,0.13792
4812.64,0.13909
4813.54,0.13976
4814.45,0.14086
4815.35,0.14208
4816.25,0.1429
4817.15,0.14344
4818.05,0.14396
4818.95,0.14576
4819.85,0.14585
4820.75,0.14514
4821.65,0.1442
4822.55,0.14318
4823.45,0.14094
4824.35,0.14022
4825.25,0.13926
4826.15,0.13837
4827.05,0.1381
4827.95,0.13832
4828.85,0.13786
4829.75,0.13799
4830.65,0.13746
4831.55,0.1371
4832.45,0.13674
4833.35,0.13717
4834.25,0.13712
4835.15,0.13802
4836.05,0.13814
4836.95,0.13787
4837.85,0.13818
4838.75,0.1377
4839.65,0.13747
4840.55,0.1361
4841.45,0.13563
4842.35,0.13517
4843.25,0.13541
4844.15,0.13589
4845.05,0.13621
4845.95,0.13753
4846.85,0.13777
4847.75,0.1384
4848.65,0.13829
4849.55,0.13869
4850.45,0.1386
4851.35,0.13742
4852.26,0.13745
4853.16,0.1361
4854.06,0.13456
4854.96,0.13257
4855.86,0.13056
4856.76,0.12808
4857.66,0.12571
4858.56,0.12328
4859.46,0.1208
4860.36,0.11832
4861.26,0.11632
4862.16,0.11525
4863.06,0.11545
4863.96,0.11562
4864.86,0.11799
4865.76,0.12052
4866.66,0.12263
4867.56,0.12469
4868.46,0.12565
4869.36,0.12616
4870.26,0.12475
4871.16,0.12388
4872.06,0.12328
4872.96,0.12306
4873.86,0.12374
4874.76,0.12491
4875.66,0.12658
4876.56,0.12893
4877.46,0.13107
4878.36,0.13352
4879.26,0.1349
4880.16,0.1364
4881.06,0.13679
4881.96,0.13664
4882.86,0.13522
4883.76,0.13469
4884.66,0.13316
4885.56,0.13113
4886.46,0.12877
4887.36,0.12774
4888.26,0.12589
4889.17,0.12452
4890.07,0.12407
4890.97,0.12443
4891.87,0.12595
4892.77,0.12849
4893.67,0.13184
4894.57,0.13581
4895.47,0.13926
4896.37,0.1432
4897.27,0.14584
4898.17,0.14695
4899.07,0.1473
4899.97,0.14682
4900.87,0.14455
4901.77,0.14451
4902.67,0.14423
4903.57,0.14225
4904.47,0.14258
4905.37,0.14222
4906.27,0.1419
4907.17,0.14128
4908.07,0.14073
4908.97,0.14038
4909.87,0.13867
4910.77,0.13813
4911.67,0.13648
4912.57,0.13708
4913.47,0.13808
4914.37,0.13822
4915.27,0.138
4916.17,0.13758
4917.07,0.1356
4917.97,0.13263
4918.87,0.12963
4919.77,0.12578
4920.67,0.12317
4921.57,0.12212
4922.47,0.12207
4923.37,0.12314
4924.27,0.12571
4925.17,0.12936
4926.07,0.1328
4926.98,0.13587
4927.88,0.13966
4928.78,0.14207
4929.68,0.14388
4930.58,0.14506
4931.48,0.14559
4932.38,0.1449
4933.28,0.14349
4934.18,0.14141
4935.08,0.13964
4935.98,0.13694
4936.88,0.13529
4937.78,0.13413
4938.68,0.13283
4939.58,0.13273
4940.48,0.13386
4941.38,0.13532
4942.28,0.13758
4943.18,0.14055
4944.08,0.14215
4944.98,0.14433
4945.88,0.14617
4946.78,0.14787
4947.68,0.14836
4948.58,0.14874
4949.48,0.14977
4950.38,0.14967
4951.28,0.14916
4952.18,0.14883
4953.08,0.14652
4953.98,0.14454
4954.88,0.14196
4955.78,0.13858
4956.68,0.13447
4957.58,0.13215
4958.48,0.13049
4959.38,0.13058
4960.28,0.13161
4961.18,0.13332
4962.08,0.13511
4962.98,0.13697
4963.88,0.13773
4964.79,0.13839
4965.69,0.13767
4966.59,0.13701
4967.49,0.13561
4968.39,0.13536
4969.29,0.13488
4970.19,0.13591
4971.09,0.13694
4971.99,0.13816
4972.89,0.13899
4973.79,0.14073
4974.69,0.14144
4975.59,0.1419
4976.49,0.14068
4977.39,0.13886
4978.29,0.13751
4979.19,0.13471
4980.09,0.13242
4980.99,0.12901
4981.89,0.12646
4982.79,0.124
4983.69,0.12279
4984.59,0.12217
4985.49,0.12279
4986.39,0.12449
4987.29,0.12652
4988.19,0.12832
4989.09,0.13098
4989.99,0.13189
4990.89,0.13389
4991.79,0.13471
4992.69,0.13528
4993.59,0.13574
4994.49,0.13568
4995.39,0.13611
4996.29,0.13497
4997.19,0.13467
4998.09,0.13389
4998.99,0.13224
4999.89,0.13058
5000.79,0.12949
5001.7,0.1267
5002.6,0.1258
5003.5,0.12415
5004.4,0.12236
5005.3,0.12202
5006.2,0.12113
5007.1,0.12098
5008.0,0.12124
5008.9,0.1222
5009.8,0.12216
5010.7,0.12265
5011.6,0.12243
5012.5,0.12157
5013.4,0.12029
5014.3,0.1196
5015.2,0.11879
5016.1,0.11811
5017.0,0.11845
5017.9,0.119
5018.8,0.1199
5019.7,0.1207
5020.6,0.12117
5021.5,0.12238
5022.4,0.12353
5023.3,0.12404
5024.2,0.12475
5025.1,0.1254
5026.0,0.12655
5026.9,0.12719
5027.8,0.12831
5028.7,0.12887
5029.6,0.13025
5030.5,0.1321
5031.4,0.13373
5032.3,0.13499
5033.2,0.13589
5034.1,0.13605
5035.0,0.13523
5035.9,0.13365
5036.8,0.1315
5037.7,0.12916
5038.6,0.12603
5039.5,0.12378
5040.41,0.12127
5041.31,0.12066
5042.21,0.12072
5043.11,0.12204
5044.01,0.12463
5044.91,0.12716
5045.81,0.13018
5046.71,0.13169
5047.61,0.1332
5048.51,0.13289
5049.41,0.13181
5050.31,0.13142
5051.21,0.1303
5052.11,0.13029
5053.01,0.13051
5053.91,0.13141
5054.81,0.13298
5055.71,0.13433
5056.61,0.13655
5057.51,0.13845
5058.41,0.13961
5059.31,0.14129
5060.21,0.14192
5061.11,0.14198
5062.01,0.14152
5062.91,0.14015
5063.81,0.1391
5064.71,0.13688
5065.61,0.13462
5066.51,0.13255
5067.41,0.13119
5068.31,0.13075
5069.21,0.1302
5070.11,0.13026
5071.01,0.13053
5071.91,0.13068
5072.81,0.13079
5073.71,0.13136
5074.61,0.13091
5075.51,0.13074
5076.42,0.12973
5077.31,0.12925
5078.21,0.12761
5079.12,0.1264
5080.02,0.12406
5080.92,0.1229
5081.82,0.1225
5082.72,0.12163
5083.62,0.12255
5084.52,0.12353
5085.42,0.12512
5086.32,0.12698
5087.22,0.12861
5088.12,0.1312
5089.02,0.13257
5089.92,0.13369
5090.82,0.13457
5091.72,0.13652
5092.62,0.13669
5093.52,0.13639
5094.42,0.13631
5095.32,0.1354
5096.22,0.13371
5097.12,0.13205
5098.02,0.12967
5098.92,0.12887
5099.82,0.12752
5100.72,0.12682
5101.62,0.12722
5102.52,0.12762
5103.42,0.12825
5104.32,0.1286
5105.22,0.129
5106.12,0.129
5107.02,0.12813
5107.92,0.12714
5108.82,0.12704
5109.72,0.12621
5110.62,0.12655
5111.52,0.12737
5112.42,0.12845
5113.32,0.1299
5114.22,0.13134
5115.12,0.13355
5116.03,0.135
5116.93,0.13659
5117.83,0.13643
5118.73,0.13765
5119.63,0.13692
5120.53,0.13519
5121.43,0.13385
5122.33,0.1309
5123.23,0.12898
5124.13,0.1266
5125.03,0.12406
5125.93,0.12241
5126.83,0.12178
5127.73,0.12118
5128.63,0.12153
5129.53,0.12225
5130.43,0.12337
5131.33,0.12433
5132.23,0.12624
5133.13,0.12736
5134.03,0.12864
5134.93,0.13025
5135.83,0.12985
5136.73,0.1302
5137.63,0.12908
5138.53,0.12772
5139.43,0.12672
5140.33,0.12577
5141.23,0.12558
5142.13,0.12503
5143.03,0.12447
5143.93,0.1239
5144.83,0.12362
5145.73,0.12325
5146.63,0.12318
5147.53,0.12259
5148.43,0.12324
5149.33,0.12243
5150.23,0.12289
5151.13,0.12249
5152.03,0.12353
5152.94,0.12307
5153.84,0.12447
5154.74,0.12531
5155.64,0.12619
5156.54,0.128
5157.44,0.12972
5158.34,0.13071
5159.24,0.13219
5160.14,0.13216
5161.04,0.13132
5161.94,0.12896
5162.84,0.12609
5163.74,0.12232
5164.64,0.1183
5165.54,0.11342
5166.44,0.10752
5167.34,0.10269
5168.24,0.098147
5169.14,0.094934
5170.04,0.092517
5170.94,0.090969
5171.84,0.091071
5172.74,0.091427
5173.64,0.093369
5174.54,0.096271
5175.44,0.099526
5176.34,0.1032
5177.24,0.10667
5178.14,0.1102
5179.04,0.11115
5179.94,0.11168
5180.84,0.10998
5181.74,0.10746
5182.64,0.10467
5183.54,0.10228
5184.44,0.10134
5185.34,0.10194
5186.24,0.10371
5187.14,0.10731
5188.04,0.1111
5188.94,0.11535
5189.84,0.11824
5190.75,0.12146
5191.65,0.12239
5192.55,0.12165
5193.45,0.12218
5194.35,0.12216
5195.25,0.12236
5196.15,0.12383
5197.05,0.12496
5197.95,0.12644
5198.85,0.12784
5199.75,0.12953
5200.65,0.13058
5201.55,0.12983
5202.45,0.12898
5203.35,0.12659
5204.25,0.1244
5205.15,0.12143
5206.05,0.11803
5206.95,0.11524
5207.85,0.11393
5208.75,0.11306
5209.65,0.11418
5210.55,0.1159
5211.45,0.11866
5212.35,0.12157
5213.25,0.12505
5214.15,0.12773
5215.05,0.13027
5215.95,0.13086
5216.85,0.1333
5217.75,0.13356
5218.65,0.13514
5219.55,0.1357
5220.45,0.13692
5221.35,0.1362
5222.25,0.13639
5223.15,0.13493
5224.05,0.13185
5224.95,0.12935
5225.85,0.12674
5226.75,0.12502
5227.66,0.12369
5228.56,0.12359
5229.46,0.12498
5230.36,0.12637
5231.26,0.12775
5232.16,0.12985
5233.06,0.13136
5233.96,0.13286
5234.86,0.13459
5235.76,0.13557
5236.66,0.13781
5237.56,0.13919
5238.46,0.14103
5239.36,0.14236
5240.26,0.1432
5241.16,0.14467
5242.06,0.14452
5242.96,0.14496
5243.86,0.14436
5244.76,0.14394
5245.66,0.14301
5246.56,0.14101
5247.46,0.13966
5248.36,0.13776
5249.26,0.13623
5250.16,0.13568
5251.06,0.13482
5251.96,0.13411
5252.86,0.13489
5253.76,0.13492
5254.66,0.13686
5255.56,0.13763
5256.46,0.13931
5257.36,0.141
5258.26,0.14139
5259.16,0.14106
5260.06,0.14071
5260.96,0.1388
5261.86,0.13619
5262.76,0.13221
5263.66,0.12797
5264.56,0.1231
5265.47,0.11877
5266.37,0.11603
5267.27,0.11287
5268.17,0.11139
5269.07,0.11024
5269.97,0.11031
5270.87,0.11226
5271.77,0.11416
5272.67,0.11694
5273.57,0.11996
5274.47,0.12383
5275.37,0.12799
5276.27,0.13151
5277.17,0.13448
5278.07,0.13735
5278.97,0.13888
5279.87,0.13999
5280.77,0.14071
5281.67,0.14078
5282.57,0.14064
5283.47,0.14012
5284.37,0.14133
5285.27,0.14191
5286.17,0.14395
5287.07,0.14597
5287.97,0.14893
5288.87,0.15111
5289.77,0.15208
5290.67,0.15321
5291.57,0.15391
5292.47,0.1537
5293.37,0.15267
5294.27,0.15105
5295.17,0.14908
5296.07,0.1458
5296.97,0.1427
5297.87,0.14108
5298.77,0.13951
5299.67,0.13782
5300.57,0.13879
5301.48,0.13954
5302.38,0.1413
5303.27,0.14333
5304.18,0.14658
5305.08,0.14882
5305.98,0.15137
5306.88,0.15298
5307.78,0.15486
5308.68,0.15594
5309.58,0.1567
5310.48,0.15713
5311.38,0.157
5312.28,0.1569
5313.18,0.15708
5314.08,0.15536
5314.98,0.15449
5315.88,0.15405
5316.78,0.15273
5317.68,0.15214
5318.58,0.15121
5319.48,0.14984
5320.38,0.1492
5321.28,0.14743
5322.18,0.14615
5323.08,0.14356
5323.98,0.14151
5324.88,0.13857
5325.78,0.13562
5326.68,0.1325
5327.58,0.12965
5328.48,0.12809
5329.38,0.12757
5330.28,0.12819
5331.18,0.13
5332.08,0.13278
5332.98,0.13654
5333.88,0.13943
5334.78,0.14309
5335.68,0.14499
5336.58,0.14711
5337.48,0.14731
5338.38,0.1473
5339.28,0.14634
5340.19,0.14568
5341.08,0.14497
5341.99,0.14417
5342.89,0.14288
5343.79,0.14349
5344.69,0.14323
5345.59,0.14346
5346.49,0.14392
5347.39,0.1447
5348.29,0.1448
5349.19,0.14542
5350.09,0.14599
5350.99,0.14752
5351.89,0.14869
5352.79,0.15117
5353.69,0.15334
5354.59,0.1562
5355.49,0.15805
5356.39,0.15924
5357.29,0.16113
5358.19,0.16184
5359.09,0.16204
5359.99,0.161
5360.89,0.16052
5361.79,0.15846
5362.69,0.15756
5363.59,0.15543
5364.49,0.15332
5365.39,0.15122
5366.29,0.1488
5367.19,0.14736
5368.09,0.14487
5368.99,0.14168
5369.89,0.14112
5370.79,0.13936
5371.69,0.13921
5372.59,0.13983
5373.49,0.14102
5374.39,0.14317
5375.29,0.14576
5376.19,0.14843
5377.09,0.14993
5378.0,0.1521
5378.9,0.15346
5379.8,0.15379
5380.7,0.15352
5381.6,0.15423
5382.5,0.15284
5383.4,0.15286
5384.3,0.15219
5385.2,0.15189
5386.1,0.1516
5387.0,0.15111
5387.9,0.15066
5388.8,0.14969
5389.7,0.14794
5390.6,0.14656
5391.5,0.14468
5392.4,0.14328
5393.3,0.14231
5394.2,0.14121
5395.1,0.14036
5396.0,0.13894
5396.9,0.13797
5397.8,0.13788
5398.7,0.13831
5399.6,0.13813
5400.5,0.13879
5401.4,0.13823
5402.3,0.13798
5403.2,0.13778
5404.1,0.13644
5405.0,0.13485
5405.9,0.13349
5406.8,0.13321
5407.7,0.13247
5408.6,0.13296
5409.5,0.13408
5410.4,0.13488
5411.3,0.13798
5412.2,0.13963
5413.1,0.1425
5414.0,0.14522
5414.9,0.14671
5415.81,0.14853
5416.71,0.15072
5417.61,0.15144
5418.51,0.1519
5419.41,0.15264
5420.31,0.15264
5421.21,0.15279
5422.11,0.15154
5423.01,0.15074
5423.91,0.14992
5424.81,0.14999
5425.71,0.14919
5426.61,0.14823
5427.51,0.14783
5428.41,0.14623
5429.31,0.14586
5430.21,0.14435
5431.11,0.14339
5432.01,0.14158
5432.91,0.14143
5433.81,0.14009
5434.71,0.14056
5435.61,0.14056
5436.51,0.14199
5437.41,0.14412
5438.31,0.14635
5439.21,0.14876
5440.11,0.1515
5441.01,0.15269
5441.91,0.15363
5442.81,0.15479
5443.71,0.15437
5444.61,0.15269
5445.51,0.15027
5446.41,0.14834
5447.31,0.1462
5448.21,0.14474
5449.11,0.1443
5450.01,0.14418
5450.91,0.14369
5451.81,0.14471
5452.72,0.14427
5453.62,0.14383
5454.52,0.14368
5455.42,0.14301
5456.32,0.14292
5457.22,0.14282
5458.12,0.14308
5459.02,0.14429
5459.92,0.14474
5460.82,0.14564
5461.72,0.14572
5462.62,0.14601
5463.52,0.14527
5464.42,0.14662
5465.32,0.14557
5466.22,0.14636
5467.12,0.14605
5468.02,0.14682
5468.92,0.14679
5469.82,0.14618
5470.72,0.14591
5471.62,0.14564
5472.52,0.1438
5473.42,0.14324
5474.32,0.14239
5475.22,0.14094
5476.12,0.13958
5477.02,0.13899
5477.92,0.13853
5478.82,0.1383
5479.72,0.13829
5480.62,0.13895
5481.52,0.13994
5482.42,0.14066
5483.32,0.14123
5484.22,0.14289
5485.12,0.14409
5486.02,0.14433
5486.92,0.1457
5487.82,0.14587
5488.72,0.14635
5489.62,0.14662
5490.53,0.14681
5491.43,0.14645
5492.33,0.14649
5493.23,0.14719
5494.13,0.14717
5495.03,0.14718
5495.93,0.14718
5496.83,0.14739
5497.73,0.14672
5498.63,0.14703
5499.53,0.14668
5500.43,0.14636
5501.33,0.14615
5502.23,0.14577
5503.13,0.14498
5504.03,0.14474
5504.93,0.14433
5505.83,0.14426
5506.73,0.14291
5507.63,0.14275
5508.53,0.1429
5509.43,0.14268
5510.33,0.14261
5511.23,0.14208
5512.13,0.14167
5513.03,0.14197
5513.93,0.14089
5514.83,0.14128
5515.73,0.14148
5516.63,0.14307
5517.53,0.14387
5518.43,0.14631
5519.33,0.14734
5520.23,0.14904
5521.13,0.15008
5522.03,0.1512
5522.93,0.15074
5523.83,0.15096
5524.73,0.15052
5525.63,0.14954
5526.54,0.14764
5527.44,0.14686
5528.33,0.14649
5529.24,0.14516
5530.14,0.14562
5531.04,0.14537
5531.94,0.14639
5532.84,0.14627
5533.74,0.1472
5534.64,0.14779
5535.54,0.14812
5536.44,0.14844
5537.34,0.14892
5538.24,0.14921
5539.14,0.15012
5540.04,0.15114
5540.94,0.15128
5541.84,0.15146
5542.74,0.15255
5543.64,0.15246
5544.54,0.1528
5545.44,0.15354
5546.34,0.15351
5547.24,0.15381
5548.14,0.15365
5549.04,0.15442
5549.94,0.15568
5550.84,0.15571
5551.74,0.1559
5552.64,0.15603
5553.54,0.15584
5554.44,0.15439
5555.34,0.15375
5556.24,0.15398
5557.14,0.15315
5558.04,0.15305
5558.94,0.15207
5559.84,0.15136
5560.74,0.15087
5561.64,0.1506
5562.54,0.14973
5563.44,0.14922
5564.34,0.14837
5565.25,0.1478
5566.15,0.14765
5567.05,0.1471
5567.95,0.14669
5568.85,0.14642
5569.75,0.14663
5570.65,0.14656
5571.55,0.14663
5572.45,0.14703
5573.35,0.14767
5574.25,0.14783
5575.15,0.14873
5576.05,0.14936
5576.95,0.15138
5577.85,0.15067
5578.75,0.15193
5579.65,0.1519
5580.55,0.15204
5581.45,0.15179
5582.35,0.15038
5583.25,0.14944
5584.15,0.14767
5585.05,0.14564
5585.95,0.14417
5586.85,0.14232
5587.75,0.14013
5588.65,0.1384
5589.55,0.13759
5590.45,0.13714
5591.35,0.13775
5592.25,0.13855
5593.15,0.14003
5594.05,0.14108
5594.95,0.14202
5595.85,0.14398
5596.75,0.1443
5597.65,0.1445
5598.55,0.14448
5599.45,0.1447
5600.35,0.14384
5601.25,0.14386
5602.15,0.14324
5603.06,0.14447
5603.96,0.14481
5604.86,0.1458
5605.76,0.14802
5606.66,0.15021
5607.56,0.15136
5608.46,0.15395
5609.36,0.15442
5610.26,0.15459
5611.16,0.15515
5612.06,0.15432
5612.96,0.15306
5613.86,0.15227
5614.76,0.14915
5615.66,0.14819
5616.56,0.1459
5617.46,0.14461
5618.36,0.14413
5619.26,0.14477
5620.16,0.14461
5621.06,0.14481
5621.96,0.14539
5622.86,0.14512
5623.76,0.1452
5624.66,0.14584
5625.56,0.14559
5626.46,0.14569
5627.36,0.14674
5628.26,0.14747
5629.16,0.14835
5630.06,0.14934
5630.96,0.15086
5631.86,0.15127
5632.76,0.15214
5633.66,0.15191
5634.56,0.15148
5635.46,0.15114
5636.36,0.15053
5637.26,0.14952
5638.16,0.14893
5639.06,0.14891
5639.96,0.14807
5640.86,0.14781
5641.77,0.14703
5642.67,0.14733
5643.57,0.14738
5644.47,0.14767
5645.37,0.14775
5646.27,0.14865
5647.17,0.14846
5648.07,0.14984
5648.97,0.14926
5649.87,0.14985
5650.77,0.15029
5651.67,0.1501
5652.57,0.15075
5653.47,0.15015
5654.37,0.14947
5655.27,0.1492
5656.17,0.14857
5657.07,0.14661
5657.97,0.14586
5658.87,0.1454
5659.77,0.14438
5660.67,0.14321
5661.57,0.14341
5662.47,0.14366
5663.37,0.14411
5664.27,0.14479
5665.17,0.14611
5666.07,0.14719
5666.97,0.14829
5667.87,0.14831
5668.77,0.14932
5669.67,0.15009
5670.57,0.15047
5671.47,0.15157
5672.37,0.15202
5673.27,0.15279
5674.17,0.15371
5675.07,0.15482
5675.97,0.15529
5676.88,0.15533
5677.77,0.15561
5678.68,0.15582
5679.58,0.15511
5680.48,0.15453
5681.38,0.15393
5682.28,0.15249
5683.18,0.15193
5684.08,0.151
5684.98,0.15071
5685.88,0.14968
5686.78,0.14947
5687.68,0.14904
5688.58,0.15007
5689.48,0.15078
5690.38,0.15093
5691.28,0.15189
5692.18,0.15249
5693.08,0.1533
5693.98,0.15432
5694.88,0.15441
5695.78,0.15441
5696.68,0.15433
5697.58,0.15369
5698.48,0.15305
5699.38,0.15151
5700.28,0.15078
5701.18,0.1491
5702.08,0.14868
5702.98,0.14813
5703.88,0.14692
5704.78,0.1464
5705.68,0.14548
5706.58,0.14419
5707.48,0.14449
5708.38,0.14312
5709.28,0.1426
5710.18,0.14177
5711.08,0.14214
5711.98,0.14274
5712.88,0.14354
5713.78,0.14572
5714.68,0.14664
5715.59,0.14913
5716.49,0.15117
5717.39,0.15352
5718.29,0.15497
5719.19,0.15616
5720.09,0.15702
5720.99,0.15797
5721.89,0.15872
5722.79,0.15891
5723.69,0.1601
5724.59,0.1605
5725.49,0.16032
5726.39,0.16018
5727.29,0.15949
5728.19,0.15874
5729.09,0.1592
5729.99,0.15793
5730.89,0.15823
5731.79,0.157
5732.69,0.15738
5733.59,0.15785
5734.49,0.15805
5735.39,0.15879
5736.29,0.15835
5737.19,0.15902
5738.09,0.15938
5738.99,0.1587
5739.89,0.15804
5740.79,0.15882
5741.69,0.15932
5742.59,0.15902
5743.49,0.15845
5744.39,0.15869
5745.29,0.15866
5746.19,0.15847
5747.09,0.15853
5747.99,0.1585
5748.89,0.15822
5749.79,0.15785
5750.69,0.15763
5751.59,0.15653
5752.5,0.15626
5753.4,0.1555
5754.3,0.15559
5755.2,0.15553
5756.1,0.15532
5757.0,0.15534
5757.9,0.15529
5758.8,0.15522
5759.7,0.15568
5760.6,0.15625
5761.5,0.15522
5762.4,0.1554
5763.3,0.15512
5764.2,0.15498
5765.1,0.15634
5766.0,0.15759
5766.9,0.15823
5767.8,0.15854
5768.7,0.15993
5769.6,0.16054
5770.5,0.15994
5771.4,0.16018
5772.3,0.16008
5773.2,0.15931
5774.1,0.15915
5775.0,0.15855
5775.9,0.15746
5776.8,0.15665
5777.7,0.15629
5778.6,0.15531
5779.5,0.15386
5780.4,0.15177
5781.3,0.15081
5782.2,0.14859
5783.1,0.14704
5784.0,0.14592
5784.9,0.14559
5785.8,0.14572
5786.7,0.1459
5787.6,0.14708
5788.5,0.14844
5789.41,0.14944
5790.31,0.1514
5791.21,0.15254
5792.11,0.15356
5793.01,0.15513
5793.91,0.15632
5794.81,0.15699
5795.71,0.15789
5796.61,0.15801
5797.51,0.15888
5798.41,0.15959
5799.31,0.16065
5800.21,0.1605
5801.11,0.16064
5802.01,0.16163
5802.91,0.16217
5803.81,0.1617
5804.71,0.16131
5805.61,0.16055
5806.51,0.16028
5807.41,0.16045
5808.31,0.16036
5809.21,0.15974
5810.11,0.15935
5811.01,0.15983
5811.91,0.15947
5812.81,0.15989
5813.71,0.15923
5814.61,0.15976
5815.51,0.15964
5816.41,0.15878
5817.31,0.15908
5818.21,0.15964
5819.11,0.16
5820.01,0.16146
5820.91,0.16129
5821.81,0.16272
5822.71,0.16281
5823.61,0.16318
5824.51,0.16331
5825.41,0.16311
5826.31,0.16377
5827.22,0.1644
5828.12,0.16367
5829.02,0.16407
5829.92,0.16339
5830.82,0.16312
5831.72,0.16316
5832.62,0.16328
5833.52,0.16278
5834.42,0.16299
5835.32,0.16215
5836.22,0.16256
5837.12,0.16186
5838.02,0.16171
5838.92,0.16184
5839.82,0.16165
5840.72,0.16135
5841.62,0.16249
5842.52,0.1625
5843.42,0.16216
5844.32,0.1632
5845.22,0.16277
5846.12,0.16235
5847.02,0.16187
5847.92,0.16058
5848.82,0.15994
5849.72,0.159
5850.62,0.15776
5851.52,0.15714
5852.42,0.15648
5853.32,0.15496
5854.22,0.15344
5855.12,0.15289
5856.02,0.15207
5856.92,0.15117
5857.82,0.15085
5858.72,0.15102
5859.62,0.14973
5860.52,0.15043
5861.42,0.15083
5862.32,0.15127
5863.23,0.15226
5864.12,0.1522
5865.03,0.15297
5865.93,0.15353
5866.83,0.15343
5867.73,0.15422
5868.63,0.1553
5869.53,0.15581
5870.43,0.15596
5871.33,0.15664
5872.23,0.15683
5873.13,0.15671
5874.03,0.15699
5874.93,0.15692
5875.83,0.15615
5876.73,0.15563
5877.63,0.15474
5878.53,0.15419
5879.43,0.15341
5880.33,0.1521
5881.23,0.15079
5882.13,0.15034
5883.03,0.14773
5883.93,0.14619
5884.83,0.1437
5885.73,0.14138
5886.63,0.13777
5887.53,0.1337
5888.43,0.12923
5889.33,0.12448
5890.23,0.12039
5891.13,0.11717
5892.03,0.11413
5892.93,0.11323
5893.83,0.11203
5894.73,0.11235
5895.63,0.11358
5896.53,0.11528
5897.43,0.11791
5898.33,0.12117
5899.23,0.1245
5900.13,0.12853
5901.04,0.1327
5901.94,0.13635
5902.83,0.13976
5903.74,0.14276
5904.64,0.14546
5905.54,0.14682
5906.44,0.14838
5907.34,0.14971
5908.24,0.15063
5909.14,0.15159
5910.04,0.15138
5910.94,0.15187
5911.84,0.15212
5912.74,0.15189
5913.64,0.15121
5914.54,0.15098
5915.44,0.15172
5916.34,0.1505
5917.24,0.15033
5918.14,0.1508
5919.04,0.15142
5919.94,0.15122
5920.84,0.15175
5921.74,0.15244
5922.64,0.15355
5923.54,0.15301
5924.44,0.15432
5925.34,0.15347
5926.24,0.15354
5927.14,0.1541
5928.04,0.15355
5928.94,0.15362
5929.84,0.15371
5930.74,0.15388
5931.64,0.15356
5932.54,0.15358
5933.44,0.15367
5934.34,0.15313
5935.24,0.15337
5936.14,0.1538
5937.04,0.15362
5937.94,0.15432
5938.85,0.15437
5939.75,0.15435
5940.65,0.15443
5941.55,0.1546
5942.45,0.1548
5943.35,0.15489
5944.25,0.15491
5945.15,0.15463
5946.05,0.15525
5946.95,0.15426
5947.85,0.155
5948.75,0.15499
5949.65,0.15455
5950.55,0.15451
5951.45,0.15406
5952.35,0.15313
5953.25,0.15272
5954.15,0.15259
5955.05,0.15247
5955.95,0.1528
5956.85,0.15269
5957.75,0.15199
5958.65,0.15196
5959.55,0.15287
5960.45,0.15395
5961.35,0.15424
5962.25,0.1547
5963.15,0.15512
5964.05,0.15579
5964.95,0.1562
5965.85,0.15654
5966.75,0.15705
5967.65,0.15782
5968.55,0.15796
5969.45,0.15796
5970.35,0.15899
5971.25,0.15841
5972.15,0.15844
5973.05,0.15829
5973.95,0.15805
5974.85,0.15717
5975.75,0.15637
5976.65,0.15628
5977.56,0.15524
5978.46,0.15448
5979.36,0.15417
5980.26,0.15334
5981.16,0.15346
5982.06,0.15271
5982.96,0.15279
5983.86,0.15281
5984.76,0.15196
5985.66,0.15217
5986.56,0.15262
5987.46,0.15299
5988.36,0.15296
5989.26,0.15331
5990.16,0.1536
5991.06,0.15487
5991.96,0.1554
5992.86,0.15575
5993.76,0.15614
5994.66,0.15566
5995.56,0.15605
5996.46,0.15568
5997.36,0.15583
5998.26,0.15469
5999.16,0.155
6000.06,0.15427
6000.96,0.15423
6001.86,0.154
6002.76,0.15338
6003.66,0.15291
6004.56,0.15285
6005.46,0.1528
6006.36,0.15259
6007.26,0.15173
6008.16,0.15155
6009.06,0.152
6009.96,0.15198
6010.86,0.1522
6011.76,0.15204
6012.67,0.15228
6013.56,0.15289
6014.47,0.15185
6015.37,0.15184
6016.27,0.1517
6017.17,0.15137
6018.07,0.15077
6018.97,0.15059
6019.87,0.15102
6020.77,0.15054
6021.67,0.15181
6022.57,0.15121
6023.47,0.15125
6024.37,0.15262
6025.27,0.1527
6026.17,0.154
6027.07,0.1548
6027.97,0.15573
6028.87,0.15689
6029.77,0.15777
6030.67,0.15832
6031.57,0.1595
6032.47,0.15901
6033.37,0.16002
6034.27,0.16056
6035.17,0.1605
6036.07,0.16078
6036.97,0.16043
6037.87,0.16221
6038.77,0.16102
6039.67,0.16052
6040.57,0.16132
6041.47,0.16123
6042.37,0.16096
6043.27,0.1615
6044.17,0.16185
6045.07,0.16265
6045.97,0.16206
6046.87,0.16252
6047.77,0.16251
6048.67,0.16304
6049.57,0.16381
6050.47,0.16261
6051.38,0.16249
6052.28,0.16292
6053.18,0.16168
6054.08,0.16124
6054.98,0.16038
6055.88,0.15984
6056.78,0.15936
6057.68,0.15827
6058.58,0.15869
6059.48,0.15848
6060.38,0.15752
6061.28,0.15875
6062.18,0.15857
6063.08,0.15821
6063.98,0.15761
6064.88,0.15767
6065.78,0.15785
6066.68,0.15805
6067.58,0.15972
6068.48,0.15977
6069.38,0.1606
6070.28,0.16235
6071.18,0.16208
6072.08,0.16266
6072.98,0.16335
6073.88,0.1642
6074.78,0.1643
6075.68,0.16293
6076.58,0.16278
6077.48,0.16237
6078.38,0.16138
6079.28,0.15941
6080.18,0.15917
6081.08,0.15785
6081.98,0.15758
6082.88,0.15626
6083.78,0.15634
6084.68,0.15581
6085.58,0.15542
6086.48,0.15561
6087.38,0.15597
6088.28,0.1556
6089.19,0.15607
6090.09,0.15517
6090.99,0.15569
6091.89,0.15578
6092.79,0.1557
6093.69,0.15577
6094.59,0.15609
6095.49,0.15616
6096.39,0.15699
6097.29,0.15676
6098.19,0.15648
6099.09,0.15656
6099.99,0.15561
6100.89,0.15547
6101.79,0.1549
6102.69,0.15389
6103.59,0.15344
6104.49,0.15321
6105.39,0.15365
6106.29,0.15341
6107.19,0.15433
6108.09,0.15486
6108.99,0.15567
6109.89,0.15622
6110.79,0.15691
6111.69,0.1577
6112.59,0.15868
6113.49,0.15936
6114.39,0.15923
6115.29,0.15886
6116.19,0.15883
6117.09,0.15838
6117.99,0.15751
6118.89,0.1566
6119.79,0.15553
6120.69,0.15441
6121.59,0.15323
6122.49,0.15278
6123.39,0.15278
6124.29,0.15181
6125.19,0.15289
6126.1,0.1526
6127.0,0.15405
6127.9,0.1539
6128.8,0.15454
6129.7,0.15556
6130.6,0.15571
6131.5,0.15547
6132.4,0.15535
6133.3,0.15502
6134.2,0.15401
6135.1,0.15324
6136.0,0.15165
6136.9,0.15066
6137.8,0.14993
6138.7,0.14948
6139.6,0.14922
6140.5,0.15028
6141.4,0.15129
6142.3,0.15306
6143.2,0.15377
6144.1,0.15544
6145.0,0.15662
6145.9,0.15689
6146.8,0.15715
6147.7,0.15778
6148.6,0.15761
6149.5,0.158
6150.4,0.15612
6151.3,0.15647
6152.2,0.15563
6153.1,0.15554
6154.0,0.1548
6154.9,0.15387
6155.8,0.15242
6156.7,0.1516
6157.6,0.15029
6158.5,0.14905
6159.4,0.14668
6160.3,0.1447
6161.2,0.14286
6162.1,0.14138
6163.01,0.13961
6163.91,0.13816
6164.81,0.13779
6165.71,0.13783
6166.61,0.13816
6167.51,0.13874
6168.41,0.13919
6169.31,0.14078
6170.21,0.14083
6171.11,0.14239
6172.01,0.14262
6172.91,0.14384
6173.81,0.14448
6174.71,0.14573
6175.61,0.14657
6176.51,0.14798
6177.41,0.14847
6178.31,0.14974
6179.21,0.15028
6180.11,0.15001
6181.01,0.15127
6181.91,0.15147
6182.81,0.15136
6183.71,0.15155
6184.61,0.1506
6185.51,0.15027
6186.41,0.15064
6187.31,0.14902
6188.21,0.14781
6189.11,0.14574
6190.01,0.14544
6190.91,0.14493
6191.81,0.1447
6192.71,0.14418
6193.61,0.14459
6194.51,0.14496
6195.41,0.14594
6196.31,0.14669
6197.21,0.14739
6198.11,0.14833
6199.01,0.14841
6199.92,0.14877
6200.82,0.14947
6201.72,0.15037
6202.62,0.15123
6203.52,0.15069
6204.42,0.1509
6205.32,0.15161
6206.22,0.15179
6207.12,0.15157
6208.02,0.15159
6208.92,0.15149
6209.82,0.14994
6210.72,0.14998
6211.62,0.14878
6212.52,0.1478
6213.42,0.14549
6214.32,0.14458
6215.22,0.14328
6216.12,0.1422
6217.02,0.14113
6217.92,0.14121
6218.82,0.14021
6219.72,0.14025
6220.62,0.14031
6221.52,0.14091
6222.42,0.1411
6223.32,0.14142
6224.22,0.14207
6225.12,0.14164
6226.02,0.14169
6226.92,0.14181
6227.82,0.14228
6228.72,0.1411
6229.62,0.14031
6230.52,0.14047
6231.42,0.1404
6232.32,0.13979
6233.22,0.1406
6234.12,0.14148
6235.02,0.14159
6235.92,0.14222
6236.83,0.14265
6237.73,0.14294
6238.63,0.14259
6239.53,0.14245
6240.43,0.14196
6241.33,0.14127
6242.23,0.14076
6243.13,0.14038
6244.03,0.1395
6244.93,0.13981
6245.83,0.13928
6246.73,0.13993
6247.63,0.13985
6248.53,0.14079
6249.43,0.14103
6250.33,0.14122
6251.23,0.14126
6252.13,0.14099
6253.03,0.14021
6253.93,0.13918
6254.83,0.13875
6255.73,0.13718
6256.63,0.13715
6257.53,0.13668
6258.43,0.13669
6259.33,0.1368
6260.23,0.13716
6261.13,0.13787
6262.03,0.13869
6262.93,0.14041
6263.83,0.14183
6264.73,0.14223
6265.63,0.14352
6266.53,0.14501
6267.43,0.14489
6268.33,0.14534
6269.23,0.14559
6270.13,0.14597
6271.03,0.14672
6271.93,0.14694
6272.83,0.14764
6273.73,0.14702
6274.64,0.14786
6275.54,0.14742
6276.44,0.1479
6277.34,0.14753
6278.24,0.14742
6279.14,0.14751
6280.04,0.14778
6280.94,0.14803
6281.84,0.14793
6282.74,0.14837
6283.64,0.14836
6284.54,0.14928
6285.44,0.1494
6286.34,0.15028
6287.24,0.15116
6288.14,0.15122
6289.04,0.15134
6289.94,0.15176
6290.84,0.15143
6291.74,0.15157
6292.64,0.15103
6293.54,0.14996
6294.44,0.14939
6295.34,0.14881
6296.24,0.1482
6297.14,0.14742
6298.04,0.14713
6298.94,0.14646
6299.84,0.14594
6300.74,0.1456
6301.64,0.1458
6302.54,0.14571
6303.44,0.14689
6304.34,0.14651
6305.24,0.14695
6306.14,0.14771
6307.04,0.14781
6307.94,0.14907
6308.84,0.15013
6309.74,0.14949
6310.64,0.14992
6311.54,0.15009
6312.45,0.14936
6313.35,0.14864
6314.25,0.14766
6315.15,0.14723
6316.05,0.14643
6316.95,0.14555
6317.85,0.14532
6318.75,0.14531
6319.65,0.14493
6320.55,0.14548
6321.45,0.14545
6322.35,0.14645
6323.25,0.14738
6324.15,0.14827
6325.05,0.14983
6325.95,0.1505
6326.85,0.15096
6327.75,0.15156
6328.65,0.15195
6329.55,0.15283
6330.45,0.15251
6331.35,0.15236
6332.25,0.15255
6333.15,0.15176
6334.05,0.15202
6334.95,0.15117
6335.85,0.15011
6336.75,0.14918
6337.65,0.1495
6338.55,0.14948
6339.45,0.14901
6340.35,0.14859
6341.25,0.14873
6342.15,0.14803
6343.05,0.14826
6343.95,0.1489
6344.85,0.1487
6345.75,0.14956
6346.65,0.15005
6347.55,0.14951
6348.46,0.1509
6349.35,0.15136
6350.26,0.15189
6351.16,0.15203
6352.06,0.15169
6352.96,0.15221
6353.86,0.15122
6354.76,0.15009
6355.66,0.14948
6356.56,0.14784
6357.46,0.14701
6358.36,0.14566
6359.26,0.14455
6360.16,0.14434
6361.06,0.14211
6361.96,0.1416
6362.86,0.14189
6363.76,0.14207
6364.66,0.14219
6365.56,0.14315
6366.46,0.14457
6367.36,0.14568
6368.26,0.14734
6369.16,0.14825
6370.06,0.1499
6370.96,0.15171
6371.86,0.15281
6372.76,0.15315
6373.66,0.1543
6374.56,0.15446
6375.46,0.15455
6376.36,0.15488
6377.26,0.15514
6378.16,0.15465
6379.06,0.15485
6379.96,0.15413
6380.86,0.15395
6381.76,0.15389
6382.66,0.15397
6383.56,0.15378
6384.46,0.15277
6385.36,0.15355
6386.27,0.15415
6387.17,0.15391
6388.07,0.15415
6388.97,0.15455
6389.87,0.15437
6390.77,0.15358
6391.67,0.15327
6392.57,0.1522
6393.47,0.15194
6394.37,0.15139
6395.27,0.15131
6396.17,0.15041
6397.07,0.15058
6397.97,0.15038
6398.87,0.15046
6399.77,0.1508
6400.67,0.1512
6401.57,0.15073
6402.47,0.15177
6403.37,0.15189
6404.27,0.15213
6405.17,0.15282
6406.07,0.15303
6406.97,0.15375
6407.87,0.15336
6408.77,0.15295
6409.67,0.15267
6410.57,0.15244
6411.47,0.15207
6412.37,0.15194
6413.27,0.15202
6414.17,0.15153
6415.07,0.15146
6415.97,0.152
6416.87,0.15177
6417.77,0.1518
6418.67,0.15134
6419.57,0.15169
6420.47,0.15135
6421.37,0.15162
6422.27,0.15148
6423.17,0.15196
6424.08,0.15268
6424.98,0.15304
6425.88,0.15372
6426.78,0.154
6427.68,0.15455
6428.58,0.15462
6429.48,0.15455
6430.38,0.15405
6431.28,0.15375
6432.18,0.15312
6433.08,0.15365
6433.98,0.15331
6434.88,0.15332
6435.78,0.15354
6436.68,0.15381
6437.58,0.15407
6438.48,0.15405
6439.38,0.15425
6440.28,0.15395
6441.18,0.15446
6442.08,0.15525
6442.98,0.15549
6443.88,0.15641
6444.78,0.15599
6445.68,0.15673
6446.58,0.15605
6447.48,0.15547
6448.38,0.15446
6449.28,0.15383
6450.18,0.15251
6451.08,0.15227
6451.98,0.15152
6452.88,0.15133
6453.78,0.15191
6454.68,0.15205
6455.58,0.15199
6456.48,0.15281
6457.38,0.15322
6458.28,0.15435
6459.18,0.15428
6460.08,0.15454
6460.98,0.1544
6461.89,0.15416
6462.79,0.15434
6463.69,0.15385
6464.59,0.1534
6465.49,0.15358
6466.39,0.15375
6467.29,0.15399
6468.19,0.15467
6469.09,0.15509
6469.99,0.15541
6470.89,0.15595
6471.79,0.1559
6472.69,0.1559
6473.59,0.15631
6474.49,0.15661
6475.39,0.15677
6476.29,0.15654
6477.19,0.15609
6478.09,0.15621
6478.99,0.15692
6479.89,0.15555
6480.79,0.15561
6481.69,0.1552
6482.59,0.15432
6483.49,0.15447
6484.39,0.15363
6485.29,0.15351
6486.19,0.1533
6487.09,0.15262
6487.99,0.15304
6488.89,0.15256
6489.79,0.15197
6490.69,0.15052
6491.59,0.14908
6492.49,0.14727
6493.39,0.14623
6494.29,0.14351
6495.19,0.14241
6496.09,0.1401
6496.99,0.13997
6497.9,0.13991
6498.79,0.14006
6499.7,0.14051
6500.6,0.14206
6501.5,0.14382
6502.4,0.14563
6503.3,0.14699
6504.2,0.14877
6505.1,0.15085
6506.0,0.15154
6506.9,0.15267
6507.8,0.1532
6508.7,0.15403
6509.6,0.15471
6510.5,0.15553
6511.4,0.15526
6512.3,0.15497
6513.2,0.15556
6514.1,0.15553
6515.0,0.15462
6515.9,0.15494
6516.8,0.15505
6517.7,0.15388
6518.6,0.15414
6519.5,0.15469
6520.4,0.15366
6521.3,0.15459
6522.2,0.15444
6523.1,0.15435
6524.0,0.15479
6524.9,0.15522
6525.8,0.15552
6526.7,0.15577
6527.6,0.15528
6528.5,0.15545
6529.4,0.15503
6530.3,0.15544
6531.2,0.1549
6532.1,0.15415
6533.0,0.15508
6533.9,0.1559
6534.8,0.15602
6535.71,0.1559
6536.61,0.15602
6537.51,0.15631
6538.41,0.15641
6539.31,0.15653
6540.21,0.15699
6541.11,0.15671
6542.01,0.1563
6542.91,0.15635
6543.81,0.15544
6544.71,0.15461
6545.61,0.15436
6546.51,0.15299
6547.41,0.1521
6548.31,0.15222
6549.21,0.15113
6550.11,0.1511
6551.01,0.1508
6551.91,0.15022
6552.81,0.14941
6553.71,0.14925
6554.61,0.1482
6555.51,0.14704
6556.41,0.14584
6557.31,0.14462
6558.21,0.14315
6559.11,0.14163
6560.01,0.13929
6560.91,0.13811
6561.81,0.13601
6562.71,0.1342
6563.61,0.13363
6564.51,0.13271
6565.41,0.13328
6566.31,0.13469
6567.21,0.13544
6568.11,0.13795
6569.01,0.13925
6569.91,0.14089
6570.81,0.14241
6571.71,0.14339
6572.61,0.14476
6573.52,0.14532
6574.42,0.1451
6575.32,0.14649
6576.22,0.14707
6577.12,0.14723
6578.02,0.14822
6578.92,0.14873
6579.82,0.14925
6580.72,0.14974
6581.62,0.15011
6582.52,0.15009
6583.42,0.15123
6584.32,0.15091
6585.22,0.15145
6586.12,0.15159
6587.02,0.15187
6587.92,0.15164
6588.82,0.15161
6589.72,0.15136
6590.62,0.15072
6591.52,0.15063
6592.42,0.1498
6593.32,0.1492
6594.22,0.14875
6595.12,0.14793
6596.02,0.14746
6596.92,0.14792
6597.82,0.14808
6598.72,0.1484
6599.62,0.14927
6600.52,0.15029
6601.42,0.15063
6602.32,0.1506
6603.22,0.15033
6604.12,0.15063
6605.02,0.15069
6605.92,0.15087
6606.82,0.15013
6607.72,0.14956
6608.62,0.14948
6609.52,0.15022
6610.43,0.14936
6611.33,0.14998
6612.23,0.15033
6613.13,0.15066
6614.03,0.15095
6614.93,0.15205
6615.83,0.15283
6616.73,0.15292
6617.63,0.15355
6618.53,0.15374
6619.43,0.15364
6620.33,0.15294
6621.23,0.15299
6622.13,0.15282
6623.03,0.15296
6623.93,0.15193
6624.83,0.15202
6625.73,0.1509
6626.63,0.15112
6627.53,0.15005
6628.43,0.14978
6629.33,0.14946
6630.23,0.14867
6631.13,0.14772
6632.03,0.14727
6632.93,0.14765
6633.83,0.14686
6634.73,0.14674
6635.63,0.14685
6636.53,0.14719
6637.43,0.14692
6638.33,0.14732
6639.23,0.14809
6640.13,0.14808
6641.03,0.1487
6641.93,0.14823
6642.83,0.14902
6643.73,0.14876
6644.63,0.14927
6645.53,0.14896
6646.43,0.14945
6647.34,0.14899
6648.24,0.14869
6649.14,0.14944
6650.04,0.14925
6650.94,0.1495
6651.84,0.14885
6652.74,0.14892
6653.64,0.14875
6654.54,0.14888
6655.44,0.14877
6656.34,0.14842
6657.24,0.14865
6658.14,0.14804
6659.04,0.14738
6659.94,0.1471
6660.84,0.14668
6661.74,0.14647
6662.64,0.14552
6663.54,0.14517
6664.44,0.14468
6665.34,0.14455
6666.24,0.14506
6667.14,0.1446
6668.04,0.14563
6668.94,0.14559
6669.84,0.14594
6670.74,0.14633
6671.64,0.14683
6672.54,0.14735
6673.44,0.14734
6674.34,0.14776
6675.24,0.14761
6676.14,0.14709
6677.04,0.14612
6677.94,0.14612
6678.84,0.14608
6679.74,0.14518
6680.64,0.14481
6681.54,0.14533
6682.44,0.14505
6683.34,0.14558
6684.24,0.14568
6685.15,0.14607
6686.05,0.14615
6686.95,0.14655
6687.85,0.14664
6688.75,0.14633
6689.65,0.14702
6690.55,0.14744
6691.45,0.14718
6692.35,0.14634
6693.25,0.1467
6694.15,0.14619
6695.05,0.14615
6695.95,0.14551
6696.85,0.14555
6697.75,0.14473
6698.65,0.14478
6699.55,0.14462
6700.45,0.14473
6701.35,0.14538
6702.25,0.14481
6703.15,0.14515
6704.05,0.14523
6704.95,0.1454
6705.85,0.14518
6706.75,0.14553
6707.65,0.14497
6708.55,0.14429
6709.45,0.14519
6710.35,0.14474
6711.25,0.14402
6712.15,0.1432
6713.05,0.14259
6713.95,0.14175
6714.85,0.14166
6715.75,0.14119
6716.65,0.14079
6717.55,0.14024
6718.45,0.14016
6719.35,0.13983
6720.25,0.14013
6721.16,0.14026
6722.06,0.1407
6722.96,0.14166
6723.86,0.14168
6724.76,0.14281
6725.66,0.1427
6726.56,0.14342
6727.46,0.14359
6728.36,0.14331
6729.26,0.14357
6730.16,0.14393
6731.06,0.14428
6731.96,0.14452
6732.86,0.14472
6733.76,0.14467
6734.66,0.14446
6735.56,0.14426
6736.46,0.14439
6737.36,0.14434
6738.26,0.14378
6739.16,0.14398
6740.06,0.14366
6740.96,0.14303
6741.86,0.1428
6742.76,0.14263
6743.66,0.14224
6744.56,0.14238
6745.46,0.14173
6746.36,0.14232
6747.26,0.14173
6748.16,0.14164
6749.06,0.14147
6749.96,0.14168
6750.86,0.14049
6751.76,0.14104
6752.66,0.14188
6753.56,0.14163
6754.46,0.14218
6755.36,0.14203
6756.26,0.14276
6757.16,0.14347
6758.06,0.14416
6758.97,0.14517
6759.87,0.14473
6760.77,0.14504
6761.67,0.14513
6762.57,0.14598
6763.47,0.14532
6764.37,0.14487
6765.27,0.14505
6766.17,0.14441
6767.07,0.14406
6767.97,0.14442
6768.87,0.1441
6769.77,0.14334
6770.67,0.1437
6771.57,0.14382
6772.47,0.14454
6773.37,0.1449
6774.27,0.14484
6775.17,0.14542
6776.07,0.14604
6776.97,0.14619
6777.87,0.14664
6778.77,0.14691
6779.67,0.14713
6780.57,0.14635
6781.47,0.14577
6782.37,0.14517
6783.27,0.14477
6784.17,0.1438
6785.07,0.14268
6785.97,0.14249
6786.87,0.1426
6787.77,0.14223
6788.67,0.14235
6789.57,0.14241
6790.47,0.14214
6791.37,0.14231
6792.27,0.1427
6793.17,0.14321
6794.07,0.14306
6794.97,0.14328
6795.88,0.14373
6796.78,0.14349
6797.68,0.14396
6798.58,0.14394
6799.48,0.14391
6800.38,0.14407
6801.28,0.14429
6802.18,0.1441
6803.08,0.14443
6803.98,0.14497
6804.88,0.1448
6805.78,0.14465
6806.68,0.14476
6807.58,0.14481
6808.48,0.14462
6809.38,0.14532
6810.28,0.1442
6811.18,0.14473
6812.08,0.1442
6812.98,0.14387
6813.88,0.14471
6814.78,0.14474
6815.68,0.14418
6816.58,0.14467
6817.48,0.14468
6818.38,0.14486
6819.28,0.145
6820.18,0.14503
6821.08,0.14548
6821.98,0.14579
6822.88,0.14542
6823.78,0.1462
6824.68,0.14545
6825.58,0.14619
6826.48,0.14581
6827.38,0.14614
6828.28,0.14615
6829.18,0.14597
6830.08,0.14625
6830.98,0.14621
6831.88,0.14559
6832.79,0.14603
6833.69,0.14553
6834.59,0.14518
6835.49,0.14527
6836.39,0.14487
6837.29,0.14438
6838.19,0.14468
6839.09,0.14346
6839.99,0.14322
6840.89,0.1424
6841.79,0.14241
6842.69,0.14219
6843.59,0.1419
6844.49,0.14166
6845.39,0.14215
6846.29,0.14241
6847.19,0.14316
6848.09,0.14392
6848.99,0.14361
6849.89,0.14404
6850.79,0.14436
6851.69,0.1442
6852.59,0.14394
6853.49,0.14348
6854.39,0.14283
6855.29,0.14253
6856.19,0.14307
6857.09,0.14218
6857.99,0.14156
6858.89,0.14183
6859.79,0.14089
6860.69,0.14131
6861.59,0.14165
6862.49,0.14187
6863.39,0.14113
6864.29,0.14186
6865.19,0.14227
6866.09,0.14255
6866.99,0.1424
6867.89,0.14245
6868.79,0.14323
6869.7,0.14349
6870.6,0.14252
6871.5,0.14298
6872.4,0.14258
6873.3,0.143
6874.2,0.14304
6875.1,0.14306
6876.0,0.14301
6876.9,0.1431
6877.8,0.14348
6878.7,0.14344
6879.6,0.14361
6880.5,0.1439
6881.4,0.14364
6882.3,0.14387
6883.2,0.14368
6884.1,0.14386
6885.0,0.14406
6885.9,0.1446
6886.8,0.14477
6887.7,0.14554
6888.6,0.14535
6889.5,0.1463
6890.4,0.14613
6891.3,0.1473
6892.2,0.14674
6893.1,0.14767
6894.0,0.14772
6894.9,0.14755
6895.8,0.14781
6896.7,0.14746
6897.6,0.14775
6898.5,0.14774
6899.4,0.14777
6900.3,0.14802
6901.2,0.14846
6902.1,0.14874
6903.0,0.14875
6903.9,0.14796
6904.8,0.14869
6905.7,0.14851
6906.6,0.14865
6907.51,0.14851
6908.41,0.14904
6909.31,0.14912
6910.21,0.14882
6911.11,0.14899
6912.01,0.14849
6912.91,0.14851
6913.81,0.14853
6914.71,0.14766
6915.61,0.14739
6916.51,0.14733
6917.41,0.1472
6918.31,0.14699
6919.21,0.14689
6920.11,0.14759
6921.01,0.14728
6921.91,0.14663
6922.81,0.14702
6923.71,0.1469
6924.61,0.14684
6925.51,0.1465
6926.41,0.14687
6927.31,0.14667
6928.21,0.14704
6929.11,0.14634
6930.01,0.14692
6930.91,0.14671
6931.81,0.14738
6932.71,0.14705
6933.61,0.14791
6934.51,0.14852
6935.41,0.14775
6936.31,0.14819
6937.21,0.14877
6938.11,0.14872
6939.01,0.14903
6939.91,0.14848
6940.81,0.1488
6941.71,0.14907
6942.61,0.14855
6943.52,0.14843
6944.42,0.14839
6945.31,0.1485
6946.22,0.14801
6947.12,0.1475
6948.02,0.14778
6948.92,0.14786
6949.82,0.14769
6950.72,0.14732
6951.62,0.14815
6952.52,0.14738
6953.42,0.14748
6954.32,0.14806
6955.22,0.14781
6956.12,0.14773
6957.02,0.14817
6957.92,0.14856
6958.82,0.14922
6959.72,0.14964
6960.62,0.15001
6961.52,0.14992
6962.42,0.15076
6963.32,0.15044
6964.22,0.15054
6965.12,0.15136
6966.02,0.15107
6966.92,0.15125
6967.82,0.15168
6968.72,0.15154
6969.62,0.15087
6970.52,0.15188
6971.42,0.15095
6972.32,0.1511
6973.22,0.1506
6974.12,0.14971
6975.02,0.14911
6975.92,0.14864
6976.82,0.14849
6977.72,0.14748
6978.62,0.14689
6979.52,0.14578
6980.42,0.14672
6981.33,0.14675
6982.23,0.14701
6983.12,0.14779
6984.03,0.14853
6984.93,0.14931
6985.83,0.14974
6986.73,0.1504
6987.63,0.15158
6988.53,0.15162
6989.43,0.15194
6990.33,0.15159
6991.23,0.15189
6992.13,0.15224
6993.03,0.1523
6993.93,0.15149
6994.83,0.15199
6995.73,0.15168
6996.63,0.15135
6997.53,0.15156
6998.43,0.1508
6999.33,0.15091
7000.23,0.15029
7001.13,0.15091
7002.03,0.15014
7002.93,0.14977
7003.83,0.15027
7004.73,0.14887
7005.63,0.14951
7006.53,0.14908
7007.43,0.1493
7008.33,0.14911
7009.23,0.14864
7010.13,0.14928
7011.03,0.14864
7011.93,0.14914
7012.83,0.149
7013.73,0.148
7014.63,0.14914
7015.53,0.14779
7016.43,0.14843
7017.33,0.14861
7018.23,0.14805
7019.14,0.14835
7020.04,0.14755
7020.94,0.14879
7021.84,0.14843
7022.74,0.14847
7023.64,0.14863
7024.54,0.14939
7025.44,0.14903
7026.34,0.14908
7027.24,0.14924
7028.14,0.1497
7029.04,0.14944
7029.94,0.15047
7030.84,0.15067
7031.74,0.15014
7032.64,0.15055
7033.54,0.15167
7034.44,0.15179
7035.34,0.15163
7036.24,0.15145
7037.14,0.15249
7038.04,0.15198
7038.94,0.15229
7039.84,0.15251
7040.74,0.15364
7041.64,0.15425
7042.54,0.15473
7043.44,0.15556
7044.34,0.15656
7045.24,0.15658
7046.14,0.15638
7047.04,0.15648
7047.94,0.1568
7048.84,0.15764
7049.74,0.15621
7050.64,0.15522
7051.54,0.15453
7052.44,0.1534
7053.34,0.15165
7054.25,0.15086
7055.15,0.14908
7056.04,0.14736
7056.95,0.1467
7057.85,0.14545
7058.75,0.14432
7059.65,0.14335
7060.55,0.14256
7061.45,0.14223
7062.35,0.14194
7063.25,0.14208
7064.15,0.14159
7065.05,0.14119
7065.95,0.14095
7066.85,0.14111
7067.75,0.14122
7068.65,0.14072
7069.55,0.14111
7070.45,0.14074
7071.35,0.14235
7072.25,0.14258
7073.15,0.1431
7074.05,0.14332
7074.95,0.14346
7075.85,0.14449
7076.75,0.14507
7077.65,0.14553
7078.55,0.14507
7079.45,0.14562
7080.35,0.14549
7081.25,0.1441
7082.15,0.14388
7083.05,0.14315
7083.95,0.142
7084.85,0.14058
7085.75,0.13998
7086.65,0.13895
7087.55,0.1385
7088.45,0.13765
7089.35,0.13614
7090.25,0.13551
7091.15,0.13445
7092.06,0.13412
7092.96,0.13441
7093.85,0.13488
7094.76,0.13418
7095.66,0.13452
7096.56,0.13463
7097.46,0.13514
7098.36,0.13523
7099.26,0.13496
7100.16,0.1357
7101.06,0.13581
7101.96,0.13619
7102.86,0.13624
7103.76,0.13651
7104.66,0.13646
7105.56,0.13636
7106.46,0.13677
7107.36,0.13704
7108.26,0.1367
7109.16,0.13638
7110.06,0.13664
7110.96,0.13571
7111.86,0.13658
7112.76,0.13638
7113.66,0.13646
7114.56,0.13652
7115.46,0.13726
7116.36,0.13687
7117.26,0.13727
7118.16,0.1369
7119.06,0.13722
7119.96,0.13709
7120.86,0.1374
7121.76,0.13662
7122.66,0.13658
7123.56,0.13591
7124.46,0.13548
7125.36,0.13468
7126.26,0.13439
7127.16,0.13378
7127.27,0.13352
7128.17,0.13325
7129.07,0.1327
7129.96,0.13224
7130.86,0.13182
7131.75,0.13172
7132.65,0.13135
7133.55,0.13205
7134.44,0.13268
7135.34,0.13285
7136.23,0.13288
7137.13,0.13328
7138.03,0.13353
7138.92,0.13384
7139.82,0.13442
7140.71,0.13438
7141.61,0.13464
7142.5,0.13461
7143.4,0.13381
7144.3,0.13371
7145.19,0.13404
7146.09,0.13369
7146.98,0.13343
7147.88,0.13371
7148.78,0.13369
7149.67,0.1341
7150.57,0.13392
7151.46,0.13449
7152.36,0.13476
7153.26,0.13518
7154.15,0.13571
7155.05,0.13584
7155.94,0.13662
7156.84,0.1358
7157.74,0.13608
7158.63,0.1364
7159.53,0.13668
7160.42,0.13555
7161.32,0.13584
7162.21,0.13554
7163.11,0.13558
7164.01,0.13557
7164.9,0.13506
7165.8,0.13523
7166.69,0.1356
7167.59,0.13641
7168.49,0.13614
7169.38,0.13633
7170.28,0.13736
7171.17,0.13766
7172.07,0.1381
7172.96,0.1388
7173.86,0.13899
7174.76,0.139
7175.65,0.13812
7176.55,0.1389
7177.44,0.13863
7178.34,0.13786
7179.24,0.13797
7180.13,0.13754
7181.03,0.1373
7181.92,0.137
7182.82,0.13643
7183.72,0.13624
7184.61,0.13563
7185.51,0.13544
7186.4,0.13556
7187.3,0.13469
7188.19,0.13523
7189.09,0.13472
7189.99,0.13414
7190.88,0.13473
7191.78,0.13416
7192.67,0.13491
7193.57,0.13486
7194.47,0.1352
7195.36,0.13563
7196.26,0.13572
7197.15,0.13612
7198.05,0.13613
7198.95,0.13582
7199.84,0.13603
7200.74,0.13685
7201.63,0.13645
7202.53,0.1368
7203.43,0.1362
7204.32,0.13615
7205.22,0.13619
7206.11,0.13598
7207.01,0.13554
7207.9,0.13593
7208.8,0.13558
7209.7,0.13506
7210.59,0.13584
7211.49,0.13611
7212.38,0.13627
7213.28,0.13706
7214.18,0.1367
7215.07,0.13733
7215.97,0.13785
7216.86,0.1384
7217.76,0.13876
7218.66,0.13919
7219.55,0.13892
7220.45,0.13965
7221.34,0.14
7222.24,0.13999
7223.13,0.14008
7224.03,0.14075
7224.93,0.14037
7225.82,0.14135
7226.72,0.14125
7227.61,0.14199
7228.51,0.14222
7229.41,0.14244
7230.3,0.14301
7231.2,0.14283
7232.09,0.14302
7232.99,0.14409
7233.89,0.14322
7234.78,0.14324
7235.68,0.14356
7236.57,0.14399
7237.47,0.14367
7238.36,0.14407
7239.26,0.14346
7240.16,0.14307
7241.05,0.14272
7241.95,0.14306
7242.84,0.14289
7243.74,0.14327
7244.64,0.14335
7245.53,0.14304
7246.43,0.14333
7247.32,0.14346
7248.22,0.14414
7249.12,0.14373
7250.01,0.14345
7250.91,0.1435
7251.8,0.14381
7252.7,0.1431
7253.6,0.14387
7254.49,0.1438
7255.39,0.1442
7256.28,0.14394
7257.18,0.14411
7258.07,0.14425
7258.97,0.14434
7259.87,0.14407
7260.76,0.14471
7261.66,0.14373
7262.55,0.14379
7263.45,0.14452
7264.35,0.14457
7265.24,0.1453
7266.14,0.14479
7267.03,0.14502
7267.93,0.14524
7268.83,0.14592
7269.72,0.14634
7270.62,0.14588
7271.51,0.14598
7272.41,0.14572
7273.3,0.14535
7274.2,0.14643
7275.1,0.14586
7275.99,0.14489
7276.89,0.14531
7277.78,0.14501
7278.68,0.14505
7279.58,0.1445
7280.47,0.14434
7281.37,0.1437
7282.26,0.14346
7283.16,0.14275
7284.06,0.14276
7284.95,0.14246
7285.85,0.14168
7286.74,0.14144
7287.64,0.14139
7288.53,0.14173
7289.43,0.14169
7290.33,0.14165
7291.22,0.14169
7292.12,0.14196
7293.01,0.14189
7293.91,0.14264
7294.81,0.14319
7295.7,0.14415
7296.6,0.14412
7297.49,0.14435
7298.39,0.14575
7299.29,0.14619
7300.18,0.14646
7301.08,0.14651
7301.97,0.14681
7302.87,0.14714
7303.76,0.14737
7304.66,0.14737
7305.56,0.14692
7306.45,0.14792
7307.35,0.14736
7308.24,0.14693
7309.14,0.14734
7310.04,0.1482
7310.93,0.14715
7311.83,0.14779
7312.72,0.1482
7313.62,0.14798
7314.52,0.14821
7315.41,0.14746
7316.31,0.14807
7317.2,0.14787
7318.1,0.14772
7318.99,0.14793
7319.89,0.14846
7320.79,0.14806
7321.68,0.14851
7322.58,0.14768
7323.47,0.148
7324.37,0.14784
7325.27,0.14756
7326.16,0.14706
7327.06,0.14753
7327.95,0.1476
7328.85,0.14777
7329.75,0.14803
7330.64,0.14812
7331.54,0.14813
7332.43,0.14905
7333.33,0.14958
7334.22,0.15068
7335.12,0.15107
7336.02,0.15104
7336.91,0.15184
7337.81,0.15195
7338.7,0.15263
7339.6,0.15319
7340.5,0.15252
7341.39,0.15277
7342.29,0.15342
7343.18,0.15282
7344.08,0.15291
7344.98,0.15285
7345.87,0.15218
7346.77,0.15185
7347.66,0.15183
7348.56,0.15131
7349.45,0.15055
7350.35,0.15048
7351.25,0.14978
7352.14,0.14986
7353.04,0.14922
7353.93,0.14904
7354.83,0.14874
7355.73,0.14856
7356.62,0.14909
7357.52,0.14853
7358.41,0.14784
7359.31,0.1483
7360.21,0.14779
7361.1,0.14858
7362.0,0.14897
7362.89,0.14905
7363.79,0.14895
7364.69,0.14936
7365.58,0.15026
7366.48,0.15031
7367.37,0.15131
7368.27,0.15151
7369.16,0.15231
7370.06,0.15287
7370.96,0.15379
7371.85,0.15398
7372.75,0.15436
7373.64,0.15539
7374.54,0.15564
7375.44,0.15596
7376.33,0.15554
7377.23,0.15638
7378.12,0.15525
7379.02,0.15592
7379.92,0.15594
7380.81,0.15482
7381.71,0.15435
7382.6,0.15447
7383.5,0.15349
7384.39,0.15357
7385.29,0.15257
7386.19,0.15154
7387.08,0.1514
7387.98,0.15091
7388.87,0.15102
7389.77,0.15069
7390.67,0.15038
7391.56,0.15034
7392.46,0.15083
7393.35,0.15137
7394.25,0.15188
7395.15,0.15193
7396.04,0.15245
7396.94,0.15321
7397.83,0.15375
7398.73,0.15396
7399.62,0.15442
7400.52,0.15436
7401.42,0.15433
7402.31,0.15473
7403.21,0.15525
7404.1,0.15469
7405.0,0.1549
7405.9,0.15483
7406.79,0.15466
7407.69,0.15423
7408.58,0.15396
7409.48,0.15312
7410.38,0.15249
7411.27,0.15219
7412.17,0.15135
7413.06,0.15037
7413.96,0.14948
7414.85,0.14941
7415.75,0.14807
7416.65,0.148
7417.54,0.14833
7418.44,0.14805
7419.33,0.14755
7420.23,0.14812
7421.13,0.14878
7422.02,0.14973
7422.92,0.14965
7423.81,0.15098
7424.71,0.15153
7425.6,0.15178
7426.5,0.15344
7427.4,0.15367
7428.29,0.15482
7429.19,0.15504
7431.68,0.15677
7434.18,0.15707
7436.67,0.15737
7439.17,0.15699
7441.66,0.15645
7444.16,0.1563
7446.66,0.15678
7449.15,0.15718
7451.65,0.15729
7454.14,0.15824
7456.64,0.1593
7459.13,0.15768
7461.63,0.15764
7464.12,0.15752
7466.62,0.15761
7469.11,0.1579
7471.61,0.15875
7474.1,0.15862
7476.6,0.15845
7479.09,0.15829
7481.59,0.15862
7484.08,0.15837
7486.58,0.15849
7489.07,0.15855
7491.57,0.15727
7494.06,0.15631
7496.56,0.15682
7499.05,0.1571
7501.55,0.15791
7504.04,0.1595
7506.54,0.15947
7509.03,0.15934
7511.53,0.15904
7514.02,0.15939
7516.52,0.16055
7519.01,0.16148
7521.51,0.16178
7524.0,0.1611
7526.5,0.16079
7528.99,0.16134
7531.49,0.16114
7533.99,0.16204
7536.48,0.16293
7538.98,0.16324
7541.47,0.16291
7543.97,0.16303
7546.46,0.16298
7548.96,0.16257
7551.45,0.16275
7553.95,0.16261
7556.44,0.16226
7558.94,0.16226
7561.43,0.16269
7563.93,0.16223
7566.42,0.1627
7568.92,0.16227
7571.41,0.16201
7573.91,0.16186
7576.4,0.16194
7578.9,0.16196
7581.39,0.16114
7583.89,0.15938
7586.38,0.15649
7588.88,0.15437
7591.37,0.15265
7593.87,0.15147
7596.36,0.15066
7598.86,0.15012
7601.35,0.14933
7603.85,0.14853
7606.34,0.1486
7608.84,0.14866
7611.33,0.14885
7613.83,0.1488
7616.33,0.14866
7618.82,0.14837
7621.32,0.14865
7623.81,0.14922
7626.31,0.14934
7628.8,0.14981
7631.3,0.14966
7633.79,0.14874
7636.29,0.14875
7638.78,0.14875
7641.28,0.14915
7643.77,0.1494
7646.27,0.14941
7648.76,0.14902
7651.26,0.14748
7653.75,0.14622
7656.25,0.14364
7658.74,0.14155
7661.24,0.13954
7663.73,0.13745
7666.23,0.13662
7668.72,0.13741
7671.22,0.13934
7673.71,0.14091
7676.21,0.14218
7678.7,0.14304
7681.2,0.14306
7683.69,0.1434
7686.19,0.14362
7688.69,0.14342
7691.18,0.14288
7693.68,0.1424
7696.17,0.14183
7698.67,0.14137
7701.16,0.14137
7703.66,0.14174
7706.15,0.14192
7708.65,0.14195
7711.14,0.14061
7713.64,0.13976
7716.13,0.13945
7718.63,0.13977
7721.12,0.14087
7723.62,0.14188
7726.11,0.14296
7728.61,0.14325
7731.1,0.14483
7733.6,0.14561
7736.09,0.14662
7738.59,0.14676
7741.08,0.14612
7743.58,0.14453
7746.07,0.14256
7748.57,0.14115
7751.06,0.1403
7753.56,0.1412
7756.05,0.14235
7758.55,0.14371
7761.04,0.14441
7763.54,0.14516
7766.03,0.146
7768.53,0.14659
7771.03,0.14757
7773.52,0.14836
7776.02,0.14765
7778.51,0.14749
7781.01,0.14683
7783.5,0.14578
7786.0,0.14496
7788.49,0.14487
7790.99,0.14409
7793.48,0.1443
7795.98,0.14509
7798.47,0.14505
7800.97,0.14498
7803.46,0.14534
7805.96,0.14561
7808.45,0.14595
7810.95,0.14641
7813.44,0.14713
7815.94,0.14743
7818.43,0.14853
7820.93,0.14835
7823.42,0.14834
7825.92,0.14766
7828.41,0.14614
7830.91,0.14444
7833.4,0.14331
7835.9,0.14208
7838.39,0.14189
7840.89,0.14283
7843.38,0.1442
7845.88,0.14493
7848.38,0.14473
7850.87,0.14453
7853.37,0.1449
7855.86,0.14504
7858.36,0.14544
7860.85,0.14564
7863.35,0.14608
7865.84,0.14616
7868.34,0.14611
7870.83,0.14514
7873.33,0.14504
7875.82,0.1445
7878.32,0.14382
7880.81,0.14384
7883.31,0.14403
7885.8,0.14429
7888.3,0.14506
7890.79,0.14499
7893.29,0.14474
7895.78,0.1439
7898.28,0.14336
7900.77,0.14278
7903.27,0.14246
7905.76,0.14233
7908.26,0.14128
7910.75,0.14035
7913.25,0.13902
7915.74,0.13818
7918.24,0.13843
7920.73,0.13853
7923.23,0.13957
7925.73,0.13984
7928.22,0.14021
7930.71,0.14035
7933.21,0.13994
7935.71,0.13901
7938.2,0.13819
7940.7,0.13768
7943.19,0.13717
7945.69,0.13682
7948.18,0.13759
7950.68,0.13906
7953.17,0.14035
7955.67,0.14156
7958.16,0.14255
7960.66,0.14281
7963.15,0.1436
7965.65,0.1442
7968.14,0.14463
7970.64,0.14528
7973.13,0.14574
7975.63,0.14534
7978.12,0.14539
7980.62,0.14498
7983.11,0.14459
7985.61,0.14404
7988.1,0.14399
7990.6,0.14352
7993.09,0.14315
7995.59,0.14297
7998.08,0.14252
8000.58,0.14243
8003.07,0.14347
8005.57,0.14466
8008.06,0.14588
8010.56,0.14651
8013.06,0.14798
8015.55,0.14842
8018.05,0.14857
8020.54,0.14806
8023.04,0.14693
8025.53,0.14574
8028.03,0.14502
8030.52,0.1451
8033.02,0.14634
8035.51,0.148
8038.01,0.14955
8040.5,0.14911
8043.0,0.1482
8045.49,0.14709
8047.99,0.14577
8050.48,0.14578
8052.98,0.14626
8055.47,0.14759
8057.97,0.14866
8060.46,0.14934
8062.96,0.14924
8065.45,0.14875
8067.95,0.14726
8070.44,0.14616
8072.94,0.1457
8075.43,0.14542
8077.93,0.14571
8080.42,0.14639
8082.92,0.14666
8085.41,0.14689
8087.91,0.1463
8090.4,0.14564
8092.9,0.14502
8095.4,0.14476
8097.89,0.14448
8100.39,0.14506
8102.88,0.14577
8105.38,0.14647
8107.87,0.14677
8110.37,0.14693
8112.86,0.14677
8115.36,0.14661
8117.85,0.1467
8120.35,0.14743
8122.84,0.14818
8125.34,0.14904
8127.83,0.14958
8130.33,0.14987
8132.82,0.1505
8135.32,0.15075
8137.81,0.1508
8140.31,0.15127
8142.8,0.15104
8145.3,0.1506
8147.79,0.15111
8150.29,0.1514
8152.78,0.15169
8155.28,0.15174
8157.77,0.15199
8160.27,0.15158
8162.76,0.15175
8165.26,0.15129
8167.75,0.15146
8170.25,0.15241
8172.75,0.1525
8175.24,0.15278
8177.74,0.15215
8180.23,0.15082
8182.73,0.14913
8185.22,0.14764
8187.72,0.14699
8190.21,0.14703
8192.71,0.14634
8195.2,0.14494
8197.7,0.14348
8200.19,0.14321
8202.69,0.14262
8205.18,0.14322
8207.68,0.14368
8210.17,0.14344
8212.67,0.1441
8215.16,0.14436
8217.66,0.14522
8220.15,0.14565
8222.65,0.14688
8225.14,0.14796
8227.64,0.14893
8230.13,0.14952
8232.63,0.14973
8235.12,0.14944
8237.62,0.1493
8240.11,0.1499
8242.61,0.14954
8245.1,0.14978
8247.6,0.14963
8250.1,0.14925
8252.59,0.14838
8255.08,0.14787
8257.58,0.14838
8260.08,0.14889
8262.57,0.14979
8265.07,0.14947
8267.56,0.15007
8270.06,0.14916
8272.55,0.14832
8275.05,0.14764
8277.54,0.14716
8280.04,0.14706
8282.53,0.14725
8285.03,0.14687
8287.52,0.14611
8290.02,0.14562
8292.51,0.14469
8295.01,0.14431
8297.5,0.14367
8300.0,0.14337
8302.49,0.14251
8304.99,0.14158
8307.48,0.14062
8309.98,0.14053
8312.47,0.14124
8314.97,0.1421
8317.46,0.14297
8319.96,0.14365
8322.46,0.14363
8324.95,0.14229
8327.44,0.14128
8329.94,0.14024
8332.43,0.13975
8334.93,0.1396
8337.43,0.14005
8339.92,0.13992
8342.42,0.14037
8344.91,0.14074
8347.41,0.14016
8349.9,0.14034
8352.4,0.14102
8354.89,0.14168
8357.39,0.14195
8359.88,0.14229
8362.38,0.1419
8364.87,0.14224
8367.37,0.14211
8369.86,0.14279
8372.36,0.14328
8374.85,0.14307
8377.35,0.14232
8379.84,0.14109
8382.34,0.13991
8384.83,0.13838
8387.33,0.13751
8389.82,0.13776
8392.32,0.13912
8394.81,0.14085
8397.31,0.14213
8399.8,0.14302
8402.3,0.144
8404.79,0.14433
8407.29,0.14488
8409.79,0.1447
8412.28,0.14423
8414.78,0.14351
8417.27,0.14245
8419.77,0.14219
8422.26,0.1413
8424.76,0.14009
8427.25,0.13953
8429.75,0.13909
8432.24,0.13818
8434.74,0.13693
8437.23,0.13598
8439.73,0.13507
8442.22,0.13542
8444.72,0.13649
8447.21,0.13718
8449.71,0.13721
8452.2,0.13733
8454.7,0.1368
8457.19,0.1367
8459.69,0.13599
8462.18,0.13553
8464.68,0.13469
8467.17,0.13375
8469.67,0.13306
8472.16,0.13338
8474.66,0.13426
8477.15,0.13489
8479.65,0.13608
8482.14,0.13625
8484.64,0.1364
8487.13,0.13646
8489.63,0.13541
8492.12,0.13314
8494.62,0.13002
8497.12,0.12576
8499.61,0.12312
8502.11,0.12332
8504.6,0.12545
8507.1,0.12859
8509.59,0.13123
8512.09,0.13185
8514.58,0.13166
8517.08,0.13102
8519.57,0.13055
8522.07,0.13104
8524.56,0.13137
8527.06,0.13181
8529.55,0.13134
8532.05,0.13018
8534.54,0.12654
8537.04,0.12097
8539.53,0.11465
8542.03,0.10885
8544.52,0.10683
8547.02,0.10887
8549.51,0.11448
8552.01,0.12166
8554.5,0.1273
8557.0,0.13131
8559.49,0.13355
8561.99,0.13457
8564.48,0.13552
8566.98,0.13559
8569.47,0.13582
8571.97,0.13596
8574.47,0.13624
8576.96,0.13652
8579.46,0.13676
8581.95,0.13673
8584.45,0.1366
8586.94,0.13701
8589.44,0.13732
8591.93,0.13757
8594.43,0.13712
8596.92,0.13705
8599.42,0.13722
8601.91,0.13714
8604.41,0.13738
8606.9,0.13727
8609.4,0.1371
8611.89,0.13675
8614.39,0.13703
8616.88,0.13729
8619.38,0.1377
8621.87,0.13793
8624.37,0.1384
8626.86,0.13912
8629.36,0.13929
8631.85,0.13969
8634.35,0.14017
8636.84,0.14056
8639.34,0.14072
8641.83,0.14126
8644.33,0.14081
8646.83,0.13982
8649.32,0.13899
8651.82,0.1369
8654.31,0.13423
8656.8,0.12953
8659.3,0.12342
8661.8,0.11813
8664.29,0.11548
8666.79,0.11658
8669.28,0.12084
8671.78,0.12573
8674.27,0.13033
8676.77,0.13312
8679.26,0.13492
8681.76,0.13553
8684.25,0.13564
8686.75,0.13543
8689.24,0.13461
8691.74,0.13454
8694.23,0.13528
8696.73,0.13665
8699.22,0.13741
8701.72,0.13802
8704.21,0.13849
8706.71,0.13861
8709.2,0.13896
8711.7,0.13889
8714.19,0.13919
8716.69,0.13983
8719.18,0.14066
8721.68,0.14167
8724.17,0.14215
8726.67,0.14298
8729.17,0.14294
8731.66,0.1425
8734.16,0.14189
8736.65,0.14141
8739.15,0.14147
8741.64,0.14161
8744.14,0.14182
8746.63,0.14172
8749.13,0.14198
8751.62,0.14179
8754.12,0.14238
8756.61,0.14207
8759.11,0.14288
8761.6,0.14261
8764.1,0.14291
8766.59,0.1429
8769.09,0.1425
8771.58,0.14248
8774.08,0.1425
8776.57,0.14258
8779.07,0.14322
8781.56,0.14433
8784.06,0.14516
8786.55,0.14535
8789.05,0.14533
8791.54,0.14454
8794.04,0.14406
8796.53,0.14356
8799.03,0.14256
8801.52,0.14105
8804.02,0.13962
8806.51,0.13801
8809.01,0.13735
8811.5,0.13878
8814.0,0.14101
8816.5,0.14298
8818.99,0.14432
8821.49,0.14415
8823.98,0.14368
8826.48,0.1438
8828.97,0.14453
8831.47,0.14572
8833.96,0.14645
8836.46,0.14733
8838.95,0.14694
8841.45,0.14777
8843.94,0.14809
8846.44,0.14881
8848.93,0.14965
8851.43,0.14985
8853.92,0.14948
8856.42,0.14757
8858.91,0.14489
8861.41,0.14224
8863.9,0.13898
8866.4,0.13653
8868.89,0.13492
8871.39,0.13494
8873.88,0.13515
8876.38,0.13568
8878.87,0.13586
8881.37,0.13596
8883.87,0.13694
8886.36,0.13708
8888.86,0.1376
8891.35,0.13775
8893.84,0.13757
8896.34,0.13829
8898.84,0.13814
8901.33,0.1384
8903.83,0.13847
8906.32,0.13845
8908.82,0.13842
8911.31,0.13864
8913.81,0.13851
8916.3,0.13744
8918.8,0.13728
8921.29,0.13701
8923.79,0.13684
8926.28,0.13675
8928.78,0.137
8931.27,0.13689
8933.77,0.13702
8936.26,0.13702
8938.76,0.13643
8941.25,0.13574
8943.75,0.13465
8946.24,0.13453
8948.74,0.13386
8951.23,0.13467
8953.73,0.13565
8956.22,0.1366
8958.72,0.13746
8961.21,0.13782
8963.71,0.13789
8966.2,0.13792
8968.7,0.13666
8971.2,0.1369
8973.69,0.137
8976.19,0.13715
8978.68,0.13764
8981.18,0.13833
8983.67,0.13856
8986.17,0.13954
8988.66,0.13958
8991.16,0.13976
8993.65,0.14013
8996.15,0.13987
8998.64,0.13933
9001.14,0.13921
9003.63,0.13869
9006.13,0.13796
9008.62,0.13641
9011.12,0.13494
9013.61,0.13333
9016.11,0.13244
9018.6,0.13283
9021.1,0.13297
9023.59,0.13396
9026.09,0.13537
9028.58,0.13624
9031.08,0.13795
9033.57,0.13894
9036.07,0.13979
9038.56,0.14029
9041.06,0.1411
9043.55,0.14131
9046.05,0.14166
9048.54,0.14224
9051.04,0.14201
9053.54,0.14202
9056.03,0.1417
9058.53,0.14191
9061.02,0.14179
9063.52,0.14194
9066.01,0.14144
9068.51,0.1418
9071.0,0.14211
9073.5,0.14191
9075.99,0.14169
9078.49,0.14085
9080.98,0.14024
9083.48,0.13892
9085.97,0.13766
9088.47,0.13677
9090.96,0.13613
9093.46,0.13636
9095.95,0.13749
9098.45,0.13857
9100.94,0.13952
9103.44,0.14017
9105.93,0.14011
9108.43,0.13964
9110.92,0.13932
9113.42,0.13916
9115.91,0.13883
9118.41,0.13905
9120.9,0.13966
9123.4,0.13975
9125.89,0.1415
9128.39,0.14151
9130.88,0.1422
9133.38,0.14222
9135.88,0.14122
9138.37,0.1397
9140.87,0.13859
9143.36,0.13702
9145.86,0.13613
9148.35,0.13602
9150.85,0.13618
9153.34,0.13697
9155.84,0.13718
9158.33,0.13756
9160.83,0.13786
9163.32,0.13686
9165.82,0.13555
9168.31,0.1344
9170.81,0.13316
9173.3,0.13223
9175.8,0.13231
9178.29,0.1333
9180.79,0.13434
9183.28,0.13557
9185.78,0.13604
9188.27,0.13611
9190.77,0.13615
9193.26,0.13588
9195.76,0.13553
9198.25,0.13514
9200.75,0.13497
9203.24,0.13455
9205.74,0.13431
9208.24,0.1332
9210.73,0.13243
9213.23,0.13195
9215.72,0.1317
9218.22,0.13174
9220.71,0.13217
9223.21,0.13204
9225.7,0.1319
9228.2,0.1315
9230.69,0.13165
9233.19,0.13134
9235.68,0.13117
9238.18,0.13122
9240.67,0.13172
9243.17,0.1312
9245.66,0.13096
9248.16,0.13074
9250.65,0.13038
9253.15,0.13019
9255.64,0.13039
9258.14,0.13044
9260.63,0.13081
9263.13,0.13161
9265.62,0.13292
9268.12,0.13398
9270.61,0.13454
9273.11,0.13413
9275.6,0.13385
9278.1,0.13299
9280.59,0.13212
9283.09,0.13143
9285.58,0.1307
9288.08,0.13028
9290.58,0.12943
9293.07,0.12933
9295.57,0.1288
9298.06,0.12917
9300.56,0.12919
9303.05,0.13005
9305.55,0.12997
9308.04,0.13025
9310.54,0.13007
9313.03,0.13004
9315.53,0.12954
9318.02,0.12996
9320.52,0.12981
9323.01,0.13001
9325.51,0.13012
9328.0,0.13056
9330.5,0.13076
9332.99,0.13117
9335.49,0.13136
9337.98,0.13146
9340.48,0.1315
9342.97,0.13138
9345.47,0.13091
9347.96,0.12998
9350.46,0.12945
9352.95,0.12863
9355.45,0.1278
9357.94,0.12708
9360.44,0.12695
9362.93,0.1265
9365.43,0.12694
9367.92,0.12705
9370.42,0.12741
9372.92,0.12765
9375.41,0.12747
9377.91,0.12758
9380.4,0.12748
9382.9,0.12713
9385.39,0.12694
9387.89,0.12646
9390.38,0.12679
9392.88,0.12683
9395.37,0.12706
9397.87,0.12677
9400.36,0.12656
9402.86,0.12572
9405.35,0.12574
9407.85,0.12458
9410.34,0.12381
9412.84,0.12281
9415.33,0.12266
9417.83,0.12293
9420.32,0.12355
9422.82,0.12455
9425.31,0.12565
9427.81,0.12602
9430.3,0.12624
9432.8,0.12569
9435.29,0.12516
9437.79,0.12455
9440.28,0.12452
9442.78,0.12428
9445.27,0.12396
9447.77,0.12384
9450.27,0.12434
9452.76,0.12499
9455.25,0.1253
9457.75,0.12583
9460.25,0.12622
9462.74,0.12698
9465.24,0.1275
9467.73,0.12811
9470.23,0.12842
9472.72,0.1286
9475.22,0.12895
9477.71,0.12913
9480.21,0.12921
9482.7,0.12899
9485.2,0.12943
9487.69,0.12984
9490.19,0.13021
9492.68,0.13031
9495.18,0.13024
9497.67,0.13057
9500.17,0.13056
9502.66,0.13048
9505.16,0.1306
9507.65,0.13075
9510.15,0.13084
9512.64,0.13095
9515.14,0.13102
9517.63,0.13132
9520.13,0.13205
9522.62,0.13268
9525.12,0.13292
9527.61,0.13263
9530.11,0.13277
9532.61,0.13274
9535.1,0.13283
9537.6,0.13212
9540.09,0.13181
9542.59,0.13098
9545.08,0.13043
9547.58,0.13026
9550.07,0.13029
9552.57,0.13083
9555.06,0.13177
9557.56,0.13268
9560.05,0.13353
9562.55,0.13388
9565.04,0.13379
9567.54,0.13312
9570.03,0.13228
9572.53,0.13156
9575.02,0.13156
9577.52,0.13126
9580.01,0.1321
9582.51,0.13208
9585.0,0.13251
9587.5,0.13328
9589.99,0.13323
9592.49,0.13324
9594.98,0.13284
9597.48,0.1324
9599.97,0.13179
9602.47,0.13119
9604.96,0.13085
9607.46,0.1316
9609.96,0.13217
9612.45,0.13277
9614.95,0.13296
9617.44,0.13341
9619.94,0.13326
9622.43,0.13312
9624.93,0.1326
9627.42,0.13264
9629.92,0.13212
9632.41,0.13228
9634.91,0.13139
9637.4,0.13073
9639.9,0.1302
9642.39,0.12996
9644.89,0.12987
9647.38,0.13009
9649.88,0.12993
9652.37,0.12984
9654.87,0.12941
9657.36,0.12979
9659.86,0.12964
9662.35,0.12982
9664.85,0.12956
9667.34,0.12974
9669.84,0.12945
9672.33,0.12943
9674.83,0.12923
9677.32,0.1291
9679.82,0.12962
9682.31,0.12997
9684.81,0.13046
9687.3,0.13067
9689.8,0.13011
9692.29,0.13018
9694.79,0.13025
9697.29,0.13043
9699.78,0.1307
9702.28,0.13009
9704.77,0.13046
9707.27,0.13015
9709.76,0.13043
9712.26,0.1309
9714.75,0.13136
9717.25,0.13184
9719.74,0.13099
9722.24,0.13013
9724.73,0.1292
9727.23,0.12784
9729.72,0.12672
9732.22,0.12588
9734.71,0.12548
9737.21,0.12472
9739.7,0.12474
9742.2,0.12429
9744.69,0.12439
9747.19,0.12492
9749.68,0.12528
9752.18,0.12632
9754.67,0.12708
9757.17,0.12769
9759.66,0.128
9762.16,0.12789
9764.65,0.12761
9767.15,0.12717
9769.64,0.12677
9772.14,0.12657
9774.64,0.12696
9777.13,0.12683
9779.63,0.12677
9782.12,0.12592
9784.62,0.12518
9787.11,0.12478
9789.61,0.12496
9792.1,0.12603
9794.6,0.12718
9797.09,0.12846
9799.59,0.12889
9802.08,0.12984
9804.58,0.1299
9807.07,0.12999
9809.57,0.12958
9812.06,0.12898
9814.56,0.12886
9817.05,0.12881
9819.55,0.1285
9822.04,0.12865
9824.54,0.12841
9827.03,0.1282
9829.53,0.12758
9832.02,0.12754
9834.52,0.12744
9837.01,0.12773
9839.51,0.12823
9842.0,0.12861
9844.5,0.12895
9847.0,0.12947
9849.49,0.12928
9851.99,0.12908
9854.48,0.12946
9856.98,0.12936
9859.47,0.12967
9861.97,0.12973
9864.46,0.12971
9866.96,0.12951
9869.45,0.1296
9871.95,0.12991
9874.44,0.13006
9876.94,0.13018
9879.43,0.13036
9881.93,0.13052
9884.42,0.12993
9886.92,0.12986
9889.41,0.12945
9891.91,0.12895
9894.4,0.12838
9896.9,0.12801
9899.39,0.12683
9901.89,0.12688
9904.38,0.12611
9906.88,0.12595
9909.37,0.12586
9911.87,0.12581
9914.36,0.1255
9916.86,0.12554
9919.35,0.12549
9921.85,0.12545
9924.34,0.12513
9926.84,0.12518
9929.33,0.1254
9931.83,0.12566
9934.33,0.12603
9936.82,0.12641
9939.32,0.12691
9941.81,0.12692
9944.31,0.12694
9946.8,0.12706
9949.3,0.12753
9951.79,0.12729
9954.29,0.12762
9956.78,0.1281
9959.28,0.12833
9961.77,0.12888
9964.27,0.12881
9966.76,0.12901
9969.26,0.12945
9971.75,0.1294
9974.25,0.12929
9976.74,0.1291
9979.24,0.12883
9981.73,0.12855
9984.23,0.12827
9986.72,0.12787
9989.22,0.1279
9991.71,0.12759
9994.21,0.12728
9996.7,0.12751
9999.2,0.12679
10001.7,0.12711
10004.2,0.12694
10006.7,0.12707
10009.2,0.12726
10011.7,0.1276
10014.2,0.1282
10016.7,0.12866
10019.2,0.12923
10021.7,0.12914
10024.2,0.1295
10026.6,0.12932
10029.1,0.12903
10031.6,0.12836
10034.1,0.12801
10036.6,0.12708
10039.1,0.12708
10041.6,0.12722
10044.1,0.12763
10046.6,0.12685
10049.1,0.12698
10051.6,0.12655
10054.1,0.12629
10056.6,0.12564
10059.1,0.12588
10061.6,0.12587
10064.1,0.12634
10066.6,0.1269
10069.1,0.12716
10071.6,0.1275
10074.1,0.12787
10076.5,0.12814
10079.0,0.1277
10081.5,0.12801
10084.0,0.12786
10086.5,0.12815
10089.0,0.12835
10091.5,0.12876
10094.0,0.12943
10096.5,0.12999
10099.0,0.13049
10101.5,0.13077
10104.0,0.13078
10106.5,0.13041
10109.0,0.13022
10111.5,0.12983
10114.0,0.12964
10116.5,0.12941
10119.0,0.12951
10121.5,0.12926
10124.0,0.12967
10126.5,0.12964
10128.9,0.12959
10131.4,0.12935
10133.9,0.12934
10136.4,0.12848
10138.9,0.12833
10141.4,0.12793
10143.9,0.12717
10146.4,0.12691
10148.9,0.12672
10151.4,0.12705
10153.9,0.12749
10156.4,0.12758
10158.9,0.12778
10161.4,0.12799
10163.9,0.12796
10166.4,0.12797
10168.9,0.12787
10171.4,0.12818
10173.9,0.12781
10176.4,0.1282
10178.9,0.12831
10181.3,0.12847
10183.8,0.12818
10186.3,0.12822
10188.8,0.12786
10191.3,0.12721
10193.8,0.12755
10196.3,0.12707
10198.8,0.12727
10201.3,0.12765
10203.8,0.1276
10206.3,0.12845
10208.8,0.12806
10211.3,0.12788
10213.8,0.1274
10216.3,0.12734
10218.8,0.1268
10221.3,0.127
10223.8,0.1274
10226.3,0.12719
10228.8,0.12761
10231.2,0.1279
10233.7,0.12841
10236.2,0.12871
10238.7,0.12887
10241.2,0.12922
10243.7,0.129
10246.2,0.12922
10248.7,0.12849
10251.2,0.12843
10253.7,0.12817
10256.2,0.12779
10258.7,0.1276
10261.2,0.12698
10263.7,0.12686
10266.2,0.12692
10268.7,0.12677
10271.2,0.12738
10273.7,0.12679
10276.2,0.1275
10278.7,0.12747
10281.2,0.1274
10283.6,0.12767
10286.1,0.12729
10288.6,0.12727
10291.1,0.1275
10293.6,0.12787
10296.1,0.12742
10298.6,0.12727
10301.1,0.1275
10303.6,0.12775
10306.1,0.12756
10308.6,0.12784
10311.1,0.12796
10313.6,0.12828
10316.1,0.12822
10318.6,0.1279
10321.1,0.12777
10323.6,0.1273
10326.1,0.12635
10328.6,0.12597
10331.1,0.12534
10333.5,0.12506
10336.0,0.12496
10338.5,0.12474
10341.0,0.12421
10343.5,0.12393
10346.0,0.12383
10348.5,0.12416
10351.0,0.12474
10353.5,0.12574
10356.0,0.12643
10358.5,0.12714
10361.0,0.12793
10363.5,0.12796
10366.0,0.12772
10368.5,0.12742
10371.0,0.1269
10373.5,0.12626
10376.0,0.12608
10378.5,0.12597
10381.0,0.12613
10383.5,0.12634
10385.9,0.12629
10388.4,0.1263
10390.9,0.12616
10393.4,0.12553
10395.9,0.12486
10398.4,0.1249
10400.9,0.1248
10403.4,0.12535
10405.9,0.12569
10408.4,0.12655
10410.9,0.12717
10413.4,0.12747
10415.9,0.12766
10418.4,0.12743
10420.9,0.12698
10423.4,0.12667
10425.9,0.12617
10428.4,0.12615
10430.9,0.12687
10433.4,0.12664
10435.9,0.12738
10438.3,0.1277
10440.8,0.12778
10443.3,0.12812
10445.8,0.12817
10448.3,0.12819
10450.8,0.1281
10453.3,0.12762
10455.8,0.12735
10458.3,0.12699
10460.8,0.12664
10463.3,0.12604
10465.8,0.12594
10468.3,0.12588
10470.8,0.12594
10473.3,0.1256
10475.8,0.12581
10478.3,0.12591
10480.8,0.12625
10483.3,0.12615
10485.8,0.12624
10488.2,0.12616
10490.7,0.12589
10493.2,0.12532
10495.7,0.12539
10498.2,0.12493
10500.7,0.12487
10503.2,0.12499
10505.7,0.12535
10508.2,0.12558
10510.7,0.1255
10513.2,0.12552
10515.7,0.12514
10518.2,0.12549
10520.7,0.1257
10523.2,0.12593
10525.7,0.12562
10528.2,0.12543
10530.7,0.12528
10533.2,0.12537
10535.7,0.12498
10538.2,0.12505
10540.6,0.12519
10543.1,0.12563
10545.6,0.12521
10548.1,0.12515
10550.6,0.12504
10553.1,0.12508
10555.6,0.12499
10558.1,0.12467
10560.6,0.12464
10563.1,0.12474
10565.6,0.12473
10568.1,0.12458
10570.6,0.12485
10573.1,0.1245
10575.6,0.12389
10578.1,0.12335
10580.6,0.12281
10583.1,0.12181
10585.6,0.1214
10588.1,0.12086
10590.6,0.12178
10593.0,0.12258
10595.5,0.12322
10598.0,0.12365
10600.5,0.12384
10603.0,0.12281
10605.5,0.12281
10608.0,0.12211
10610.5,0.12259
10613.0,0.12291
10615.5,0.12293
10618.0,0.12365
10620.5,0.124
10623.0,0.12412
10625.5,0.1245
10628.0,0.12463
10630.5,0.12511
10633.0,0.12482
10635.5,0.12554
10638.0,0.12547
10640.5,0.12558
10642.9,0.12544
10645.4,0.12515
10647.9,0.12479
10650.4,0.12428
10652.9,0.1238
10655.4,0.12317
10657.9,0.12252
10660.4,0.12199
10662.9,0.12079
10665.4,0.12108
10667.9,0.12132
10670.4,0.12166
10672.9,0.12218
10675.4,0.12262
10677.9,0.1228
10680.4,0.12312
10682.9,0.12291
10685.4,0.12292
10687.9,0.12216
10690.4,0.12195
10692.9,0.12181
10695.3,0.12193
10697.8,0.12245
10700.3,0.12289
10702.8,0.12345
10705.3,0.12414
10707.8,0.12445
10710.3,0.12456
10712.8,0.12478
10715.3,0.12428
10717.8,0.12435
10720.3,0.12383
10722.8,0.12298
10725.3,0.12232
10727.8,0.12112
10730.3,0.12101
10732.8,0.12085
10735.3,0.12126
10737.8,0.12178
10740.3,0.12219
10742.8,0.12275
10745.3,0.12254
10747.7,0.12211
10750.2,0.12213
10752.7,0.12172
10755.2,0.12196
10757.7,0.12232
10760.2,0.12314
10762.7,0.12361
10765.2,0.12394
10767.7,0.12397
10770.2,0.12383
10772.7,0.12311
10775.2,0.12275
10777.7,0.12187
10780.2,0.12107
10782.7,0.12025
10785.2,0.11969
10787.7,0.11977
10790.2,0.12011
10792.7,0.12035
10795.2,0.12104
10797.6,0.12143
10800.1,0.12178
10802.6,0.1222
10805.1,0.12183
10807.6,0.12137
10810.1,0.12031
10812.6,0.11977
10815.1,0.11943
10817.6,0.11867
10820.1,0.11821
10822.6,0.11776
10825.1,0.11807
10827.6,0.11744
10830.1,0.11757
10832.6,0.11813
10835.1,0.11838
10837.6,0.1192
10840.1,0.11998
10842.6,0.12055
10845.1,0.12077
10847.6,0.12106
10850.0,0.12129
10852.5,0.12164
10855.0,0.12203
10857.5,0.12199
10860.0,0.1218
10862.5,0.12103
10865.0,0.11998
10867.5,0.11806
10870.0,0.11722
10872.5,0.11591
10875.0,0.11584
10877.5,0.1161
10880.0,0.11597
10882.5,0.11645
10885.0,0.11656
10887.5,0.11732
10890.0,0.11758
10892.5,0.11791
10895.0,0.11849
10897.5,0.11914
10900.0,0.11948
10902.4,0.12005
10904.9,0.12015
10907.4,0.12035
10909.9,0.12039
10912.4,0.12062
10914.9,0.12019
10917.4,0.1198
10919.9,0.11954
10922.4,0.11866
10924.9,0.11782
10927.4,0.11676
10929.9,0.1162
10932.4,0.11596
10934.9,0.11585
10937.4,0.11561
10939.9,0.11634
10942.4,0.11693
10944.9,0.11668
10947.4,0.11678
10949.9,0.11682
10952.3,0.1166
10954.8,0.11593
10957.3,0.11533
10959.8,0.11395
10962.3,0.11281
10964.8,0.11158
10967.3,0.11059
10969.8,0.10975
10972.3,0.10956
10974.8,0.10969
10977.3,0.11022
10979.8,0.11032
10982.3,0.11043
10984.8,0.11086
10987.3,0.11118
10989.8,0.11134
10992.3,0.11122
10994.8,0.11128
10997.3,0.11099
10999.8,0.11115
