wave,flux
3700.85,0.7194
3701.75,0.71355
3702.65,0.69648
3703.55,0.67378
3704.45,0.65093
3705.35,0.63679
3706.25,0.63324
3707.15,0.63782
3708.05,0.64398
3708.96,0.65281
3709.86,0.65445
3710.76,0.65427
3711.66,0.65703
3712.56,0.66888
3713.46,0.68696
3714.36,0.70453
3715.26,0.7325
3716.16,0.74963
3717.06,0.75638
3717.96,0.74744
3718.86,0.72236
3719.76,0.68787
3720.66,0.65036
3721.56,0.61686
3722.46,0.60517
3723.36,0.61438
3724.26,0.64099
3725.16,0.67851
3726.06,0.71066
3726.96,0.7386
3727.86,0.75702
3728.76,0.76316
3729.66,0.76053
3730.56,0.74648
3731.46,0.71539
3732.36,0.67559
3733.26,0.63113
3734.16,0.59389
3735.06,0.57056
3735.96,0.56655
3736.86,0.58643
3737.76,0.62096
3738.66,0.67351
3739.56,0.7219
3740.46,0.76408
3741.36,0.79385
3742.26,0.81089
3743.16,0.8024
3744.06,0.79098
3744.96,0.76562
3745.86,0.73454
3746.76,0.69333
3747.67,0.65424
3748.57,0.61324
3749.47,0.58187
3750.37,0.57105
3751.27,0.58353
3752.17,0.6178
3753.07,0.66317
3753.97,0.71609
3754.87,0.76443
3755.77,0.80188
3756.67,0.82372
3757.57,0.83478
3758.47,0.83103
3759.37,0.83178
3760.27,0.83252
3761.17,0.83823
3762.07,0.84717
3762.97,0.85418
3763.87,0.85741
3764.77,0.84804
3765.67,0.82757
3766.57,0.80846
3767.47,0.77384
3768.37,0.73456
3769.27,0.6955
3770.17,0.66804
3771.07,0.65639
3771.97,0.65809
3772.87,0.68374
3773.77,0.71727
3774.67,0.75701
3775.57,0.79891
3776.47,0.83816
3777.37,0.87683
3778.27,0.91488
3779.17,0.9436
3780.07,0.97271
3780.97,0.99869
3781.87,1.0194
3782.77,1.0324
3783.67,1.0321
3784.57,1.0343
3785.47,1.0191
3786.38,0.99902
3787.28,0.98376
3788.18,0.95887
3789.08,0.9414
3789.98,0.92607
3790.88,0.90365
3791.78,0.88168
3792.68,0.85213
3793.58,0.81372
3794.48,0.77011
3795.38,0.72337
3796.28,0.67804
3797.18,0.64047
3798.08,0.6191
3798.98,0.6114
3799.88,0.63484
3800.78,0.67104
3801.68,0.72761
3802.58,0.7864
3803.48,0.83918
3804.38,0.8847
3805.28,0.92198
3806.18,0.95048
3807.08,0.97594
3807.98,0.99744
3808.88,1.0187
3809.78,1.0379
3810.68,1.0512
3811.58,1.0634
3812.48,1.063
3813.38,1.0545
3814.28,1.0507
3815.18,1.0429
3816.08,1.0421
3816.98,1.0437
3817.88,1.0455
3818.78,1.0441
3819.68,1.0385
3820.58,1.0288
3821.48,1.0182
3822.38,1.006
3823.28,0.98776
3824.18,0.97016
3825.09,0.94683
3825.99,0.92282
3826.89,0.89791
3827.79,0.87205
3828.69,0.84872
3829.59,0.82193
3830.49,0.79003
3831.39,0.74543
3832.29,0.7034
3833.19,0.65364
3834.09,0.6124
3834.99,0.57836
3835.89,0.56414
3836.79,0.5642
3837.69,0.58204
3838.59,0.61017
3839.49,0.65272
3840.39,0.70048
3841.29,0.75411
3842.19,0.80111
3843.09,0.85588
3843.99,0.89456
3844.89,0.93331
3845.79,0.96872
3846.69,0.99411
3847.59,1.0147
3848.49,1.0345
3849.39,1.046
3850.29,1.0634
3851.19,1.0741
3852.09,1.0886
3852.99,1.1008
3853.89,1.1072
3854.79,1.116
3855.69,1.1151
3856.59,1.1156
3857.49,1.1057
3858.39,1.1018
3859.29,1.0995
3860.19,1.1027
3861.09,1.118
3861.99,1.128
3862.9,1.1371
3863.8,1.1487
3864.7,1.1629
3865.6,1.1619
3866.5,1.1544
3867.4,1.1549
3868.3,1.1511
3869.2,1.1346
3870.1,1.13
3871.0,1.116
3871.9,1.0982
3872.8,1.0832
3873.7,1.0784
3874.6,1.0672
3875.5,1.0551
3876.4,1.0515
3877.3,1.0325
3878.2,1.0157
3879.1,0.99333
3880.0,0.97052
3880.9,0.9535
3881.8,0.93419
3882.7,0.91272
3883.6,0.88491
3884.5,0.85025
3885.4,0.80946
3886.3,0.76247
3887.2,0.71677
3888.1,0.67649
3889.0,0.6469
3889.9,0.6373
3890.8,0.64779
3891.7,0.67805
3892.6,0.7208
3893.5,0.768
3894.4,0.80851
3895.3,0.85151
3896.2,0.88496
3897.1,0.91652
3898.0,0.93876
3898.9,0.97389
3899.8,0.99053
3900.7,1.0081
3901.6,1.0271
3902.51,1.0418
3903.41,1.0521
3904.31,1.0678
3905.21,1.0734
3906.11,1.0877
3907.01,1.0992
3907.91,1.1161
3908.81,1.1343
3909.71,1.1546
3910.61,1.1755
3911.51,1.1881
3912.41,1.198
3913.31,1.1969
3914.21,1.1912
3915.11,1.1929
3916.01,1.1908
3916.91,1.1831
3917.81,1.1729
3918.71,1.1692
3919.61,1.1642
3920.51,1.1581
3921.41,1.1563
3922.31,1.1582
3923.21,1.1563
3924.11,1.1544
3925.01,1.1472
3925.91,1.1312
3926.81,1.1138
3927.71,1.0828
3928.61,1.0369
3929.51,0.98364
3930.41,0.91766
3931.31,0.84561
3932.21,0.77543
3933.11,0.71254
3934.01,0.6751
3934.91,0.6706
3935.81,0.6963
3936.71,0.75205
3937.61,0.82371
3938.51,0.90355
3939.42,0.96711
3940.32,1.02
3941.22,1.0666
3942.12,1.0886
3943.02,1.1083
3943.92,1.1246
3944.82,1.1302
3945.72,1.1322
3946.62,1.1424
3947.52,1.1502
3948.42,1.1562
3949.32,1.157
3950.22,1.1518
3951.12,1.1512
3952.02,1.1435
3952.92,1.1459
3953.82,1.137
3954.72,1.1336
3955.62,1.1188
3956.52,1.1079
3957.42,1.0889
3958.32,1.0718
3959.22,1.0568
3960.12,1.0263
3961.02,0.9912
3961.92,0.95194
3962.82,0.90255
3963.72,0.84685
3964.62,0.78461
3965.52,0.71577
3966.42,0.64052
3967.32,0.56889
3968.22,0.50579
3969.12,0.46037
3970.02,0.44116
3970.92,0.44795
3971.82,0.48521
3972.72,0.53759
3973.62,0.60449
3974.52,0.67558
3975.42,0.74631
3976.32,0.80936
3977.22,0.86915
3978.13,0.91961
3979.03,0.96638
3979.93,0.99871
3980.83,1.0298
3981.73,1.054
3982.63,1.0743
3983.53,1.0911
3984.43,1.1078
3985.33,1.1248
3986.23,1.137
3987.13,1.1585
3988.03,1.1709
3988.93,1.1854
3989.83,1.2057
3990.73,1.217
3991.63,1.226
3992.53,1.2328
3993.43,1.2499
3994.33,1.2449
3995.23,1.2446
3996.13,1.2416
3997.03,1.2358
3997.93,1.2327
3998.83,1.2356
3999.73,1.2468
4000.63,1.2598
4001.53,1.2671
4002.43,1.2778
4003.33,1.2774
4004.23,1.2811
4005.13,1.2702
4006.03,1.2675
4006.93,1.2675
4007.83,1.2735
4008.73,1.2776
4009.63,1.2916
4010.53,1.3066
4011.43,1.3118
4012.33,1.3164
4013.23,1.3158
4014.13,1.313
4015.03,1.3119
4015.93,1.3183
4016.84,1.3204
4017.74,1.3253
4018.64,1.3246
4019.54,1.3315
4020.44,1.333
4021.34,1.3366
4022.24,1.3298
4023.14,1.3349
4024.04,1.3296
4024.94,1.3268
4025.84,1.3342
4026.74,1.3371
4027.64,1.3372
4028.54,1.334
4029.44,1.3243
4030.34,1.3119
4031.24,1.3044
4032.14,1.2915
4033.04,1.2838
4033.94,1.2822
4034.84,1.2965
4035.74,1.3023
4036.64,1.3216
4037.54,1.3451
4038.44,1.3488
4039.34,1.3562
4040.24,1.3587
4041.14,1.3565
4042.04,1.3452
4042.94,1.33
4043.84,1.3202
4044.74,1.303
4045.64,1.2903
4046.54,1.2858
4047.44,1.2897
4048.34,1.2962
4049.24,1.3103
4050.14,1.3224
4051.04,1.3311
4051.94,1.3315
4052.84,1.3291
4053.74,1.3255
4054.65,1.3161
4055.55,1.3132
4056.45,1.3058
4057.35,1.3051
4058.25,1.3052
4059.15,1.3054
4060.05,1.3089
4060.95,1.3033
4061.85,1.2996
4062.75,1.2932
4063.65,1.2832
4064.55,1.273
4065.45,1.2653
4066.35,1.2641
4067.25,1.2715
4068.15,1.2777
4069.05,1.2849
4069.95,1.284
4070.85,1.2893
4071.75,1.287
4072.65,1.2775
4073.55,1.2667
4074.45,1.26
4075.35,1.2505
4076.25,1.2317
4077.15,1.2172
4078.05,1.2085
4078.95,1.2019
4079.85,1.2046
4080.75,1.2117
4081.65,1.2235
4082.55,1.2303
4083.45,1.228
4084.35,1.2207
4085.25,1.2176
4086.15,1.2134
4087.05,1.2103
4087.95,1.2134
4088.85,1.2119
4089.75,1.2085
4090.65,1.1972
4091.55,1.18
4092.45,1.1657
4093.36,1.1433
4094.26,1.1173
4095.16,1.0849
4096.06,1.0505
4096.96,1.0112
4097.86,0.96223
4098.76,0.9196
4099.66,0.86938
4100.56,0.82076
4101.46,0.78622
4102.36,0.76171
4103.26,0.76123
4104.16,0.78088
4105.06,0.81953
4105.96,0.86218
4106.86,0.91297
4107.76,0.95698
4108.66,0.99651
4109.56,1.0254
4110.46,1.0531
4111.36,1.0799
4112.26,1.1005
4113.16,1.1241
4114.06,1.1419
4114.96,1.16
4115.86,1.1794
4116.76,1.19
4117.66,1.1989
4118.56,1.206
4119.46,1.2044
4120.36,1.2092
4121.26,1.2139
4122.16,1.2175
4123.06,1.2221
4123.96,1.2387
4124.86,1.2361
4125.76,1.2495
4126.66,1.2522
4127.56,1.2531
4128.46,1.2493
4129.36,1.254
4130.26,1.2441
4131.17,1.2436
4132.06,1.2408
4132.97,1.2381
4133.87,1.2452
4134.77,1.2439
4135.67,1.2584
4136.57,1.2752
4137.47,1.2848
4138.37,1.2984
4139.27,1.3074
4140.17,1.3086
4141.07,1.3065
4141.97,1.3004
4142.87,1.2881
4143.77,1.2744
4144.67,1.2741
4145.57,1.2761
4146.47,1.279
4147.37,1.2906
4148.27,1.296
4149.17,1.2993
4150.07,1.3034
4150.97,1.3013
4151.87,1.2946
4152.77,1.2941
4153.67,1.2933
4154.57,1.2926
4155.47,1.284
4156.37,1.2875
4157.27,1.2834
4158.17,1.2933
4159.07,1.3001
4159.97,1.3105
4160.87,1.3118
4161.77,1.3184
4162.67,1.3244
4163.57,1.3261
4164.47,1.326
4165.37,1.3275
4166.27,1.3274
4167.17,1.3161
4168.07,1.3147
4168.98,1.3104
4169.88,1.3004
4170.78,1.2912
4171.68,1.2766
4172.58,1.2652
4173.48,1.2516
4174.38,1.2419
4175.28,1.2446
4176.18,1.2399
4177.08,1.252
4177.98,1.2585
4178.88,1.2657
4179.78,1.2714
4180.68,1.2746
4181.58,1.2834
4182.48,1.2919
4183.38,1.285
4184.28,1.2885
4185.18,1.2893
4186.08,1.2873
4186.98,1.2869
4187.88,1.2863
4188.78,1.2889
4189.68,1.2961
4190.58,1.2945
4191.48,1.2967
4192.38,1.3019
4193.28,1.3062
4194.18,1.3075
4195.08,1.3062
4195.98,1.298
4196.88,1.2892
4197.78,1.2782
4198.68,1.2652
4199.58,1.26
4200.48,1.2573
4201.38,1.2493
4202.28,1.2577
4203.18,1.2589
4204.08,1.2647
4204.98,1.2732
4205.88,1.2789
4206.79,1.2803
4207.69,1.2994
4208.59,1.3008
4209.49,1.3063
4210.39,1.3064
4211.29,1.3043
4212.19,1.3083
4213.09,1.3054
4213.99,1.2944
4214.89,1.2894
4215.79,1.2818
4216.69,1.2773
4217.59,1.2702
4218.49,1.2833
4219.39,1.2908
4220.29,1.2935
4221.19,1.2998
4222.09,1.2937
4222.99,1.2792
4223.89,1.2643
4224.79,1.2406
4225.69,1.2211
4226.59,1.2082
4227.49,1.1998
4228.39,1.204
4229.29,1.2211
4230.19,1.2375
4231.09,1.2599
4231.99,1.2688
4232.89,1.2708
4233.79,1.2704
4234.69,1.2664
4235.59,1.2691
4236.49,1.2617
4237.39,1.2535
4238.29,1.2617
4239.19,1.2625
4240.09,1.2701
4240.99,1.277
4241.89,1.2766
4242.79,1.2896
4243.69,1.29
4244.59,1.2896
4245.5,1.2824
4246.4,1.2792
4247.3,1.2742
4248.2,1.2631
4249.1,1.2569
4250.0,1.253
4250.9,1.252
4251.8,1.2561
4252.7,1.2631
4253.6,1.2644
4254.5,1.2743
4255.4,1.2724
4256.3,1.2767
4257.2,1.275
4258.1,1.2744
4259.0,1.2719
4259.9,1.2659
4260.8,1.262
4261.7,1.2632
4262.6,1.2686
4263.5,1.277
4264.4,1.2851
4265.3,1.2959
4266.2,1.2945
4267.1,1.2963
4268.0,1.2914
4268.9,1.2776
4269.8,1.2601
4270.7,1.2467
4271.6,1.2324
4272.5,1.2231
4273.4,1.214
4274.3,1.212
4275.2,1.2225
4276.1,1.2314
4277.0,1.2409
4277.9,1.2567
4278.8,1.2571
4279.7,1.2598
4280.6,1.2589
4281.5,1.2549
4282.4,1.2492
4283.31,1.245
4284.21,1.2395
4285.11,1.237
4286.01,1.2253
4286.91,1.2193
4287.81,1.2045
4288.71,1.195
4289.61,1.1833
4290.51,1.1795
4291.41,1.1753
4292.31,1.1754
4293.21,1.1896
4294.11,1.1889
4295.01,1.1909
4295.91,1.1863
4296.81,1.1772
4297.71,1.1668
4298.61,1.1473
4299.51,1.1273
4300.41,1.1135
4301.31,1.1023
4302.21,1.0907
4303.11,1.0924
4304.01,1.086
4304.91,1.0912
4305.81,1.0917
4306.71,1.0915
4307.61,1.0917
4308.51,1.0938
4309.41,1.0874
4310.31,1.0878
4311.21,1.0888
4312.11,1.1007
4313.01,1.1137
4313.91,1.1261
4314.81,1.1448
4315.71,1.1641
4316.61,1.1813
4317.51,1.2062
4318.41,1.2205
4319.31,1.2231
4320.21,1.2231
4321.12,1.2104
4322.02,1.1945
4322.92,1.1754
4323.82,1.1532
4324.72,1.135
4325.62,1.1161
4326.52,1.1011
4327.42,1.1031
4328.32,1.1024
4329.22,1.1067
4330.12,1.1071
4331.02,1.1054
4331.92,1.0993
4332.82,1.0936
4333.72,1.0729
4334.62,1.0479
4335.52,1.0154
4336.42,0.98097
4337.32,0.93566
4338.22,0.88691
4339.12,0.8349
4340.02,0.80012
4340.92,0.77198
4341.82,0.77036
4342.72,0.78222
4343.62,0.82022
4344.52,0.85858
4345.42,0.90346
4346.32,0.94747
4347.22,0.988
4348.12,1.0197
4349.02,1.0388
4349.92,1.0542
4350.82,1.0658
4351.72,1.0763
4352.62,1.0824
4353.52,1.088
4354.42,1.1047
4355.32,1.1186
4356.22,1.1331
4357.12,1.1524
4358.02,1.1653
4358.92,1.1763
4359.83,1.1915
4360.73,1.2017
4361.63,1.2143
4362.53,1.2223
4363.43,1.235
4364.33,1.245
4365.23,1.2459
4366.13,1.2456
4367.03,1.2437
4367.93,1.2394
4368.83,1.2381
4369.73,1.2366
4370.63,1.2277
4371.53,1.2298
4372.43,1.2241
4373.33,1.2221
4374.23,1.2231
4375.13,1.2177
4376.03,1.2175
4376.93,1.2234
4377.83,1.2331
4378.73,1.2432
4379.63,1.2425
4380.53,1.2503
4381.43,1.2406
4382.33,1.2303
4383.23,1.2161
4384.13,1.2018
4385.03,1.1878
4385.93,1.1861
4386.83,1.1914
4387.73,1.2077
4388.63,1.2184
4389.53,1.2278
4390.43,1.236
4391.33,1.2387
4392.23,1.2431
4393.13,1.2454
4394.03,1.2456
4394.93,1.2469
4395.83,1.2432
4396.73,1.2504
4397.64,1.2476
4398.54,1.2488
4399.44,1.2494
4400.34,1.2519
4401.24,1.2462
4402.14,1.2465
4403.04,1.2432
4403.94,1.248
4404.84,1.2474
4405.74,1.2443
4406.64,1.2469
4407.54,1.2468
4408.44,1.2452
4409.34,1.2509
4410.24,1.2607
4411.14,1.2638
4412.04,1.2786
4412.94,1.2799
4413.84,1.2759
4414.74,1.2669
4415.64,1.2686
4416.54,1.2559
4417.44,1.2614
4418.34,1.26
4419.24,1.2657
4420.14,1.2718
4421.04,1.2757
4421.94,1.2802
4422.84,1.2819
4423.74,1.2883
4424.64,1.2818
4425.54,1.2781
4426.44,1.2817
4427.34,1.2745
4428.24,1.2718
4429.14,1.2741
4430.04,1.2752
4430.94,1.2793
4431.84,1.2727
4432.74,1.2737
4433.64,1.266
4434.54,1.2586
4435.45,1.2618
4436.35,1.2632
4437.25,1.2649
4438.15,1.2746
4439.05,1.2788
4439.95,1.2818
4440.85,1.2763
4441.75,1.2724
4442.65,1.2659
4443.55,1.2556
4444.45,1.2542
4445.35,1.2593
4446.25,1.2612
4447.15,1.2682
4448.05,1.2697
4448.95,1.2779
4449.85,1.281
4450.75,1.2773
4451.65,1.2713
4452.55,1.269
4453.45,1.2615
4454.35,1.2559
4455.25,1.2463
4456.15,1.2477
4457.05,1.2423
4457.95,1.2389
4458.85,1.2381
4459.75,1.2371
4460.65,1.2397
4461.55,1.2416
4462.45,1.2447
4463.35,1.2505
4464.25,1.2534
4465.15,1.255
4466.05,1.2578
4466.95,1.2532
4467.85,1.2551
4468.75,1.2528
4469.65,1.2549
4470.55,1.2555
4471.45,1.2634
4472.35,1.2734
4473.25,1.2848
4474.16,1.2982
4475.06,1.2979
4475.96,1.311
4476.86,1.3122
4477.76,1.3074
4478.66,1.3006
4479.56,1.2952
4480.46,1.2862
4481.36,1.272
4482.26,1.2667
4483.16,1.2604
4484.06,1.2644
4484.96,1.277
4485.86,1.2824
4486.76,1.2863
4487.66,1.2915
4488.56,1.2903
4489.46,1.2851
4490.36,1.2791
4491.26,1.2775
4492.16,1.2768
4493.06,1.2782
4493.96,1.2831
4494.86,1.2885
4495.76,1.2809
4496.66,1.2818
4497.56,1.291
4498.46,1.29
4499.36,1.2942
4500.26,1.3039
4501.16,1.302
4502.06,1.3066
4502.96,1.314
4503.86,1.3212
4504.76,1.3226
4505.66,1.3304
4506.56,1.3278
4507.46,1.3335
4508.36,1.3317
4509.26,1.3299
4510.17,1.3253
4511.06,1.3298
4511.97,1.3235
4512.87,1.3189
4513.77,1.316
4514.67,1.3138
4515.57,1.309
4516.47,1.299
4517.37,1.2971
4518.27,1.2934
4519.17,1.2925
4520.07,1.2881
4520.97,1.2912
4521.87,1.2865
4522.77,1.2848
4523.67,1.2786
4524.57,1.2706
4525.47,1.2609
4526.37,1.2552
4527.27,1.2497
4528.17,1.2452
4529.07,1.2375
4529.97,1.2354
4530.87,1.2362
4531.77,1.2319
4532.67,1.2292
4533.57,1.2291
4534.47,1.226
4535.37,1.2269
4536.27,1.2346
4537.17,1.2461
4538.07,1.2602
4538.97,1.2747
4539.87,1.2765
4540.77,1.2864
4541.67,1.2881
4542.57,1.2855
4543.47,1.2872
4544.37,1.2744
4545.27,1.2741
4546.17,1.2686
4547.07,1.2634
4547.97,1.2585
4548.88,1.252
4549.77,1.2434
4550.68,1.2428
4551.58,1.2379
4552.48,1.2333
4553.38,1.2348
4554.28,1.2368
4555.18,1.2402
4556.08,1.2435
4556.98,1.2539
4557.88,1.2603
4558.78,1.2694
4559.68,1.2774
4560.58,1.2898
4561.48,1.2871
4562.38,1.289
4563.28,1.2891
4564.18,1.2814
4565.08,1.2806
4565.98,1.28
4566.88,1.2808
4567.78,1.2841
4568.68,1.2894
4569.58,1.2897
4570.48,1.2837
4571.38,1.2881
4572.28,1.2835
4573.18,1.2824
4574.08,1.2814
4574.98,1.2803
4575.88,1.2864
4576.78,1.2844
4577.68,1.2855
4578.58,1.2807
4579.48,1.2742
4580.38,1.2697
4581.28,1.2656
4582.18,1.2582
4583.08,1.255
4583.98,1.2509
4584.88,1.2569
4585.78,1.2608
4586.69,1.2592
4587.58,1.266
4588.49,1.2724
4589.39,1.2743
4590.29,1.2746
4591.19,1.2818
4592.09,1.2802
4592.99,1.2755
4593.89,1.2746
4594.79,1.2789
4595.69,1.2786
4596.59,1.2826
4597.49,1.2771
4598.39,1.2828
4599.29,1.2842
4600.19,1.2776
4601.09,1.2794
4601.99,1.2768
4602.89,1.2764
4603.79,1.2851
4604.69,1.2783
4605.59,1.2811
4606.49,1.287
4607.39,1.2914
4608.29,1.294
4609.19,1.2951
4610.09,1.2965
4610.99,1.301
4611.89,1.2931
4612.79,1.3002
4613.69,1.2963
4614.59,1.2928
4615.49,1.2901
4616.39,1.2864
4617.29,1.2852
4618.19,1.2882
4619.09,1.2847
4619.99,1.2907
4620.89,1.2901
4621.79,1.2936
4622.69,1.2947
4623.59,1.2996
4624.5,1.297
4625.4,1.2951
4626.3,1.2982
4627.2,1.2937
4628.1,1.2907
4629.0,1.2881
4629.9,1.2906
4630.8,1.2836
4631.7,1.288
4632.6,1.2885
4633.5,1.2863
4634.4,1.284
4635.3,1.2831
4636.2,1.2808
4637.1,1.2832
4638.0,1.2802
4638.9,1.2776
4639.8,1.2847
4640.7,1.2791
4641.6,1.288
4642.5,1.2943
4643.4,1.2898
4644.3,1.2896
4645.2,1.2899
4646.1,1.282
4647.0,1.2769
4647.9,1.2757
4648.8,1.274
4649.7,1.274
4650.6,1.2753
4651.5,1.2714
4652.4,1.2741
4653.3,1.2714
4654.2,1.2689
4655.1,1.2748
4656.0,1.2696
4656.9,1.2679
4657.8,1.2758
4658.7,1.2764
4659.6,1.2839
4660.5,1.2937
4661.4,1.2926
4662.3,1.2915
4663.21,1.2925
4664.11,1.2866
4665.01,1.2772
4665.91,1.2669
4666.81,1.2567
4667.71,1.2531
4668.61,1.2455
4669.51,1.2426
4670.41,1.2462
4671.31,1.2495
4672.21,1.253
4673.11,1.2592
4674.01,1.2678
4674.91,1.2764
4675.81,1.284
4676.71,1.2762
4677.61,1.28
4678.51,1.2815
4679.41,1.2775
4680.31,1.2729
4681.21,1.2662
4682.11,1.2666
4683.01,1.2648
4683.91,1.2664
4684.81,1.2704
4685.71,1.2669
4686.61,1.2804
4687.51,1.2727
4688.41,1.2797
4689.31,1.2831
4690.21,1.2748
4691.11,1.2738
4692.01,1.2796
4692.91,1.2803
4693.81,1.283
4694.71,1.2895
4695.61,1.2891
4696.51,1.2891
4697.41,1.288
4698.31,1.2814
4699.21,1.2768
4700.12,1.2726
4701.02,1.266
4701.92,1.2604
4702.82,1.2592
4703.72,1.253
4704.62,1.2545
4705.52,1.253
4706.42,1.2495
4707.32,1.2517
4708.22,1.2515
4709.12,1.2544
4710.02,1.251
4710.92,1.2531
4711.82,1.2582
4712.72,1.26
4713.62,1.267
4714.52,1.2659
4715.42,1.2773
4716.32,1.2757
4717.22,1.2748
4718.12,1.2765
4719.02,1.2789
4719.92,1.2808
4720.82,1.2861
4721.72,1.2821
4722.62,1.2841
4723.52,1.2875
4724.42,1.286
4725.32,1.2843
4726.22,1.2768
4727.12,1.2747
4728.02,1.2736
4728.92,1.2712
4729.82,1.2623
4730.72,1.2549
4731.62,1.2591
4732.52,1.2518
4733.42,1.259
4734.32,1.2606
4735.22,1.2576
4736.12,1.2608
4737.02,1.2594
4737.92,1.2633
4738.83,1.2668
4739.73,1.2646
4740.63,1.2666
4741.53,1.2673
4742.43,1.2688
4743.33,1.2756
4744.23,1.2738
4745.13,1.2748
4746.03,1.2781
4746.93,1.2768
4747.83,1.2787
4748.73,1.2807
4749.63,1.2813
4750.53,1.2794
4751.43,1.2796
4752.33,1.2758
4753.23,1.2735
4754.13,1.2695
4755.03,1.2653
4755.93,1.2614
4756.83,1.2555
4757.73,1.2585
4758.63,1.2598
4759.53,1.2583
4760.43,1.2543
4761.33,1.2527
4762.23,1.2517
4763.13,1.2405
4764.03,1.2386
4764.93,1.2353
4765.83,1.2354
4766.73,1.2373
4767.63,1.2408
4768.53,1.2449
4769.43,1.2436
4770.33,1.25
4771.23,1.2522
4772.13,1.256
4773.03,1.2576
4773.93,1.2577
4774.83,1.2634
4775.73,1.2625
4776.64,1.2661
4777.54,1.2601
4778.44,1.2677
4779.34,1.2635
4780.24,1.2677
4781.14,1.2606
4782.04,1.2598
4782.94,1.2521
4783.84,1.2526
4784.74,1.2506
4785.64,1.2456
4786.54,1.2457
4787.44,1.239
4788.34,1.2412
4789.24,1.2436
4790.14,1.2405
4791.04,1.237
4791.94,1.248
4792.84,1.2507
4793.74,1.2537
4794.64,1.2592
4795.54,1.269
4796.44,1.2681
4797.34,1.2617
4798.24,1.2525
4799.14,1.2515
4800.04,1.2555
4800.94,1.2582
4801.84,1.2559
4802.74,1.2503
4803.64,1.252
4804.54,1.2505
4805.44,1.2496
4806.34,1.2441
4807.24,1.2464
4808.14,1.2423
4809.04,1.2399
4809.94,1.2509
4810.84,1.2498
4811.74,1.2481
4812.64,1.2499
4813.54,1.2525
4814.45,1.2553
4815.35,1.2593
4816.25,1.2607
4817.15,1.2584
4818.05,1.2536
4818.95,1.2546
4819.85,1.2544
4820.75,1.2533
4821.65,1.2459
4822.55,1.2428
4823.45,1.2343
4824.35,1.2354
4825.25,1.2218
4826.15,1.2276
4827.05,1.2261
4827.95,1.2293
4828.85,1.2231
4829.75,1.2227
4830.65,1.2209
4831.55,1.2201
4832.45,1.2166
4833.35,1.2144
4834.25,1.2101
4835.15,1.21
4836.05,1.203
4836.95,1.2065
4837.85,1.2011
4838.75,1.1987
4839.65,1.1885
4840.55,1.1887
4841.45,1.1838
4842.35,1.177
4843.25,1.1786
4844.15,1.1651
4845.05,1.168
4845.95,1.1596
4846.85,1.1563
4847.75,1.1502
4848.65,1.1423
4849.55,1.1339
4850.45,1.1263
4851.35,1.1089
4852.26,1.1081
4853.16,1.095
4854.06,1.0747
4854.96,1.0546
4855.86,1.0328
4856.76,1.0035
4857.66,0.97398
4858.56,0.94447
4859.46,0.90809
4860.36,0.8768
4861.26,0.85437
4862.16,0.83469
4863.06,0.835
4863.96,0.84615
4864.86,0.86875
4865.76,0.89706
4866.66,0.93211
4867.56,0.96944
4868.46,0.99329
4869.36,1.0145
4870.26,1.0367
4871.16,1.0485
4872.06,1.0593
4872.96,1.0701
4873.86,1.079
4874.76,1.0965
4875.66,1.1032
4876.56,1.1138
4877.46,1.1238
4878.36,1.1318
4879.26,1.1431
4880.16,1.1588
4881.06,1.1629
4881.96,1.168
4882.86,1.1689
4883.76,1.1731
4884.66,1.1754
4885.56,1.1718
4886.46,1.1711
4887.36,1.1653
4888.26,1.1697
4889.17,1.1675
4890.07,1.1719
4890.97,1.1737
4891.87,1.1791
4892.77,1.1856
4893.67,1.2009
4894.57,1.2089
4895.47,1.2211
4896.37,1.2312
4897.27,1.2335
4898.17,1.2461
4899.07,1.2432
4899.97,1.2388
4900.87,1.2367
4901.77,1.2338
4902.67,1.2293
4903.57,1.2249
4904.47,1.2246
4905.37,1.2279
4906.27,1.2253
4907.17,1.2271
4908.07,1.2284
4908.97,1.2216
4909.87,1.2224
4910.77,1.2175
4911.67,1.2185
4912.57,1.2159
4913.47,1.2177
4914.37,1.2222
4915.27,1.2216
4916.17,1.2215
4917.07,1.2138
4917.97,1.2092
4918.87,1.2033
4919.77,1.1934
4920.67,1.189
4921.57,1.1804
4922.47,1.1798
4923.37,1.1783
4924.27,1.1819
4925.17,1.1849
4926.07,1.2029
4926.98,1.2075
4927.88,1.2207
4928.78,1.219
4929.68,1.2258
4930.58,1.2309
4931.48,1.2343
4932.38,1.2253
4933.28,1.2199
4934.18,1.21
4935.08,1.2047
4935.98,1.2018
4936.88,1.2015
4937.78,1.1962
4938.68,1.2005
4939.58,1.2008
4940.48,1.205
4941.38,1.2099
4942.28,1.2134
4943.18,1.2212
4944.08,1.2242
4944.98,1.23
4945.88,1.2317
4946.78,1.2369
4947.68,1.2409
4948.58,1.2403
4949.48,1.242
4950.38,1.2431
4951.28,1.244
4952.18,1.2416
4953.08,1.2389
4953.98,1.2316
4954.88,1.2282
4955.78,1.2176
4956.68,1.2117
4957.58,1.2058
4958.48,1.2022
4959.38,1.199
4960.28,1.2089
4961.18,1.2076
4962.08,1.2144
4962.98,1.2245
4963.88,1.2216
4964.79,1.2211
4965.69,1.2244
4966.59,1.2194
4967.49,1.2115
4968.39,1.2156
4969.29,1.2143
4970.19,1.2074
4971.09,1.2171
4971.99,1.2182
4972.89,1.2163
4973.79,1.2238
4974.69,1.2287
4975.59,1.2315
4976.49,1.2245
4977.39,1.2261
4978.29,1.2188
4979.19,1.2105
4980.09,1.1986
4980.99,1.1904
4981.89,1.1819
4982.79,1.1747
4983.69,1.1673
4984.59,1.1637
4985.49,1.1717
4986.39,1.1749
4987.29,1.1798
4988.19,1.1871
4989.09,1.1873
4989.99,1.1939
4990.89,1.1955
4991.79,1.1953
4992.69,1.2049
4993.59,1.1965
4994.49,1.1989
4995.39,1.2019
4996.29,1.1964
4997.19,1.1973
4998.09,1.1972
4998.99,1.1917
4999.89,1.1901
5000.79,1.1872
5001.7,1.1834
5002.6,1.179
5003.5,1.1737
5004.4,1.1751
5005.3,1.1718
5006.2,1.1676
5007.1,1.1741
5008.0,1.1726
5008.9,1.1705
5009.8,1.1709
5010.7,1.1737
5011.6,1.1699
5012.5,1.1626
5013.4,1.1647
5014.3,1.1554
5015.2,1.1494
5016.1,1.1475
5017.0,1.1489
5017.9,1.1419
5018.8,1.1523
5019.7,1.1538
5020.6,1.1615
5021.5,1.1625
5022.4,1.1679
5023.3,1.1688
5024.2,1.1756
5025.1,1.1741
5026.0,1.1781
5026.9,1.1796
5027.8,1.1875
5028.7,1.19
5029.6,1.1975
5030.5,1.189
5031.4,1.1993
5032.3,1.2009
5033.2,1.199
5034.1,1.1941
5035.0,1.1909
5035.9,1.1865
5036.8,1.1767
5037.7,1.1655
5038.6,1.1566
5039.5,1.1534
5040.41,1.1485
5041.31,1.1416
5042.21,1.1422
5043.11,1.1448
5044.01,1.1533
5044.91,1.1641
5045.81,1.1738
5046.71,1.1793
5047.61,1.1819
5048.51,1.184
5049.41,1.1825
5050.31,1.1826
5051.21,1.1808
5052.11,1.1841
5053.01,1.1777
5053.91,1.188
5054.81,1.1961
5055.71,1.1976
5056.61,1.2052
5057.51,1.205
5058.41,1.2112
5059.31,1.2143
5060.21,1.2086
5061.11,1.2099
5062.01,1.2025
5062.91,1.2043
5063.81,1.1916
5064.71,1.1919
5065.61,1.1845
5066.51,1.18
5067.41,1.1777
5068.31,1.18
5069.21,1.1733
5070.11,1.1722
5071.01,1.1753
5071.91,1.1727
5072.81,1.1808
5073.71,1.1793
5074.61,1.1805
5075.51,1.176
5076.42,1.1704
5077.31,1.1716
5078.21,1.1648
5079.12,1.1567
5080.02,1.1569
5080.92,1.1497
5081.82,1.1501
5082.72,1.1503
5083.62,1.1506
5084.52,1.1549
5085.42,1.1647
5086.32,1.1677
5087.22,1.1733
5088.12,1.1772
5089.02,1.1835
5089.92,1.1805
5090.82,1.1854
5091.72,1.1864
5092.62,1.1841
5093.52,1.1889
5094.42,1.187
5095.32,1.1796
5096.22,1.1796
5097.12,1.1752
5098.02,1.1651
5098.92,1.1591
5099.82,1.1565
5100.72,1.1584
5101.62,1.1625
5102.52,1.1619
5103.42,1.169
5104.32,1.1655
5105.22,1.1653
5106.12,1.1633
5107.02,1.1634
5107.92,1.1554
5108.82,1.1586
5109.72,1.1497
5110.62,1.1579
5111.52,1.1587
5112.42,1.1638
5113.32,1.1719
5114.22,1.1727
5115.12,1.1808
5116.03,1.1809
5116.93,1.1804
5117.83,1.1882
5118.73,1.1842
5119.63,1.1839
5120.53,1.1807
5121.43,1.1773
5122.33,1.1665
5123.23,1.1633
5124.13,1.1526
5125.03,1.1481
5125.93,1.1452
5126.83,1.1411
5127.73,1.1385
5128.63,1.1386
5129.53,1.1391
5130.43,1.1486
5131.33,1.1445
5132.23,1.1493
5133.13,1.1499
5134.03,1.1535
5134.93,1.1522
5135.83,1.1545
5136.73,1.156
5137.63,1.1509
5138.53,1.1479
5139.43,1.1444
5140.33,1.1397
5141.23,1.1387
5142.13,1.1332
5143.03,1.1342
5143.93,1.1315
5144.83,1.1322
5145.73,1.1326
5146.63,1.1353
5147.53,1.142
5148.43,1.1408
5149.33,1.1381
5150.23,1.1385
5151.13,1.1365
5152.03,1.1358
5152.94,1.1385
5153.84,1.1397
5154.74,1.1376
5155.64,1.1504
5156.54,1.1494
5157.44,1.1534
5158.34,1.1586
5159.24,1.1664
5160.14,1.1663
5161.04,1.1645
5161.94,1.1586
5162.84,1.1483
5163.74,1.1435
5164.64,1.126
5165.54,1.1114
5166.44,1.094
5167.34,1.0757
5168.24,1.0621
5169.14,1.0509
5170.04,1.0443
5170.94,1.0407
5171.84,1.0416
5172.74,1.0417
5173.64,1.0531
5174.54,1.063
5175.44,1.0765
5176.34,1.0934
5177.24,1.1075
5178.14,1.1199
5179.04,1.1282
5179.94,1.1224
5180.84,1.1221
5181.74,1.1096
5182.64,1.1019
5183.54,1.0935
5184.44,1.0851
5185.34,1.0847
5186.24,1.0863
5187.14,1.0905
5188.04,1.094
5188.94,1.1057
5189.84,1.1135
5190.75,1.1155
5191.65,1.1136
5192.55,1.1222
5193.45,1.1122
5194.35,1.1119
5195.25,1.1184
5196.15,1.1142
5197.05,1.1152
5197.95,1.1241
5198.85,1.1275
5199.75,1.1305
5200.65,1.134
5201.55,1.1349
5202.45,1.1343
5203.35,1.1313
5204.25,1.1222
5205.15,1.1152
5206.05,1.1107
5206.95,1.1061
5207.85,1.1079
5208.75,1.1004
5209.65,1.1052
5210.55,1.1147
5211.45,1.1214
5212.35,1.1207
5213.25,1.1325
5214.15,1.1352
5215.05,1.1401
5215.95,1.1466
5216.85,1.1448
5217.75,1.1478
5218.65,1.145
5219.55,1.1497
5220.45,1.1493
5221.35,1.1497
5222.25,1.1567
5223.15,1.1472
5224.05,1.1431
5224.95,1.1327
5225.85,1.126
5226.75,1.1189
5227.66,1.1145
5228.56,1.1116
5229.46,1.1139
5230.36,1.1164
5231.26,1.1189
5232.16,1.1275
5233.06,1.1266
5233.96,1.134
5234.86,1.1385
5235.76,1.1365
5236.66,1.1482
5237.56,1.1472
5238.46,1.1503
5239.36,1.1553
5240.26,1.1575
5241.16,1.162
5242.06,1.1624
5242.96,1.1682
5243.86,1.1659
5244.76,1.1638
5245.66,1.1595
5246.56,1.1535
5247.46,1.1533
5248.36,1.1465
5249.26,1.1406
5250.16,1.1364
5251.06,1.1403
5251.96,1.138
5252.86,1.1321
5253.76,1.1354
5254.66,1.1379
5255.56,1.145
5256.46,1.1477
5257.36,1.147
5258.26,1.1487
5259.16,1.149
5260.06,1.1443
5260.96,1.1349
5261.86,1.1307
5262.76,1.1222
5263.66,1.1121
5264.56,1.0986
5265.47,1.091
5266.37,1.0811
5267.27,1.0771
5268.17,1.0729
5269.07,1.0708
5269.97,1.071
5270.87,1.0709
5271.77,1.0823
5272.67,1.0869
5273.57,1.0951
5274.47,1.1007
5275.37,1.1111
5276.27,1.1175
5277.17,1.1305
5278.07,1.1313
5278.97,1.1358
5279.87,1.1371
5280.77,1.1401
5281.67,1.139
5282.57,1.1403
5283.47,1.1416
5284.37,1.145
5285.27,1.1456
5286.17,1.145
5287.07,1.1574
5287.97,1.1586
5288.87,1.1606
5289.77,1.1694
5290.67,1.1661
5291.57,1.1688
5292.47,1.1642
5293.37,1.1713
5294.27,1.1658
5295.17,1.1625
5296.07,1.152
5296.97,1.1379
5297.87,1.1397
5298.77,1.1358
5299.67,1.1282
5300.57,1.13
5301.48,1.1365
5302.38,1.1351
5303.27,1.141
5304.18,1.1444
5305.08,1.1463
5305.98,1.1524
5306.88,1.1567
5307.78,1.1557
5308.68,1.1595
5309.58,1.1617
5310.48,1.1648
5311.38,1.1628
5312.28,1.1603
5313.18,1.1599
5314.08,1.1588
5314.98,1.1526
5315.88,1.1533
5316.78,1.1482
5317.68,1.1499
5318.58,1.1436
5319.48,1.1379
5320.38,1.1385
5321.28,1.1359
5322.18,1.139
5323.08,1.1304
5323.98,1.1228
5324.88,1.1215
5325.78,1.1163
5326.68,1.1081
5327.58,1.0961
5328.48,1.0956
5329.38,1.0915
5330.28,1.0937
5331.18,1.1035
5332.08,1.105
5332.98,1.1107
5333.88,1.1149
5334.78,1.125
5335.68,1.131
5336.58,1.1277
5337.48,1.1348
5338.38,1.1316
5339.28,1.1317
5340.19,1.1257
5341.08,1.1314
5341.99,1.124
5342.89,1.1252
5343.79,1.1275
5344.69,1.1292
5345.59,1.1294
5346.49,1.1302
5347.39,1.1328
5348.29,1.1353
5349.19,1.1346
5350.09,1.1373
5350.99,1.1371
5351.89,1.1412
5352.79,1.1431
5353.69,1.1494
5354.59,1.1534
5355.49,1.1552
5356.39,1.1616
5357.29,1.1632
5358.19,1.1662
5359.09,1.1645
5359.99,1.1593
5360.89,1.1593
5361.79,1.1592
5362.69,1.1517
5363.59,1.1486
5364.49,1.1408
5365.39,1.1373
5366.29,1.1291
5367.19,1.1281
5368.09,1.1213
5368.99,1.1177
5369.89,1.118
5370.79,1.1165
5371.69,1.1172
5372.59,1.12
5373.49,1.121
5374.39,1.1277
5375.29,1.1315
5376.19,1.1319
5377.09,1.1419
5378.0,1.1447
5378.9,1.1414
5379.8,1.1455
5380.7,1.1448
5381.6,1.1388
5382.5,1.138
5383.4,1.1406
5384.3,1.1389
5385.2,1.1347
5386.1,1.1382
5387.0,1.1346
5387.9,1.1369
5388.8,1.1352
5389.7,1.1356
5390.6,1.1329
5391.5,1.1285
5392.4,1.128
5393.3,1.119
5394.2,1.1136
5395.1,1.1137
5396.0,1.1076
5396.9,1.1125
5397.8,1.1028
5398.7,1.1032
5399.6,1.1078
5400.5,1.1079
5401.4,1.1079
5402.3,1.1093
5403.2,1.1052
5404.1,1.0999
5405.0,1.0962
5405.9,1.0908
5406.8,1.0937
5407.7,1.0891
5408.6,1.0967
5409.5,1.0956
5410.4,1.0999
5411.3,1.1022
5412.2,1.1063
5413.1,1.1111
5414.0,1.1172
5414.9,1.1151
5415.81,1.1238
5416.71,1.1242
5417.61,1.1247
5418.51,1.1255
5419.41,1.1296
5420.31,1.1273
5421.21,1.1266
5422.11,1.127
5423.01,1.123
5423.91,1.1218
5424.81,1.1186
5425.71,1.1275
5426.61,1.1088
5427.51,1.1181
5428.41,1.1102
5429.31,1.1112
5430.21,1.1083
5431.11,1.1072
5432.01,1.1034
5432.91,1.1013
5433.81,1.1008
5434.71,1.0983
5435.61,1.1051
5436.51,1.1059
5437.41,1.1066
5438.31,1.1163
5439.21,1.1157
5440.11,1.1305
5441.01,1.13
5441.91,1.1304
5442.81,1.1287
5443.71,1.1273
5444.61,1.1209
5445.51,1.1144
5446.41,1.1102
5447.31,1.1094
5448.21,1.1087
5449.11,1.1062
5450.01,1.1058
5450.91,1.1106
5451.81,1.1128
5452.72,1.1146
5453.62,1.1097
5454.52,1.1118
5455.42,1.1093
5456.32,1.107
5457.22,1.1082
5458.12,1.1097
5459.02,1.106
5459.92,1.1104
5460.82,1.1122
5461.72,1.114
5462.62,1.1139
5463.52,1.1141
5464.42,1.1135
5465.32,1.1112
5466.22,1.1115
5467.12,1.1151
5468.02,1.1117
5468.92,1.1141
5469.82,1.1112
5470.72,1.1146
5471.62,1.1127
5472.52,1.1116
5473.42,1.1043
5474.32,1.0995
5475.22,1.0987
5476.12,1.0897
5477.02,1.0899
5477.92,1.0916
5478.82,1.0899
5479.72,1.0878
5480.62,1.0918
5481.52,1.0911
5482.42,1.0965
5483.32,1.1065
5484.22,1.1011
5485.12,1.1039
5486.02,1.1047
5486.92,1.1051
5487.82,1.1105
5488.72,1.1118
5489.62,1.112
5490.53,1.1095
5491.43,1.1139
5492.33,1.1077
5493.23,1.1109
5494.13,1.1114
5495.03,1.1093
5495.93,1.1042
5496.83,1.1123
5497.73,1.1045
5498.63,1.1078
5499.53,1.1055
5500.43,1.1027
5501.33,1.1017
5502.23,1.1015
5503.13,1.1045
5504.03,1.1003
5504.93,1.0962
5505.83,1.0991
5506.73,1.0999
5507.63,1.0974
5508.53,1.0964
5509.43,1.0977
5510.33,1.0972
5511.23,1.0954
5512.13,1.0969
5513.03,1.0949
5513.93,1.0962
5514.83,1.0957
5515.73,1.0997
5516.63,1.0995
5517.53,1.1121
5518.43,1.1069
5519.33,1.1157
5520.23,1.1152
5521.13,1.1128
5522.03,1.1169
5522.93,1.1122
5523.83,1.1097
5524.73,1.1059
5525.63,1.1023
5526.54,1.095
5527.44,1.0944
5528.33,1.0871
5529.24,1.0916
5530.14,1.0899
5531.04,1.0913
5531.94,1.0911
5532.84,1.0978
5533.74,1.1007
5534.64,1.1001
5535.54,1.0999
5536.44,1.1053
5537.34,1.1075
5538.24,1.108
5539.14,1.1111
5540.04,1.1173
5540.94,1.1135
5541.84,1.1129
5542.74,1.1152
5543.64,1.1161
5544.54,1.118
5545.44,1.1159
5546.34,1.1164
5547.24,1.1166
5548.14,1.118
5549.04,1.1124
5549.94,1.1111
5550.84,1.1193
5551.74,1.1132
5552.64,1.1112
5553.54,1.1104
5554.44,1.1104
5555.34,1.1099
5556.24,1.1091
5557.14,1.1049
5558.04,1.1074
5558.94,1.1056
5559.84,1.1039
5560.74,1.109
5561.64,1.101
5562.54,1.0969
5563.44,1.0964
5564.34,1.0994
5565.25,1.0947
5566.15,1.0921
5567.05,1.0917
5567.95,1.0906
5568.85,1.0904
5569.75,1.0853
5570.65,1.0875
5571.55,1.0809
5572.45,1.0859
5573.35,1.0847
5574.25,1.0834
5575.15,1.0863
5576.05,1.0886
5576.95,1.0857
5577.85,1.0883
5578.75,1.0958
5579.65,1.0918
5580.55,1.0919
5581.45,1.0895
5582.35,1.0901
5583.25,1.0869
5584.15,1.0856
5585.05,1.0767
5585.95,1.076
5586.85,1.0698
5587.75,1.065
5588.65,1.0625
5589.55,1.0611
5590.45,1.0638
5591.35,1.0592
5592.25,1.0555
5593.15,1.0651
5594.05,1.0624
5594.95,1.0679
5595.85,1.0703
5596.75,1.0666
5597.65,1.0708
5598.55,1.0687
5599.45,1.0712
5600.35,1.0713
5601.25,1.0665
5602.15,1.065
5603.06,1.0694
5603.96,1.0747
5604.86,1.0749
5605.76,1.081
5606.66,1.0857
5607.56,1.0885
5608.46,1.094
5609.36,1.0985
5610.26,1.0951
5611.16,1.0961
5612.06,1.0948
5612.96,1.0935
5613.86,1.0881
5614.76,1.0846
5615.66,1.0825
5616.56,1.0783
5617.46,1.0796
5618.36,1.0774
5619.26,1.0754
5620.16,1.0791
5621.06,1.0778
5621.96,1.0822
5622.86,1.079
5623.76,1.0802
5624.66,1.0809
5625.56,1.0804
5626.46,1.0825
5627.36,1.0857
5628.26,1.0884
5629.16,1.0897
5630.06,1.0901
5630.96,1.0931
5631.86,1.0916
5632.76,1.0919
5633.66,1.0922
5634.56,1.091
5635.46,1.0904
5636.36,1.0883
5637.26,1.0828
5638.16,1.0853
5639.06,1.0795
5639.96,1.0749
5640.86,1.0792
5641.77,1.0835
5642.67,1.0787
5643.57,1.0811
5644.47,1.0775
5645.37,1.0836
5646.27,1.0808
5647.17,1.0864
5648.07,1.0847
5648.97,1.0847
5649.87,1.0856
5650.77,1.0899
5651.67,1.0898
5652.57,1.0841
5653.47,1.0847
5654.37,1.0837
5655.27,1.0785
5656.17,1.0707
5657.07,1.0685
5657.97,1.0662
5658.87,1.0596
5659.77,1.0558
5660.67,1.0555
5661.57,1.053
5662.47,1.0593
5663.37,1.0586
5664.27,1.0604
5665.17,1.0637
5666.07,1.0676
5666.97,1.0679
5667.87,1.0703
5668.77,1.0716
5669.67,1.0691
5670.57,1.0747
5671.47,1.0754
5672.37,1.0757
5673.27,1.078
5674.17,1.0832
5675.07,1.079
5675.97,1.0849
5676.88,1.0865
5677.77,1.087
5678.68,1.0868
5679.58,1.086
5680.48,1.0777
5681.38,1.0769
5682.28,1.0753
5683.18,1.0786
5684.08,1.0688
5684.98,1.0729
5685.88,1.0663
5686.78,1.0652
5687.68,1.0681
5688.58,1.0678
5689.48,1.0694
5690.38,1.0701
5691.28,1.0703
5692.18,1.0722
5693.08,1.0757
5693.98,1.0772
5694.88,1.0842
5695.78,1.0768
5696.68,1.0759
5697.58,1.0753
5698.48,1.0721
5699.38,1.0739
5700.28,1.0713
5701.18,1.0664
5702.08,1.071
5702.98,1.0617
5703.88,1.0609
5704.78,1.0572
5705.68,1.0574
5706.58,1.0539
5707.48,1.0516
5708.38,1.0486
5709.28,1.0439
5710.18,1.0435
5711.08,1.0421
5711.98,1.0422
5712.88,1.0471
5713.78,1.0525
5714.68,1.0574
5715.59,1.0602
5716.49,1.0626
5717.39,1.0653
5718.29,1.0695
5719.19,1.0746
5720.09,1.0765
5720.99,1.0784
5721.89,1.0833
5722.79,1.0757
5723.69,1.0821
5724.59,1.0798
5725.49,1.0814
5726.39,1.0791
5727.29,1.0768
5728.19,1.0795
5729.09,1.0758
5729.99,1.072
5730.89,1.0734
5731.79,1.0761
5732.69,1.0772
5733.59,1.0738
5734.49,1.0759
5735.39,1.0785
5736.29,1.0715
5737.19,1.0742
5738.09,1.0767
5738.99,1.0755
5739.89,1.0727
5740.79,1.0728
5741.69,1.0774
5742.59,1.0719
5743.49,1.0763
5744.39,1.0719
5745.29,1.0717
5746.19,1.072
5747.09,1.0697
5747.99,1.0721
5748.89,1.0684
5749.79,1.0696
5750.69,1.0681
5751.59,1.0646
5752.5,1.063
5753.4,1.0638
5754.3,1.0586
5755.2,1.0626
5756.1,1.0622
5757.0,1.0621
5757.9,1.063
5758.8,1.0644
5759.7,1.0594
5760.6,1.0575
5761.5,1.0629
5762.4,1.0625
5763.3,1.0647
5764.2,1.0659
5765.1,1.0624
5766.0,1.0654
5766.9,1.0665
5767.8,1.0698
5768.7,1.0689
5769.6,1.065
5770.5,1.0686
5771.4,1.0665
5772.3,1.0697
5773.2,1.0669
5774.1,1.0636
5775.0,1.0629
5775.9,1.0661
5776.8,1.0603
5777.7,1.057
5778.6,1.0624
5779.5,1.0575
5780.4,1.0537
5781.3,1.049
5782.2,1.0487
5783.1,1.0443
5784.0,1.0445
5784.9,1.0446
5785.8,1.0449
5786.7,1.0487
5787.6,1.0449
5788.5,1.0483
5789.41,1.0522
5790.31,1.056
5791.21,1.0576
5792.11,1.0555
5793.01,1.056
5793.91,1.0582
5794.81,1.0593
5795.71,1.0561
5796.61,1.0592
5797.51,1.0586
5798.41,1.0596
5799.31,1.0588
5800.21,1.0642
5801.11,1.0625
5802.01,1.0668
5802.91,1.0625
5803.81,1.0669
5804.71,1.0661
5805.61,1.0673
5806.51,1.0659
5807.41,1.0623
5808.31,1.0627
5809.21,1.0642
5810.11,1.0641
5811.01,1.0654
5811.91,1.0679
5812.81,1.0609
5813.71,1.0636
5814.61,1.0672
5815.51,1.0697
5816.41,1.0642
5817.31,1.071
5818.21,1.0662
5819.11,1.0626
5820.01,1.0685
5820.91,1.0707
5821.81,1.0645
5822.71,1.074
5823.61,1.0736
5824.51,1.0707
5825.41,1.0757
5826.31,1.0755
5827.22,1.0689
5828.12,1.0741
5829.02,1.0707
5829.92,1.072
5830.82,1.0719
5831.72,1.0734
5832.62,1.0685
5833.52,1.0666
5834.42,1.0703
5835.32,1.0724
5836.22,1.0697
5837.12,1.0678
5838.02,1.0681
5838.92,1.0687
5839.82,1.0682
5840.72,1.0665
5841.62,1.0703
5842.52,1.0656
5843.42,1.0651
5844.32,1.061
5845.22,1.0661
5846.12,1.0624
5847.02,1.0629
5847.92,1.0624
5848.82,1.0588
5849.72,1.0539
5850.62,1.0565
5851.52,1.0504
5852.42,1.0506
5853.32,1.0482
5854.22,1.0403
5855.12,1.0396
5856.02,1.0395
5856.92,1.0383
5857.82,1.0344
5858.72,1.0343
5859.62,1.0378
5860.52,1.0367
5861.42,1.0396
5862.32,1.0374
5863.23,1.0397
5864.12,1.0459
5865.03,1.0432
5865.93,1.0441
5866.83,1.0508
5867.73,1.0488
5868.63,1.0471
5869.53,1.047
5870.43,1.0516
5871.33,1.0495
5872.23,1.0524
5873.13,1.0564
5874.03,1.054
5874.93,1.0566
5875.83,1.0561
5876.73,1.0564
5877.63,1.0548
5878.53,1.0496
5879.43,1.0472
5880.33,1.0452
5881.23,1.0466
5882.13,1.0447
5883.03,1.0362
5883.93,1.0427
5884.83,1.0345
5885.73,1.0282
5886.63,1.0257
5887.53,1.0139
5888.43,1.0041
5889.33,0.99669
5890.23,0.98865
5891.13,0.97758
5892.03,0.97801
5892.93,0.97404
5893.83,0.97039
5894.73,0.97274
5895.63,0.97399
5896.53,0.9759
5897.43,0.98085
5898.33,0.9832
5899.23,0.99088
5900.13,0.99812
5901.04,1.0096
5901.94,1.0133
5902.83,1.0173
5903.74,1.0222
5904.64,1.0311
5905.54,1.0331
5906.44,1.0319
5907.34,1.0329
5908.24,1.0345
5909.14,1.0346
5910.04,1.0377
5910.94,1.0354
5911.84,1.0331
5912.74,1.031
5913.64,1.0285
5914.54,1.0284
5915.44,1.025
5916.34,1.0282
5917.24,1.0321
5918.14,1.0293
5919.04,1.0297
5919.94,1.0289
5920.84,1.0239
5921.74,1.0314
5922.64,1.0321
5923.54,1.0302
5924.44,1.0299
5925.34,1.0323
5926.24,1.0307
5927.14,1.03
5928.04,1.037
5928.94,1.0324
5929.84,1.0308
5930.74,1.0319
5931.64,1.0314
5932.54,1.0323
5933.44,1.0311
5934.34,1.0322
5935.24,1.0273
5936.14,1.0317
5937.04,1.0261
5937.94,1.0268
5938.85,1.0321
5939.75,1.0291
5940.65,1.0327
5941.55,1.033
5942.45,1.0302
5943.35,1.0293
5944.25,1.0245
5945.15,1.0259
5946.05,1.0289
5946.95,1.0257
5947.85,1.0275
5948.75,1.0294
5949.65,1.0253
5950.55,1.0289
5951.45,1.0237
5952.35,1.022
5953.25,1.0254
5954.15,1.0215
5955.05,1.0246
5955.95,1.0242
5956.85,1.0265
5957.75,1.0291
5958.65,1.0293
5959.55,1.0289
5960.45,1.0298
5961.35,1.027
5962.25,1.0352
5963.15,1.0356
5964.05,1.0356
5964.95,1.0327
5965.85,1.0363
5966.75,1.0355
5967.65,1.0395
5968.55,1.0356
5969.45,1.0374
5970.35,1.0372
5971.25,1.037
5972.15,1.0314
5973.05,1.036
5973.95,1.0331
5974.85,1.0294
5975.75,1.0328
5976.65,1.0312
5977.56,1.0307
5978.46,1.0277
5979.36,1.0272
5980.26,1.0225
5981.16,1.0224
5982.06,1.0226
5982.96,1.0259
5983.86,1.0256
5984.76,1.0194
5985.66,1.0245
5986.56,1.0195
5987.46,1.02
5988.36,1.0207
5989.26,1.0189
5990.16,1.0225
5991.06,1.023
5991.96,1.0276
5992.86,1.0272
5993.76,1.0269
5994.66,1.0283
5995.56,1.0243
5996.46,1.0298
5997.36,1.0243
5998.26,1.0245
5999.16,1.0261
6000.06,1.0225
6000.96,1.0222
6001.86,1.021
6002.76,1.0171
6003.66,1.0191
6004.56,1.0168
6005.46,1.016
6006.36,1.0183
6007.26,1.0166
6008.16,1.0103
6009.06,1.0164
6009.96,1.0119
6010.86,1.0162
6011.76,1.0133
6012.67,1.0118
6013.56,1.0137
6014.47,1.0147
6015.37,1.0118
6016.27,1.0144
6017.17,1.0119
6018.07,1.0109
6018.97,1.013
6019.87,1.0112
6020.77,1.0119
6021.67,1.0109
6022.57,1.01
6023.47,1.0095
6024.37,1.0107
6025.27,1.0099
6026.17,1.0084
6027.07,1.015
6027.97,1.0208
6028.87,1.0182
6029.77,1.0185
6030.67,1.0213
6031.57,1.0231
6032.47,1.0212
6033.37,1.022
6034.27,1.0264
6035.17,1.0217
6036.07,1.0233
6036.97,1.0281
6037.87,1.0239
6038.77,1.0258
6039.67,1.0243
6040.57,1.0246
6041.47,1.0205
6042.37,1.023
6043.27,1.0235
6044.17,1.0279
6045.07,1.026
6045.97,1.0239
6046.87,1.0282
6047.77,1.0288
6048.67,1.0262
6049.57,1.0235
6050.47,1.0303
6051.38,1.0255
6052.28,1.0228
6053.18,1.0273
6054.08,1.0252
6054.98,1.022
6055.88,1.0226
6056.78,1.0191
6057.68,1.0215
6058.58,1.0198
6059.48,1.0196
6060.38,1.0161
6061.28,1.0168
6062.18,1.018
6063.08,1.0114
6063.98,1.0108
6064.88,1.0158
6065.78,1.0123
6066.68,1.011
6067.58,1.0139
6068.48,1.0171
6069.38,1.0132
6070.28,1.021
6071.18,1.0195
6072.08,1.0231
6072.98,1.0222
6073.88,1.0219
6074.78,1.0247
6075.68,1.0185
6076.58,1.02
6077.48,1.0191
6078.38,1.0171
6079.28,1.0156
6080.18,1.009
6081.08,1.0098
6081.98,1.0106
6082.88,1.0069
6083.78,1.0062
6084.68,1.0081
6085.58,1.0054
6086.48,1.0063
6087.38,1.0048
6088.28,1.0059
6089.19,1.0075
6090.09,1.0055
6090.99,1.0039
6091.89,1.0085
6092.79,1.0077
6093.69,1.0064
6094.59,1.0086
6095.49,1.0138
6096.39,1.0071
6097.29,1.0103
6098.19,1.0099
6099.09,1.012
6099.99,1.0074
6100.89,1.0017
6101.79,1.0034
6102.69,0.99837
6103.59,0.99995
6104.49,0.99636
6105.39,0.99754
6106.29,0.99804
6107.19,0.99893
6108.09,0.99877
6108.99,0.99904
6109.89,1.0014
6110.79,1.0043
6111.69,1.002
6112.59,1.0113
6113.49,1.0067
6114.39,1.0088
6115.29,1.0102
6116.19,1.0089
6117.09,1.0108
6117.99,1.0083
6118.89,1.0074
6119.79,1.0017
6120.69,0.99834
6121.59,0.99738
6122.49,0.99587
6123.39,0.99471
6124.29,0.99568
6125.19,0.99475
6126.1,0.99726
6127.0,0.99604
6127.9,0.99476
6128.8,0.99946
6129.7,1.0012
6130.6,0.99578
6131.5,0.99566
6132.4,0.99828
6133.3,0.99152
6134.2,0.9915
6135.1,0.98776
6136.0,0.98903
6136.9,0.98265
6137.8,0.98379
6138.7,0.97611
6139.6,0.97466
6140.5,0.97768
6141.4,0.97731
6142.3,0.98093
6143.2,0.98406
6144.1,0.98156
6145.0,0.98437
6145.9,0.99138
6146.8,0.99119
6147.7,0.98914
6148.6,0.99369
6149.5,0.99519
6150.4,0.99462
6151.3,0.99753
6152.2,0.99904
6153.1,0.99523
6154.0,0.99257
6154.9,1.0001
6155.8,0.99588
6156.7,0.99365
6157.6,0.98954
6158.5,0.98654
6159.4,0.98044
6160.3,0.98335
6161.2,0.97729
6162.1,0.96922
6163.01,0.9709
6163.91,0.96471
6164.81,0.96191
6165.71,0.96125
6166.61,0.96408
6167.51,0.96534
6168.41,0.96266
6169.31,0.96405
6170.21,0.96202
6171.11,0.96758
6172.01,0.97117
6172.91,0.96502
6173.81,0.96991
6174.71,0.97242
6175.61,0.97413
6176.51,0.97426
6177.41,0.97858
6178.31,0.97829
6179.21,0.9802
6180.11,0.98405
6181.01,0.98728
6181.91,0.98624
6182.81,0.98477
6183.71,0.9882
6184.61,0.98976
6185.51,0.984
6186.41,0.98612
6187.31,0.98174
6188.21,0.97943
6189.11,0.97849
6190.01,0.97688
6190.91,0.97342
6191.81,0.97133
6192.71,0.96954
6193.61,0.97178
6194.51,0.97048
6195.41,0.97584
6196.31,0.97624
6197.21,0.97913
6198.11,0.97769
6199.01,0.97534
6199.92,0.98256
6200.82,0.98448
6201.72,0.9806
6202.62,0.98804
6203.52,0.97963
6204.42,0.98503
6205.32,0.98508
6206.22,0.98495
6207.12,0.9869
6208.02,0.98615
6208.92,0.98726
6209.82,0.98276
6210.72,0.98306
6211.62,0.97885
6212.52,0.97838
6213.42,0.97426
6214.32,0.97463
6215.22,0.96586
6216.12,0.96558
6217.02,0.97006
6217.92,0.96434
6218.82,0.96284
6219.72,0.9615
6220.62,0.96688
6221.52,0.96836
6222.42,0.96793
6223.32,0.9679
6224.22,0.96961
6225.12,0.96722
6226.02,0.96541
6226.92,0.96666
6227.82,0.96946
6228.72,0.96459
6229.62,0.96641
6230.52,0.96461
6231.42,0.95646
6232.32,0.96041
6233.22,0.95961
6234.12,0.96029
6235.02,0.95815
6235.92,0.96164
6236.83,0.96123
6237.73,0.96523
6238.63,0.96442
6239.53,0.9641
6240.43,0.96462
6241.33,0.96039
6242.23,0.96187
6243.13,0.95855
6244.03,0.95688
6244.93,0.95397
6245.83,0.95475
6246.73,0.95344
6247.63,0.95554
6248.53,0.95521
6249.43,0.95333
6250.33,0.95304
6251.23,0.95254
6252.13,0.95112
6253.03,0.95327
6253.93,0.94807
6254.83,0.9504
6255.73,0.94827
6256.63,0.94275
6257.53,0.94193
6258.43,0.9481
6259.33,0.94403
6260.23,0.94831
6261.13,0.9484
6262.03,0.94907
6262.93,0.95172
6263.83,0.95512
6264.73,0.96161
6265.63,0.95922
6266.53,0.96196
6267.43,0.96449
6268.33,0.96679
6269.23,0.96083
6270.13,0.96575
6271.03,0.96676
6271.93,0.96477
6272.83,0.96534
6273.73,0.96752
6274.64,0.96704
6275.54,0.96451
6276.44,0.96297
6277.34,0.96508
6278.24,0.96518
6279.14,0.9661
6280.04,0.9638
6280.94,0.95938
6281.84,0.96034
6282.74,0.95843
6283.64,0.96008
6284.54,0.96591
6285.44,0.96634
6286.34,0.96787
6287.24,0.96598
6288.14,0.97203
6289.04,0.97149
6289.94,0.97351
6290.84,0.96904
6291.74,0.9697
6292.64,0.96582
6293.54,0.97001
6294.44,0.96413
6295.34,0.96445
6296.24,0.96463
6297.14,0.9617
6298.04,0.95853
6298.94,0.956
6299.84,0.95715
6300.74,0.95
6301.64,0.95188
6302.54,0.95341
6303.44,0.95164
6304.34,0.95235
6305.24,0.95991
6306.14,0.95678
6307.04,0.96246
6307.94,0.96298
6308.84,0.9647
6309.74,0.96013
6310.64,0.96263
6311.54,0.96186
6312.45,0.9614
6313.35,0.95947
6314.25,0.95839
6315.15,0.95597
6316.05,0.95465
6316.95,0.955
6317.85,0.94864
6318.75,0.95151
6319.65,0.95305
6320.55,0.95183
6321.45,0.95271
6322.35,0.95536
6323.25,0.95781
6324.15,0.95564
6325.05,0.95865
6325.95,0.95867
6326.85,0.96368
6327.75,0.96473
6328.65,0.96137
6329.55,0.96099
6330.45,0.96041
6331.35,0.96113
6332.25,0.9619
6333.15,0.9595
6334.05,0.95992
6334.95,0.95744
6335.85,0.95855
6336.75,0.95357
6337.65,0.95671
6338.55,0.95283
6339.45,0.95232
6340.35,0.95175
6341.25,0.95591
6342.15,0.95353
6343.05,0.95335
6343.95,0.95336
6344.85,0.95616
6345.75,0.95745
6346.65,0.95621
6347.55,0.95432
6348.46,0.95568
6349.35,0.95914
6350.26,0.95706
6351.16,0.95782
6352.06,0.9579
6352.96,0.95906
6353.86,0.95855
6354.76,0.95468
6355.66,0.95467
6356.56,0.95037
6357.46,0.94928
6358.36,0.94472
6359.26,0.94293
6360.16,0.94409
6361.06,0.9436
6361.96,0.9427
6362.86,0.94202
6363.76,0.94302
6364.66,0.94473
6365.56,0.94583
6366.46,0.94543
6367.36,0.94741
6368.26,0.94857
6369.16,0.9511
6370.06,0.95108
6370.96,0.95336
6371.86,0.9549
6372.76,0.95583
6373.66,0.95513
6374.56,0.95422
6375.46,0.95347
6376.36,0.95106
6377.26,0.95489
6378.16,0.95669
6379.06,0.95851
6379.96,0.9539
6380.86,0.9581
6381.76,0.95232
6382.66,0.95576
6383.56,0.9487
6384.46,0.95535
6385.36,0.95324
6386.27,0.95158
6387.17,0.94981
6388.07,0.95577
6388.97,0.95465
6389.87,0.95455
6390.77,0.95097
6391.67,0.9533
6392.57,0.94917
6393.47,0.9466
6394.37,0.94561
6395.27,0.9444
6396.17,0.94568
6397.07,0.94075
6397.97,0.94252
6398.87,0.93753
6399.77,0.93967
6400.67,0.94
6401.57,0.94129
6402.47,0.94555
6403.37,0.9437
6404.27,0.94339
6405.17,0.94526
6406.07,0.94695
6406.97,0.94717
6407.87,0.94704
6408.77,0.94253
6409.67,0.94588
6410.57,0.93986
6411.47,0.94294
6412.37,0.94449
6413.27,0.94466
6414.17,0.94096
6415.07,0.94436
6415.97,0.94128
6416.87,0.94544
6417.77,0.94096
6418.67,0.94217
6419.57,0.9421
6420.47,0.94302
6421.37,0.94436
6422.27,0.94298
6423.17,0.94503
6424.08,0.9418
6424.98,0.94805
6425.88,0.94357
6426.78,0.94909
6427.68,0.94675
6428.58,0.94672
6429.48,0.947
6430.38,0.94495
6431.28,0.94322
6432.18,0.94251
6433.08,0.94405
6433.98,0.94529
6434.88,0.94185
6435.78,0.94224
6436.68,0.94231
6437.58,0.94025
6438.48,0.94114
6439.38,0.94197
6440.28,0.94238
6441.18,0.93846
6442.08,0.94256
6442.98,0.94313
6443.88,0.94487
6444.78,0.94526
6445.68,0.9492
6446.58,0.94777
6447.48,0.94472
6448.38,0.93944
6449.28,0.94502
6450.18,0.93644
6451.08,0.93906
6451.98,0.93736
6452.88,0.93448
6453.78,0.93293
6454.68,0.93531
6455.58,0.93379
6456.48,0.93343
6457.38,0.93455
6458.28,0.93295
6459.18,0.93612
6460.08,0.9327
6460.98,0.93103
6461.89,0.92843
6462.79,0.92464
6463.69,0.92855
6464.59,0.92182
6465.49,0.92766
6466.39,0.92994
6467.29,0.93048
6468.19,0.92978
6469.09,0.92896
6469.99,0.92996
6470.89,0.92991
6471.79,0.9316
6472.69,0.93065
6473.59,0.9309
6474.49,0.93166
6475.39,0.93122
6476.29,0.93142
6477.19,0.92987
6478.09,0.9305
6478.99,0.92724
6479.89,0.92574
6480.79,0.9268
6481.69,0.92403
6482.59,0.92545
6483.49,0.92399
6484.39,0.92651
6485.29,0.92321
6486.19,0.9239
6487.09,0.9245
6487.99,0.92334
6488.89,0.92025
6489.79,0.91893
6490.69,0.91447
6491.59,0.90944
6492.49,0.90702
6493.39,0.90087
6494.29,0.89711
6495.19,0.89135
6496.09,0.88881
6496.99,0.88624
6497.9,0.88523
6498.79,0.88222
6499.7,0.88593
6500.6,0.88875
6501.5,0.89445
6502.4,0.90206
6503.3,0.90271
6504.2,0.90563
6505.1,0.90948
6506.0,0.91807
6506.9,0.9195
6507.8,0.92021
6508.7,0.91769
6509.6,0.91953
6510.5,0.92121
6511.4,0.91797
6512.3,0.91816
6513.2,0.91565
6514.1,0.91538
6515.0,0.91438
6515.9,0.91093
6516.8,0.91151
6517.7,0.9084
6518.6,0.90816
6519.5,0.90916
6520.4,0.90912
6521.3,0.91078
6522.2,0.90765
6523.1,0.91363
6524.0,0.90981
6524.9,0.90965
6525.8,0.90839
6526.7,0.91078
6527.6,0.90915
6528.5,0.91026
6529.4,0.90857
6530.3,0.90949
6531.2,0.90736
6532.1,0.90464
6533.0,0.90213
6533.9,0.90487
6534.8,0.90309
6535.71,0.89974
6536.61,0.90241
6537.51,0.90083
6538.41,0.89893
6539.31,0.90039
6540.21,0.8984
6541.11,0.89493
6542.01,0.89664
6542.91,0.89195
6543.81,0.88813
6544.71,0.88199
6545.61,0.88387
6546.51,0.88102
6547.41,0.8741
6548.31,0.87216
6549.21,0.86826
6550.11,0.86514
6551.01,0.86234
6551.91,0.85784
6552.81,0.85338
6553.71,0.84769
6554.61,0.83926
6555.51,0.83271
6556.41,0.82343
6557.31,0.80924
6558.21,0.79374
6559.11,0.78079
6560.01,0.76308
6560.91,0.74795
6561.81,0.73182
6562.71,0.71923
6563.61,0.70819
6564.51,0.70437
6565.41,0.70954
6566.31,0.71723
6567.21,0.72505
6568.11,0.74099
6569.01,0.76074
6569.91,0.77503
6570.81,0.78902
6571.71,0.80185
6572.61,0.81411
6573.52,0.82548
6574.42,0.83063
6575.32,0.84174
6576.22,0.84523
6577.12,0.85088
6578.02,0.8601
6578.92,0.8588
6579.82,0.86724
6580.72,0.86818
6581.62,0.86666
6582.52,0.87392
6583.42,0.87894
6584.32,0.8803
6585.22,0.87436
6586.12,0.88209
6587.02,0.88158
6587.92,0.88541
6588.82,0.88387
6589.72,0.88142
6590.62,0.88035
6591.52,0.8838
6592.42,0.8823
6593.32,0.88471
6594.22,0.88278
6595.12,0.88066
6596.02,0.88055
6596.92,0.88181
6597.82,0.88305
6598.72,0.88663
6599.62,0.88897
6600.52,0.88887
6601.42,0.89209
6602.32,0.8936
6603.22,0.89355
6604.12,0.89079
6605.02,0.89689
6605.92,0.89321
6606.82,0.89402
6607.72,0.89243
6608.62,0.89321
6609.52,0.8957
6610.43,0.89762
6611.33,0.89516
6612.23,0.89624
6613.13,0.89627
6614.03,0.89933
6614.93,0.89865
6615.83,0.90266
6616.73,0.90095
6617.63,0.9023
6618.53,0.90339
6619.43,0.90285
6620.33,0.90065
6621.23,0.90266
6622.13,0.90016
6623.03,0.90258
6623.93,0.90333
6624.83,0.8989
6625.73,0.8981
6626.63,0.90335
6627.53,0.89999
6628.43,0.89741
6629.33,0.89895
6630.23,0.89836
6631.13,0.89721
6632.03,0.89748
6632.93,0.89962
6633.83,0.9003
6634.73,0.89207
6635.63,0.89919
6636.53,0.89462
6637.43,0.89472
6638.33,0.89969
6639.23,0.89413
6640.13,0.89622
6641.03,0.89975
6641.93,0.89773
6642.83,0.89396
6643.73,0.89498
6644.63,0.89499
6645.53,0.89571
6646.43,0.89291
6647.34,0.89665
6648.24,0.89544
6649.14,0.89606
6650.04,0.89782
6650.94,0.8979
6651.84,0.89735
6652.74,0.89717
6653.64,0.90138
6654.54,0.89922
6655.44,0.89805
6656.34,0.89942
6657.24,0.8991
6658.14,0.89853
6659.04,0.89653
6659.94,0.89485
6660.84,0.89399
6661.74,0.8922
6662.64,0.89248
6663.54,0.89015
6664.44,0.88973
6665.34,0.89053
6666.24,0.89246
6667.14,0.88749
6668.04,0.89098
6668.94,0.89087
6669.84,0.89121
6670.74,0.89355
6671.64,0.89618
6672.54,0.88932
6673.44,0.89156
6674.34,0.89506
6675.24,0.89196
6676.14,0.89216
6677.04,0.89088
6677.94,0.89167
6678.84,0.88806
6679.74,0.88662
6680.64,0.8843
6681.54,0.88491
6682.44,0.88375
6683.34,0.89227
6684.24,0.88933
6685.15,0.88881
6686.05,0.89006
6686.95,0.8932
6687.85,0.89128
6688.75,0.89171
6689.65,0.89056
6690.55,0.89512
6691.45,0.89259
6692.35,0.88898
6693.25,0.89207
6694.15,0.89136
6695.05,0.8898
6695.95,0.89144
6696.85,0.89233
6697.75,0.89286
6698.65,0.88675
6699.55,0.88902
6700.45,0.88733
6701.35,0.88822
6702.25,0.8901
6703.15,0.88987
6704.05,0.8919
6704.95,0.88404
6705.85,0.88473
6706.75,0.88807
6707.65,0.88754
6708.55,0.88794
6709.45,0.88793
6710.35,0.88662
6711.25,0.88239
6712.15,0.88248
6713.05,0.88525
6713.95,0.88179
6714.85,0.88225
6715.75,0.88114
6716.65,0.87857
6717.55,0.87702
6718.45,0.87721
6719.35,0.88077
6720.25,0.87539
6721.16,0.8778
6722.06,0.87444
6722.96,0.87769
6723.86,0.87907
6724.76,0.87931
6725.66,0.87948
6726.56,0.88182
6727.46,0.88331
6728.36,0.88064
6729.26,0.88454
6730.16,0.884
6731.06,0.88569
6731.96,0.88713
6732.86,0.88094
6733.76,0.88483
6734.66,0.88356
6735.56,0.8825
6736.46,0.88248
6737.36,0.87895
6738.26,0.88014
6739.16,0.8815
6740.06,0.87905
6740.96,0.8769
6741.86,0.8777
6742.76,0.87825
6743.66,0.87494
6744.56,0.87693
6745.46,0.87876
6746.36,0.87794
6747.26,0.8742
6748.16,0.87472
6749.06,0.87752
6749.96,0.87687
6750.86,0.87401
6751.76,0.87154
6752.66,0.87578
6753.56,0.87225
6754.46,0.87442
6755.36,0.87369
6756.26,0.87371
6757.16,0.87531
6758.06,0.87962
6758.97,0.88223
6759.87,0.87633
6760.77,0.88253
6761.67,0.88685
6762.57,0.88076
6763.47,0.87884
6764.37,0.87712
6765.27,0.87906
6766.17,0.87902
6767.07,0.87919
6767.97,0.87728
6768.87,0.87715
6769.77,0.87498
6770.67,0.87582
6771.57,0.87604
6772.47,0.87117
6773.37,0.87344
6774.27,0.87507
6775.17,0.87348
6776.07,0.8755
6776.97,0.87721
6777.87,0.87571
6778.77,0.87387
6779.67,0.87588
6780.57,0.87574
6781.47,0.87881
6782.37,0.87674
6783.27,0.87607
6784.17,0.8749
6785.07,0.87422
6785.97,0.87404
6786.87,0.87274
6787.77,0.87183
6788.67,0.87569
6789.57,0.87247
6790.47,0.87226
6791.37,0.87331
6792.27,0.87342
6793.17,0.87359
6794.07,0.8741
6794.97,0.8716
6795.88,0.87238
6796.78,0.87586
6797.68,0.87711
6798.58,0.87741
6799.48,0.87335
6800.38,0.87443
6801.28,0.87197
6802.18,0.87356
6803.08,0.87325
6803.98,0.87501
6804.88,0.87204
6805.78,0.8748
6806.68,0.87202
6807.58,0.87341
6808.48,0.87308
6809.38,0.86965
6810.28,0.87398
6811.18,0.87055
6812.08,0.86933
6812.98,0.86828
6813.88,0.87099
6814.78,0.86818
6815.68,0.87038
6816.58,0.87
6817.48,0.86929
6818.38,0.86747
6819.28,0.8699
6820.18,0.87109
6821.08,0.86878
6821.98,0.86814
6822.88,0.87103
6823.78,0.86385
6824.68,0.86979
6825.58,0.87115
6826.48,0.87397
6827.38,0.87135
6828.28,0.86966
6829.18,0.87026
6830.08,0.86555
6830.98,0.86594
6831.88,0.86885
6832.79,0.87066
6833.69,0.87032
6834.59,0.86886
6835.49,0.87381
6836.39,0.87
6837.29,0.86852
6838.19,0.8677
6839.09,0.86273
6839.99,0.86585
6840.89,0.86235
6841.79,0.86283
6842.69,0.86085
6843.59,0.86169
6844.49,0.86297
6845.39,0.86182
6846.29,0.86388
6847.19,0.86317
6848.09,0.86272
6848.99,0.86242
6849.89,0.8646
6850.79,0.86622
6851.69,0.86332
6852.59,0.8654
6853.49,0.86231
6854.39,0.86287
6855.29,0.86445
6856.19,0.86064
6857.09,0.86056
6857.99,0.85671
6858.89,0.85863
6859.79,0.86229
6860.69,0.85835
6861.59,0.85824
6862.49,0.85826
6863.39,0.86298
6864.29,0.86252
6865.19,0.86173
6866.09,0.86493
6866.99,0.8635
6867.89,0.86487
6868.79,0.86557
6869.7,0.86043
6870.6,0.86377
6871.5,0.86255
6872.4,0.86343
6873.3,0.86005
6874.2,0.86343
6875.1,0.86287
6876.0,0.8593
6876.9,0.86167
6877.8,0.86264
6878.7,0.86264
6879.6,0.86262
6880.5,0.86213
6881.4,0.86105
6882.3,0.86241
6883.2,0.86164
6884.1,0.86176
6885.0,0.86163
6885.9,0.86097
6886.8,0.85902
6887.7,0.85938
6888.6,0.86138
6889.5,0.85958
6890.4,0.86236
6891.3,0.86428
6892.2,0.8624
6893.1,0.86363
6894.0,0.86255
6894.9,0.86146
6895.8,0.86144
6896.7,0.8614
6897.6,0.86034
6898.5,0.85888
6899.4,0.86386
6900.3,0.86144
6901.2,0.86157
6902.1,0.86004
6903.0,0.86024
6903.9,0.86034
6904.8,0.85957
6905.7,0.86568
6906.6,0.86417
6907.51,0.86412
6908.41,0.86304
6909.31,0.86194
6910.21,0.86214
6911.11,0.86383
6912.01,0.86289
6912.91,0.85748
6913.81,0.85386
6914.71,0.85689
6915.61,0.85967
6916.51,0.85135
6917.41,0.85192
6918.31,0.85545
6919.21,0.85413
6920.11,0.85517
6921.01,0.85624
6921.91,0.8548
6922.81,0.85505
6923.71,0.8545
6924.61,0.85704
6925.51,0.85542
6926.41,0.85676
6927.31,0.85921
6928.21,0.85934
6929.11,0.85733
6930.01,0.85854
6930.91,0.85839
6931.81,0.85568
6932.71,0.85901
6933.61,0.85847
6934.51,0.85567
6935.41,0.85972
6936.31,0.85603
6937.21,0.85924
6938.11,0.85396
6939.01,0.85715
6939.91,0.85653
6940.81,0.85532
6941.71,0.85307
6942.61,0.85304
6943.52,0.85841
6944.42,0.84921
6945.31,0.84904
6946.22,0.85066
6947.12,0.85308
6948.02,0.85333
6948.92,0.85041
6949.82,0.855
6950.72,0.85043
6951.62,0.85259
6952.52,0.85016
6953.42,0.855
6954.32,0.85018
6955.22,0.85427
6956.12,0.8534
6957.02,0.85178
6957.92,0.85508
6958.82,0.85348
6959.72,0.85617
6960.62,0.85629
6961.52,0.85752
6962.42,0.85505
6963.32,0.85602
6964.22,0.85515
6965.12,0.85892
6966.02,0.85471
6966.92,0.85416
6967.82,0.85884
6968.72,0.85585
6969.62,0.85253
6970.52,0.8533
6971.42,0.85223
6972.32,0.85198
6973.22,0.85062
6974.12,0.84901
6975.02,0.84989
6975.92,0.84803
6976.82,0.84561
6977.72,0.84734
6978.62,0.84624
6979.52,0.84625
6980.42,0.84439
6981.33,0.84529
6982.23,0.84522
6983.12,0.84485
6984.03,0.846
6984.93,0.84402
6985.83,0.84923
6986.73,0.84796
6987.63,0.84842
6988.53,0.85369
6989.43,0.85124
6990.33,0.8495
6991.23,0.85
6992.13,0.85225
6993.03,0.85083
6993.93,0.85127
6994.83,0.85281
6995.73,0.85183
6996.63,0.84905
6997.53,0.8497
6998.43,0.85065
6999.33,0.84408
7000.23,0.84818
7001.13,0.84921
7002.03,0.84726
7002.93,0.84577
7003.83,0.84669
7004.73,0.84728
7005.63,0.84356
7006.53,0.84616
7007.43,0.84366
7008.33,0.84579
7009.23,0.84424
7010.13,0.84813
7011.03,0.84666
7011.93,0.84467
7012.83,0.84051
7013.73,0.84163
7014.63,0.844
7015.53,0.84439
7016.43,0.83985
7017.33,0.84255
7018.23,0.84057
7019.14,0.84094
7020.04,0.84256
7020.94,0.8445
7021.84,0.84215
7022.74,0.84537
7023.64,0.84355
7024.54,0.84667
7025.44,0.84317
7026.34,0.84278
7027.24,0.84607
7028.14,0.84565
7029.04,0.84656
7029.94,0.84257
7030.84,0.84628
7031.74,0.84299
7032.64,0.84502
7033.54,0.84426
7034.44,0.84277
7035.34,0.84161
7036.24,0.83926
7037.14,0.84193
7038.04,0.84314
7038.94,0.84856
7039.84,0.84762
7040.74,0.84489
7041.64,0.84267
7042.54,0.84842
7043.44,0.84794
7044.34,0.85121
7045.24,0.84987
7046.14,0.85173
7047.04,0.85256
7047.94,0.85466
7048.84,0.84856
7049.74,0.84836
7050.64,0.84783
7051.54,0.84641
7052.44,0.84938
7053.34,0.8432
7054.25,0.84006
7055.15,0.84423
7056.04,0.84036
7056.95,0.83834
7057.85,0.83707
7058.75,0.83858
7059.65,0.83781
7060.55,0.84129
7061.45,0.83685
7062.35,0.83864
7063.25,0.83854
7064.15,0.83522
7065.05,0.83871
7065.95,0.83759
7066.85,0.8389
7067.75,0.83838
7068.65,0.83405
7069.55,0.83717
7070.45,0.83734
7071.35,0.83983
7072.25,0.84199
7073.15,0.84022
7074.05,0.84126
7074.95,0.84365
7075.85,0.84007
7076.75,0.84107
7077.65,0.84351
7078.55,0.84262
7079.45,0.84233
7080.35,0.83799
7081.25,0.84191
7082.15,0.83836
7083.05,0.83324
7083.95,0.83382
7084.85,0.83217
7085.75,0.83011
7086.65,0.82576
7087.55,0.82383
7088.45,0.82251
7089.35,0.82348
7090.25,0.81613
7091.15,0.81803
7092.06,0.81668
7092.96,0.817
7093.85,0.81526
7094.76,0.81532
7095.66,0.81786
7096.56,0.81765
7097.46,0.81799
7098.36,0.81793
7099.26,0.82369
7100.16,0.8233
7101.06,0.82456
7101.96,0.82454
7102.86,0.8261
7103.76,0.82565
7104.66,0.82329
7105.56,0.82709
7106.46,0.82789
7107.36,0.8261
7108.26,0.83005
7109.16,0.82624
7110.06,0.82577
7110.96,0.82848
7111.86,0.82797
7112.76,0.82804
7113.66,0.8275
7114.56,0.8262
7115.46,0.82676
7116.36,0.82748
7117.26,0.82757
7118.16,0.82702
7119.06,0.8271
7119.96,0.82601
7120.86,0.82588
7121.76,0.8257
7122.66,0.82668
7123.56,0.82187
7124.46,0.82262
7125.36,0.82538
7126.26,0.82043
7127.16,0.8195
7127.27,0.82129
7128.17,0.81878
7129.07,0.81973
7129.96,0.81933
7130.86,0.81422
7131.75,0.81336
7132.65,0.81665
7133.55,0.81998
7134.44,0.81573
7135.34,0.81498
7136.23,0.81828
7137.13,0.81694
7138.03,0.82088
7138.92,0.81654
7139.82,0.81453
7140.71,0.81742
7141.61,0.81973
7142.5,0.81674
7143.4,0.81356
7144.3,0.81472
7145.19,0.81343
7146.09,0.80983
7146.98,0.80709
7147.88,0.80794
7148.78,0.80879
7149.67,0.80743
7150.57,0.80894
7151.46,0.80593
7152.36,0.81026
7153.26,0.80789
7154.15,0.81156
7155.05,0.81393
7155.94,0.81171
7156.84,0.81591
7157.74,0.81739
7158.63,0.8148
7159.53,0.82514
7160.42,0.81949
7161.32,0.8241
7162.21,0.82742
7163.11,0.8295
7164.01,0.82891
7164.9,0.83361
7165.8,0.83819
7166.69,0.83782
7167.59,0.84065
7168.49,0.84423
7169.38,0.84425
7170.28,0.84708
7171.17,0.84851
7172.07,0.84879
7172.96,0.85168
7173.86,0.8506
7174.76,0.85062
7175.65,0.85409
7176.55,0.84957
7177.44,0.8537
7178.34,0.84931
7179.24,0.84806
7180.13,0.84854
7181.03,0.84582
7181.92,0.8472
7182.82,0.8476
7183.72,0.84072
7184.61,0.84202
7185.51,0.8412
7186.4,0.84176
7187.3,0.84026
7188.19,0.84236
7189.09,0.84202
7189.99,0.8364
7190.88,0.8421
7191.78,0.83775
7192.67,0.83929
7193.57,0.84004
7194.47,0.84077
7195.36,0.84054
7196.26,0.84354
7197.15,0.84215
7198.05,0.84201
7198.95,0.84262
7199.84,0.84292
7200.74,0.84224
7201.63,0.83973
7202.53,0.83882
7203.43,0.83943
7204.32,0.83798
7205.22,0.8392
7206.11,0.83717
7207.01,0.83736
7207.9,0.83884
7208.8,0.84119
7209.7,0.83675
7210.59,0.83635
7211.49,0.83928
7212.38,0.83792
7213.28,0.84123
7214.18,0.83916
7215.07,0.84141
7215.97,0.8426
7216.86,0.84188
7217.76,0.84352
7218.66,0.84507
7219.55,0.84256
7220.45,0.84221
7221.34,0.8451
7222.24,0.8424
7223.13,0.84777
7224.03,0.84506
7224.93,0.84754
7225.82,0.84778
7226.72,0.84407
7227.61,0.84532
7228.51,0.84732
7229.41,0.84992
7230.3,0.84843
7231.2,0.85065
7232.09,0.85035
7232.99,0.84884
7233.89,0.84838
7234.78,0.84886
7235.68,0.85016
7236.57,0.84781
7237.47,0.84821
7238.36,0.84795
7239.26,0.85015
7240.16,0.84889
7241.05,0.84853
7241.95,0.84632
7242.84,0.8475
7243.74,0.84544
7244.64,0.84547
7245.53,0.84443
7246.43,0.8423
7247.32,0.84288
7248.22,0.84085
7249.12,0.84159
7250.01,0.84203
7250.91,0.84166
7251.8,0.84161
7252.7,0.84275
7253.6,0.83874
7254.49,0.84168
7255.39,0.84234
7256.28,0.84244
7257.18,0.84354
7258.07,0.84467
7258.97,0.84054
7259.87,0.84173
7260.76,0.8417
7261.66,0.84298
7262.55,0.84481
7263.45,0.84138
7264.35,0.83931
7265.24,0.84268
7266.14,0.83945
7267.03,0.84127
7267.93,0.84177
7268.83,0.8411
7269.72,0.84307
7270.62,0.84155
7271.51,0.84396
7272.41,0.84355
7273.3,0.84063
7274.2,0.84189
7275.1,0.844
7275.99,0.84003
7276.89,0.84217
7277.78,0.83996
7278.68,0.8394
7279.58,0.84019
7280.47,0.83531
7281.37,0.8357
7282.26,0.84013
7283.16,0.83396
7284.06,0.83215
7284.95,0.83472
7285.85,0.83041
7286.74,0.83008
7287.64,0.82973
7288.53,0.8272
7289.43,0.828
7290.33,0.8268
7291.22,0.82369
7292.12,0.82855
7293.01,0.82849
7293.91,0.82609
7294.81,0.82857
7295.7,0.83037
7296.6,0.83299
7297.49,0.83159
7298.39,0.83224
7299.29,0.83149
7300.18,0.83134
7301.08,0.8312
7301.97,0.83281
7302.87,0.83501
7303.76,0.83472
7304.66,0.83516
7305.56,0.83254
7306.45,0.83393
7307.35,0.82872
7308.24,0.83214
7309.14,0.83301
7310.04,0.82862
7310.93,0.83241
7311.83,0.83036
7312.72,0.83026
7313.62,0.83214
7314.52,0.83319
7315.41,0.82947
7316.31,0.83051
7317.2,0.83169
7318.1,0.83461
7318.99,0.82975
7319.89,0.8286
7320.79,0.83056
7321.68,0.82794
7322.58,0.82664
7323.47,0.82593
7324.37,0.82231
7325.27,0.82234
7326.16,0.82376
7327.06,0.82372
7327.95,0.82525
7328.85,0.82339
7329.75,0.82165
7330.64,0.82736
7331.54,0.82508
7332.43,0.82662
7333.33,0.82928
7334.22,0.82886
7335.12,0.82873
7336.02,0.82652
7336.91,0.82938
7337.81,0.83006
7338.7,0.82955
7339.6,0.82553
7340.5,0.82827
7341.39,0.82945
7342.29,0.82716
7343.18,0.8264
7344.08,0.82634
7344.98,0.82811
7345.87,0.82496
7346.77,0.8243
7347.66,0.82374
7348.56,0.82424
7349.45,0.81868
7350.35,0.82256
7351.25,0.82006
7352.14,0.8185
7353.04,0.81939
7353.93,0.82113
7354.83,0.81628
7355.73,0.8161
7356.62,0.81395
7357.52,0.81274
7358.41,0.8145
7359.31,0.81354
7360.21,0.81471
7361.1,0.81323
7362.0,0.81223
7362.89,0.81064
7363.79,0.81221
7364.69,0.81592
7365.58,0.81385
7366.48,0.81441
7367.37,0.81151
7368.27,0.81272
7369.16,0.81797
7370.06,0.81474
7370.96,0.81632
7371.85,0.81839
7372.75,0.81626
7373.64,0.81697
7374.54,0.81494
7375.44,0.81518
7376.33,0.81067
7377.23,0.81597
7378.12,0.81553
7379.02,0.8159
7379.92,0.81193
7380.81,0.81642
7381.71,0.80996
7382.6,0.81099
7383.5,0.80632
7384.39,0.80677
7385.29,0.80751
7386.19,0.8066
7387.08,0.80217
7387.98,0.80038
7388.87,0.80133
7389.77,0.79836
7390.67,0.79918
7391.56,0.79881
7392.46,0.80024
7393.35,0.80177
7394.25,0.79614
7395.15,0.80044
7396.04,0.80263
7396.94,0.79995
7397.83,0.8036
7398.73,0.80465
7399.62,0.80322
7400.52,0.80143
7401.42,0.80138
7402.31,0.7997
7403.21,0.80228
7404.1,0.79971
7405.0,0.80237
7405.9,0.79824
7406.79,0.79463
7407.69,0.79369
7408.58,0.78931
7409.48,0.78847
7410.38,0.78642
7411.27,0.78147
7412.17,0.78048
7413.06,0.77724
7413.96,0.77339
7414.85,0.77428
7415.75,0.77044
7416.65,0.76997
7417.54,0.77047
7418.44,0.76948
7419.33,0.77652
7420.23,0.77257
7421.13,0.77693
7422.02,0.77511
7422.92,0.77709
7423.81,0.77836
7424.71,0.78294
7425.6,0.78429
7426.5,0.78319
7427.4,0.78931
7428.29,0.79144
7429.19,0.79188
7431.68,0.79787
7434.18,0.80295
7436.67,0.79882
7439.17,0.80202
7441.66,0.79719
7444.16,0.79532
7446.66,0.79875
7449.15,0.79784
7451.65,0.79712
7454.14,0.79972
7456.64,0.80016
7459.13,0.79913
7461.63,0.79912
7464.12,0.79841
7466.62,0.79764
7469.11,0.79822
7471.61,0.79922
7474.1,0.79927
7476.6,0.79737
7479.09,0.79406
7481.59,0.79636
7484.08,0.79623
7486.58,0.7972
7489.07,0.79293
7491.57,0.79313
7494.06,0.78741
7496.56,0.79127
7499.05,0.78996
7501.55,0.79173
7504.04,0.79312
7506.54,0.79117
7509.03,0.79189
7511.53,0.78749
7514.02,0.78927
7516.52,0.79048
7519.01,0.79057
7521.51,0.79166
7524.0,0.78746
7526.5,0.78885
7528.99,0.7873
7531.49,0.78807
7533.99,0.78954
7536.48,0.79014
7538.98,0.79163
7541.47,0.79097
7543.97,0.78988
7546.46,0.78749
7548.96,0.78956
7551.45,0.7891
7553.95,0.78798
7556.44,0.78455
7558.94,0.78442
7561.43,0.78538
7563.93,0.78622
7566.42,0.78311
7568.92,0.78532
7571.41,0.78482
7573.91,0.78241
7576.4,0.78406
7578.9,0.78297
7581.39,0.78241
7583.89,0.78158
7586.38,0.77738
7588.88,0.77723
7591.37,0.7805
7593.87,0.78165
7596.36,0.78198
7598.86,0.78131
7601.35,0.78158
7603.85,0.78184
7606.34,0.78077
7608.84,0.77926
7611.33,0.77806
7613.83,0.77515
7616.33,0.77453
7618.82,0.77394
7621.32,0.77157
7623.81,0.77474
7626.31,0.77344
7628.8,0.77623
7631.3,0.77817
7633.79,0.77881
7636.29,0.77803
7638.78,0.775
7641.28,0.77797
7643.77,0.77526
7646.27,0.77393
7648.76,0.77573
7651.26,0.7726
7653.75,0.76887
7656.25,0.76437
7658.74,0.7593
7661.24,0.75221
7663.73,0.74881
7666.23,0.74936
7668.72,0.75218
7671.22,0.75724
7673.71,0.76223
7676.21,0.76445
7678.7,0.76885
7681.2,0.76588
7683.69,0.7675
7686.19,0.76528
7688.69,0.7663
7691.18,0.76365
7693.68,0.76036
7696.17,0.75842
7698.67,0.75998
7701.16,0.7574
7703.66,0.75664
7706.15,0.75957
7708.65,0.75885
7711.14,0.75767
7713.64,0.75578
7716.13,0.75502
7718.63,0.75572
7721.12,0.75913
7723.62,0.75793
7726.11,0.76013
7728.61,0.76033
7731.1,0.76044
7733.6,0.76351
7736.09,0.76519
7738.59,0.76483
7741.08,0.76338
7743.58,0.76083
7746.07,0.75782
7748.57,0.75286
7751.06,0.7538
7753.56,0.75512
7756.05,0.75678
7758.55,0.76251
7761.04,0.76209
7763.54,0.76292
7766.03,0.76583
7768.53,0.76296
7771.03,0.76225
7773.52,0.76261
7776.02,0.76112
7778.51,0.75979
7781.01,0.75881
7783.5,0.75766
7786.0,0.75838
7788.49,0.7537
7790.99,0.75356
7793.48,0.75528
7795.98,0.75262
7798.47,0.75239
7800.97,0.75398
7803.46,0.7538
7805.96,0.75319
7808.45,0.75533
7810.95,0.75447
7813.44,0.7558
7815.94,0.75419
7818.43,0.75705
7820.93,0.75471
7823.42,0.75418
7825.92,0.75551
7828.41,0.75175
7830.91,0.74927
7833.4,0.74797
7835.9,0.74552
7838.39,0.74587
7840.89,0.74772
7843.38,0.74874
7845.88,0.74751
7848.38,0.74639
7850.87,0.74841
7853.37,0.74646
7855.86,0.74828
7858.36,0.74745
7860.85,0.74733
7863.35,0.74963
7865.84,0.74735
7868.34,0.74822
7870.83,0.74732
7873.33,0.7464
7875.82,0.7475
7878.32,0.74622
7880.81,0.74485
7883.31,0.74497
7885.8,0.74437
7888.3,0.7428
7890.79,0.74494
7893.29,0.74283
7895.78,0.74218
7898.28,0.74441
7900.77,0.74158
7903.27,0.74042
7905.76,0.7412
7908.26,0.73811
7910.75,0.73613
7913.25,0.73418
7915.74,0.73208
7918.24,0.73176
7920.73,0.73285
7923.23,0.73222
7925.73,0.73473
7928.22,0.73464
7930.71,0.73187
7933.21,0.73044
7935.71,0.72814
7938.2,0.72694
7940.7,0.72371
7943.19,0.72137
7945.69,0.7221
7948.18,0.7248
7950.68,0.72505
7953.17,0.729
7955.67,0.72972
7958.16,0.73036
7960.66,0.72993
7963.15,0.73168
7965.65,0.73207
7968.14,0.73121
7970.64,0.72992
7973.13,0.73091
7975.63,0.73073
7978.12,0.72741
7980.62,0.72686
7983.11,0.72874
7985.61,0.72724
7988.1,0.72522
7990.6,0.72481
7993.09,0.72413
7995.59,0.72308
7998.08,0.72195
8000.58,0.72149
8003.07,0.72247
8005.57,0.72699
8008.06,0.72725
8010.56,0.72827
8013.06,0.72735
8015.55,0.72796
8018.05,0.72805
8020.54,0.7269
8023.04,0.72489
8025.53,0.72201
8028.03,0.72056
8030.52,0.718
8033.02,0.72182
8035.51,0.72123
8038.01,0.72271
8040.5,0.72204
8043.0,0.72109
8045.49,0.71644
8047.99,0.71519
8050.48,0.71439
8052.98,0.7141
8055.47,0.71913
8057.97,0.71806
8060.46,0.71908
8062.96,0.71874
8065.45,0.71644
8067.95,0.71609
8070.44,0.71469
8072.94,0.7125
8075.43,0.71012
8077.93,0.71219
8080.42,0.71242
8082.92,0.71227
8085.41,0.71314
8087.91,0.7109
8090.4,0.71129
8092.9,0.70918
8095.4,0.71024
8097.89,0.70844
8100.39,0.71139
8102.88,0.71123
8105.38,0.71128
8107.87,0.70971
8110.37,0.71022
8112.86,0.709
8115.36,0.71022
8117.85,0.70792
8120.35,0.71045
8122.84,0.70862
8125.34,0.71032
8127.83,0.70861
8130.33,0.70981
8132.82,0.7093
8135.32,0.70875
8137.81,0.70793
8140.31,0.70876
8142.8,0.70711
8145.3,0.70806
8147.79,0.70798
8150.29,0.70679
8152.78,0.70675
8155.28,0.70757
8157.77,0.70665
8160.27,0.70657
8162.76,0.70601
8165.26,0.70616
8167.75,0.7067
8170.25,0.70445
8172.75,0.70456
8175.24,0.70452
8177.74,0.7035
8180.23,0.69955
8182.73,0.69736
8185.22,0.69471
8187.72,0.69603
8190.21,0.69241
8192.71,0.69312
8195.2,0.69318
8197.7,0.6908
8200.19,0.69118
8202.69,0.69142
8205.18,0.69474
8207.68,0.69397
8210.17,0.6969
8212.67,0.69525
8215.16,0.69523
8217.66,0.69735
8220.15,0.69679
8222.65,0.6965
8225.14,0.69781
8227.64,0.69731
8230.13,0.69905
8232.63,0.69942
8235.12,0.6971
8237.62,0.69898
8240.11,0.69693
8242.61,0.69778
8245.1,0.69637
8247.6,0.69598
8250.1,0.69407
8252.59,0.69533
8255.08,0.69456
8257.58,0.69604
8260.08,0.69733
8262.57,0.69648
8265.07,0.69768
8267.56,0.69683
8270.06,0.69688
8272.55,0.69602
8275.05,0.69755
8277.54,0.69652
8280.04,0.69639
8282.53,0.69388
8285.03,0.69587
8287.52,0.6939
8290.02,0.69306
8292.51,0.69153
8295.01,0.6913
8297.5,0.69065
8300.0,0.68862
8302.49,0.68854
8304.99,0.68817
8307.48,0.68839
8309.98,0.68649
8312.47,0.6867
8314.97,0.68759
8317.46,0.68987
8319.96,0.68786
8322.46,0.68681
8324.95,0.68345
8327.44,0.68219
8329.94,0.67858
8332.43,0.67495
8334.93,0.67658
8337.43,0.67671
8339.92,0.68068
8342.42,0.6805
8344.91,0.68174
8347.41,0.68245
8349.9,0.68133
8352.4,0.6815
8354.89,0.68242
8357.39,0.68432
8359.88,0.68269
8362.38,0.68231
8364.87,0.67962
8367.37,0.67841
8369.86,0.68079
8372.36,0.68172
8374.85,0.6798
8377.35,0.67693
8379.84,0.67547
8382.34,0.6725
8384.83,0.66997
8387.33,0.66854
8389.82,0.67102
8392.32,0.67156
8394.81,0.67589
8397.31,0.67648
8399.8,0.67687
8402.3,0.6762
8404.79,0.67851
8407.29,0.67885
8409.79,0.67851
8412.28,0.67576
8414.78,0.67435
8417.27,0.67511
8419.77,0.67376
8422.26,0.67279
8424.76,0.67315
8427.25,0.6719
8429.75,0.66983
8432.24,0.66747
8434.74,0.66428
8437.23,0.6633
8439.73,0.6643
8442.22,0.66557
8444.72,0.66952
8447.21,0.67186
8449.71,0.67269
8452.2,0.67258
8454.7,0.67213
8457.19,0.67178
8459.69,0.67106
8462.18,0.66752
8464.68,0.6652
8467.17,0.66401
8469.67,0.66071
8472.16,0.66134
8474.66,0.66163
8477.15,0.6654
8479.65,0.66727
8482.14,0.66744
8484.64,0.66787
8487.13,0.66568
8489.63,0.66175
8492.12,0.6536
8494.62,0.63986
8497.12,0.6276
8499.61,0.61902
8502.11,0.61842
8504.6,0.62375
8507.1,0.63471
8509.59,0.64243
8512.09,0.64916
8514.58,0.64898
8517.08,0.65025
8519.57,0.65181
8522.07,0.65343
8524.56,0.6558
8527.06,0.65301
8529.55,0.65193
8532.05,0.64474
8534.54,0.63085
8537.04,0.61105
8539.53,0.58318
8542.03,0.55953
8544.52,0.55096
8547.02,0.55812
8549.51,0.57982
8552.01,0.60359
8554.5,0.62311
8557.0,0.6369
8559.49,0.64504
8561.99,0.65089
8564.48,0.65285
8566.98,0.65383
8569.47,0.65329
8571.97,0.65389
8574.47,0.65551
8576.96,0.65636
8579.46,0.6553
8581.95,0.65256
8584.45,0.65145
8586.94,0.64993
8589.44,0.64989
8591.93,0.64686
8594.43,0.64224
8596.92,0.63879
8599.42,0.63584
8601.91,0.63588
8604.41,0.63734
8606.9,0.63795
8609.4,0.64111
8611.89,0.64294
8614.39,0.64409
8616.88,0.64148
8619.38,0.64373
8621.87,0.64417
8624.37,0.64402
8626.86,0.646
8629.36,0.64679
8631.85,0.64931
8634.35,0.64859
8636.84,0.64971
8639.34,0.65071
8641.83,0.65061
8644.33,0.65035
8646.83,0.64676
8649.32,0.64283
8651.82,0.63501
8654.31,0.6218
8656.8,0.6046
8659.3,0.58255
8661.8,0.56154
8664.29,0.5517
8666.79,0.55413
8669.28,0.56866
8671.78,0.58921
8674.27,0.60661
8676.77,0.62022
8679.26,0.62721
8681.76,0.63285
8684.25,0.63513
8686.75,0.63421
8689.24,0.63396
8691.74,0.6349
8694.23,0.63424
8696.73,0.63739
8699.22,0.63939
8701.72,0.63947
8704.21,0.64252
8706.71,0.64044
8709.2,0.64125
8711.7,0.63951
8714.19,0.6387
8716.69,0.64026
8719.18,0.64034
8721.68,0.64136
8724.17,0.64283
8726.67,0.64193
8729.17,0.63935
8731.66,0.63812
8734.16,0.63751
8736.65,0.63313
8739.15,0.63099
8741.64,0.62568
8744.14,0.61983
8746.63,0.61648
8749.13,0.61175
8751.62,0.6069
8754.12,0.60727
8756.61,0.60884
8759.11,0.61357
8761.6,0.6201
8764.1,0.62264
8766.59,0.62611
8769.09,0.62878
8771.58,0.63045
8774.08,0.63253
8776.57,0.63408
8779.07,0.63463
8781.56,0.63567
8784.06,0.63552
8786.55,0.63673
8789.05,0.63665
8791.54,0.63426
8794.04,0.63289
8796.53,0.63335
8799.03,0.63068
8801.52,0.62835
8804.02,0.62487
8806.51,0.62108
8809.01,0.6206
8811.5,0.62429
8814.0,0.62545
8816.5,0.62789
8818.99,0.63042
8821.49,0.63168
8823.98,0.63138
8826.48,0.6286
8828.97,0.63067
8831.47,0.63088
8833.96,0.63169
8836.46,0.63205
8838.95,0.6308
8841.45,0.63015
8843.94,0.62956
8846.44,0.62858
8848.93,0.6275
8851.43,0.62606
8853.92,0.62113
8856.42,0.61657
8858.91,0.61012
8861.41,0.60262
8863.9,0.59896
8866.4,0.5988
8868.89,0.59953
8871.39,0.60376
8873.88,0.61085
8876.38,0.61642
8878.87,0.62114
8881.37,0.62297
8883.87,0.62669
8886.36,0.62675
8888.86,0.62977
8891.35,0.62676
8893.84,0.63004
8896.34,0.62872
8898.84,0.62835
8901.33,0.62886
8903.83,0.62869
8906.32,0.62698
8908.82,0.62655
8911.31,0.62572
8913.81,0.62475
8916.3,0.62463
8918.8,0.62408
8921.29,0.62176
8923.79,0.62068
8926.28,0.61995
8928.78,0.62144
8931.27,0.6183
8933.77,0.62095
8936.26,0.62222
8938.76,0.62171
8941.25,0.6198
8943.75,0.62025
8946.24,0.61914
8948.74,0.6195
8951.23,0.62068
8953.73,0.62203
8956.22,0.62275
8958.72,0.62448
8961.21,0.62443
8963.71,0.6246
8966.2,0.62501
8968.7,0.62298
8971.2,0.6201
8973.69,0.61862
8976.19,0.61793
8978.68,0.61725
8981.18,0.61686
8983.67,0.61717
8986.17,0.61831
8988.66,0.61667
8991.16,0.6164
8993.65,0.61398
8996.15,0.61168
8998.64,0.60893
9001.14,0.60439
9003.63,0.5992
9006.13,0.59163
9008.62,0.58564
9011.12,0.57824
9013.61,0.57237
9016.11,0.5682
9018.6,0.56993
9021.1,0.57312
9023.59,0.57961
9026.09,0.58801
9028.58,0.59469
9031.08,0.59968
9033.57,0.60298
9036.07,0.60605
9038.56,0.60934
9041.06,0.60886
9043.55,0.61039
9046.05,0.61238
9048.54,0.61287
9051.04,0.61151
9053.54,0.61304
9056.03,0.61062
9058.53,0.60892
9061.02,0.60654
9063.52,0.60519
9066.01,0.60623
9068.51,0.60571
9071.0,0.60594
9073.5,0.60924
9075.99,0.60589
9078.49,0.60488
9080.98,0.60428
9083.48,0.60076
9085.97,0.59942
9088.47,0.59462
9090.96,0.59426
9093.46,0.59429
9095.95,0.59526
9098.45,0.59733
9100.94,0.60101
9103.44,0.60236
9105.93,0.60389
9108.43,0.60207
9110.92,0.60368
9113.42,0.60064
9115.91,0.5994
9118.41,0.59853
9120.9,0.59975
9123.4,0.60131
9125.89,0.6032
9128.39,0.60341
9130.88,0.60355
9133.38,0.60302
9135.88,0.60204
9138.37,0.59958
9140.87,0.59933
9143.36,0.59696
9145.86,0.59445
9148.35,0.59378
9150.85,0.59542
9153.34,0.59514
9155.84,0.59417
9158.33,0.59667
9160.83,0.59511
9163.32,0.59454
9165.82,0.59387
9168.31,0.59152
9170.81,0.58995
9173.3,0.58837
9175.8,0.58908
9178.29,0.5884
9180.79,0.58736
9183.28,0.5884
9185.78,0.58928
9188.27,0.58822
9190.77,0.58583
9193.26,0.58685
9195.76,0.58591
9198.25,0.585
9200.75,0.58495
9203.24,0.58318
9205.74,0.58281
9208.24,0.58018
9210.73,0.57674
9213.23,0.57366
9215.72,0.57205
9218.22,0.56842
9220.71,0.56656
9223.21,0.5634
9225.7,0.5586
9228.2,0.55356
9230.69,0.55193
9233.19,0.55199
9235.68,0.55448
9238.18,0.55943
9240.67,0.5652
9243.17,0.56711
9245.66,0.57035
9248.16,0.57144
9250.65,0.57164
9253.15,0.57136
9255.64,0.5735
9258.14,0.57253
9260.63,0.57537
9263.13,0.5763
9265.62,0.57866
9268.12,0.5799
9270.61,0.58189
9273.11,0.58115
9275.6,0.58008
9278.1,0.58035
9280.59,0.57786
9283.09,0.57787
9285.58,0.57638
9288.08,0.57644
9290.58,0.57742
9293.07,0.57588
9295.57,0.57468
9298.06,0.57419
9300.56,0.57596
9303.05,0.57415
9305.55,0.57546
9308.04,0.5758
9310.54,0.57524
9313.03,0.5753
9315.53,0.57472
9318.02,0.57504
9320.52,0.57499
9323.01,0.5754
9325.51,0.57459
9328.0,0.57535
9330.5,0.57616
9332.99,0.57542
9335.49,0.57598
9337.98,0.57638
9340.48,0.57578
9342.97,0.57559
9345.47,0.57595
9347.96,0.57263
9350.46,0.57134
9352.95,0.57209
9355.45,0.57075
9357.94,0.56849
9360.44,0.5669
9362.93,0.56611
9365.43,0.56783
9367.92,0.56741
9370.42,0.56715
9372.92,0.56716
9375.41,0.56718
9377.91,0.56632
9380.4,0.56634
9382.9,0.56694
9385.39,0.56835
9387.89,0.56669
9390.38,0.56629
9392.88,0.56676
9395.37,0.56506
9397.87,0.56568
9400.36,0.56275
9402.86,0.56204
9405.35,0.5588
9407.85,0.55735
9410.34,0.55583
9412.84,0.55367
9415.33,0.55303
9417.83,0.55465
9420.32,0.5567
9422.82,0.55869
9425.31,0.56
9427.81,0.5602
9430.3,0.5609
9432.8,0.55994
9435.29,0.55876
9437.79,0.55821
9440.28,0.55605
9442.78,0.55801
9445.27,0.55798
9447.77,0.5559
9450.27,0.55684
9452.76,0.55633
9455.25,0.55716
9457.75,0.55712
9460.25,0.55718
9462.74,0.55912
9465.24,0.55932
9467.73,0.55831
9470.23,0.55798
9472.72,0.55948
9475.22,0.55946
9477.71,0.55757
9480.21,0.55844
9482.7,0.55749
9485.2,0.55762
9487.69,0.55809
9490.19,0.55639
9492.68,0.55787
9495.18,0.55744
9497.67,0.55615
9500.17,0.55653
9502.66,0.55492
9505.16,0.55573
9507.65,0.55461
9510.15,0.55397
9512.64,0.55325
9515.14,0.55347
9517.63,0.55362
9520.13,0.55279
9522.62,0.55248
9525.12,0.55213
9527.61,0.55103
9530.11,0.54847
9532.61,0.54645
9535.1,0.54112
9537.6,0.53724
9540.09,0.53169
9542.59,0.52512
9545.08,0.52057
9547.58,0.51973
9550.07,0.52003
9552.57,0.52492
9555.06,0.52979
9557.56,0.53508
9560.05,0.54038
9562.55,0.54328
9565.04,0.54299
9567.54,0.54492
9570.03,0.54452
9572.53,0.54456
9575.02,0.5441
9577.52,0.54688
9580.01,0.54573
9582.51,0.54695
9585.0,0.54789
9587.5,0.5482
9589.99,0.54851
9592.49,0.54781
9594.98,0.54675
9597.48,0.54555
9599.97,0.54441
9602.47,0.54316
9604.96,0.5426
9607.46,0.54515
9609.96,0.54523
9612.45,0.54608
9614.95,0.54702
9617.44,0.54584
9619.94,0.5462
9622.43,0.54532
9624.93,0.54505
9627.42,0.54402
9629.92,0.54283
9632.41,0.54288
9634.91,0.54359
9637.4,0.542
9639.9,0.54042
9642.39,0.53925
9644.89,0.53916
9647.38,0.53963
9649.88,0.5409
9652.37,0.53895
9654.87,0.53892
9657.36,0.53804
9659.86,0.53808
9662.35,0.53884
9664.85,0.53868
9667.34,0.53874
9669.84,0.53801
9672.33,0.53874
9674.83,0.53778
9677.32,0.53798
9679.82,0.53683
9682.31,0.53845
9684.81,0.53784
9687.3,0.53745
9689.8,0.53582
9692.29,0.53704
9694.79,0.53732
9697.29,0.53622
9699.78,0.53734
9702.28,0.53619
9704.77,0.5352
9707.27,0.53551
9709.76,0.53482
9712.26,0.53557
9714.75,0.53613
9717.25,0.53577
9719.74,0.53612
9722.24,0.53378
9724.73,0.53281
9727.23,0.53363
9729.72,0.53357
9732.22,0.53263
9734.71,0.53111
9737.21,0.53146
9739.7,0.53049
9742.2,0.53002
9744.69,0.5316
9747.19,0.5313
9749.68,0.5313
9752.18,0.53195
9754.67,0.53335
9757.17,0.5341
9759.66,0.53384
9762.16,0.53309
9764.65,0.53241
9767.15,0.53182
9769.64,0.53025
9772.14,0.53149
9774.64,0.52949
9777.13,0.52974
9779.63,0.52799
9782.12,0.52673
9784.62,0.52598
9787.11,0.52416
9789.61,0.52648
9792.1,0.52483
9794.6,0.5278
9797.09,0.52864
9799.59,0.52987
9802.08,0.53022
9804.58,0.53009
9807.07,0.53128
9809.57,0.53108
9812.06,0.53087
9814.56,0.52974
9817.05,0.53094
9819.55,0.53001
9822.04,0.53112
9824.54,0.52937
9827.03,0.52957
9829.53,0.52927
9832.02,0.53032
9834.52,0.52967
9837.01,0.52932
9839.51,0.52837
9842.0,0.52901
9844.5,0.52867
9847.0,0.52811
9849.49,0.52835
9851.99,0.52714
9854.48,0.52735
9856.98,0.52746
9859.47,0.52694
9861.97,0.52684
9864.46,0.52676
9866.96,0.52627
9869.45,0.52565
9871.95,0.52654
9874.44,0.52691
9876.94,0.52619
9879.43,0.52539
9881.93,0.52558
9884.42,0.52411
9886.92,0.52399
9889.41,0.52242
9891.91,0.52125
9894.4,0.52229
9896.9,0.52182
9899.39,0.52187
9901.89,0.52229
9904.38,0.52098
9906.88,0.52208
9909.37,0.52031
9911.87,0.52052
9914.36,0.5207
9916.86,0.5203
9919.35,0.51997
9921.85,0.51981
9924.34,0.51957
9926.84,0.51879
9929.33,0.51738
9931.83,0.51772
9934.33,0.51856
9936.82,0.51701
9939.32,0.51774
9941.81,0.51774
9944.31,0.51713
9946.8,0.51742
9949.3,0.51838
9951.79,0.51716
9954.29,0.51743
9956.78,0.51753
9959.28,0.51728
9961.77,0.5181
9964.27,0.51896
9966.76,0.51801
9969.26,0.51674
9971.75,0.51817
9974.25,0.51677
9976.74,0.51629
9979.24,0.51635
9981.73,0.51625
9984.23,0.5155
9986.72,0.51505
9989.22,0.51443
9991.71,0.51276
9994.21,0.51345
9996.7,0.51304
9999.2,0.5124
10001.7,0.51188
10004.2,0.51244
10006.7,0.51178
10009.2,0.51226
10011.7,0.512
10014.2,0.51156
10016.7,0.51276
10019.2,0.51177
10021.7,0.51176
10024.2,0.512
10026.6,0.50974
10029.1,0.5072
10031.6,0.50596
10034.1,0.50372
10036.6,0.50141
10039.1,0.49748
10041.6,0.49495
10044.1,0.4911
10046.6,0.4871
10049.1,0.48501
10051.6,0.48061
10054.1,0.48154
10056.6,0.48456
10059.1,0.48822
10061.6,0.49124
10064.1,0.49438
10066.6,0.49752
10069.1,0.49968
10071.6,0.5014
10074.1,0.50249
10076.5,0.50274
10079.0,0.50404
10081.5,0.50451
10084.0,0.50517
10086.5,0.5036
10089.0,0.50608
10091.5,0.50577
10094.0,0.50732
10096.5,0.50491
10099.0,0.50736
10101.5,0.50771
10104.0,0.50627
10106.5,0.50672
10109.0,0.50667
10111.5,0.50553
10114.0,0.50458
10116.5,0.504
10119.0,0.5038
10121.5,0.50241
10124.0,0.50265
10126.5,0.50247
10128.9,0.50139
10131.4,0.50162
10133.9,0.50227
10136.4,0.50145
10138.9,0.50074
10141.4,0.50077
10143.9,0.50018
10146.4,0.49917
10148.9,0.49931
10151.4,0.4986
10153.9,0.49869
10156.4,0.49998
10158.9,0.49972
10161.4,0.50016
10163.9,0.50029
10166.4,0.50011
10168.9,0.50038
10171.4,0.50045
10173.9,0.49973
10176.4,0.49912
10178.9,0.49989
10181.3,0.49978
10183.8,0.49895
10186.3,0.49872
10188.8,0.4987
10191.3,0.49584
10193.8,0.49598
10196.3,0.49603
10198.8,0.49612
10201.3,0.49634
10203.8,0.49623
10206.3,0.49647
10208.8,0.4962
10211.3,0.49603
10213.8,0.49467
10216.3,0.49354
10218.8,0.49351
10221.3,0.49216
10223.8,0.49437
10226.3,0.4936
10228.8,0.49326
10231.2,0.49394
10233.7,0.49435
10236.2,0.49442
10238.7,0.49374
10241.2,0.4935
10243.7,0.49317
10246.2,0.49336
10248.7,0.49369
10251.2,0.49305
10253.7,0.49279
10256.2,0.4923
10258.7,0.49097
10261.2,0.49208
10263.7,0.49122
10266.2,0.49046
10268.7,0.48938
10271.2,0.48961
10273.7,0.48977
10276.2,0.49046
10278.7,0.49088
10281.2,0.4895
10283.6,0.4887
10286.1,0.48829
10288.6,0.48729
10291.1,0.4878
10293.6,0.48716
10296.1,0.48804
10298.6,0.488
10301.1,0.4879
10303.6,0.4879
10306.1,0.489
10308.6,0.48806
10311.1,0.48817
10313.6,0.4872
10316.1,0.48654
10318.6,0.48715
10321.1,0.48574
10323.6,0.48283
10326.1,0.48228
10328.6,0.4812
10331.1,0.47924
10333.5,0.48115
10336.0,0.48028
10338.5,0.47961
10341.0,0.48
10343.5,0.47857
10346.0,0.47893
10348.5,0.4789
10351.0,0.48086
10353.5,0.48102
10356.0,0.48193
10358.5,0.48344
10361.0,0.48317
10363.5,0.48357
10366.0,0.48213
10368.5,0.48062
10371.0,0.47919
10373.5,0.47963
10376.0,0.47841
10378.5,0.47904
10381.0,0.47803
10383.5,0.48025
10385.9,0.48025
10388.4,0.47974
10390.9,0.47831
10393.4,0.47917
10395.9,0.47654
10398.4,0.47708
10400.9,0.47611
10403.4,0.47817
10405.9,0.47833
10408.4,0.47695
10410.9,0.47933
10413.4,0.47876
10415.9,0.47956
10418.4,0.47828
10420.9,0.47729
10423.4,0.47806
10425.9,0.47718
10428.4,0.47773
10430.9,0.47622
10433.4,0.47713
10435.9,0.47683
10438.3,0.47736
10440.8,0.47781
10443.3,0.4781
10445.8,0.47647
10448.3,0.47669
10450.8,0.47573
10453.3,0.47421
10455.8,0.47378
10458.3,0.47317
10460.8,0.47261
10463.3,0.47356
10465.8,0.47284
10468.3,0.47271
10470.8,0.47133
10473.3,0.47192
10475.8,0.47199
10478.3,0.47318
10480.8,0.47223
10483.3,0.47307
10485.8,0.47285
10488.2,0.47191
10490.7,0.47137
10493.2,0.4705
10495.7,0.4696
10498.2,0.47047
10500.7,0.47043
10503.2,0.47039
10505.7,0.46971
10508.2,0.4712
10510.7,0.47
10513.2,0.47029
10515.7,0.47005
10518.2,0.47144
10520.7,0.46959
10523.2,0.46944
10525.7,0.46887
10528.2,0.46889
10530.7,0.46875
10533.2,0.46774
10535.7,0.46817
10538.2,0.46807
10540.6,0.46897
10543.1,0.468
10545.6,0.46868
10548.1,0.46859
10550.6,0.468
10553.1,0.46848
10555.6,0.46778
10558.1,0.46743
10560.6,0.46755
10563.1,0.46693
10565.6,0.46643
10568.1,0.46608
10570.6,0.46562
10573.1,0.46551
10575.6,0.46448
10578.1,0.46289
10580.6,0.46138
10583.1,0.45847
10585.6,0.45873
10588.1,0.45615
10590.6,0.4567
10593.0,0.45813
10595.5,0.46005
10598.0,0.46021
10600.5,0.45995
10603.0,0.45836
10605.5,0.45865
10608.0,0.45825
10610.5,0.45819
10613.0,0.45937
10615.5,0.46025
10618.0,0.46115
10620.5,0.46067
10623.0,0.46012
10625.5,0.46135
10628.0,0.46074
10630.5,0.46005
10633.0,0.46069
10635.5,0.46085
10638.0,0.46089
10640.5,0.46125
10642.9,0.46121
10645.4,0.46114
10647.9,0.46091
10650.4,0.45937
10652.9,0.4579
10655.4,0.45838
10657.9,0.45586
10660.4,0.45462
10662.9,0.45414
10665.4,0.45371
10667.9,0.45466
10670.4,0.45407
10672.9,0.45517
10675.4,0.45599
10677.9,0.45567
10680.4,0.45488
10682.9,0.45227
10685.4,0.4505
10687.9,0.44835
10690.4,0.44753
10692.9,0.44758
10695.3,0.44745
10697.8,0.44869
10700.3,0.45111
10702.8,0.45215
10705.3,0.4528
10707.8,0.45368
10710.3,0.45397
10712.8,0.45438
10715.3,0.45382
10717.8,0.45317
10720.3,0.45241
10722.8,0.45172
10725.3,0.44962
10727.8,0.4493
10730.3,0.44769
10732.8,0.44764
10735.3,0.44806
10737.8,0.44807
10740.3,0.44871
10742.8,0.44926
10745.3,0.44886
10747.7,0.44858
10750.2,0.44686
10752.7,0.44674
10755.2,0.44713
10757.7,0.44725
10760.2,0.44747
10762.7,0.449
10765.2,0.4491
10767.7,0.45025
10770.2,0.44974
10772.7,0.44846
10775.2,0.44804
10777.7,0.44724
10780.2,0.44459
10782.7,0.44457
10785.2,0.44271
10787.7,0.44237
10790.2,0.44177
10792.7,0.44272
10795.2,0.44387
10797.6,0.4449
10800.1,0.44507
10802.6,0.4467
10805.1,0.44522
10807.6,0.44504
10810.1,0.4433
10812.6,0.44173
10815.1,0.44006
10817.6,0.44025
10820.1,0.43961
10822.6,0.43793
10825.1,0.43751
10827.6,0.43631
10830.1,0.43628
10832.6,0.43614
10835.1,0.43781
10837.6,0.43945
10840.1,0.43937
10842.6,0.43985
10845.1,0.44126
10847.6,0.44211
10850.0,0.44131
10852.5,0.44121
10855.0,0.44226
10857.5,0.44164
10860.0,0.4402
10862.5,0.43894
10865.0,0.43621
10867.5,0.43387
10870.0,0.43266
10872.5,0.43146
10875.0,0.43056
10877.5,0.43037
10880.0,0.43251
10882.5,0.43339
10885.0,0.4323
10887.5,0.43399
10890.0,0.4339
10892.5,0.43415
10895.0,0.43425
10897.5,0.4349
10900.0,0.43516
10902.4,0.43457
10904.9,0.4355
10907.4,0.43462
10909.9,0.43359
10912.4,0.43228
10914.9,0.43133
10917.4,0.43008
10919.9,0.42861
10922.4,0.42742
10924.9,0.42611
10927.4,0.42388
10929.9,0.42128
10932.4,0.418
10934.9,0.4153
10937.4,0.41248
10939.9,0.41151
10942.4,0.41092
10944.9,0.41307
10947.4,0.41574
10949.9,0.41805
10952.3,0.41927
10954.8,0.42038
10957.3,0.42106
10959.8,0.42063
10962.3,0.419
10964.8,0.41824
10967.3,0.41785
10969.8,0.41721
10972.3,0.41793
10974.8,0.41792
10977.3,0.4174
10979.8,0.41837
10982.3,0.41822
10984.8,0.41817
10987.3,0.41937
10989.8,0.42087
10992.3,0.42135
10994.8,0.42032
10997.3,0.42219
10999.8,0.42264
