wave,flux
3700.85,0.4626
3701.75,0.4588
3702.65,0.44525
3703.55,0.4308
3704.45,0.41464
3705.35,0.40367
3706.25,0.39727
3707.15,0.39763
3708.05,0.40232
3708.96,0.40738
3709.86,0.40894
3710.76,0.41362
3711.66,0.41899
3712.56,0.42594
3713.46,0.44117
3714.36,0.45753
3715.26,0.46994
3716.16,0.48024
3717.06,0.48129
3717.96,0.4754
3718.86,0.45931
3719.76,0.43454
3720.66,0.40665
3721.56,0.38823
3722.46,0.37934
3723.36,0.38538
3724.26,0.40155
3725.16,0.42462
3726.06,0.44454
3726.96,0.46236
3727.86,0.4719
3728.76,0.47762
3729.66,0.47364
3730.56,0.46605
3731.46,0.44789
3732.36,0.42308
3733.26,0.39533
3734.16,0.36983
3735.06,0.35283
3735.96,0.34862
3736.86,0.35794
3737.76,0.37918
3738.66,0.41086
3739.56,0.44279
3740.46,0.47085
3741.36,0.48695
3742.26,0.49289
3743.16,0.49226
3744.06,0.48154
3744.96,0.46768
3745.86,0.44613
3746.76,0.42431
3747.67,0.39866
3748.57,0.37703
3749.47,0.35935
3750.37,0.35392
3751.27,0.3627
3752.17,0.38266
3753.07,0.41574
3753.97,0.44966
3754.87,0.47837
3755.77,0.49945
3756.67,0.51031
3757.57,0.50954
3758.47,0.50582
3759.37,0.4995
3760.27,0.49837
3761.17,0.50068
3762.07,0.50861
3762.97,0.51378
3763.87,0.51663
3764.77,0.51399
3765.67,0.50709
3766.57,0.49515
3767.47,0.47904
3768.37,0.45794
3769.27,0.43963
3770.17,0.42483
3771.07,0.41857
3771.97,0.42225
3772.87,0.43394
3773.77,0.45465
3774.67,0.47775
3775.57,0.5008
3776.47,0.52175
3777.37,0.54181
3778.27,0.56105
3779.17,0.57867
3780.07,0.59489
3780.97,0.60951
3781.87,0.61633
3782.77,0.62349
3783.67,0.62579
3784.57,0.62271
3785.47,0.61454
3786.38,0.60106
3787.28,0.5887
3788.18,0.57162
3789.08,0.56229
3789.98,0.553
3790.88,0.54271
3791.78,0.53336
3792.68,0.51765
3793.58,0.49907
3794.48,0.47728
3795.38,0.45154
3796.28,0.42406
3797.18,0.40323
3798.08,0.38882
3798.98,0.38578
3799.88,0.39973
3800.78,0.4222
3801.68,0.45488
3802.58,0.49122
3803.48,0.52244
3804.38,0.54805
3805.28,0.56784
3806.18,0.58215
3807.08,0.58918
3807.98,0.60161
3808.88,0.6108
3809.78,0.62125
3810.68,0.62738
3811.58,0.63265
3812.48,0.62846
3813.38,0.62162
3814.28,0.61058
3815.18,0.60617
3816.08,0.60077
3816.98,0.60251
3817.88,0.60538
3818.78,0.60391
3819.68,0.60435
3820.58,0.59814
3821.48,0.59185
3822.38,0.58277
3823.28,0.5762
3824.18,0.56724
3825.09,0.55602
3825.99,0.54115
3826.89,0.52812
3827.79,0.51336
3828.69,0.50281
3829.59,0.48974
3830.49,0.47147
3831.39,0.45172
3832.29,0.42754
3833.19,0.40187
3834.09,0.37517
3834.99,0.35734
3835.89,0.34813
3836.79,0.34586
3837.69,0.35594
3838.59,0.37319
3839.49,0.3972
3840.39,0.42477
3841.29,0.45421
3842.19,0.48345
3843.09,0.51145
3843.99,0.53986
3844.89,0.56065
3845.79,0.58003
3846.69,0.59461
3847.59,0.60712
3848.49,0.61746
3849.39,0.62329
3850.29,0.6291
3851.19,0.63515
3852.09,0.6405
3852.99,0.64821
3853.89,0.65207
3854.79,0.65527
3855.69,0.6528
3856.59,0.6465
3857.49,0.64168
3858.39,0.63715
3859.29,0.63451
3860.19,0.63389
3861.09,0.63976
3861.99,0.64909
3862.9,0.65919
3863.8,0.6671
3864.7,0.67122
3865.6,0.67746
3866.5,0.67859
3867.4,0.67564
3868.3,0.67413
3869.2,0.66985
3870.1,0.66441
3871.0,0.65383
3871.9,0.64222
3872.8,0.63398
3873.7,0.62686
3874.6,0.62062
3875.5,0.62243
3876.4,0.61685
3877.3,0.6103
3878.2,0.59942
3879.1,0.59193
3880.0,0.58195
3880.9,0.5764
3881.8,0.56913
3882.7,0.55972
3883.6,0.54622
3884.5,0.52687
3885.4,0.50418
3886.3,0.47352
3887.2,0.44845
3888.1,0.42365
3889.0,0.40712
3889.9,0.40122
3890.8,0.40915
3891.7,0.42875
3892.6,0.45513
3893.5,0.48136
3894.4,0.5035
3895.3,0.52598
3896.2,0.54271
3897.1,0.56191
3898.0,0.5742
3898.9,0.5861
3899.8,0.59711
3900.7,0.6057
3901.6,0.61482
3902.51,0.62067
3903.41,0.6262
3904.31,0.62766
3905.21,0.63097
3906.11,0.635
3907.01,0.63773
3907.91,0.64844
3908.81,0.66506
3909.71,0.67657
3910.61,0.6874
3911.51,0.6981
3912.41,0.70311
3913.31,0.70311
3914.21,0.69977
3915.11,0.69328
3916.01,0.68997
3916.91,0.68899
3917.81,0.67935
3918.71,0.67503
3919.61,0.6652
3920.51,0.66262
3921.41,0.6623
3922.31,0.6606
3923.21,0.65813
3924.11,0.65559
3925.01,0.64766
3925.91,0.63581
3926.81,0.62096
3927.71,0.59312
3928.61,0.5614
3929.51,0.52455
3930.41,0.47893
3931.31,0.43163
3932.21,0.3856
3933.11,0.34578
3934.01,0.32264
3934.91,0.31692
3935.81,0.33208
3936.71,0.36719
3937.61,0.41215
3938.51,0.46292
3939.42,0.50968
3940.32,0.54783
3941.22,0.57983
3942.12,0.60051
3943.02,0.61724
3943.92,0.6279
3944.82,0.63563
3945.72,0.64626
3946.62,0.65152
3947.52,0.65919
3948.42,0.6637
3949.32,0.66718
3950.22,0.66901
3951.12,0.66935
3952.02,0.6687
3952.92,0.66935
3953.82,0.6726
3954.72,0.66707
3955.62,0.66286
3956.52,0.65524
3957.42,0.64925
3958.32,0.6416
3959.22,0.63046
3960.12,0.61642
3961.02,0.59524
3961.92,0.57233
3962.82,0.54472
3963.72,0.50898
3964.62,0.47291
3965.52,0.43041
3966.42,0.38538
3967.32,0.3401
3968.22,0.30222
3969.12,0.27434
3970.02,0.26337
3970.92,0.26974
3971.82,0.29295
3972.72,0.32903
3973.62,0.37196
3974.52,0.41566
3975.42,0.45919
3976.32,0.49753
3977.22,0.5342
3978.13,0.56633
3979.03,0.59217
3979.93,0.614
3980.83,0.63202
3981.73,0.64702
3982.63,0.65564
3983.53,0.6617
3984.43,0.66733
3985.33,0.67832
3986.23,0.68609
3987.13,0.69566
3988.03,0.70388
3988.93,0.71096
3989.83,0.71975
3990.73,0.72683
3991.63,0.73388
3992.53,0.73677
3993.43,0.74089
3994.33,0.74194
3995.23,0.73967
3996.13,0.73735
3997.03,0.73183
3997.93,0.72856
3998.83,0.72968
3999.73,0.73473
4000.63,0.74577
4001.53,0.75462
4002.43,0.75898
4003.33,0.75865
4004.23,0.75573
4005.13,0.74969
4006.03,0.74664
4006.93,0.74719
4007.83,0.74871
4008.73,0.75467
4009.63,0.7626
4010.53,0.76796
4011.43,0.77398
4012.33,0.77468
4013.23,0.7808
4014.13,0.78112
4015.03,0.78251
4015.93,0.78262
4016.84,0.78332
4017.74,0.78471
4018.64,0.78784
4019.54,0.7864
4020.44,0.79178
4021.34,0.79157
4022.24,0.79461
4023.14,0.79214
4024.04,0.79103
4024.94,0.79182
4025.84,0.79338
4026.74,0.79515
4027.64,0.79816
4028.54,0.79632
4029.44,0.79047
4030.34,0.77869
4031.24,0.7684
4032.14,0.75838
4033.04,0.75335
4033.94,0.75301
4034.84,0.76066
4035.74,0.77164
4036.64,0.78451
4037.54,0.79489
4038.44,0.80296
4039.34,0.80771
4040.24,0.81128
4041.14,0.80616
4042.04,0.79832
4042.94,0.78889
4043.84,0.77829
4044.74,0.76622
4045.64,0.75706
4046.54,0.7545
4047.44,0.75601
4048.34,0.76445
4049.24,0.77633
4050.14,0.78226
4051.04,0.79429
4051.94,0.79442
4052.84,0.7934
4053.74,0.78759
4054.65,0.78416
4055.55,0.77784
4056.45,0.77371
4057.35,0.7687
4058.25,0.76877
4059.15,0.77033
4060.05,0.77293
4060.95,0.77168
4061.85,0.77036
4062.75,0.76558
4063.65,0.7629
4064.55,0.7544
4065.45,0.74937
4066.35,0.75001
4067.25,0.75572
4068.15,0.75957
4069.05,0.76587
4069.95,0.76886
4070.85,0.76923
4071.75,0.76584
4072.65,0.76159
4073.55,0.75401
4074.45,0.75422
4075.35,0.74463
4076.25,0.73778
4077.15,0.72346
4078.05,0.71874
4078.95,0.71872
4079.85,0.72007
4080.75,0.72924
4081.65,0.73725
4082.55,0.73887
4083.45,0.74452
4084.35,0.74271
4085.25,0.74786
4086.15,0.73983
4087.05,0.74954
4087.95,0.74756
4088.85,0.75151
4089.75,0.74966
4090.65,0.75191
4091.55,0.74362
4092.45,0.73463
4093.36,0.72207
4094.26,0.71105
4095.16,0.69095
4096.06,0.67171
4096.96,0.65034
4097.86,0.62448
4098.76,0.59409
4099.66,0.56392
4100.56,0.53528
4101.46,0.51144
4102.36,0.4988
4103.26,0.49827
4104.16,0.50915
4105.06,0.53226
4105.96,0.56093
4106.86,0.59306
4107.76,0.61668
4108.66,0.63983
4109.56,0.65415
4110.46,0.66799
4111.36,0.68272
4112.26,0.69347
4113.16,0.70696
4114.06,0.71642
4114.96,0.72765
4115.86,0.73714
4116.76,0.74439
4117.66,0.744
4118.56,0.7449
4119.46,0.74174
4120.36,0.74022
4121.26,0.74264
4122.16,0.74583
4123.06,0.7466
4123.96,0.74682
4124.86,0.75795
4125.76,0.75923
4126.66,0.76249
4127.56,0.76297
4128.46,0.75959
4129.36,0.7592
4130.26,0.7541
4131.17,0.74948
4132.06,0.74763
4132.97,0.74518
4133.87,0.7436
4134.77,0.74901
4135.67,0.75651
4136.57,0.76424
4137.47,0.77641
4138.37,0.78442
4139.27,0.79042
4140.17,0.79107
4141.07,0.78717
4141.97,0.78144
4142.87,0.77315
4143.77,0.76562
4144.67,0.76066
4145.57,0.76313
4146.47,0.7638
4147.37,0.77242
4148.27,0.77835
4149.17,0.7805
4150.07,0.78293
4150.97,0.78143
4151.87,0.77687
4152.77,0.77567
4153.67,0.77562
4154.57,0.76933
4155.47,0.77192
4156.37,0.76921
4157.27,0.76943
4158.17,0.77701
4159.07,0.77782
4159.97,0.7878
4160.87,0.79245
4161.77,0.79609
4162.67,0.80019
4163.57,0.79787
4164.47,0.80067
4165.37,0.80111
4166.27,0.79863
4167.17,0.79646
4168.07,0.79379
4168.98,0.78853
4169.88,0.78325
4170.78,0.77485
4171.68,0.76698
4172.58,0.75325
4173.48,0.74786
4174.38,0.74382
4175.28,0.74175
4176.18,0.74253
4177.08,0.74763
4177.98,0.75102
4178.88,0.75633
4179.78,0.7614
4180.68,0.76425
4181.58,0.7688
4182.48,0.77186
4183.38,0.77267
4184.28,0.77588
4185.18,0.78024
4186.08,0.77477
4186.98,0.77873
4187.88,0.77557
4188.78,0.77401
4189.68,0.77658
4190.58,0.77944
4191.48,0.7807
4192.38,0.78674
4193.28,0.78944
4194.18,0.78741
4195.08,0.78632
4195.98,0.78055
4196.88,0.77358
4197.78,0.7644
4198.68,0.75976
4199.58,0.75359
4200.48,0.74922
4201.38,0.7521
4202.28,0.75155
4203.18,0.75185
4204.08,0.75754
4204.98,0.76239
4205.88,0.76662
4206.79,0.77403
4207.69,0.78195
4208.59,0.785
4209.49,0.79057
4210.39,0.7904
4211.29,0.79583
4212.19,0.79157
4213.09,0.78773
4213.99,0.78109
4214.89,0.7799
4215.79,0.77171
4216.69,0.77097
4217.59,0.77014
4218.49,0.77975
4219.39,0.78466
4220.29,0.78494
4221.19,0.78525
4222.09,0.78477
4222.99,0.77529
4223.89,0.7643
4224.79,0.74642
4225.69,0.7301
4226.59,0.71367
4227.49,0.71257
4228.39,0.71651
4229.29,0.72932
4230.19,0.7397
4231.09,0.75707
4231.99,0.76634
4232.89,0.77558
4233.79,0.76954
4234.69,0.76718
4235.59,0.763
4236.49,0.75945
4237.39,0.7591
4238.29,0.76223
4239.19,0.76135
4240.09,0.76839
4240.99,0.77
4241.89,0.77615
4242.79,0.78112
4243.69,0.78486
4244.59,0.78326
4245.5,0.77946
4246.4,0.77871
4247.3,0.77205
4248.2,0.7646
4249.1,0.75699
4250.0,0.75676
4250.9,0.75731
4251.8,0.75588
4252.7,0.76304
4253.6,0.76465
4254.5,0.76835
4255.4,0.77256
4256.3,0.77311
4257.2,0.77201
4258.1,0.77347
4259.0,0.76962
4259.9,0.76548
4260.8,0.76356
4261.7,0.7661
4262.6,0.76898
4263.5,0.77312
4264.4,0.78271
4265.3,0.79274
4266.2,0.79205
4267.1,0.79442
4268.0,0.78697
4268.9,0.77711
4269.8,0.76848
4270.7,0.75526
4271.6,0.74235
4272.5,0.7359
4273.4,0.73041
4274.3,0.72985
4275.2,0.73358
4276.1,0.74008
4277.0,0.75184
4277.9,0.75953
4278.8,0.76318
4279.7,0.7664
4280.6,0.76758
4281.5,0.76227
4282.4,0.76131
4283.31,0.75916
4284.21,0.7533
4285.11,0.74832
4286.01,0.74518
4286.91,0.73742
4287.81,0.72747
4288.71,0.71987
4289.61,0.71223
4290.51,0.70861
4291.41,0.70802
4292.31,0.71234
4293.21,0.71458
4294.11,0.71942
4295.01,0.72101
4295.91,0.71478
4296.81,0.71086
4297.71,0.7004
4298.61,0.68798
4299.51,0.67413
4300.41,0.65977
4301.31,0.64962
4302.21,0.64728
4303.11,0.64406
4304.01,0.64367
4304.91,0.64641
4305.81,0.64706
4306.71,0.64785
4307.61,0.64536
4308.51,0.64665
4309.41,0.64416
4310.31,0.6448
4311.21,0.65384
4312.11,0.66003
4313.01,0.67234
4313.91,0.68824
4314.81,0.70099
4315.71,0.71614
4316.61,0.736
4317.51,0.74786
4318.41,0.75781
4319.31,0.76626
4320.21,0.76474
4321.12,0.75941
4322.02,0.74942
4322.92,0.73537
4323.82,0.71766
4324.72,0.70611
4325.62,0.69404
4326.52,0.69193
4327.42,0.68783
4328.32,0.69436
4329.22,0.69935
4330.12,0.7069
4331.02,0.71264
4331.92,0.71336
4332.82,0.70857
4333.72,0.69893
4334.62,0.68534
4335.52,0.66868
4336.42,0.64517
4337.32,0.61792
4338.22,0.5851
4339.12,0.55307
4340.02,0.52872
4340.92,0.51096
4341.82,0.50801
4342.72,0.51871
4343.62,0.53757
4344.52,0.56936
4345.42,0.59426
4346.32,0.62482
4347.22,0.64775
4348.12,0.66725
4349.02,0.67736
4349.92,0.68825
4350.82,0.6899
4351.72,0.68652
4352.62,0.68939
4353.52,0.69222
4354.42,0.70177
4355.32,0.70935
4356.22,0.71959
4357.12,0.72962
4358.02,0.73664
4358.92,0.74286
4359.83,0.75199
4360.73,0.75976
4361.63,0.76609
4362.53,0.76704
4363.43,0.7755
4364.33,0.78085
4365.23,0.78486
4366.13,0.78655
4367.03,0.78004
4367.93,0.77347
4368.83,0.77481
4369.73,0.76831
4370.63,0.76745
4371.53,0.76314
4372.43,0.76137
4373.33,0.75566
4374.23,0.75458
4375.13,0.75326
4376.03,0.74975
4376.93,0.75793
4377.83,0.7636
4378.73,0.76798
4379.63,0.77272
4380.53,0.77161
4381.43,0.77022
4382.33,0.75653
4383.23,0.74509
4384.13,0.73235
4385.03,0.72624
4385.93,0.72686
4386.83,0.72824
4387.73,0.73594
4388.63,0.74362
4389.53,0.75262
4390.43,0.76104
4391.33,0.76572
4392.23,0.76522
4393.13,0.76991
4394.03,0.77119
4394.93,0.77081
4395.83,0.76925
4396.73,0.77349
4397.64,0.77363
4398.54,0.77346
4399.44,0.77763
4400.34,0.77358
4401.24,0.77508
4402.14,0.77038
4403.04,0.77034
4403.94,0.7683
4404.84,0.76973
4405.74,0.76636
4406.64,0.76704
4407.54,0.76562
4408.44,0.76944
4409.34,0.77536
4410.24,0.78152
4411.14,0.79066
4412.04,0.79172
4412.94,0.79396
4413.84,0.79387
4414.74,0.79312
4415.64,0.78656
4416.54,0.78624
4417.44,0.78511
4418.34,0.78244
4419.24,0.78591
4420.14,0.79326
4421.04,0.79599
4421.94,0.79572
4422.84,0.79957
4423.74,0.80285
4424.64,0.79928
4425.54,0.79904
4426.44,0.79898
4427.34,0.79683
4428.24,0.79771
4429.14,0.79444
4430.04,0.79184
4430.94,0.79217
4431.84,0.79334
4432.74,0.78911
4433.64,0.78454
4434.54,0.7814
4435.45,0.78138
4436.35,0.78336
4437.25,0.78785
4438.15,0.79368
4439.05,0.8005
4439.95,0.80317
4440.85,0.79879
4441.75,0.79372
4442.65,0.7925
4443.55,0.78792
4444.45,0.78506
4445.35,0.78284
4446.25,0.78464
4447.15,0.78831
4448.05,0.79622
4448.95,0.79966
4449.85,0.79834
4450.75,0.80251
4451.65,0.79719
4452.55,0.79311
4453.45,0.78328
4454.35,0.7806
4455.25,0.775
4456.15,0.76827
4457.05,0.76503
4457.95,0.7642
4458.85,0.76269
4459.75,0.76625
4460.65,0.76705
4461.55,0.76587
4462.45,0.76972
4463.35,0.77145
4464.25,0.77806
4465.15,0.77963
4466.05,0.78505
4466.95,0.78196
4467.85,0.78591
4468.75,0.78186
4469.65,0.78636
4470.55,0.78635
4471.45,0.79066
4472.35,0.79808
4473.25,0.80689
4474.16,0.8141
4475.06,0.81967
4475.96,0.82221
4476.86,0.82532
4477.76,0.82524
4478.66,0.8194
4479.56,0.81365
4480.46,0.80801
4481.36,0.79914
4482.26,0.79692
4483.16,0.7932
4484.06,0.79673
4484.96,0.79994
4485.86,0.80712
4486.76,0.80909
4487.66,0.81317
4488.56,0.81323
4489.46,0.80743
4490.36,0.80498
4491.26,0.80573
4492.16,0.80621
4493.06,0.80272
4493.96,0.8057
4494.86,0.80496
4495.76,0.80687
4496.66,0.8089
4497.56,0.81087
4498.46,0.81571
4499.36,0.81789
4500.26,0.8213
4501.16,0.82495
4502.06,0.82578
4502.96,0.83331
4503.86,0.83701
4504.76,0.84122
4505.66,0.84456
4506.56,0.84663
4507.46,0.84684
4508.36,0.84559
4509.26,0.84188
4510.17,0.84403
4511.06,0.84165
4511.97,0.83933
4512.87,0.83868
4513.77,0.83372
4514.67,0.83311
4515.57,0.82749
4516.47,0.82119
4517.37,0.82355
4518.27,0.82002
4519.17,0.81974
4520.07,0.81614
4520.97,0.81535
4521.87,0.81445
4522.77,0.81163
4523.67,0.8053
4524.57,0.7973
4525.47,0.79751
4526.37,0.79097
4527.27,0.78028
4528.17,0.77841
4529.07,0.77389
4529.97,0.77081
4530.87,0.7681
4531.77,0.77014
4532.67,0.76875
4533.57,0.76793
4534.47,0.76885
4535.37,0.77073
4536.27,0.77768
4537.17,0.78578
4538.07,0.79249
4538.97,0.80097
4539.87,0.8052
4540.77,0.81394
4541.67,0.81435
4542.57,0.81157
4543.47,0.8135
4544.37,0.81211
4545.27,0.80753
4546.17,0.80179
4547.07,0.79738
4547.97,0.79252
4548.88,0.7902
4549.77,0.78428
4550.68,0.78344
4551.58,0.77951
4552.48,0.7783
4553.38,0.77771
4554.28,0.78052
4555.18,0.78502
4556.08,0.78447
4556.98,0.79222
4557.88,0.7988
4558.78,0.80562
4559.68,0.8116
4560.58,0.81679
4561.48,0.82105
4562.38,0.82217
4563.28,0.81877
4564.18,0.81737
4565.08,0.81127
4565.98,0.81443
4566.88,0.81611
4567.78,0.81423
4568.68,0.81621
4569.58,0.81696
4570.48,0.81864
4571.38,0.81629
4572.28,0.81638
4573.18,0.81162
4574.08,0.81701
4574.98,0.81509
4575.88,0.81688
4576.78,0.8174
4577.68,0.81771
4578.58,0.81268
4579.48,0.81171
4580.38,0.80527
4581.28,0.80445
4582.18,0.79593
4583.08,0.79588
4583.98,0.7951
4584.88,0.79435
4585.78,0.79726
4586.69,0.80339
4587.58,0.80446
4588.49,0.80806
4589.39,0.81083
4590.29,0.81358
4591.19,0.81192
4592.09,0.8107
4592.99,0.81212
4593.89,0.80927
4594.79,0.81002
4595.69,0.81013
4596.59,0.8112
4597.49,0.81228
4598.39,0.81347
4599.29,0.81366
4600.19,0.81174
4601.09,0.81155
4601.99,0.81273
4602.89,0.81148
4603.79,0.81115
4604.69,0.8131
4605.59,0.81386
4606.49,0.82027
4607.39,0.81907
4608.29,0.8274
4609.19,0.82937
4610.09,0.83007
4610.99,0.83076
4611.89,0.83637
4612.79,0.83366
4613.69,0.82896
4614.59,0.82765
4615.49,0.8289
4616.39,0.82403
4617.29,0.82579
4618.19,0.82418
4619.09,0.82497
4619.99,0.82213
4620.89,0.82241
4621.79,0.82996
4622.69,0.82841
4623.59,0.82796
4624.5,0.83105
4625.4,0.83315
4626.3,0.83531
4627.2,0.82738
4628.1,0.82859
4629.0,0.82909
4629.9,0.82699
4630.8,0.82959
4631.7,0.82596
4632.6,0.82331
4633.5,0.82395
4634.4,0.81946
4635.3,0.82675
4636.2,0.8191
4637.1,0.81714
4638.0,0.81716
4638.9,0.81372
4639.8,0.81851
4640.7,0.82015
4641.6,0.82425
4642.5,0.82153
4643.4,0.82168
4644.3,0.82021
4645.2,0.82116
4646.1,0.81872
4647.0,0.81445
4647.9,0.81103
4648.8,0.81258
4649.7,0.81094
4650.6,0.80871
4651.5,0.80951
4652.4,0.81179
4653.3,0.80871
4654.2,0.81374
4655.1,0.81405
4656.0,0.81108
4656.9,0.81702
4657.8,0.81226
4658.7,0.82183
4659.6,0.82702
4660.5,0.83132
4661.4,0.83056
4662.3,0.83177
4663.21,0.83122
4664.11,0.82345
4665.01,0.81622
4665.91,0.81262
4666.81,0.80176
4667.71,0.79859
4668.61,0.79541
4669.51,0.79221
4670.41,0.79208
4671.31,0.79479
4672.21,0.80498
4673.11,0.80866
4674.01,0.81211
4674.91,0.81949
4675.81,0.81797
4676.71,0.82101
4677.61,0.81857
4678.51,0.82028
4679.41,0.82012
4680.31,0.81317
4681.21,0.81481
4682.11,0.81235
4683.01,0.81115
4683.91,0.81356
4684.81,0.81503
4685.71,0.82014
4686.61,0.8148
4687.51,0.81848
4688.41,0.81912
4689.31,0.82045
4690.21,0.81968
4691.11,0.82116
4692.01,0.81969
4692.91,0.82245
4693.81,0.82678
4694.71,0.82837
4695.61,0.82983
4696.51,0.83264
4697.41,0.8274
4698.31,0.82748
4699.21,0.81971
4700.12,0.81477
4701.02,0.8101
4701.92,0.81022
4702.82,0.80452
4703.72,0.80227
4704.62,0.80003
4705.52,0.79863
4706.42,0.80045
4707.32,0.79767
4708.22,0.79817
4709.12,0.80169
4710.02,0.79992
4710.92,0.79983
4711.82,0.80531
4712.72,0.80925
4713.62,0.81566
4714.52,0.81221
4715.42,0.81795
4716.32,0.82477
4717.22,0.82266
4718.12,0.82523
4719.02,0.82859
4719.92,0.82969
4720.82,0.82906
4721.72,0.83022
4722.62,0.83124
4723.52,0.83329
4724.42,0.83109
4725.32,0.82823
4726.22,0.8261
4727.12,0.82211
4728.02,0.8206
4728.92,0.81232
4729.82,0.81083
4730.72,0.80831
4731.62,0.80485
4732.52,0.80531
4733.42,0.80942
4734.32,0.81229
4735.22,0.80968
4736.12,0.8133
4737.02,0.81201
4737.92,0.81483
4738.83,0.81587
4739.73,0.81555
4740.63,0.81659
4741.53,0.81978
4742.43,0.8204
4743.33,0.81862
4744.23,0.82415
4745.13,0.82214
4746.03,0.82489
4746.93,0.82853
4747.83,0.82651
4748.73,0.82977
4749.63,0.82841
4750.53,0.82397
4751.43,0.82585
4752.33,0.82092
4753.23,0.82099
4754.13,0.82005
4755.03,0.81743
4755.93,0.81466
4756.83,0.8122
4757.73,0.81089
4758.63,0.81067
4759.53,0.81461
4760.43,0.80671
4761.33,0.80635
4762.23,0.80287
4763.13,0.80026
4764.03,0.79821
4764.93,0.79919
4765.83,0.79607
4766.73,0.793
4767.63,0.79753
4768.53,0.79748
4769.43,0.80292
4770.33,0.80644
4771.23,0.80627
4772.13,0.80913
4773.03,0.81538
4773.93,0.81617
4774.83,0.81531
4775.73,0.81825
4776.64,0.81964
4777.54,0.82283
4778.44,0.81974
4779.34,0.81968
4780.24,0.8197
4781.14,0.81514
4782.04,0.81418
4782.94,0.81273
4783.84,0.80848
4784.74,0.80753
4785.64,0.80198
4786.54,0.80149
4787.44,0.79992
4788.34,0.79476
4789.24,0.79787
4790.14,0.79998
4791.04,0.80088
4791.94,0.8086
4792.84,0.8089
4793.74,0.81704
4794.64,0.81645
4795.54,0.81866
4796.44,0.82094
4797.34,0.81965
4798.24,0.81944
4799.14,0.81578
4800.04,0.81518
4800.94,0.81166
4801.84,0.81228
4802.74,0.81498
4803.64,0.8115
4804.54,0.80984
4805.44,0.81089
4806.34,0.8142
4807.24,0.81154
4808.14,0.80905
4809.04,0.80858
4809.94,0.80824
4810.84,0.8101
4811.74,0.81444
4812.64,0.81471
4813.54,0.81796
4814.45,0.81511
4815.35,0.81928
4816.25,0.81763
4817.15,0.81897
4818.05,0.82118
4818.95,0.81924
4819.85,0.81828
4820.75,0.81655
4821.65,0.81517
4822.55,0.81212
4823.45,0.80603
4824.35,0.80321
4825.25,0.80175
4826.15,0.79962
4827.05,0.79875
4827.95,0.79844
4828.85,0.8003
4829.75,0.79867
4830.65,0.7958
4831.55,0.79155
4832.45,0.7937
4833.35,0.79227
4834.25,0.79529
4835.15,0.79359
4836.05,0.79027
4836.95,0.79017
4837.85,0.78774
4838.75,0.78372
4839.65,0.78156
4840.55,0.77929
4841.45,0.77881
4842.35,0.77505
4843.25,0.77372
4844.15,0.77137
4845.05,0.77092
4845.95,0.76766
4846.85,0.76464
4847.75,0.76443
4848.65,0.76075
4849.55,0.75549
4850.45,0.75434
4851.35,0.74475
4852.26,0.74095
4853.16,0.73005
4854.06,0.72361
4854.96,0.70911
4855.86,0.69595
4856.76,0.68009
4857.66,0.66055
4858.56,0.6423
4859.46,0.61763
4860.36,0.59704
4861.26,0.57958
4862.16,0.5724
4863.06,0.56943
4863.96,0.57707
4864.86,0.59373
4865.76,0.61224
4866.66,0.63328
4867.56,0.65077
4868.46,0.67281
4869.36,0.68597
4870.26,0.69514
4871.16,0.70458
4872.06,0.70895
4872.96,0.71287
4873.86,0.71824
4874.76,0.7259
4875.66,0.73267
4876.56,0.74049
4877.46,0.74726
4878.36,0.75131
4879.26,0.75705
4880.16,0.76246
4881.06,0.76669
4881.96,0.76621
4882.86,0.76999
4883.76,0.76941
4884.66,0.76792
4885.56,0.77046
4886.46,0.76831
4887.36,0.76444
4888.26,0.76578
4889.17,0.76716
4890.07,0.76065
4890.97,0.76445
4891.87,0.76969
4892.77,0.77597
4893.67,0.7838
4894.57,0.79375
4895.47,0.79961
4896.37,0.80713
4897.27,0.8155
4898.17,0.8128
4899.07,0.81146
4899.97,0.81256
4900.87,0.80849
4901.77,0.80884
4902.67,0.80507
4903.57,0.80295
4904.47,0.80057
4905.37,0.79992
4906.27,0.80284
4907.17,0.80283
4908.07,0.80059
4908.97,0.79922
4909.87,0.79789
4910.77,0.79207
4911.67,0.7932
4912.57,0.79352
4913.47,0.79443
4914.37,0.79738
4915.27,0.79701
4916.17,0.79796
4917.07,0.79467
4917.97,0.79066
4918.87,0.78235
4919.77,0.77047
4920.67,0.76562
4921.57,0.76707
4922.47,0.76178
4923.37,0.76325
4924.27,0.7657
4925.17,0.77339
4926.07,0.78065
4926.98,0.78669
4927.88,0.79356
4928.78,0.79804
4929.68,0.80174
4930.58,0.80503
4931.48,0.80432
4932.38,0.803
4933.28,0.79892
4934.18,0.79217
4935.08,0.78358
4935.98,0.77938
4936.88,0.78011
4937.78,0.7768
4938.68,0.77877
4939.58,0.77635
4940.48,0.78266
4941.38,0.78447
4942.28,0.79315
4943.18,0.79739
4944.08,0.80001
4944.98,0.80349
4945.88,0.808
4946.78,0.81387
4947.68,0.8123
4948.58,0.81438
4949.48,0.81177
4950.38,0.81478
4951.28,0.81514
4952.18,0.81205
4953.08,0.81183
4953.98,0.80791
4954.88,0.79994
4955.78,0.79808
4956.68,0.79291
4957.58,0.7853
4958.48,0.78223
4959.38,0.78112
4960.28,0.78122
4961.18,0.7898
4962.08,0.79508
4962.98,0.79659
4963.88,0.79628
4964.79,0.7986
4965.69,0.79388
4966.59,0.79604
4967.49,0.79357
4968.39,0.78959
4969.29,0.79319
4970.19,0.79302
4971.09,0.79144
4971.99,0.79651
4972.89,0.79415
4973.79,0.7966
4974.69,0.80286
4975.59,0.79981
4976.49,0.80209
4977.39,0.79925
4978.29,0.79233
4979.19,0.79043
4980.09,0.78472
4980.99,0.77618
4981.89,0.76956
4982.79,0.76207
4983.69,0.75619
4984.59,0.75445
4985.49,0.75729
4986.39,0.76137
4987.29,0.76191
4988.19,0.76799
4989.09,0.77166
4989.99,0.78036
4990.89,0.77919
4991.79,0.78084
4992.69,0.78405
4993.59,0.78391
4994.49,0.78306
4995.39,0.78555
4996.29,0.78116
4997.19,0.78041
4998.09,0.78203
4998.99,0.77847
4999.89,0.77621
5000.79,0.77165
5001.7,0.77147
5002.6,0.76446
5003.5,0.76695
5004.4,0.76582
5005.3,0.76236
5006.2,0.76071
5007.1,0.76082
5008.0,0.75947
5008.9,0.76335
5009.8,0.76149
5010.7,0.75963
5011.6,0.76052
5012.5,0.75874
5013.4,0.75231
5014.3,0.75034
5015.2,0.74579
5016.1,0.7457
5017.0,0.74597
5017.9,0.74512
5018.8,0.74728
5019.7,0.74635
5020.6,0.75192
5021.5,0.75658
5022.4,0.7582
5023.3,0.75794
5024.2,0.76473
5025.1,0.76793
5026.0,0.7686
5026.9,0.77223
5027.8,0.77279
5028.7,0.77559
5029.6,0.77966
5030.5,0.7813
5031.4,0.78165
5032.3,0.78307
5033.2,0.78652
5034.1,0.78241
5035.0,0.78257
5035.9,0.7751
5036.8,0.76874
5037.7,0.76503
5038.6,0.75448
5039.5,0.74779
5040.41,0.74233
5041.31,0.74129
5042.21,0.74171
5043.11,0.74599
5044.01,0.74841
5044.91,0.75774
5045.81,0.76463
5046.71,0.77156
5047.61,0.7754
5048.51,0.77371
5049.41,0.77563
5050.31,0.77307
5051.21,0.77004
5052.11,0.7714
5053.01,0.77445
5053.91,0.77621
5054.81,0.78089
5055.71,0.78738
5056.61,0.78868
5057.51,0.79683
5058.41,0.79643
5059.31,0.79669
5060.21,0.79516
5061.11,0.7918
5062.01,0.79064
5062.91,0.79038
5063.81,0.78462
5064.71,0.78172
5065.61,0.77716
5066.51,0.77352
5067.41,0.77073
5068.31,0.77102
5069.21,0.77141
5070.11,0.77075
5071.01,0.76907
5071.91,0.77216
5072.81,0.76895
5073.71,0.7709
5074.61,0.76773
5075.51,0.76843
5076.42,0.76326
5077.31,0.76437
5078.21,0.76053
5079.12,0.75189
5080.02,0.75004
5080.92,0.74768
5081.82,0.74558
5082.72,0.74337
5083.62,0.74687
5084.52,0.75372
5085.42,0.76184
5086.32,0.76169
5087.22,0.76927
5088.12,0.77048
5089.02,0.77055
5089.92,0.77735
5090.82,0.77793
5091.72,0.7817
5092.62,0.78357
5093.52,0.78253
5094.42,0.7809
5095.32,0.77804
5096.22,0.77607
5097.12,0.77143
5098.02,0.76924
5098.92,0.76477
5099.82,0.75609
5100.72,0.75808
5101.62,0.7609
5102.52,0.76032
5103.42,0.76266
5104.32,0.76162
5105.22,0.76272
5106.12,0.76209
5107.02,0.75927
5107.92,0.75902
5108.82,0.75987
5109.72,0.75603
5110.62,0.75686
5111.52,0.75706
5112.42,0.76018
5113.32,0.76646
5114.22,0.76844
5115.12,0.77416
5116.03,0.77863
5116.93,0.77863
5117.83,0.78016
5118.73,0.77835
5119.63,0.77748
5120.53,0.77489
5121.43,0.77214
5122.33,0.76593
5123.23,0.76134
5124.13,0.75723
5125.03,0.74976
5125.93,0.74385
5126.83,0.74564
5127.73,0.74414
5128.63,0.74527
5129.53,0.74431
5130.43,0.74761
5131.33,0.74773
5132.23,0.75187
5133.13,0.75559
5134.03,0.75704
5134.93,0.75783
5135.83,0.75832
5136.73,0.75853
5137.63,0.75449
5138.53,0.75005
5139.43,0.7488
5140.33,0.74531
5141.23,0.74085
5142.13,0.74131
5143.03,0.73871
5143.93,0.74447
5144.83,0.74048
5145.73,0.73891
5146.63,0.74031
5147.53,0.74635
5148.43,0.74467
5149.33,0.74412
5150.23,0.74389
5151.13,0.74379
5152.03,0.74327
5152.94,0.74526
5153.84,0.74515
5154.74,0.74677
5155.64,0.74928
5156.54,0.75332
5157.44,0.75946
5158.34,0.76181
5159.24,0.76395
5160.14,0.76659
5161.04,0.76648
5161.94,0.75852
5162.84,0.75464
5163.74,0.74762
5164.64,0.73604
5165.54,0.72427
5166.44,0.71151
5167.34,0.69681
5168.24,0.68686
5169.14,0.67504
5170.04,0.66994
5170.94,0.66635
5171.84,0.66643
5172.74,0.6738
5173.64,0.67741
5174.54,0.68794
5175.44,0.69522
5176.34,0.7089
5177.24,0.72385
5178.14,0.72804
5179.04,0.73437
5179.94,0.73557
5180.84,0.73336
5181.74,0.72539
5182.64,0.71787
5183.54,0.71118
5184.44,0.70484
5185.34,0.70156
5186.24,0.70034
5187.14,0.71131
5188.04,0.71312
5188.94,0.72019
5189.84,0.7275
5190.75,0.73028
5191.65,0.73078
5192.55,0.73063
5193.45,0.73111
5194.35,0.72953
5195.25,0.72834
5196.15,0.73068
5197.05,0.73389
5197.95,0.73946
5198.85,0.74042
5199.75,0.74725
5200.65,0.7451
5201.55,0.74898
5202.45,0.74671
5203.35,0.74149
5204.25,0.73581
5205.15,0.73341
5206.05,0.72655
5206.95,0.72405
5207.85,0.72388
5208.75,0.71926
5209.65,0.72337
5210.55,0.72754
5211.45,0.72903
5212.35,0.73832
5213.25,0.74197
5214.15,0.74575
5215.05,0.7522
5215.95,0.75394
5216.85,0.75741
5217.75,0.75712
5218.65,0.75833
5219.55,0.75939
5220.45,0.7598
5221.35,0.76281
5222.25,0.76211
5223.15,0.7591
5224.05,0.75368
5224.95,0.74417
5225.85,0.73886
5226.75,0.73375
5227.66,0.72875
5228.56,0.72883
5229.46,0.7315
5230.36,0.7346
5231.26,0.73756
5232.16,0.74361
5233.06,0.74833
5233.96,0.74974
5234.86,0.75344
5235.76,0.75531
5236.66,0.75547
5237.56,0.7592
5238.46,0.76513
5239.36,0.76683
5240.26,0.77197
5241.16,0.77312
5242.06,0.7741
5242.96,0.77321
5243.86,0.77295
5244.76,0.772
5245.66,0.76782
5246.56,0.76379
5247.46,0.76242
5248.36,0.75536
5249.26,0.75494
5250.16,0.75335
5251.06,0.7505
5251.96,0.75014
5252.86,0.74927
5253.76,0.75388
5254.66,0.75641
5255.56,0.75571
5256.46,0.75874
5257.36,0.76508
5258.26,0.76294
5259.16,0.76114
5260.06,0.76023
5260.96,0.75547
5261.86,0.74801
5262.76,0.73903
5263.66,0.73063
5264.56,0.72325
5265.47,0.71445
5266.37,0.70853
5267.27,0.70534
5268.17,0.69904
5269.07,0.70345
5269.97,0.70342
5270.87,0.70383
5271.77,0.70803
5272.67,0.71148
5273.57,0.71889
5274.47,0.72658
5275.37,0.7341
5276.27,0.73832
5277.17,0.7461
5278.07,0.74925
5278.97,0.75277
5279.87,0.75677
5280.77,0.75837
5281.67,0.75504
5282.57,0.75598
5283.47,0.75726
5284.37,0.75621
5285.27,0.75817
5286.17,0.76313
5287.07,0.76678
5287.97,0.77493
5288.87,0.77842
5289.77,0.77626
5290.67,0.78101
5291.57,0.78312
5292.47,0.7814
5293.37,0.78148
5294.27,0.77598
5295.17,0.77108
5296.07,0.76559
5296.97,0.75976
5297.87,0.75483
5298.77,0.7504
5299.67,0.75064
5300.57,0.74948
5301.48,0.75139
5302.38,0.75423
5303.27,0.75672
5304.18,0.7593
5305.08,0.76511
5305.98,0.76985
5306.88,0.77256
5307.78,0.77482
5308.68,0.77458
5309.58,0.77587
5310.48,0.78227
5311.38,0.77731
5312.28,0.77842
5313.18,0.7792
5314.08,0.77525
5314.98,0.77365
5315.88,0.76824
5316.78,0.76903
5317.68,0.76299
5318.58,0.76355
5319.48,0.76368
5320.38,0.76239
5321.28,0.75828
5322.18,0.75372
5323.08,0.75437
5323.98,0.74842
5324.88,0.74777
5325.78,0.73518
5326.68,0.73194
5327.58,0.72896
5328.48,0.72576
5329.38,0.72451
5330.28,0.72262
5331.18,0.72707
5332.08,0.73369
5332.98,0.73688
5333.88,0.74553
5334.78,0.75176
5335.68,0.75133
5336.58,0.75802
5337.48,0.75715
5338.38,0.75429
5339.28,0.75131
5340.19,0.7509
5341.08,0.75198
5341.99,0.74658
5342.89,0.75252
5343.79,0.74929
5344.69,0.75213
5345.59,0.75241
5346.49,0.75401
5347.39,0.7573
5348.29,0.75251
5349.19,0.75667
5350.09,0.76092
5350.99,0.75893
5351.89,0.76091
5352.79,0.76512
5353.69,0.76747
5354.59,0.77053
5355.49,0.77444
5356.39,0.78001
5357.29,0.78211
5358.19,0.78441
5359.09,0.78109
5359.99,0.78127
5360.89,0.77907
5361.79,0.77526
5362.69,0.77349
5363.59,0.77011
5364.49,0.76273
5365.39,0.75678
5366.29,0.75922
5367.19,0.75074
5368.09,0.75023
5368.99,0.74618
5369.89,0.74247
5370.79,0.73939
5371.69,0.74502
5372.59,0.74462
5373.49,0.74763
5374.39,0.75099
5375.29,0.75742
5376.19,0.75997
5377.09,0.76394
5378.0,0.76844
5378.9,0.76852
5379.8,0.76842
5380.7,0.76273
5381.6,0.76332
5382.5,0.76096
5383.4,0.76346
5384.3,0.76266
5385.2,0.7592
5386.1,0.7615
5387.0,0.76119
5387.9,0.75955
5388.8,0.75821
5389.7,0.75765
5390.6,0.75659
5391.5,0.75291
5392.4,0.74943
5393.3,0.74839
5394.2,0.74647
5395.1,0.74077
5396.0,0.74089
5396.9,0.73895
5397.8,0.7342
5398.7,0.73933
5399.6,0.73724
5400.5,0.73597
5401.4,0.73945
5402.3,0.73729
5403.2,0.73521
5404.1,0.73225
5405.0,0.72997
5405.9,0.72897
5406.8,0.72444
5407.7,0.72622
5408.6,0.72579
5409.5,0.72954
5410.4,0.73252
5411.3,0.73454
5412.2,0.73889
5413.1,0.74265
5414.0,0.74366
5414.9,0.74846
5415.81,0.74936
5416.71,0.75483
5417.61,0.75673
5418.51,0.75705
5419.41,0.75657
5420.31,0.75699
5421.21,0.75722
5422.11,0.75635
5423.01,0.75344
5423.91,0.75458
5424.81,0.74932
5425.71,0.75239
5426.61,0.74766
5427.51,0.74674
5428.41,0.74305
5429.31,0.74652
5430.21,0.74234
5431.11,0.73988
5432.01,0.73588
5432.91,0.73215
5433.81,0.73392
5434.71,0.73497
5435.61,0.73691
5436.51,0.7373
5437.41,0.74408
5438.31,0.74774
5439.21,0.75251
5440.11,0.75704
5441.01,0.75673
5441.91,0.75906
5442.81,0.75886
5443.71,0.7608
5444.61,0.754
5445.51,0.74963
5446.41,0.74352
5447.31,0.74579
5448.21,0.74258
5449.11,0.74083
5450.01,0.74093
5450.91,0.74165
5451.81,0.74642
5452.72,0.74785
5453.62,0.7458
5454.52,0.74177
5455.42,0.74402
5456.32,0.74291
5457.22,0.74109
5458.12,0.74245
5459.02,0.74198
5459.92,0.74612
5460.82,0.74613
5461.72,0.74503
5462.62,0.74616
5463.52,0.74369
5464.42,0.74651
5465.32,0.74768
5466.22,0.74447
5467.12,0.74409
5468.02,0.74642
5468.92,0.74629
5469.82,0.75109
5470.72,0.74568
5471.62,0.74779
5472.52,0.74178
5473.42,0.74195
5474.32,0.73746
5475.22,0.7333
5476.12,0.73059
5477.02,0.73075
5477.92,0.72914
5478.82,0.72946
5479.72,0.72744
5480.62,0.72948
5481.52,0.73093
5482.42,0.7346
5483.32,0.73676
5484.22,0.73898
5485.12,0.7412
5486.02,0.74137
5486.92,0.74263
5487.82,0.74547
5488.72,0.74247
5489.62,0.74415
5490.53,0.74353
5491.43,0.74432
5492.33,0.747
5493.23,0.74578
5494.13,0.74698
5495.03,0.74542
5495.93,0.74699
5496.83,0.74278
5497.73,0.74602
5498.63,0.74503
5499.53,0.74493
5500.43,0.74266
5501.33,0.74138
5502.23,0.73667
5503.13,0.73857
5504.03,0.7388
5504.93,0.7386
5505.83,0.73713
5506.73,0.73726
5507.63,0.73801
5508.53,0.7333
5509.43,0.73713
5510.33,0.73428
5511.23,0.73431
5512.13,0.73493
5513.03,0.73623
5513.93,0.73521
5514.83,0.73709
5515.73,0.73738
5516.63,0.74211
5517.53,0.74274
5518.43,0.74719
5519.33,0.74503
5520.23,0.75225
5521.13,0.75276
5522.03,0.75252
5522.93,0.75227
5523.83,0.75017
5524.73,0.74799
5525.63,0.74075
5526.54,0.73965
5527.44,0.73699
5528.33,0.73444
5529.24,0.73486
5530.14,0.73575
5531.04,0.73263
5531.94,0.7362
5532.84,0.73484
5533.74,0.73721
5534.64,0.73899
5535.54,0.74445
5536.44,0.74752
5537.34,0.74716
5538.24,0.74736
5539.14,0.74751
5540.04,0.75044
5540.94,0.75052
5541.84,0.7493
5542.74,0.75301
5543.64,0.75056
5544.54,0.75145
5545.44,0.75143
5546.34,0.75161
5547.24,0.75414
5548.14,0.74956
5549.04,0.75354
5549.94,0.7533
5550.84,0.75531
5551.74,0.75327
5552.64,0.75268
5553.54,0.75061
5554.44,0.75035
5555.34,0.75018
5556.24,0.7489
5557.14,0.74776
5558.04,0.74333
5558.94,0.7478
5559.84,0.74488
5560.74,0.74558
5561.64,0.74387
5562.54,0.74015
5563.44,0.73681
5564.34,0.73745
5565.25,0.73769
5566.15,0.73531
5567.05,0.73483
5567.95,0.7322
5568.85,0.73227
5569.75,0.73393
5570.65,0.73099
5571.55,0.73061
5572.45,0.73072
5573.35,0.73127
5574.25,0.7288
5575.15,0.73571
5576.05,0.73504
5576.95,0.73474
5577.85,0.73687
5578.75,0.73547
5579.65,0.73605
5580.55,0.73874
5581.45,0.73794
5582.35,0.73568
5583.25,0.73712
5584.15,0.73249
5585.05,0.72867
5585.95,0.72702
5586.85,0.72173
5587.75,0.71909
5588.65,0.715
5589.55,0.71519
5590.45,0.71419
5591.35,0.70982
5592.25,0.70951
5593.15,0.71349
5594.05,0.71677
5594.95,0.71742
5595.85,0.71875
5596.75,0.71717
5597.65,0.72112
5598.55,0.72208
5599.45,0.72107
5600.35,0.7207
5601.25,0.71822
5602.15,0.72238
5603.06,0.72207
5603.96,0.72229
5604.86,0.72685
5605.76,0.72985
5606.66,0.73454
5607.56,0.73492
5608.46,0.73878
5609.36,0.74416
5610.26,0.74253
5611.16,0.74736
5612.06,0.744
5612.96,0.74115
5613.86,0.73472
5614.76,0.73531
5615.66,0.73462
5616.56,0.73049
5617.46,0.72803
5618.36,0.72647
5619.26,0.72948
5620.16,0.72868
5621.06,0.72767
5621.96,0.72964
5622.86,0.7307
5623.76,0.72826
5624.66,0.73183
5625.56,0.73075
5626.46,0.73282
5627.36,0.73068
5628.26,0.73073
5629.16,0.73494
5630.06,0.73839
5630.96,0.74198
5631.86,0.73874
5632.76,0.74199
5633.66,0.73746
5634.56,0.74256
5635.46,0.73816
5636.36,0.73596
5637.26,0.73492
5638.16,0.73324
5639.06,0.73007
5639.96,0.72743
5640.86,0.72794
5641.77,0.72892
5642.67,0.72898
5643.57,0.73116
5644.47,0.7315
5645.37,0.72939
5646.27,0.73178
5647.17,0.73505
5648.07,0.73497
5648.97,0.73619
5649.87,0.73842
5650.77,0.7367
5651.67,0.73559
5652.57,0.73453
5653.47,0.73203
5654.37,0.73331
5655.27,0.72984
5656.17,0.72891
5657.07,0.72249
5657.97,0.71996
5658.87,0.71536
5659.77,0.71451
5660.67,0.71139
5661.57,0.71663
5662.47,0.71382
5663.37,0.7161
5664.27,0.71921
5665.17,0.72256
5666.07,0.7218
5666.97,0.72239
5667.87,0.7229
5668.77,0.72535
5669.67,0.72639
5670.57,0.72828
5671.47,0.72882
5672.37,0.72766
5673.27,0.73398
5674.17,0.73375
5675.07,0.73575
5675.97,0.73805
5676.88,0.73617
5677.77,0.7378
5678.68,0.73669
5679.58,0.73667
5680.48,0.73323
5681.38,0.73317
5682.28,0.73141
5683.18,0.72683
5684.08,0.72546
5684.98,0.72509
5685.88,0.72519
5686.78,0.72144
5687.68,0.7245
5688.58,0.72137
5689.48,0.72315
5690.38,0.72637
5691.28,0.72407
5692.18,0.72938
5693.08,0.73011
5693.98,0.73181
5694.88,0.73322
5695.78,0.73305
5696.68,0.73248
5697.58,0.73069
5698.48,0.73201
5699.38,0.72661
5700.28,0.72377
5701.18,0.72582
5702.08,0.72489
5702.98,0.72049
5703.88,0.71677
5704.78,0.71694
5705.68,0.7146
5706.58,0.71326
5707.48,0.70644
5708.38,0.70894
5709.28,0.70804
5710.18,0.70384
5711.08,0.70536
5711.98,0.70592
5712.88,0.70647
5713.78,0.71031
5714.68,0.71421
5715.59,0.71527
5716.49,0.72268
5717.39,0.72533
5718.29,0.72787
5719.19,0.72903
5720.09,0.73075
5720.99,0.73576
5721.89,0.73594
5722.79,0.73369
5723.69,0.73876
5724.59,0.73421
5725.49,0.73733
5726.39,0.73667
5727.29,0.73552
5728.19,0.73277
5729.09,0.72829
5729.99,0.73422
5730.89,0.73183
5731.79,0.72906
5732.69,0.72695
5733.59,0.72871
5734.49,0.72949
5735.39,0.73362
5736.29,0.73199
5737.19,0.7315
5738.09,0.73278
5738.99,0.73172
5739.89,0.73172
5740.79,0.73351
5741.69,0.73368
5742.59,0.73456
5743.49,0.73095
5744.39,0.73362
5745.29,0.73249
5746.19,0.73218
5747.09,0.73117
5747.99,0.73129
5748.89,0.73069
5749.79,0.72899
5750.69,0.72796
5751.59,0.72782
5752.5,0.72428
5753.4,0.72346
5754.3,0.72303
5755.2,0.72299
5756.1,0.72173
5757.0,0.72159
5757.9,0.72304
5758.8,0.72242
5759.7,0.72568
5760.6,0.72378
5761.5,0.72448
5762.4,0.72414
5763.3,0.7236
5764.2,0.72317
5765.1,0.72475
5766.0,0.72743
5766.9,0.72578
5767.8,0.73199
5768.7,0.73005
5769.6,0.72826
5770.5,0.73125
5771.4,0.73106
5772.3,0.72824
5773.2,0.7296
5774.1,0.73074
5775.0,0.72893
5775.9,0.72449
5776.8,0.72569
5777.7,0.72367
5778.6,0.724
5779.5,0.71976
5780.4,0.71615
5781.3,0.71502
5782.2,0.71348
5783.1,0.71174
5784.0,0.71067
5784.9,0.71012
5785.8,0.70916
5786.7,0.71075
5787.6,0.71067
5788.5,0.71332
5789.41,0.71369
5790.31,0.71751
5791.21,0.71887
5792.11,0.71878
5793.01,0.71979
5793.91,0.72223
5794.81,0.72241
5795.71,0.72428
5796.61,0.72339
5797.51,0.7217
5798.41,0.7255
5799.31,0.72719
5800.21,0.72932
5801.11,0.72982
5802.01,0.72688
5802.91,0.72865
5803.81,0.72838
5804.71,0.72608
5805.61,0.72549
5806.51,0.72787
5807.41,0.72832
5808.31,0.72475
5809.21,0.72589
5810.11,0.72872
5811.01,0.73125
5811.91,0.72565
5812.81,0.72851
5813.71,0.72686
5814.61,0.72759
5815.51,0.72756
5816.41,0.72948
5817.31,0.73145
5818.21,0.73151
5819.11,0.72938
5820.01,0.72883
5820.91,0.73541
5821.81,0.73298
5822.71,0.73268
5823.61,0.73337
5824.51,0.73339
5825.41,0.73427
5826.31,0.73698
5827.22,0.73346
5828.12,0.73624
5829.02,0.73708
5829.92,0.73485
5830.82,0.73503
5831.72,0.73515
5832.62,0.7355
5833.52,0.72984
5834.42,0.73241
5835.32,0.73275
5836.22,0.73289
5837.12,0.73074
5838.02,0.73593
5838.92,0.73045
5839.82,0.73421
5840.72,0.72983
5841.62,0.72956
5842.52,0.7313
5843.42,0.73362
5844.32,0.73006
5845.22,0.73017
5846.12,0.72862
5847.02,0.72724
5847.92,0.72513
5848.82,0.72293
5849.72,0.72266
5850.62,0.72004
5851.52,0.72117
5852.42,0.71775
5853.32,0.71697
5854.22,0.7112
5855.12,0.71008
5856.02,0.70586
5856.92,0.70641
5857.82,0.70607
5858.72,0.70769
5859.62,0.70615
5860.52,0.7119
5861.42,0.7087
5862.32,0.70832
5863.23,0.70887
5864.12,0.70988
5865.03,0.71406
5865.93,0.71441
5866.83,0.71598
5867.73,0.71292
5868.63,0.71541
5869.53,0.71907
5870.43,0.72032
5871.33,0.72228
5872.23,0.71945
5873.13,0.72446
5874.03,0.7232
5874.93,0.72206
5875.83,0.72202
5876.73,0.72093
5877.63,0.72004
5878.53,0.71683
5879.43,0.7166
5880.33,0.71882
5881.23,0.71372
5882.13,0.71276
5883.03,0.70859
5883.93,0.70786
5884.83,0.70658
5885.73,0.70257
5886.63,0.69405
5887.53,0.68874
5888.43,0.68067
5889.33,0.67814
5890.23,0.66852
5891.13,0.66321
5892.03,0.6596
5892.93,0.65705
5893.83,0.6536
5894.73,0.65752
5895.63,0.65908
5896.53,0.66023
5897.43,0.66634
5898.33,0.666
5899.23,0.6709
5900.13,0.67788
5901.04,0.68341
5901.94,0.69094
5902.83,0.69465
5903.74,0.6976
5904.64,0.69992
5905.54,0.70401
5906.44,0.70527
5907.34,0.70671
5908.24,0.70527
5909.14,0.70679
5910.04,0.70697
5910.94,0.70781
5911.84,0.70404
5912.74,0.70492
5913.64,0.70269
5914.54,0.70448
5915.44,0.70108
5916.34,0.70072
5917.24,0.7024
5918.14,0.70017
5919.04,0.70098
5919.94,0.70333
5920.84,0.70471
5921.74,0.70551
5922.64,0.70366
5923.54,0.70479
5924.44,0.70648
5925.34,0.7055
5926.24,0.70831
5927.14,0.70719
5928.04,0.70556
5928.94,0.70812
5929.84,0.707
5930.74,0.70691
5931.64,0.70636
5932.54,0.70348
5933.44,0.70458
5934.34,0.70714
5935.24,0.70587
5936.14,0.70643
5937.04,0.70751
5937.94,0.70622
5938.85,0.70519
5939.75,0.70959
5940.65,0.7063
5941.55,0.70647
5942.45,0.70729
5943.35,0.70537
5944.25,0.7041
5945.15,0.70153
5946.05,0.70512
5946.95,0.70643
5947.85,0.70336
5948.75,0.70436
5949.65,0.70245
5950.55,0.70033
5951.45,0.70116
5952.35,0.70178
5953.25,0.70093
5954.15,0.70014
5955.05,0.69998
5955.95,0.70048
5956.85,0.70079
5957.75,0.70473
5958.65,0.7014
5959.55,0.70571
5960.45,0.70615
5961.35,0.70697
5962.25,0.70914
5963.15,0.70849
5964.05,0.71154
5964.95,0.70925
5965.85,0.70696
5966.75,0.71286
5967.65,0.70887
5968.55,0.71127
5969.45,0.71307
5970.35,0.71191
5971.25,0.71229
5972.15,0.70957
5973.05,0.71103
5973.95,0.70781
5974.85,0.70857
5975.75,0.70688
5976.65,0.7059
5977.56,0.70553
5978.46,0.70573
5979.36,0.70265
5980.26,0.7018
5981.16,0.70283
5982.06,0.70449
5982.96,0.70287
5983.86,0.70114
5984.76,0.70133
5985.66,0.70165
5986.56,0.70026
5987.46,0.70195
5988.36,0.70129
5989.26,0.70277
5990.16,0.70258
5991.06,0.70381
5991.96,0.70231
5992.86,0.70153
5993.76,0.70706
5994.66,0.70424
5995.56,0.7044
5996.46,0.70407
5997.36,0.70598
5998.26,0.70425
5999.16,0.70294
6000.06,0.70071
6000.96,0.70284
6001.86,0.70324
6002.76,0.70051
6003.66,0.70178
6004.56,0.70193
6005.46,0.70035
6006.36,0.69833
6007.26,0.69709
6008.16,0.69694
6009.06,0.69447
6009.96,0.69752
6010.86,0.69397
6011.76,0.69581
6012.67,0.69534
6013.56,0.69594
6014.47,0.69479
6015.37,0.6982
6016.27,0.6957
6017.17,0.69495
6018.07,0.69603
6018.97,0.69576
6019.87,0.69407
6020.77,0.69094
6021.67,0.69258
6022.57,0.69374
6023.47,0.69294
6024.37,0.69345
6025.27,0.69509
6026.17,0.69436
6027.07,0.696
6027.97,0.69894
6028.87,0.69843
6029.77,0.7001
6030.67,0.70288
6031.57,0.7027
6032.47,0.70368
6033.37,0.70469
6034.27,0.70327
6035.17,0.7034
6036.07,0.70868
6036.97,0.70782
6037.87,0.70644
6038.77,0.70586
6039.67,0.70757
6040.57,0.7063
6041.47,0.70617
6042.37,0.70432
6043.27,0.70753
6044.17,0.70606
6045.07,0.70563
6045.97,0.70541
6046.87,0.70664
6047.77,0.70513
6048.67,0.70793
6049.57,0.7074
6050.47,0.70973
6051.38,0.70783
6052.28,0.70634
6053.18,0.70768
6054.08,0.7059
6054.98,0.70246
6055.88,0.70277
6056.78,0.70212
6057.68,0.70582
6058.58,0.70174
6059.48,0.70525
6060.38,0.7036
6061.28,0.70186
6062.18,0.70033
6063.08,0.70074
6063.98,0.69767
6064.88,0.69629
6065.78,0.69453
6066.68,0.69706
6067.58,0.70071
6068.48,0.69857
6069.38,0.70062
6070.28,0.70129
6071.18,0.70267
6072.08,0.70373
6072.98,0.70331
6073.88,0.70457
6074.78,0.70832
6075.68,0.705
6076.58,0.70506
6077.48,0.70427
6078.38,0.7022
6079.28,0.69912
6080.18,0.70141
6081.08,0.69761
6081.98,0.69709
6082.88,0.69496
6083.78,0.69351
6084.68,0.69128
6085.58,0.69607
6086.48,0.69291
6087.38,0.69512
6088.28,0.69116
6089.19,0.69083
6090.09,0.69141
6090.99,0.69312
6091.89,0.6945
6092.79,0.69264
6093.69,0.69404
6094.59,0.69477
6095.49,0.69527
6096.39,0.69391
6097.29,0.696
6098.19,0.69595
6099.09,0.69434
6099.99,0.69264
6100.89,0.69324
6101.79,0.68959
6102.69,0.68604
6103.59,0.68824
6104.49,0.6841
6105.39,0.68626
6106.29,0.68607
6107.19,0.68827
6108.09,0.68624
6108.99,0.69235
6109.89,0.69478
6110.79,0.6927
6111.69,0.69387
6112.59,0.69618
6113.49,0.698
6114.39,0.69362
6115.29,0.69298
6116.19,0.69781
6117.09,0.69326
6117.99,0.69375
6118.89,0.69259
6119.79,0.69366
6120.69,0.68902
6121.59,0.6882
6122.49,0.68693
6123.39,0.68558
6124.29,0.68538
6125.19,0.6855
6126.1,0.6845
6127.0,0.68503
6127.9,0.68595
6128.8,0.6887
6129.7,0.68737
6130.6,0.68743
6131.5,0.68663
6132.4,0.68839
6133.3,0.68451
6134.2,0.68099
6135.1,0.68088
6136.0,0.67669
6136.9,0.67536
6137.8,0.67316
6138.7,0.67037
6139.6,0.66862
6140.5,0.67377
6141.4,0.66982
6142.3,0.67332
6143.2,0.67586
6144.1,0.67837
6145.0,0.67874
6145.9,0.68082
6146.8,0.6823
6147.7,0.68678
6148.6,0.68536
6149.5,0.6879
6150.4,0.69021
6151.3,0.68794
6152.2,0.68524
6153.1,0.68596
6154.0,0.68698
6154.9,0.6821
6155.8,0.68387
6156.7,0.68434
6157.6,0.68421
6158.5,0.67951
6159.4,0.67769
6160.3,0.6702
6161.2,0.67017
6162.1,0.66809
6163.01,0.66077
6163.91,0.66119
6164.81,0.66006
6165.71,0.65833
6166.61,0.65646
6167.51,0.65719
6168.41,0.65819
6169.31,0.65974
6170.21,0.66135
6171.11,0.66498
6172.01,0.66154
6172.91,0.66389
6173.81,0.66805
6174.71,0.66729
6175.61,0.66864
6176.51,0.66968
6177.41,0.67269
6178.31,0.67446
6179.21,0.6759
6180.11,0.67554
6181.01,0.67632
6181.91,0.67922
6182.81,0.67889
6183.71,0.67824
6184.61,0.67844
6185.51,0.67799
6186.41,0.6766
6187.31,0.67757
6188.21,0.67498
6189.11,0.67077
6190.01,0.67198
6190.91,0.66938
6191.81,0.66784
6192.71,0.66791
6193.61,0.66752
6194.51,0.66601
6195.41,0.67078
6196.31,0.67083
6197.21,0.67412
6198.11,0.67428
6199.01,0.67461
6199.92,0.67541
6200.82,0.67588
6201.72,0.67647
6202.62,0.67827
6203.52,0.67581
6204.42,0.67734
6205.32,0.68051
6206.22,0.68058
6207.12,0.68208
6208.02,0.67986
6208.92,0.67898
6209.82,0.67825
6210.72,0.67671
6211.62,0.67256
6212.52,0.67293
6213.42,0.66946
6214.32,0.66815
6215.22,0.66641
6216.12,0.66403
6217.02,0.66241
6217.92,0.66213
6218.82,0.66185
6219.72,0.66053
6220.62,0.66415
6221.52,0.66386
6222.42,0.66802
6223.32,0.6676
6224.22,0.66383
6225.12,0.66593
6226.02,0.66386
6226.92,0.66772
6227.82,0.66245
6228.72,0.66272
6229.62,0.66146
6230.52,0.66041
6231.42,0.65879
6232.32,0.65906
6233.22,0.65874
6234.12,0.65805
6235.02,0.66173
6235.92,0.66116
6236.83,0.6605
6237.73,0.66273
6238.63,0.66345
6239.53,0.66332
6240.43,0.66171
6241.33,0.66038
6242.23,0.66211
6243.13,0.65874
6244.03,0.65704
6244.93,0.65623
6245.83,0.65603
6246.73,0.65679
6247.63,0.65707
6248.53,0.6558
6249.43,0.65612
6250.33,0.65517
6251.23,0.65822
6252.13,0.65527
6253.03,0.65283
6253.93,0.65032
6254.83,0.65195
6255.73,0.64951
6256.63,0.6484
6257.53,0.64691
6258.43,0.6465
6259.33,0.64948
6260.23,0.65089
6261.13,0.65059
6262.03,0.65401
6262.93,0.65332
6263.83,0.6566
6264.73,0.65856
6265.63,0.66068
6266.53,0.65978
6267.43,0.66204
6268.33,0.66361
6269.23,0.66181
6270.13,0.6632
6271.03,0.66778
6271.93,0.66651
6272.83,0.66655
6273.73,0.66872
6274.64,0.66648
6275.54,0.66466
6276.44,0.66834
6277.34,0.66667
6278.24,0.66616
6279.14,0.66513
6280.04,0.66633
6280.94,0.66304
6281.84,0.66354
6282.74,0.66323
6283.64,0.66463
6284.54,0.66438
6285.44,0.66582
6286.34,0.66665
6287.24,0.66687
6288.14,0.66861
6289.04,0.66845
6289.94,0.66857
6290.84,0.67334
6291.74,0.67092
6292.64,0.66878
6293.54,0.66889
6294.44,0.6702
6295.34,0.66583
6296.24,0.66361
6297.14,0.66058
6298.04,0.66014
6298.94,0.65886
6299.84,0.65534
6300.74,0.65476
6301.64,0.65712
6302.54,0.65632
6303.44,0.65471
6304.34,0.65813
6305.24,0.66109
6306.14,0.6606
6307.04,0.66458
6307.94,0.66419
6308.84,0.66511
6309.74,0.66749
6310.64,0.66462
6311.54,0.6634
6312.45,0.66548
6313.35,0.66161
6314.25,0.66322
6315.15,0.66069
6316.05,0.66061
6316.95,0.65623
6317.85,0.65968
6318.75,0.65527
6319.65,0.65422
6320.55,0.65535
6321.45,0.65763
6322.35,0.66057
6323.25,0.66105
6324.15,0.66131
6325.05,0.66292
6325.95,0.66338
6326.85,0.66493
6327.75,0.6639
6328.65,0.66646
6329.55,0.66584
6330.45,0.66767
6331.35,0.66604
6332.25,0.66459
6333.15,0.66452
6334.05,0.66573
6334.95,0.66343
6335.85,0.66296
6336.75,0.66315
6337.65,0.65887
6338.55,0.65997
6339.45,0.65942
6340.35,0.66057
6341.25,0.66179
6342.15,0.66161
6343.05,0.6642
6343.95,0.66463
6344.85,0.66294
6345.75,0.66157
6346.65,0.66266
6347.55,0.66231
6348.46,0.66189
6349.35,0.66216
6350.26,0.6626
6351.16,0.66251
6352.06,0.66325
6352.96,0.6641
6353.86,0.66299
6354.76,0.66158
6355.66,0.65804
6356.56,0.65747
6357.46,0.65629
6358.36,0.65675
6359.26,0.65431
6360.16,0.65249
6361.06,0.6521
6361.96,0.6515
6362.86,0.65331
6363.76,0.65095
6364.66,0.65305
6365.56,0.65426
6366.46,0.65417
6367.36,0.65582
6368.26,0.65606
6369.16,0.65907
6370.06,0.65675
6370.96,0.66033
6371.86,0.66333
6372.76,0.66217
6373.66,0.6629
6374.56,0.66446
6375.46,0.66382
6376.36,0.66341
6377.26,0.66293
6378.16,0.66311
6379.06,0.66097
6379.96,0.66102
6380.86,0.65979
6381.76,0.6631
6382.66,0.66082
6383.56,0.66085
6384.46,0.66329
6385.36,0.66273
6386.27,0.66201
6387.17,0.66032
6388.07,0.66007
6388.97,0.6601
6389.87,0.66004
6390.77,0.66145
6391.67,0.65818
6392.57,0.65673
6393.47,0.65623
6394.37,0.65628
6395.27,0.65278
6396.17,0.6531
6397.07,0.65247
6397.97,0.65432
6398.87,0.65357
6399.77,0.65524
6400.67,0.65142
6401.57,0.65413
6402.47,0.65296
6403.37,0.65394
6404.27,0.65571
6405.17,0.65605
6406.07,0.65795
6406.97,0.65829
6407.87,0.65912
6408.77,0.65662
6409.67,0.65473
6410.57,0.65489
6411.47,0.65681
6412.37,0.65661
6413.27,0.65301
6414.17,0.65604
6415.07,0.65382
6415.97,0.6594
6416.87,0.65498
6417.77,0.65536
6418.67,0.65694
6419.57,0.6549
6420.47,0.65518
6421.37,0.65627
6422.27,0.6533
6423.17,0.654
6424.08,0.65498
6424.98,0.65874
6425.88,0.65792
6426.78,0.65898
6427.68,0.65826
6428.58,0.66037
6429.48,0.65668
6430.38,0.65974
6431.28,0.6576
6432.18,0.65678
6433.08,0.65679
6433.98,0.65538
6434.88,0.65695
6435.78,0.6563
6436.68,0.6531
6437.58,0.65507
6438.48,0.65426
6439.38,0.65714
6440.28,0.65289
6441.18,0.65705
6442.08,0.65659
6442.98,0.65708
6443.88,0.65724
6444.78,0.65987
6445.68,0.65973
6446.58,0.65885
6447.48,0.65786
6448.38,0.65931
6449.28,0.655
6450.18,0.65137
6451.08,0.65173
6451.98,0.64936
6452.88,0.65192
6453.78,0.64687
6454.68,0.65119
6455.58,0.64842
6456.48,0.64954
6457.38,0.65198
6458.28,0.65016
6459.18,0.65118
6460.08,0.64908
6460.98,0.64548
6461.89,0.64564
6462.79,0.64537
6463.69,0.64288
6464.59,0.6444
6465.49,0.64649
6466.39,0.64696
6467.29,0.6477
6468.19,0.64749
6469.09,0.65274
6469.99,0.65147
6470.89,0.65074
6471.79,0.64996
6472.69,0.64648
6473.59,0.648
6474.49,0.64619
6475.39,0.64821
6476.29,0.64731
6477.19,0.64931
6478.09,0.64605
6478.99,0.64824
6479.89,0.64491
6480.79,0.6449
6481.69,0.64522
6482.59,0.64479
6483.49,0.64311
6484.39,0.64282
6485.29,0.64149
6486.19,0.64123
6487.09,0.64282
6487.99,0.64263
6488.89,0.6406
6489.79,0.63913
6490.69,0.63552
6491.59,0.63379
6492.49,0.63042
6493.39,0.62579
6494.29,0.62053
6495.19,0.61499
6496.09,0.61187
6496.99,0.61257
6497.9,0.60984
6498.79,0.61131
6499.7,0.61358
6500.6,0.61593
6501.5,0.61918
6502.4,0.62391
6503.3,0.62592
6504.2,0.63129
6505.1,0.63403
6506.0,0.63684
6506.9,0.64053
6507.8,0.64076
6508.7,0.64083
6509.6,0.64019
6510.5,0.64402
6511.4,0.6416
6512.3,0.6423
6513.2,0.64039
6514.1,0.63958
6515.0,0.6379
6515.9,0.63501
6516.8,0.63435
6517.7,0.63427
6518.6,0.63556
6519.5,0.63391
6520.4,0.63265
6521.3,0.63271
6522.2,0.6311
6523.1,0.63814
6524.0,0.63499
6524.9,0.63744
6525.8,0.63457
6526.7,0.63274
6527.6,0.63869
6528.5,0.63545
6529.4,0.63401
6530.3,0.63519
6531.2,0.63373
6532.1,0.63069
6533.0,0.63295
6533.9,0.63259
6534.8,0.63349
6535.71,0.63348
6536.61,0.63046
6537.51,0.63144
6538.41,0.63092
6539.31,0.62846
6540.21,0.6311
6541.11,0.62834
6542.01,0.62662
6542.91,0.62644
6543.81,0.62547
6544.71,0.62176
6545.61,0.61791
6546.51,0.61364
6547.41,0.61378
6548.31,0.61259
6549.21,0.60831
6550.11,0.60655
6551.01,0.6051
6551.91,0.60297
6552.81,0.60146
6553.71,0.59848
6554.61,0.59082
6555.51,0.58569
6556.41,0.57931
6557.31,0.57234
6558.21,0.5613
6559.11,0.55046
6560.01,0.53906
6560.91,0.52734
6561.81,0.51908
6562.71,0.50918
6563.61,0.5039
6564.51,0.50073
6565.41,0.50382
6566.31,0.5065
6567.21,0.51533
6568.11,0.52642
6569.01,0.53778
6569.91,0.54632
6570.81,0.557
6571.71,0.56405
6572.61,0.57508
6573.52,0.57917
6574.42,0.58468
6575.32,0.59146
6576.22,0.59403
6577.12,0.60016
6578.02,0.59984
6578.92,0.605
6579.82,0.60747
6580.72,0.60868
6581.62,0.61214
6582.52,0.61368
6583.42,0.61546
6584.32,0.61573
6585.22,0.61684
6586.12,0.62156
6587.02,0.61884
6587.92,0.61742
6588.82,0.61854
6589.72,0.61804
6590.62,0.61762
6591.52,0.61822
6592.42,0.61692
6593.32,0.61701
6594.22,0.61761
6595.12,0.61558
6596.02,0.61499
6596.92,0.61829
6597.82,0.61793
6598.72,0.61861
6599.62,0.62247
6600.52,0.62241
6601.42,0.62302
6602.32,0.62702
6603.22,0.62276
6604.12,0.62765
6605.02,0.62731
6605.92,0.62403
6606.82,0.62605
6607.72,0.62488
6608.62,0.62289
6609.52,0.62745
6610.43,0.62215
6611.33,0.62336
6612.23,0.62635
6613.13,0.62718
6614.03,0.62781
6614.93,0.63007
6615.83,0.6277
6616.73,0.63091
6617.63,0.63068
6618.53,0.62923
6619.43,0.63096
6620.33,0.63271
6621.23,0.63198
6622.13,0.631
6623.03,0.62986
6623.93,0.62909
6624.83,0.63089
6625.73,0.62779
6626.63,0.62768
6627.53,0.627
6628.43,0.62604
6629.33,0.62735
6630.23,0.62683
6631.13,0.62591
6632.03,0.62555
6632.93,0.62642
6633.83,0.62736
6634.73,0.62699
6635.63,0.62653
6636.53,0.62639
6637.43,0.62583
6638.33,0.62627
6639.23,0.62489
6640.13,0.62475
6641.03,0.62545
6641.93,0.62645
6642.83,0.62582
6643.73,0.62508
6644.63,0.62439
6645.53,0.62245
6646.43,0.62461
6647.34,0.62521
6648.24,0.62365
6649.14,0.62585
6650.04,0.62526
6650.94,0.62774
6651.84,0.62676
6652.74,0.62852
6653.64,0.62711
6654.54,0.62753
6655.44,0.62737
6656.34,0.62691
6657.24,0.62792
6658.14,0.62791
6659.04,0.62499
6659.94,0.62515
6660.84,0.62519
6661.74,0.62376
6662.64,0.62515
6663.54,0.62259
6664.44,0.6202
6665.34,0.6195
6666.24,0.62097
6667.14,0.62115
6668.04,0.62189
6668.94,0.62266
6669.84,0.62425
6670.74,0.62306
6671.64,0.62174
6672.54,0.62399
6673.44,0.62433
6674.34,0.62365
6675.24,0.62233
6676.14,0.6221
6677.04,0.62053
6677.94,0.61675
6678.84,0.61876
6679.74,0.61817
6680.64,0.61881
6681.54,0.61712
6682.44,0.6196
6683.34,0.61888
6684.24,0.62079
6685.15,0.62114
6686.05,0.62156
6686.95,0.62189
6687.85,0.62204
6688.75,0.62231
6689.65,0.62214
6690.55,0.62272
6691.45,0.62389
6692.35,0.62433
6693.25,0.62063
6694.15,0.62303
6695.05,0.62362
6695.95,0.62092
6696.85,0.6218
6697.75,0.6233
6698.65,0.62353
6699.55,0.62212
6700.45,0.62012
6701.35,0.6208
6702.25,0.6205
6703.15,0.62037
6704.05,0.61956
6704.95,0.61893
6705.85,0.61977
6706.75,0.61802
6707.65,0.61829
6708.55,0.61764
6709.45,0.61897
6710.35,0.61897
6711.25,0.61747
6712.15,0.61716
6713.05,0.61542
6713.95,0.61568
6714.85,0.61388
6715.75,0.61466
6716.65,0.61159
6717.55,0.61141
6718.45,0.61068
6719.35,0.60966
6720.25,0.61219
6721.16,0.61337
6722.06,0.61356
6722.96,0.61322
6723.86,0.61344
6724.76,0.61538
6725.66,0.61368
6726.56,0.61366
6727.46,0.61369
6728.36,0.61969
6729.26,0.6187
6730.16,0.61785
6731.06,0.61345
6731.96,0.61659
6732.86,0.61909
6733.76,0.6187
6734.66,0.6189
6735.56,0.61686
6736.46,0.61566
6737.36,0.61688
6738.26,0.61823
6739.16,0.61489
6740.06,0.61516
6740.96,0.61506
6741.86,0.61324
6742.76,0.61456
6743.66,0.61353
6744.56,0.61112
6745.46,0.60842
6746.36,0.60991
6747.26,0.61163
6748.16,0.61119
6749.06,0.611
6749.96,0.61004
6750.86,0.61042
6751.76,0.61102
6752.66,0.61182
6753.56,0.61383
6754.46,0.61239
6755.36,0.6115
6756.26,0.61204
6757.16,0.61194
6758.06,0.61486
6758.97,0.61625
6759.87,0.61442
6760.77,0.61408
6761.67,0.61554
6762.57,0.61638
6763.47,0.61646
6764.37,0.61594
6765.27,0.6131
6766.17,0.61417
6767.07,0.6112
6767.97,0.61365
6768.87,0.61193
6769.77,0.60904
6770.67,0.60836
6771.57,0.61161
6772.47,0.60865
6773.37,0.6118
6774.27,0.61437
6775.17,0.61487
6776.07,0.61408
6776.97,0.6145
6777.87,0.61595
6778.77,0.61678
6779.67,0.61702
6780.57,0.61493
6781.47,0.61363
6782.37,0.6147
6783.27,0.61555
6784.17,0.61181
6785.07,0.61168
6785.97,0.61197
6786.87,0.61228
6787.77,0.61168
6788.67,0.61043
6789.57,0.61003
6790.47,0.60977
6791.37,0.60979
6792.27,0.60892
6793.17,0.61249
6794.07,0.60968
6794.97,0.61093
6795.88,0.6124
6796.78,0.60871
6797.68,0.61256
6798.58,0.61296
6799.48,0.61245
6800.38,0.61022
6801.28,0.61338
6802.18,0.61139
6803.08,0.61428
6803.98,0.61258
6804.88,0.61168
6805.78,0.61286
6806.68,0.61092
6807.58,0.61113
6808.48,0.61219
6809.38,0.6099
6810.28,0.60605
6811.18,0.60983
6812.08,0.60454
6812.98,0.60913
6813.88,0.60945
6814.78,0.60779
6815.68,0.60973
6816.58,0.61018
6817.48,0.60964
6818.38,0.60884
6819.28,0.60995
6820.18,0.61148
6821.08,0.61063
6821.98,0.61195
6822.88,0.61307
6823.78,0.61014
6824.68,0.61142
6825.58,0.61278
6826.48,0.61114
6827.38,0.60916
6828.28,0.60928
6829.18,0.60997
6830.08,0.60998
6830.98,0.61035
6831.88,0.61191
6832.79,0.60862
6833.69,0.60877
6834.59,0.60913
6835.49,0.60983
6836.39,0.60955
6837.29,0.60598
6838.19,0.6067
6839.09,0.60745
6839.99,0.60804
6840.89,0.60572
6841.79,0.60437
6842.69,0.60361
6843.59,0.60371
6844.49,0.60353
6845.39,0.60258
6846.29,0.6012
6847.19,0.60431
6848.09,0.60537
6848.99,0.60377
6849.89,0.60692
6850.79,0.60376
6851.69,0.60793
6852.59,0.60598
6853.49,0.6066
6854.39,0.60566
6855.29,0.60575
6856.19,0.60397
6857.09,0.60207
6857.99,0.60086
6858.89,0.60189
6859.79,0.60344
6860.69,0.60024
6861.59,0.6045
6862.49,0.6045
6863.39,0.601
6864.29,0.60415
6865.19,0.60279
6866.09,0.60459
6866.99,0.60314
6867.89,0.604
6868.79,0.6047
6869.7,0.60289
6870.6,0.60413
6871.5,0.6034
6872.4,0.6021
6873.3,0.60302
6874.2,0.60367
6875.1,0.60509
6876.0,0.60532
6876.9,0.60627
6877.8,0.60574
6878.7,0.6074
6879.6,0.6056
6880.5,0.60648
6881.4,0.60498
6882.3,0.60717
6883.2,0.60544
6884.1,0.6052
6885.0,0.60286
6885.9,0.60555
6886.8,0.60693
6887.7,0.60361
6888.6,0.60859
6889.5,0.60614
6890.4,0.60528
6891.3,0.60739
6892.2,0.6064
6893.1,0.60518
6894.0,0.60483
6894.9,0.60735
6895.8,0.60687
6896.7,0.60631
6897.6,0.60437
6898.5,0.60641
6899.4,0.60605
6900.3,0.60575
6901.2,0.60788
6902.1,0.60845
6903.0,0.60684
6903.9,0.60794
6904.8,0.60698
6905.7,0.60759
6906.6,0.60676
6907.51,0.60673
6908.41,0.60602
6909.31,0.60559
6910.21,0.60683
6911.11,0.6044
6912.01,0.60489
6912.91,0.60669
6913.81,0.60132
6914.71,0.60155
6915.61,0.60154
6916.51,0.60102
6917.41,0.60134
6918.31,0.59915
6919.21,0.60089
6920.11,0.60024
6921.01,0.60199
6921.91,0.59971
6922.81,0.60348
6923.71,0.6005
6924.61,0.60213
6925.51,0.60416
6926.41,0.59962
6927.31,0.60412
6928.21,0.60237
6929.11,0.60307
6930.01,0.60297
6930.91,0.60166
6931.81,0.60327
6932.71,0.6004
6933.61,0.60293
6934.51,0.60497
6935.41,0.60456
6936.31,0.60425
6937.21,0.603
6938.11,0.6038
6939.01,0.60145
6939.91,0.60158
6940.81,0.60203
6941.71,0.60113
6942.61,0.60009
6943.52,0.60052
6944.42,0.60016
6945.31,0.6003
6946.22,0.59939
6947.12,0.60051
6948.02,0.59955
6948.92,0.60092
6949.82,0.59813
6950.72,0.5977
6951.62,0.59928
6952.52,0.59922
6953.42,0.6009
6954.32,0.6015
6955.22,0.60086
6956.12,0.59574
6957.02,0.59886
6957.92,0.60083
6958.82,0.60359
6959.72,0.60065
6960.62,0.60094
6961.52,0.60371
6962.42,0.60053
6963.32,0.60277
6964.22,0.60398
6965.12,0.6041
6966.02,0.60603
6966.92,0.6035
6967.82,0.6026
6968.72,0.60331
6969.62,0.60308
6970.52,0.60033
6971.42,0.60213
6972.32,0.60024
6973.22,0.59945
6974.12,0.59905
6975.02,0.596
6975.92,0.59509
6976.82,0.59428
6977.72,0.59393
6978.62,0.59307
6979.52,0.5918
6980.42,0.59282
6981.33,0.59158
6982.23,0.59275
6983.12,0.59477
6984.03,0.5949
6984.93,0.59532
6985.83,0.59792
6986.73,0.59801
6987.63,0.59927
6988.53,0.59879
6989.43,0.59921
6990.33,0.59831
6991.23,0.59868
6992.13,0.60083
6993.03,0.60048
6993.93,0.59958
6994.83,0.59936
6995.73,0.5988
6996.63,0.59898
6997.53,0.59903
6998.43,0.59736
6999.33,0.59687
7000.23,0.59888
7001.13,0.59796
7002.03,0.59408
7002.93,0.59795
7003.83,0.59636
7004.73,0.59551
7005.63,0.59485
7006.53,0.59512
7007.43,0.59509
7008.33,0.5956
7009.23,0.59582
7010.13,0.59664
7011.03,0.59556
7011.93,0.59356
7012.83,0.59451
7013.73,0.59619
7014.63,0.59307
7015.53,0.59406
7016.43,0.59443
7017.33,0.59272
7018.23,0.59371
7019.14,0.59187
7020.04,0.5923
7020.94,0.59116
7021.84,0.59204
7022.74,0.59101
7023.64,0.59271
7024.54,0.59269
7025.44,0.5921
7026.34,0.59354
7027.24,0.59478
7028.14,0.59508
7029.04,0.59437
7029.94,0.59342
7030.84,0.59483
7031.74,0.59338
7032.64,0.59262
7033.54,0.59321
7034.44,0.59363
7035.34,0.59532
7036.24,0.59358
7037.14,0.59499
7038.04,0.59314
7038.94,0.59547
7039.84,0.59429
7040.74,0.59494
7041.64,0.59779
7042.54,0.59892
7043.44,0.59778
7044.34,0.59865
7045.24,0.59929
7046.14,0.59949
7047.04,0.60033
7047.94,0.5998
7048.84,0.59849
7049.74,0.60051
7050.64,0.60187
7051.54,0.59776
7052.44,0.59809
7053.34,0.59549
7054.25,0.59446
7055.15,0.59234
7056.04,0.59045
7056.95,0.59111
7057.85,0.59268
7058.75,0.59181
7059.65,0.59088
7060.55,0.59054
7061.45,0.59002
7062.35,0.5906
7063.25,0.59033
7064.15,0.58877
7065.05,0.58941
7065.95,0.59229
7066.85,0.58953
7067.75,0.59012
7068.65,0.59053
7069.55,0.59039
7070.45,0.58904
7071.35,0.59144
7072.25,0.59223
7073.15,0.59279
7074.05,0.59195
7074.95,0.59061
7075.85,0.59375
7076.75,0.59412
7077.65,0.59339
7078.55,0.59065
7079.45,0.59547
7080.35,0.59126
7081.25,0.59041
7082.15,0.58859
7083.05,0.58881
7083.95,0.58638
7084.85,0.5838
7085.75,0.5841
7086.65,0.57883
7087.55,0.57866
7088.45,0.57569
7089.35,0.57454
7090.25,0.57316
7091.15,0.57245
7092.06,0.57376
7092.96,0.57125
7093.85,0.57118
7094.76,0.5718
7095.66,0.57272
7096.56,0.57414
7097.46,0.57416
7098.36,0.57406
7099.26,0.57506
7100.16,0.57822
7101.06,0.57808
7101.96,0.58071
7102.86,0.57965
7103.76,0.58075
7104.66,0.58188
7105.56,0.57925
7106.46,0.58218
7107.36,0.58358
7108.26,0.58351
7109.16,0.58283
7110.06,0.58141
7110.96,0.58293
7111.86,0.58196
7112.76,0.58209
7113.66,0.58026
7114.56,0.58015
7115.46,0.58017
7116.36,0.58149
7117.26,0.58324
7118.16,0.57916
7119.06,0.58003
7119.96,0.58278
7120.86,0.58076
7121.76,0.57967
7122.66,0.58173
7123.56,0.58155
7124.46,0.58027
7125.36,0.5783
7126.26,0.57665
7127.16,0.5757
7127.27,0.58032
7128.17,0.57619
7129.07,0.57461
7129.96,0.57671
7130.86,0.57509
7131.75,0.57488
7132.65,0.5755
7133.55,0.57365
7134.44,0.57578
7135.34,0.5742
7136.23,0.57563
7137.13,0.57322
7138.03,0.57552
7138.92,0.57456
7139.82,0.57253
7140.71,0.57592
7141.61,0.57579
7142.5,0.57556
7143.4,0.57405
7144.3,0.57246
7145.19,0.57028
7146.09,0.5735
7146.98,0.57138
7147.88,0.56996
7148.78,0.57064
7149.67,0.57008
7150.57,0.57078
7151.46,0.57168
7152.36,0.57245
7153.26,0.57102
7154.15,0.57404
7155.05,0.57452
7155.94,0.57382
7156.84,0.57357
7157.74,0.57656
7158.63,0.57842
7159.53,0.57673
7160.42,0.57883
7161.32,0.58044
7162.21,0.58371
7163.11,0.58359
7164.01,0.58556
7164.9,0.58521
7165.8,0.58963
7166.69,0.58819
7167.59,0.59165
7168.49,0.59224
7169.38,0.59547
7170.28,0.59624
7171.17,0.59325
7172.07,0.59601
7172.96,0.59616
7173.86,0.59971
7174.76,0.59579
7175.65,0.59441
7176.55,0.59624
7177.44,0.59542
7178.34,0.59553
7179.24,0.59613
7180.13,0.59169
7181.03,0.58997
7181.92,0.59311
7182.82,0.58913
7183.72,0.5884
7184.61,0.58965
7185.51,0.58993
7186.4,0.58974
7187.3,0.58738
7188.19,0.5869
7189.09,0.58775
7189.99,0.58811
7190.88,0.58998
7191.78,0.58622
7192.67,0.58783
7193.57,0.58811
7194.47,0.58824
7195.36,0.58764
7196.26,0.58752
7197.15,0.58969
7198.05,0.59057
7198.95,0.5876
7199.84,0.58926
7200.74,0.58879
7201.63,0.59219
7202.53,0.58966
7203.43,0.58806
7204.32,0.58817
7205.22,0.58556
7206.11,0.58851
7207.01,0.5872
7207.9,0.58769
7208.8,0.58791
7209.7,0.58598
7210.59,0.58756
7211.49,0.58872
7212.38,0.58769
7213.28,0.58869
7214.18,0.58891
7215.07,0.59238
7215.97,0.59068
7216.86,0.59325
7217.76,0.59239
7218.66,0.59036
7219.55,0.59305
7220.45,0.59198
7221.34,0.59192
7222.24,0.59328
7223.13,0.59443
7224.03,0.59339
7224.93,0.59443
7225.82,0.59386
7226.72,0.59761
7227.61,0.5959
7228.51,0.5969
7229.41,0.59873
7230.3,0.59599
7231.2,0.59889
7232.09,0.59835
7232.99,0.59885
7233.89,0.6002
7234.78,0.59914
7235.68,0.59795
7236.57,0.59774
7237.47,0.59751
7238.36,0.59524
7239.26,0.5952
7240.16,0.59275
7241.05,0.59529
7241.95,0.59753
7242.84,0.5941
7243.74,0.59536
7244.64,0.59533
7245.53,0.59412
7246.43,0.59268
7247.32,0.59402
7248.22,0.59034
7249.12,0.5916
7250.01,0.59114
7250.91,0.59297
7251.8,0.59428
7252.7,0.59179
7253.6,0.59157
7254.49,0.59225
7255.39,0.59328
7256.28,0.59272
7257.18,0.59454
7258.07,0.59202
7258.97,0.59121
7259.87,0.58988
7260.76,0.59151
7261.66,0.59231
7262.55,0.5941
7263.45,0.5924
7264.35,0.59392
7265.24,0.59222
7266.14,0.59272
7267.03,0.59457
7267.93,0.59223
7268.83,0.59227
7269.72,0.59318
7270.62,0.5946
7271.51,0.59257
7272.41,0.59256
7273.3,0.59568
7274.2,0.59363
7275.1,0.59588
7275.99,0.5941
7276.89,0.59413
7277.78,0.59148
7278.68,0.59282
7279.58,0.592
7280.47,0.59252
7281.37,0.59212
7282.26,0.5898
7283.16,0.58895
7284.06,0.58746
7284.95,0.58661
7285.85,0.58407
7286.74,0.58492
7287.64,0.58395
7288.53,0.58227
7289.43,0.58158
7290.33,0.58369
7291.22,0.57935
7292.12,0.58265
7293.01,0.582
7293.91,0.5832
7294.81,0.58037
7295.7,0.58503
7296.6,0.58502
7297.49,0.58459
7298.39,0.58753
7299.29,0.58812
7300.18,0.58865
7301.08,0.58796
7301.97,0.58848
7302.87,0.58646
7303.76,0.58824
7304.66,0.59027
7305.56,0.58803
7306.45,0.58619
7307.35,0.58688
7308.24,0.58696
7309.14,0.58538
7310.04,0.5855
7310.93,0.58691
7311.83,0.58501
7312.72,0.58583
7313.62,0.58531
7314.52,0.58671
7315.41,0.58684
7316.31,0.58493
7317.2,0.58892
7318.1,0.58688
7318.99,0.5865
7319.89,0.58554
7320.79,0.58493
7321.68,0.58457
7322.58,0.58268
7323.47,0.58136
7324.37,0.58388
7325.27,0.58259
7326.16,0.58241
7327.06,0.58305
7327.95,0.58297
7328.85,0.58278
7329.75,0.58385
7330.64,0.58464
7331.54,0.58189
7332.43,0.58372
7333.33,0.58251
7334.22,0.58386
7335.12,0.58597
7336.02,0.58673
7336.91,0.58662
7337.81,0.58447
7338.7,0.58555
7339.6,0.58485
7340.5,0.58484
7341.39,0.58584
7342.29,0.58637
7343.18,0.584
7344.08,0.585
7344.98,0.58461
7345.87,0.58283
7346.77,0.58209
7347.66,0.58206
7348.56,0.58174
7349.45,0.58014
7350.35,0.58103
7351.25,0.58147
7352.14,0.57866
7353.04,0.57927
7353.93,0.5773
7354.83,0.57724
7355.73,0.57867
7356.62,0.57515
7357.52,0.57601
7358.41,0.57465
7359.31,0.57408
7360.21,0.57348
7361.1,0.57424
7362.0,0.57527
7362.89,0.57384
7363.79,0.57266
7364.69,0.57556
7365.58,0.57264
7366.48,0.57513
7367.37,0.57691
7368.27,0.57619
7369.16,0.57717
7370.06,0.57702
7370.96,0.57738
7371.85,0.57949
7372.75,0.57771
7373.64,0.57751
7374.54,0.57913
7375.44,0.58075
7376.33,0.57768
7377.23,0.57704
7378.12,0.57967
7379.02,0.57617
7379.92,0.57532
7380.81,0.5747
7381.71,0.57569
7382.6,0.57272
7383.5,0.57113
7384.39,0.5706
7385.29,0.57057
7386.19,0.56758
7387.08,0.56975
7387.98,0.5672
7388.87,0.56609
7389.77,0.56519
7390.67,0.56203
7391.56,0.5658
7392.46,0.56672
7393.35,0.5671
7394.25,0.56573
7395.15,0.56664
7396.04,0.56801
7396.94,0.57068
7397.83,0.57015
7398.73,0.56822
7399.62,0.56871
7400.52,0.56865
7401.42,0.56905
7402.31,0.5706
7403.21,0.56915
7404.1,0.56904
7405.0,0.56691
7405.9,0.56605
7406.79,0.56398
7407.69,0.56221
7408.58,0.56037
7409.48,0.55887
7410.38,0.55582
7411.27,0.55476
7412.17,0.55175
7413.06,0.55046
7413.96,0.54952
7414.85,0.54965
7415.75,0.54486
7416.65,0.54665
7417.54,0.5443
7418.44,0.5465
7419.33,0.546
7420.23,0.54574
7421.13,0.54686
7422.02,0.55203
7422.92,0.55315
7423.81,0.55184
7424.71,0.55235
7425.6,0.56003
7426.5,0.55805
7427.4,0.55898
7428.29,0.56242
7429.19,0.56355
7431.68,0.56789
7434.18,0.56937
7436.67,0.56803
7439.17,0.56876
7441.66,0.56854
7444.16,0.56742
7446.66,0.56733
7449.15,0.56515
7451.65,0.56755
7454.14,0.57086
7456.64,0.5668
7459.13,0.56886
7461.63,0.56692
7464.12,0.56814
7466.62,0.56763
7469.11,0.56771
7471.61,0.56757
7474.1,0.56861
7476.6,0.5679
7479.09,0.5694
7481.59,0.56588
7484.08,0.56631
7486.58,0.56683
7489.07,0.56402
7491.57,0.56132
7494.06,0.56165
7496.56,0.55989
7499.05,0.56144
7501.55,0.56414
7504.04,0.56414
7506.54,0.56468
7509.03,0.56399
7511.53,0.56266
7514.02,0.5612
7516.52,0.56294
7519.01,0.56309
7521.51,0.56306
7524.0,0.56215
7526.5,0.56173
7528.99,0.56237
7531.49,0.56175
7533.99,0.56289
7536.48,0.56404
7538.98,0.5638
7541.47,0.56362
7543.97,0.56585
7546.46,0.56316
7548.96,0.5628
7551.45,0.56226
7553.95,0.56075
7556.44,0.55971
7558.94,0.56148
7561.43,0.55979
7563.93,0.56056
7566.42,0.56
7568.92,0.56109
7571.41,0.55906
7573.91,0.55912
7576.4,0.55949
7578.9,0.55763
7581.39,0.55728
7583.89,0.55654
7586.38,0.55447
7588.88,0.55504
7591.37,0.5552
7593.87,0.55726
7596.36,0.55807
7598.86,0.55735
7601.35,0.55719
7603.85,0.55487
7606.34,0.55466
7608.84,0.5544
7611.33,0.55485
7613.83,0.55367
7616.33,0.55198
7618.82,0.54979
7621.32,0.54953
7623.81,0.55064
7626.31,0.55454
7628.8,0.5548
7631.3,0.55407
7633.79,0.555
7636.29,0.55418
7638.78,0.55396
7641.28,0.55312
7643.77,0.55261
7646.27,0.55322
7648.76,0.55144
7651.26,0.55105
7653.75,0.54712
7656.25,0.54456
7658.74,0.53916
7661.24,0.5367
7663.73,0.53203
7666.23,0.5318
7668.72,0.53462
7671.22,0.53751
7673.71,0.54255
7676.21,0.54319
7678.7,0.5459
7681.2,0.54876
7683.69,0.54703
7686.19,0.54657
7688.69,0.54606
7691.18,0.54475
7693.68,0.54339
7696.17,0.5407
7698.67,0.53967
7701.16,0.53996
7703.66,0.54038
7706.15,0.5413
7708.65,0.54132
7711.14,0.53835
7713.64,0.53837
7716.13,0.5387
7718.63,0.53777
7721.12,0.53965
7723.62,0.54173
7726.11,0.54238
7728.61,0.54236
7731.1,0.54414
7733.6,0.54521
7736.09,0.54593
7738.59,0.54551
7741.08,0.54495
7743.58,0.54293
7746.07,0.53991
7748.57,0.53855
7751.06,0.53746
7753.56,0.53928
7756.05,0.54139
7758.55,0.54316
7761.04,0.54518
7763.54,0.54578
7766.03,0.5472
7768.53,0.54628
7771.03,0.54513
7773.52,0.54526
7776.02,0.54586
7778.51,0.54443
7781.01,0.54283
7783.5,0.54395
7786.0,0.54167
7788.49,0.53981
7790.99,0.53881
7793.48,0.53911
7795.98,0.53852
7798.47,0.53882
7800.97,0.53908
7803.46,0.54003
7805.96,0.53914
7808.45,0.53966
7810.95,0.53786
7813.44,0.54033
7815.94,0.54015
7818.43,0.54088
7820.93,0.54071
7823.42,0.54076
7825.92,0.54094
7828.41,0.53839
7830.91,0.53675
7833.4,0.5337
7835.9,0.53246
7838.39,0.53314
7840.89,0.53376
7843.38,0.53507
7845.88,0.53519
7848.38,0.53504
7850.87,0.53527
7853.37,0.5342
7855.86,0.53489
7858.36,0.53416
7860.85,0.53619
7863.35,0.53641
7865.84,0.53584
7868.34,0.53563
7870.83,0.53433
7873.33,0.53449
7875.82,0.53286
7878.32,0.53343
7880.81,0.53329
7883.31,0.53338
7885.8,0.53256
7888.3,0.53227
7890.79,0.53278
7893.29,0.53222
7895.78,0.53144
7898.28,0.53081
7900.77,0.52992
7903.27,0.53074
7905.76,0.52945
7908.26,0.52696
7910.75,0.52691
7913.25,0.52286
7915.74,0.52135
7918.24,0.52203
7920.73,0.52221
7923.23,0.52316
7925.73,0.52356
7928.22,0.52303
7930.71,0.52256
7933.21,0.52044
7935.71,0.51954
7938.2,0.51705
7940.7,0.51609
7943.19,0.51566
7945.69,0.51504
7948.18,0.5168
7950.68,0.51818
7953.17,0.52011
7955.67,0.52214
7958.16,0.52175
7960.66,0.52473
7963.15,0.52419
7965.65,0.52353
7968.14,0.5233
7970.64,0.52356
7973.13,0.52372
7975.63,0.5225
7978.12,0.52162
7980.62,0.52164
7983.11,0.52009
7985.61,0.52014
7988.1,0.51881
7990.6,0.51744
7993.09,0.51719
7995.59,0.51684
7998.08,0.51685
8000.58,0.51557
8003.07,0.51801
8005.57,0.51914
8008.06,0.52099
8010.56,0.52068
8013.06,0.52169
8015.55,0.52243
8018.05,0.52156
8020.54,0.52152
8023.04,0.52033
8025.53,0.51701
8028.03,0.51595
8030.52,0.51606
8033.02,0.51626
8035.51,0.51909
8038.01,0.51979
8040.5,0.51956
8043.0,0.51735
8045.49,0.51361
8047.99,0.5131
8050.48,0.51132
8052.98,0.51292
8055.47,0.51435
8057.97,0.51482
8060.46,0.51543
8062.96,0.51502
8065.45,0.514
8067.95,0.51329
8070.44,0.51134
8072.94,0.51182
8075.43,0.51009
8077.93,0.50932
8080.42,0.51109
8082.92,0.51045
8085.41,0.50995
8087.91,0.50986
8090.4,0.50844
8092.9,0.50826
8095.4,0.50851
8097.89,0.50785
8100.39,0.50784
8102.88,0.50886
8105.38,0.50885
8107.87,0.50946
8110.37,0.50865
8112.86,0.50876
8115.36,0.50735
8117.85,0.50747
8120.35,0.50771
8122.84,0.50749
8125.34,0.50854
8127.83,0.50807
8130.33,0.50869
8132.82,0.50862
8135.32,0.50694
8137.81,0.50817
8140.31,0.50816
8142.8,0.5088
8145.3,0.50783
8147.79,0.50737
8150.29,0.50713
8152.78,0.50766
8155.28,0.50629
8157.77,0.50737
8160.27,0.50628
8162.76,0.50709
8165.26,0.50665
8167.75,0.506
8170.25,0.50724
8172.75,0.50652
8175.24,0.50669
8177.74,0.50407
8180.23,0.50153
8182.73,0.49869
8185.22,0.49831
8187.72,0.49819
8190.21,0.49787
8192.71,0.49791
8195.2,0.49557
8197.7,0.49473
8200.19,0.49515
8202.69,0.4963
8205.18,0.49716
8207.68,0.49842
8210.17,0.49952
8212.67,0.49936
8215.16,0.49946
8217.66,0.49781
8220.15,0.50003
8222.65,0.49968
8225.14,0.50146
8227.64,0.5029
8230.13,0.50144
8232.63,0.50179
8235.12,0.50188
8237.62,0.50187
8240.11,0.50036
8242.61,0.50134
8245.1,0.50058
8247.6,0.49942
8250.1,0.50055
8252.59,0.49996
8255.08,0.49947
8257.58,0.49951
8260.08,0.50066
8262.57,0.50124
8265.07,0.50163
8267.56,0.50266
8270.06,0.50054
8272.55,0.50033
8275.05,0.50127
8277.54,0.50125
8280.04,0.50121
8282.53,0.50101
8285.03,0.49946
8287.52,0.50062
8290.02,0.49771
8292.51,0.49754
8295.01,0.49842
8297.5,0.49732
8300.0,0.49651
8302.49,0.49632
8304.99,0.49466
8307.48,0.49405
8309.98,0.4925
8312.47,0.49449
8314.97,0.49373
8317.46,0.49509
8319.96,0.49411
8322.46,0.49293
8324.95,0.4925
8327.44,0.48863
8329.94,0.4863
8332.43,0.48525
8334.93,0.48625
8337.43,0.48633
8339.92,0.48663
8342.42,0.48926
8344.91,0.48827
8347.41,0.49015
8349.9,0.48984
8352.4,0.48903
8354.89,0.49018
8357.39,0.48964
8359.88,0.49031
8362.38,0.4892
8364.87,0.48867
8367.37,0.49002
8369.86,0.48907
8372.36,0.48906
8374.85,0.48866
8377.35,0.48756
8379.84,0.48607
8382.34,0.48263
8384.83,0.48203
8387.33,0.48158
8389.82,0.48119
8392.32,0.48263
8394.81,0.48415
8397.31,0.48591
8399.8,0.48781
8402.3,0.48888
8404.79,0.48912
8407.29,0.49027
8409.79,0.48834
8412.28,0.48811
8414.78,0.4859
8417.27,0.48664
8419.77,0.48355
8422.26,0.48431
8424.76,0.48414
8427.25,0.48291
8429.75,0.4806
8432.24,0.47932
8434.74,0.47864
8437.23,0.47703
8439.73,0.47693
8442.22,0.47911
8444.72,0.48221
8447.21,0.48388
8449.71,0.48486
8452.2,0.48458
8454.7,0.48552
8457.19,0.48365
8459.69,0.48374
8462.18,0.48176
8464.68,0.47896
8467.17,0.47692
8469.67,0.47612
8472.16,0.47553
8474.66,0.47734
8477.15,0.4795
8479.65,0.48011
8482.14,0.48152
8484.64,0.48116
8487.13,0.47903
8489.63,0.47625
8492.12,0.47061
8494.62,0.45998
8497.12,0.45004
8499.61,0.44243
8502.11,0.44337
8504.6,0.44782
8507.1,0.45654
8509.59,0.4623
8512.09,0.46585
8514.58,0.46725
8517.08,0.46918
8519.57,0.46813
8522.07,0.47023
8524.56,0.47047
8527.06,0.47026
8529.55,0.46911
8532.05,0.46373
8534.54,0.45307
8537.04,0.43707
8539.53,0.41685
8542.03,0.39934
8544.52,0.39268
8547.02,0.39794
8549.51,0.41409
8552.01,0.43207
8554.5,0.44755
8557.0,0.45865
8559.49,0.46332
8561.99,0.46689
8564.48,0.4688
8566.98,0.47009
8569.47,0.47086
8571.97,0.47007
8574.47,0.4712
8576.96,0.47226
8579.46,0.47174
8581.95,0.47093
8584.45,0.47052
8586.94,0.47089
8589.44,0.46881
8591.93,0.46691
8594.43,0.46547
8596.92,0.46293
8599.42,0.46139
8601.91,0.46092
8604.41,0.46248
8606.9,0.46253
8609.4,0.46339
8611.89,0.46435
8614.39,0.46398
8616.88,0.46395
8619.38,0.46496
8621.87,0.4632
8624.37,0.46397
8626.86,0.4673
8629.36,0.46678
8631.85,0.46674
8634.35,0.46861
8636.84,0.4684
8639.34,0.46824
8641.83,0.46855
8644.33,0.46712
8646.83,0.46582
8649.32,0.46292
8651.82,0.45717
8654.31,0.44973
8656.8,0.43537
8659.3,0.41798
8661.8,0.40299
8664.29,0.39507
8666.79,0.39795
8669.28,0.40904
8671.78,0.4234
8674.27,0.43794
8676.77,0.44606
8679.26,0.4522
8681.76,0.45613
8684.25,0.45731
8686.75,0.45687
8689.24,0.45555
8691.74,0.45548
8694.23,0.4562
8696.73,0.45787
8699.22,0.45968
8701.72,0.4618
8704.21,0.46216
8706.71,0.46197
8709.2,0.46055
8711.7,0.4602
8714.19,0.45943
8716.69,0.45995
8719.18,0.46115
8721.68,0.46153
8724.17,0.46376
8726.67,0.46418
8729.17,0.46244
8731.66,0.46072
8734.16,0.46044
8736.65,0.45685
8739.15,0.45614
8741.64,0.45309
8744.14,0.45112
8746.63,0.44936
8749.13,0.44415
8751.62,0.44235
8754.12,0.4426
8756.61,0.44276
8759.11,0.44698
8761.6,0.44955
8764.1,0.45245
8766.59,0.45369
8769.09,0.45467
8771.58,0.45617
8774.08,0.4558
8776.57,0.45683
8779.07,0.4579
8781.56,0.45923
8784.06,0.45974
8786.55,0.45825
8789.05,0.45716
8791.54,0.45706
8794.04,0.45603
8796.53,0.45573
8799.03,0.45412
8801.52,0.45317
8804.02,0.44917
8806.51,0.44697
8809.01,0.44716
8811.5,0.44702
8814.0,0.45032
8816.5,0.45165
8818.99,0.45494
8821.49,0.45502
8823.98,0.45352
8826.48,0.45462
8828.97,0.45322
8831.47,0.4549
8833.96,0.4555
8836.46,0.456
8838.95,0.45647
8841.45,0.45651
8843.94,0.45524
8846.44,0.45707
8848.93,0.45471
8851.43,0.45536
8853.92,0.45246
8856.42,0.44936
8858.91,0.44588
8861.41,0.44083
8863.9,0.43844
8866.4,0.43662
8868.89,0.43769
8871.39,0.44081
8873.88,0.44494
8876.38,0.44732
8878.87,0.45051
8881.37,0.45244
8883.87,0.45495
8886.36,0.45369
8888.86,0.45462
8891.35,0.45557
8893.84,0.45542
8896.34,0.45528
8898.84,0.45565
8901.33,0.45434
8903.83,0.45541
8906.32,0.45422
8908.82,0.45284
8911.31,0.45256
8913.81,0.45183
8916.3,0.44984
8918.8,0.44891
8921.29,0.44828
8923.79,0.44827
8926.28,0.44712
8928.78,0.44663
8931.27,0.44495
8933.77,0.44773
8936.26,0.44839
8938.76,0.44754
8941.25,0.44796
8943.75,0.44722
8946.24,0.44673
8948.74,0.4478
8951.23,0.44801
8953.73,0.44931
8956.22,0.45009
8958.72,0.45066
8961.21,0.45055
8963.71,0.45215
8966.2,0.45002
8968.7,0.44942
8971.2,0.44933
8973.69,0.44653
8976.19,0.44552
8978.68,0.4457
8981.18,0.44534
8983.67,0.44594
8986.17,0.44681
8988.66,0.44656
8991.16,0.44594
8993.65,0.44427
8996.15,0.44464
8998.64,0.4406
9001.14,0.43793
9003.63,0.43556
9006.13,0.43056
9008.62,0.4256
9011.12,0.42157
9013.61,0.41624
9016.11,0.4142
9018.6,0.4151
9021.1,0.4191
9023.59,0.42177
9026.09,0.42636
9028.58,0.43066
9031.08,0.43568
9033.57,0.43791
9036.07,0.43995
9038.56,0.44023
9041.06,0.4422
9043.55,0.44352
9046.05,0.44224
9048.54,0.44352
9051.04,0.4436
9053.54,0.44238
9056.03,0.44267
9058.53,0.44095
9061.02,0.4392
9063.52,0.43809
9066.01,0.43721
9068.51,0.43952
9071.0,0.43974
9073.5,0.4398
9075.99,0.43888
9078.49,0.43813
9080.98,0.43594
9083.48,0.43456
9085.97,0.43133
9088.47,0.42975
9090.96,0.42766
9093.46,0.42796
9095.95,0.42989
9098.45,0.43167
9100.94,0.43369
9103.44,0.43487
9105.93,0.43626
9108.43,0.43671
9110.92,0.43506
9113.42,0.43427
9115.91,0.43422
9118.41,0.43236
9120.9,0.43309
9123.4,0.43432
9125.89,0.4346
9128.39,0.43564
9130.88,0.4377
9133.38,0.43471
9135.88,0.43557
9138.37,0.43324
9140.87,0.43186
9143.36,0.43097
9145.86,0.42859
9148.35,0.42981
9150.85,0.42843
9153.34,0.42841
9155.84,0.42918
9158.33,0.42969
9160.83,0.42946
9163.32,0.4287
9165.82,0.42716
9168.31,0.42456
9170.81,0.42336
9173.3,0.42203
9175.8,0.42293
9178.29,0.42286
9180.79,0.4239
9183.28,0.42352
9185.78,0.42473
9188.27,0.42381
9190.77,0.42387
9193.26,0.42227
9195.76,0.42227
9198.25,0.42293
9200.75,0.42122
9203.24,0.4219
9205.74,0.41945
9208.24,0.41799
9210.73,0.41633
9213.23,0.4141
9215.72,0.41415
9218.22,0.41221
9220.71,0.41091
9223.21,0.4086
9225.7,0.40658
9228.2,0.40447
9230.69,0.40261
9233.19,0.40318
9235.68,0.40378
9238.18,0.40682
9240.67,0.40936
9243.17,0.41277
9245.66,0.41347
9248.16,0.41376
9250.65,0.41421
9253.15,0.41373
9255.64,0.41396
9258.14,0.41455
9260.63,0.41526
9263.13,0.41645
9265.62,0.41751
9268.12,0.41844
9270.61,0.41951
9273.11,0.41967
9275.6,0.41904
9278.1,0.41866
9280.59,0.41782
9283.09,0.41654
9285.58,0.41658
9288.08,0.41501
9290.58,0.4159
9293.07,0.41498
9295.57,0.41441
9298.06,0.41447
9300.56,0.41459
9303.05,0.41528
9305.55,0.41569
9308.04,0.41514
9310.54,0.41485
9313.03,0.41387
9315.53,0.41443
9318.02,0.41448
9320.52,0.41458
9323.01,0.41485
9325.51,0.41532
9328.0,0.41567
9330.5,0.41592
9332.99,0.4161
9335.49,0.41591
9337.98,0.4165
9340.48,0.41692
9342.97,0.41429
9345.47,0.41498
9347.96,0.41369
9350.46,0.41227
9352.95,0.41139
9355.45,0.41055
9357.94,0.40894
9360.44,0.40855
9362.93,0.40856
9365.43,0.40801
9367.92,0.40753
9370.42,0.40924
9372.92,0.40816
9375.41,0.40849
9377.91,0.4077
9380.4,0.40874
9382.9,0.40768
9385.39,0.40843
9387.89,0.40743
9390.38,0.40883
9392.88,0.40793
9395.37,0.40793
9397.87,0.40621
9400.36,0.40528
9402.86,0.40372
9405.35,0.40212
9407.85,0.4003
9410.34,0.39888
9412.84,0.3973
9415.33,0.39717
9417.83,0.3995
9420.32,0.39976
9422.82,0.40112
9425.31,0.40334
9427.81,0.40334
9430.3,0.40254
9432.8,0.40211
9435.29,0.40206
9437.79,0.40092
9440.28,0.4005
9442.78,0.40007
9445.27,0.40126
9447.77,0.40111
9450.27,0.40132
9452.76,0.40138
9455.25,0.4017
9457.75,0.40083
9460.25,0.40134
9462.74,0.40217
9465.24,0.40347
9467.73,0.4027
9470.23,0.40254
9472.72,0.40223
9475.22,0.40351
9477.71,0.40162
9480.21,0.40275
9482.7,0.40284
9485.2,0.40225
9487.69,0.40279
9490.19,0.40277
9492.68,0.40194
9495.18,0.40237
9497.67,0.40256
9500.17,0.40191
9502.66,0.40242
9505.16,0.40182
9507.65,0.40132
9510.15,0.40088
9512.64,0.40207
9515.14,0.40069
9517.63,0.40068
9520.13,0.40174
9522.62,0.40174
9525.12,0.40005
9527.61,0.40065
9530.11,0.39874
9532.61,0.39686
9535.1,0.39444
9537.6,0.39185
9540.09,0.38755
9542.59,0.38364
9545.08,0.38095
9547.58,0.37848
9550.07,0.37925
9552.57,0.3823
9555.06,0.38637
9557.56,0.3896
9560.05,0.39295
9562.55,0.39513
9565.04,0.39567
9567.54,0.39532
9570.03,0.39643
9572.53,0.39625
9575.02,0.39578
9577.52,0.39573
9580.01,0.39542
9582.51,0.39578
9585.0,0.39676
9587.5,0.39785
9589.99,0.39758
9592.49,0.39645
9594.98,0.39726
9597.48,0.39534
9599.97,0.39466
9602.47,0.39331
9604.96,0.39267
9607.46,0.39313
9609.96,0.39578
9612.45,0.39523
9614.95,0.39539
9617.44,0.39602
9619.94,0.39384
9622.43,0.39342
9624.93,0.39326
9627.42,0.39432
9629.92,0.39417
9632.41,0.39324
9634.91,0.3938
9637.4,0.39114
9639.9,0.39006
9642.39,0.3903
9644.89,0.39062
9647.38,0.38938
9649.88,0.38969
9652.37,0.39065
9654.87,0.38878
9657.36,0.38951
9659.86,0.3897
9662.35,0.39012
9664.85,0.38926
9667.34,0.39025
9669.84,0.39086
9672.33,0.38867
9674.83,0.38915
9677.32,0.38829
9679.82,0.38975
9682.31,0.38815
9684.81,0.38895
9687.3,0.38984
9689.8,0.38848
9692.29,0.38815
9694.79,0.38761
9697.29,0.38829
9699.78,0.3891
9702.28,0.38763
9704.77,0.38721
9707.27,0.3872
9709.76,0.38791
9712.26,0.38715
9714.75,0.3872
9717.25,0.38823
9719.74,0.38775
9722.24,0.3865
9724.73,0.3864
9727.23,0.38518
9729.72,0.38486
9732.22,0.38438
9734.71,0.38372
9737.21,0.3847
9739.7,0.3835
9742.2,0.3819
9744.69,0.38301
9747.19,0.38399
9749.68,0.38379
9752.18,0.38456
9754.67,0.38608
9757.17,0.38651
9759.66,0.38637
9762.16,0.38479
9764.65,0.38503
9767.15,0.38447
9769.64,0.38369
9772.14,0.38416
9774.64,0.38316
9777.13,0.38365
9779.63,0.38264
9782.12,0.38153
9784.62,0.38016
9787.11,0.37981
9789.61,0.37919
9792.1,0.38087
9794.6,0.38125
9797.09,0.38363
9799.59,0.38332
9802.08,0.38434
9804.58,0.38501
9807.07,0.3848
9809.57,0.38467
9812.06,0.38543
9814.56,0.38451
9817.05,0.38569
9819.55,0.38564
9822.04,0.38587
9824.54,0.38512
9827.03,0.38393
9829.53,0.38472
9832.02,0.38368
9834.52,0.38345
9837.01,0.38426
9839.51,0.38401
9842.0,0.38408
9844.5,0.38373
9847.0,0.38494
9849.49,0.38441
9851.99,0.3831
9854.48,0.38274
9856.98,0.38355
9859.47,0.38336
9861.97,0.38172
9864.46,0.38239
9866.96,0.38133
9869.45,0.38166
9871.95,0.38153
9874.44,0.38128
9876.94,0.3815
9879.43,0.38181
9881.93,0.3808
9884.42,0.38088
9886.92,0.37956
9889.41,0.37786
9891.91,0.37906
9894.4,0.37843
9896.9,0.37893
9899.39,0.3791
9901.89,0.37883
9904.38,0.3787
9906.88,0.37834
9909.37,0.3791
9911.87,0.37827
9914.36,0.37828
9916.86,0.37761
9919.35,0.37765
9921.85,0.37659
9924.34,0.37662
9926.84,0.37625
9929.33,0.37602
9931.83,0.37611
9934.33,0.37613
9936.82,0.37634
9939.32,0.37717
9941.81,0.3765
9944.31,0.37664
9946.8,0.37635
9949.3,0.37603
9951.79,0.37708
9954.29,0.37635
9956.78,0.37622
9959.28,0.37618
9961.77,0.3759
9964.27,0.37641
9966.76,0.37659
9969.26,0.37628
9971.75,0.37637
9974.25,0.37579
9976.74,0.37666
9979.24,0.37586
9981.73,0.3748
9984.23,0.37516
9986.72,0.37496
9989.22,0.37402
9991.71,0.37358
9994.21,0.37386
9996.7,0.37309
9999.2,0.37271
10001.7,0.37258
10004.2,0.37275
10006.7,0.37238
10009.2,0.37252
10011.7,0.37258
10014.2,0.3722
10016.7,0.37361
10019.2,0.37349
10021.7,0.37356
10024.2,0.37315
10026.6,0.37264
10029.1,0.371
10031.6,0.36931
10034.1,0.36816
10036.6,0.36614
10039.1,0.3635
10041.6,0.36272
10044.1,0.36014
10046.6,0.35686
10049.1,0.35511
10051.6,0.35359
10054.1,0.35351
10056.6,0.35578
10059.1,0.35768
10061.6,0.35943
10064.1,0.36176
10066.6,0.36356
10069.1,0.36434
10071.6,0.36471
10074.1,0.36607
10076.5,0.36752
10079.0,0.36726
10081.5,0.36774
10084.0,0.36747
10086.5,0.36803
10089.0,0.36838
10091.5,0.3687
10094.0,0.37036
10096.5,0.36894
10099.0,0.3701
10101.5,0.36977
10104.0,0.36978
10106.5,0.36868
10109.0,0.36866
10111.5,0.36781
10114.0,0.36747
10116.5,0.36773
10119.0,0.36643
10121.5,0.36665
10124.0,0.36584
10126.5,0.36662
10128.9,0.36594
10131.4,0.36617
10133.9,0.3658
10136.4,0.36537
10138.9,0.36577
10141.4,0.36398
10143.9,0.36376
10146.4,0.36419
10148.9,0.36402
10151.4,0.36329
10153.9,0.36409
10156.4,0.36408
10158.9,0.36453
10161.4,0.36488
10163.9,0.36491
10166.4,0.36456
10168.9,0.36484
10171.4,0.3645
10173.9,0.36357
10176.4,0.36318
10178.9,0.36368
10181.3,0.36312
10183.8,0.36353
10186.3,0.36302
10188.8,0.36204
10191.3,0.3625
10193.8,0.36189
10196.3,0.36123
10198.8,0.36161
10201.3,0.36163
10203.8,0.36129
10206.3,0.36177
10208.8,0.36112
10211.3,0.36086
10213.8,0.36089
10216.3,0.35996
10218.8,0.35968
10221.3,0.35908
10223.8,0.35894
10226.3,0.35926
10228.8,0.36029
10231.2,0.36065
10233.7,0.36007
10236.2,0.36038
10238.7,0.36042
10241.2,0.36045
10243.7,0.35942
10246.2,0.36041
10248.7,0.35977
10251.2,0.35917
10253.7,0.35947
10256.2,0.35886
10258.7,0.35806
10261.2,0.35931
10263.7,0.3572
10266.2,0.35702
10268.7,0.35682
10271.2,0.35741
10273.7,0.35636
10276.2,0.35709
10278.7,0.35824
10281.2,0.3571
10283.6,0.35626
10286.1,0.3557
10288.6,0.35608
10291.1,0.35576
10293.6,0.35588
10296.1,0.35557
10298.6,0.35602
10301.1,0.35551
10303.6,0.35592
10306.1,0.3558
10308.6,0.35661
10311.1,0.3558
10313.6,0.35586
10316.1,0.35595
10318.6,0.35497
10321.1,0.35394
10323.6,0.35237
10326.1,0.35218
10328.6,0.35064
10331.1,0.35008
10333.5,0.35052
10336.0,0.34926
10338.5,0.34983
10341.0,0.34951
10343.5,0.34945
10346.0,0.34916
10348.5,0.34946
10351.0,0.34963
10353.5,0.35105
10356.0,0.35181
10358.5,0.35267
10361.0,0.35276
10363.5,0.35249
10366.0,0.35206
10368.5,0.35123
10371.0,0.35148
10373.5,0.34983
10376.0,0.3499
10378.5,0.34981
10381.0,0.34957
10383.5,0.35036
10385.9,0.34948
10388.4,0.35042
10390.9,0.35003
10393.4,0.34849
10395.9,0.34831
10398.4,0.34695
10400.9,0.34743
10403.4,0.34823
10405.9,0.34826
10408.4,0.34847
10410.9,0.34945
10413.4,0.3499
10415.9,0.34908
10418.4,0.34941
10420.9,0.34847
10423.4,0.3486
10425.9,0.34789
10428.4,0.34787
10430.9,0.3475
10433.4,0.34765
10435.9,0.34803
10438.3,0.34875
10440.8,0.34836
10443.3,0.34858
10445.8,0.3489
10448.3,0.34741
10450.8,0.34824
10453.3,0.34735
10455.8,0.3464
10458.3,0.34479
10460.8,0.34561
10463.3,0.34497
10465.8,0.34533
10468.3,0.34563
10470.8,0.34487
10473.3,0.34558
10475.8,0.3454
10478.3,0.3454
10480.8,0.34547
10483.3,0.34484
10485.8,0.34515
10488.2,0.34406
10490.7,0.34486
10493.2,0.34456
10495.7,0.34257
10498.2,0.34342
10500.7,0.34295
10503.2,0.34318
10505.7,0.34299
10508.2,0.34343
10510.7,0.34462
10513.2,0.34403
10515.7,0.34368
10518.2,0.34403
10520.7,0.34276
10523.2,0.34266
10525.7,0.34319
10528.2,0.34189
10530.7,0.34202
10533.2,0.34171
10535.7,0.34162
10538.2,0.34248
10540.6,0.34229
10543.1,0.34292
10545.6,0.34249
10548.1,0.34225
10550.6,0.34208
10553.1,0.34233
10555.6,0.34241
10558.1,0.34235
10560.6,0.3413
10563.1,0.34105
10565.6,0.34105
10568.1,0.34121
10570.6,0.34023
10573.1,0.33977
10575.6,0.33941
10578.1,0.33828
10580.6,0.33615
10583.1,0.33546
10585.6,0.33431
10588.1,0.33333
10590.6,0.33383
10593.0,0.3343
10595.5,0.33681
10598.0,0.33613
10600.5,0.33573
10603.0,0.33579
10605.5,0.33502
10608.0,0.33432
10610.5,0.33469
10613.0,0.33484
10615.5,0.33527
10618.0,0.33633
10620.5,0.33733
10623.0,0.33649
10625.5,0.336
10628.0,0.33575
10630.5,0.3359
10633.0,0.33656
10635.5,0.33611
10638.0,0.33672
10640.5,0.33754
10642.9,0.33697
10645.4,0.33703
10647.9,0.33705
10650.4,0.33657
10652.9,0.33523
10655.4,0.33364
10657.9,0.33309
10660.4,0.33167
10662.9,0.33084
10665.4,0.33032
10667.9,0.33065
10670.4,0.33221
10672.9,0.33218
10675.4,0.3332
10677.9,0.33359
10680.4,0.3317
10682.9,0.33045
10685.4,0.32913
10687.9,0.32772
10690.4,0.32754
10692.9,0.32655
10695.3,0.32835
10697.8,0.32919
10700.3,0.32905
10702.8,0.33016
10705.3,0.33166
10707.8,0.33233
10710.3,0.33211
10712.8,0.33273
10715.3,0.33261
10717.8,0.33203
10720.3,0.33135
10722.8,0.33028
10725.3,0.32848
10727.8,0.32787
10730.3,0.3264
10732.8,0.32665
10735.3,0.32689
10737.8,0.32828
10740.3,0.32834
10742.8,0.32896
10745.3,0.32837
10747.7,0.3281
10750.2,0.32637
10752.7,0.32581
10755.2,0.32649
10757.7,0.32638
10760.2,0.32723
10762.7,0.32839
10765.2,0.32885
10767.7,0.32906
10770.2,0.32887
10772.7,0.32921
10775.2,0.32791
10777.7,0.32672
10780.2,0.32487
10782.7,0.32445
10785.2,0.32286
10787.7,0.3229
10790.2,0.32351
10792.7,0.32407
10795.2,0.32488
10797.6,0.32592
10800.1,0.32621
10802.6,0.32565
10805.1,0.32538
10807.6,0.32511
10810.1,0.32391
10812.6,0.32308
10815.1,0.32164
10817.6,0.32234
10820.1,0.32
10822.6,0.32062
10825.1,0.3194
10827.6,0.31925
10830.1,0.3181
10832.6,0.3195
10835.1,0.3204
10837.6,0.31995
10840.1,0.32156
10842.6,0.32241
10845.1,0.32217
10847.6,0.32178
10850.0,0.3228
10852.5,0.32326
10855.0,0.32333
10857.5,0.32323
10860.0,0.32278
10862.5,0.32154
10865.0,0.31987
10867.5,0.3178
10870.0,0.3154
10872.5,0.31466
10875.0,0.31433
10877.5,0.31533
10880.0,0.31552
10882.5,0.31628
10885.0,0.3167
10887.5,0.31723
10890.0,0.31773
10892.5,0.31789
10895.0,0.31849
10897.5,0.31816
10900.0,0.3184
10902.4,0.3192
10904.9,0.31982
10907.4,0.3184
10909.9,0.31819
10912.4,0.31737
10914.9,0.31589
10917.4,0.31543
10919.9,0.31477
10922.4,0.31413
10924.9,0.31274
10927.4,0.31097
10929.9,0.30887
10932.4,0.30679
10934.9,0.30512
10937.4,0.30417
10939.9,0.30341
10942.4,0.30315
10944.9,0.30337
10947.4,0.30569
10949.9,0.3068
10952.3,0.30774
10954.8,0.30814
10957.3,0.30782
10959.8,0.3068
10962.3,0.30581
10964.8,0.30489
10967.3,0.30516
10969.8,0.30447
10972.3,0.30363
10974.8,0.30441
10977.3,0.30401
10979.8,0.30447
10982.3,0.30534
10984.8,0.30513
10987.3,0.30568
10989.8,0.30631
10992.3,0.30728
10994.8,0.30758
10997.3,0.30742
10999.8,0.30716
