wave,flux
3700.85,0.3094
3701.75,0.30656
3702.65,0.29887
3703.55,0.28716
3704.45,0.27651
3705.35,0.26754
3706.25,0.26327
3707.15,0.26258
3708.05,0.26524
3708.96,0.26839
3709.86,0.27093
3710.76,0.27488
3711.66,0.28014
3712.56,0.28558
3713.46,0.29463
3714.36,0.30583
3715.26,0.31491
3716.16,0.3195
3717.06,0.32144
3717.96,0.31598
3718.86,0.30272
3719.76,0.28747
3720.66,0.2699
3721.56,0.25722
3722.46,0.25256
3723.36,0.25566
3724.26,0.26639
3725.16,0.28049
3726.06,0.29554
3726.96,0.3042
3727.86,0.31046
3728.76,0.31195
3729.66,0.31203
3730.56,0.30667
3731.46,0.29431
3732.36,0.27982
3733.26,0.26361
3734.16,0.24649
3735.06,0.23495
3735.96,0.23083
3736.86,0.23659
3737.76,0.24947
3738.66,0.26656
3739.56,0.28761
3740.46,0.30347
3741.36,0.31417
3742.26,0.31853
3743.16,0.31885
3744.06,0.31169
3744.96,0.3019
3745.86,0.29071
3746.76,0.27573
3747.67,0.2615
3748.57,0.24898
3749.47,0.23737
3750.37,0.23358
3751.27,0.24208
3752.17,0.25502
3753.07,0.27767
3753.97,0.29734
3754.87,0.31723
3755.77,0.32706
3756.67,0.33264
3757.57,0.32946
3758.47,0.32533
3759.37,0.31978
3760.27,0.31771
3761.17,0.32081
3762.07,0.3233
3762.97,0.32846
3763.87,0.33193
3764.77,0.33364
3765.67,0.3312
3766.57,0.32484
3767.47,0.31574
3768.37,0.30558
3769.27,0.29458
3770.17,0.28644
3771.07,0.28358
3771.97,0.28465
3772.87,0.29501
3773.77,0.30601
3774.67,0.31959
3775.57,0.33276
3776.47,0.34428
3777.37,0.35334
3778.27,0.36445
3779.17,0.37271
3780.07,0.38324
3780.97,0.39037
3781.87,0.3973
3782.77,0.3996
3783.67,0.40046
3784.57,0.39596
3785.47,0.39111
3786.38,0.383
3787.28,0.37358
3788.18,0.36596
3789.08,0.35898
3789.98,0.35413
3790.88,0.3493
3791.78,0.34411
3792.68,0.33655
3793.58,0.3272
3794.48,0.31507
3795.38,0.29969
3796.28,0.28582
3797.18,0.27321
3798.08,0.26329
3798.98,0.26246
3799.88,0.26966
3800.78,0.28549
3801.68,0.30622
3802.58,0.32884
3803.48,0.34876
3804.38,0.36292
3805.28,0.37159
3806.18,0.38077
3807.08,0.3839
3807.98,0.38774
3808.88,0.39276
3809.78,0.39571
3810.68,0.40005
3811.58,0.40091
3812.48,0.39742
3813.38,0.38834
3814.28,0.38106
3815.18,0.37541
3816.08,0.37265
3816.98,0.37248
3817.88,0.37245
3818.78,0.37468
3819.68,0.37386
3820.58,0.37061
3821.48,0.36823
3822.38,0.36535
3823.28,0.35979
3824.18,0.35452
3825.09,0.34707
3825.99,0.34007
3826.89,0.3326
3827.79,0.32408
3828.69,0.31869
3829.59,0.31225
3830.49,0.30316
3831.39,0.2918
3832.29,0.27712
3833.19,0.26205
3834.09,0.24871
3834.99,0.23622
3835.89,0.23069
3836.79,0.23094
3837.69,0.23493
3838.59,0.2463
3839.49,0.26028
3840.39,0.27622
3841.29,0.29388
3842.19,0.31264
3843.09,0.3318
3843.99,0.34493
3844.89,0.36177
3845.79,0.3725
3846.69,0.37954
3847.59,0.38622
3848.49,0.39143
3849.39,0.39355
3850.29,0.39716
3851.19,0.3986
3852.09,0.40282
3852.99,0.40333
3853.89,0.40679
3854.79,0.40627
3855.69,0.40375
3856.59,0.39865
3857.49,0.39433
3858.39,0.38932
3859.29,0.38722
3860.19,0.3847
3861.09,0.38869
3861.99,0.39637
3862.9,0.40339
3863.8,0.40946
3864.7,0.41499
3865.6,0.41869
3866.5,0.41883
3867.4,0.41885
3868.3,0.41709
3869.2,0.41412
3870.1,0.41033
3871.0,0.40469
3871.9,0.39679
3872.8,0.38859
3873.7,0.38463
3874.6,0.38251
3875.5,0.38111
3876.4,0.37951
3877.3,0.37899
3878.2,0.37494
3879.1,0.37308
3880.0,0.37089
3880.9,0.36828
3881.8,0.36415
3882.7,0.35959
3883.6,0.35356
3884.5,0.34297
3885.4,0.32924
3886.3,0.31333
3887.2,0.29661
3888.1,0.28213
3889.0,0.27312
3889.9,0.26956
3890.8,0.2744
3891.7,0.28606
3892.6,0.29995
3893.5,0.31577
3894.4,0.32969
3895.3,0.34033
3896.2,0.34954
3897.1,0.35879
3898.0,0.36513
3898.9,0.37111
3899.8,0.37612
3900.7,0.37945
3901.6,0.38425
3902.51,0.38692
3903.41,0.38686
3904.31,0.38486
3905.21,0.38598
3906.11,0.38556
3907.01,0.38809
3907.91,0.39356
3908.81,0.40232
3909.71,0.40897
3910.61,0.41701
3911.51,0.42307
3912.41,0.42641
3913.31,0.42542
3914.21,0.42339
3915.11,0.41962
3916.01,0.41718
3916.91,0.41193
3917.81,0.40745
3918.71,0.40328
3919.61,0.39779
3920.51,0.39473
3921.41,0.39111
3922.31,0.39067
3923.21,0.38483
3924.11,0.38493
3925.01,0.38023
3925.91,0.36934
3926.81,0.35635
3927.71,0.33927
3928.61,0.31642
3929.51,0.28793
3930.41,0.25884
3931.31,0.22807
3932.21,0.19908
3933.11,0.17526
3934.01,0.1606
3934.91,0.15814
3935.81,0.16701
3936.71,0.18806
3937.61,0.21596
3938.51,0.2468
3939.42,0.27836
3940.32,0.30684
3941.22,0.32946
3942.12,0.34466
3943.02,0.3568
3943.92,0.36576
3944.82,0.3731
3945.72,0.37997
3946.62,0.38759
3947.52,0.39349
3948.42,0.39776
3949.32,0.39973
3950.22,0.40439
3951.12,0.40489
3952.02,0.40655
3952.92,0.40877
3953.82,0.40847
3954.72,0.40873
3955.62,0.40572
3956.52,0.40368
3957.42,0.40142
3958.32,0.39861
3959.22,0.39132
3960.12,0.38284
3961.02,0.37229
3961.92,0.35597
3962.82,0.33742
3963.72,0.31541
3964.62,0.29093
3965.52,0.26274
3966.42,0.23435
3967.32,0.20502
3968.22,0.17929
3969.12,0.16375
3970.02,0.1579
3970.92,0.16419
3971.82,0.18112
3972.72,0.20568
3973.62,0.23539
3974.52,0.26449
3975.42,0.29199
3976.32,0.3178
3977.22,0.34076
3978.13,0.3607
3979.03,0.37731
3979.93,0.39021
3980.83,0.40124
3981.73,0.4072
3982.63,0.41241
3983.53,0.41715
3984.43,0.41871
3985.33,0.42302
3986.23,0.42728
3987.13,0.43151
3988.03,0.43563
3988.93,0.44138
3989.83,0.44546
3990.73,0.44822
3991.63,0.45217
3992.53,0.45619
3993.43,0.4559
3994.33,0.45707
3995.23,0.45497
3996.13,0.44992
3997.03,0.44789
3997.93,0.44675
3998.83,0.44476
3999.73,0.44912
4000.63,0.45476
4001.53,0.45999
4002.43,0.46134
4003.33,0.46265
4004.23,0.46112
4005.13,0.45745
4006.03,0.45322
4006.93,0.45167
4007.83,0.45394
4008.73,0.45719
4009.63,0.46269
4010.53,0.4682
4011.43,0.47044
4012.33,0.47383
4013.23,0.47195
4014.13,0.47451
4015.03,0.47381
4015.93,0.47502
4016.84,0.47584
4017.74,0.47745
4018.64,0.47925
4019.54,0.47947
4020.44,0.47981
4021.34,0.48317
4022.24,0.48015
4023.14,0.48131
4024.04,0.47882
4024.94,0.48161
4025.84,0.48113
4026.74,0.48462
4027.64,0.48713
4028.54,0.48463
4029.44,0.47974
4030.34,0.47435
4031.24,0.46628
4032.14,0.46107
4033.04,0.45722
4033.94,0.45678
4034.84,0.45986
4035.74,0.46811
4036.64,0.47619
4037.54,0.48294
4038.44,0.49127
4039.34,0.49369
4040.24,0.49514
4041.14,0.49245
4042.04,0.4873
4042.94,0.4826
4043.84,0.4732
4044.74,0.46983
4045.64,0.46141
4046.54,0.45739
4047.44,0.45872
4048.34,0.46554
4049.24,0.47233
4050.14,0.47951
4051.04,0.48458
4051.94,0.48559
4052.84,0.48543
4053.74,0.48227
4054.65,0.48048
4055.55,0.47638
4056.45,0.47334
4057.35,0.47194
4058.25,0.47278
4059.15,0.47303
4060.05,0.47387
4060.95,0.47529
4061.85,0.47254
4062.75,0.46798
4063.65,0.4622
4064.55,0.46025
4065.45,0.45868
4066.35,0.45752
4067.25,0.46022
4068.15,0.46681
4069.05,0.46881
4069.95,0.47087
4070.85,0.47234
4071.75,0.47169
4072.65,0.46954
4073.55,0.46722
4074.45,0.46243
4075.35,0.45665
4076.25,0.45049
4077.15,0.44415
4078.05,0.44169
4078.95,0.44038
4079.85,0.44338
4080.75,0.44923
4081.65,0.45638
4082.55,0.46105
4083.45,0.4631
4084.35,0.46597
4085.25,0.46606
4086.15,0.46912
4087.05,0.47313
4087.95,0.47643
4088.85,0.47984
4089.75,0.48284
4090.65,0.48245
4091.55,0.48088
4092.45,0.47528
4093.36,0.46848
4094.26,0.46148
4095.16,0.45523
4096.06,0.44282
4096.96,0.43023
4097.86,0.41722
4098.76,0.39876
4099.66,0.37981
4100.56,0.36307
4101.46,0.34795
4102.36,0.33784
4103.26,0.33743
4104.16,0.34726
4105.06,0.36025
4105.96,0.37845
4106.86,0.39596
4107.76,0.40942
4108.66,0.42281
4109.56,0.43051
4110.46,0.4394
4111.36,0.44667
4112.26,0.45108
4113.16,0.45804
4114.06,0.46264
4114.96,0.46768
4115.86,0.47234
4116.76,0.47699
4117.66,0.47555
4118.56,0.47449
4119.46,0.47007
4120.36,0.47014
4121.26,0.46939
4122.16,0.46794
4123.06,0.46918
4123.96,0.47338
4124.86,0.47491
4125.76,0.47647
4126.66,0.47734
4127.56,0.47868
4128.46,0.47589
4129.36,0.47512
4130.26,0.46978
4131.17,0.46704
4132.06,0.46648
4132.97,0.46389
4133.87,0.46222
4134.77,0.46467
4135.67,0.47019
4136.57,0.47576
4137.47,0.48218
4138.37,0.48777
4139.27,0.49214
4140.17,0.4927
4141.07,0.49037
4141.97,0.48717
4142.87,0.47881
4143.77,0.47481
4144.67,0.47206
4145.57,0.4714
4146.47,0.4742
4147.37,0.47983
4148.27,0.48344
4149.17,0.48509
4150.07,0.48336
4150.97,0.48579
4151.87,0.48412
4152.77,0.48145
4153.67,0.47872
4154.57,0.47818
4155.47,0.47638
4156.37,0.47775
4157.27,0.47893
4158.17,0.48092
4159.07,0.48603
4159.97,0.48751
4160.87,0.49076
4161.77,0.49518
4162.67,0.49769
4163.57,0.49717
4164.47,0.49884
4165.37,0.49952
4166.27,0.49737
4167.17,0.49587
4168.07,0.49281
4168.98,0.49132
4169.88,0.48548
4170.78,0.4778
4171.68,0.47278
4172.58,0.4653
4173.48,0.46118
4174.38,0.45851
4175.28,0.45867
4176.18,0.45866
4177.08,0.46121
4177.98,0.46496
4178.88,0.47157
4179.78,0.47266
4180.68,0.47478
4181.58,0.47765
4182.48,0.47787
4183.38,0.47976
4184.28,0.48216
4185.18,0.48013
4186.08,0.47977
4186.98,0.4788
4187.88,0.4784
4188.78,0.47813
4189.68,0.47791
4190.58,0.47991
4191.48,0.48423
4192.38,0.4856
4193.28,0.48798
4194.18,0.48799
4195.08,0.48721
4195.98,0.48496
4196.88,0.47963
4197.78,0.47493
4198.68,0.47056
4199.58,0.46422
4200.48,0.4636
4201.38,0.46076
4202.28,0.46232
4203.18,0.46455
4204.08,0.46598
4204.98,0.47047
4205.88,0.47347
4206.79,0.47829
4207.69,0.48167
4208.59,0.48394
4209.49,0.48741
4210.39,0.48989
4211.29,0.48933
4212.19,0.49026
4213.09,0.48936
4213.99,0.48436
4214.89,0.4807
4215.79,0.4779
4216.69,0.47529
4217.59,0.47468
4218.49,0.47776
4219.39,0.48073
4220.29,0.48369
4221.19,0.48404
4222.09,0.48085
4222.99,0.47759
4223.89,0.46864
4224.79,0.45595
4225.69,0.44508
4226.59,0.43689
4227.49,0.43431
4228.39,0.43637
4229.29,0.44289
4230.19,0.45462
4231.09,0.46266
4231.99,0.47101
4232.89,0.47474
4233.79,0.47291
4234.69,0.47385
4235.59,0.47094
4236.49,0.46878
4237.39,0.46734
4238.29,0.46657
4239.19,0.46779
4240.09,0.47277
4240.99,0.47489
4241.89,0.47827
4242.79,0.48023
4243.69,0.48309
4244.59,0.482
4245.5,0.48252
4246.4,0.47831
4247.3,0.47266
4248.2,0.46973
4249.1,0.46909
4250.0,0.46736
4250.9,0.46476
4251.8,0.46878
4252.7,0.47006
4253.6,0.47363
4254.5,0.47649
4255.4,0.47787
4256.3,0.47832
4257.2,0.4774
4258.1,0.47829
4259.0,0.47559
4259.9,0.4733
4260.8,0.47051
4261.7,0.47223
4262.6,0.47429
4263.5,0.47838
4264.4,0.48262
4265.3,0.48857
4266.2,0.4909
4267.1,0.48985
4268.0,0.4856
4268.9,0.4836
4269.8,0.47559
4270.7,0.46643
4271.6,0.45902
4272.5,0.45198
4273.4,0.44912
4274.3,0.44829
4275.2,0.45449
4276.1,0.45975
4277.0,0.46465
4277.9,0.4694
4278.8,0.47191
4279.7,0.47652
4280.6,0.47524
4281.5,0.47412
4282.4,0.47278
4283.31,0.46825
4284.21,0.46438
4285.11,0.4644
4286.01,0.45898
4286.91,0.45223
4287.81,0.44853
4288.71,0.44079
4289.61,0.43794
4290.51,0.43395
4291.41,0.43417
4292.31,0.43708
4293.21,0.43882
4294.11,0.44368
4295.01,0.44334
4295.91,0.4402
4296.81,0.43764
4297.71,0.42911
4298.61,0.41912
4299.51,0.40973
4300.41,0.40051
4301.31,0.39342
4302.21,0.39067
4303.11,0.38942
4304.01,0.38949
4304.91,0.39163
4305.81,0.39118
4306.71,0.39147
4307.61,0.3896
4308.51,0.38838
4309.41,0.38736
4310.31,0.39283
4311.21,0.39614
4312.11,0.40193
4313.01,0.4109
4313.91,0.42163
4314.81,0.43394
4315.71,0.44778
4316.61,0.46131
4317.51,0.47321
4318.41,0.48294
4319.31,0.48832
4320.21,0.48827
4321.12,0.48565
4322.02,0.47785
4322.92,0.46795
4323.82,0.46
4324.72,0.44915
4325.62,0.44184
4326.52,0.44068
4327.42,0.44333
4328.32,0.44688
4329.22,0.45297
4330.12,0.4622
4331.02,0.46425
4331.92,0.46904
4332.82,0.46593
4333.72,0.46408
4334.62,0.45732
4335.52,0.44767
4336.42,0.43356
4337.32,0.41771
4338.22,0.39708
4339.12,0.37516
4340.02,0.35889
4340.92,0.34876
4341.82,0.34772
4342.72,0.35499
4343.62,0.36737
4344.52,0.38361
4345.42,0.40189
4346.32,0.41745
4347.22,0.43293
4348.12,0.44451
4349.02,0.44727
4349.92,0.45139
4350.82,0.45266
4351.72,0.4512
4352.62,0.45204
4353.52,0.45048
4354.42,0.45586
4355.32,0.45884
4356.22,0.46512
4357.12,0.47031
4358.02,0.47322
4358.92,0.47876
4359.83,0.48335
4360.73,0.48628
4361.63,0.48797
4362.53,0.49132
4363.43,0.49623
4364.33,0.49925
4365.23,0.50008
4366.13,0.49959
4367.03,0.49875
4367.93,0.49399
4368.83,0.49052
4369.73,0.48855
4370.63,0.48625
4371.53,0.4857
4372.43,0.48211
4373.33,0.47908
4374.23,0.4764
4375.13,0.47508
4376.03,0.47506
4376.93,0.47613
4377.83,0.48156
4378.73,0.48602
4379.63,0.48585
4380.53,0.48761
4381.43,0.48215
4382.33,0.47484
4383.23,0.46685
4384.13,0.46026
4385.03,0.45364
4385.93,0.45452
4386.83,0.45806
4387.73,0.4612
4388.63,0.46842
4389.53,0.47473
4390.43,0.47694
4391.33,0.48157
4392.23,0.4829
4393.13,0.48367
4394.03,0.48434
4394.93,0.48499
4395.83,0.48375
4396.73,0.48662
4397.64,0.48614
4398.54,0.48682
4399.44,0.48704
4400.34,0.48777
4401.24,0.48536
4402.14,0.48645
4403.04,0.48397
4403.94,0.48245
4404.84,0.48087
4405.74,0.48014
4406.64,0.48067
4407.54,0.48303
4408.44,0.48419
4409.34,0.48774
4410.24,0.49127
4411.14,0.49418
4412.04,0.49883
4412.94,0.50241
4413.84,0.50063
4414.74,0.49988
4415.64,0.49695
4416.54,0.49412
4417.44,0.49347
4418.34,0.49524
4419.24,0.49722
4420.14,0.50001
4421.04,0.50193
4421.94,0.50536
4422.84,0.5047
4423.74,0.50576
4424.64,0.50477
4425.54,0.50344
4426.44,0.50282
4427.34,0.50312
4428.24,0.50371
4429.14,0.50135
4430.04,0.50088
4430.94,0.50213
4431.84,0.49848
4432.74,0.49909
4433.64,0.49542
4434.54,0.49594
4435.45,0.49271
4436.35,0.49606
4437.25,0.49681
4438.15,0.50181
4439.05,0.5065
4439.95,0.50609
4440.85,0.50684
4441.75,0.50429
4442.65,0.49938
4443.55,0.49686
4444.45,0.49441
4445.35,0.49499
4446.25,0.497
4447.15,0.50127
4448.05,0.50274
4448.95,0.50764
4449.85,0.5072
4450.75,0.50666
4451.65,0.50367
4452.55,0.50337
4453.45,0.49782
4454.35,0.49251
4455.25,0.48833
4456.15,0.48456
4457.05,0.4823
4457.95,0.48276
4458.85,0.48292
4459.75,0.48319
4460.65,0.48392
4461.55,0.48448
4462.45,0.48611
4463.35,0.48671
4464.25,0.49162
4465.15,0.49237
4466.05,0.49527
4466.95,0.49731
4467.85,0.49693
4468.75,0.49731
4469.65,0.49851
4470.55,0.49942
4471.45,0.50194
4472.35,0.51005
4473.25,0.50941
4474.16,0.51683
4475.06,0.52046
4475.96,0.52481
4476.86,0.52355
4477.76,0.52694
4478.66,0.52286
4479.56,0.51911
4480.46,0.51302
4481.36,0.51062
4482.26,0.5066
4483.16,0.50952
4484.06,0.50884
4484.96,0.51153
4485.86,0.51422
4486.76,0.51409
4487.66,0.51621
4488.56,0.51574
4489.46,0.5143
4490.36,0.51262
4491.26,0.51115
4492.16,0.5117
4493.06,0.51216
4493.96,0.51189
4494.86,0.51268
4495.76,0.5139
4496.66,0.51337
4497.56,0.51693
4498.46,0.51684
4499.36,0.51845
4500.26,0.52489
4501.16,0.52419
4502.06,0.527
4502.96,0.53125
4503.86,0.5331
4504.76,0.53733
4505.66,0.53936
4506.56,0.53876
4507.46,0.54061
4508.36,0.53955
4509.26,0.53893
4510.17,0.53795
4511.06,0.53987
4511.97,0.53759
4512.87,0.53462
4513.77,0.5325
4514.67,0.52942
4515.57,0.5267
4516.47,0.52595
4517.37,0.52555
4518.27,0.52355
4519.17,0.52177
4520.07,0.52062
4520.97,0.51963
4521.87,0.51918
4522.77,0.5165
4523.67,0.51302
4524.57,0.50947
4525.47,0.50763
4526.37,0.50265
4527.27,0.49777
4528.17,0.49737
4529.07,0.49261
4529.97,0.49067
4530.87,0.48826
4531.77,0.48783
4532.67,0.4889
4533.57,0.48813
4534.47,0.48755
4535.37,0.49056
4536.27,0.49189
4537.17,0.49875
4538.07,0.50293
4538.97,0.50922
4539.87,0.51457
4540.77,0.51971
4541.67,0.52011
4542.57,0.52019
4543.47,0.52045
4544.37,0.51797
4545.27,0.51427
4546.17,0.51163
4547.07,0.51131
4547.97,0.50625
4548.88,0.50393
4549.77,0.50072
4550.68,0.49929
4551.58,0.49759
4552.48,0.49842
4553.38,0.49998
4554.28,0.49749
4555.18,0.49935
4556.08,0.50182
4556.98,0.50544
4557.88,0.50987
4558.78,0.51554
4559.68,0.518
4560.58,0.52315
4561.48,0.52568
4562.38,0.52315
4563.28,0.52476
4564.18,0.52127
4565.08,0.51975
4565.98,0.51889
4566.88,0.52149
4567.78,0.52111
4568.68,0.52367
4569.58,0.52509
4570.48,0.52472
4571.38,0.52199
4572.28,0.52152
4573.18,0.52028
4574.08,0.52254
4574.98,0.52336
4575.88,0.5237
4576.78,0.52303
4577.68,0.52412
4578.58,0.52169
4579.48,0.51836
4580.38,0.51675
4581.28,0.51532
4582.18,0.51134
4583.08,0.50942
4583.98,0.51063
4584.88,0.51098
4585.78,0.51078
4586.69,0.51468
4587.58,0.51518
4588.49,0.51951
4589.39,0.52238
4590.29,0.52324
4591.19,0.52239
4592.09,0.52105
4592.99,0.51918
4593.89,0.51856
4594.79,0.51913
4595.69,0.52032
4596.59,0.52182
4597.49,0.52109
4598.39,0.52479
4599.29,0.52207
4600.19,0.52065
4601.09,0.52132
4601.99,0.52154
4602.89,0.51991
4603.79,0.51948
4604.69,0.52382
4605.59,0.52431
4606.49,0.52503
4607.39,0.52827
4608.29,0.52991
4609.19,0.53054
4610.09,0.53275
4610.99,0.53406
4611.89,0.53264
4612.79,0.53427
4613.69,0.53369
4614.59,0.5305
4615.49,0.52913
4616.39,0.52914
4617.29,0.53031
4618.19,0.52706
4619.09,0.52598
4619.99,0.52888
4620.89,0.53106
4621.79,0.53348
4622.69,0.5333
4623.59,0.53468
4624.5,0.53527
4625.4,0.53404
4626.3,0.53433
4627.2,0.53318
4628.1,0.53402
4629.0,0.53218
4629.9,0.53199
4630.8,0.52879
4631.7,0.53263
4632.6,0.53125
4633.5,0.5318
4634.4,0.53038
4635.3,0.52966
4636.2,0.52878
4637.1,0.52531
4638.0,0.5278
4638.9,0.52818
4639.8,0.5267
4640.7,0.53038
4641.6,0.53074
4642.5,0.53164
4643.4,0.53122
4644.3,0.53226
4645.2,0.53231
4646.1,0.52841
4647.0,0.52635
4647.9,0.52452
4648.8,0.52139
4649.7,0.52394
4650.6,0.52318
4651.5,0.5235
4652.4,0.52457
4653.3,0.52244
4654.2,0.5251
4655.1,0.52292
4656.0,0.52352
4656.9,0.5233
4657.8,0.52776
4658.7,0.52696
4659.6,0.53384
4660.5,0.53444
4661.4,0.53715
4662.3,0.53643
4663.21,0.53489
4664.11,0.53295
4665.01,0.52888
4665.91,0.5234
4666.81,0.51709
4667.71,0.51411
4668.61,0.51184
4669.51,0.50825
4670.41,0.51116
4671.31,0.51391
4672.21,0.51864
4673.11,0.5211
4674.01,0.52611
4674.91,0.52827
4675.81,0.52905
4676.71,0.53058
4677.61,0.52821
4678.51,0.53038
4679.41,0.52939
4680.31,0.52584
4681.21,0.52455
4682.11,0.5242
4683.01,0.52482
4683.91,0.52378
4684.81,0.52477
4685.71,0.52761
4686.61,0.53192
4687.51,0.5314
4688.41,0.52964
4689.31,0.52972
4690.21,0.53028
4691.11,0.53167
4692.01,0.53194
4692.91,0.53315
4693.81,0.53543
4694.71,0.53506
4695.61,0.53744
4696.51,0.53902
4697.41,0.53683
4698.31,0.53616
4699.21,0.53105
4700.12,0.52857
4701.02,0.52503
4701.92,0.52351
4702.82,0.52299
4703.72,0.51927
4704.62,0.51841
4705.52,0.51889
4706.42,0.51681
4707.32,0.51643
4708.22,0.51733
4709.12,0.51777
4710.02,0.51789
4710.92,0.51823
4711.82,0.52141
4712.72,0.52452
4713.62,0.52402
4714.52,0.52806
4715.42,0.5303
4716.32,0.53033
4717.22,0.53139
4718.12,0.53252
4719.02,0.53386
4719.92,0.53553
4720.82,0.53727
4721.72,0.53841
4722.62,0.53938
4723.52,0.53841
4724.42,0.53914
4725.32,0.53582
4726.22,0.53703
4727.12,0.53395
4728.02,0.53316
4728.92,0.52686
4729.82,0.52632
4730.72,0.52473
4731.62,0.52402
4732.52,0.52397
4733.42,0.5238
4734.32,0.52606
4735.22,0.52361
4736.12,0.52645
4737.02,0.5262
4737.92,0.52873
4738.83,0.52717
4739.73,0.52789
4740.63,0.52772
4741.53,0.529
4742.43,0.5317
4743.33,0.53132
4744.23,0.53221
4745.13,0.53266
4746.03,0.53226
4746.93,0.53647
4747.83,0.53653
4748.73,0.53729
4749.63,0.53625
4750.53,0.53929
4751.43,0.53602
4752.33,0.53486
4753.23,0.53445
4754.13,0.53307
4755.03,0.53051
4755.93,0.52876
4756.83,0.52814
4757.73,0.52717
4758.63,0.52672
4759.53,0.5273
4760.43,0.52326
4761.33,0.52355
4762.23,0.52145
4763.13,0.51813
4764.03,0.5196
4764.93,0.5179
4765.83,0.51612
4766.73,0.51847
4767.63,0.51852
4768.53,0.51822
4769.43,0.5227
4770.33,0.52522
4771.23,0.52509
4772.13,0.5272
4773.03,0.52654
4773.93,0.52888
4774.83,0.53005
4775.73,0.53222
4776.64,0.53398
4777.54,0.5345
4778.44,0.5325
4779.34,0.53119
4780.24,0.531
4781.14,0.5312
4782.04,0.52954
4782.94,0.52719
4783.84,0.52486
4784.74,0.52375
4785.64,0.52499
4786.54,0.52058
4787.44,0.52108
4788.34,0.51871
4789.24,0.51806
4790.14,0.51963
4791.04,0.52165
4791.94,0.52444
4792.84,0.52429
4793.74,0.53117
4794.64,0.53193
4795.54,0.53218
4796.44,0.5336
4797.34,0.53414
4798.24,0.53379
4799.14,0.53254
4800.04,0.53008
4800.94,0.52955
4801.84,0.52806
4802.74,0.52825
4803.64,0.52882
4804.54,0.52893
4805.44,0.52883
4806.34,0.5311
4807.24,0.53002
4808.14,0.5292
4809.04,0.52934
4809.94,0.52929
4810.84,0.52936
4811.74,0.53134
4812.64,0.5313
4813.54,0.53424
4814.45,0.53384
4815.35,0.53417
4816.25,0.53712
4817.15,0.53769
4818.05,0.53923
4818.95,0.53807
4819.85,0.53604
4820.75,0.53395
4821.65,0.53324
4822.55,0.52934
4823.45,0.52769
4824.35,0.52606
4825.25,0.52276
4826.15,0.52394
4827.05,0.5238
4827.95,0.52371
4828.85,0.52614
4829.75,0.52506
4830.65,0.52387
4831.55,0.52339
4832.45,0.52201
4833.35,0.52196
4834.25,0.52146
4835.15,0.52007
4836.05,0.5204
4836.95,0.52239
4837.85,0.52018
4838.75,0.52037
4839.65,0.51719
4840.55,0.51521
4841.45,0.51562
4842.35,0.51341
4843.25,0.51365
4844.15,0.5116
4845.05,0.5131
4845.95,0.51279
4846.85,0.51211
4847.75,0.51028
4848.65,0.51077
4849.55,0.50849
4850.45,0.50404
4851.35,0.50399
4852.26,0.50067
4853.16,0.49915
4854.06,0.4933
4854.96,0.48458
4855.86,0.47619
4856.76,0.46695
4857.66,0.45546
4858.56,0.44127
4859.46,0.42741
4860.36,0.41393
4861.26,0.40293
4862.16,0.39433
4863.06,0.3963
4863.96,0.39974
4864.86,0.41116
4865.76,0.42411
4866.66,0.43929
4867.56,0.4499
4868.46,0.46199
4869.36,0.46847
4870.26,0.47394
4871.16,0.47792
4872.06,0.47862
4872.96,0.48182
4873.86,0.48476
4874.76,0.48667
4875.66,0.49244
4876.56,0.49709
4877.46,0.49897
4878.36,0.5029
4879.26,0.50606
4880.16,0.50716
4881.06,0.51105
4881.96,0.51181
4882.86,0.51243
4883.76,0.51102
4884.66,0.51057
4885.56,0.50753
4886.46,0.50912
4887.36,0.5073
4888.26,0.5048
4889.17,0.50437
4890.07,0.50328
4890.97,0.50584
4891.87,0.50812
4892.77,0.51412
4893.67,0.51538
4894.57,0.52273
4895.47,0.52759
4896.37,0.53195
4897.27,0.53541
4898.17,0.53907
4899.07,0.53589
4899.97,0.53507
4900.87,0.53642
4901.77,0.53027
4902.67,0.52781
4903.57,0.5263
4904.47,0.52921
4905.37,0.52933
4906.27,0.52427
4907.17,0.52704
4908.07,0.52631
4908.97,0.52319
4909.87,0.52386
4910.77,0.52064
4911.67,0.52034
4912.57,0.52173
4913.47,0.52362
4914.37,0.52261
4915.27,0.52237
4916.17,0.52237
4917.07,0.521
4917.97,0.51763
4918.87,0.51314
4919.77,0.51049
4920.67,0.50441
4921.57,0.49984
4922.47,0.49938
4923.37,0.4993
4924.27,0.50465
4925.17,0.50733
4926.07,0.51334
4926.98,0.51553
4927.88,0.52069
4928.78,0.52422
4929.68,0.52558
4930.58,0.52785
4931.48,0.52578
4932.38,0.52461
4933.28,0.52049
4934.18,0.51719
4935.08,0.51421
4935.98,0.51303
4936.88,0.50969
4937.78,0.51149
4938.68,0.51044
4939.58,0.50822
4940.48,0.51277
4941.38,0.51687
4942.28,0.51949
4943.18,0.5243
4944.08,0.5265
4944.98,0.52828
4945.88,0.53072
4946.78,0.5318
4947.68,0.53121
4948.58,0.53247
4949.48,0.53503
4950.38,0.5339
4951.28,0.53442
4952.18,0.53524
4953.08,0.53221
4953.98,0.52952
4954.88,0.52748
4955.78,0.52357
4956.68,0.51998
4957.58,0.51443
4958.48,0.51317
4959.38,0.51133
4960.28,0.51627
4961.18,0.51906
4962.08,0.52169
4962.98,0.52354
4963.88,0.52485
4964.79,0.5233
4965.69,0.52458
4966.59,0.5211
4967.49,0.5205
4968.39,0.52126
4969.29,0.51806
4970.19,0.51975
4971.09,0.51982
4971.99,0.5215
4972.89,0.52356
4973.79,0.52488
4974.69,0.52534
4975.59,0.52734
4976.49,0.52577
4977.39,0.52645
4978.29,0.52402
4979.19,0.51803
4980.09,0.51404
4980.99,0.50849
4981.89,0.50413
4982.79,0.49848
4983.69,0.49588
4984.59,0.49668
4985.49,0.499
4986.39,0.49654
4987.29,0.50278
4988.19,0.50222
4989.09,0.50853
4989.99,0.51033
4990.89,0.51202
4991.79,0.51174
4992.69,0.51131
4993.59,0.51283
4994.49,0.51268
4995.39,0.51324
4996.29,0.51589
4997.19,0.51319
4998.09,0.51407
4998.99,0.51384
4999.89,0.51005
5000.79,0.50917
5001.7,0.50692
5002.6,0.50611
5003.5,0.50307
5004.4,0.50171
5005.3,0.50204
5006.2,0.50273
5007.1,0.50248
5008.0,0.50224
5008.9,0.50164
5009.8,0.49995
5010.7,0.50181
5011.6,0.49831
5012.5,0.49744
5013.4,0.49294
5014.3,0.49364
5015.2,0.49212
5016.1,0.49082
5017.0,0.49085
5017.9,0.49016
5018.8,0.493
5019.7,0.49397
5020.6,0.49539
5021.5,0.49908
5022.4,0.49895
5023.3,0.50062
5024.2,0.5038
5025.1,0.5041
5026.0,0.50568
5026.9,0.50989
5027.8,0.50832
5028.7,0.50971
5029.6,0.51096
5030.5,0.51277
5031.4,0.51332
5032.3,0.51602
5033.2,0.51742
5034.1,0.51589
5035.0,0.51491
5035.9,0.50993
5036.8,0.50519
5037.7,0.49942
5038.6,0.49518
5039.5,0.49318
5040.41,0.48933
5041.31,0.4853
5042.21,0.48712
5043.11,0.49035
5044.01,0.49316
5044.91,0.49912
5045.81,0.50324
5046.71,0.50746
5047.61,0.50756
5048.51,0.51096
5049.41,0.50928
5050.31,0.50914
5051.21,0.50882
5052.11,0.50628
5053.01,0.50907
5053.91,0.51317
5054.81,0.5153
5055.71,0.51774
5056.61,0.52123
5057.51,0.52055
5058.41,0.5244
5059.31,0.5231
5060.21,0.52398
5061.11,0.52189
5062.01,0.52054
5062.91,0.5186
5063.81,0.51653
5064.71,0.51426
5065.61,0.51129
5066.51,0.50695
5067.41,0.50554
5068.31,0.50708
5069.21,0.50616
5070.11,0.50604
5071.01,0.50699
5071.91,0.50691
5072.81,0.50738
5073.71,0.50849
5074.61,0.50835
5075.51,0.50856
5076.42,0.50544
5077.31,0.50542
5078.21,0.50106
5079.12,0.49807
5080.02,0.49492
5080.92,0.4933
5081.82,0.49196
5082.72,0.49106
5083.62,0.49362
5084.52,0.49712
5085.42,0.49946
5086.32,0.50222
5087.22,0.50624
5088.12,0.50844
5089.02,0.5066
5089.92,0.51226
5090.82,0.51279
5091.72,0.51214
5092.62,0.51396
5093.52,0.51389
5094.42,0.51333
5095.32,0.51264
5096.22,0.51023
5097.12,0.50682
5098.02,0.50503
5098.92,0.50074
5099.82,0.50218
5100.72,0.49908
5101.62,0.50126
5102.52,0.50364
5103.42,0.50265
5104.32,0.50247
5105.22,0.50302
5106.12,0.50368
5107.02,0.50007
5107.92,0.49905
5108.82,0.49853
5109.72,0.49763
5110.62,0.49835
5111.52,0.49805
5112.42,0.50158
5113.32,0.50469
5114.22,0.50819
5115.12,0.50888
5116.03,0.51105
5116.93,0.51381
5117.83,0.51744
5118.73,0.51541
5119.63,0.51468
5120.53,0.51208
5121.43,0.51082
5122.33,0.50568
5123.23,0.50364
5124.13,0.49849
5125.03,0.49701
5125.93,0.4937
5126.83,0.49118
5127.73,0.49042
5128.63,0.49264
5129.53,0.49244
5130.43,0.49291
5131.33,0.49501
5132.23,0.49677
5133.13,0.49742
5134.03,0.49959
5134.93,0.4985
5135.83,0.49966
5136.73,0.49949
5137.63,0.49698
5138.53,0.49614
5139.43,0.49353
5140.33,0.49127
5141.23,0.49062
5142.13,0.48796
5143.03,0.48959
5143.93,0.4891
5144.83,0.48982
5145.73,0.48992
5146.63,0.49086
5147.53,0.49062
5148.43,0.49355
5149.33,0.49296
5150.23,0.49259
5151.13,0.49069
5152.03,0.49181
5152.94,0.49089
5153.84,0.49295
5154.74,0.49353
5155.64,0.4959
5156.54,0.50012
5157.44,0.49939
5158.34,0.50111
5159.24,0.5066
5160.14,0.50999
5161.04,0.50762
5161.94,0.50615
5162.84,0.50128
5163.74,0.497
5164.64,0.49046
5165.54,0.48107
5166.44,0.47032
5167.34,0.4609
5168.24,0.45353
5169.14,0.44646
5170.04,0.44257
5170.94,0.44307
5171.84,0.44036
5172.74,0.44228
5173.64,0.44781
5174.54,0.45422
5175.44,0.46145
5176.34,0.46881
5177.24,0.47561
5178.14,0.48192
5179.04,0.48653
5179.94,0.48519
5180.84,0.48541
5181.74,0.47811
5182.64,0.47235
5183.54,0.46902
5184.44,0.46334
5185.34,0.46272
5186.24,0.46534
5187.14,0.46739
5188.04,0.47268
5188.94,0.47627
5189.84,0.48117
5190.75,0.48332
5191.65,0.48451
5192.55,0.48423
5193.45,0.48317
5194.35,0.48434
5195.25,0.4845
5196.15,0.48399
5197.05,0.48781
5197.95,0.49113
5198.85,0.49416
5199.75,0.49394
5200.65,0.49452
5201.55,0.49613
5202.45,0.49355
5203.35,0.49051
5204.25,0.49118
5205.15,0.48535
5206.05,0.48018
5206.95,0.47969
5207.85,0.47873
5208.75,0.4751
5209.65,0.47756
5210.55,0.48013
5211.45,0.48533
5212.35,0.48981
5213.25,0.49365
5214.15,0.4965
5215.05,0.49919
5215.95,0.50279
5216.85,0.50123
5217.75,0.50419
5218.65,0.50262
5219.55,0.50645
5220.45,0.50622
5221.35,0.50695
5222.25,0.50693
5223.15,0.50566
5224.05,0.50154
5224.95,0.49772
5225.85,0.49352
5226.75,0.48926
5227.66,0.48734
5228.56,0.48369
5229.46,0.48657
5230.36,0.49039
5231.26,0.49174
5232.16,0.49552
5233.06,0.49729
5233.96,0.49822
5234.86,0.50017
5235.76,0.50302
5236.66,0.5042
5237.56,0.50716
5238.46,0.50993
5239.36,0.51089
5240.26,0.51272
5241.16,0.5155
5242.06,0.51636
5242.96,0.51514
5243.86,0.51535
5244.76,0.51543
5245.66,0.51393
5246.56,0.51207
5247.46,0.50813
5248.36,0.50664
5249.26,0.50241
5250.16,0.50192
5251.06,0.50188
5251.96,0.50041
5252.86,0.50043
5253.76,0.50243
5254.66,0.50269
5255.56,0.50597
5256.46,0.50813
5257.36,0.5066
5258.26,0.5079
5259.16,0.50954
5260.06,0.50681
5260.96,0.50267
5261.86,0.49693
5262.76,0.49194
5263.66,0.48738
5264.56,0.48126
5265.47,0.47532
5266.37,0.47252
5267.27,0.47012
5268.17,0.46733
5269.07,0.46791
5269.97,0.46911
5270.87,0.46859
5271.77,0.47378
5272.67,0.47522
5273.57,0.47936
5274.47,0.48467
5275.37,0.48941
5276.27,0.49348
5277.17,0.4982
5278.07,0.5005
5278.97,0.50534
5279.87,0.50538
5280.77,0.50786
5281.67,0.50704
5282.57,0.50686
5283.47,0.5072
5284.37,0.50877
5285.27,0.50743
5286.17,0.50994
5287.07,0.51375
5287.97,0.5149
5288.87,0.51841
5289.77,0.52002
5290.67,0.52159
5291.57,0.52244
5292.47,0.52151
5293.37,0.51917
5294.27,0.51811
5295.17,0.51339
5296.07,0.51319
5296.97,0.50876
5297.87,0.50413
5298.77,0.50117
5299.67,0.50173
5300.57,0.50405
5301.48,0.50356
5302.38,0.50347
5303.27,0.50653
5304.18,0.50782
5305.08,0.51333
5305.98,0.51415
5306.88,0.51545
5307.78,0.51645
5308.68,0.52016
5309.58,0.52215
5310.48,0.52166
5311.38,0.52246
5312.28,0.51808
5313.18,0.5218
5314.08,0.51874
5314.98,0.51638
5315.88,0.51435
5316.78,0.51521
5317.68,0.51487
5318.58,0.51261
5319.48,0.50968
5320.38,0.50923
5321.28,0.51054
5322.18,0.50819
5323.08,0.50539
5323.98,0.50264
5324.88,0.49638
5325.78,0.49428
5326.68,0.49112
5327.58,0.48494
5328.48,0.48262
5329.38,0.48296
5330.28,0.48277
5331.18,0.48626
5332.08,0.48885
5332.98,0.49259
5333.88,0.49554
5334.78,0.50187
5335.68,0.50137
5336.58,0.5038
5337.48,0.50504
5338.38,0.50419
5339.28,0.50573
5340.19,0.50338
5341.08,0.50199
5341.99,0.50044
5342.89,0.50192
5343.79,0.50239
5344.69,0.50511
5345.59,0.50035
5346.49,0.50458
5347.39,0.50236
5348.29,0.50548
5349.19,0.50614
5350.09,0.50624
5350.99,0.50915
5351.89,0.50989
5352.79,0.51224
5353.69,0.51513
5354.59,0.51732
5355.49,0.51824
5356.39,0.52256
5357.29,0.52107
5358.19,0.52396
5359.09,0.52189
5359.99,0.52151
5360.89,0.52275
5361.79,0.52183
5362.69,0.51622
5363.59,0.51494
5364.49,0.51232
5365.39,0.5087
5366.29,0.50493
5367.19,0.50398
5368.09,0.50172
5368.99,0.49881
5369.89,0.49855
5370.79,0.49902
5371.69,0.49849
5372.59,0.49749
5373.49,0.50297
5374.39,0.50428
5375.29,0.50624
5376.19,0.50992
5377.09,0.51242
5378.0,0.51411
5378.9,0.51686
5379.8,0.51419
5380.7,0.51435
5381.6,0.51319
5382.5,0.51186
5383.4,0.51174
5384.3,0.51307
5385.2,0.5093
5386.1,0.51216
5387.0,0.51183
5387.9,0.51075
5388.8,0.51052
5389.7,0.51089
5390.6,0.50697
5391.5,0.50632
5392.4,0.50451
5393.3,0.50189
5394.2,0.50073
5395.1,0.49882
5396.0,0.49401
5396.9,0.49626
5397.8,0.49437
5398.7,0.4942
5399.6,0.49393
5400.5,0.49605
5401.4,0.49534
5402.3,0.49439
5403.2,0.49453
5404.1,0.49094
5405.0,0.49295
5405.9,0.48969
5406.8,0.48639
5407.7,0.48781
5408.6,0.48864
5409.5,0.48954
5410.4,0.49244
5411.3,0.49097
5412.2,0.49607
5413.1,0.49846
5414.0,0.5017
5414.9,0.50189
5415.81,0.50287
5416.71,0.50615
5417.61,0.50728
5418.51,0.50728
5419.41,0.50882
5420.31,0.50729
5421.21,0.50723
5422.11,0.50608
5423.01,0.50665
5423.91,0.50528
5424.81,0.5053
5425.71,0.50368
5426.61,0.50073
5427.51,0.50098
5428.41,0.50009
5429.31,0.49906
5430.21,0.49706
5431.11,0.49639
5432.01,0.49436
5432.91,0.49359
5433.81,0.49265
5434.71,0.49457
5435.61,0.49465
5436.51,0.49598
5437.41,0.49921
5438.31,0.50266
5439.21,0.50446
5440.11,0.50785
5441.01,0.51086
5441.91,0.509
5442.81,0.5101
5443.71,0.50818
5444.61,0.50684
5445.51,0.50308
5446.41,0.5008
5447.31,0.50013
5448.21,0.4996
5449.11,0.4971
5450.01,0.49772
5450.91,0.50117
5451.81,0.50281
5452.72,0.50266
5453.62,0.50116
5454.52,0.50124
5455.42,0.4997
5456.32,0.49978
5457.22,0.50049
5458.12,0.49799
5459.02,0.4993
5459.92,0.50114
5460.82,0.50139
5461.72,0.50086
5462.62,0.50137
5463.52,0.50271
5464.42,0.50179
5465.32,0.49944
5466.22,0.50211
5467.12,0.50248
5468.02,0.5045
5468.92,0.50453
5469.82,0.50631
5470.72,0.5061
5471.62,0.50262
5472.52,0.50291
5473.42,0.50004
5474.32,0.49504
5475.22,0.49324
5476.12,0.49231
5477.02,0.49169
5477.92,0.48955
5478.82,0.48984
5479.72,0.49026
5480.62,0.49324
5481.52,0.49304
5482.42,0.4954
5483.32,0.49573
5484.22,0.49895
5485.12,0.49879
5486.02,0.50193
5486.92,0.50041
5487.82,0.50463
5488.72,0.50281
5489.62,0.5017
5490.53,0.5047
5491.43,0.50262
5492.33,0.50321
5493.23,0.50477
5494.13,0.50457
5495.03,0.50407
5495.93,0.50128
5496.83,0.50263
5497.73,0.50085
5498.63,0.50103
5499.53,0.50048
5500.43,0.50175
5501.33,0.49897
5502.23,0.49799
5503.13,0.49951
5504.03,0.49826
5504.93,0.49894
5505.83,0.49712
5506.73,0.49572
5507.63,0.49642
5508.53,0.49644
5509.43,0.49717
5510.33,0.49624
5511.23,0.49685
5512.13,0.49598
5513.03,0.49585
5513.93,0.49676
5514.83,0.49554
5515.73,0.49866
5516.63,0.49985
5517.53,0.50324
5518.43,0.50547
5519.33,0.50722
5520.23,0.50854
5521.13,0.506
5522.03,0.50792
5522.93,0.50825
5523.83,0.50512
5524.73,0.50423
5525.63,0.50135
5526.54,0.49837
5527.44,0.49834
5528.33,0.49658
5529.24,0.49569
5530.14,0.49499
5531.04,0.49544
5531.94,0.49653
5532.84,0.49809
5533.74,0.49773
5534.64,0.50068
5535.54,0.50177
5536.44,0.50314
5537.34,0.5056
5538.24,0.5057
5539.14,0.5057
5540.04,0.50747
5540.94,0.50713
5541.84,0.50745
5542.74,0.5104
5543.64,0.50852
5544.54,0.50716
5545.44,0.50814
5546.34,0.50748
5547.24,0.50849
5548.14,0.50664
5549.04,0.5063
5549.94,0.51088
5550.84,0.51105
5551.74,0.51092
5552.64,0.50854
5553.54,0.50838
5554.44,0.50862
5555.34,0.50657
5556.24,0.50618
5557.14,0.50564
5558.04,0.50411
5558.94,0.50556
5559.84,0.50259
5560.74,0.50284
5561.64,0.50275
5562.54,0.50403
5563.44,0.49983
5564.34,0.50003
5565.25,0.50054
5566.15,0.49729
5567.05,0.49621
5567.95,0.49543
5568.85,0.49565
5569.75,0.49223
5570.65,0.4953
5571.55,0.49465
5572.45,0.49603
5573.35,0.49591
5574.25,0.49396
5575.15,0.49598
5576.05,0.49638
5576.95,0.49767
5577.85,0.4981
5578.75,0.49878
5579.65,0.50046
5580.55,0.49922
5581.45,0.49998
5582.35,0.49998
5583.25,0.49915
5584.15,0.49719
5585.05,0.49336
5585.95,0.49014
5586.85,0.49038
5587.75,0.48621
5588.65,0.48408
5589.55,0.48231
5590.45,0.47925
5591.35,0.48191
5592.25,0.48322
5593.15,0.48311
5594.05,0.48495
5594.95,0.48627
5595.85,0.4855
5596.75,0.48757
5597.65,0.4879
5598.55,0.48767
5599.45,0.48841
5600.35,0.48802
5601.25,0.48707
5602.15,0.48746
5603.06,0.49076
5603.96,0.48983
5604.86,0.49317
5605.76,0.49389
5606.66,0.49708
5607.56,0.50033
5608.46,0.50333
5609.36,0.50466
5610.26,0.50653
5611.16,0.50301
5612.06,0.50363
5612.96,0.50297
5613.86,0.49983
5614.76,0.49983
5615.66,0.49561
5616.56,0.49549
5617.46,0.49295
5618.36,0.49186
5619.26,0.49544
5620.16,0.49334
5621.06,0.49485
5621.96,0.49453
5622.86,0.49667
5623.76,0.4967
5624.66,0.49724
5625.56,0.49503
5626.46,0.49757
5627.36,0.49715
5628.26,0.49809
5629.16,0.5001
5630.06,0.49918
5630.96,0.50119
5631.86,0.50218
5632.76,0.50301
5633.66,0.50287
5634.56,0.50354
5635.46,0.50075
5636.36,0.50028
5637.26,0.49879
5638.16,0.49708
5639.06,0.49687
5639.96,0.49634
5640.86,0.4959
5641.77,0.49547
5642.67,0.49587
5643.57,0.49537
5644.47,0.4977
5645.37,0.50003
5646.27,0.50072
5647.17,0.49658
5648.07,0.49845
5648.97,0.50026
5649.87,0.49927
5650.77,0.49957
5651.67,0.50217
5652.57,0.50078
5653.47,0.49865
5654.37,0.49732
5655.27,0.49549
5656.17,0.49316
5657.07,0.49245
5657.97,0.49011
5658.87,0.48667
5659.77,0.48705
5660.67,0.48407
5661.57,0.48427
5662.47,0.48757
5663.37,0.48724
5664.27,0.48865
5665.17,0.49004
5666.07,0.49106
5666.97,0.49209
5667.87,0.49117
5668.77,0.49225
5669.67,0.49539
5670.57,0.49388
5671.47,0.49498
5672.37,0.49746
5673.27,0.49656
5674.17,0.49958
5675.07,0.50005
5675.97,0.50027
5676.88,0.50228
5677.77,0.50307
5678.68,0.5002
5679.58,0.50165
5680.48,0.50052
5681.38,0.49681
5682.28,0.49571
5683.18,0.49674
5684.08,0.4944
5684.98,0.49113
5685.88,0.49288
5686.78,0.49195
5687.68,0.49042
5688.58,0.49127
5689.48,0.49238
5690.38,0.4937
5691.28,0.49394
5692.18,0.49578
5693.08,0.4965
5693.98,0.49617
5694.88,0.49625
5695.78,0.49787
5696.68,0.49749
5697.58,0.49818
5698.48,0.49667
5699.38,0.4948
5700.28,0.49372
5701.18,0.49427
5702.08,0.49245
5702.98,0.49035
5703.88,0.48869
5704.78,0.48725
5705.68,0.48637
5706.58,0.48499
5707.48,0.48457
5708.38,0.4817
5709.28,0.48222
5710.18,0.48068
5711.08,0.47956
5711.98,0.48107
5712.88,0.48216
5713.78,0.48354
5714.68,0.48564
5715.59,0.48875
5716.49,0.49194
5717.39,0.49225
5718.29,0.49423
5719.19,0.49723
5720.09,0.49773
5720.99,0.49885
5721.89,0.49864
5722.79,0.50112
5723.69,0.50117
5724.59,0.50073
5725.49,0.5002
5726.39,0.49923
5727.29,0.49965
5728.19,0.49767
5729.09,0.49809
5729.99,0.49895
5730.89,0.49874
5731.79,0.49788
5732.69,0.49754
5733.59,0.49841
5734.49,0.49738
5735.39,0.49904
5736.29,0.49734
5737.19,0.49805
5738.09,0.49933
5738.99,0.49826
5739.89,0.49917
5740.79,0.49791
5741.69,0.49692
5742.59,0.49687
5743.49,0.49684
5744.39,0.49899
5745.29,0.49794
5746.19,0.49568
5747.09,0.49741
5747.99,0.49904
5748.89,0.49806
5749.79,0.49474
5750.69,0.49308
5751.59,0.49404
5752.5,0.49323
5753.4,0.4906
5754.3,0.49207
5755.2,0.49057
5756.1,0.49138
5757.0,0.49014
5757.9,0.49173
5758.8,0.49224
5759.7,0.49424
5760.6,0.49432
5761.5,0.49523
5762.4,0.49439
5763.3,0.49462
5764.2,0.49512
5765.1,0.49656
5766.0,0.49533
5766.9,0.49698
5767.8,0.49463
5768.7,0.49681
5769.6,0.49948
5770.5,0.49771
5771.4,0.49734
5772.3,0.49776
5773.2,0.49686
5774.1,0.49543
5775.0,0.49479
5775.9,0.49635
5776.8,0.49511
5777.7,0.49356
5778.6,0.49002
5779.5,0.49051
5780.4,0.48979
5781.3,0.48673
5782.2,0.48657
5783.1,0.48524
5784.0,0.48632
5784.9,0.48465
5785.8,0.4844
5786.7,0.48444
5787.6,0.48761
5788.5,0.48655
5789.41,0.48728
5790.31,0.48909
5791.21,0.48994
5792.11,0.49123
5793.01,0.49177
5793.91,0.49221
5794.81,0.49395
5795.71,0.4935
5796.61,0.49512
5797.51,0.49591
5798.41,0.49435
5799.31,0.49409
5800.21,0.49571
5801.11,0.49572
5802.01,0.49536
5802.91,0.4975
5803.81,0.4962
5804.71,0.49654
5805.61,0.49576
5806.51,0.49554
5807.41,0.49721
5808.31,0.49399
5809.21,0.49377
5810.11,0.49744
5811.01,0.49543
5811.91,0.49799
5812.81,0.49659
5813.71,0.49516
5814.61,0.49695
5815.51,0.4972
5816.41,0.49776
5817.31,0.49767
5818.21,0.49566
5819.11,0.49883
5820.01,0.49729
5820.91,0.49919
5821.81,0.50012
5822.71,0.50097
5823.61,0.50181
5824.51,0.50016
5825.41,0.50064
5826.31,0.49847
5827.22,0.49945
5828.12,0.50127
5829.02,0.5005
5829.92,0.50167
5830.82,0.501
5831.72,0.50094
5832.62,0.50017
5833.52,0.50148
5834.42,0.50178
5835.32,0.50155
5836.22,0.49961
5837.12,0.49818
5838.02,0.49882
5838.92,0.49772
5839.82,0.49848
5840.72,0.50054
5841.62,0.49835
5842.52,0.49971
5843.42,0.49877
5844.32,0.49851
5845.22,0.4977
5846.12,0.4978
5847.02,0.4951
5847.92,0.49546
5848.82,0.49511
5849.72,0.49201
5850.62,0.49154
5851.52,0.49184
5852.42,0.49049
5853.32,0.4879
5854.22,0.48727
5855.12,0.48511
5856.02,0.48468
5856.92,0.48537
5857.82,0.483
5858.72,0.48166
5859.62,0.48232
5860.52,0.48081
5861.42,0.48328
5862.32,0.48466
5863.23,0.4861
5864.12,0.48619
5865.03,0.48577
5865.93,0.48963
5866.83,0.48869
5867.73,0.48878
5868.63,0.48983
5869.53,0.49096
5870.43,0.49216
5871.33,0.49094
5872.23,0.49201
5873.13,0.49152
5874.03,0.4954
5874.93,0.49217
5875.83,0.49398
5876.73,0.49307
5877.63,0.49091
5878.53,0.49082
5879.43,0.49011
5880.33,0.49148
5881.23,0.4901
5882.13,0.48677
5883.03,0.48747
5883.93,0.48298
5884.83,0.48096
5885.73,0.47919
5886.63,0.47337
5887.53,0.47048
5888.43,0.46598
5889.33,0.46246
5890.23,0.45578
5891.13,0.45328
5892.03,0.45105
5892.93,0.44821
5893.83,0.44603
5894.73,0.44942
5895.63,0.44888
5896.53,0.44972
5897.43,0.45255
5898.33,0.45635
5899.23,0.45796
5900.13,0.46205
5901.04,0.46618
5901.94,0.47115
5902.83,0.47364
5903.74,0.4776
5904.64,0.48
5905.54,0.48109
5906.44,0.48136
5907.34,0.48277
5908.24,0.48438
5909.14,0.48367
5910.04,0.48394
5910.94,0.48205
5911.84,0.48166
5912.74,0.48238
5913.64,0.48158
5914.54,0.48211
5915.44,0.48102
5916.34,0.48132
5917.24,0.4801
5918.14,0.47971
5919.04,0.47958
5919.94,0.48015
5920.84,0.48082
5921.74,0.47901
5922.64,0.48068
5923.54,0.48231
5924.44,0.48349
5925.34,0.48349
5926.24,0.48282
5927.14,0.48225
5928.04,0.48295
5928.94,0.48176
5929.84,0.48424
5930.74,0.48207
5931.64,0.48559
5932.54,0.48045
5933.44,0.48246
5934.34,0.48192
5935.24,0.48333
5936.14,0.48227
5937.04,0.48356
5937.94,0.48472
5938.85,0.48314
5939.75,0.48276
5940.65,0.48267
5941.55,0.48186
5942.45,0.48316
5943.35,0.48093
5944.25,0.48208
5945.15,0.48204
5946.05,0.48398
5946.95,0.48175
5947.85,0.48228
5948.75,0.48154
5949.65,0.47966
5950.55,0.47989
5951.45,0.48062
5952.35,0.48134
5953.25,0.4802
5954.15,0.47937
5955.05,0.48029
5955.95,0.48018
5956.85,0.48176
5957.75,0.48077
5958.65,0.48158
5959.55,0.48117
5960.45,0.48392
5961.35,0.48394
5962.25,0.4833
5963.15,0.4853
5964.05,0.48695
5964.95,0.486
5965.85,0.48799
5966.75,0.48826
5967.65,0.48847
5968.55,0.48602
5969.45,0.48725
5970.35,0.48654
5971.25,0.48459
5972.15,0.4859
5973.05,0.48679
5973.95,0.48656
5974.85,0.48784
5975.75,0.48537
5976.65,0.4839
5977.56,0.48352
5978.46,0.48224
5979.36,0.48247
5980.26,0.48257
5981.16,0.48234
5982.06,0.48131
5982.96,0.48169
5983.86,0.48188
5984.76,0.48169
5985.66,0.47839
5986.56,0.48086
5987.46,0.48048
5988.36,0.47837
5989.26,0.48191
5990.16,0.48107
5991.06,0.48071
5991.96,0.48373
5992.86,0.48266
5993.76,0.48177
5994.66,0.48461
5995.56,0.48309
5996.46,0.48291
5997.36,0.48286
5998.26,0.48155
5999.16,0.48406
6000.06,0.4825
6000.96,0.48113
6001.86,0.48285
6002.76,0.48044
6003.66,0.48119
6004.56,0.4808
6005.46,0.47823
6006.36,0.47774
6007.26,0.4776
6008.16,0.47829
6009.06,0.47708
6009.96,0.47558
6010.86,0.47656
6011.76,0.47833
6012.67,0.47923
6013.56,0.47852
6014.47,0.478
6015.37,0.478
6016.27,0.47782
6017.17,0.47708
6018.07,0.47546
6018.97,0.476
6019.87,0.47699
6020.77,0.47638
6021.67,0.47493
6022.57,0.47482
6023.47,0.4748
6024.37,0.47555
6025.27,0.4765
6026.17,0.4747
6027.07,0.47866
6027.97,0.47711
6028.87,0.4784
6029.77,0.47864
6030.67,0.48319
6031.57,0.48034
6032.47,0.48358
6033.37,0.48224
6034.27,0.48533
6035.17,0.48477
6036.07,0.48487
6036.97,0.48491
6037.87,0.4855
6038.77,0.48378
6039.67,0.48463
6040.57,0.48602
6041.47,0.48356
6042.37,0.48461
6043.27,0.48416
6044.17,0.4869
6045.07,0.48548
6045.97,0.48442
6046.87,0.48595
6047.77,0.48642
6048.67,0.48516
6049.57,0.48537
6050.47,0.48495
6051.38,0.48425
6052.28,0.48524
6053.18,0.48653
6054.08,0.4845
6054.98,0.48387
6055.88,0.48254
6056.78,0.48419
6057.68,0.48151
6058.58,0.48285
6059.48,0.48243
6060.38,0.48182
6061.28,0.48076
6062.18,0.48041
6063.08,0.47983
6063.98,0.47964
6064.88,0.47802
6065.78,0.47779
6066.68,0.47829
6067.58,0.48012
6068.48,0.48054
6069.38,0.48168
6070.28,0.4837
6071.18,0.4832
6072.08,0.48228
6072.98,0.48502
6073.88,0.48547
6074.78,0.48298
6075.68,0.48438
6076.58,0.48518
6077.48,0.48239
6078.38,0.48222
6079.28,0.4806
6080.18,0.48005
6081.08,0.47922
6081.98,0.47763
6082.88,0.47818
6083.78,0.47783
6084.68,0.47804
6085.58,0.47861
6086.48,0.4763
6087.38,0.47781
6088.28,0.47671
6089.19,0.47682
6090.09,0.47412
6090.99,0.47744
6091.89,0.47667
6092.79,0.47778
6093.69,0.47763
6094.59,0.47754
6095.49,0.47786
6096.39,0.47843
6097.29,0.47754
6098.19,0.47817
6099.09,0.47705
6099.99,0.47558
6100.89,0.47492
6101.79,0.47393
6102.69,0.47156
6103.59,0.47155
6104.49,0.47077
6105.39,0.47089
6106.29,0.47231
6107.19,0.4717
6108.09,0.47236
6108.99,0.47286
6109.89,0.47434
6110.79,0.47515
6111.69,0.47663
6112.59,0.47592
6113.49,0.4788
6114.39,0.47721
6115.29,0.47695
6116.19,0.47649
6117.09,0.47876
6117.99,0.47756
6118.89,0.4742
6119.79,0.47401
6120.69,0.47352
6121.59,0.47382
6122.49,0.47034
6123.39,0.47039
6124.29,0.47043
6125.19,0.46975
6126.1,0.47056
6127.0,0.47173
6127.9,0.47094
6128.8,0.47304
6129.7,0.47258
6130.6,0.47438
6131.5,0.47206
6132.4,0.47362
6133.3,0.47114
6134.2,0.47084
6135.1,0.46708
6136.0,0.46609
6136.9,0.46431
6137.8,0.46203
6138.7,0.46014
6139.6,0.46037
6140.5,0.46207
6141.4,0.46242
6142.3,0.46245
6143.2,0.46554
6144.1,0.46655
6145.0,0.4689
6145.9,0.46942
6146.8,0.47091
6147.7,0.47101
6148.6,0.47214
6149.5,0.47016
6150.4,0.47315
6151.3,0.47315
6152.2,0.47317
6153.1,0.47437
6154.0,0.47226
6154.9,0.47381
6155.8,0.4737
6156.7,0.47158
6157.6,0.47189
6158.5,0.46766
6159.4,0.46661
6160.3,0.46364
6161.2,0.46089
6162.1,0.4594
6163.01,0.4569
6163.91,0.45523
6164.81,0.45467
6165.71,0.45256
6166.61,0.45374
6167.51,0.45375
6168.41,0.45488
6169.31,0.45496
6170.21,0.45397
6171.11,0.45747
6172.01,0.45473
6172.91,0.45866
6173.81,0.45918
6174.71,0.46146
6175.61,0.46213
6176.51,0.46307
6177.41,0.46517
6178.31,0.46621
6179.21,0.46762
6180.11,0.46872
6181.01,0.46849
6181.91,0.46775
6182.81,0.46945
6183.71,0.46969
6184.61,0.46803
6185.51,0.4694
6186.41,0.46726
6187.31,0.46834
6188.21,0.46635
6189.11,0.46216
6190.01,0.46187
6190.91,0.46244
6191.81,0.46183
6192.71,0.46059
6193.61,0.46179
6194.51,0.46124
6195.41,0.45916
6196.31,0.46145
6197.21,0.46244
6198.11,0.464
6199.01,0.46625
6199.92,0.46773
6200.82,0.46596
6201.72,0.46869
6202.62,0.46694
6203.52,0.46847
6204.42,0.46904
6205.32,0.46855
6206.22,0.46829
6207.12,0.46936
6208.02,0.4696
6208.92,0.46981
6209.82,0.46546
6210.72,0.46658
6211.62,0.46538
6212.52,0.46355
6213.42,0.46206
6214.32,0.46025
6215.22,0.45993
6216.12,0.45851
6217.02,0.45865
6217.92,0.45887
6218.82,0.45753
6219.72,0.45767
6220.62,0.45823
6221.52,0.45825
6222.42,0.45885
6223.32,0.45782
6224.22,0.45862
6225.12,0.45968
6226.02,0.45878
6226.92,0.46003
6227.82,0.4572
6228.72,0.45601
6229.62,0.45655
6230.52,0.45647
6231.42,0.45659
6232.32,0.45475
6233.22,0.45418
6234.12,0.45375
6235.02,0.45702
6235.92,0.45667
6236.83,0.45815
6237.73,0.4573
6238.63,0.45828
6239.53,0.45829
6240.43,0.45682
6241.33,0.4562
6242.23,0.45692
6243.13,0.45663
6244.03,0.45275
6244.93,0.45471
6245.83,0.45326
6246.73,0.45364
6247.63,0.45288
6248.53,0.45403
6249.43,0.4546
6250.33,0.45345
6251.23,0.4536
6252.13,0.45244
6253.03,0.45304
6253.93,0.44977
6254.83,0.45065
6255.73,0.44874
6256.63,0.4482
6257.53,0.44502
6258.43,0.44628
6259.33,0.44712
6260.23,0.45046
6261.13,0.45013
6262.03,0.45049
6262.93,0.4525
6263.83,0.45287
6264.73,0.45385
6265.63,0.45513
6266.53,0.45557
6267.43,0.45646
6268.33,0.45797
6269.23,0.45839
6270.13,0.45914
6271.03,0.46049
6271.93,0.46012
6272.83,0.46035
6273.73,0.4593
6274.64,0.46038
6275.54,0.46097
6276.44,0.46078
6277.34,0.4618
6278.24,0.46067
6279.14,0.45989
6280.04,0.45936
6280.94,0.45872
6281.84,0.45893
6282.74,0.45958
6283.64,0.4602
6284.54,0.45965
6285.44,0.459
6286.34,0.46149
6287.24,0.46123
6288.14,0.46336
6289.04,0.46335
6289.94,0.46629
6290.84,0.46183
6291.74,0.46191
6292.64,0.46308
6293.54,0.46372
6294.44,0.46046
6295.34,0.46011
6296.24,0.45782
6297.14,0.45721
6298.04,0.45681
6298.94,0.45493
6299.84,0.45425
6300.74,0.45347
6301.64,0.45399
6302.54,0.45503
6303.44,0.45548
6304.34,0.45527
6305.24,0.45614
6306.14,0.45755
6307.04,0.45919
6307.94,0.45672
6308.84,0.46095
6309.74,0.46056
6310.64,0.45854
6311.54,0.45886
6312.45,0.45864
6313.35,0.4591
6314.25,0.45796
6315.15,0.45627
6316.05,0.45507
6316.95,0.45561
6317.85,0.45311
6318.75,0.45435
6319.65,0.45557
6320.55,0.45399
6321.45,0.45463
6322.35,0.45563
6323.25,0.45825
6324.15,0.4561
6325.05,0.4573
6325.95,0.46014
6326.85,0.45928
6327.75,0.4617
6328.65,0.46138
6329.55,0.46078
6330.45,0.46133
6331.35,0.46086
6332.25,0.46086
6333.15,0.45949
6334.05,0.45831
6334.95,0.45863
6335.85,0.45604
6336.75,0.45728
6337.65,0.45545
6338.55,0.45584
6339.45,0.45734
6340.35,0.45679
6341.25,0.45702
6342.15,0.45782
6343.05,0.45726
6343.95,0.45534
6344.85,0.4573
6345.75,0.45744
6346.65,0.45692
6347.55,0.45945
6348.46,0.4608
6349.35,0.46042
6350.26,0.45936
6351.16,0.45805
6352.06,0.45892
6352.96,0.45745
6353.86,0.45837
6354.76,0.45694
6355.66,0.45594
6356.56,0.45478
6357.46,0.45667
6358.36,0.45425
6359.26,0.45165
6360.16,0.45096
6361.06,0.45148
6361.96,0.45106
6362.86,0.44983
6363.76,0.45083
6364.66,0.45217
6365.56,0.45068
6366.46,0.45355
6367.36,0.45408
6368.26,0.45414
6369.16,0.45643
6370.06,0.45593
6370.96,0.45908
6371.86,0.45742
6372.76,0.45613
6373.66,0.45842
6374.56,0.45816
6375.46,0.45782
6376.36,0.45844
6377.26,0.4597
6378.16,0.4596
6379.06,0.45575
6379.96,0.4587
6380.86,0.45832
6381.76,0.45736
6382.66,0.45792
6383.56,0.45844
6384.46,0.45847
6385.36,0.45595
6386.27,0.45738
6387.17,0.4575
6388.07,0.45704
6388.97,0.45539
6389.87,0.45867
6390.77,0.4552
6391.67,0.45511
6392.57,0.4537
6393.47,0.45401
6394.37,0.45369
6395.27,0.45292
6396.17,0.45197
6397.07,0.45128
6397.97,0.45043
6398.87,0.45079
6399.77,0.45195
6400.67,0.45217
6401.57,0.45108
6402.47,0.45121
6403.37,0.45221
6404.27,0.45372
6405.17,0.45243
6406.07,0.45534
6406.97,0.45658
6407.87,0.45623
6408.77,0.45482
6409.67,0.45541
6410.57,0.45449
6411.47,0.45317
6412.37,0.4525
6413.27,0.45288
6414.17,0.45289
6415.07,0.45348
6415.97,0.45449
6416.87,0.45444
6417.77,0.45349
6418.67,0.45441
6419.57,0.45419
6420.47,0.45227
6421.37,0.45381
6422.27,0.45408
6423.17,0.45219
6424.08,0.45534
6424.98,0.45461
6425.88,0.45533
6426.78,0.45598
6427.68,0.45512
6428.58,0.45449
6429.48,0.45511
6430.38,0.45701
6431.28,0.45336
6432.18,0.45429
6433.08,0.45409
6433.98,0.45323
6434.88,0.45524
6435.78,0.45384
6436.68,0.45407
6437.58,0.45229
6438.48,0.45249
6439.38,0.45257
6440.28,0.45226
6441.18,0.45475
6442.08,0.45498
6442.98,0.45528
6443.88,0.45711
6444.78,0.45668
6445.68,0.45583
6446.58,0.45669
6447.48,0.4553
6448.38,0.45342
6449.28,0.45384
6450.18,0.45366
6451.08,0.45256
6451.98,0.45184
6452.88,0.44797
6453.78,0.4504
6454.68,0.45075
6455.58,0.45175
6456.48,0.44907
6457.38,0.44923
6458.28,0.4513
6459.18,0.45129
6460.08,0.44832
6460.98,0.44972
6461.89,0.44547
6462.79,0.446
6463.69,0.44607
6464.59,0.44413
6465.49,0.44731
6466.39,0.44911
6467.29,0.44782
6468.19,0.44905
6469.09,0.44938
6469.99,0.45161
6470.89,0.44788
6471.79,0.45068
6472.69,0.45023
6473.59,0.45087
6474.49,0.44999
6475.39,0.44801
6476.29,0.4472
6477.19,0.44748
6478.09,0.44732
6478.99,0.44839
6479.89,0.44948
6480.79,0.4475
6481.69,0.44668
6482.59,0.44578
6483.49,0.44633
6484.39,0.44641
6485.29,0.44464
6486.19,0.44494
6487.09,0.44576
6487.99,0.44558
6488.89,0.44481
6489.79,0.44425
6490.69,0.44082
6491.59,0.44003
6492.49,0.43613
6493.39,0.43457
6494.29,0.43224
6495.19,0.42866
6496.09,0.42716
6496.99,0.42485
6497.9,0.42435
6498.79,0.42538
6499.7,0.42758
6500.6,0.42879
6501.5,0.43239
6502.4,0.43508
6503.3,0.43539
6504.2,0.4402
6505.1,0.44143
6506.0,0.44442
6506.9,0.44263
6507.8,0.44384
6508.7,0.44605
6509.6,0.44472
6510.5,0.4458
6511.4,0.44459
6512.3,0.44579
6513.2,0.44427
6514.1,0.44251
6515.0,0.44395
6515.9,0.44195
6516.8,0.44031
6517.7,0.443
6518.6,0.43992
6519.5,0.44064
6520.4,0.43988
6521.3,0.44101
6522.2,0.44169
6523.1,0.44212
6524.0,0.44141
6524.9,0.44126
6525.8,0.44146
6526.7,0.44268
6527.6,0.44218
6528.5,0.44186
6529.4,0.4417
6530.3,0.44242
6531.2,0.4418
6532.1,0.44175
6533.0,0.4402
6533.9,0.44113
6534.8,0.44242
6535.71,0.44249
6536.61,0.44186
6537.51,0.44116
6538.41,0.44046
6539.31,0.43982
6540.21,0.44129
6541.11,0.43914
6542.01,0.43887
6542.91,0.43752
6543.81,0.43488
6544.71,0.43331
6545.61,0.4309
6546.51,0.43172
6547.41,0.43026
6548.31,0.42988
6549.21,0.42899
6550.11,0.42631
6551.01,0.42473
6551.91,0.42548
6552.81,0.4237
6553.71,0.42041
6554.61,0.4175
6555.51,0.41252
6556.41,0.40861
6557.31,0.4035
6558.21,0.39688
6559.11,0.39019
6560.01,0.3816
6560.91,0.37464
6561.81,0.36728
6562.71,0.36117
6563.61,0.35594
6564.51,0.35574
6565.41,0.35657
6566.31,0.36126
6567.21,0.36448
6568.11,0.37255
6569.01,0.38037
6569.91,0.38697
6570.81,0.39512
6571.71,0.40016
6572.61,0.40568
6573.52,0.41176
6574.42,0.413
6575.32,0.41759
6576.22,0.41942
6577.12,0.42164
6578.02,0.42292
6578.92,0.4259
6579.82,0.42804
6580.72,0.42739
6581.62,0.42926
6582.52,0.43013
6583.42,0.43246
6584.32,0.43014
6585.22,0.43294
6586.12,0.43477
6587.02,0.43377
6587.92,0.43483
6588.82,0.43374
6589.72,0.43307
6590.62,0.43337
6591.52,0.43252
6592.42,0.43185
6593.32,0.43054
6594.22,0.42998
6595.12,0.4275
6596.02,0.43136
6596.92,0.43091
6597.82,0.4314
6598.72,0.43167
6599.62,0.43252
6600.52,0.43695
6601.42,0.43432
6602.32,0.43655
6603.22,0.43644
6604.12,0.43562
6605.02,0.43618
6605.92,0.43644
6606.82,0.43567
6607.72,0.43488
6608.62,0.43588
6609.52,0.43683
6610.43,0.43614
6611.33,0.43413
6612.23,0.43528
6613.13,0.43433
6614.03,0.43836
6614.93,0.43632
6615.83,0.43697
6616.73,0.43852
6617.63,0.43923
6618.53,0.43804
6619.43,0.4399
6620.33,0.44054
6621.23,0.43952
6622.13,0.43998
6623.03,0.43896
6623.93,0.43905
6624.83,0.43732
6625.73,0.43941
6626.63,0.43763
6627.53,0.43884
6628.43,0.43811
6629.33,0.43839
6630.23,0.43717
6631.13,0.43673
6632.03,0.43683
6632.93,0.43655
6633.83,0.43744
6634.73,0.4353
6635.63,0.43589
6636.53,0.43702
6637.43,0.43547
6638.33,0.43582
6639.23,0.43659
6640.13,0.4358
6641.03,0.43611
6641.93,0.43562
6642.83,0.43525
6643.73,0.43584
6644.63,0.43528
6645.53,0.43465
6646.43,0.4357
6647.34,0.43353
6648.24,0.43437
6649.14,0.43547
6650.04,0.43838
6650.94,0.43744
6651.84,0.43795
6652.74,0.43866
6653.64,0.43741
6654.54,0.43715
6655.44,0.43677
6656.34,0.4379
6657.24,0.43716
6658.14,0.43876
6659.04,0.43733
6659.94,0.43639
6660.84,0.43644
6661.74,0.43423
6662.64,0.43534
6663.54,0.43259
6664.44,0.43411
6665.34,0.43099
6666.24,0.43217
6667.14,0.43324
6668.04,0.43261
6668.94,0.43393
6669.84,0.43603
6670.74,0.43476
6671.64,0.43517
6672.54,0.43499
6673.44,0.43404
6674.34,0.43446
6675.24,0.43383
6676.14,0.43328
6677.04,0.43308
6677.94,0.43017
6678.84,0.43082
6679.74,0.43173
6680.64,0.43086
6681.54,0.42968
6682.44,0.43045
6683.34,0.43144
6684.24,0.43249
6685.15,0.43292
6686.05,0.43366
6686.95,0.43253
6687.85,0.43362
6688.75,0.43357
6689.65,0.43393
6690.55,0.43376
6691.45,0.43153
6692.35,0.43533
6693.25,0.43559
6694.15,0.43397
6695.05,0.43388
6695.95,0.43353
6696.85,0.43304
6697.75,0.43329
6698.65,0.43298
6699.55,0.43366
6700.45,0.43312
6701.35,0.43267
6702.25,0.4325
6703.15,0.4343
6704.05,0.43326
6704.95,0.43175
6705.85,0.43253
6706.75,0.43107
6707.65,0.43078
6708.55,0.4318
6709.45,0.43036
6710.35,0.4295
6711.25,0.43022
6712.15,0.42968
6713.05,0.42829
6713.95,0.42898
6714.85,0.42772
6715.75,0.42684
6716.65,0.42574
6717.55,0.42666
6718.45,0.42711
6719.35,0.42473
6720.25,0.42673
6721.16,0.4257
6722.06,0.42436
6722.96,0.42728
6723.86,0.42705
6724.76,0.42787
6725.66,0.42858
6726.56,0.42893
6727.46,0.42867
6728.36,0.42991
6729.26,0.42967
6730.16,0.43138
6731.06,0.42966
6731.96,0.43107
6732.86,0.43154
6733.76,0.43045
6734.66,0.4318
6735.56,0.42899
6736.46,0.42897
6737.36,0.43196
6738.26,0.42969
6739.16,0.43048
6740.06,0.42888
6740.96,0.42954
6741.86,0.42674
6742.76,0.42728
6743.66,0.42896
6744.56,0.42611
6745.46,0.42618
6746.36,0.4291
6747.26,0.42631
6748.16,0.42639
6749.06,0.42645
6749.96,0.42571
6750.86,0.42555
6751.76,0.42448
6752.66,0.4254
6753.56,0.42579
6754.46,0.42496
6755.36,0.4272
6756.26,0.42744
6757.16,0.42757
6758.06,0.42723
6758.97,0.43053
6759.87,0.42944
6760.77,0.42948
6761.67,0.42991
6762.57,0.43135
6763.47,0.42804
6764.37,0.43071
6765.27,0.42851
6766.17,0.42708
6767.07,0.42624
6767.97,0.42621
6768.87,0.42596
6769.77,0.42559
6770.67,0.42528
6771.57,0.42607
6772.47,0.42479
6773.37,0.42636
6774.27,0.42614
6775.17,0.42679
6776.07,0.42863
6776.97,0.42761
6777.87,0.42806
6778.77,0.42933
6779.67,0.42878
6780.57,0.42734
6781.47,0.42914
6782.37,0.42711
6783.27,0.42556
6784.17,0.42837
6785.07,0.42699
6785.97,0.42751
6786.87,0.42534
6787.77,0.4235
6788.67,0.42565
6789.57,0.4247
6790.47,0.42483
6791.37,0.4271
6792.27,0.42491
6793.17,0.42517
6794.07,0.42687
6794.97,0.42431
6795.88,0.4269
6796.78,0.42616
6797.68,0.42697
6798.58,0.42624
6799.48,0.42625
6800.38,0.42624
6801.28,0.42824
6802.18,0.42594
6803.08,0.42508
6803.98,0.42782
6804.88,0.4258
6805.78,0.42598
6806.68,0.42624
6807.58,0.42625
6808.48,0.42454
6809.38,0.4243
6810.28,0.42285
6811.18,0.42413
6812.08,0.42479
6812.98,0.42421
6813.88,0.4237
6814.78,0.42458
6815.68,0.42302
6816.58,0.42505
6817.48,0.42503
6818.38,0.42504
6819.28,0.42421
6820.18,0.42512
6821.08,0.42639
6821.98,0.42524
6822.88,0.42452
6823.78,0.4239
6824.68,0.42607
6825.58,0.4266
6826.48,0.42777
6827.38,0.42577
6828.28,0.42581
6829.18,0.42593
6830.08,0.42477
6830.98,0.42566
6831.88,0.42485
6832.79,0.4257
6833.69,0.42504
6834.59,0.425
6835.49,0.42462
6836.39,0.4228
6837.29,0.42427
6838.19,0.42339
6839.09,0.42286
6839.99,0.42334
6840.89,0.42192
6841.79,0.42207
6842.69,0.41941
6843.59,0.42121
6844.49,0.42137
6845.39,0.41916
6846.29,0.41964
6847.19,0.4213
6848.09,0.42241
6848.99,0.42162
6849.89,0.42156
6850.79,0.4211
6851.69,0.42179
6852.59,0.42036
6853.49,0.42241
6854.39,0.42159
6855.29,0.42047
6856.19,0.42031
6857.09,0.42039
6857.99,0.42025
6858.89,0.41992
6859.79,0.42033
6860.69,0.41972
6861.59,0.42014
6862.49,0.42037
6863.39,0.42005
6864.29,0.4218
6865.19,0.41874
6866.09,0.42254
6866.99,0.42128
6867.89,0.42019
6868.79,0.42235
6869.7,0.42123
6870.6,0.42138
6871.5,0.42043
6872.4,0.41991
6873.3,0.42106
6874.2,0.41964
6875.1,0.42042
6876.0,0.4215
6876.9,0.42127
6877.8,0.42099
6878.7,0.42162
6879.6,0.42099
6880.5,0.42169
6881.4,0.4218
6882.3,0.42294
6883.2,0.42118
6884.1,0.42126
6885.0,0.42167
6885.9,0.4207
6886.8,0.42279
6887.7,0.4213
6888.6,0.42212
6889.5,0.42145
6890.4,0.42237
6891.3,0.42025
6892.2,0.42256
6893.1,0.42328
6894.0,0.42215
6894.9,0.42193
6895.8,0.42215
6896.7,0.42109
6897.6,0.42138
6898.5,0.42134
6899.4,0.42349
6900.3,0.42238
6901.2,0.42075
6902.1,0.4232
6903.0,0.42314
6903.9,0.42395
6904.8,0.4226
6905.7,0.42257
6906.6,0.42281
6907.51,0.42415
6908.41,0.42411
6909.31,0.42279
6910.21,0.42199
6911.11,0.42337
6912.01,0.42143
6912.91,0.42131
6913.81,0.42021
6914.71,0.41868
6915.61,0.4204
6916.51,0.41803
6917.41,0.41832
6918.31,0.41823
6919.21,0.41962
6920.11,0.41932
6921.01,0.41835
6921.91,0.41919
6922.81,0.42044
6923.71,0.419
6924.61,0.42166
6925.51,0.42116
6926.41,0.42179
6927.31,0.41895
6928.21,0.42064
6929.11,0.42173
6930.01,0.42092
6930.91,0.41996
6931.81,0.42094
6932.71,0.42161
6933.61,0.42141
6934.51,0.42022
6935.41,0.42099
6936.31,0.42001
6937.21,0.42076
6938.11,0.42058
6939.01,0.42037
6939.91,0.42258
6940.81,0.42258
6941.71,0.41894
6942.61,0.41997
6943.52,0.41942
6944.42,0.41848
6945.31,0.41866
6946.22,0.41825
6947.12,0.41961
6948.02,0.41908
6948.92,0.41921
6949.82,0.41853
6950.72,0.41851
6951.62,0.41794
6952.52,0.41819
6953.42,0.41911
6954.32,0.4176
6955.22,0.41923
6956.12,0.41842
6957.02,0.42
6957.92,0.41965
6958.82,0.41871
6959.72,0.42087
6960.62,0.42056
6961.52,0.42144
6962.42,0.42107
6963.32,0.4221
6964.22,0.42255
6965.12,0.42134
6966.02,0.42093
6966.92,0.42089
6967.82,0.41917
6968.72,0.42214
6969.62,0.42258
6970.52,0.42015
6971.42,0.41947
6972.32,0.41848
6973.22,0.41839
6974.12,0.41935
6975.02,0.41662
6975.92,0.41693
6976.82,0.41498
6977.72,0.41528
6978.62,0.41596
6979.52,0.41515
6980.42,0.41334
6981.33,0.41173
6982.23,0.41389
6983.12,0.41322
6984.03,0.41684
6984.93,0.41597
6985.83,0.41618
6986.73,0.41807
6987.63,0.41743
6988.53,0.41706
6989.43,0.41895
6990.33,0.41863
6991.23,0.41929
6992.13,0.41854
6993.03,0.4174
6993.93,0.41941
6994.83,0.41654
6995.73,0.41767
6996.63,0.41827
6997.53,0.41859
6998.43,0.41816
6999.33,0.41821
7000.23,0.41809
7001.13,0.41666
7002.03,0.41578
7002.93,0.41614
7003.83,0.41655
7004.73,0.4158
7005.63,0.41626
7006.53,0.41646
7007.43,0.41551
7008.33,0.41649
7009.23,0.41569
7010.13,0.41627
7011.03,0.41609
7011.93,0.41563
7012.83,0.41342
7013.73,0.41383
7014.63,0.41429
7015.53,0.41405
7016.43,0.41336
7017.33,0.41381
7018.23,0.41274
7019.14,0.41305
7020.04,0.41434
7020.94,0.41427
7021.84,0.41404
7022.74,0.41342
7023.64,0.41473
7024.54,0.41397
7025.44,0.41551
7026.34,0.4157
7027.24,0.41532
7028.14,0.41418
7029.04,0.41466
7029.94,0.41575
7030.84,0.41495
7031.74,0.41535
7032.64,0.41466
7033.54,0.41542
7034.44,0.41363
7035.34,0.41544
7036.24,0.415
7037.14,0.41635
7038.04,0.4168
7038.94,0.41582
7039.84,0.41591
7040.74,0.41607
7041.64,0.41831
7042.54,0.41805
7043.44,0.41837
7044.34,0.42004
7045.24,0.42006
7046.14,0.4194
7047.04,0.41955
7047.94,0.41931
7048.84,0.41809
7049.74,0.41782
7050.64,0.41841
7051.54,0.41886
7052.44,0.41693
7053.34,0.41698
7054.25,0.41509
7055.15,0.41598
7056.04,0.41503
7056.95,0.41404
7057.85,0.41455
7058.75,0.41328
7059.65,0.41294
7060.55,0.41514
7061.45,0.41391
7062.35,0.41315
7063.25,0.41242
7064.15,0.41361
7065.05,0.41287
7065.95,0.41238
7066.85,0.41308
7067.75,0.41292
7068.65,0.41239
7069.55,0.41351
7070.45,0.41306
7071.35,0.41045
7072.25,0.4138
7073.15,0.4136
7074.05,0.41524
7074.95,0.41504
7075.85,0.4152
7076.75,0.41364
7077.65,0.41543
7078.55,0.41555
7079.45,0.41479
7080.35,0.41529
7081.25,0.41456
7082.15,0.41357
7083.05,0.41191
7083.95,0.41047
7084.85,0.40874
7085.75,0.40816
7086.65,0.40623
7087.55,0.40721
7088.45,0.40591
7089.35,0.40542
7090.25,0.40479
7091.15,0.40227
7092.06,0.40358
7092.96,0.40197
7093.85,0.40339
7094.76,0.40192
7095.66,0.40257
7096.56,0.40406
7097.46,0.40338
7098.36,0.40479
7099.26,0.40532
7100.16,0.40499
7101.06,0.40548
7101.96,0.4073
7102.86,0.40686
7103.76,0.4073
7104.66,0.40865
7105.56,0.40928
7106.46,0.40951
7107.36,0.40982
7108.26,0.40694
7109.16,0.40902
7110.06,0.41057
7110.96,0.40944
7111.86,0.40899
7112.76,0.40824
7113.66,0.40979
7114.56,0.4086
7115.46,0.40825
7116.36,0.40811
7117.26,0.40884
7118.16,0.40865
7119.06,0.40946
7119.96,0.40746
7120.86,0.40825
7121.76,0.40813
7122.66,0.40766
7123.56,0.40859
7124.46,0.40578
7125.36,0.40596
7126.26,0.40736
7127.16,0.40618
7127.27,0.40691
7128.17,0.40404
7129.07,0.4037
7129.96,0.40453
7130.86,0.4025
7131.75,0.40304
7132.65,0.40464
7133.55,0.40473
7134.44,0.40587
7135.34,0.40526
7136.23,0.40343
7137.13,0.4048
7138.03,0.40364
7138.92,0.40412
7139.82,0.40411
7140.71,0.4045
7141.61,0.40547
7142.5,0.40568
7143.4,0.40525
7144.3,0.40303
7145.19,0.40399
7146.09,0.40235
7146.98,0.40206
7147.88,0.40153
7148.78,0.40124
7149.67,0.40161
7150.57,0.40102
7151.46,0.40235
7152.36,0.40143
7153.26,0.40237
7154.15,0.40289
7155.05,0.405
7155.94,0.40608
7156.84,0.40492
7157.74,0.40568
7158.63,0.40566
7159.53,0.40632
7160.42,0.40775
7161.32,0.40794
7162.21,0.40826
7163.11,0.40797
7164.01,0.40771
7164.9,0.40834
7165.8,0.40841
7166.69,0.40934
7167.59,0.40924
7168.49,0.411
7169.38,0.41148
7170.28,0.41377
7171.17,0.41351
7172.07,0.41385
7172.96,0.41484
7173.86,0.41421
7174.76,0.4148
7175.65,0.41384
7176.55,0.41422
7177.44,0.41393
7178.34,0.41359
7179.24,0.41245
7180.13,0.41309
7181.03,0.41183
7181.92,0.41203
7182.82,0.41081
7183.72,0.40847
7184.61,0.40867
7185.51,0.40986
7186.4,0.41089
7187.3,0.40933
7188.19,0.40804
7189.09,0.40969
7189.99,0.4079
7190.88,0.40888
7191.78,0.40932
7192.67,0.40846
7193.57,0.40865
7194.47,0.40884
7195.36,0.41069
7196.26,0.40921
7197.15,0.41086
7198.05,0.40803
7198.95,0.41056
7199.84,0.40952
7200.74,0.40834
7201.63,0.40696
7202.53,0.40718
7203.43,0.4079
7204.32,0.40717
7205.22,0.40821
7206.11,0.40759
7207.01,0.40589
7207.9,0.40762
7208.8,0.40807
7209.7,0.40852
7210.59,0.4082
7211.49,0.41058
7212.38,0.40736
7213.28,0.40825
7214.18,0.41052
7215.07,0.41029
7215.97,0.41067
7216.86,0.41093
7217.76,0.41042
7218.66,0.41274
7219.55,0.41416
7220.45,0.41302
7221.34,0.41187
7222.24,0.41244
7223.13,0.41218
7224.03,0.41148
7224.93,0.41464
7225.82,0.41203
7226.72,0.41538
7227.61,0.41494
7228.51,0.41489
7229.41,0.41518
7230.3,0.41303
7231.2,0.41516
7232.09,0.41486
7232.99,0.41597
7233.89,0.41522
7234.78,0.41475
7235.68,0.41493
7236.57,0.41515
7237.47,0.41453
7238.36,0.4147
7239.26,0.4139
7240.16,0.41238
7241.05,0.41172
7241.95,0.41409
7242.84,0.41256
7243.74,0.41293
7244.64,0.41188
7245.53,0.41234
7246.43,0.4112
7247.32,0.41322
7248.22,0.41254
7249.12,0.41091
7250.01,0.41104
7250.91,0.4123
7251.8,0.41231
7252.7,0.41202
7253.6,0.41235
7254.49,0.41149
7255.39,0.41253
7256.28,0.41336
7257.18,0.41176
7258.07,0.4133
7258.97,0.41285
7259.87,0.41206
7260.76,0.41259
7261.66,0.41157
7262.55,0.41228
7263.45,0.41297
7264.35,0.41069
7265.24,0.41279
7266.14,0.41236
7267.03,0.41395
7267.93,0.41316
7268.83,0.41193
7269.72,0.41324
7270.62,0.41286
7271.51,0.41333
7272.41,0.412
7273.3,0.41463
7274.2,0.4137
7275.1,0.41219
7275.99,0.41227
7276.89,0.41211
7277.78,0.41282
7278.68,0.41129
7279.58,0.4122
7280.47,0.41071
7281.37,0.41024
7282.26,0.40945
7283.16,0.40963
7284.06,0.40986
7284.95,0.40942
7285.85,0.40744
7286.74,0.40801
7287.64,0.40614
7288.53,0.40741
7289.43,0.4036
7290.33,0.40516
7291.22,0.40487
7292.12,0.40571
7293.01,0.40559
7293.91,0.40726
7294.81,0.40744
7295.7,0.40502
7296.6,0.40638
7297.49,0.40669
7298.39,0.40856
7299.29,0.40837
7300.18,0.40927
7301.08,0.4099
7301.97,0.40993
7302.87,0.40866
7303.76,0.40866
7304.66,0.41038
7305.56,0.4088
7306.45,0.41079
7307.35,0.40955
7308.24,0.40852
7309.14,0.40769
7310.04,0.40786
7310.93,0.40887
7311.83,0.40834
7312.72,0.4085
7313.62,0.40705
7314.52,0.40819
7315.41,0.40851
7316.31,0.40894
7317.2,0.41039
7318.1,0.40702
7318.99,0.40878
7319.89,0.40808
7320.79,0.40615
7321.68,0.40782
7322.58,0.40769
7323.47,0.40513
7324.37,0.40502
7325.27,0.40672
7326.16,0.40504
7327.06,0.40589
7327.95,0.40751
7328.85,0.40559
7329.75,0.4041
7330.64,0.40751
7331.54,0.40503
7332.43,0.40724
7333.33,0.40639
7334.22,0.40662
7335.12,0.4059
7336.02,0.40791
7336.91,0.40975
7337.81,0.40708
7338.7,0.40898
7339.6,0.40843
7340.5,0.40903
7341.39,0.40925
7342.29,0.40883
7343.18,0.40648
7344.08,0.40767
7344.98,0.40698
7345.87,0.40646
7346.77,0.40593
7347.66,0.40609
7348.56,0.40571
7349.45,0.40667
7350.35,0.40383
7351.25,0.4054
7352.14,0.40337
7353.04,0.40359
7353.93,0.40327
7354.83,0.40226
7355.73,0.40114
7356.62,0.40088
7357.52,0.40181
7358.41,0.40058
7359.31,0.40242
7360.21,0.40176
7361.1,0.40205
7362.0,0.40169
7362.89,0.40124
7363.79,0.40115
7364.69,0.40217
7365.58,0.40145
7366.48,0.40201
7367.37,0.40391
7368.27,0.40329
7369.16,0.4029
7370.06,0.4035
7370.96,0.40314
7371.85,0.40324
7372.75,0.40439
7373.64,0.4029
7374.54,0.40301
7375.44,0.4038
7376.33,0.40445
7377.23,0.40369
7378.12,0.40362
7379.02,0.40127
7379.92,0.40054
7380.81,0.40209
7381.71,0.39956
7382.6,0.40112
7383.5,0.39944
7384.39,0.39959
7385.29,0.39849
7386.19,0.39735
7387.08,0.39761
7387.98,0.3976
7388.87,0.39652
7389.77,0.39645
7390.67,0.39551
7391.56,0.39523
7392.46,0.3964
7393.35,0.39569
7394.25,0.39716
7395.15,0.39777
7396.04,0.39729
7396.94,0.39722
7397.83,0.39674
7398.73,0.39926
7399.62,0.39711
7400.52,0.39786
7401.42,0.399
7402.31,0.39706
7403.21,0.39624
7404.1,0.39677
7405.0,0.39641
7405.9,0.39539
7406.79,0.395
7407.69,0.39402
7408.58,0.39046
7409.48,0.39154
7410.38,0.38924
7411.27,0.38932
7412.17,0.3861
7413.06,0.38425
7413.96,0.38374
7414.85,0.3828
7415.75,0.38397
7416.65,0.38465
7417.54,0.3826
7418.44,0.38344
7419.33,0.38439
7420.23,0.38632
7421.13,0.38505
7422.02,0.38669
7422.92,0.387
7423.81,0.38752
7424.71,0.38949
7425.6,0.39012
7426.5,0.39066
7427.4,0.39172
7428.29,0.39705
7429.19,0.39496
7431.68,0.3983
7434.18,0.39957
7436.67,0.3987
7439.17,0.40005
7441.66,0.39737
7444.16,0.39634
7446.66,0.39755
7449.15,0.39656
7451.65,0.39738
7454.14,0.39705
7456.64,0.39819
7459.13,0.39848
7461.63,0.39871
7464.12,0.39646
7466.62,0.39611
7469.11,0.39745
7471.61,0.40031
7474.1,0.3976
7476.6,0.39864
7479.09,0.39649
7481.59,0.3978
7484.08,0.39655
7486.58,0.39679
7489.07,0.3949
7491.57,0.39499
7494.06,0.39422
7496.56,0.39448
7499.05,0.39428
7501.55,0.39468
7504.04,0.39615
7506.54,0.39601
7509.03,0.39529
7511.53,0.39435
7514.02,0.3946
7516.52,0.39517
7519.01,0.39612
7521.51,0.39476
7524.0,0.3947
7526.5,0.39351
7528.99,0.39405
7531.49,0.39434
7533.99,0.39456
7536.48,0.39557
7538.98,0.39483
7541.47,0.39594
7543.97,0.39527
7546.46,0.39533
7548.96,0.39502
7551.45,0.39511
7553.95,0.39376
7556.44,0.39351
7558.94,0.39231
7561.43,0.3921
7563.93,0.39333
7566.42,0.3936
7568.92,0.39328
7571.41,0.39247
7573.91,0.3924
7576.4,0.39145
7578.9,0.39262
7581.39,0.39145
7583.89,0.39055
7586.38,0.38857
7588.88,0.38956
7591.37,0.39076
7593.87,0.39132
7596.36,0.39102
7598.86,0.39164
7601.35,0.3908
7603.85,0.39105
7606.34,0.3904
7608.84,0.38922
7611.33,0.39013
7613.83,0.38892
7616.33,0.38756
7618.82,0.38737
7621.32,0.3855
7623.81,0.38706
7626.31,0.38718
7628.8,0.38868
7631.3,0.38878
7633.79,0.38944
7636.29,0.3893
7638.78,0.38993
7641.28,0.38766
7643.77,0.38803
7646.27,0.38838
7648.76,0.38875
7651.26,0.38552
7653.75,0.38479
7656.25,0.38141
7658.74,0.37917
7661.24,0.37652
7663.73,0.37483
7666.23,0.37369
7668.72,0.37501
7671.22,0.37846
7673.71,0.38056
7676.21,0.38352
7678.7,0.38381
7681.2,0.38507
7683.69,0.38394
7686.19,0.38427
7688.69,0.38348
7691.18,0.38411
7693.68,0.3815
7696.17,0.37988
7698.67,0.37893
7701.16,0.37874
7703.66,0.37959
7706.15,0.37933
7708.65,0.38019
7711.14,0.37935
7713.64,0.37988
7716.13,0.37815
7718.63,0.37911
7721.12,0.38019
7723.62,0.38148
7726.11,0.38194
7728.61,0.38319
7731.1,0.38258
7733.6,0.38458
7736.09,0.38441
7738.59,0.3851
7741.08,0.3836
7743.58,0.3817
7746.07,0.37935
7748.57,0.37906
7751.06,0.37776
7753.56,0.37961
7756.05,0.38194
7758.55,0.38212
7761.04,0.38355
7763.54,0.38407
7766.03,0.38573
7768.53,0.38495
7771.03,0.3833
7773.52,0.38486
7776.02,0.38441
7778.51,0.3843
7781.01,0.38313
7783.5,0.38232
7786.0,0.38144
7788.49,0.38033
7790.99,0.3798
7793.48,0.37927
7795.98,0.38032
7798.47,0.37883
7800.97,0.3804
7803.46,0.3795
7805.96,0.37973
7808.45,0.37975
7810.95,0.37993
7813.44,0.38024
7815.94,0.37965
7818.43,0.38161
7820.93,0.38041
7823.42,0.37959
7825.92,0.37943
7828.41,0.37915
7830.91,0.37655
7833.4,0.37708
7835.9,0.37604
7838.39,0.37603
7840.89,0.37705
7843.38,0.37668
7845.88,0.37745
7848.38,0.37723
7850.87,0.37645
7853.37,0.37594
7855.86,0.37638
7858.36,0.37681
7860.85,0.37653
7863.35,0.37637
7865.84,0.37729
7868.34,0.37805
7870.83,0.37684
7873.33,0.37741
7875.82,0.37608
7878.32,0.3761
7880.81,0.37629
7883.31,0.37574
7885.8,0.37578
7888.3,0.37572
7890.79,0.37513
7893.29,0.37574
7895.78,0.37505
7898.28,0.37504
7900.77,0.37467
7903.27,0.37366
7905.76,0.37437
7908.26,0.37312
7910.75,0.37161
7913.25,0.36936
7915.74,0.36905
7918.24,0.36878
7920.73,0.36894
7923.23,0.36977
7925.73,0.36966
7928.22,0.36982
7930.71,0.36958
7933.21,0.36794
7935.71,0.36719
7938.2,0.36583
7940.7,0.36553
7943.19,0.36483
7945.69,0.36365
7948.18,0.36532
7950.68,0.36571
7953.17,0.36778
7955.67,0.36848
7958.16,0.36862
7960.66,0.36911
7963.15,0.36951
7965.65,0.36926
7968.14,0.3692
7970.64,0.36879
7973.13,0.36924
7975.63,0.36877
7978.12,0.36742
7980.62,0.3676
7983.11,0.36749
7985.61,0.36641
7988.1,0.36724
7990.6,0.36559
7993.09,0.36478
7995.59,0.36478
7998.08,0.36318
8000.58,0.36449
8003.07,0.36496
8005.57,0.36496
8008.06,0.36655
8010.56,0.36765
8013.06,0.36768
8015.55,0.36869
8018.05,0.36806
8020.54,0.36679
8023.04,0.36658
8025.53,0.36544
8028.03,0.36409
8030.52,0.36464
8033.02,0.3651
8035.51,0.36469
8038.01,0.36622
8040.5,0.36604
8043.0,0.36379
8045.49,0.36253
8047.99,0.36153
8050.48,0.36094
8052.98,0.36185
8055.47,0.36212
8057.97,0.36317
8060.46,0.36415
8062.96,0.36387
8065.45,0.36372
8067.95,0.36209
8070.44,0.36164
8072.94,0.35953
8075.43,0.36028
8077.93,0.36018
8080.42,0.3602
8082.92,0.36063
8085.41,0.36013
8087.91,0.35994
8090.4,0.35932
8092.9,0.35872
8095.4,0.35919
8097.89,0.35827
8100.39,0.35924
8102.88,0.35999
8105.38,0.35983
8107.87,0.36008
8110.37,0.36099
8112.86,0.35981
8115.36,0.35954
8117.85,0.3587
8120.35,0.35914
8122.84,0.35913
8125.34,0.36005
8127.83,0.36
8130.33,0.35934
8132.82,0.35974
8135.32,0.36044
8137.81,0.35895
8140.31,0.35874
8142.8,0.35847
8145.3,0.35883
8147.79,0.3576
8150.29,0.35854
8152.78,0.35787
8155.28,0.35828
8157.77,0.35851
8160.27,0.35718
8162.76,0.35813
8165.26,0.35723
8167.75,0.3578
8170.25,0.35754
8172.75,0.35694
8175.24,0.35712
8177.74,0.35681
8180.23,0.35526
8182.73,0.3535
8185.22,0.35217
8187.72,0.35207
8190.21,0.35082
8192.71,0.35131
8195.2,0.35069
8197.7,0.35085
8200.19,0.3501
8202.69,0.35047
8205.18,0.35133
8207.68,0.352
8210.17,0.35189
8212.67,0.35366
8215.16,0.35302
8217.66,0.35353
8220.15,0.35317
8222.65,0.35326
8225.14,0.35366
8227.64,0.35413
8230.13,0.35498
8232.63,0.35421
8235.12,0.35463
8237.62,0.35375
8240.11,0.35508
8242.61,0.35392
8245.1,0.35327
8247.6,0.35392
8250.1,0.35334
8252.59,0.3537
8255.08,0.35314
8257.58,0.35278
8260.08,0.35439
8262.57,0.35364
8265.07,0.35442
8267.56,0.35518
8270.06,0.35426
8272.55,0.35446
8275.05,0.35426
8277.54,0.35324
8280.04,0.35358
8282.53,0.35371
8285.03,0.35354
8287.52,0.35335
8290.02,0.35201
8292.51,0.35177
8295.01,0.3513
8297.5,0.35059
8300.0,0.35194
8302.49,0.3502
8304.99,0.35063
8307.48,0.34961
8309.98,0.34951
8312.47,0.34906
8314.97,0.34991
8317.46,0.35033
8319.96,0.35
8322.46,0.34908
8324.95,0.3469
8327.44,0.34563
8329.94,0.34411
8332.43,0.34443
8334.93,0.34424
8337.43,0.34474
8339.92,0.34572
8342.42,0.34632
8344.91,0.34565
8347.41,0.34665
8349.9,0.34791
8352.4,0.34695
8354.89,0.34737
8357.39,0.34761
8359.88,0.34666
8362.38,0.34644
8364.87,0.34624
8367.37,0.34601
8369.86,0.34668
8372.36,0.34633
8374.85,0.34664
8377.35,0.34555
8379.84,0.34392
8382.34,0.34197
8384.83,0.34197
8387.33,0.34098
8389.82,0.34104
8392.32,0.34229
8394.81,0.34369
8397.31,0.34407
8399.8,0.34459
8402.3,0.34573
8404.79,0.34565
8407.29,0.34568
8409.79,0.34577
8412.28,0.34503
8414.78,0.34443
8417.27,0.34383
8419.77,0.34419
8422.26,0.3434
8424.76,0.34307
8427.25,0.34153
8429.75,0.3401
8432.24,0.33939
8434.74,0.33884
8437.23,0.33728
8439.73,0.33852
8442.22,0.33923
8444.72,0.34205
8447.21,0.34246
8449.71,0.34345
8452.2,0.34464
8454.7,0.34372
8457.19,0.3426
8459.69,0.34262
8462.18,0.34123
8464.68,0.33911
8467.17,0.33839
8469.67,0.3373
8472.16,0.33745
8474.66,0.33803
8477.15,0.33898
8479.65,0.34101
8482.14,0.34032
8484.64,0.34111
8487.13,0.33974
8489.63,0.3378
8492.12,0.33378
8494.62,0.32579
8497.12,0.31956
8499.61,0.31459
8502.11,0.31386
8504.6,0.31826
8507.1,0.32388
8509.59,0.32877
8512.09,0.3299
8514.58,0.3318
8517.08,0.33119
8519.57,0.33195
8522.07,0.33359
8524.56,0.33443
8527.06,0.33362
8529.55,0.33307
8532.05,0.33012
8534.54,0.32103
8537.04,0.31004
8539.53,0.29582
8542.03,0.28387
8544.52,0.27894
8547.02,0.28306
8549.51,0.29413
8552.01,0.30782
8554.5,0.31798
8557.0,0.3254
8559.49,0.32946
8561.99,0.33247
8564.48,0.33261
8566.98,0.33355
8569.47,0.33332
8571.97,0.33382
8574.47,0.33412
8576.96,0.33396
8579.46,0.33402
8581.95,0.33307
8584.45,0.33328
8586.94,0.3328
8589.44,0.33265
8591.93,0.33116
8594.43,0.32937
8596.92,0.3293
8599.42,0.32894
8601.91,0.32813
8604.41,0.32753
8606.9,0.32877
8609.4,0.32967
8611.89,0.32983
8614.39,0.32914
8616.88,0.32881
8619.38,0.32894
8621.87,0.32895
8624.37,0.32912
8626.86,0.33017
8629.36,0.32994
8631.85,0.33148
8634.35,0.33135
8636.84,0.33219
8639.34,0.33287
8641.83,0.33197
8644.33,0.33191
8646.83,0.33056
8649.32,0.32841
8651.82,0.3248
8654.31,0.31866
8656.8,0.30995
8659.3,0.29807
8661.8,0.28693
8664.29,0.28118
8666.79,0.28342
8669.28,0.2927
8671.78,0.30288
8674.27,0.3125
8676.77,0.31839
8679.26,0.32219
8681.76,0.32343
8684.25,0.3245
8686.75,0.32368
8689.24,0.323
8691.74,0.32315
8694.23,0.3241
8696.73,0.32489
8699.22,0.32551
8701.72,0.32744
8704.21,0.32744
8706.71,0.32745
8709.2,0.32742
8711.7,0.32606
8714.19,0.3259
8716.69,0.32643
8719.18,0.32704
8721.68,0.32749
8724.17,0.32853
8726.67,0.32802
8729.17,0.32763
8731.66,0.32692
8734.16,0.32699
8736.65,0.32459
8739.15,0.32462
8741.64,0.32222
8744.14,0.32166
8746.63,0.31911
8749.13,0.31795
8751.62,0.31697
8754.12,0.31593
8756.61,0.31667
8759.11,0.31811
8761.6,0.3204
8764.1,0.32126
8766.59,0.32261
8769.09,0.32353
8771.58,0.32274
8774.08,0.32375
8776.57,0.32465
8779.07,0.32357
8781.56,0.32517
8784.06,0.32513
8786.55,0.32446
8789.05,0.32503
8791.54,0.32421
8794.04,0.32327
8796.53,0.32254
8799.03,0.32184
8801.52,0.3204
8804.02,0.31847
8806.51,0.31642
8809.01,0.31606
8811.5,0.31668
8814.0,0.31858
8816.5,0.32061
8818.99,0.32186
8821.49,0.32239
8823.98,0.32139
8826.48,0.32229
8828.97,0.32181
8831.47,0.32192
8833.96,0.32259
8836.46,0.32325
8838.95,0.32344
8841.45,0.3233
8843.94,0.32394
8846.44,0.32389
8848.93,0.32364
8851.43,0.32368
8853.92,0.32253
8856.42,0.32007
8858.91,0.31755
8861.41,0.31529
8863.9,0.31337
8866.4,0.31225
8868.89,0.31287
8871.39,0.31413
8873.88,0.3179
8876.38,0.31888
8878.87,0.31938
8881.37,0.32187
8883.87,0.3227
8886.36,0.32189
8888.86,0.32216
8891.35,0.32257
8893.84,0.32281
8896.34,0.32265
8898.84,0.32196
8901.33,0.3227
8903.83,0.32197
8906.32,0.32146
8908.82,0.32115
8911.31,0.32054
8913.81,0.31938
8916.3,0.31925
8918.8,0.319
8921.29,0.3175
8923.79,0.31788
8926.28,0.31682
8928.78,0.31588
8931.27,0.31573
8933.77,0.31693
8936.26,0.31705
8938.76,0.31666
8941.25,0.31675
8943.75,0.31654
8946.24,0.31633
8948.74,0.31709
8951.23,0.31677
8953.73,0.31788
8956.22,0.31924
8958.72,0.31917
8961.21,0.31969
8963.71,0.31884
8966.2,0.31868
8968.7,0.31802
8971.2,0.31687
8973.69,0.31683
8976.19,0.3161
8978.68,0.31696
8981.18,0.3165
8983.67,0.31713
8986.17,0.31661
8988.66,0.31645
8991.16,0.31701
8993.65,0.31497
8996.15,0.31461
8998.64,0.31276
9001.14,0.31138
9003.63,0.30944
9006.13,0.307
9008.62,0.30528
9011.12,0.30068
9013.61,0.29861
9016.11,0.2974
9018.6,0.29749
9021.1,0.29981
9023.59,0.30257
9026.09,0.30478
9028.58,0.3078
9031.08,0.30942
9033.57,0.31128
9036.07,0.31309
9038.56,0.31366
9041.06,0.31449
9043.55,0.31457
9046.05,0.31425
9048.54,0.31473
9051.04,0.31449
9053.54,0.31404
9056.03,0.31278
9058.53,0.31253
9061.02,0.31168
9063.52,0.31018
9066.01,0.31014
9068.51,0.31135
9071.0,0.31098
9073.5,0.31066
9075.99,0.31047
9078.49,0.30959
9080.98,0.30878
9083.48,0.3081
9085.97,0.30658
9088.47,0.30467
9090.96,0.30358
9093.46,0.30403
9095.95,0.30484
9098.45,0.30675
9100.94,0.30747
9103.44,0.30787
9105.93,0.30903
9108.43,0.30886
9110.92,0.3089
9113.42,0.30787
9115.91,0.30774
9118.41,0.30709
9120.9,0.30714
9123.4,0.3075
9125.89,0.30839
9128.39,0.30839
9130.88,0.30878
9133.38,0.3087
9135.88,0.30817
9138.37,0.30765
9140.87,0.30644
9143.36,0.30581
9145.86,0.30485
9148.35,0.30481
9150.85,0.3041
9153.34,0.30498
9155.84,0.30534
9158.33,0.30572
9160.83,0.30513
9163.32,0.30417
9165.82,0.30423
9168.31,0.30282
9170.81,0.30251
9173.3,0.30053
9175.8,0.30137
9178.29,0.30077
9180.79,0.30157
9183.28,0.30174
9185.78,0.30166
9188.27,0.30194
9190.77,0.30199
9193.26,0.30159
9195.76,0.30078
9198.25,0.30139
9200.75,0.30114
9203.24,0.30073
9205.74,0.29998
9208.24,0.29894
9210.73,0.29726
9213.23,0.29636
9215.72,0.29565
9218.22,0.29542
9220.71,0.29511
9223.21,0.29301
9225.7,0.29186
9228.2,0.29037
9230.69,0.29015
9233.19,0.28959
9235.68,0.29087
9238.18,0.2924
9240.67,0.29415
9243.17,0.29562
9245.66,0.29565
9248.16,0.29671
9250.65,0.29664
9253.15,0.29577
9255.64,0.29596
9258.14,0.29509
9260.63,0.2961
9263.13,0.29674
9265.62,0.29791
9268.12,0.29817
9270.61,0.29964
9273.11,0.29867
9275.6,0.29869
9278.1,0.29739
9280.59,0.29688
9283.09,0.29628
9285.58,0.29621
9288.08,0.29597
9290.58,0.29531
9293.07,0.29489
9295.57,0.29449
9298.06,0.29506
9300.56,0.29519
9303.05,0.29518
9305.55,0.29551
9308.04,0.29472
9310.54,0.29466
9313.03,0.2957
9315.53,0.2951
9318.02,0.29533
9320.52,0.29515
9323.01,0.29548
9325.51,0.29562
9328.0,0.29562
9330.5,0.29555
9332.99,0.29582
9335.49,0.29534
9337.98,0.29488
9340.48,0.2956
9342.97,0.2953
9345.47,0.29519
9347.96,0.29391
9350.46,0.29414
9352.95,0.29257
9355.45,0.29254
9357.94,0.29134
9360.44,0.2912
9362.93,0.29081
9365.43,0.29004
9367.92,0.29005
9370.42,0.29018
9372.92,0.29098
9375.41,0.29047
9377.91,0.29079
9380.4,0.29082
9382.9,0.29104
9385.39,0.29115
9387.89,0.29072
9390.38,0.29101
9392.88,0.29083
9395.37,0.29059
9397.87,0.2906
9400.36,0.28942
9402.86,0.28879
9405.35,0.28635
9407.85,0.28572
9410.34,0.28489
9412.84,0.28349
9415.33,0.28413
9417.83,0.28399
9420.32,0.28519
9422.82,0.28657
9425.31,0.28705
9427.81,0.28788
9430.3,0.28785
9432.8,0.28776
9435.29,0.28645
9437.79,0.28623
9440.28,0.28577
9442.78,0.28545
9445.27,0.28584
9447.77,0.28583
9450.27,0.28702
9452.76,0.28635
9455.25,0.28623
9457.75,0.28646
9460.25,0.28701
9462.74,0.28741
9465.24,0.28721
9467.73,0.28731
9470.23,0.28679
9472.72,0.28782
9475.22,0.28692
9477.71,0.28697
9480.21,0.28702
9482.7,0.28734
9485.2,0.2866
9487.69,0.2871
9490.19,0.28709
9492.68,0.28689
9495.18,0.28706
9497.67,0.28682
9500.17,0.28647
9502.66,0.28621
9505.16,0.28651
9507.65,0.28641
9510.15,0.28674
9512.64,0.28698
9515.14,0.28607
9517.63,0.28583
9520.13,0.2859
9522.62,0.28633
9525.12,0.28589
9527.61,0.28572
9530.11,0.28508
9532.61,0.28496
9535.1,0.2831
9537.6,0.28054
9540.09,0.2787
9542.59,0.27567
9545.08,0.27379
9547.58,0.27252
9550.07,0.27368
9552.57,0.27494
9555.06,0.2779
9557.56,0.28006
9560.05,0.28161
9562.55,0.28242
9565.04,0.28291
9567.54,0.28313
9570.03,0.28306
9572.53,0.28284
9575.02,0.28235
9577.52,0.28275
9580.01,0.28289
9582.51,0.28281
9585.0,0.28266
9587.5,0.28358
9589.99,0.28323
9592.49,0.28338
9594.98,0.28238
9597.48,0.2815
9599.97,0.28095
9602.47,0.28056
9604.96,0.28028
9607.46,0.28083
9609.96,0.28087
9612.45,0.2823
9614.95,0.28176
9617.44,0.28161
9619.94,0.28158
9622.43,0.28109
9624.93,0.28079
9627.42,0.28086
9629.92,0.28014
9632.41,0.28059
9634.91,0.27967
9637.4,0.27905
9639.9,0.27836
9642.39,0.27766
9644.89,0.27719
9647.38,0.27715
9649.88,0.27691
9652.37,0.27732
9654.87,0.27755
9657.36,0.27717
9659.86,0.27694
9662.35,0.27769
9664.85,0.27792
9667.34,0.27872
9669.84,0.2775
9672.33,0.27707
9674.83,0.27703
9677.32,0.27698
9679.82,0.27607
9682.31,0.27724
9684.81,0.27671
9687.3,0.27664
9689.8,0.27649
9692.29,0.27619
9694.79,0.27729
9697.29,0.27649
9699.78,0.27722
9702.28,0.2766
9704.77,0.27609
9707.27,0.27572
9709.76,0.27584
9712.26,0.27638
9714.75,0.27553
9717.25,0.27521
9719.74,0.27552
9722.24,0.27569
9724.73,0.27485
9727.23,0.27463
9729.72,0.27473
9732.22,0.27486
9734.71,0.27391
9737.21,0.27431
9739.7,0.27357
9742.2,0.27378
9744.69,0.27338
9747.19,0.27238
9749.68,0.27374
9752.18,0.27468
9754.67,0.27473
9757.17,0.274
9759.66,0.27515
9762.16,0.27422
9764.65,0.27419
9767.15,0.27423
9769.64,0.27368
9772.14,0.27351
9774.64,0.27383
9777.13,0.27284
9779.63,0.27248
9782.12,0.2713
9784.62,0.27075
9787.11,0.2703
9789.61,0.27058
9792.1,0.27101
9794.6,0.27164
9797.09,0.27295
9799.59,0.27354
9802.08,0.27357
9804.58,0.27396
9807.07,0.27431
9809.57,0.2741
9812.06,0.27427
9814.56,0.27466
9817.05,0.27434
9819.55,0.27434
9822.04,0.27434
9824.54,0.27403
9827.03,0.27344
9829.53,0.27398
9832.02,0.27336
9834.52,0.27308
9837.01,0.27316
9839.51,0.27333
9842.0,0.27376
9844.5,0.27334
9847.0,0.2731
9849.49,0.27272
9851.99,0.27266
9854.48,0.2732
9856.98,0.27172
9859.47,0.27249
9861.97,0.272
9864.46,0.2727
9866.96,0.27166
9869.45,0.27196
9871.95,0.27193
9874.44,0.27202
9876.94,0.27143
9879.43,0.27219
9881.93,0.2713
9884.42,0.27091
9886.92,0.2714
9889.41,0.2705
9891.91,0.27006
9894.4,0.26973
9896.9,0.26958
9899.39,0.2696
9901.89,0.27014
9904.38,0.26968
9906.88,0.27008
9909.37,0.26933
9911.87,0.2693
9914.36,0.26918
9916.86,0.2689
9919.35,0.26844
9921.85,0.26881
9924.34,0.26849
9926.84,0.26752
9929.33,0.26828
9931.83,0.26744
9934.33,0.26819
9936.82,0.26804
9939.32,0.26773
9941.81,0.26784
9944.31,0.26852
9946.8,0.26812
9949.3,0.26775
9951.79,0.26806
9954.29,0.26708
9956.78,0.26844
9959.28,0.26809
9961.77,0.26839
9964.27,0.26853
9966.76,0.26739
9969.26,0.26784
9971.75,0.26883
9974.25,0.26758
9976.74,0.26715
9979.24,0.26716
9981.73,0.26758
9984.23,0.26742
9986.72,0.26752
9989.22,0.2667
9991.71,0.26677
9994.21,0.26606
9996.7,0.26594
9999.2,0.26547
10001.7,0.26592
10004.2,0.26612
10006.7,0.26587
10009.2,0.26578
10011.7,0.26594
10014.2,0.26602
10016.7,0.26656
10019.2,0.26617
10021.7,0.26611
10024.2,0.26603
10026.6,0.26614
10029.1,0.26508
10031.6,0.26434
10034.1,0.26328
10036.6,0.26218
10039.1,0.26128
10041.6,0.26003
10044.1,0.25804
10046.6,0.25656
10049.1,0.25569
10051.6,0.25425
10054.1,0.2546
10056.6,0.25559
10059.1,0.25723
10061.6,0.25832
10064.1,0.25892
10066.6,0.26023
10069.1,0.26085
10071.6,0.26221
10074.1,0.26262
10076.5,0.26255
10079.0,0.26268
10081.5,0.2634
10084.0,0.26323
10086.5,0.26297
10089.0,0.26301
10091.5,0.26297
10094.0,0.26356
10096.5,0.26324
10099.0,0.26326
10101.5,0.26323
10104.0,0.26303
10106.5,0.26318
10109.0,0.26305
10111.5,0.26257
10114.0,0.26218
10116.5,0.26276
10119.0,0.26197
10121.5,0.26145
10124.0,0.26124
10126.5,0.2604
10128.9,0.26018
10131.4,0.26092
10133.9,0.26069
10136.4,0.26071
10138.9,0.26054
10141.4,0.26023
10143.9,0.25925
10146.4,0.25913
10148.9,0.25893
10151.4,0.25876
10153.9,0.25837
10156.4,0.25942
10158.9,0.25977
10161.4,0.25956
10163.9,0.26016
10166.4,0.25938
10168.9,0.25962
10171.4,0.25903
10173.9,0.25939
10176.4,0.25956
10178.9,0.25912
10181.3,0.25941
10183.8,0.25887
10186.3,0.25896
10188.8,0.25911
10191.3,0.25824
10193.8,0.25751
10196.3,0.25715
10198.8,0.25726
10201.3,0.25735
10203.8,0.25721
10206.3,0.25754
10208.8,0.2577
10211.3,0.25738
10213.8,0.25656
10216.3,0.25598
10218.8,0.25656
10221.3,0.25611
10223.8,0.25606
10226.3,0.25658
10228.8,0.25623
10231.2,0.25671
10233.7,0.25686
10236.2,0.25632
10238.7,0.25656
10241.2,0.25643
10243.7,0.25684
10246.2,0.25596
10248.7,0.25604
10251.2,0.25603
10253.7,0.25589
10256.2,0.25527
10258.7,0.25537
10261.2,0.25519
10263.7,0.25501
10266.2,0.25517
10268.7,0.25479
10271.2,0.25477
10273.7,0.25447
10276.2,0.25483
10278.7,0.25433
10281.2,0.25425
10283.6,0.25431
10286.1,0.25326
10288.6,0.25372
10291.1,0.25394
10293.6,0.25346
10296.1,0.25332
10298.6,0.25306
10301.1,0.25448
10303.6,0.25397
10306.1,0.25399
10308.6,0.25381
10311.1,0.25373
10313.6,0.25412
10316.1,0.25326
10318.6,0.25296
10321.1,0.25282
10323.6,0.25185
10326.1,0.25065
10328.6,0.24979
10331.1,0.24994
10333.5,0.25023
10336.0,0.24945
10338.5,0.25006
10341.0,0.24952
10343.5,0.24985
10346.0,0.24942
10348.5,0.24974
10351.0,0.24927
10353.5,0.24981
10356.0,0.25092
10358.5,0.25162
10361.0,0.25161
10363.5,0.25079
10366.0,0.25093
10368.5,0.25034
10371.0,0.24961
10373.5,0.24949
10376.0,0.24888
10378.5,0.24896
10381.0,0.24894
10383.5,0.24983
10385.9,0.25007
10388.4,0.24952
10390.9,0.24903
10393.4,0.24857
10395.9,0.24867
10398.4,0.24805
10400.9,0.24732
10403.4,0.24858
10405.9,0.24841
10408.4,0.24858
10410.9,0.24867
10413.4,0.24936
10415.9,0.24887
10418.4,0.24922
10420.9,0.24909
10423.4,0.24819
10425.9,0.2483
10428.4,0.24857
10430.9,0.24838
10433.4,0.24877
10435.9,0.24877
10438.3,0.24812
10440.8,0.2485
10443.3,0.2492
10445.8,0.24898
10448.3,0.24778
10450.8,0.24813
10453.3,0.24744
10455.8,0.24708
10458.3,0.24654
10460.8,0.24695
10463.3,0.24676
10465.8,0.24561
10468.3,0.24603
10470.8,0.246
10473.3,0.24588
10475.8,0.24664
10478.3,0.2464
10480.8,0.24578
10483.3,0.2459
10485.8,0.24558
10488.2,0.24642
10490.7,0.24596
10493.2,0.24517
10495.7,0.24511
10498.2,0.24516
10500.7,0.24474
10503.2,0.24521
10505.7,0.24478
10508.2,0.24489
10510.7,0.24475
10513.2,0.24501
10515.7,0.24473
10518.2,0.24488
10520.7,0.24468
10523.2,0.24474
10525.7,0.24486
10528.2,0.24434
10530.7,0.24483
10533.2,0.24425
10535.7,0.24412
10538.2,0.24369
10540.6,0.24385
10543.1,0.24483
10545.6,0.24436
10548.1,0.24447
10550.6,0.24407
10553.1,0.24442
10555.6,0.24356
10558.1,0.24346
10560.6,0.24391
10563.1,0.24393
10565.6,0.24353
10568.1,0.24347
10570.6,0.24286
10573.1,0.24304
10575.6,0.2424
10578.1,0.24138
10580.6,0.23962
10583.1,0.23933
10585.6,0.2377
10588.1,0.23852
10590.6,0.23831
10593.0,0.23886
10595.5,0.23995
10598.0,0.23999
10600.5,0.23972
10603.0,0.23981
10605.5,0.23908
10608.0,0.23856
10610.5,0.23933
10613.0,0.23973
10615.5,0.24002
10618.0,0.24027
10620.5,0.24047
10623.0,0.24063
10625.5,0.24039
10628.0,0.24026
10630.5,0.23992
10633.0,0.24001
10635.5,0.24008
10638.0,0.24092
10640.5,0.24074
10642.9,0.24034
10645.4,0.23992
10647.9,0.24006
10650.4,0.2395
10652.9,0.2393
10655.4,0.23896
10657.9,0.2382
10660.4,0.23661
10662.9,0.23729
10665.4,0.23614
10667.9,0.2368
10670.4,0.23766
10672.9,0.23837
10675.4,0.23815
10677.9,0.23822
10680.4,0.23738
10682.9,0.23655
10685.4,0.23511
10687.9,0.23475
10690.4,0.23469
10692.9,0.23413
10695.3,0.23444
10697.8,0.2342
10700.3,0.2358
10702.8,0.2363
10705.3,0.23727
10707.8,0.23716
10710.3,0.23691
10712.8,0.23733
10715.3,0.23696
10717.8,0.23704
10720.3,0.23637
10722.8,0.23581
10725.3,0.23498
10727.8,0.23444
10730.3,0.23329
10732.8,0.23384
10735.3,0.23419
10737.8,0.23443
10740.3,0.23483
10742.8,0.23449
10745.3,0.23461
10747.7,0.23423
10750.2,0.23409
10752.7,0.23331
10755.2,0.23347
10757.7,0.23423
10760.2,0.23393
10762.7,0.23462
10765.2,0.23486
10767.7,0.23457
10770.2,0.23506
10772.7,0.23468
10775.2,0.23479
10777.7,0.2336
10780.2,0.23265
10782.7,0.23164
10785.2,0.23168
10787.7,0.23043
10790.2,0.23124
10792.7,0.23199
10795.2,0.23189
10797.6,0.23256
10800.1,0.23332
10802.6,0.23308
10805.1,0.23269
10807.6,0.2324
10810.1,0.23187
10812.6,0.23105
10815.1,0.23065
10817.6,0.23071
10820.1,0.22921
10822.6,0.2294
10825.1,0.22796
10827.6,0.22842
10830.1,0.22747
10832.6,0.22878
10835.1,0.22963
10837.6,0.22975
10840.1,0.23026
10842.6,0.23018
10845.1,0.23058
10847.6,0.2303
10850.0,0.2305
10852.5,0.23116
10855.0,0.23099
10857.5,0.23026
10860.0,0.23068
10862.5,0.22995
10865.0,0.22861
10867.5,0.22705
10870.0,0.22597
10872.5,0.22536
10875.0,0.22588
10877.5,0.22586
10880.0,0.22648
10882.5,0.2275
10885.0,0.22679
10887.5,0.2276
10890.0,0.22794
10892.5,0.22739
10895.0,0.2286
10897.5,0.22812
10900.0,0.22836
10902.4,0.22867
10904.9,0.22888
10907.4,0.22842
10909.9,0.22778
10912.4,0.22772
10914.9,0.22717
10917.4,0.22677
10919.9,0.22578
10922.4,0.22607
10924.9,0.22484
10927.4,0.22397
10929.9,0.22311
10932.4,0.222
10934.9,0.22046
10937.4,0.21981
10939.9,0.21947
10942.4,0.21928
10944.9,0.21952
10947.4,0.2205
10949.9,0.22138
10952.3,0.22234
10954.8,0.2228
10957.3,0.22161
10959.8,0.22103
10962.3,0.2207
10964.8,0.22011
10967.3,0.21965
10969.8,0.21996
10972.3,0.21925
10974.8,0.21936
10977.3,0.21876
10979.8,0.21964
10982.3,0.21976
10984.8,0.21986
10987.3,0.21995
10989.8,0.22044
10992.3,0.22103
10994.8,0.2215
10997.3,0.22129
10999.8,0.22144
