wave,flux
3700.85,0.50213
3701.75,0.49849
3702.65,0.48519
3703.55,0.46961
3704.45,0.45468
3705.35,0.44404
3706.25,0.44147
3707.15,0.44121
3708.05,0.44728
3708.96,0.45136
3709.86,0.4555
3710.76,0.45624
3711.66,0.45944
3712.56,0.46677
3713.46,0.47734
3714.36,0.49257
3715.26,0.50856
3716.16,0.52255
3717.06,0.52542
3717.96,0.52017
3718.86,0.5046
3719.76,0.48026
3720.66,0.45079
3721.56,0.43079
3722.46,0.42173
3723.36,0.42694
3724.26,0.44626
3725.16,0.47025
3726.06,0.49255
3726.96,0.51113
3727.86,0.52478
3728.76,0.52976
3729.66,0.52707
3730.56,0.51845
3731.46,0.49633
3732.36,0.47242
3733.26,0.44059
3734.16,0.41205
3735.06,0.39622
3735.96,0.39286
3736.86,0.40468
3737.76,0.43034
3738.66,0.4632
3739.56,0.49681
3740.46,0.52582
3741.36,0.54669
3742.26,0.55617
3743.16,0.55242
3744.06,0.54396
3744.96,0.52611
3745.86,0.50706
3746.76,0.4833
3747.67,0.45388
3748.57,0.42687
3749.47,0.40555
3750.37,0.39815
3751.27,0.40513
3752.17,0.42723
3753.07,0.46077
3753.97,0.49945
3754.87,0.53015
3755.77,0.55598
3756.67,0.56927
3757.57,0.57239
3758.47,0.57168
3759.37,0.56943
3760.27,0.57018
3761.17,0.57462
3762.07,0.5782
3762.97,0.58249
3763.87,0.58369
3764.77,0.5841
3765.67,0.5738
3766.57,0.56134
3767.47,0.53785
3768.37,0.51077
3769.27,0.48724
3770.17,0.46767
3771.07,0.45985
3771.97,0.46206
3772.87,0.47771
3773.77,0.49843
3774.67,0.52539
3775.57,0.55376
3776.47,0.58
3777.37,0.60268
3778.27,0.62767
3779.17,0.64907
3780.07,0.66536
3780.97,0.68445
3781.87,0.69548
3782.77,0.70207
3783.67,0.70246
3784.57,0.70162
3785.47,0.69191
3786.38,0.68124
3787.28,0.66308
3788.18,0.6533
3789.08,0.64027
3789.98,0.63121
3790.88,0.61998
3791.78,0.60637
3792.68,0.59019
3793.58,0.5636
3794.48,0.53726
3795.38,0.50536
3796.28,0.47712
3797.18,0.44864
3798.08,0.43068
3798.98,0.4301
3799.88,0.44322
3800.78,0.46807
3801.68,0.50655
3802.58,0.54547
3803.48,0.58253
3804.38,0.61101
3805.28,0.6361
3806.18,0.65034
3807.08,0.66406
3807.98,0.67656
3808.88,0.68918
3809.78,0.70237
3810.68,0.70836
3811.58,0.71626
3812.48,0.71735
3813.38,0.70999
3814.28,0.70168
3815.18,0.69658
3816.08,0.69466
3816.98,0.6977
3817.88,0.70244
3818.78,0.70192
3819.68,0.69974
3820.58,0.6955
3821.48,0.6874
3822.38,0.6807
3823.28,0.6702
3824.18,0.65787
3825.09,0.64636
3825.99,0.63157
3826.89,0.61734
3827.79,0.60224
3828.69,0.58877
3829.59,0.57131
3830.49,0.54906
3831.39,0.52446
3832.29,0.49364
3833.19,0.46239
3834.09,0.43359
3834.99,0.40877
3835.89,0.39655
3836.79,0.3935
3837.69,0.4065
3838.59,0.42692
3839.49,0.45633
3840.39,0.48845
3841.29,0.52502
3842.19,0.55653
3843.09,0.58867
3843.99,0.61805
3844.89,0.64074
3845.79,0.66001
3846.69,0.67599
3847.59,0.69074
3848.49,0.69928
3849.39,0.70553
3850.29,0.71741
3851.19,0.72423
3852.09,0.73454
3852.99,0.73818
3853.89,0.74791
3854.79,0.75145
3855.69,0.7507
3856.59,0.74962
3857.49,0.74245
3858.39,0.73943
3859.29,0.73687
3860.19,0.73938
3861.09,0.74589
3861.99,0.74833
3862.9,0.76297
3863.8,0.77074
3864.7,0.77357
3865.6,0.77983
3866.5,0.77573
3867.4,0.77799
3868.3,0.77423
3869.2,0.76867
3870.1,0.76519
3871.0,0.75656
3871.9,0.74474
3872.8,0.73334
3873.7,0.72704
3874.6,0.72111
3875.5,0.71487
3876.4,0.70824
3877.3,0.70105
3878.2,0.68984
3879.1,0.67815
3880.0,0.66812
3880.9,0.6608
3881.8,0.65045
3882.7,0.6378
3883.6,0.61962
3884.5,0.59874
3885.4,0.56959
3886.3,0.53668
3887.2,0.50367
3888.1,0.47592
3889.0,0.4539
3889.9,0.44567
3890.8,0.45527
3891.7,0.47496
3892.6,0.50318
3893.5,0.53581
3894.4,0.56245
3895.3,0.59161
3896.2,0.61102
3897.1,0.62984
3898.0,0.64644
3898.9,0.65958
3899.8,0.67494
3900.7,0.68726
3901.6,0.69658
3902.51,0.70501
3903.41,0.7142
3904.31,0.71984
3905.21,0.72364
3906.11,0.72734
3907.01,0.73287
3907.91,0.74277
3908.81,0.75976
3909.71,0.77381
3910.61,0.78573
3911.51,0.79356
3912.41,0.80023
3913.31,0.7984
3914.21,0.79897
3915.11,0.79334
3916.01,0.78896
3916.91,0.78332
3917.81,0.77805
3918.71,0.77165
3919.61,0.7677
3920.51,0.7657
3921.41,0.76602
3922.31,0.76386
3923.21,0.76386
3924.11,0.75976
3925.01,0.75943
3925.91,0.74918
3926.81,0.73106
3927.71,0.70451
3928.61,0.67565
3929.51,0.63622
3930.41,0.58976
3931.31,0.53623
3932.21,0.48256
3933.11,0.43936
3934.01,0.41144
3934.91,0.40579
3935.81,0.42418
3936.71,0.46248
3937.61,0.51507
3938.51,0.57235
3939.42,0.62338
3940.32,0.66279
3941.22,0.69639
3942.12,0.71609
3943.02,0.73204
3943.92,0.74003
3944.82,0.74838
3945.72,0.75513
3946.62,0.76247
3947.52,0.76452
3948.42,0.77127
3949.32,0.76558
3950.22,0.7684
3951.12,0.76768
3952.02,0.76773
3952.92,0.76539
3953.82,0.76679
3954.72,0.75945
3955.62,0.75673
3956.52,0.75122
3957.42,0.739
3958.32,0.72541
3959.22,0.71405
3960.12,0.69961
3961.02,0.68189
3961.92,0.65355
3962.82,0.6243
3963.72,0.58981
3964.62,0.54763
3965.52,0.50024
3966.42,0.45067
3967.32,0.39688
3968.22,0.35244
3969.12,0.32006
3970.02,0.3049
3970.92,0.31147
3971.82,0.33688
3972.72,0.37726
3973.62,0.42309
3974.52,0.47485
3975.42,0.52264
3976.32,0.56622
3977.22,0.60552
3978.13,0.63829
3979.03,0.66898
3979.93,0.69024
3980.83,0.70818
3981.73,0.72371
3982.63,0.73593
3983.53,0.74537
3984.43,0.75503
3985.33,0.76342
3986.23,0.77416
3987.13,0.78255
3988.03,0.78936
3988.93,0.80256
3989.83,0.80751
3990.73,0.81642
3991.63,0.82251
3992.53,0.82737
3993.43,0.83448
3994.33,0.836
3995.23,0.83523
3996.13,0.82924
3997.03,0.82433
3997.93,0.8256
3998.83,0.82882
3999.73,0.8358
4000.63,0.83815
4001.53,0.84871
4002.43,0.85607
4003.33,0.85355
4004.23,0.85383
4005.13,0.84819
4006.03,0.84379
4006.93,0.84368
4007.83,0.84731
4008.73,0.85282
4009.63,0.8597
4010.53,0.86722
4011.43,0.87504
4012.33,0.87423
4013.23,0.87355
4014.13,0.87968
4015.03,0.87597
4015.93,0.87985
4016.84,0.87997
4017.74,0.88408
4018.64,0.88408
4019.54,0.88748
4020.44,0.88787
4021.34,0.88815
4022.24,0.88773
4023.14,0.88933
4024.04,0.88834
4024.94,0.88987
4025.84,0.89233
4026.74,0.89409
4027.64,0.8941
4028.54,0.89352
4029.44,0.88597
4030.34,0.87519
4031.24,0.86589
4032.14,0.85488
4033.04,0.84984
4033.94,0.85383
4034.84,0.85981
4035.74,0.86732
4036.64,0.88279
4037.54,0.88941
4038.44,0.90345
4039.34,0.90767
4040.24,0.90849
4041.14,0.90258
4042.04,0.89502
4042.94,0.88637
4043.84,0.87528
4044.74,0.86677
4045.64,0.85923
4046.54,0.85186
4047.44,0.85938
4048.34,0.86421
4049.24,0.87295
4050.14,0.88162
4051.04,0.88783
4051.94,0.88993
4052.84,0.88922
4053.74,0.88457
4054.65,0.88023
4055.55,0.8775
4056.45,0.87141
4057.35,0.86944
4058.25,0.86955
4059.15,0.87063
4060.05,0.87183
4060.95,0.87504
4061.85,0.86947
4062.75,0.86188
4063.65,0.85634
4064.55,0.84878
4065.45,0.84958
4066.35,0.84941
4067.25,0.85031
4068.15,0.85322
4069.05,0.86071
4069.95,0.86002
4070.85,0.85956
4071.75,0.85686
4072.65,0.85427
4073.55,0.85053
4074.45,0.84041
4075.35,0.83334
4076.25,0.82621
4077.15,0.81853
4078.05,0.81174
4078.95,0.80672
4079.85,0.80902
4080.75,0.81519
4081.65,0.82295
4082.55,0.82918
4083.45,0.83081
4084.35,0.82849
4085.25,0.82676
4086.15,0.82456
4087.05,0.82386
4087.95,0.83004
4088.85,0.82797
4089.75,0.82907
4090.65,0.82373
4091.55,0.81548
4092.45,0.80465
4093.36,0.7874
4094.26,0.77241
4095.16,0.7513
4096.06,0.73208
4096.96,0.706
4097.86,0.67604
4098.76,0.64564
4099.66,0.60968
4100.56,0.57845
4101.46,0.55349
4102.36,0.53566
4103.26,0.53416
4104.16,0.54998
4105.06,0.57508
4105.96,0.6076
4106.86,0.63975
4107.76,0.66726
4108.66,0.6933
4109.56,0.71176
4110.46,0.73258
4111.36,0.74442
4112.26,0.75786
4113.16,0.77225
4114.06,0.78739
4114.96,0.79545
4115.86,0.80925
4116.76,0.81169
4117.66,0.82169
4118.56,0.82102
4119.46,0.82136
4120.36,0.82432
4121.26,0.82196
4122.16,0.8264
4123.06,0.83048
4123.96,0.83447
4124.86,0.83648
4125.76,0.8419
4126.66,0.84629
4127.56,0.84686
4128.46,0.84628
4129.36,0.84406
4130.26,0.84414
4131.17,0.83828
4132.06,0.83771
4132.97,0.83646
4133.87,0.8363
4134.77,0.84187
4135.67,0.84491
4136.57,0.8558
4137.47,0.86011
4138.37,0.87275
4139.27,0.87668
4140.17,0.8777
4141.07,0.8778
4141.97,0.86739
4142.87,0.86469
4143.77,0.85381
4144.67,0.85166
4145.57,0.85723
4146.47,0.85642
4147.37,0.86055
4148.27,0.8693
4149.17,0.86918
4150.07,0.87245
4150.97,0.87006
4151.87,0.86904
4152.77,0.86935
4153.67,0.86583
4154.57,0.85763
4155.47,0.85961
4156.37,0.85794
4157.27,0.86025
4158.17,0.86605
4159.07,0.87243
4159.97,0.87636
4160.87,0.88301
4161.77,0.88572
4162.67,0.88466
4163.57,0.88759
4164.47,0.88917
4165.37,0.89006
4166.27,0.88761
4167.17,0.88668
4168.07,0.88365
4168.98,0.88205
4169.88,0.87725
4170.78,0.86346
4171.68,0.85513
4172.58,0.84509
4173.48,0.8397
4174.38,0.83851
4175.28,0.83568
4176.18,0.83547
4177.08,0.83788
4177.98,0.84161
4178.88,0.85272
4179.78,0.85392
4180.68,0.8561
4181.58,0.86057
4182.48,0.86562
4183.38,0.86833
4184.28,0.86719
4185.18,0.8685
4186.08,0.86482
4186.98,0.86964
4187.88,0.86465
4188.78,0.86651
4189.68,0.86436
4190.58,0.87016
4191.48,0.87241
4192.38,0.87867
4193.28,0.88002
4194.18,0.88048
4195.08,0.87547
4195.98,0.87472
4196.88,0.86548
4197.78,0.85807
4198.68,0.85235
4199.58,0.84794
4200.48,0.84205
4201.38,0.8409
4202.28,0.84222
4203.18,0.84705
4204.08,0.85002
4204.98,0.85589
4205.88,0.86035
4206.79,0.86046
4207.69,0.86798
4208.59,0.87443
4209.49,0.87751
4210.39,0.8788
4211.29,0.87531
4212.19,0.87737
4213.09,0.87748
4213.99,0.87526
4214.89,0.86466
4215.79,0.86208
4216.69,0.85882
4217.59,0.86054
4218.49,0.86102
4219.39,0.86655
4220.29,0.87359
4221.19,0.87364
4222.09,0.87139
4222.99,0.86495
4223.89,0.85006
4224.79,0.83752
4225.69,0.82063
4226.59,0.80971
4227.49,0.8045
4228.39,0.81056
4229.29,0.82154
4230.19,0.8358
4231.09,0.8476
4231.99,0.85728
4232.89,0.86029
4233.79,0.86257
4234.69,0.8568
4235.59,0.85483
4236.49,0.84744
4237.39,0.84597
4238.29,0.85365
4239.19,0.85328
4240.09,0.85685
4240.99,0.86053
4241.89,0.86524
4242.79,0.87021
4243.69,0.87414
4244.59,0.87115
4245.5,0.87116
4246.4,0.86302
4247.3,0.85394
4248.2,0.84808
4249.1,0.8477
4250.0,0.84114
4250.9,0.84278
4251.8,0.84708
4252.7,0.85313
4253.6,0.85249
4254.5,0.85802
4255.4,0.8616
4256.3,0.86406
4257.2,0.86307
4258.1,0.85981
4259.0,0.86235
4259.9,0.85605
4260.8,0.85609
4261.7,0.85277
4262.6,0.85919
4263.5,0.86662
4264.4,0.87341
4265.3,0.87898
4266.2,0.88217
4267.1,0.87926
4268.0,0.8786
4268.9,0.86708
4269.8,0.85457
4270.7,0.84437
4271.6,0.8362
4272.5,0.82626
4273.4,0.82252
4274.3,0.82107
4275.2,0.82576
4276.1,0.83014
4277.0,0.8417
4277.9,0.8487
4278.8,0.85294
4279.7,0.85498
4280.6,0.85515
4281.5,0.85241
4282.4,0.85002
4283.31,0.84459
4284.21,0.84066
4285.11,0.83323
4286.01,0.83551
4286.91,0.82412
4287.81,0.81538
4288.71,0.80688
4289.61,0.79919
4290.51,0.79386
4291.41,0.79631
4292.31,0.79905
4293.21,0.79991
4294.11,0.80382
4295.01,0.8033
4295.91,0.80717
4296.81,0.80008
4297.71,0.78561
4298.61,0.77665
4299.51,0.76546
4300.41,0.75329
4301.31,0.74461
4302.21,0.73508
4303.11,0.73547
4304.01,0.73731
4304.91,0.73444
4305.81,0.74076
4306.71,0.74108
4307.61,0.73995
4308.51,0.73727
4309.41,0.73959
4310.31,0.73912
4311.21,0.74419
4312.11,0.74991
4313.01,0.75932
4313.91,0.76772
4314.81,0.78085
4315.71,0.7935
4316.61,0.80781
4317.51,0.82249
4318.41,0.83271
4319.31,0.83442
4320.21,0.83347
4321.12,0.83041
4322.02,0.82089
4322.92,0.80732
4323.82,0.79298
4324.72,0.77881
4325.62,0.76838
4326.52,0.76207
4327.42,0.76149
4328.32,0.76504
4329.22,0.76787
4330.12,0.76749
4331.02,0.77052
4331.92,0.77027
4332.82,0.7622
4333.72,0.75258
4334.62,0.74002
4335.52,0.71874
4336.42,0.69363
4337.32,0.66218
4338.22,0.62535
4339.12,0.59265
4340.02,0.56678
4340.92,0.54821
4341.82,0.54516
4342.72,0.55345
4343.62,0.57745
4344.52,0.60838
4345.42,0.6395
4346.32,0.67026
4347.22,0.69561
4348.12,0.71369
4349.02,0.73292
4349.92,0.74193
4350.82,0.74461
4351.72,0.74757
4352.62,0.75122
4353.52,0.75542
4354.42,0.7663
4355.32,0.7746
4356.22,0.78752
4357.12,0.79708
4358.02,0.80648
4358.92,0.81545
4359.83,0.82334
4360.73,0.83203
4361.63,0.83483
4362.53,0.84137
4363.43,0.84752
4364.33,0.853
4365.23,0.8563
4366.13,0.85392
4367.03,0.85481
4367.93,0.85195
4368.83,0.84686
4369.73,0.84532
4370.63,0.84464
4371.53,0.84084
4372.43,0.83823
4373.33,0.83639
4374.23,0.83521
4375.13,0.83183
4376.03,0.8305
4376.93,0.83772
4377.83,0.84302
4378.73,0.84377
4379.63,0.84812
4380.53,0.85201
4381.43,0.84815
4382.33,0.83931
4383.23,0.82747
4384.13,0.81671
4385.03,0.81277
4385.93,0.81154
4386.83,0.81282
4387.73,0.81965
4388.63,0.8253
4389.53,0.83952
4390.43,0.8455
4391.33,0.84763
4392.23,0.85366
4393.13,0.85024
4394.03,0.85079
4394.93,0.85076
4395.83,0.85396
4396.73,0.85166
4397.64,0.85485
4398.54,0.85186
4399.44,0.85098
4400.34,0.85726
4401.24,0.85478
4402.14,0.85438
4403.04,0.85253
4403.94,0.85103
4404.84,0.85143
4405.74,0.84855
4406.64,0.84984
4407.54,0.84783
4408.44,0.85174
4409.34,0.85539
4410.24,0.85817
4411.14,0.8653
4412.04,0.87174
4412.94,0.87416
4413.84,0.87153
4414.74,0.86787
4415.64,0.86472
4416.54,0.86008
4417.44,0.85614
4418.34,0.85871
4419.24,0.86345
4420.14,0.86656
4421.04,0.87146
4421.94,0.8778
4422.84,0.87751
4423.74,0.8783
4424.64,0.87449
4425.54,0.87144
4426.44,0.87528
4427.34,0.87303
4428.24,0.87209
4429.14,0.86976
4430.04,0.87231
4430.94,0.87224
4431.84,0.86589
4432.74,0.86574
4433.64,0.86506
4434.54,0.85861
4435.45,0.85948
4436.35,0.86139
4437.25,0.86633
4438.15,0.87224
4439.05,0.8752
4439.95,0.87607
4440.85,0.87222
4441.75,0.87104
4442.65,0.86598
4443.55,0.85851
4444.45,0.85885
4445.35,0.85705
4446.25,0.85968
4447.15,0.86513
4448.05,0.86862
4448.95,0.87399
4449.85,0.87487
4450.75,0.87252
4451.65,0.86946
4452.55,0.86463
4453.45,0.86239
4454.35,0.85998
4455.25,0.85207
4456.15,0.84657
4457.05,0.84421
4457.95,0.84237
4458.85,0.8427
4459.75,0.84495
4460.65,0.84721
4461.55,0.84651
4462.45,0.85053
4463.35,0.84937
4464.25,0.85359
4465.15,0.85572
4466.05,0.85766
4466.95,0.85997
4467.85,0.85765
4468.75,0.85714
4469.65,0.85783
4470.55,0.86037
4471.45,0.86645
4472.35,0.871
4473.25,0.87827
4474.16,0.88145
4475.06,0.89294
4475.96,0.89344
4476.86,0.89606
4477.76,0.89291
4478.66,0.8867
4479.56,0.88497
4480.46,0.8776
4481.36,0.87436
4482.26,0.86911
4483.16,0.86735
4484.06,0.86705
4484.96,0.87573
4485.86,0.88149
4486.76,0.88175
4487.66,0.88369
4488.56,0.88521
4489.46,0.87908
4490.36,0.87972
4491.26,0.87523
4492.16,0.87718
4493.06,0.878
4493.96,0.87654
4494.86,0.87733
4495.76,0.88026
4496.66,0.87937
4497.56,0.88442
4498.46,0.88523
4499.36,0.8899
4500.26,0.89012
4501.16,0.89017
4502.06,0.89565
4502.96,0.89641
4503.86,0.9053
4504.76,0.91052
4505.66,0.91043
4506.56,0.91431
4507.46,0.9105
4508.36,0.91299
4509.26,0.9135
4510.17,0.91067
4511.06,0.90981
4511.97,0.90843
4512.87,0.90649
4513.77,0.90011
4514.67,0.89788
4515.57,0.8955
4516.47,0.89062
4517.37,0.89033
4518.27,0.88689
4519.17,0.88952
4520.07,0.88371
4520.97,0.88333
4521.87,0.87767
4522.77,0.87998
4523.67,0.87418
4524.57,0.87374
4525.47,0.86497
4526.37,0.86016
4527.27,0.85755
4528.17,0.85052
4529.07,0.84751
4529.97,0.84589
4530.87,0.84572
4531.77,0.84201
4532.67,0.83935
4533.57,0.83868
4534.47,0.84072
4535.37,0.84437
4536.27,0.84602
4537.17,0.85482
4538.07,0.86443
4538.97,0.86836
4539.87,0.87515
4540.77,0.87735
4541.67,0.88598
4542.57,0.88495
4543.47,0.879
4544.37,0.87512
4545.27,0.8775
4546.17,0.87046
4547.07,0.86665
4547.97,0.86311
4548.88,0.85289
4549.77,0.85275
4550.68,0.84864
4551.58,0.84762
4552.48,0.85198
4553.38,0.84724
4554.28,0.84791
4555.18,0.85217
4556.08,0.85206
4556.98,0.86316
4557.88,0.86436
4558.78,0.87204
4559.68,0.87894
4560.58,0.88472
4561.48,0.88572
4562.38,0.88525
4563.28,0.88514
4564.18,0.87959
4565.08,0.88191
4565.98,0.8814
4566.88,0.87809
4567.78,0.88419
4568.68,0.88337
4569.58,0.8796
4570.48,0.88117
4571.38,0.88405
4572.28,0.88245
4573.18,0.87933
4574.08,0.87947
4574.98,0.88318
4575.88,0.88575
4576.78,0.8848
4577.68,0.88408
4578.58,0.88411
4579.48,0.88105
4580.38,0.87187
4581.28,0.87106
4582.18,0.86604
4583.08,0.86098
4583.98,0.86529
4584.88,0.86564
4585.78,0.86393
4586.69,0.8706
4587.58,0.87443
4588.49,0.87702
4589.39,0.87958
4590.29,0.87586
4591.19,0.88399
4592.09,0.87952
4592.99,0.88275
4593.89,0.88168
4594.79,0.88218
4595.69,0.87956
4596.59,0.88123
4597.49,0.8823
4598.39,0.88264
4599.29,0.88103
4600.19,0.88177
4601.09,0.88192
4601.99,0.88063
4602.89,0.87776
4603.79,0.87896
4604.69,0.88402
4605.59,0.87998
4606.49,0.88475
4607.39,0.88646
4608.29,0.89323
4609.19,0.89562
4610.09,0.89596
4610.99,0.90036
4611.89,0.89373
4612.79,0.89611
4613.69,0.8937
4614.59,0.89199
4615.49,0.89227
4616.39,0.89054
4617.29,0.8893
4618.19,0.88701
4619.09,0.88659
4619.99,0.88578
4620.89,0.8914
4621.79,0.88921
4622.69,0.89361
4623.59,0.8938
4624.5,0.89626
4625.4,0.8961
4626.3,0.89296
4627.2,0.89307
4628.1,0.89773
4629.0,0.8923
4629.9,0.88803
4630.8,0.88943
4631.7,0.88784
4632.6,0.89149
4633.5,0.88903
4634.4,0.88918
4635.3,0.88544
4636.2,0.88655
4637.1,0.88339
4638.0,0.8817
4638.9,0.88368
4639.8,0.88826
4640.7,0.88165
4641.6,0.88986
4642.5,0.8924
4643.4,0.8866
4644.3,0.88873
4645.2,0.88425
4646.1,0.88135
4647.0,0.88109
4647.9,0.87784
4648.8,0.87419
4649.7,0.87578
4650.6,0.87326
4651.5,0.87453
4652.4,0.878
4653.3,0.87794
4654.2,0.87741
4655.1,0.87511
4656.0,0.87315
4656.9,0.87558
4657.8,0.87985
4658.7,0.88089
4659.6,0.8871
4660.5,0.89373
4661.4,0.89326
4662.3,0.89294
4663.21,0.89334
4664.11,0.88668
4665.01,0.8826
4665.91,0.87849
4666.81,0.86969
4667.71,0.86743
4668.61,0.86218
4669.51,0.86241
4670.41,0.86271
4671.31,0.86799
4672.21,0.87052
4673.11,0.87166
4674.01,0.8818
4674.91,0.88206
4675.81,0.88267
4676.71,0.88419
4677.61,0.88236
4678.51,0.88424
4679.41,0.88266
4680.31,0.88014
4681.21,0.87777
4682.11,0.874
4683.01,0.87995
4683.91,0.87541
4684.81,0.88112
4685.71,0.88195
4686.61,0.88275
4687.51,0.88026
4688.41,0.88385
4689.31,0.88604
4690.21,0.88416
4691.11,0.88448
4692.01,0.88351
4692.91,0.88646
4693.81,0.88812
4694.71,0.88971
4695.61,0.89227
4696.51,0.89454
4697.41,0.88823
4698.31,0.88803
4699.21,0.8836
4700.12,0.87992
4701.02,0.87646
4701.92,0.87371
4702.82,0.86871
4703.72,0.86787
4704.62,0.86181
4705.52,0.86668
4706.42,0.86149
4707.32,0.86635
4708.22,0.86549
4709.12,0.86542
4710.02,0.86554
4710.92,0.86508
4711.82,0.87185
4712.72,0.8758
4713.62,0.87105
4714.52,0.87983
4715.42,0.87915
4716.32,0.88139
4717.22,0.88265
4718.12,0.88385
4719.02,0.88763
4719.92,0.88713
4720.82,0.88984
4721.72,0.88822
4722.62,0.89028
4723.52,0.89212
4724.42,0.8896
4725.32,0.88987
4726.22,0.89068
4727.12,0.88346
4728.02,0.88306
4728.92,0.88343
4729.82,0.8746
4730.72,0.87348
4731.62,0.87387
4732.52,0.87317
4733.42,0.87131
4734.32,0.87157
4735.22,0.87305
4736.12,0.87054
4737.02,0.8738
4737.92,0.87105
4738.83,0.87406
4739.73,0.87639
4740.63,0.87854
4741.53,0.87968
4742.43,0.88147
4743.33,0.8833
4744.23,0.88011
4745.13,0.88392
4746.03,0.88765
4746.93,0.88377
4747.83,0.88656
4748.73,0.88714
4749.63,0.88515
4750.53,0.88472
4751.43,0.8834
4752.33,0.88588
4753.23,0.88274
4754.13,0.88085
4755.03,0.87641
4755.93,0.88041
4756.83,0.87423
4757.73,0.87374
4758.63,0.87228
4759.53,0.87076
4760.43,0.86512
4761.33,0.86704
4762.23,0.86308
4763.13,0.86301
4764.03,0.86091
4764.93,0.85804
4765.83,0.85805
4766.73,0.85847
4767.63,0.858
4768.53,0.86225
4769.43,0.86328
4770.33,0.86783
4771.23,0.87107
4772.13,0.87021
4773.03,0.87037
4773.93,0.87419
4774.83,0.87647
4775.73,0.87776
4776.64,0.87456
4777.54,0.87688
4778.44,0.87899
4779.34,0.87985
4780.24,0.87784
4781.14,0.87438
4782.04,0.87224
4782.94,0.86907
4783.84,0.87186
4784.74,0.86737
4785.64,0.86625
4786.54,0.86391
4787.44,0.85715
4788.34,0.86209
4789.24,0.86215
4790.14,0.86337
4791.04,0.86215
4791.94,0.86664
4792.84,0.87209
4793.74,0.87093
4794.64,0.87309
4795.54,0.87516
4796.44,0.87862
4797.34,0.87909
4798.24,0.87798
4799.14,0.8705
4800.04,0.8726
4800.94,0.87271
4801.84,0.87122
4802.74,0.87022
4803.64,0.87291
4804.54,0.86873
4805.44,0.86674
4806.34,0.86677
4807.24,0.86946
4808.14,0.86497
4809.04,0.86831
4809.94,0.86786
4810.84,0.86874
4811.74,0.8737
4812.64,0.8718
4813.54,0.8717
4814.45,0.87691
4815.35,0.87647
4816.25,0.87605
4817.15,0.87451
4818.05,0.87833
4818.95,0.87221
4819.85,0.87268
4820.75,0.87074
4821.65,0.86579
4822.55,0.86347
4823.45,0.86191
4824.35,0.85821
4825.25,0.8557
4826.15,0.85323
4827.05,0.85226
4827.95,0.85563
4828.85,0.8546
4829.75,0.85151
4830.65,0.85295
4831.55,0.84838
4832.45,0.84553
4833.35,0.84396
4834.25,0.84403
4835.15,0.84211
4836.05,0.84224
4836.95,0.8405
4837.85,0.83825
4838.75,0.83846
4839.65,0.83409
4840.55,0.83268
4841.45,0.82767
4842.35,0.82852
4843.25,0.82322
4844.15,0.81975
4845.05,0.82172
4845.95,0.81835
4846.85,0.813
4847.75,0.81236
4848.65,0.80856
4849.55,0.80196
4850.45,0.79554
4851.35,0.79021
4852.26,0.78092
4853.16,0.77583
4854.06,0.76382
4854.96,0.75209
4855.86,0.73512
4856.76,0.71925
4857.66,0.69556
4858.56,0.67401
4859.46,0.64814
4860.36,0.62808
4861.26,0.60839
4862.16,0.59952
4863.06,0.59683
4863.96,0.60508
4864.86,0.62141
4865.76,0.64244
4866.66,0.66481
4867.56,0.68793
4868.46,0.70814
4869.36,0.7259
4870.26,0.73894
4871.16,0.7468
4872.06,0.75459
4872.96,0.7594
4873.86,0.76525
4874.76,0.7751
4875.66,0.78043
4876.56,0.78794
4877.46,0.795
4878.36,0.8024
4879.26,0.8067
4880.16,0.81382
4881.06,0.81667
4881.96,0.81834
4882.86,0.81957
4883.76,0.82086
4884.66,0.82416
4885.56,0.81887
4886.46,0.82196
4887.36,0.82043
4888.26,0.82079
4889.17,0.81821
4890.07,0.8179
4890.97,0.82145
4891.87,0.82611
4892.77,0.83123
4893.67,0.83641
4894.57,0.84567
4895.47,0.85645
4896.37,0.85884
4897.27,0.86315
4898.17,0.86827
4899.07,0.8667
4899.97,0.86511
4900.87,0.85805
4901.77,0.85961
4902.67,0.85641
4903.57,0.85623
4904.47,0.85532
4905.37,0.85375
4906.27,0.85382
4907.17,0.85878
4908.07,0.85531
4908.97,0.85183
4909.87,0.84974
4910.77,0.85043
4911.67,0.84659
4912.57,0.84848
4913.47,0.85063
4914.37,0.8514
4915.27,0.85413
4916.17,0.85231
4917.07,0.84733
4917.97,0.84454
4918.87,0.84052
4919.77,0.83301
4920.67,0.82554
4921.57,0.8226
4922.47,0.82046
4923.37,0.81681
4924.27,0.8259
4925.17,0.83108
4926.07,0.83767
4926.98,0.83852
4927.88,0.8497
4928.78,0.85277
4929.68,0.85715
4930.58,0.85844
4931.48,0.85722
4932.38,0.85485
4933.28,0.85049
4934.18,0.84162
4935.08,0.8423
4935.98,0.83711
4936.88,0.83398
4937.78,0.83542
4938.68,0.83616
4939.58,0.8347
4940.48,0.84175
4941.38,0.84294
4942.28,0.84676
4943.18,0.85369
4944.08,0.85506
4944.98,0.85916
4945.88,0.8617
4946.78,0.86203
4947.68,0.86532
4948.58,0.86399
4949.48,0.8671
4950.38,0.86667
4951.28,0.86271
4952.18,0.86561
4953.08,0.86622
4953.98,0.85935
4954.88,0.85795
4955.78,0.85167
4956.68,0.84817
4957.58,0.84315
4958.48,0.83872
4959.38,0.84193
4960.28,0.84029
4961.18,0.8466
4962.08,0.84823
4962.98,0.85228
4963.88,0.8574
4964.79,0.85578
4965.69,0.85622
4966.59,0.8517
4967.49,0.84901
4968.39,0.85044
4969.29,0.84444
4970.19,0.85033
4971.09,0.84824
4971.99,0.8514
4972.89,0.85323
4973.79,0.85536
4974.69,0.85723
4975.59,0.85881
4976.49,0.85707
4977.39,0.85705
4978.29,0.84994
4979.19,0.84846
4980.09,0.84152
4980.99,0.83654
4981.89,0.82759
4982.79,0.82217
4983.69,0.81559
4984.59,0.81665
4985.49,0.81824
4986.39,0.821
4987.29,0.82341
4988.19,0.8287
4989.09,0.83191
4989.99,0.83466
4990.89,0.83652
4991.79,0.83676
4992.69,0.83963
4993.59,0.8367
4994.49,0.84031
4995.39,0.83764
4996.29,0.83612
4997.19,0.83988
4998.09,0.83969
4998.99,0.83401
4999.89,0.83443
5000.79,0.82861
5001.7,0.82756
5002.6,0.8239
5003.5,0.82486
5004.4,0.82188
5005.3,0.82087
5006.2,0.81888
5007.1,0.81925
5008.0,0.82076
5008.9,0.81941
5009.8,0.81796
5010.7,0.81813
5011.6,0.81782
5012.5,0.81531
5013.4,0.81159
5014.3,0.80598
5015.2,0.80401
5016.1,0.80493
5017.0,0.80283
5017.9,0.80566
5018.8,0.80548
5019.7,0.80763
5020.6,0.80926
5021.5,0.81003
5022.4,0.81506
5023.3,0.81753
5024.2,0.81817
5025.1,0.82299
5026.0,0.82501
5026.9,0.82986
5027.8,0.83019
5028.7,0.83183
5029.6,0.83399
5030.5,0.83622
5031.4,0.83753
5032.3,0.83855
5033.2,0.83869
5034.1,0.83801
5035.0,0.83317
5035.9,0.82853
5036.8,0.82319
5037.7,0.81567
5038.6,0.81071
5039.5,0.8044
5040.41,0.79984
5041.31,0.80014
5042.21,0.79969
5043.11,0.80611
5044.01,0.80967
5044.91,0.81423
5045.81,0.82112
5046.71,0.82618
5047.61,0.82833
5048.51,0.8308
5049.41,0.83107
5050.31,0.82565
5051.21,0.8244
5052.11,0.82601
5053.01,0.82837
5053.91,0.82908
5054.81,0.83394
5055.71,0.84156
5056.61,0.84057
5057.51,0.84432
5058.41,0.84611
5059.31,0.84837
5060.21,0.84851
5061.11,0.84422
5062.01,0.84114
5062.91,0.84116
5063.81,0.83539
5064.71,0.83353
5065.61,0.83059
5066.51,0.82602
5067.41,0.82584
5068.31,0.82394
5069.21,0.82299
5070.11,0.82355
5071.01,0.82393
5071.91,0.82419
5072.81,0.82455
5073.71,0.82425
5074.61,0.8257
5075.51,0.82248
5076.42,0.82043
5077.31,0.81849
5078.21,0.81514
5079.12,0.81007
5080.02,0.80811
5080.92,0.80299
5081.82,0.80331
5082.72,0.80587
5083.62,0.80776
5084.52,0.80969
5085.42,0.81193
5086.32,0.81666
5087.22,0.81977
5088.12,0.82342
5089.02,0.82733
5089.92,0.82569
5090.82,0.82932
5091.72,0.82999
5092.62,0.832
5093.52,0.83008
5094.42,0.83002
5095.32,0.8248
5096.22,0.82486
5097.12,0.82422
5098.02,0.82041
5098.92,0.81355
5099.82,0.8155
5100.72,0.81124
5101.62,0.8142
5102.52,0.81212
5103.42,0.81728
5104.32,0.8183
5105.22,0.81549
5106.12,0.81497
5107.02,0.81447
5107.92,0.81085
5108.82,0.8108
5109.72,0.80825
5110.62,0.80811
5111.52,0.81075
5112.42,0.81273
5113.32,0.81724
5114.22,0.82268
5115.12,0.82725
5116.03,0.82406
5116.93,0.82778
5117.83,0.82789
5118.73,0.82928
5119.63,0.82889
5120.53,0.82832
5121.43,0.82613
5122.33,0.82073
5123.23,0.81357
5124.13,0.80783
5125.03,0.80439
5125.93,0.80321
5126.83,0.79913
5127.73,0.79812
5128.63,0.79914
5129.53,0.79808
5130.43,0.80163
5131.33,0.80268
5132.23,0.80722
5133.13,0.80441
5134.03,0.81069
5134.93,0.8121
5135.83,0.80845
5136.73,0.8099
5137.63,0.80716
5138.53,0.8056
5139.43,0.80149
5140.33,0.79672
5141.23,0.79601
5142.13,0.79445
5143.03,0.79723
5143.93,0.79404
5144.83,0.79271
5145.73,0.79483
5146.63,0.79641
5147.53,0.79995
5148.43,0.79746
5149.33,0.79743
5150.23,0.79838
5151.13,0.79576
5152.03,0.79602
5152.94,0.79697
5153.84,0.79873
5154.74,0.79817
5155.64,0.80629
5156.54,0.80546
5157.44,0.80797
5158.34,0.81305
5159.24,0.81553
5160.14,0.81755
5161.04,0.81917
5161.94,0.8123
5162.84,0.80886
5163.74,0.80075
5164.64,0.79157
5165.54,0.7786
5166.44,0.76996
5167.34,0.7546
5168.24,0.74384
5169.14,0.73839
5170.04,0.72924
5170.94,0.72752
5171.84,0.72724
5172.74,0.73431
5173.64,0.7379
5174.54,0.74598
5175.44,0.75728
5176.34,0.76724
5177.24,0.77819
5178.14,0.78562
5179.04,0.79078
5179.94,0.79054
5180.84,0.78808
5181.74,0.78054
5182.64,0.77512
5183.54,0.76786
5184.44,0.76467
5185.34,0.76053
5186.24,0.75933
5187.14,0.76552
5188.04,0.77207
5188.94,0.77421
5189.84,0.78303
5190.75,0.78381
5191.65,0.78325
5192.55,0.78498
5193.45,0.78275
5194.35,0.78104
5195.25,0.78311
5196.15,0.78593
5197.05,0.788
5197.95,0.78996
5198.85,0.79565
5199.75,0.79603
5200.65,0.79599
5201.55,0.79193
5202.45,0.79796
5203.35,0.7921
5204.25,0.78938
5205.15,0.78417
5206.05,0.77905
5206.95,0.77609
5207.85,0.77419
5208.75,0.77377
5209.65,0.77572
5210.55,0.77772
5211.45,0.78551
5212.35,0.7919
5213.25,0.79604
5214.15,0.79914
5215.05,0.80053
5215.95,0.80362
5216.85,0.80694
5217.75,0.80695
5218.65,0.80657
5219.55,0.80496
5220.45,0.80883
5221.35,0.81252
5222.25,0.81148
5223.15,0.80806
5224.05,0.80457
5224.95,0.79676
5225.85,0.79233
5226.75,0.78808
5227.66,0.78412
5228.56,0.78139
5229.46,0.78167
5230.36,0.78566
5231.26,0.78841
5232.16,0.79211
5233.06,0.79636
5233.96,0.79796
5234.86,0.80255
5235.76,0.79986
5236.66,0.80548
5237.56,0.80748
5238.46,0.81068
5239.36,0.8125
5240.26,0.82088
5241.16,0.82221
5242.06,0.81984
5242.96,0.82118
5243.86,0.81957
5244.76,0.81692
5245.66,0.81718
5246.56,0.81194
5247.46,0.81072
5248.36,0.80533
5249.26,0.80352
5250.16,0.8026
5251.06,0.80157
5251.96,0.798
5252.86,0.79824
5253.76,0.80188
5254.66,0.80492
5255.56,0.80461
5256.46,0.80727
5257.36,0.81166
5258.26,0.81344
5259.16,0.81038
5260.06,0.80709
5260.96,0.80418
5261.86,0.79474
5262.76,0.78929
5263.66,0.78289
5264.56,0.77208
5265.47,0.76745
5266.37,0.76103
5267.27,0.75676
5268.17,0.75176
5269.07,0.75499
5269.97,0.75853
5270.87,0.75747
5271.77,0.75864
5272.67,0.76237
5273.57,0.77153
5274.47,0.77389
5275.37,0.78278
5276.27,0.78624
5277.17,0.79273
5278.07,0.7966
5278.97,0.80115
5279.87,0.80377
5280.77,0.8069
5281.67,0.80569
5282.57,0.8041
5283.47,0.80208
5284.37,0.80489
5285.27,0.80555
5286.17,0.81139
5287.07,0.81166
5287.97,0.81259
5288.87,0.82204
5289.77,0.82685
5290.67,0.82549
5291.57,0.82672
5292.47,0.82585
5293.37,0.82419
5294.27,0.81841
5295.17,0.81732
5296.07,0.81089
5296.97,0.8053
5297.87,0.80211
5298.77,0.79889
5299.67,0.79706
5300.57,0.79809
5301.48,0.8004
5302.38,0.80327
5303.27,0.80551
5304.18,0.80506
5305.08,0.81291
5305.98,0.81606
5306.88,0.81422
5307.78,0.81809
5308.68,0.81954
5309.58,0.81985
5310.48,0.82158
5311.38,0.82191
5312.28,0.81562
5313.18,0.81771
5314.08,0.8177
5314.98,0.81794
5315.88,0.81202
5316.78,0.81138
5317.68,0.8077
5318.58,0.80675
5319.48,0.80615
5320.38,0.80259
5321.28,0.80625
5322.18,0.80009
5323.08,0.79839
5323.98,0.79519
5324.88,0.79031
5325.78,0.78282
5326.68,0.77955
5327.58,0.77578
5328.48,0.77208
5329.38,0.77245
5330.28,0.77356
5331.18,0.77176
5332.08,0.77916
5332.98,0.78401
5333.88,0.79175
5334.78,0.79788
5335.68,0.79919
5336.58,0.80338
5337.48,0.79863
5338.38,0.8009
5339.28,0.7955
5340.19,0.79888
5341.08,0.79587
5341.99,0.7952
5342.89,0.79672
5343.79,0.79485
5344.69,0.79467
5345.59,0.7994
5346.49,0.79766
5347.39,0.79774
5348.29,0.79959
5349.19,0.79841
5350.09,0.80133
5350.99,0.80412
5351.89,0.80444
5352.79,0.80948
5353.69,0.81125
5354.59,0.81496
5355.49,0.81663
5356.39,0.81605
5357.29,0.82253
5358.19,0.82185
5359.09,0.82313
5359.99,0.8213
5360.89,0.81726
5361.79,0.81584
5362.69,0.81334
5363.59,0.81105
5364.49,0.80899
5365.39,0.80237
5366.29,0.79742
5367.19,0.79142
5368.09,0.79176
5368.99,0.7924
5369.89,0.78813
5370.79,0.78765
5371.69,0.78846
5372.59,0.78663
5373.49,0.79195
5374.39,0.79435
5375.29,0.80017
5376.19,0.80162
5377.09,0.80523
5378.0,0.80899
5378.9,0.81065
5379.8,0.8102
5380.7,0.80676
5381.6,0.80262
5382.5,0.80245
5383.4,0.80283
5384.3,0.80596
5385.2,0.80317
5386.1,0.80384
5387.0,0.80255
5387.9,0.80184
5388.8,0.80204
5389.7,0.80354
5390.6,0.79868
5391.5,0.79802
5392.4,0.79619
5393.3,0.79149
5394.2,0.78792
5395.1,0.78535
5396.0,0.78576
5396.9,0.78247
5397.8,0.78375
5398.7,0.78206
5399.6,0.7825
5400.5,0.7849
5401.4,0.78457
5402.3,0.78116
5403.2,0.78193
5404.1,0.77911
5405.0,0.77645
5405.9,0.77408
5406.8,0.77457
5407.7,0.77006
5408.6,0.77249
5409.5,0.77253
5410.4,0.77568
5411.3,0.78046
5412.2,0.78262
5413.1,0.78771
5414.0,0.78765
5414.9,0.79314
5415.81,0.7926
5416.71,0.79613
5417.61,0.7918
5418.51,0.79788
5419.41,0.79843
5420.31,0.79776
5421.21,0.79881
5422.11,0.79645
5423.01,0.79494
5423.91,0.79188
5424.81,0.79207
5425.71,0.79105
5426.61,0.7903
5427.51,0.78913
5428.41,0.7864
5429.31,0.78909
5430.21,0.78174
5431.11,0.78306
5432.01,0.77912
5432.91,0.77648
5433.81,0.7785
5434.71,0.77693
5435.61,0.78009
5436.51,0.78189
5437.41,0.78467
5438.31,0.79079
5439.21,0.79088
5440.11,0.79658
5441.01,0.79672
5441.91,0.79754
5442.81,0.80017
5443.71,0.80085
5444.61,0.79373
5445.51,0.79162
5446.41,0.78725
5447.31,0.78616
5448.21,0.78234
5449.11,0.78111
5450.01,0.78697
5450.91,0.786
5451.81,0.78582
5452.72,0.78811
5453.62,0.78623
5454.52,0.78535
5455.42,0.78581
5456.32,0.78096
5457.22,0.78687
5458.12,0.78479
5459.02,0.78315
5459.92,0.78623
5460.82,0.7879
5461.72,0.78902
5462.62,0.78871
5463.52,0.7857
5464.42,0.78737
5465.32,0.78939
5466.22,0.79007
5467.12,0.7891
5468.02,0.79146
5468.92,0.79087
5469.82,0.78862
5470.72,0.79004
5471.62,0.78974
5472.52,0.78606
5473.42,0.78203
5474.32,0.78169
5475.22,0.7779
5476.12,0.77864
5477.02,0.77314
5477.92,0.77057
5478.82,0.7725
5479.72,0.7727
5480.62,0.77678
5481.52,0.77606
5482.42,0.77817
5483.32,0.77942
5484.22,0.78153
5485.12,0.78288
5486.02,0.78552
5486.92,0.78153
5487.82,0.78429
5488.72,0.78699
5489.62,0.78858
5490.53,0.78726
5491.43,0.78564
5492.33,0.78593
5493.23,0.78952
5494.13,0.79004
5495.03,0.78924
5495.93,0.78529
5496.83,0.78721
5497.73,0.78278
5498.63,0.7861
5499.53,0.7842
5500.43,0.78182
5501.33,0.77957
5502.23,0.78119
5503.13,0.78131
5504.03,0.78274
5504.93,0.78222
5505.83,0.77828
5506.73,0.77861
5507.63,0.77889
5508.53,0.77815
5509.43,0.77853
5510.33,0.77614
5511.23,0.77641
5512.13,0.77845
5513.03,0.77705
5513.93,0.77801
5514.83,0.77984
5515.73,0.78045
5516.63,0.78518
5517.53,0.78362
5518.43,0.78772
5519.33,0.78824
5520.23,0.79424
5521.13,0.79381
5522.03,0.79314
5522.93,0.79134
5523.83,0.78781
5524.73,0.78796
5525.63,0.78666
5526.54,0.78408
5527.44,0.77871
5528.33,0.77648
5529.24,0.77773
5530.14,0.77567
5531.04,0.7759
5531.94,0.77636
5532.84,0.77781
5533.74,0.78003
5534.64,0.782
5535.54,0.78473
5536.44,0.78592
5537.34,0.78598
5538.24,0.78876
5539.14,0.78728
5540.04,0.78752
5540.94,0.79312
5541.84,0.79142
5542.74,0.7927
5543.64,0.79154
5544.54,0.79446
5545.44,0.79359
5546.34,0.78972
5547.24,0.79216
5548.14,0.79038
5549.04,0.79242
5549.94,0.79032
5550.84,0.79126
5551.74,0.794
5552.64,0.79229
5553.54,0.79147
5554.44,0.78549
5555.34,0.78828
5556.24,0.78823
5557.14,0.78712
5558.04,0.78407
5558.94,0.78426
5559.84,0.78282
5560.74,0.78511
5561.64,0.78099
5562.54,0.78008
5563.44,0.78178
5564.34,0.77772
5565.25,0.77631
5566.15,0.77332
5567.05,0.77561
5567.95,0.77532
5568.85,0.77202
5569.75,0.77192
5570.65,0.77073
5571.55,0.7689
5572.45,0.77135
5573.35,0.77147
5574.25,0.77043
5575.15,0.77138
5576.05,0.76997
5576.95,0.77253
5577.85,0.7763
5578.75,0.77262
5579.65,0.77728
5580.55,0.77821
5581.45,0.77554
5582.35,0.77467
5583.25,0.77312
5584.15,0.77079
5585.05,0.76929
5585.95,0.76572
5586.85,0.75834
5587.75,0.75981
5588.65,0.75524
5589.55,0.75602
5590.45,0.75342
5591.35,0.75332
5592.25,0.7527
5593.15,0.75568
5594.05,0.75929
5594.95,0.75897
5595.85,0.76024
5596.75,0.76137
5597.65,0.76006
5598.55,0.76123
5599.45,0.76091
5600.35,0.76022
5601.25,0.75992
5602.15,0.76176
5603.06,0.75903
5603.96,0.76604
5604.86,0.76777
5605.76,0.76954
5606.66,0.77327
5607.56,0.7772
5608.46,0.77671
5609.36,0.78082
5610.26,0.78394
5611.16,0.78081
5612.06,0.77977
5612.96,0.77952
5613.86,0.77639
5614.76,0.77386
5615.66,0.77012
5616.56,0.77138
5617.46,0.76926
5618.36,0.76739
5619.26,0.76645
5620.16,0.76621
5621.06,0.76912
5621.96,0.7697
5622.86,0.77003
5623.76,0.77079
5624.66,0.76902
5625.56,0.76781
5626.46,0.77026
5627.36,0.77741
5628.26,0.77493
5629.16,0.77578
5630.06,0.77589
5630.96,0.77917
5631.86,0.77594
5632.76,0.77549
5633.66,0.77912
5634.56,0.77631
5635.46,0.78095
5636.36,0.77647
5637.26,0.77337
5638.16,0.77016
5639.06,0.77166
5639.96,0.76738
5640.86,0.76692
5641.77,0.76896
5642.67,0.76878
5643.57,0.77079
5644.47,0.7704
5645.37,0.77162
5646.27,0.77167
5647.17,0.76988
5648.07,0.7737
5648.97,0.77432
5649.87,0.77524
5650.77,0.7748
5651.67,0.77549
5652.57,0.77245
5653.47,0.77252
5654.37,0.77139
5655.27,0.76887
5656.17,0.76606
5657.07,0.762
5657.97,0.75935
5658.87,0.7591
5659.77,0.75534
5660.67,0.75282
5661.57,0.75735
5662.47,0.75495
5663.37,0.75508
5664.27,0.75905
5665.17,0.75879
5666.07,0.76276
5666.97,0.76308
5667.87,0.7653
5668.77,0.76461
5669.67,0.76511
5670.57,0.76672
5671.47,0.76876
5672.37,0.76966
5673.27,0.77071
5674.17,0.77414
5675.07,0.77306
5675.97,0.77367
5676.88,0.77115
5677.77,0.77482
5678.68,0.77403
5679.58,0.77344
5680.48,0.76793
5681.38,0.76881
5682.28,0.77043
5683.18,0.76733
5684.08,0.76468
5684.98,0.76562
5685.88,0.76132
5686.78,0.7578
5687.68,0.76017
5688.58,0.76192
5689.48,0.76223
5690.38,0.76185
5691.28,0.76362
5692.18,0.76896
5693.08,0.76993
5693.98,0.76953
5694.88,0.77055
5695.78,0.76759
5696.68,0.76976
5697.58,0.76721
5698.48,0.76473
5699.38,0.76666
5700.28,0.76365
5701.18,0.76021
5702.08,0.7587
5702.98,0.75751
5703.88,0.75454
5704.78,0.75404
5705.68,0.75372
5706.58,0.7497
5707.48,0.75058
5708.38,0.74982
5709.28,0.74722
5710.18,0.74668
5711.08,0.74523
5711.98,0.74863
5712.88,0.7465
5713.78,0.75087
5714.68,0.7542
5715.59,0.75644
5716.49,0.75851
5717.39,0.76123
5718.29,0.76312
5719.19,0.76529
5720.09,0.77066
5720.99,0.76781
5721.89,0.77075
5722.79,0.77069
5723.69,0.77143
5724.59,0.76998
5725.49,0.76801
5726.39,0.7671
5727.29,0.76936
5728.19,0.76809
5729.09,0.76671
5729.99,0.76709
5730.89,0.76938
5731.79,0.76746
5732.69,0.76494
5733.59,0.76731
5734.49,0.76508
5735.39,0.76913
5736.29,0.76706
5737.19,0.76703
5738.09,0.77024
5738.99,0.76457
5739.89,0.76712
5740.79,0.7659
5741.69,0.76448
5742.59,0.76515
5743.49,0.76502
5744.39,0.76584
5745.29,0.76481
5746.19,0.76822
5747.09,0.76471
5747.99,0.76485
5748.89,0.76198
5749.79,0.7619
5750.69,0.76393
5751.59,0.76068
5752.5,0.75845
5753.4,0.75804
5754.3,0.75838
5755.2,0.75722
5756.1,0.75706
5757.0,0.75691
5757.9,0.75709
5758.8,0.75951
5759.7,0.75567
5760.6,0.76219
5761.5,0.76185
5762.4,0.75747
5763.3,0.75807
5764.2,0.75865
5765.1,0.7583
5766.0,0.75841
5766.9,0.76035
5767.8,0.76219
5768.7,0.76218
5769.6,0.76282
5770.5,0.76212
5771.4,0.76202
5772.3,0.76444
5773.2,0.76379
5774.1,0.75868
5775.0,0.75825
5775.9,0.75994
5776.8,0.75786
5777.7,0.76031
5778.6,0.75569
5779.5,0.7538
5780.4,0.75203
5781.3,0.75151
5782.2,0.75262
5783.1,0.74551
5784.0,0.74466
5784.9,0.74653
5785.8,0.74593
5786.7,0.74775
5787.6,0.7498
5788.5,0.75145
5789.41,0.75174
5790.31,0.75277
5791.21,0.75494
5792.11,0.75377
5793.01,0.75449
5793.91,0.75483
5794.81,0.75573
5795.71,0.75724
5796.61,0.7556
5797.51,0.75828
5798.41,0.75724
5799.31,0.75844
5800.21,0.75758
5801.11,0.76102
5802.01,0.76028
5802.91,0.76269
5803.81,0.75793
5804.71,0.75888
5805.61,0.75909
5806.51,0.76267
5807.41,0.75976
5808.31,0.75917
5809.21,0.7627
5810.11,0.76074
5811.01,0.75993
5811.91,0.76139
5812.81,0.76083
5813.71,0.76116
5814.61,0.76061
5815.51,0.75987
5816.41,0.75982
5817.31,0.76032
5818.21,0.76135
5819.11,0.76479
5820.01,0.76477
5820.91,0.76354
5821.81,0.76843
5822.71,0.76444
5823.61,0.76752
5824.51,0.76388
5825.41,0.76632
5826.31,0.76574
5827.22,0.76678
5828.12,0.76554
5829.02,0.76412
5829.92,0.767
5830.82,0.76605
5831.72,0.76549
5832.62,0.76575
5833.52,0.76269
5834.42,0.76395
5835.32,0.76215
5836.22,0.76293
5837.12,0.76199
5838.02,0.76368
5838.92,0.76158
5839.82,0.76095
5840.72,0.7617
5841.62,0.76201
5842.52,0.76171
5843.42,0.76206
5844.32,0.76139
5845.22,0.76199
5846.12,0.76033
5847.02,0.76126
5847.92,0.75672
5848.82,0.75635
5849.72,0.75425
5850.62,0.75223
5851.52,0.75226
5852.42,0.75282
5853.32,0.74677
5854.22,0.74893
5855.12,0.74625
5856.02,0.74677
5856.92,0.74061
5857.82,0.73949
5858.72,0.74113
5859.62,0.74253
5860.52,0.74193
5861.42,0.73945
5862.32,0.74479
5863.23,0.74365
5864.12,0.74745
5865.03,0.74806
5865.93,0.74822
5866.83,0.74687
5867.73,0.75189
5868.63,0.7485
5869.53,0.75087
5870.43,0.7525
5871.33,0.75373
5872.23,0.75567
5873.13,0.75315
5874.03,0.75411
5874.93,0.75531
5875.83,0.75422
5876.73,0.75538
5877.63,0.75383
5878.53,0.75063
5879.43,0.7504
5880.33,0.74899
5881.23,0.74959
5882.13,0.74615
5883.03,0.74451
5883.93,0.7427
5884.83,0.73888
5885.73,0.73845
5886.63,0.73113
5887.53,0.72388
5888.43,0.7184
5889.33,0.71491
5890.23,0.70495
5891.13,0.69969
5892.03,0.69646
5892.93,0.6959
5893.83,0.6939
5894.73,0.695
5895.63,0.6926
5896.53,0.69824
5897.43,0.70241
5898.33,0.70625
5899.23,0.71001
5900.13,0.71421
5901.04,0.72046
5901.94,0.72441
5902.83,0.72562
5903.74,0.73299
5904.64,0.7323
5905.54,0.74067
5906.44,0.73937
5907.34,0.73924
5908.24,0.74117
5909.14,0.74262
5910.04,0.73928
5910.94,0.7392
5911.84,0.74036
5912.74,0.74047
5913.64,0.7394
5914.54,0.7367
5915.44,0.73584
5916.34,0.73367
5917.24,0.73356
5918.14,0.73622
5919.04,0.73839
5919.94,0.7356
5920.84,0.73431
5921.74,0.74096
5922.64,0.73991
5923.54,0.73982
5924.44,0.73732
5925.34,0.73999
5926.24,0.73952
5927.14,0.73891
5928.04,0.73898
5928.94,0.73833
5929.84,0.7391
5930.74,0.73869
5931.64,0.7366
5932.54,0.73782
5933.44,0.73961
5934.34,0.73818
5935.24,0.73556
5936.14,0.73734
5937.04,0.7405
5937.94,0.73985
5938.85,0.73934
5939.75,0.73608
5940.65,0.7362
5941.55,0.73894
5942.45,0.73575
5943.35,0.73895
5944.25,0.73631
5945.15,0.736
5946.05,0.73646
5946.95,0.73718
5947.85,0.73844
5948.75,0.73618
5949.65,0.73694
5950.55,0.73502
5951.45,0.73512
5952.35,0.73353
5953.25,0.73596
5954.15,0.73385
5955.05,0.73422
5955.95,0.73452
5956.85,0.73293
5957.75,0.73532
5958.65,0.73597
5959.55,0.73693
5960.45,0.73847
5961.35,0.73849
5962.25,0.73746
5963.15,0.73984
5964.05,0.74359
5964.95,0.74408
5965.85,0.74143
5966.75,0.74432
5967.65,0.74164
5968.55,0.74181
5969.45,0.74021
5970.35,0.74318
5971.25,0.74047
5972.15,0.73911
5973.05,0.74329
5973.95,0.74213
5974.85,0.74087
5975.75,0.74137
5976.65,0.73723
5977.56,0.73797
5978.46,0.74028
5979.36,0.73358
5980.26,0.73809
5981.16,0.73531
5982.06,0.73232
5982.96,0.7366
5983.86,0.7359
5984.76,0.73299
5985.66,0.73074
5986.56,0.7329
5987.46,0.73261
5988.36,0.73238
5989.26,0.73187
5990.16,0.73654
5991.06,0.73739
5991.96,0.73685
5992.86,0.73425
5993.76,0.73899
5994.66,0.73564
5995.56,0.73664
5996.46,0.73622
5997.36,0.73515
5998.26,0.7379
5999.16,0.73534
6000.06,0.73277
6000.96,0.73234
6001.86,0.7357
6002.76,0.73315
6003.66,0.73105
6004.56,0.73228
6005.46,0.73003
6006.36,0.72889
6007.26,0.73082
6008.16,0.73088
6009.06,0.72975
6009.96,0.72904
6010.86,0.7282
6011.76,0.72777
6012.67,0.72918
6013.56,0.72885
6014.47,0.72979
6015.37,0.7283
6016.27,0.72881
6017.17,0.7285
6018.07,0.7259
6018.97,0.72651
6019.87,0.72812
6020.77,0.72482
6021.67,0.72389
6022.57,0.72817
6023.47,0.72517
6024.37,0.72669
6025.27,0.72552
6026.17,0.72718
6027.07,0.72879
6027.97,0.72568
6028.87,0.73134
6029.77,0.73024
6030.67,0.73012
6031.57,0.73596
6032.47,0.73302
6033.37,0.73456
6034.27,0.73314
6035.17,0.7351
6036.07,0.73478
6036.97,0.73637
6037.87,0.73585
6038.77,0.73215
6039.67,0.73458
6040.57,0.73131
6041.47,0.73333
6042.37,0.73684
6043.27,0.73559
6044.17,0.73509
6045.07,0.73468
6045.97,0.7356
6046.87,0.7348
6047.77,0.7363
6048.67,0.73521
6049.57,0.735
6050.47,0.73451
6051.38,0.73607
6052.28,0.73416
6053.18,0.73502
6054.08,0.73502
6054.98,0.73273
6055.88,0.73375
6056.78,0.72974
6057.68,0.7322
6058.58,0.73076
6059.48,0.73252
6060.38,0.73019
6061.28,0.73087
6062.18,0.72843
6063.08,0.72887
6063.98,0.72804
6064.88,0.72658
6065.78,0.72646
6066.68,0.72637
6067.58,0.72606
6068.48,0.72528
6069.38,0.73008
6070.28,0.73089
6071.18,0.7316
6072.08,0.7336
6072.98,0.73651
6073.88,0.73157
6074.78,0.73272
6075.68,0.73288
6076.58,0.7315
6077.48,0.73263
6078.38,0.73033
6079.28,0.72917
6080.18,0.72782
6081.08,0.72709
6081.98,0.72525
6082.88,0.72703
6083.78,0.72403
6084.68,0.72183
6085.58,0.72024
6086.48,0.7237
6087.38,0.71888
6088.28,0.7218
6089.19,0.72325
6090.09,0.72055
6090.99,0.72244
6091.89,0.72304
6092.79,0.72559
6093.69,0.72279
6094.59,0.72576
6095.49,0.72538
6096.39,0.7237
6097.29,0.72479
6098.19,0.72359
6099.09,0.72147
6099.99,0.71757
6100.89,0.7217
6101.79,0.72023
6102.69,0.71713
6103.59,0.71696
6104.49,0.71162
6105.39,0.71539
6106.29,0.71781
6107.19,0.71866
6108.09,0.71619
6108.99,0.71742
6109.89,0.71772
6110.79,0.72451
6111.69,0.72167
6112.59,0.72226
6113.49,0.72276
6114.39,0.72248
6115.29,0.72237
6116.19,0.72199
6117.09,0.72131
6117.99,0.72222
6118.89,0.72116
6119.79,0.71789
6120.69,0.71682
6121.59,0.71545
6122.49,0.71219
6123.39,0.71114
6124.29,0.71488
6125.19,0.71707
6126.1,0.71351
6127.0,0.71538
6127.9,0.71709
6128.8,0.71704
6129.7,0.71773
6130.6,0.71643
6131.5,0.71768
6132.4,0.71794
6133.3,0.71426
6134.2,0.71395
6135.1,0.71155
6136.0,0.70742
6136.9,0.70306
6137.8,0.70188
6138.7,0.70249
6139.6,0.70037
6140.5,0.70066
6141.4,0.70377
6142.3,0.70376
6143.2,0.7049
6144.1,0.70735
6145.0,0.70882
6145.9,0.71382
6146.8,0.71452
6147.7,0.71256
6148.6,0.71358
6149.5,0.71567
6150.4,0.7147
6151.3,0.71807
6152.2,0.7119
6153.1,0.71556
6154.0,0.7165
6154.9,0.71547
6155.8,0.71457
6156.7,0.71606
6157.6,0.71538
6158.5,0.71
6159.4,0.70698
6160.3,0.70532
6161.2,0.70477
6162.1,0.70019
6163.01,0.69715
6163.91,0.69539
6164.81,0.69112
6165.71,0.6917
6166.61,0.69359
6167.51,0.69366
6168.41,0.69318
6169.31,0.69348
6170.21,0.69361
6171.11,0.69388
6172.01,0.6973
6172.91,0.69496
6173.81,0.6996
6174.71,0.69913
6175.61,0.70181
6176.51,0.70443
6177.41,0.70578
6178.31,0.70766
6179.21,0.7088
6180.11,0.70843
6181.01,0.71031
6181.91,0.71004
6182.81,0.71059
6183.71,0.70986
6184.61,0.71037
6185.51,0.70917
6186.41,0.70797
6187.31,0.70861
6188.21,0.7045
6189.11,0.7041
6190.01,0.70413
6190.91,0.70027
6191.81,0.7004
6192.71,0.69883
6193.61,0.6999
6194.51,0.70154
6195.41,0.70227
6196.31,0.70228
6197.21,0.70451
6198.11,0.70215
6199.01,0.70583
6199.92,0.70773
6200.82,0.70776
6201.72,0.70785
6202.62,0.70725
6203.52,0.70801
6204.42,0.70984
6205.32,0.7085
6206.22,0.70884
6207.12,0.70932
6208.02,0.70877
6208.92,0.70704
6209.82,0.70691
6210.72,0.70528
6211.62,0.70693
6212.52,0.70305
6213.42,0.70041
6214.32,0.69947
6215.22,0.69865
6216.12,0.6966
6217.02,0.69233
6217.92,0.69562
6218.82,0.69605
6219.72,0.69345
6220.62,0.69488
6221.52,0.69375
6222.42,0.69895
6223.32,0.69648
6224.22,0.6972
6225.12,0.69454
6226.02,0.69774
6226.92,0.69351
6227.82,0.69825
6228.72,0.69644
6229.62,0.69326
6230.52,0.69465
6231.42,0.68904
6232.32,0.69143
6233.22,0.69365
6234.12,0.69036
6235.02,0.69186
6235.92,0.69258
6236.83,0.69471
6237.73,0.6946
6238.63,0.69579
6239.53,0.69407
6240.43,0.69393
6241.33,0.69228
6242.23,0.69184
6243.13,0.69241
6244.03,0.69103
6244.93,0.6892
6245.83,0.68906
6246.73,0.68738
6247.63,0.68887
6248.53,0.68754
6249.43,0.69202
6250.33,0.68891
6251.23,0.68658
6252.13,0.68538
6253.03,0.68584
6253.93,0.68344
6254.83,0.68358
6255.73,0.6808
6256.63,0.679
6257.53,0.68294
6258.43,0.67792
6259.33,0.67788
6260.23,0.68449
6261.13,0.68168
6262.03,0.68636
6262.93,0.68873
6263.83,0.68895
6264.73,0.68901
6265.63,0.69266
6266.53,0.69081
6267.43,0.69175
6268.33,0.69218
6269.23,0.69414
6270.13,0.69469
6271.03,0.69274
6271.93,0.69645
6272.83,0.69771
6273.73,0.69578
6274.64,0.69742
6275.54,0.69836
6276.44,0.69687
6277.34,0.69788
6278.24,0.69544
6279.14,0.69381
6280.04,0.69368
6280.94,0.69447
6281.84,0.69226
6282.74,0.69478
6283.64,0.69446
6284.54,0.69495
6285.44,0.6949
6286.34,0.697
6287.24,0.69745
6288.14,0.69728
6289.04,0.69793
6289.94,0.69951
6290.84,0.69973
6291.74,0.70038
6292.64,0.69811
6293.54,0.69427
6294.44,0.69675
6295.34,0.69458
6296.24,0.69182
6297.14,0.69308
6298.04,0.6914
6298.94,0.6879
6299.84,0.68918
6300.74,0.68832
6301.64,0.68641
6302.54,0.68593
6303.44,0.68555
6304.34,0.6881
6305.24,0.68916
6306.14,0.68723
6307.04,0.69104
6307.94,0.69205
6308.84,0.69223
6309.74,0.69337
6310.64,0.6937
6311.54,0.69141
6312.45,0.69237
6313.35,0.69207
6314.25,0.68717
6315.15,0.68903
6316.05,0.68887
6316.95,0.68864
6317.85,0.68614
6318.75,0.68878
6319.65,0.68698
6320.55,0.68347
6321.45,0.68193
6322.35,0.6861
6323.25,0.68916
6324.15,0.68771
6325.05,0.69228
6325.95,0.69254
6326.85,0.69112
6327.75,0.69236
6328.65,0.69199
6329.55,0.69212
6330.45,0.69259
6331.35,0.69521
6332.25,0.69468
6333.15,0.69144
6334.05,0.69042
6334.95,0.68855
6335.85,0.68755
6336.75,0.68699
6337.65,0.6868
6338.55,0.68881
6339.45,0.68722
6340.35,0.68797
6341.25,0.68908
6342.15,0.68802
6343.05,0.68864
6343.95,0.68925
6344.85,0.68916
6345.75,0.68849
6346.65,0.68604
6347.55,0.68833
6348.46,0.68927
6349.35,0.68915
6350.26,0.69089
6351.16,0.6899
6352.06,0.69161
6352.96,0.68868
6353.86,0.68671
6354.76,0.68871
6355.66,0.68749
6356.56,0.6822
6357.46,0.68425
6358.36,0.68281
6359.26,0.67889
6360.16,0.68093
6361.06,0.68343
6361.96,0.67825
6362.86,0.68053
6363.76,0.67902
6364.66,0.68273
6365.56,0.68127
6366.46,0.68321
6367.36,0.6828
6368.26,0.68113
6369.16,0.68605
6370.06,0.68457
6370.96,0.68591
6371.86,0.68702
6372.76,0.68952
6373.66,0.68516
6374.56,0.68842
6375.46,0.68955
6376.36,0.69068
6377.26,0.68948
6378.16,0.68813
6379.06,0.68968
6379.96,0.68851
6380.86,0.6872
6381.76,0.68872
6382.66,0.68804
6383.56,0.6842
6384.46,0.68604
6385.36,0.68618
6386.27,0.6862
6387.17,0.68776
6388.07,0.68722
6388.97,0.68761
6389.87,0.6874
6390.77,0.68431
6391.67,0.68346
6392.57,0.68204
6393.47,0.68174
6394.37,0.68261
6395.27,0.6778
6396.17,0.68372
6397.07,0.67977
6397.97,0.67948
6398.87,0.67789
6399.77,0.67853
6400.67,0.67844
6401.57,0.67828
6402.47,0.67816
6403.37,0.68072
6404.27,0.67828
6405.17,0.67962
6406.07,0.68196
6406.97,0.68171
6407.87,0.68464
6408.77,0.68261
6409.67,0.68104
6410.57,0.68386
6411.47,0.68123
6412.37,0.68339
6413.27,0.68229
6414.17,0.68159
6415.07,0.68141
6415.97,0.68155
6416.87,0.68058
6417.77,0.67986
6418.67,0.68201
6419.57,0.67908
6420.47,0.68
6421.37,0.68053
6422.27,0.68143
6423.17,0.68269
6424.08,0.68317
6424.98,0.68298
6425.88,0.68231
6426.78,0.68593
6427.68,0.68386
6428.58,0.68424
6429.48,0.68146
6430.38,0.68445
6431.28,0.68339
6432.18,0.68033
6433.08,0.67957
6433.98,0.67814
6434.88,0.67906
6435.78,0.67739
6436.68,0.68132
6437.58,0.68051
6438.48,0.67697
6439.38,0.67742
6440.28,0.67909
6441.18,0.67681
6442.08,0.68277
6442.98,0.68245
6443.88,0.6823
6444.78,0.68085
6445.68,0.68314
6446.58,0.68302
6447.48,0.68111
6448.38,0.67857
6449.28,0.6812
6450.18,0.67668
6451.08,0.67776
6451.98,0.6746
6452.88,0.6727
6453.78,0.6721
6454.68,0.67488
6455.58,0.67266
6456.48,0.67232
6457.38,0.67403
6458.28,0.67207
6459.18,0.6723
6460.08,0.66891
6460.98,0.66956
6461.89,0.6684
6462.79,0.6698
6463.69,0.66877
6464.59,0.66725
6465.49,0.66622
6466.39,0.66693
6467.29,0.67317
6468.19,0.66964
6469.09,0.6717
6469.99,0.67065
6470.89,0.67166
6471.79,0.67204
6472.69,0.67137
6473.59,0.66959
6474.49,0.66928
6475.39,0.67207
6476.29,0.67144
6477.19,0.6709
6478.09,0.67037
6478.99,0.66968
6479.89,0.66826
6480.79,0.66956
6481.69,0.6703
6482.59,0.66711
6483.49,0.66838
6484.39,0.66613
6485.29,0.66715
6486.19,0.66791
6487.09,0.6681
6487.99,0.66759
6488.89,0.66587
6489.79,0.6636
6490.69,0.66082
6491.59,0.65778
6492.49,0.65672
6493.39,0.65188
6494.29,0.64616
6495.19,0.64389
6496.09,0.64139
6496.99,0.63896
6497.9,0.64059
6498.79,0.64016
6499.7,0.64272
6500.6,0.6461
6501.5,0.64687
6502.4,0.64891
6503.3,0.65325
6504.2,0.655
6505.1,0.65712
6506.0,0.66096
6506.9,0.66315
6507.8,0.664
6508.7,0.66636
6509.6,0.66484
6510.5,0.66439
6511.4,0.66656
6512.3,0.66501
6513.2,0.66397
6514.1,0.66429
6515.0,0.66161
6515.9,0.65751
6516.8,0.65835
6517.7,0.6575
6518.6,0.6588
6519.5,0.65426
6520.4,0.65704
6521.3,0.65645
6522.2,0.65487
6523.1,0.65689
6524.0,0.65661
6524.9,0.6576
6525.8,0.6593
6526.7,0.6569
6527.6,0.65562
6528.5,0.65537
6529.4,0.65652
6530.3,0.65528
6531.2,0.65689
6532.1,0.65585
6533.0,0.65318
6533.9,0.65509
6534.8,0.65378
6535.71,0.65336
6536.61,0.65173
6537.51,0.65208
6538.41,0.65107
6539.31,0.64867
6540.21,0.65052
6541.11,0.65035
6542.01,0.64538
6542.91,0.64489
6543.81,0.64523
6544.71,0.64056
6545.61,0.63981
6546.51,0.63438
6547.41,0.63518
6548.31,0.6331
6549.21,0.63008
6550.11,0.62642
6551.01,0.62333
6551.91,0.62251
6552.81,0.62116
6553.71,0.61585
6554.61,0.60953
6555.51,0.60428
6556.41,0.5966
6557.31,0.59062
6558.21,0.57683
6559.11,0.56627
6560.01,0.55612
6560.91,0.54249
6561.81,0.53137
6562.71,0.52479
6563.61,0.51727
6564.51,0.51349
6565.41,0.51423
6566.31,0.51939
6567.21,0.52995
6568.11,0.538
6569.01,0.55188
6569.91,0.56354
6570.81,0.57452
6571.71,0.58408
6572.61,0.59126
6573.52,0.59672
6574.42,0.60437
6575.32,0.61191
6576.22,0.61441
6577.12,0.61761
6578.02,0.62132
6578.92,0.62438
6579.82,0.62647
6580.72,0.62811
6581.62,0.63046
6582.52,0.63507
6583.42,0.6359
6584.32,0.63744
6585.22,0.63796
6586.12,0.63617
6587.02,0.64078
6587.92,0.63902
6588.82,0.6412
6589.72,0.64042
6590.62,0.64123
6591.52,0.64036
6592.42,0.63713
6593.32,0.63876
6594.22,0.63929
6595.12,0.6386
6596.02,0.63723
6596.92,0.63841
6597.82,0.64106
6598.72,0.64059
6599.62,0.64196
6600.52,0.6443
6601.42,0.64752
6602.32,0.64723
6603.22,0.64693
6604.12,0.64832
6605.02,0.64611
6605.92,0.64735
6606.82,0.64591
6607.72,0.647
6608.62,0.64676
6609.52,0.64524
6610.43,0.6455
6611.33,0.64704
6612.23,0.64528
6613.13,0.64618
6614.03,0.64771
6614.93,0.64779
6615.83,0.65004
6616.73,0.6485
6617.63,0.65149
6618.53,0.65378
6619.43,0.65064
6620.33,0.65373
6621.23,0.65198
6622.13,0.65254
6623.03,0.65173
6623.93,0.65315
6624.83,0.65004
6625.73,0.64971
6626.63,0.64943
6627.53,0.64916
6628.43,0.65247
6629.33,0.6493
6630.23,0.64503
6631.13,0.64783
6632.03,0.64941
6632.93,0.64883
6633.83,0.64559
6634.73,0.64897
6635.63,0.64862
6636.53,0.65099
6637.43,0.64837
6638.33,0.64902
6639.23,0.64855
6640.13,0.65136
6641.03,0.64858
6641.93,0.64849
6642.83,0.64955
6643.73,0.64682
6644.63,0.64639
6645.53,0.64429
6646.43,0.64693
6647.34,0.64729
6648.24,0.64625
6649.14,0.64772
6650.04,0.64934
6650.94,0.64862
6651.84,0.65134
6652.74,0.65097
6653.64,0.65146
6654.54,0.65088
6655.44,0.65004
6656.34,0.65024
6657.24,0.64828
6658.14,0.64969
6659.04,0.64891
6659.94,0.64783
6660.84,0.64685
6661.74,0.64598
6662.64,0.64603
6663.54,0.64589
6664.44,0.6442
6665.34,0.64502
6666.24,0.6441
6667.14,0.64506
6668.04,0.64647
6668.94,0.64517
6669.84,0.64507
6670.74,0.64621
6671.64,0.64818
6672.54,0.64606
6673.44,0.64723
6674.34,0.64617
6675.24,0.64648
6676.14,0.64322
6677.04,0.64243
6677.94,0.64214
6678.84,0.64051
6679.74,0.64176
6680.64,0.64205
6681.54,0.64261
6682.44,0.64188
6683.34,0.64026
6684.24,0.64451
6685.15,0.64398
6686.05,0.64225
6686.95,0.6445
6687.85,0.64194
6688.75,0.64647
6689.65,0.64477
6690.55,0.64793
6691.45,0.64378
6692.35,0.64488
6693.25,0.64537
6694.15,0.64591
6695.05,0.64465
6695.95,0.6454
6696.85,0.64475
6697.75,0.64571
6698.65,0.64367
6699.55,0.64343
6700.45,0.64608
6701.35,0.64681
6702.25,0.642
6703.15,0.64409
6704.05,0.64353
6704.95,0.64171
6705.85,0.64364
6706.75,0.64066
6707.65,0.64194
6708.55,0.64133
6709.45,0.64063
6710.35,0.64066
6711.25,0.64279
6712.15,0.64175
6713.05,0.63935
6713.95,0.63738
6714.85,0.6377
6715.75,0.63649
6716.65,0.63701
6717.55,0.63669
6718.45,0.63486
6719.35,0.63658
6720.25,0.63369
6721.16,0.63488
6722.06,0.63704
6722.96,0.63524
6723.86,0.63936
6724.76,0.63836
6725.66,0.63743
6726.56,0.63805
6727.46,0.64202
6728.36,0.64069
6729.26,0.63998
6730.16,0.64036
6731.06,0.64045
6731.96,0.64088
6732.86,0.64146
6733.76,0.64005
6734.66,0.63993
6735.56,0.63984
6736.46,0.63905
6737.36,0.63747
6738.26,0.63842
6739.16,0.63797
6740.06,0.63678
6740.96,0.63702
6741.86,0.63828
6742.76,0.63751
6743.66,0.63454
6744.56,0.63387
6745.46,0.63371
6746.36,0.63547
6747.26,0.63563
6748.16,0.63236
6749.06,0.63395
6749.96,0.63423
6750.86,0.63381
6751.76,0.63186
6752.66,0.6343
6753.56,0.63332
6754.46,0.6359
6755.36,0.63611
6756.26,0.6367
6757.16,0.63566
6758.06,0.63583
6758.97,0.6367
6759.87,0.63996
6760.77,0.63737
6761.67,0.63747
6762.57,0.63881
6763.47,0.63802
6764.37,0.63728
6765.27,0.63581
6766.17,0.63643
6767.07,0.63384
6767.97,0.63408
6768.87,0.63513
6769.77,0.63193
6770.67,0.63021
6771.57,0.63116
6772.47,0.63338
6773.37,0.63366
6774.27,0.63258
6775.17,0.63285
6776.07,0.63585
6776.97,0.63699
6777.87,0.63776
6778.77,0.6368
6779.67,0.63431
6780.57,0.63674
6781.47,0.63457
6782.37,0.636
6783.27,0.63667
6784.17,0.63504
6785.07,0.63412
6785.97,0.63256
6786.87,0.6351
6787.77,0.63209
6788.67,0.63363
6789.57,0.63346
6790.47,0.62957
6791.37,0.63053
6792.27,0.63492
6793.17,0.63337
6794.07,0.63331
6794.97,0.63115
6795.88,0.63314
6796.78,0.63078
6797.68,0.63257
6798.58,0.63542
6799.48,0.63527
6800.38,0.63207
6801.28,0.63459
6802.18,0.63337
6803.08,0.63421
6803.98,0.63501
6804.88,0.62995
6805.78,0.63178
6806.68,0.63169
6807.58,0.6312
6808.48,0.63322
6809.38,0.63193
6810.28,0.6302
6811.18,0.63186
6812.08,0.63156
6812.98,0.628
6813.88,0.62913
6814.78,0.62899
6815.68,0.63333
6816.58,0.63001
6817.48,0.62975
6818.38,0.63165
6819.28,0.63263
6820.18,0.6319
6821.08,0.63198
6821.98,0.63107
6822.88,0.63044
6823.78,0.63075
6824.68,0.63082
6825.58,0.63193
6826.48,0.63049
6827.38,0.63249
6828.28,0.62718
6829.18,0.63227
6830.08,0.63077
6830.98,0.63057
6831.88,0.63012
6832.79,0.62805
6833.69,0.62844
6834.59,0.62899
6835.49,0.6276
6836.39,0.62833
6837.29,0.62753
6838.19,0.62631
6839.09,0.62801
6839.99,0.62498
6840.89,0.62392
6841.79,0.62436
6842.69,0.6251
6843.59,0.62362
6844.49,0.6253
6845.39,0.62459
6846.29,0.62519
6847.19,0.62227
6848.09,0.62433
6848.99,0.62616
6849.89,0.62291
6850.79,0.62459
6851.69,0.62641
6852.59,0.62612
6853.49,0.62419
6854.39,0.62521
6855.29,0.62504
6856.19,0.62354
6857.09,0.62195
6857.99,0.62444
6858.89,0.62462
6859.79,0.6219
6860.69,0.62494
6861.59,0.62332
6862.49,0.62117
6863.39,0.62491
6864.29,0.62484
6865.19,0.6252
6866.09,0.62347
6866.99,0.62477
6867.89,0.62606
6868.79,0.62516
6869.7,0.6237
6870.6,0.62474
6871.5,0.62483
6872.4,0.62602
6873.3,0.62623
6874.2,0.62439
6875.1,0.62595
6876.0,0.62319
6876.9,0.62461
6877.8,0.62613
6878.7,0.62523
6879.6,0.62573
6880.5,0.62314
6881.4,0.62429
6882.3,0.62609
6883.2,0.62502
6884.1,0.62354
6885.0,0.62449
6885.9,0.62375
6886.8,0.62263
6887.7,0.62325
6888.6,0.62299
6889.5,0.62292
6890.4,0.62459
6891.3,0.62473
6892.2,0.62605
6893.1,0.62403
6894.0,0.62431
6894.9,0.62333
6895.8,0.62528
6896.7,0.62259
6897.6,0.62342
6898.5,0.62453
6899.4,0.6226
6900.3,0.62392
6901.2,0.6257
6902.1,0.62317
6903.0,0.62179
6903.9,0.62313
6904.8,0.6239
6905.7,0.62328
6906.6,0.62265
6907.51,0.62378
6908.41,0.62616
6909.31,0.62403
6910.21,0.62223
6911.11,0.62082
6912.01,0.61933
6912.91,0.61893
6913.81,0.61922
6914.71,0.62109
6915.61,0.61783
6916.51,0.62248
6917.41,0.61916
6918.31,0.61758
6919.21,0.61952
6920.11,0.61867
6921.01,0.61921
6921.91,0.62079
6922.81,0.62132
6923.71,0.61939
6924.61,0.61725
6925.51,0.62088
6926.41,0.62404
6927.31,0.62149
6928.21,0.623
6929.11,0.62112
6930.01,0.62336
6930.91,0.62182
6931.81,0.61971
6932.71,0.61956
6933.61,0.62222
6934.51,0.62056
6935.41,0.62144
6936.31,0.62109
6937.21,0.61942
6938.11,0.61967
6939.01,0.6204
6939.91,0.62094
6940.81,0.62047
6941.71,0.61989
6942.61,0.62044
6943.52,0.61857
6944.42,0.61715
6945.31,0.61695
6946.22,0.61559
6947.12,0.61503
6948.02,0.61725
6948.92,0.61793
6949.82,0.61763
6950.72,0.61739
6951.62,0.61802
6952.52,0.6175
6953.42,0.61776
6954.32,0.61981
6955.22,0.61767
6956.12,0.6194
6957.02,0.61548
6957.92,0.61769
6958.82,0.61835
6959.72,0.61799
6960.62,0.6212
6961.52,0.61777
6962.42,0.61996
6963.32,0.62153
6964.22,0.62094
6965.12,0.61936
6966.02,0.62006
6966.92,0.61732
6967.82,0.61866
6968.72,0.62028
6969.62,0.61815
6970.52,0.61692
6971.42,0.61865
6972.32,0.61665
6973.22,0.61651
6974.12,0.61567
6975.02,0.61626
6975.92,0.61658
6976.82,0.61474
6977.72,0.61193
6978.62,0.61159
6979.52,0.61335
6980.42,0.60902
6981.33,0.60938
6982.23,0.61139
6983.12,0.61083
6984.03,0.61158
6984.93,0.61249
6985.83,0.61189
6986.73,0.61388
6987.63,0.61414
6988.53,0.61486
6989.43,0.61772
6990.33,0.61696
6991.23,0.61421
6992.13,0.61393
6993.03,0.6167
6993.93,0.61686
6994.83,0.61238
6995.73,0.61469
6996.63,0.61527
6997.53,0.61439
6998.43,0.61375
6999.33,0.61516
7000.23,0.61438
7001.13,0.61409
7002.03,0.61539
7002.93,0.61362
7003.83,0.61251
7004.73,0.61169
7005.63,0.61063
7006.53,0.61416
7007.43,0.61281
7008.33,0.61249
7009.23,0.61493
7010.13,0.61286
7011.03,0.61106
7011.93,0.61357
7012.83,0.61207
7013.73,0.61136
7014.63,0.61164
7015.53,0.6101
7016.43,0.61069
7017.33,0.60921
7018.23,0.60932
7019.14,0.60568
7020.04,0.6088
7020.94,0.61021
7021.84,0.60876
7022.74,0.61071
7023.64,0.60969
7024.54,0.61064
7025.44,0.61202
7026.34,0.61112
7027.24,0.6092
7028.14,0.60982
7029.04,0.61075
7029.94,0.61123
7030.84,0.60991
7031.74,0.61046
7032.64,0.61097
7033.54,0.61156
7034.44,0.61199
7035.34,0.60983
7036.24,0.61214
7037.14,0.61183
7038.04,0.61003
7038.94,0.61134
7039.84,0.60945
7040.74,0.61135
7041.64,0.6114
7042.54,0.61536
7043.44,0.61536
7044.34,0.61352
7045.24,0.6164
7046.14,0.61552
7047.04,0.61431
7047.94,0.61519
7048.84,0.61621
7049.74,0.61372
7050.64,0.6154
7051.54,0.61595
7052.44,0.61465
7053.34,0.61318
7054.25,0.61111
7055.15,0.60948
7056.04,0.61032
7056.95,0.6122
7057.85,0.60882
7058.75,0.6099
7059.65,0.60811
7060.55,0.60801
7061.45,0.60914
7062.35,0.60981
7063.25,0.60941
7064.15,0.60866
7065.05,0.61067
7065.95,0.61094
7066.85,0.61001
7067.75,0.61003
7068.65,0.60785
7069.55,0.60785
7070.45,0.61028
7071.35,0.61135
7072.25,0.6098
7073.15,0.6093
7074.05,0.60906
7074.95,0.60968
7075.85,0.61001
7076.75,0.6119
7077.65,0.61281
7078.55,0.61186
7079.45,0.60899
7080.35,0.60958
7081.25,0.60944
7082.15,0.60915
7083.05,0.60634
7083.95,0.60612
7084.85,0.60151
7085.75,0.601
7086.65,0.60152
7087.55,0.59668
7088.45,0.60036
7089.35,0.59559
7090.25,0.597
7091.15,0.59265
7092.06,0.59502
7092.96,0.593
7093.85,0.59288
7094.76,0.5963
7095.66,0.59489
7096.56,0.59469
7097.46,0.59534
7098.36,0.59607
7099.26,0.59781
7100.16,0.59724
7101.06,0.59733
7101.96,0.59945
7102.86,0.5992
7103.76,0.60498
7104.66,0.6018
7105.56,0.60105
7106.46,0.60231
7107.36,0.60195
7108.26,0.60374
7109.16,0.60138
7110.06,0.60032
7110.96,0.60139
7111.86,0.60157
7112.76,0.60203
7113.66,0.60218
7114.56,0.60224
7115.46,0.60238
7116.36,0.60044
7117.26,0.60136
7118.16,0.59936
7119.06,0.60163
7119.96,0.60261
7120.86,0.60123
7121.76,0.59911
7122.66,0.60197
7123.56,0.5997
7124.46,0.5988
7125.36,0.59932
7126.26,0.59937
7127.16,0.59736
7127.27,0.59641
7128.17,0.59716
7129.07,0.59582
7129.96,0.59713
7130.86,0.5952
7131.75,0.5931
7132.65,0.59582
7133.55,0.59343
7134.44,0.59419
7135.34,0.59452
7136.23,0.59404
7137.13,0.59574
7138.03,0.59455
7138.92,0.59634
7139.82,0.5944
7140.71,0.59332
7141.61,0.59557
7142.5,0.59406
7143.4,0.59387
7144.3,0.59407
7145.19,0.59147
7146.09,0.58866
7146.98,0.58941
7147.88,0.58903
7148.78,0.5898
7149.67,0.58696
7150.57,0.58703
7151.46,0.58931
7152.36,0.59087
7153.26,0.58875
7154.15,0.58911
7155.05,0.59333
7155.94,0.59229
7156.84,0.5933
7157.74,0.59335
7158.63,0.59531
7159.53,0.59783
7160.42,0.59624
7161.32,0.60064
7162.21,0.60371
7163.11,0.60121
7164.01,0.60708
7164.9,0.60598
7165.8,0.6083
7166.69,0.61271
7167.59,0.61506
7168.49,0.6161
7169.38,0.61531
7170.28,0.61902
7171.17,0.61952
7172.07,0.61847
7172.96,0.61997
7173.86,0.62112
7174.76,0.61984
7175.65,0.62008
7176.55,0.62061
7177.44,0.6183
7178.34,0.61674
7179.24,0.61723
7180.13,0.61512
7181.03,0.61523
7181.92,0.61433
7182.82,0.61425
7183.72,0.61357
7184.61,0.61359
7185.51,0.61304
7186.4,0.6133
7187.3,0.61431
7188.19,0.61275
7189.09,0.61315
7189.99,0.61438
7190.88,0.61166
7191.78,0.6099
7192.67,0.61197
7193.57,0.61142
7194.47,0.61156
7195.36,0.613
7196.26,0.61179
7197.15,0.61238
7198.05,0.61077
7198.95,0.61353
7199.84,0.61291
7200.74,0.61131
7201.63,0.61101
7202.53,0.61322
7203.43,0.61175
7204.32,0.61078
7205.22,0.61123
7206.11,0.61255
7207.01,0.60936
7207.9,0.60802
7208.8,0.61035
7209.7,0.61064
7210.59,0.61076
7211.49,0.61025
7212.38,0.61024
7213.28,0.61085
7214.18,0.61207
7215.07,0.61483
7215.97,0.6135
7216.86,0.61289
7217.76,0.61531
7218.66,0.61443
7219.55,0.61686
7220.45,0.61578
7221.34,0.61373
7222.24,0.61679
7223.13,0.61512
7224.03,0.6166
7224.93,0.6181
7225.82,0.61755
7226.72,0.61719
7227.61,0.61818
7228.51,0.61864
7229.41,0.61652
7230.3,0.61953
7231.2,0.61833
7232.09,0.61575
7232.99,0.61574
7233.89,0.62005
7234.78,0.62197
7235.68,0.61741
7236.57,0.61952
7237.47,0.61657
7238.36,0.61788
7239.26,0.61495
7240.16,0.61661
7241.05,0.61534
7241.95,0.61268
7242.84,0.61426
7243.74,0.61557
7244.64,0.61419
7245.53,0.61118
7246.43,0.61175
7247.32,0.61226
7248.22,0.61136
7249.12,0.61225
7250.01,0.61333
7250.91,0.61246
7251.8,0.61211
7252.7,0.61281
7253.6,0.61132
7254.49,0.61239
7255.39,0.61248
7256.28,0.61216
7257.18,0.61492
7258.07,0.61117
7258.97,0.61333
7259.87,0.61043
7260.76,0.61213
7261.66,0.61173
7262.55,0.61243
7263.45,0.61289
7264.35,0.61217
7265.24,0.61285
7266.14,0.60953
7267.03,0.61281
7267.93,0.61249
7268.83,0.612
7269.72,0.61327
7270.62,0.61246
7271.51,0.61078
7272.41,0.61225
7273.3,0.61503
7274.2,0.61178
7275.1,0.60987
7275.99,0.61127
7276.89,0.61091
7277.78,0.61185
7278.68,0.6092
7279.58,0.60992
7280.47,0.60991
7281.37,0.60584
7282.26,0.60755
7283.16,0.60705
7284.06,0.60697
7284.95,0.60428
7285.85,0.60248
7286.74,0.60337
7287.64,0.6014
7288.53,0.60091
7289.43,0.60108
7290.33,0.6002
7291.22,0.59978
7292.12,0.59838
7293.01,0.60153
7293.91,0.6014
7294.81,0.60107
7295.7,0.6017
7296.6,0.60148
7297.49,0.60338
7298.39,0.60333
7299.29,0.6033
7300.18,0.6043
7301.08,0.60468
7301.97,0.6079
7302.87,0.60516
7303.76,0.60555
7304.66,0.60373
7305.56,0.6049
7306.45,0.60165
7307.35,0.60242
7308.24,0.60458
7309.14,0.60383
7310.04,0.60328
7310.93,0.60617
7311.83,0.60185
7312.72,0.60443
7313.62,0.60272
7314.52,0.60226
7315.41,0.60341
7316.31,0.60301
7317.2,0.60325
7318.1,0.6028
7318.99,0.60092
7319.89,0.60174
7320.79,0.60244
7321.68,0.5981
7322.58,0.59908
7323.47,0.59823
7324.37,0.59679
7325.27,0.59784
7326.16,0.59546
7327.06,0.59598
7327.95,0.59747
7328.85,0.59676
7329.75,0.60013
7330.64,0.5985
7331.54,0.60061
7332.43,0.59841
7333.33,0.59867
7334.22,0.60099
7335.12,0.5988
7336.02,0.599
7336.91,0.59948
7337.81,0.59949
7338.7,0.60101
7339.6,0.60152
7340.5,0.59912
7341.39,0.59871
7342.29,0.59912
7343.18,0.59757
7344.08,0.59783
7344.98,0.59736
7345.87,0.59892
7346.77,0.59712
7347.66,0.5959
7348.56,0.59706
7349.45,0.59629
7350.35,0.5943
7351.25,0.59587
7352.14,0.59733
7353.04,0.59416
7353.93,0.59162
7354.83,0.5928
7355.73,0.59118
7356.62,0.5915
7357.52,0.59031
7358.41,0.59149
7359.31,0.58885
7360.21,0.59068
7361.1,0.58772
7362.0,0.58847
7362.89,0.58906
7363.79,0.58939
7364.69,0.58898
7365.58,0.5896
7366.48,0.58623
7367.37,0.58744
7368.27,0.58974
7369.16,0.59
7370.06,0.58938
7370.96,0.58878
7371.85,0.59057
7372.75,0.5927
7373.64,0.58955
7374.54,0.58896
7375.44,0.59013
7376.33,0.59115
7377.23,0.58953
7378.12,0.58929
7379.02,0.58747
7379.92,0.58874
7380.81,0.58917
7381.71,0.58634
7382.6,0.58686
7383.5,0.58558
7384.39,0.58316
7385.29,0.58231
7386.19,0.58083
7387.08,0.58273
7387.98,0.5793
7388.87,0.57965
7389.77,0.57872
7390.67,0.58051
7391.56,0.57729
7392.46,0.57789
7393.35,0.57739
7394.25,0.57975
7395.15,0.57854
7396.04,0.57816
7396.94,0.58116
7397.83,0.57932
7398.73,0.57888
7399.62,0.57904
7400.52,0.58164
7401.42,0.58156
7402.31,0.58093
7403.21,0.57961
7404.1,0.57625
7405.0,0.57829
7405.9,0.57698
7406.79,0.57735
7407.69,0.5751
7408.58,0.57375
7409.48,0.57224
7410.38,0.56793
7411.27,0.56617
7412.17,0.56503
7413.06,0.56284
7413.96,0.56116
7414.85,0.55944
7415.75,0.5597
7416.65,0.5582
7417.54,0.55925
7418.44,0.5591
7419.33,0.55862
7420.23,0.56089
7421.13,0.55998
7422.02,0.56334
7422.92,0.56236
7423.81,0.56477
7424.71,0.56986
7425.6,0.56879
7426.5,0.56968
7427.4,0.57212
7428.29,0.57204
7429.19,0.57668
7431.68,0.57605
7434.18,0.5815
7436.67,0.57782
7439.17,0.58104
7441.66,0.57748
7444.16,0.57624
7446.66,0.576
7449.15,0.57471
7451.65,0.578
7454.14,0.57899
7456.64,0.58067
7459.13,0.58064
7461.63,0.57744
7464.12,0.57802
7466.62,0.57855
7469.11,0.57823
7471.61,0.57742
7474.1,0.57539
7476.6,0.57667
7479.09,0.57825
7481.59,0.57763
7484.08,0.57771
7486.58,0.57607
7489.07,0.57681
7491.57,0.57334
7494.06,0.57333
7496.56,0.57269
7499.05,0.57317
7501.55,0.57411
7504.04,0.57322
7506.54,0.57558
7509.03,0.57279
7511.53,0.57064
7514.02,0.57169
7516.52,0.57289
7519.01,0.57338
7521.51,0.573
7524.0,0.5737
7526.5,0.57157
7528.99,0.56954
7531.49,0.57117
7533.99,0.57215
7536.48,0.57237
7538.98,0.57271
7541.47,0.57286
7543.97,0.5709
7546.46,0.57076
7548.96,0.57035
7551.45,0.57025
7553.95,0.56993
7556.44,0.56944
7558.94,0.56914
7561.43,0.56786
7563.93,0.5699
7566.42,0.56923
7568.92,0.56892
7571.41,0.56793
7573.91,0.56795
7576.4,0.56807
7578.9,0.56716
7581.39,0.56754
7583.89,0.56482
7586.38,0.56431
7588.88,0.56534
7591.37,0.56412
7593.87,0.56777
7596.36,0.56744
7598.86,0.5679
7601.35,0.56653
7603.85,0.56734
7606.34,0.56529
7608.84,0.56621
7611.33,0.56475
7613.83,0.56317
7616.33,0.56308
7618.82,0.56103
7621.32,0.56077
7623.81,0.56081
7626.31,0.56361
7628.8,0.56413
7631.3,0.56389
7633.79,0.56407
7636.29,0.56442
7638.78,0.56193
7641.28,0.56493
7643.77,0.56426
7646.27,0.56268
7648.76,0.56033
7651.26,0.56028
7653.75,0.55774
7656.25,0.55509
7658.74,0.55053
7661.24,0.54561
7663.73,0.54634
7666.23,0.54394
7668.72,0.54689
7671.22,0.54983
7673.71,0.55458
7676.21,0.55744
7678.7,0.55753
7681.2,0.55882
7683.69,0.55928
7686.19,0.55682
7688.69,0.55575
7691.18,0.55508
7693.68,0.55475
7696.17,0.55269
7698.67,0.55067
7701.16,0.55065
7703.66,0.55067
7706.15,0.55121
7708.65,0.55091
7711.14,0.55115
7713.64,0.55037
7716.13,0.54876
7718.63,0.5503
7721.12,0.5518
7723.62,0.55265
7726.11,0.55221
7728.61,0.55381
7731.1,0.55342
7733.6,0.55608
7736.09,0.55557
7738.59,0.55571
7741.08,0.55397
7743.58,0.55352
7746.07,0.54973
7748.57,0.54928
7751.06,0.54851
7753.56,0.54931
7756.05,0.55213
7758.55,0.55289
7761.04,0.55513
7763.54,0.55572
7766.03,0.55625
7768.53,0.5559
7771.03,0.55574
7773.52,0.55471
7776.02,0.55568
7778.51,0.55233
7781.01,0.55264
7783.5,0.55185
7786.0,0.55008
7788.49,0.54951
7790.99,0.55002
7793.48,0.54965
7795.98,0.54899
7798.47,0.548
7800.97,0.54802
7803.46,0.54743
7805.96,0.54907
7808.45,0.5486
7810.95,0.54864
7813.44,0.54881
7815.94,0.54935
7818.43,0.55009
7820.93,0.54854
7823.42,0.54903
7825.92,0.54864
7828.41,0.5471
7830.91,0.54562
7833.4,0.54362
7835.9,0.54301
7838.39,0.54227
7840.89,0.54294
7843.38,0.54446
7845.88,0.54509
7848.38,0.54365
7850.87,0.54309
7853.37,0.54355
7855.86,0.54268
7858.36,0.54399
7860.85,0.54431
7863.35,0.54288
7865.84,0.54379
7868.34,0.54328
7870.83,0.54385
7873.33,0.54336
7875.82,0.54085
7878.32,0.54146
7880.81,0.5412
7883.31,0.54127
7885.8,0.53954
7888.3,0.54237
7890.79,0.54064
7893.29,0.54042
7895.78,0.53921
7898.28,0.54007
7900.77,0.53977
7903.27,0.53823
7905.76,0.53916
7908.26,0.53626
7910.75,0.53498
7913.25,0.53321
7915.74,0.53173
7918.24,0.533
7920.73,0.53313
7923.23,0.53235
7925.73,0.5327
7928.22,0.5325
7930.71,0.53173
7933.21,0.53143
7935.71,0.52895
7938.2,0.52718
7940.7,0.52647
7943.19,0.52586
7945.69,0.52502
7948.18,0.52592
7950.68,0.52791
7953.17,0.52889
7955.67,0.53057
7958.16,0.53088
7960.66,0.53122
7963.15,0.53071
7965.65,0.5308
7968.14,0.53224
7970.64,0.53173
7973.13,0.5299
7975.63,0.52968
7978.12,0.52968
7980.62,0.52926
7983.11,0.52791
7985.61,0.528
7988.1,0.52731
7990.6,0.52611
7993.09,0.52532
7995.59,0.52504
7998.08,0.52346
8000.58,0.52422
8003.07,0.5255
8005.57,0.52665
8008.06,0.52707
8010.56,0.52883
8013.06,0.52896
8015.55,0.52965
8018.05,0.52905
8020.54,0.52778
8023.04,0.52498
8025.53,0.5254
8028.03,0.52472
8030.52,0.52195
8033.02,0.52388
8035.51,0.52464
8038.01,0.52537
8040.5,0.52482
8043.0,0.52283
8045.49,0.5201
8047.99,0.51889
8050.48,0.51833
8052.98,0.51923
8055.47,0.52202
8057.97,0.52149
8060.46,0.52095
8062.96,0.52112
8065.45,0.52033
8067.95,0.52032
8070.44,0.51856
8072.94,0.51771
8075.43,0.51653
8077.93,0.51564
8080.42,0.51724
8082.92,0.51646
8085.41,0.51552
8087.91,0.51624
8090.4,0.51601
8092.9,0.51477
8095.4,0.51608
8097.89,0.51466
8100.39,0.51401
8102.88,0.51647
8105.38,0.51661
8107.87,0.5165
8110.37,0.51495
8112.86,0.51666
8115.36,0.51549
8117.85,0.51373
8120.35,0.51539
8122.84,0.51566
8125.34,0.51512
8127.83,0.51637
8130.33,0.51563
8132.82,0.51582
8135.32,0.51411
8137.81,0.51383
8140.31,0.51388
8142.8,0.51371
8145.3,0.5142
8147.79,0.51427
8150.29,0.51464
8152.78,0.51243
8155.28,0.51266
8157.77,0.51223
8160.27,0.51251
8162.76,0.51312
8165.26,0.51462
8167.75,0.51225
8170.25,0.51205
8172.75,0.51201
8175.24,0.51139
8177.74,0.51071
8180.23,0.50856
8182.73,0.50676
8185.22,0.50496
8187.72,0.50442
8190.21,0.50611
8192.71,0.50384
8195.2,0.50208
8197.7,0.50178
8200.19,0.50334
8202.69,0.50304
8205.18,0.50414
8207.68,0.50533
8210.17,0.50528
8212.67,0.50688
8215.16,0.5067
8217.66,0.50567
8220.15,0.50514
8222.65,0.50506
8225.14,0.50639
8227.64,0.50714
8230.13,0.5093
8232.63,0.50811
8235.12,0.50715
8237.62,0.50779
8240.11,0.50684
8242.61,0.50647
8245.1,0.50609
8247.6,0.50507
8250.1,0.50455
8252.59,0.50522
8255.08,0.50553
8257.58,0.50599
8260.08,0.50558
8262.57,0.50719
8265.07,0.50584
8267.56,0.50557
8270.06,0.50718
8272.55,0.50545
8275.05,0.50464
8277.54,0.50561
8280.04,0.50511
8282.53,0.50501
8285.03,0.50498
8287.52,0.50436
8290.02,0.50287
8292.51,0.50279
8295.01,0.5037
8297.5,0.50299
8300.0,0.50185
8302.49,0.50215
8304.99,0.50097
8307.48,0.50072
8309.98,0.49944
8312.47,0.49956
8314.97,0.50115
8317.46,0.49936
8319.96,0.49936
8322.46,0.49828
8324.95,0.49637
8327.44,0.49492
8329.94,0.49312
8332.43,0.49203
8334.93,0.49371
8337.43,0.49285
8339.92,0.49509
8342.42,0.49527
8344.91,0.49563
8347.41,0.49635
8349.9,0.49488
8352.4,0.49713
8354.89,0.49691
8357.39,0.49606
8359.88,0.49668
8362.38,0.49632
8364.87,0.4949
8367.37,0.49427
8369.86,0.49472
8372.36,0.49489
8374.85,0.49548
8377.35,0.49401
8379.84,0.49149
8382.34,0.48986
8384.83,0.48805
8387.33,0.48751
8389.82,0.48798
8392.32,0.48894
8394.81,0.49008
8397.31,0.49127
8399.8,0.49208
8402.3,0.49411
8404.79,0.49427
8407.29,0.49464
8409.79,0.49445
8412.28,0.49219
8414.78,0.49263
8417.27,0.49075
8419.77,0.49162
8422.26,0.49072
8424.76,0.48791
8427.25,0.48807
8429.75,0.4878
8432.24,0.48569
8434.74,0.4842
8437.23,0.4834
8439.73,0.48376
8442.22,0.48584
8444.72,0.48806
8447.21,0.48901
8449.71,0.49014
8452.2,0.48972
8454.7,0.4912
8457.19,0.49036
8459.69,0.48838
8462.18,0.48709
8464.68,0.48624
8467.17,0.48325
8469.67,0.48171
8472.16,0.48126
8474.66,0.4832
8477.15,0.48429
8479.65,0.48646
8482.14,0.48663
8484.64,0.48689
8487.13,0.48551
8489.63,0.48218
8492.12,0.47527
8494.62,0.46748
8497.12,0.45801
8499.61,0.45058
8502.11,0.45144
8504.6,0.45471
8507.1,0.46278
8509.59,0.4687
8512.09,0.47232
8514.58,0.47259
8517.08,0.47439
8519.57,0.47413
8522.07,0.47754
8524.56,0.47679
8527.06,0.47752
8529.55,0.47442
8532.05,0.4707
8534.54,0.46027
8537.04,0.44613
8539.53,0.42649
8542.03,0.40979
8544.52,0.40299
8547.02,0.40794
8549.51,0.42356
8552.01,0.44024
8554.5,0.4554
8557.0,0.46356
8559.49,0.47015
8561.99,0.47245
8564.48,0.47448
8566.98,0.47604
8569.47,0.47644
8571.97,0.47647
8574.47,0.47721
8576.96,0.47609
8579.46,0.47644
8581.95,0.47615
8584.45,0.47502
8586.94,0.47387
8589.44,0.47178
8591.93,0.46963
8594.43,0.4689
8596.92,0.46592
8599.42,0.46438
8601.91,0.46386
8604.41,0.46456
8606.9,0.46597
8609.4,0.46714
8611.89,0.46751
8614.39,0.46878
8616.88,0.46832
8619.38,0.46806
8621.87,0.4695
8624.37,0.4697
8626.86,0.47022
8629.36,0.47081
8631.85,0.47138
8634.35,0.47214
8636.84,0.47321
8639.34,0.47273
8641.83,0.4729
8644.33,0.47192
8646.83,0.47084
8649.32,0.46801
8651.82,0.46215
8654.31,0.45334
8656.8,0.43969
8659.3,0.42345
8661.8,0.40912
8664.29,0.40256
8666.79,0.40419
8669.28,0.41537
8671.78,0.43019
8674.27,0.44215
8676.77,0.45116
8679.26,0.4571
8681.76,0.46032
8684.25,0.46233
8686.75,0.46171
8689.24,0.46104
8691.74,0.46168
8694.23,0.46293
8696.73,0.46325
8699.22,0.46623
8701.72,0.46583
8704.21,0.46635
8706.71,0.46636
8709.2,0.46571
8711.7,0.46501
8714.19,0.46521
8716.69,0.46578
8719.18,0.46511
8721.68,0.46612
8724.17,0.4677
8726.67,0.46867
8729.17,0.46601
8731.66,0.46634
8734.16,0.46355
8736.65,0.46065
8739.15,0.45933
8741.64,0.45549
8744.14,0.45252
8746.63,0.44843
8749.13,0.4455
8751.62,0.44404
8754.12,0.44221
8756.61,0.44399
8759.11,0.44809
8761.6,0.44969
8764.1,0.45464
8766.59,0.4567
8769.09,0.45838
8771.58,0.4601
8774.08,0.45993
8776.57,0.46103
8779.07,0.46186
8781.56,0.46315
8784.06,0.46287
8786.55,0.464
8789.05,0.46234
8791.54,0.46134
8794.04,0.46027
8796.53,0.45928
8799.03,0.45731
8801.52,0.45631
8804.02,0.45421
8806.51,0.45239
8809.01,0.45125
8811.5,0.45267
8814.0,0.45426
8816.5,0.45802
8818.99,0.45836
8821.49,0.45993
8823.98,0.45864
8826.48,0.45777
8828.97,0.45802
8831.47,0.45888
8833.96,0.45977
8836.46,0.4598
8838.95,0.4591
8841.45,0.45808
8843.94,0.45803
8846.44,0.45764
8848.93,0.45594
8851.43,0.45643
8853.92,0.45353
8856.42,0.44984
8858.91,0.44448
8861.41,0.44126
8863.9,0.43822
8866.4,0.43698
8868.89,0.43972
8871.39,0.44299
8873.88,0.44595
8876.38,0.44905
8878.87,0.45221
8881.37,0.45543
8883.87,0.45531
8886.36,0.45768
8888.86,0.45822
8891.35,0.45831
8893.84,0.458
8896.34,0.45687
8898.84,0.45768
8901.33,0.45834
8903.83,0.45861
8906.32,0.45801
8908.82,0.45599
8911.31,0.45547
8913.81,0.4546
8916.3,0.45464
8918.8,0.45355
8921.29,0.45183
8923.79,0.45156
8926.28,0.45074
8928.78,0.45105
8931.27,0.4498
8933.77,0.45088
8936.26,0.45136
8938.76,0.45115
8941.25,0.45167
8943.75,0.45167
8946.24,0.45158
8948.74,0.45158
8951.23,0.45229
8953.73,0.45296
8956.22,0.4535
8958.72,0.45328
8961.21,0.45447
8963.71,0.4534
8966.2,0.45284
8968.7,0.45182
8971.2,0.45039
8973.69,0.45016
8976.19,0.4503
8978.68,0.44936
8981.18,0.44905
8983.67,0.44934
8986.17,0.44909
8988.66,0.44943
8991.16,0.44864
8993.65,0.44726
8996.15,0.44524
8998.64,0.44347
9001.14,0.43852
9003.63,0.43811
9006.13,0.43224
9008.62,0.42734
9011.12,0.4222
9013.61,0.41856
9016.11,0.41576
9018.6,0.4163
9021.1,0.41886
9023.59,0.42508
9026.09,0.42861
9028.58,0.43363
9031.08,0.43658
9033.57,0.44015
9036.07,0.44355
9038.56,0.44204
9041.06,0.4438
9043.55,0.44564
9046.05,0.44654
9048.54,0.44479
9051.04,0.44617
9053.54,0.44523
9056.03,0.44447
9058.53,0.44375
9061.02,0.44179
9063.52,0.44032
9066.01,0.43967
9068.51,0.44108
9071.0,0.44191
9073.5,0.44192
9075.99,0.44063
9078.49,0.43985
9080.98,0.43892
9083.48,0.43722
9085.97,0.43482
9088.47,0.43309
9090.96,0.43186
9093.46,0.43269
9095.95,0.43353
9098.45,0.43588
9100.94,0.43621
9103.44,0.43808
9105.93,0.43918
9108.43,0.43876
9110.92,0.43756
9113.42,0.43692
9115.91,0.43578
9118.41,0.43529
9120.9,0.4365
9123.4,0.43671
9125.89,0.43712
9128.39,0.43876
9130.88,0.43785
9133.38,0.43833
9135.88,0.43653
9138.37,0.43651
9140.87,0.43459
9143.36,0.4336
9145.86,0.43265
9148.35,0.43256
9150.85,0.43195
9153.34,0.4314
9155.84,0.43235
9158.33,0.43307
9160.83,0.43236
9163.32,0.43193
9165.82,0.43159
9168.31,0.43018
9170.81,0.42898
9173.3,0.42849
9175.8,0.42675
9178.29,0.42656
9180.79,0.427
9183.28,0.42961
9185.78,0.42762
9188.27,0.42856
9190.77,0.42672
9193.26,0.42657
9195.76,0.42648
9198.25,0.42705
9200.75,0.42544
9203.24,0.42493
9205.74,0.42502
9208.24,0.42303
9210.73,0.42058
9213.23,0.41849
9215.72,0.41761
9218.22,0.41631
9220.71,0.41311
9223.21,0.40972
9225.7,0.40759
9228.2,0.40408
9230.69,0.40378
9233.19,0.40284
9235.68,0.40467
9238.18,0.40842
9240.67,0.41248
9243.17,0.41466
9245.66,0.41568
9248.16,0.41712
9250.65,0.41774
9253.15,0.4178
9255.64,0.41769
9258.14,0.41753
9260.63,0.41797
9263.13,0.42052
9265.62,0.42156
9268.12,0.42147
9270.61,0.42347
9273.11,0.42185
9275.6,0.42233
9278.1,0.42166
9280.59,0.42073
9283.09,0.42136
9285.58,0.4192
9288.08,0.41885
9290.58,0.41941
9293.07,0.41796
9295.57,0.41863
9298.06,0.41872
9300.56,0.41972
9303.05,0.4191
9305.55,0.41958
9308.04,0.41788
9310.54,0.41867
9313.03,0.41869
9315.53,0.41829
9318.02,0.41935
9320.52,0.41894
9323.01,0.41867
9325.51,0.41827
9328.0,0.41905
9330.5,0.41823
9332.99,0.42002
9335.49,0.41911
9337.98,0.4202
9340.48,0.41916
9342.97,0.41873
9345.47,0.41702
9347.96,0.41719
9350.46,0.41728
9352.95,0.41572
9355.45,0.41529
9357.94,0.41303
9360.44,0.4131
9362.93,0.41287
9365.43,0.41303
9367.92,0.41276
9370.42,0.41211
9372.92,0.41226
9375.41,0.41281
9377.91,0.41323
9380.4,0.41206
9382.9,0.41282
9385.39,0.41259
9387.89,0.41319
9390.38,0.41183
9392.88,0.41219
9395.37,0.41108
9397.87,0.41174
9400.36,0.41013
9402.86,0.40913
9405.35,0.40783
9407.85,0.4048
9410.34,0.40436
9412.84,0.40235
9415.33,0.40349
9417.83,0.40362
9420.32,0.40477
9422.82,0.40645
9425.31,0.40771
9427.81,0.40896
9430.3,0.40697
9432.8,0.40655
9435.29,0.40715
9437.79,0.40602
9440.28,0.40646
9442.78,0.4058
9445.27,0.40608
9447.77,0.40541
9450.27,0.40554
9452.76,0.40573
9455.25,0.40562
9457.75,0.40665
9460.25,0.40706
9462.74,0.40687
9465.24,0.40659
9467.73,0.40648
9470.23,0.4061
9472.72,0.40532
9475.22,0.40682
9477.71,0.40532
9480.21,0.40593
9482.7,0.40694
9485.2,0.40525
9487.69,0.40627
9490.19,0.40658
9492.68,0.40571
9495.18,0.4053
9497.67,0.40461
9500.17,0.40488
9502.66,0.40449
9505.16,0.40374
9507.65,0.40479
9510.15,0.40424
9512.64,0.40483
9515.14,0.40305
9517.63,0.40347
9520.13,0.40383
9522.62,0.40309
9525.12,0.40254
9527.61,0.40179
9530.11,0.40062
9532.61,0.39801
9535.1,0.39627
9537.6,0.39186
9540.09,0.38782
9542.59,0.38374
9545.08,0.38049
9547.58,0.37869
9550.07,0.38005
9552.57,0.38259
9555.06,0.3865
9557.56,0.38948
9560.05,0.39401
9562.55,0.39587
9565.04,0.39757
9567.54,0.39701
9570.03,0.39726
9572.53,0.39797
9575.02,0.3981
9577.52,0.3984
9580.01,0.39835
9582.51,0.39904
9585.0,0.3988
9587.5,0.39865
9589.99,0.39956
9592.49,0.39914
9594.98,0.39763
9597.48,0.39696
9599.97,0.39684
9602.47,0.39544
9604.96,0.39589
9607.46,0.39664
9609.96,0.39733
9612.45,0.3978
9614.95,0.39774
9617.44,0.39801
9619.94,0.39718
9622.43,0.39641
9624.93,0.39582
9627.42,0.39657
9629.92,0.39544
9632.41,0.39541
9634.91,0.39492
9637.4,0.39437
9639.9,0.39316
9642.39,0.3927
9644.89,0.39277
9647.38,0.39294
9649.88,0.3927
9652.37,0.39181
9654.87,0.39215
9657.36,0.39176
9659.86,0.39191
9662.35,0.39218
9664.85,0.39149
9667.34,0.39239
9669.84,0.39302
9672.33,0.39222
9674.83,0.39176
9677.32,0.39145
9679.82,0.39132
9682.31,0.39131
9684.81,0.39107
9687.3,0.39066
9689.8,0.39148
9692.29,0.39051
9694.79,0.39072
9697.29,0.39078
9699.78,0.38959
9702.28,0.39045
9704.77,0.38922
9707.27,0.38951
9709.76,0.38861
9712.26,0.38944
9714.75,0.38867
9717.25,0.38898
9719.74,0.38928
9722.24,0.38814
9724.73,0.38846
9727.23,0.38717
9729.72,0.38761
9732.22,0.38747
9734.71,0.38738
9737.21,0.38678
9739.7,0.38607
9742.2,0.3875
9744.69,0.38687
9747.19,0.38689
9749.68,0.38678
9752.18,0.38762
9754.67,0.38858
9757.17,0.38817
9759.66,0.38761
9762.16,0.38748
9764.65,0.38649
9767.15,0.38654
9769.64,0.38618
9772.14,0.3858
9774.64,0.38547
9777.13,0.38554
9779.63,0.38499
9782.12,0.3835
9784.62,0.38281
9787.11,0.38141
9789.61,0.38194
9792.1,0.38253
9794.6,0.38396
9797.09,0.38496
9799.59,0.38572
9802.08,0.38569
9804.58,0.38665
9807.07,0.38655
9809.57,0.38503
9812.06,0.38632
9814.56,0.38697
9817.05,0.38619
9819.55,0.38625
9822.04,0.38586
9824.54,0.38562
9827.03,0.38543
9829.53,0.38563
9832.02,0.3848
9834.52,0.38493
9837.01,0.38396
9839.51,0.38499
9842.0,0.38459
9844.5,0.38453
9847.0,0.38391
9849.49,0.38432
9851.99,0.3839
9854.48,0.38327
9856.98,0.3831
9859.47,0.3823
9861.97,0.38224
9864.46,0.38247
9866.96,0.38311
9869.45,0.38233
9871.95,0.38229
9874.44,0.38206
9876.94,0.38371
9879.43,0.38247
9881.93,0.38109
9884.42,0.38178
9886.92,0.38127
9889.41,0.3798
9891.91,0.37954
9894.4,0.37935
9896.9,0.38071
9899.39,0.38038
9901.89,0.38043
9904.38,0.37894
9906.88,0.37995
9909.37,0.37927
9911.87,0.37922
9914.36,0.3785
9916.86,0.37881
9919.35,0.37791
9921.85,0.37803
9924.34,0.37838
9926.84,0.37826
9929.33,0.37714
9931.83,0.37754
9934.33,0.37626
9936.82,0.3775
9939.32,0.37692
9941.81,0.37733
9944.31,0.37633
9946.8,0.37626
9949.3,0.37662
9951.79,0.37593
9954.29,0.37794
9956.78,0.37675
9959.28,0.37701
9961.77,0.37708
9964.27,0.37726
9966.76,0.37669
9969.26,0.37613
9971.75,0.37659
9974.25,0.37584
9976.74,0.37509
9979.24,0.37557
9981.73,0.3756
9984.23,0.37545
9986.72,0.37395
9989.22,0.37455
9991.71,0.37442
9994.21,0.37446
9996.7,0.37326
9999.2,0.37419
10001.7,0.37347
10004.2,0.37333
10006.7,0.37263
10009.2,0.37384
10011.7,0.37363
10014.2,0.37375
10016.7,0.37349
10019.2,0.37337
10021.7,0.3723
10024.2,0.37241
10026.6,0.37198
10029.1,0.37089
10031.6,0.36973
10034.1,0.36728
10036.6,0.36574
10039.1,0.3634
10041.6,0.36166
10044.1,0.35806
10046.6,0.35602
10049.1,0.35387
10051.6,0.35162
10054.1,0.35197
10056.6,0.35365
10059.1,0.35718
10061.6,0.35873
10064.1,0.36156
10066.6,0.36369
10069.1,0.36446
10071.6,0.36543
10074.1,0.36617
10076.5,0.36742
10079.0,0.36753
10081.5,0.36757
10084.0,0.3683
10086.5,0.36779
10089.0,0.3679
10091.5,0.36802
10094.0,0.36876
10096.5,0.36938
10099.0,0.36978
10101.5,0.3694
10104.0,0.36874
10106.5,0.36925
10109.0,0.36799
10111.5,0.36821
10114.0,0.36734
10116.5,0.36697
10119.0,0.36722
10121.5,0.36661
10124.0,0.36607
10126.5,0.36595
10128.9,0.36604
10131.4,0.36587
10133.9,0.36568
10136.4,0.36557
10138.9,0.36553
10141.4,0.36448
10143.9,0.36351
10146.4,0.3641
10148.9,0.36363
10151.4,0.36411
10153.9,0.36359
10156.4,0.36346
10158.9,0.36348
10161.4,0.36416
10163.9,0.36446
10166.4,0.36453
10168.9,0.36336
10171.4,0.36412
10173.9,0.36341
10176.4,0.36384
10178.9,0.36263
10181.3,0.36345
10183.8,0.36311
10186.3,0.3623
10188.8,0.36191
10191.3,0.36294
10193.8,0.36299
10196.3,0.36114
10198.8,0.36055
10201.3,0.36154
10203.8,0.36153
10206.3,0.36097
10208.8,0.36081
10211.3,0.36051
10213.8,0.35978
10216.3,0.36036
10218.8,0.35912
10221.3,0.35908
10223.8,0.35917
10226.3,0.35877
10228.8,0.3587
10231.2,0.3604
10233.7,0.35985
10236.2,0.36071
10238.7,0.35958
10241.2,0.35976
10243.7,0.35901
10246.2,0.35915
10248.7,0.35814
10251.2,0.359
10253.7,0.35837
10256.2,0.35895
10258.7,0.35719
10261.2,0.35835
10263.7,0.3575
10266.2,0.357
10268.7,0.35694
10271.2,0.35714
10273.7,0.35687
10276.2,0.35638
10278.7,0.35615
10281.2,0.35594
10283.6,0.35634
10286.1,0.35596
10288.6,0.35602
10291.1,0.35479
10293.6,0.35522
10296.1,0.3556
10298.6,0.35545
10301.1,0.35448
10303.6,0.35485
10306.1,0.35483
10308.6,0.35514
10311.1,0.35667
10313.6,0.35615
10316.1,0.35593
10318.6,0.35467
10321.1,0.35381
10323.6,0.35313
10326.1,0.35088
10328.6,0.3502
10331.1,0.34951
10333.5,0.35056
10336.0,0.3509
10338.5,0.35054
10341.0,0.35082
10343.5,0.3494
10346.0,0.3499
10348.5,0.35004
10351.0,0.35062
10353.5,0.35113
10356.0,0.3519
10358.5,0.35189
10361.0,0.35165
10363.5,0.35203
10366.0,0.35181
10368.5,0.35107
10371.0,0.35012
10373.5,0.34949
10376.0,0.34878
10378.5,0.34929
10381.0,0.34979
10383.5,0.34894
10385.9,0.34935
10388.4,0.34969
10390.9,0.34907
10393.4,0.34791
10395.9,0.34758
10398.4,0.34736
10400.9,0.34719
10403.4,0.34765
10405.9,0.34797
10408.4,0.34793
10410.9,0.34852
10413.4,0.34858
10415.9,0.34836
10418.4,0.34793
10420.9,0.34787
10423.4,0.34775
10425.9,0.3474
10428.4,0.34777
10430.9,0.34842
10433.4,0.34762
10435.9,0.34784
10438.3,0.34876
10440.8,0.34725
10443.3,0.34841
10445.8,0.34749
10448.3,0.34733
10450.8,0.34682
10453.3,0.34588
10455.8,0.34553
10458.3,0.34544
10460.8,0.3443
10463.3,0.34437
10465.8,0.34407
10468.3,0.34506
10470.8,0.34452
10473.3,0.3438
10475.8,0.3448
10478.3,0.34511
10480.8,0.34474
10483.3,0.3449
10485.8,0.34435
10488.2,0.34387
10490.7,0.34357
10493.2,0.34324
10495.7,0.34229
10498.2,0.34303
10500.7,0.3424
10503.2,0.34252
10505.7,0.34247
10508.2,0.34243
10510.7,0.34266
10513.2,0.34365
10515.7,0.34186
10518.2,0.34256
10520.7,0.34223
10523.2,0.34205
10525.7,0.34195
10528.2,0.34163
10530.7,0.34136
10533.2,0.34171
10535.7,0.341
10538.2,0.3412
10540.6,0.34156
10543.1,0.3408
10545.6,0.34096
10548.1,0.3415
10550.6,0.3417
10553.1,0.34061
10555.6,0.34061
10558.1,0.34082
10560.6,0.34027
10563.1,0.34022
10565.6,0.34026
10568.1,0.34019
10570.6,0.33864
10573.1,0.33872
10575.6,0.33799
10578.1,0.3371
10580.6,0.33608
10583.1,0.33495
10585.6,0.33367
10588.1,0.33295
10590.6,0.33404
10593.0,0.3354
10595.5,0.33444
10598.0,0.33476
10600.5,0.33567
10603.0,0.33531
10605.5,0.33505
10608.0,0.33391
10610.5,0.33439
10613.0,0.33472
10615.5,0.33511
10618.0,0.33507
10620.5,0.33507
10623.0,0.3357
10625.5,0.33575
10628.0,0.33503
10630.5,0.33516
10633.0,0.33499
10635.5,0.33543
10638.0,0.33511
10640.5,0.33539
10642.9,0.33496
10645.4,0.33569
10647.9,0.33541
10650.4,0.33466
10652.9,0.33419
10655.4,0.33294
10657.9,0.33319
10660.4,0.3319
10662.9,0.32995
10665.4,0.33113
10667.9,0.33167
10670.4,0.33106
10672.9,0.33101
10675.4,0.33217
10677.9,0.33265
10680.4,0.33145
10682.9,0.33063
10685.4,0.32939
10687.9,0.32718
10690.4,0.32718
10692.9,0.32621
10695.3,0.3271
10697.8,0.32792
10700.3,0.32889
10702.8,0.32996
10705.3,0.33053
10707.8,0.3306
10710.3,0.33095
10712.8,0.331
10715.3,0.33167
10717.8,0.33039
10720.3,0.33057
10722.8,0.32902
10725.3,0.32798
10727.8,0.3279
10730.3,0.32583
10732.8,0.3257
10735.3,0.32606
10737.8,0.32764
10740.3,0.32776
10742.8,0.3279
10745.3,0.32742
10747.7,0.32669
10750.2,0.32569
10752.7,0.32579
10755.2,0.32531
10757.7,0.32552
10760.2,0.32618
10762.7,0.32716
10765.2,0.32708
10767.7,0.32814
10770.2,0.32713
10772.7,0.32766
10775.2,0.32646
10777.7,0.3256
10780.2,0.32515
10782.7,0.32432
10785.2,0.32341
10787.7,0.32256
10790.2,0.32189
10792.7,0.32317
10795.2,0.3233
10797.6,0.32435
10800.1,0.32526
10802.6,0.32431
10805.1,0.32382
10807.6,0.32383
10810.1,0.32227
10812.6,0.32215
10815.1,0.32145
10817.6,0.32077
10820.1,0.32012
10822.6,0.31932
10825.1,0.31912
10827.6,0.31854
10830.1,0.31827
10832.6,0.31794
10835.1,0.31882
10837.6,0.31973
10840.1,0.32079
10842.6,0.32059
10845.1,0.3213
10847.6,0.32075
10850.0,0.32182
10852.5,0.32239
10855.0,0.32158
10857.5,0.32202
10860.0,0.32079
10862.5,0.31993
10865.0,0.31834
10867.5,0.31559
10870.0,0.31538
10872.5,0.3141
10875.0,0.31428
10877.5,0.31461
10880.0,0.31464
10882.5,0.31568
10885.0,0.31556
10887.5,0.31685
10890.0,0.31695
10892.5,0.31641
10895.0,0.31797
10897.5,0.31777
10900.0,0.31776
10902.4,0.31783
10904.9,0.31768
10907.4,0.31767
10909.9,0.31709
10912.4,0.31644
10914.9,0.31455
10917.4,0.31363
10919.9,0.31312
10922.4,0.31216
10924.9,0.31088
10927.4,0.30933
10929.9,0.30889
10932.4,0.30577
10934.9,0.30365
10937.4,0.3025
10939.9,0.30115
10942.4,0.30075
10944.9,0.30204
10947.4,0.30409
10949.9,0.30551
10952.3,0.30586
10954.8,0.30698
10957.3,0.30735
10959.8,0.30702
10962.3,0.30725
10964.8,0.30605
10967.3,0.30615
10969.8,0.30458
10972.3,0.30579
10974.8,0.30525
10977.3,0.30512
10979.8,0.30523
10982.3,0.30499
10984.8,0.30572
10987.3,0.30587
10989.8,0.30718
10992.3,0.30743
10994.8,0.30793
10997.3,0.30762
10999.8,0.30774
