wave,flux
3700.85,0.23319
3701.75,0.23091
3702.65,0.22555
3703.55,0.21629
3704.45,0.20787
3705.35,0.20131
3706.25,0.19694
3707.15,0.19616
3708.05,0.1982
3708.96,0.20035
3709.86,0.2034
3710.76,0.20656
3711.66,0.21017
3712.56,0.21645
3713.46,0.22287
3714.36,0.23061
3715.26,0.23683
3716.16,0.24018
3717.06,0.24084
3717.96,0.23658
3718.86,0.22674
3719.76,0.21461
3720.66,0.20274
3721.56,0.19209
3722.46,0.18871
3723.36,0.19234
3724.26,0.20062
3725.16,0.21129
3726.06,0.22138
3726.96,0.22806
3727.86,0.23197
3728.76,0.23371
3729.66,0.23224
3730.56,0.22822
3731.46,0.22185
3732.36,0.21021
3733.26,0.19853
3734.16,0.18526
3735.06,0.17564
3735.96,0.17273
3736.86,0.17571
3737.76,0.1858
3738.66,0.19864
3739.56,0.21314
3740.46,0.22597
3741.36,0.23308
3742.26,0.23597
3743.16,0.2349
3744.06,0.23031
3744.96,0.22353
3745.86,0.21321
3746.76,0.20273
3747.67,0.19434
3748.57,0.18397
3749.47,0.17737
3750.37,0.17697
3751.27,0.18255
3752.17,0.19389
3753.07,0.20957
3753.97,0.2245
3754.87,0.23739
3755.77,0.2452
3756.67,0.24808
3757.57,0.24601
3758.47,0.24093
3759.37,0.23599
3760.27,0.23486
3761.17,0.23455
3762.07,0.23923
3762.97,0.24245
3763.87,0.24577
3764.77,0.24699
3765.67,0.24605
3766.57,0.24205
3767.47,0.23634
3768.37,0.23035
3769.27,0.2229
3770.17,0.21819
3771.07,0.21546
3771.97,0.21821
3772.87,0.22399
3773.77,0.23311
3774.67,0.24133
3775.57,0.2508
3776.47,0.25915
3777.37,0.26498
3778.27,0.271
3779.17,0.27722
3780.07,0.28382
3780.97,0.28967
3781.87,0.29411
3782.77,0.29539
3783.67,0.29489
3784.57,0.29328
3785.47,0.28822
3786.38,0.28209
3787.28,0.27508
3788.18,0.26964
3789.08,0.26486
3789.98,0.26296
3790.88,0.26022
3791.78,0.25573
3792.68,0.25145
3793.58,0.2458
3794.48,0.23608
3795.38,0.22802
3796.28,0.21649
3797.18,0.20847
3798.08,0.20166
3798.98,0.2013
3799.88,0.20561
3800.78,0.21737
3801.68,0.23396
3802.58,0.24884
3803.48,0.26244
3804.38,0.2732
3805.28,0.27966
3806.18,0.28314
3807.08,0.28413
3807.98,0.28761
3808.88,0.29068
3809.78,0.29222
3810.68,0.29432
3811.58,0.29406
3812.48,0.29043
3813.38,0.28478
3814.28,0.27864
3815.18,0.27271
3816.08,0.27021
3816.98,0.26935
3817.88,0.26936
3818.78,0.27056
3819.68,0.27002
3820.58,0.26758
3821.48,0.26539
3822.38,0.26244
3823.28,0.25976
3824.18,0.25536
3825.09,0.25132
3825.99,0.24581
3826.89,0.24022
3827.79,0.23688
3828.69,0.23338
3829.59,0.22791
3830.49,0.22334
3831.39,0.21568
3832.29,0.20576
3833.19,0.19596
3834.09,0.18671
3834.99,0.17894
3835.89,0.17467
3836.79,0.17455
3837.69,0.17867
3838.59,0.18535
3839.49,0.1949
3840.39,0.20586
3841.29,0.21763
3842.19,0.23234
3843.09,0.24506
3843.99,0.25668
3844.89,0.26683
3845.79,0.27343
3846.69,0.28013
3847.59,0.28368
3848.49,0.28626
3849.39,0.28844
3850.29,0.28988
3851.19,0.29142
3852.09,0.29245
3852.99,0.2942
3853.89,0.29507
3854.79,0.29543
3855.69,0.29235
3856.59,0.28877
3857.49,0.28334
3858.39,0.27918
3859.29,0.27729
3860.19,0.27534
3861.09,0.27852
3861.99,0.28337
3862.9,0.28965
3863.8,0.29536
3864.7,0.2996
3865.6,0.30178
3866.5,0.30363
3867.4,0.30344
3868.3,0.30219
3869.2,0.30133
3870.1,0.29774
3871.0,0.2923
3871.9,0.28673
3872.8,0.27984
3873.7,0.27664
3874.6,0.27549
3875.5,0.27474
3876.4,0.27591
3877.3,0.27491
3878.2,0.27153
3879.1,0.26962
3880.0,0.26895
3880.9,0.26918
3881.8,0.26826
3882.7,0.26639
3883.6,0.26136
3884.5,0.25679
3885.4,0.24513
3886.3,0.23377
3887.2,0.222
3888.1,0.21267
3889.0,0.20555
3889.9,0.20412
3890.8,0.20849
3891.7,0.21556
3892.6,0.22587
3893.5,0.23717
3894.4,0.24651
3895.3,0.25307
3896.2,0.25968
3897.1,0.26471
3898.0,0.26834
3898.9,0.27137
3899.8,0.27438
3900.7,0.27735
3901.6,0.27999
3902.51,0.27882
3903.41,0.27956
3904.31,0.27813
3905.21,0.27765
3906.11,0.27784
3907.01,0.27866
3907.91,0.28221
3908.81,0.28915
3909.71,0.29581
3910.61,0.30024
3911.51,0.30453
3912.41,0.30649
3913.31,0.30569
3914.21,0.30495
3915.11,0.30289
3916.01,0.29973
3916.91,0.29663
3917.81,0.29289
3918.71,0.28875
3919.61,0.28539
3920.51,0.28073
3921.41,0.27913
3922.31,0.27674
3923.21,0.27515
3924.11,0.27224
3925.01,0.26867
3925.91,0.26051
3926.81,0.25119
3927.71,0.23625
3928.61,0.21941
3929.51,0.19937
3930.41,0.17672
3931.31,0.15428
3932.21,0.13351
3933.11,0.11648
3934.01,0.10687
3934.91,0.1046
3935.81,0.11159
3936.71,0.12647
3937.61,0.14652
3938.51,0.16914
3939.42,0.1918
3940.32,0.21278
3941.22,0.23041
3942.12,0.24196
3943.02,0.25085
3943.92,0.25925
3944.82,0.26576
3945.72,0.271
3946.62,0.27673
3947.52,0.28089
3948.42,0.28535
3949.32,0.28781
3950.22,0.2893
3951.12,0.29118
3952.02,0.2945
3952.92,0.29521
3953.82,0.29704
3954.72,0.29698
3955.62,0.29519
3956.52,0.29341
3957.42,0.29081
3958.32,0.28973
3959.22,0.28431
3960.12,0.27855
3961.02,0.27108
3961.92,0.2591
3962.82,0.24522
3963.72,0.22915
3964.62,0.21066
3965.52,0.19001
3966.42,0.16753
3967.32,0.14602
3968.22,0.12865
3969.12,0.11637
3970.02,0.113
3970.92,0.11855
3971.82,0.13188
3972.72,0.15093
3973.62,0.17337
3974.52,0.19517
3975.42,0.21628
3976.32,0.2355
3977.22,0.25292
3978.13,0.26743
3979.03,0.2793
3979.93,0.28883
3980.83,0.29503
3981.73,0.29972
3982.63,0.30268
3983.53,0.30519
3984.43,0.30785
3985.33,0.30984
3986.23,0.31329
3987.13,0.31705
3988.03,0.31847
3988.93,0.32171
3989.83,0.32514
3990.73,0.32676
3991.63,0.33089
3992.53,0.33113
3993.43,0.33131
3994.33,0.33208
3995.23,0.32897
3996.13,0.32616
3997.03,0.32393
3997.93,0.32328
3998.83,0.32229
3999.73,0.32598
4000.63,0.32886
4001.53,0.33259
4002.43,0.33404
4003.33,0.33665
4004.23,0.33423
4005.13,0.32993
4006.03,0.32896
4006.93,0.32788
4007.83,0.3274
4008.73,0.33114
4009.63,0.3344
4010.53,0.33882
4011.43,0.34165
4012.33,0.34225
4013.23,0.34359
4014.13,0.34412
4015.03,0.34433
4015.93,0.34378
4016.84,0.34526
4017.74,0.34467
4018.64,0.34703
4019.54,0.34678
4020.44,0.34632
4021.34,0.34805
4022.24,0.34881
4023.14,0.34888
4024.04,0.34826
4024.94,0.34677
4025.84,0.34956
4026.74,0.35103
4027.64,0.35179
4028.54,0.34915
4029.44,0.34558
4030.34,0.34231
4031.24,0.33676
4032.14,0.33087
4033.04,0.33041
4033.94,0.32804
4034.84,0.33044
4035.74,0.33696
4036.64,0.34336
4037.54,0.35154
4038.44,0.3549
4039.34,0.35956
4040.24,0.35884
4041.14,0.35738
4042.04,0.35361
4042.94,0.34909
4043.84,0.34348
4044.74,0.33684
4045.64,0.3308
4046.54,0.32943
4047.44,0.33009
4048.34,0.33488
4049.24,0.33883
4050.14,0.34555
4051.04,0.34988
4051.94,0.35038
4052.84,0.35152
4053.74,0.3512
4054.65,0.34798
4055.55,0.34607
4056.45,0.34423
4057.35,0.34383
4058.25,0.34373
4059.15,0.34368
4060.05,0.3455
4060.95,0.34489
4061.85,0.34332
4062.75,0.34063
4063.65,0.33647
4064.55,0.33351
4065.45,0.33165
4066.35,0.33231
4067.25,0.33468
4068.15,0.33811
4069.05,0.3405
4069.95,0.34217
4070.85,0.34358
4071.75,0.34259
4072.65,0.34117
4073.55,0.33846
4074.45,0.33693
4075.35,0.33374
4076.25,0.32842
4077.15,0.32454
4078.05,0.3214
4078.95,0.32027
4079.85,0.32359
4080.75,0.32792
4081.65,0.33305
4082.55,0.33675
4083.45,0.34032
4084.35,0.34159
4085.25,0.3434
4086.15,0.34413
4087.05,0.34668
4087.95,0.35134
4088.85,0.35364
4089.75,0.35583
4090.65,0.35686
4091.55,0.3566
4092.45,0.35412
4093.36,0.35055
4094.26,0.34715
4095.16,0.3407
4096.06,0.33365
4096.96,0.32305
4097.86,0.3144
4098.76,0.30269
4099.66,0.28933
4100.56,0.27636
4101.46,0.26461
4102.36,0.25818
4103.26,0.25873
4104.16,0.26562
4105.06,0.27386
4105.96,0.28716
4106.86,0.2995
4107.76,0.31222
4108.66,0.31945
4109.56,0.32496
4110.46,0.32783
4111.36,0.3328
4112.26,0.33453
4113.16,0.33949
4114.06,0.34375
4114.96,0.34759
4115.86,0.34977
4116.76,0.35086
4117.66,0.35029
4118.56,0.35005
4119.46,0.34672
4120.36,0.3457
4121.26,0.34363
4122.16,0.34531
4123.06,0.3458
4123.96,0.34741
4124.86,0.3494
4125.76,0.35144
4126.66,0.3512
4127.56,0.35154
4128.46,0.34991
4129.36,0.34758
4130.26,0.34546
4131.17,0.34314
4132.06,0.33967
4132.97,0.33944
4133.87,0.33897
4134.77,0.33935
4135.67,0.34222
4136.57,0.34698
4137.47,0.35336
4138.37,0.35566
4139.27,0.35953
4140.17,0.35918
4141.07,0.35757
4141.97,0.35379
4142.87,0.34861
4143.77,0.3452
4144.67,0.34289
4145.57,0.34375
4146.47,0.3457
4147.37,0.34901
4148.27,0.35184
4149.17,0.35325
4150.07,0.35282
4150.97,0.35352
4151.87,0.35105
4152.77,0.34968
4153.67,0.34915
4154.57,0.34873
4155.47,0.34812
4156.37,0.34837
4157.27,0.34861
4158.17,0.35063
4159.07,0.35409
4159.97,0.3567
4160.87,0.35882
4161.77,0.36164
4162.67,0.36201
4163.57,0.36357
4164.47,0.36394
4165.37,0.36408
4166.27,0.36256
4167.17,0.3601
4168.07,0.35907
4168.98,0.35766
4169.88,0.35458
4170.78,0.35037
4171.68,0.34322
4172.58,0.33876
4173.48,0.33445
4174.38,0.33228
4175.28,0.33197
4176.18,0.33514
4177.08,0.33747
4177.98,0.34046
4178.88,0.34332
4179.78,0.34483
4180.68,0.34696
4181.58,0.34881
4182.48,0.34913
4183.38,0.35089
4184.28,0.35023
4185.18,0.34999
4186.08,0.34937
4186.98,0.34891
4187.88,0.34663
4188.78,0.34665
4189.68,0.34789
4190.58,0.34915
4191.48,0.3505
4192.38,0.35473
4193.28,0.35502
4194.18,0.35604
4195.08,0.35561
4195.98,0.35338
4196.88,0.34988
4197.78,0.34496
4198.68,0.34181
4199.58,0.3388
4200.48,0.33737
4201.38,0.33551
4202.28,0.33682
4203.18,0.3377
4204.08,0.33863
4204.98,0.34061
4205.88,0.34411
4206.79,0.3466
4207.69,0.35044
4208.59,0.3513
4209.49,0.35367
4210.39,0.35623
4211.29,0.35682
4212.19,0.35708
4213.09,0.35462
4213.99,0.35342
4214.89,0.35045
4215.79,0.34775
4216.69,0.34486
4217.59,0.34487
4218.49,0.3471
4219.39,0.34985
4220.29,0.35206
4221.19,0.35226
4222.09,0.35145
4222.99,0.34678
4223.89,0.33949
4224.79,0.33262
4225.69,0.32271
4226.59,0.31638
4227.49,0.31246
4228.39,0.31513
4229.29,0.32205
4230.19,0.3295
4231.09,0.33719
4231.99,0.34125
4232.89,0.34538
4233.79,0.34627
4234.69,0.34435
4235.59,0.34217
4236.49,0.34222
4237.39,0.33979
4238.29,0.34018
4239.19,0.34084
4240.09,0.34386
4240.99,0.34792
4241.89,0.3497
4242.79,0.35238
4243.69,0.35269
4244.59,0.35269
4245.5,0.35141
4246.4,0.34843
4247.3,0.34604
4248.2,0.34364
4249.1,0.33998
4250.0,0.34028
4250.9,0.33861
4251.8,0.34008
4252.7,0.34157
4253.6,0.34482
4254.5,0.34678
4255.4,0.34841
4256.3,0.34781
4257.2,0.34743
4258.1,0.34654
4259.0,0.34539
4259.9,0.34402
4260.8,0.34352
4261.7,0.34457
4262.6,0.34631
4263.5,0.35088
4264.4,0.35429
4265.3,0.35567
4266.2,0.3576
4267.1,0.35867
4268.0,0.35545
4268.9,0.35103
4269.8,0.34525
4270.7,0.33884
4271.6,0.33398
4272.5,0.32952
4273.4,0.3277
4274.3,0.32713
4275.2,0.32898
4276.1,0.33381
4277.0,0.33734
4277.9,0.34213
4278.8,0.34535
4279.7,0.34619
4280.6,0.34738
4281.5,0.34439
4282.4,0.34314
4283.31,0.34202
4284.21,0.33995
4285.11,0.33906
4286.01,0.33475
4286.91,0.33037
4287.81,0.32561
4288.71,0.32145
4289.61,0.31922
4290.51,0.31636
4291.41,0.31646
4292.31,0.31754
4293.21,0.31962
4294.11,0.32126
4295.01,0.3229
4295.91,0.32051
4296.81,0.31701
4297.71,0.31233
4298.61,0.30441
4299.51,0.29908
4300.41,0.28963
4301.31,0.28581
4302.21,0.28209
4303.11,0.2819
4304.01,0.28162
4304.91,0.28259
4305.81,0.28314
4306.71,0.28271
4307.61,0.28167
4308.51,0.28075
4309.41,0.28011
4310.31,0.28273
4311.21,0.28526
4312.11,0.29118
4313.01,0.29689
4313.91,0.30819
4314.81,0.31859
4315.71,0.33039
4316.61,0.34144
4317.51,0.3506
4318.41,0.35725
4319.31,0.36233
4320.21,0.36314
4321.12,0.36022
4322.02,0.35629
4322.92,0.35009
4323.82,0.34039
4324.72,0.33327
4325.62,0.32845
4326.52,0.32697
4327.42,0.32954
4328.32,0.33552
4329.22,0.33993
4330.12,0.34612
4331.02,0.34953
4331.92,0.35092
4332.82,0.35178
4333.72,0.35086
4334.62,0.3465
4335.52,0.33984
4336.42,0.33045
4337.32,0.31721
4338.22,0.30268
4339.12,0.28953
4340.02,0.27638
4340.92,0.26979
4341.82,0.26922
4342.72,0.27305
4343.62,0.28381
4344.52,0.29551
4345.42,0.30815
4346.32,0.32045
4347.22,0.3303
4348.12,0.33728
4349.02,0.34015
4349.92,0.3435
4350.82,0.3425
4351.72,0.34121
4352.62,0.33813
4353.52,0.33686
4354.42,0.34097
4355.32,0.34275
4356.22,0.3474
4357.12,0.34996
4358.02,0.35475
4358.92,0.3559
4359.83,0.36001
4360.73,0.36094
4361.63,0.36342
4362.53,0.36734
4363.43,0.36997
4364.33,0.36993
4365.23,0.37121
4366.13,0.3707
4367.03,0.36971
4367.93,0.36742
4368.83,0.36402
4369.73,0.36336
4370.63,0.36122
4371.53,0.3582
4372.43,0.35597
4373.33,0.35489
4374.23,0.3512
4375.13,0.35084
4376.03,0.35091
4376.93,0.35115
4377.83,0.35473
4378.73,0.35632
4379.63,0.35857
4380.53,0.35841
4381.43,0.35342
4382.33,0.34838
4383.23,0.34443
4384.13,0.33744
4385.03,0.33481
4385.93,0.33444
4386.83,0.33589
4387.73,0.34046
4388.63,0.34558
4389.53,0.34876
4390.43,0.35207
4391.33,0.35407
4392.23,0.35729
4393.13,0.35728
4394.03,0.35902
4394.93,0.35785
4395.83,0.35964
4396.73,0.35966
4397.64,0.36027
4398.54,0.3613
4399.44,0.36033
4400.34,0.35907
4401.24,0.36038
4402.14,0.35822
4403.04,0.35753
4403.94,0.35686
4404.84,0.35407
4405.74,0.35422
4406.64,0.3546
4407.54,0.35522
4408.44,0.35582
4409.34,0.36009
4410.24,0.36246
4411.14,0.36613
4412.04,0.36931
4412.94,0.37154
4413.84,0.37039
4414.74,0.36935
4415.64,0.36835
4416.54,0.3675
4417.44,0.36523
4418.34,0.36657
4419.24,0.36753
4420.14,0.3715
4421.04,0.37337
4421.94,0.37375
4422.84,0.37529
4423.74,0.37485
4424.64,0.37402
4425.54,0.37288
4426.44,0.37277
4427.34,0.37227
4428.24,0.37214
4429.14,0.37277
4430.04,0.37102
4430.94,0.37129
4431.84,0.37125
4432.74,0.36877
4433.64,0.36784
4434.54,0.36643
4435.45,0.36627
4436.35,0.36611
4437.25,0.36909
4438.15,0.37106
4439.05,0.37367
4439.95,0.37473
4440.85,0.37529
4441.75,0.37393
4442.65,0.37067
4443.55,0.36924
4444.45,0.3665
4445.35,0.36931
4446.25,0.3693
4447.15,0.37149
4448.05,0.37412
4448.95,0.37473
4449.85,0.3757
4450.75,0.37395
4451.65,0.37442
4452.55,0.37104
4453.45,0.36814
4454.35,0.36552
4455.25,0.36043
4456.15,0.35901
4457.05,0.35638
4457.95,0.35622
4458.85,0.35784
4459.75,0.3562
4460.65,0.35898
4461.55,0.35848
4462.45,0.36222
4463.35,0.36461
4464.25,0.36455
4465.15,0.36682
4466.05,0.36857
4466.95,0.3691
4467.85,0.36926
4468.75,0.36901
4469.65,0.3691
4470.55,0.37145
4471.45,0.3745
4472.35,0.37662
4473.25,0.38011
4474.16,0.38374
4475.06,0.38736
4475.96,0.3887
4476.86,0.39122
4477.76,0.39077
4478.66,0.38736
4479.56,0.38633
4480.46,0.3832
4481.36,0.38026
4482.26,0.37781
4483.16,0.37771
4484.06,0.37883
4484.96,0.38006
4485.86,0.38224
4486.76,0.38433
4487.66,0.3855
4488.56,0.38564
4489.46,0.38286
4490.36,0.38235
4491.26,0.3813
4492.16,0.37961
4493.06,0.38141
4493.96,0.38165
4494.86,0.38101
4495.76,0.38141
4496.66,0.38196
4497.56,0.382
4498.46,0.38497
4499.36,0.38672
4500.26,0.38905
4501.16,0.39181
4502.06,0.39361
4502.96,0.39478
4503.86,0.39747
4504.76,0.40007
4505.66,0.39954
4506.56,0.40373
4507.46,0.40246
4508.36,0.40206
4509.26,0.40088
4510.17,0.4027
4511.06,0.40057
4511.97,0.40044
4512.87,0.3989
4513.77,0.39671
4514.67,0.39469
4515.57,0.39448
4516.47,0.39069
4517.37,0.39237
4518.27,0.38862
4519.17,0.38867
4520.07,0.38753
4520.97,0.38843
4521.87,0.38561
4522.77,0.38408
4523.67,0.38259
4524.57,0.38049
4525.47,0.37853
4526.37,0.37377
4527.27,0.3708
4528.17,0.36816
4529.07,0.36592
4529.97,0.36568
4530.87,0.3644
4531.77,0.36369
4532.67,0.36245
4533.57,0.36307
4534.47,0.36262
4535.37,0.36393
4536.27,0.36692
4537.17,0.37163
4538.07,0.37616
4538.97,0.38089
4539.87,0.38453
4540.77,0.38541
4541.67,0.3879
4542.57,0.38937
4543.47,0.38678
4544.37,0.38497
4545.27,0.3852
4546.17,0.38318
4547.07,0.37905
4547.97,0.378
4548.88,0.37625
4549.77,0.37288
4550.68,0.37188
4551.58,0.37204
4552.48,0.37142
4553.38,0.37167
4554.28,0.36984
4555.18,0.37232
4556.08,0.37371
4556.98,0.3777
4557.88,0.37943
4558.78,0.3852
4559.68,0.386
4560.58,0.39015
4561.48,0.39118
4562.38,0.39209
4563.28,0.39193
4564.18,0.39104
4565.08,0.39015
4565.98,0.39006
4566.88,0.39096
4567.78,0.39133
4568.68,0.39198
4569.58,0.39273
4570.48,0.39129
4571.38,0.39093
4572.28,0.38888
4573.18,0.38983
4574.08,0.3895
4574.98,0.39027
4575.88,0.39266
4576.78,0.39223
4577.68,0.39239
4578.58,0.38933
4579.48,0.38906
4580.38,0.38436
4581.28,0.38343
4582.18,0.38185
4583.08,0.38203
4583.98,0.38136
4584.88,0.3802
4585.78,0.38323
4586.69,0.38595
4587.58,0.38732
4588.49,0.38879
4589.39,0.38975
4590.29,0.38927
4591.19,0.38967
4592.09,0.38946
4592.99,0.388
4593.89,0.38912
4594.79,0.38916
4595.69,0.38811
4596.59,0.38942
4597.49,0.39164
4598.39,0.3905
4599.29,0.38937
4600.19,0.3896
4601.09,0.38866
4601.99,0.38912
4602.89,0.39082
4603.79,0.38863
4604.69,0.38886
4605.59,0.39002
4606.49,0.3935
4607.39,0.39498
4608.29,0.39569
4609.19,0.39845
4610.09,0.39857
4610.99,0.39827
4611.89,0.39896
4612.79,0.39829
4613.69,0.39978
4614.59,0.39708
4615.49,0.39689
4616.39,0.39543
4617.29,0.39598
4618.19,0.39424
4619.09,0.39359
4619.99,0.39557
4620.89,0.39621
4621.79,0.3962
4622.69,0.4002
4623.59,0.39908
4624.5,0.39776
4625.4,0.40163
4626.3,0.40004
4627.2,0.39869
4628.1,0.39971
4629.0,0.39757
4629.9,0.39935
4630.8,0.39893
4631.7,0.39743
4632.6,0.39731
4633.5,0.39774
4634.4,0.39758
4635.3,0.39518
4636.2,0.3943
4637.1,0.39523
4638.0,0.39512
4638.9,0.3949
4639.8,0.39525
4640.7,0.39655
4641.6,0.39807
4642.5,0.39809
4643.4,0.39834
4644.3,0.39945
4645.2,0.39776
4646.1,0.3957
4647.0,0.39483
4647.9,0.39243
4648.8,0.39243
4649.7,0.39071
4650.6,0.39226
4651.5,0.39174
4652.4,0.39088
4653.3,0.39106
4654.2,0.39101
4655.1,0.38993
4656.0,0.39036
4656.9,0.39254
4657.8,0.39506
4658.7,0.39603
4659.6,0.3995
4660.5,0.39998
4661.4,0.40069
4662.3,0.40179
4663.21,0.40054
4664.11,0.39873
4665.01,0.39583
4665.91,0.3934
4666.81,0.38923
4667.71,0.38432
4668.61,0.38368
4669.51,0.38332
4670.41,0.38572
4671.31,0.38679
4672.21,0.38686
4673.11,0.39077
4674.01,0.39347
4674.91,0.39532
4675.81,0.39647
4676.71,0.39972
4677.61,0.39889
4678.51,0.39607
4679.41,0.39559
4680.31,0.39499
4681.21,0.3939
4682.11,0.39317
4683.01,0.39422
4683.91,0.39443
4684.81,0.39449
4685.71,0.39678
4686.61,0.39581
4687.51,0.39628
4688.41,0.39722
4689.31,0.39886
4690.21,0.39909
4691.11,0.39814
4692.01,0.39908
4692.91,0.39955
4693.81,0.40066
4694.71,0.40243
4695.61,0.40324
4696.51,0.4039
4697.41,0.40385
4698.31,0.40171
4699.21,0.39878
4700.12,0.39614
4701.02,0.39515
4701.92,0.39217
4702.82,0.39043
4703.72,0.39089
4704.62,0.38911
4705.52,0.3888
4706.42,0.38665
4707.32,0.38901
4708.22,0.38598
4709.12,0.38844
4710.02,0.388
4710.92,0.38961
4711.82,0.39187
4712.72,0.3915
4713.62,0.39574
4714.52,0.39582
4715.42,0.39859
4716.32,0.39936
4717.22,0.39991
4718.12,0.40057
4719.02,0.40207
4719.92,0.40176
4720.82,0.40433
4721.72,0.40433
4722.62,0.40376
4723.52,0.40571
4724.42,0.40444
4725.32,0.40279
4726.22,0.40253
4727.12,0.40255
4728.02,0.39975
4728.92,0.39586
4729.82,0.39596
4730.72,0.39479
4731.62,0.39433
4732.52,0.39472
4733.42,0.39436
4734.32,0.39461
4735.22,0.39351
4736.12,0.39701
4737.02,0.39593
4737.92,0.39669
4738.83,0.39833
4739.73,0.39726
4740.63,0.39741
4741.53,0.39755
4742.43,0.39896
4743.33,0.40025
4744.23,0.40033
4745.13,0.40275
4746.03,0.40049
4746.93,0.40371
4747.83,0.40304
4748.73,0.40147
4749.63,0.40503
4750.53,0.40387
4751.43,0.40479
4752.33,0.40102
4753.23,0.4017
4754.13,0.39865
4755.03,0.3985
4755.93,0.39732
4756.83,0.39634
4757.73,0.39523
4758.63,0.39547
4759.53,0.39463
4760.43,0.3956
4761.33,0.39486
4762.23,0.39215
4763.13,0.38966
4764.03,0.38988
4764.93,0.38902
4765.83,0.38814
4766.73,0.38779
4767.63,0.38924
4768.53,0.39235
4769.43,0.39288
4770.33,0.39387
4771.23,0.39494
4772.13,0.39688
4773.03,0.39683
4773.93,0.3992
4774.83,0.39938
4775.73,0.39931
4776.64,0.40073
4777.54,0.4007
4778.44,0.40111
4779.34,0.40039
4780.24,0.40101
4781.14,0.39918
4782.04,0.39832
4782.94,0.39532
4783.84,0.39602
4784.74,0.39425
4785.64,0.39301
4786.54,0.39211
4787.44,0.39125
4788.34,0.39089
4789.24,0.39017
4790.14,0.39232
4791.04,0.39341
4791.94,0.39559
4792.84,0.39601
4793.74,0.39903
4794.64,0.40184
4795.54,0.40213
4796.44,0.40242
4797.34,0.40279
4798.24,0.4019
4799.14,0.40063
4800.04,0.4
4800.94,0.40075
4801.84,0.39984
4802.74,0.39968
4803.64,0.39915
4804.54,0.39955
4805.44,0.39962
4806.34,0.39746
4807.24,0.39899
4808.14,0.39886
4809.04,0.39874
4809.94,0.39967
4810.84,0.40036
4811.74,0.40176
4812.64,0.40083
4813.54,0.40119
4814.45,0.40383
4815.35,0.40375
4816.25,0.40497
4817.15,0.40522
4818.05,0.40675
4818.95,0.40445
4819.85,0.40241
4820.75,0.40541
4821.65,0.4025
4822.55,0.39952
4823.45,0.39811
4824.35,0.39813
4825.25,0.39789
4826.15,0.39593
4827.05,0.3963
4827.95,0.3968
4828.85,0.39507
4829.75,0.39631
4830.65,0.39709
4831.55,0.39683
4832.45,0.39467
4833.35,0.39526
4834.25,0.39502
4835.15,0.39559
4836.05,0.39504
4836.95,0.3964
4837.85,0.39496
4838.75,0.39331
4839.65,0.39102
4840.55,0.3917
4841.45,0.39013
4842.35,0.39015
4843.25,0.39015
4844.15,0.3903
4845.05,0.39051
4845.95,0.39274
4846.85,0.39145
4847.75,0.39015
4848.65,0.3899
4849.55,0.39064
4850.45,0.38783
4851.35,0.38704
4852.26,0.38418
4853.16,0.38172
4854.06,0.378
4854.96,0.37335
4855.86,0.36901
4856.76,0.36073
4857.66,0.35202
4858.56,0.34275
4859.46,0.333
4860.36,0.32163
4861.26,0.31397
4862.16,0.3091
4863.06,0.30915
4863.96,0.31198
4864.86,0.32009
4865.76,0.32992
4866.66,0.34082
4867.56,0.34887
4868.46,0.35659
4869.36,0.36189
4870.26,0.3657
4871.16,0.36602
4872.06,0.37005
4872.96,0.37034
4873.86,0.37281
4874.76,0.37523
4875.66,0.37683
4876.56,0.37975
4877.46,0.38212
4878.36,0.38409
4879.26,0.38632
4880.16,0.3867
4881.06,0.39025
4881.96,0.38828
4882.86,0.38897
4883.76,0.38923
4884.66,0.3882
4885.56,0.38779
4886.46,0.38689
4887.36,0.3851
4888.26,0.38531
4889.17,0.38287
4890.07,0.38319
4890.97,0.38383
4891.87,0.38397
4892.77,0.38596
4893.67,0.39078
4894.57,0.39472
4895.47,0.39854
4896.37,0.40163
4897.27,0.40528
4898.17,0.40765
4899.07,0.4063
4899.97,0.40401
4900.87,0.40347
4901.77,0.40227
4902.67,0.39975
4903.57,0.3986
4904.47,0.39902
4905.37,0.39912
4906.27,0.39905
4907.17,0.39872
4908.07,0.39916
4908.97,0.39665
4909.87,0.39627
4910.77,0.39578
4911.67,0.39611
4912.57,0.39515
4913.47,0.39558
4914.37,0.39631
4915.27,0.39605
4916.17,0.39632
4917.07,0.39566
4917.97,0.39105
4918.87,0.38783
4919.77,0.38534
4920.67,0.3822
4921.57,0.37946
4922.47,0.3805
4923.37,0.37834
4924.27,0.38261
4925.17,0.38454
4926.07,0.38787
4926.98,0.39261
4927.88,0.39474
4928.78,0.39731
4929.68,0.39922
4930.58,0.40072
4931.48,0.39978
4932.38,0.39776
4933.28,0.39493
4934.18,0.39361
4935.08,0.39087
4935.98,0.38805
4936.88,0.38564
4937.78,0.38594
4938.68,0.38605
4939.58,0.38673
4940.48,0.38962
4941.38,0.39126
4942.28,0.39326
4943.18,0.39604
4944.08,0.39867
4944.98,0.40042
4945.88,0.40182
4946.78,0.40341
4947.68,0.40496
4948.58,0.40332
4949.48,0.40413
4950.38,0.40304
4951.28,0.40496
4952.18,0.40358
4953.08,0.40383
4953.98,0.4007
4954.88,0.39887
4955.78,0.39543
4956.68,0.39291
4957.58,0.38936
4958.48,0.38817
4959.38,0.38671
4960.28,0.3905
4961.18,0.39044
4962.08,0.39462
4962.98,0.39653
4963.88,0.39678
4964.79,0.39705
4965.69,0.39745
4966.59,0.39585
4967.49,0.39441
4968.39,0.39413
4969.29,0.39478
4970.19,0.39349
4971.09,0.39475
4971.99,0.39746
4972.89,0.39641
4973.79,0.39899
4974.69,0.39862
4975.59,0.39968
4976.49,0.39916
4977.39,0.39739
4978.29,0.39679
4979.19,0.39357
4980.09,0.38952
4980.99,0.38698
4981.89,0.38163
4982.79,0.37857
4983.69,0.37834
4984.59,0.37532
4985.49,0.37706
4986.39,0.3769
4987.29,0.38135
4988.19,0.38337
4989.09,0.38597
4989.99,0.38661
4990.89,0.38663
4991.79,0.38882
4992.69,0.38873
4993.59,0.38884
4994.49,0.38978
4995.39,0.3894
4996.29,0.39009
4997.19,0.39082
4998.09,0.3886
4998.99,0.38697
4999.89,0.3859
5000.79,0.38449
5001.7,0.38376
5002.6,0.38368
5003.5,0.38204
5004.4,0.38191
5005.3,0.38021
5006.2,0.38006
5007.1,0.37852
5008.0,0.3797
5008.9,0.37837
5009.8,0.37949
5010.7,0.3778
5011.6,0.37731
5012.5,0.37627
5013.4,0.37519
5014.3,0.37189
5015.2,0.37094
5016.1,0.37247
5017.0,0.37164
5017.9,0.37224
5018.8,0.37315
5019.7,0.37428
5020.6,0.37721
5021.5,0.37666
5022.4,0.37908
5023.3,0.38042
5024.2,0.38163
5025.1,0.38282
5026.0,0.38514
5026.9,0.38544
5027.8,0.38494
5028.7,0.38682
5029.6,0.38757
5030.5,0.39102
5031.4,0.39019
5032.3,0.39168
5033.2,0.39237
5034.1,0.39105
5035.0,0.38864
5035.9,0.38529
5036.8,0.38173
5037.7,0.37956
5038.6,0.37672
5039.5,0.37499
5040.41,0.37071
5041.31,0.36809
5042.21,0.37041
5043.11,0.37246
5044.01,0.374
5044.91,0.37659
5045.81,0.38248
5046.71,0.38491
5047.61,0.38559
5048.51,0.38771
5049.41,0.38831
5050.31,0.38716
5051.21,0.38564
5052.11,0.38587
5053.01,0.38863
5053.91,0.38871
5054.81,0.39174
5055.71,0.39278
5056.61,0.39318
5057.51,0.39751
5058.41,0.39828
5059.31,0.39942
5060.21,0.39658
5061.11,0.3968
5062.01,0.39624
5062.91,0.39563
5063.81,0.39374
5064.71,0.389
5065.61,0.38678
5066.51,0.38459
5067.41,0.38485
5068.31,0.38448
5069.21,0.38431
5070.11,0.38385
5071.01,0.38622
5071.91,0.38419
5072.81,0.38643
5073.71,0.38698
5074.61,0.38536
5075.51,0.38548
5076.42,0.3832
5077.31,0.38194
5078.21,0.38044
5079.12,0.37751
5080.02,0.37568
5080.92,0.37327
5081.82,0.37378
5082.72,0.37379
5083.62,0.37417
5084.52,0.37661
5085.42,0.37987
5086.32,0.38079
5087.22,0.38397
5088.12,0.38469
5089.02,0.3877
5089.92,0.38823
5090.82,0.38938
5091.72,0.38925
5092.62,0.39074
5093.52,0.38923
5094.42,0.38988
5095.32,0.3894
5096.22,0.38728
5097.12,0.38541
5098.02,0.38365
5098.92,0.38254
5099.82,0.38003
5100.72,0.38013
5101.62,0.38019
5102.52,0.38217
5103.42,0.38135
5104.32,0.38144
5105.22,0.38206
5106.12,0.38181
5107.02,0.38117
5107.92,0.37912
5108.82,0.378
5109.72,0.37732
5110.62,0.37766
5111.52,0.37951
5112.42,0.38182
5113.32,0.38228
5114.22,0.38541
5115.12,0.38727
5116.03,0.3894
5116.93,0.39124
5117.83,0.39106
5118.73,0.39228
5119.63,0.39213
5120.53,0.39056
5121.43,0.38744
5122.33,0.38465
5123.23,0.38147
5124.13,0.37935
5125.03,0.3785
5125.93,0.37619
5126.83,0.37333
5127.73,0.37397
5128.63,0.37292
5129.53,0.37377
5130.43,0.37476
5131.33,0.37576
5132.23,0.37635
5133.13,0.37865
5134.03,0.38082
5134.93,0.38059
5135.83,0.38168
5136.73,0.37968
5137.63,0.37976
5138.53,0.37644
5139.43,0.37454
5140.33,0.37336
5141.23,0.37077
5142.13,0.3705
5143.03,0.37069
5143.93,0.37174
5144.83,0.37003
5145.73,0.37196
5146.63,0.37271
5147.53,0.37251
5148.43,0.37337
5149.33,0.37354
5150.23,0.37373
5151.13,0.37303
5152.03,0.37387
5152.94,0.37281
5153.84,0.37518
5154.74,0.37565
5155.64,0.37772
5156.54,0.37915
5157.44,0.38201
5158.34,0.38526
5159.24,0.3861
5160.14,0.38635
5161.04,0.38654
5161.94,0.38624
5162.84,0.3825
5163.74,0.37822
5164.64,0.37215
5165.54,0.36446
5166.44,0.35762
5167.34,0.35055
5168.24,0.3453
5169.14,0.33987
5170.04,0.33652
5170.94,0.33498
5171.84,0.33643
5172.74,0.3363
5173.64,0.33989
5174.54,0.34474
5175.44,0.34998
5176.34,0.35739
5177.24,0.36202
5178.14,0.36613
5179.04,0.37109
5179.94,0.36883
5180.84,0.36861
5181.74,0.36381
5182.64,0.36023
5183.54,0.35397
5184.44,0.35141
5185.34,0.35129
5186.24,0.35299
5187.14,0.35582
5188.04,0.35955
5188.94,0.36291
5189.84,0.36697
5190.75,0.3676
5191.65,0.36856
5192.55,0.36899
5193.45,0.36905
5194.35,0.36898
5195.25,0.36901
5196.15,0.36914
5197.05,0.37157
5197.95,0.3736
5198.85,0.37565
5199.75,0.37768
5200.65,0.37726
5201.55,0.37672
5202.45,0.37565
5203.35,0.37456
5204.25,0.3719
5205.15,0.37033
5206.05,0.36708
5206.95,0.36308
5207.85,0.36261
5208.75,0.36244
5209.65,0.36393
5210.55,0.36682
5211.45,0.36966
5212.35,0.3726
5213.25,0.37559
5214.15,0.37904
5215.05,0.38027
5215.95,0.38473
5216.85,0.38369
5217.75,0.38405
5218.65,0.38593
5219.55,0.38854
5220.45,0.38688
5221.35,0.38786
5222.25,0.38679
5223.15,0.3853
5224.05,0.38275
5224.95,0.38068
5225.85,0.37607
5226.75,0.3737
5227.66,0.37084
5228.56,0.37176
5229.46,0.37118
5230.36,0.375
5231.26,0.37544
5232.16,0.37822
5233.06,0.3809
5233.96,0.38148
5234.86,0.38257
5235.76,0.38395
5236.66,0.38569
5237.56,0.38868
5238.46,0.39064
5239.36,0.39355
5240.26,0.3917
5241.16,0.39571
5242.06,0.39487
5242.96,0.39445
5243.86,0.39542
5244.76,0.39425
5245.66,0.39414
5246.56,0.39139
5247.46,0.38872
5248.36,0.38699
5249.26,0.38645
5250.16,0.38311
5251.06,0.38234
5251.96,0.38296
5252.86,0.38411
5253.76,0.38479
5254.66,0.38486
5255.56,0.38522
5256.46,0.3875
5257.36,0.38909
5258.26,0.38823
5259.16,0.38881
5260.06,0.3879
5260.96,0.3854
5261.86,0.38185
5262.76,0.37585
5263.66,0.37337
5264.56,0.36833
5265.47,0.36417
5266.37,0.35974
5267.27,0.35952
5268.17,0.35722
5269.07,0.35539
5269.97,0.35731
5270.87,0.35833
5271.77,0.36168
5272.67,0.36234
5273.57,0.36588
5274.47,0.37077
5275.37,0.37374
5276.27,0.37705
5277.17,0.38001
5278.07,0.38501
5278.97,0.38761
5279.87,0.39014
5280.77,0.38908
5281.67,0.38793
5282.57,0.38946
5283.47,0.38782
5284.37,0.391
5285.27,0.38969
5286.17,0.39121
5287.07,0.39325
5287.97,0.39552
5288.87,0.39716
5289.77,0.39858
5290.67,0.40044
5291.57,0.39978
5292.47,0.39883
5293.37,0.39864
5294.27,0.39589
5295.17,0.39353
5296.07,0.3921
5296.97,0.38643
5297.87,0.38602
5298.77,0.38451
5299.67,0.38442
5300.57,0.38528
5301.48,0.38394
5302.38,0.38738
5303.27,0.3879
5304.18,0.3885
5305.08,0.39238
5305.98,0.3922
5306.88,0.3951
5307.78,0.39704
5308.68,0.39702
5309.58,0.39741
5310.48,0.40024
5311.38,0.40079
5312.28,0.39809
5313.18,0.39911
5314.08,0.39757
5314.98,0.39823
5315.88,0.39639
5316.78,0.39447
5317.68,0.39356
5318.58,0.39327
5319.48,0.39251
5320.38,0.39164
5321.28,0.38992
5322.18,0.38946
5323.08,0.38614
5323.98,0.38471
5324.88,0.38133
5325.78,0.3783
5326.68,0.37545
5327.58,0.37226
5328.48,0.37048
5329.38,0.36893
5330.28,0.37005
5331.18,0.37238
5332.08,0.37486
5332.98,0.37822
5333.88,0.3815
5334.78,0.38412
5335.68,0.3866
5336.58,0.38768
5337.48,0.38747
5338.38,0.38722
5339.28,0.38794
5340.19,0.38703
5341.08,0.38593
5341.99,0.38377
5342.89,0.38479
5343.79,0.38557
5344.69,0.38544
5345.59,0.38601
5346.49,0.38745
5347.39,0.38742
5348.29,0.38949
5349.19,0.38953
5350.09,0.3899
5350.99,0.39015
5351.89,0.39302
5352.79,0.39306
5353.69,0.39501
5354.59,0.39758
5355.49,0.39897
5356.39,0.40114
5357.29,0.40092
5358.19,0.40257
5359.09,0.40328
5359.99,0.4024
5360.89,0.40107
5361.79,0.39943
5362.69,0.39841
5363.59,0.39485
5364.49,0.39424
5365.39,0.39229
5366.29,0.38877
5367.19,0.38768
5368.09,0.3856
5368.99,0.384
5369.89,0.38361
5370.79,0.38315
5371.69,0.38027
5372.59,0.38246
5373.49,0.38455
5374.39,0.38563
5375.29,0.38868
5376.19,0.39155
5377.09,0.39344
5378.0,0.39404
5378.9,0.39584
5379.8,0.39651
5380.7,0.39554
5381.6,0.39426
5382.5,0.39429
5383.4,0.39362
5384.3,0.39319
5385.2,0.39451
5386.1,0.39233
5387.0,0.39302
5387.9,0.39443
5388.8,0.39232
5389.7,0.39295
5390.6,0.3913
5391.5,0.38999
5392.4,0.38719
5393.3,0.38614
5394.2,0.38599
5395.1,0.38274
5396.0,0.38261
5396.9,0.3818
5397.8,0.37872
5398.7,0.37942
5399.6,0.3817
5400.5,0.38099
5401.4,0.38218
5402.3,0.38127
5403.2,0.37998
5404.1,0.37881
5405.0,0.37695
5405.9,0.37655
5406.8,0.37632
5407.7,0.37413
5408.6,0.37496
5409.5,0.37606
5410.4,0.37893
5411.3,0.37841
5412.2,0.38179
5413.1,0.38384
5414.0,0.38564
5414.9,0.3873
5415.81,0.38855
5416.71,0.38945
5417.61,0.39049
5418.51,0.3913
5419.41,0.39244
5420.31,0.39099
5421.21,0.39026
5422.11,0.39227
5423.01,0.39024
5423.91,0.38928
5424.81,0.38969
5425.71,0.38795
5426.61,0.38695
5427.51,0.38607
5428.41,0.38491
5429.31,0.38394
5430.21,0.38351
5431.11,0.38203
5432.01,0.37997
5432.91,0.37795
5433.81,0.37877
5434.71,0.37927
5435.61,0.38072
5436.51,0.38221
5437.41,0.38348
5438.31,0.38738
5439.21,0.38887
5440.11,0.39053
5441.01,0.39094
5441.91,0.39223
5442.81,0.39353
5443.71,0.39032
5444.61,0.38982
5445.51,0.38812
5446.41,0.3853
5447.31,0.38449
5448.21,0.38302
5449.11,0.38314
5450.01,0.38428
5450.91,0.38409
5451.81,0.38504
5452.72,0.38539
5453.62,0.38525
5454.52,0.38613
5455.42,0.38473
5456.32,0.38366
5457.22,0.38579
5458.12,0.38495
5459.02,0.38605
5459.92,0.38485
5460.82,0.38639
5461.72,0.38796
5462.62,0.38715
5463.52,0.38743
5464.42,0.38511
5465.32,0.38684
5466.22,0.38628
5467.12,0.38633
5468.02,0.38877
5468.92,0.38767
5469.82,0.38975
5470.72,0.38932
5471.62,0.38851
5472.52,0.38661
5473.42,0.38608
5474.32,0.38552
5475.22,0.38223
5476.12,0.3795
5477.02,0.3817
5477.92,0.37933
5478.82,0.37689
5479.72,0.37823
5480.62,0.38072
5481.52,0.38163
5482.42,0.38233
5483.32,0.38459
5484.22,0.38615
5485.12,0.38497
5486.02,0.38679
5486.92,0.386
5487.82,0.38719
5488.72,0.38823
5489.62,0.38739
5490.53,0.38778
5491.43,0.38832
5492.33,0.38848
5493.23,0.38881
5494.13,0.38835
5495.03,0.38847
5495.93,0.3881
5496.83,0.38671
5497.73,0.38731
5498.63,0.38656
5499.53,0.38633
5500.43,0.38568
5501.33,0.387
5502.23,0.38431
5503.13,0.38455
5504.03,0.38436
5504.93,0.38367
5505.83,0.38458
5506.73,0.38244
5507.63,0.38354
5508.53,0.3837
5509.43,0.38275
5510.33,0.38384
5511.23,0.38382
5512.13,0.3839
5513.03,0.38255
5513.93,0.38279
5514.83,0.38323
5515.73,0.38504
5516.63,0.3872
5517.53,0.38641
5518.43,0.38998
5519.33,0.38991
5520.23,0.39262
5521.13,0.39258
5522.03,0.39114
5522.93,0.39317
5523.83,0.39158
5524.73,0.39134
5525.63,0.38935
5526.54,0.38713
5527.44,0.38483
5528.33,0.38456
5529.24,0.38355
5530.14,0.383
5531.04,0.38348
5531.94,0.38341
5532.84,0.38486
5533.74,0.3868
5534.64,0.38704
5535.54,0.38915
5536.44,0.38824
5537.34,0.38774
5538.24,0.39116
5539.14,0.39196
5540.04,0.39039
5540.94,0.3927
5541.84,0.39181
5542.74,0.39267
5543.64,0.3911
5544.54,0.39291
5545.44,0.39236
5546.34,0.39184
5547.24,0.39237
5548.14,0.39258
5549.04,0.39365
5549.94,0.39423
5550.84,0.39382
5551.74,0.39218
5552.64,0.39284
5553.54,0.39207
5554.44,0.39089
5555.34,0.39131
5556.24,0.39014
5557.14,0.3905
5558.04,0.38892
5558.94,0.38973
5559.84,0.39025
5560.74,0.38913
5561.64,0.38959
5562.54,0.38764
5563.44,0.3868
5564.34,0.38559
5565.25,0.38596
5566.15,0.38621
5567.05,0.3832
5567.95,0.38243
5568.85,0.38231
5569.75,0.3829
5570.65,0.38215
5571.55,0.3819
5572.45,0.3827
5573.35,0.38251
5574.25,0.3833
5575.15,0.38303
5576.05,0.38284
5576.95,0.38315
5577.85,0.3849
5578.75,0.3848
5579.65,0.38575
5580.55,0.38678
5581.45,0.3856
5582.35,0.3872
5583.25,0.38479
5584.15,0.38258
5585.05,0.3821
5585.95,0.37946
5586.85,0.3785
5587.75,0.37478
5588.65,0.37339
5589.55,0.37455
5590.45,0.37297
5591.35,0.37287
5592.25,0.37205
5593.15,0.37341
5594.05,0.37367
5594.95,0.3751
5595.85,0.37683
5596.75,0.37737
5597.65,0.37749
5598.55,0.37902
5599.45,0.37835
5600.35,0.37769
5601.25,0.37613
5602.15,0.3778
5603.06,0.37799
5603.96,0.37997
5604.86,0.38041
5605.76,0.38252
5606.66,0.38491
5607.56,0.38634
5608.46,0.3904
5609.36,0.38846
5610.26,0.39077
5611.16,0.39026
5612.06,0.38921
5612.96,0.38914
5613.86,0.38582
5614.76,0.38553
5615.66,0.38369
5616.56,0.38325
5617.46,0.38205
5618.36,0.3823
5619.26,0.38423
5620.16,0.38211
5621.06,0.38388
5621.96,0.38348
5622.86,0.38395
5623.76,0.38355
5624.66,0.38548
5625.56,0.3845
5626.46,0.38563
5627.36,0.38544
5628.26,0.3858
5629.16,0.38648
5630.06,0.38707
5630.96,0.39038
5631.86,0.38851
5632.76,0.38878
5633.66,0.38976
5634.56,0.3908
5635.46,0.38832
5636.36,0.38548
5637.26,0.38677
5638.16,0.38566
5639.06,0.3853
5639.96,0.38483
5640.86,0.38417
5641.77,0.38448
5642.67,0.38539
5643.57,0.38259
5644.47,0.38542
5645.37,0.38564
5646.27,0.387
5647.17,0.38673
5648.07,0.3862
5648.97,0.3873
5649.87,0.38764
5650.77,0.38891
5651.67,0.38743
5652.57,0.38734
5653.47,0.38774
5654.37,0.38509
5655.27,0.38476
5656.17,0.38378
5657.07,0.38138
5657.97,0.38008
5658.87,0.37932
5659.77,0.37728
5660.67,0.37634
5661.57,0.37629
5662.47,0.37635
5663.37,0.37899
5664.27,0.37922
5665.17,0.37957
5666.07,0.3811
5666.97,0.38239
5667.87,0.38265
5668.77,0.38274
5669.67,0.38305
5670.57,0.38448
5671.47,0.3852
5672.37,0.38783
5673.27,0.38574
5674.17,0.38781
5675.07,0.38836
5675.97,0.38844
5676.88,0.38813
5677.77,0.39072
5678.68,0.38807
5679.58,0.38826
5680.48,0.38625
5681.38,0.38757
5682.28,0.38541
5683.18,0.38478
5684.08,0.38263
5684.98,0.38242
5685.88,0.38106
5686.78,0.38124
5687.68,0.38032
5688.58,0.3821
5689.48,0.38177
5690.38,0.38198
5691.28,0.38329
5692.18,0.38376
5693.08,0.38481
5693.98,0.38609
5694.88,0.38645
5695.78,0.38616
5696.68,0.38567
5697.58,0.38532
5698.48,0.3848
5699.38,0.3837
5700.28,0.38239
5701.18,0.38168
5702.08,0.38133
5702.98,0.381
5703.88,0.37841
5704.78,0.37699
5705.68,0.37785
5706.58,0.3783
5707.48,0.37508
5708.38,0.37443
5709.28,0.37429
5710.18,0.37232
5711.08,0.37283
5711.98,0.37281
5712.88,0.37358
5713.78,0.3777
5714.68,0.37833
5715.59,0.38011
5716.49,0.38102
5717.39,0.38228
5718.29,0.3846
5719.19,0.38631
5720.09,0.38715
5720.99,0.38796
5721.89,0.38698
5722.79,0.38701
5723.69,0.38823
5724.59,0.38805
5725.49,0.38752
5726.39,0.38819
5727.29,0.38668
5728.19,0.38583
5729.09,0.38577
5729.99,0.38406
5730.89,0.38543
5731.79,0.38495
5732.69,0.38525
5733.59,0.38735
5734.49,0.38497
5735.39,0.38566
5736.29,0.38728
5737.19,0.38831
5738.09,0.38641
5738.99,0.38563
5739.89,0.38602
5740.79,0.38542
5741.69,0.38653
5742.59,0.38506
5743.49,0.38803
5744.39,0.38583
5745.29,0.38578
5746.19,0.38645
5747.09,0.38631
5747.99,0.38558
5748.89,0.38436
5749.79,0.38572
5750.69,0.38575
5751.59,0.3846
5752.5,0.38133
5753.4,0.38211
5754.3,0.38148
5755.2,0.38111
5756.1,0.38256
5757.0,0.38179
5757.9,0.3828
5758.8,0.38441
5759.7,0.38407
5760.6,0.38484
5761.5,0.38376
5762.4,0.3827
5763.3,0.38435
5764.2,0.383
5765.1,0.38349
5766.0,0.38394
5766.9,0.38555
5767.8,0.38489
5768.7,0.38586
5769.6,0.38738
5770.5,0.38474
5771.4,0.38567
5772.3,0.38593
5773.2,0.38584
5774.1,0.38462
5775.0,0.38384
5775.9,0.38398
5776.8,0.38451
5777.7,0.38257
5778.6,0.38259
5779.5,0.38211
5780.4,0.37992
5781.3,0.38049
5782.2,0.37912
5783.1,0.37779
5784.0,0.3758
5784.9,0.3765
5785.8,0.37663
5786.7,0.37676
5787.6,0.37836
5788.5,0.37934
5789.41,0.37924
5790.31,0.381
5791.21,0.3807
5792.11,0.38195
5793.01,0.38192
5793.91,0.38223
5794.81,0.3825
5795.71,0.38539
5796.61,0.38323
5797.51,0.38502
5798.41,0.38409
5799.31,0.38421
5800.21,0.3833
5801.11,0.38531
5802.01,0.38483
5802.91,0.38569
5803.81,0.38493
5804.71,0.38466
5805.61,0.38474
5806.51,0.38462
5807.41,0.38423
5808.31,0.38527
5809.21,0.38554
5810.11,0.38363
5811.01,0.38546
5811.91,0.38392
5812.81,0.38613
5813.71,0.38463
5814.61,0.38652
5815.51,0.38626
5816.41,0.38356
5817.31,0.38699
5818.21,0.38651
5819.11,0.38466
5820.01,0.38642
5820.91,0.38903
5821.81,0.38852
5822.71,0.3881
5823.61,0.38908
5824.51,0.3885
5825.41,0.39025
5826.31,0.38728
5827.22,0.38898
5828.12,0.38946
5829.02,0.38909
5829.92,0.3894
5830.82,0.38909
5831.72,0.38723
5832.62,0.38753
5833.52,0.38709
5834.42,0.38775
5835.32,0.38732
5836.22,0.38741
5837.12,0.3878
5838.02,0.38696
5838.92,0.38747
5839.82,0.38638
5840.72,0.38867
5841.62,0.38726
5842.52,0.38774
5843.42,0.38664
5844.32,0.38784
5845.22,0.38563
5846.12,0.38535
5847.02,0.3845
5847.92,0.38541
5848.82,0.38453
5849.72,0.38488
5850.62,0.38383
5851.52,0.38214
5852.42,0.38209
5853.32,0.37967
5854.22,0.37914
5855.12,0.37858
5856.02,0.37705
5856.92,0.37532
5857.82,0.37463
5858.72,0.37363
5859.62,0.37445
5860.52,0.37485
5861.42,0.37545
5862.32,0.37701
5863.23,0.37817
5864.12,0.37812
5865.03,0.37818
5865.93,0.37827
5866.83,0.37972
5867.73,0.38031
5868.63,0.38136
5869.53,0.38205
5870.43,0.38025
5871.33,0.3823
5872.23,0.38215
5873.13,0.38347
5874.03,0.38399
5874.93,0.38325
5875.83,0.3831
5876.73,0.38283
5877.63,0.38341
5878.53,0.38092
5879.43,0.38198
5880.33,0.38058
5881.23,0.38008
5882.13,0.37788
5883.03,0.37689
5883.93,0.37606
5884.83,0.37369
5885.73,0.37291
5886.63,0.3691
5887.53,0.36508
5888.43,0.36169
5889.33,0.35762
5890.23,0.35405
5891.13,0.35172
5892.03,0.34998
5892.93,0.34791
5893.83,0.34796
5894.73,0.34803
5895.63,0.34896
5896.53,0.34999
5897.43,0.35152
5898.33,0.35445
5899.23,0.3558
5900.13,0.36006
5901.04,0.36105
5901.94,0.36651
5902.83,0.3675
5903.74,0.37118
5904.64,0.3725
5905.54,0.37457
5906.44,0.37316
5907.34,0.37518
5908.24,0.37699
5909.14,0.37575
5910.04,0.37785
5910.94,0.37613
5911.84,0.37513
5912.74,0.37527
5913.64,0.37467
5914.54,0.37389
5915.44,0.37343
5916.34,0.37327
5917.24,0.3743
5918.14,0.37297
5919.04,0.37364
5919.94,0.37478
5920.84,0.37461
5921.74,0.37481
5922.64,0.37406
5923.54,0.37678
5924.44,0.37538
5925.34,0.37615
5926.24,0.37623
5927.14,0.37659
5928.04,0.37693
5928.94,0.37704
5929.84,0.37627
5930.74,0.37523
5931.64,0.37617
5932.54,0.37589
5933.44,0.3757
5934.34,0.37369
5935.24,0.37644
5936.14,0.37485
5937.04,0.37605
5937.94,0.37657
5938.85,0.37504
5939.75,0.37343
5940.65,0.37537
5941.55,0.37584
5942.45,0.37827
5943.35,0.37504
5944.25,0.37744
5945.15,0.37564
5946.05,0.37552
5946.95,0.3744
5947.85,0.37523
5948.75,0.37487
5949.65,0.37451
5950.55,0.37539
5951.45,0.37348
5952.35,0.37366
5953.25,0.37415
5954.15,0.37357
5955.05,0.37232
5955.95,0.37407
5956.85,0.37395
5957.75,0.37457
5958.65,0.37445
5959.55,0.37474
5960.45,0.3768
5961.35,0.37582
5962.25,0.37785
5963.15,0.37833
5964.05,0.37755
5964.95,0.37661
5965.85,0.37872
5966.75,0.37945
5967.65,0.37873
5968.55,0.38044
5969.45,0.37865
5970.35,0.37984
5971.25,0.37938
5972.15,0.37958
5973.05,0.37848
5973.95,0.37922
5974.85,0.37927
5975.75,0.37684
5976.65,0.37731
5977.56,0.378
5978.46,0.37633
5979.36,0.37492
5980.26,0.3752
5981.16,0.37555
5982.06,0.37468
5982.96,0.37643
5983.86,0.37453
5984.76,0.3769
5985.66,0.37507
5986.56,0.37548
5987.46,0.3746
5988.36,0.37423
5989.26,0.37488
5990.16,0.37596
5991.06,0.37714
5991.96,0.37583
5992.86,0.377
5993.76,0.37755
5994.66,0.37681
5995.56,0.37642
5996.46,0.37739
5997.36,0.37701
5998.26,0.37649
5999.16,0.37593
6000.06,0.3755
6000.96,0.37708
6001.86,0.37558
6002.76,0.37545
6003.66,0.37355
6004.56,0.37337
6005.46,0.37327
6006.36,0.37277
6007.26,0.37266
6008.16,0.37183
6009.06,0.37251
6009.96,0.37117
6010.86,0.37272
6011.76,0.37233
6012.67,0.37251
6013.56,0.37316
6014.47,0.37315
6015.37,0.37307
6016.27,0.37308
6017.17,0.37275
6018.07,0.37333
6018.97,0.37208
6019.87,0.37236
6020.77,0.37083
6021.67,0.37181
6022.57,0.37117
6023.47,0.37062
6024.37,0.37118
6025.27,0.37216
6026.17,0.37275
6027.07,0.37352
6027.97,0.37464
6028.87,0.37545
6029.77,0.37539
6030.67,0.37412
6031.57,0.37715
6032.47,0.37709
6033.37,0.37801
6034.27,0.37862
6035.17,0.37696
6036.07,0.37854
6036.97,0.37877
6037.87,0.37918
6038.77,0.37862
6039.67,0.37664
6040.57,0.37797
6041.47,0.37809
6042.37,0.37686
6043.27,0.37734
6044.17,0.37856
6045.07,0.37922
6045.97,0.37777
6046.87,0.37829
6047.77,0.37926
6048.67,0.37893
6049.57,0.38037
6050.47,0.37848
6051.38,0.38094
6052.28,0.37902
6053.18,0.37807
6054.08,0.37645
6054.98,0.37774
6055.88,0.37651
6056.78,0.37729
6057.68,0.37777
6058.58,0.37614
6059.48,0.37581
6060.38,0.37631
6061.28,0.37512
6062.18,0.37434
6063.08,0.37502
6063.98,0.37465
6064.88,0.37397
6065.78,0.37352
6066.68,0.37367
6067.58,0.37433
6068.48,0.37451
6069.38,0.37463
6070.28,0.37536
6071.18,0.37676
6072.08,0.37624
6072.98,0.37736
6073.88,0.379
6074.78,0.37987
6075.68,0.37921
6076.58,0.37773
6077.48,0.3751
6078.38,0.37742
6079.28,0.37548
6080.18,0.37659
6081.08,0.37373
6081.98,0.37386
6082.88,0.37285
6083.78,0.37136
6084.68,0.37291
6085.58,0.3735
6086.48,0.37313
6087.38,0.37233
6088.28,0.37214
6089.19,0.37171
6090.09,0.37184
6090.99,0.37302
6091.89,0.37202
6092.79,0.37226
6093.69,0.37336
6094.59,0.37369
6095.49,0.37325
6096.39,0.37236
6097.29,0.37393
6098.19,0.37461
6099.09,0.37394
6099.99,0.37197
6100.89,0.37117
6101.79,0.37035
6102.69,0.36995
6103.59,0.36842
6104.49,0.36846
6105.39,0.36892
6106.29,0.36971
6107.19,0.36881
6108.09,0.37004
6108.99,0.36948
6109.89,0.37174
6110.79,0.37148
6111.69,0.37382
6112.59,0.37302
6113.49,0.37379
6114.39,0.37386
6115.29,0.37237
6116.19,0.37321
6117.09,0.37381
6117.99,0.3746
6118.89,0.3723
6119.79,0.37118
6120.69,0.36984
6121.59,0.36947
6122.49,0.36826
6123.39,0.36808
6124.29,0.36697
6125.19,0.36685
6126.1,0.36737
6127.0,0.36747
6127.9,0.36922
6128.8,0.36959
6129.7,0.3689
6130.6,0.37065
6131.5,0.36939
6132.4,0.36891
6133.3,0.3677
6134.2,0.36768
6135.1,0.36635
6136.0,0.36516
6136.9,0.36281
6137.8,0.36145
6138.7,0.36242
6139.6,0.36005
6140.5,0.36102
6141.4,0.36222
6142.3,0.363
6143.2,0.3647
6144.1,0.36458
6145.0,0.36699
6145.9,0.36667
6146.8,0.36759
6147.7,0.3683
6148.6,0.37083
6149.5,0.37024
6150.4,0.37094
6151.3,0.3705
6152.2,0.3688
6153.1,0.36936
6154.0,0.37066
6154.9,0.37099
6155.8,0.36779
6156.7,0.36818
6157.6,0.36804
6158.5,0.36653
6159.4,0.36524
6160.3,0.36364
6161.2,0.36124
6162.1,0.35793
6163.01,0.35578
6163.91,0.35591
6164.81,0.3555
6165.71,0.35638
6166.61,0.35427
6167.51,0.35462
6168.41,0.35499
6169.31,0.35427
6170.21,0.35493
6171.11,0.35666
6172.01,0.35691
6172.91,0.35735
6173.81,0.35949
6174.71,0.35984
6175.61,0.36117
6176.51,0.36106
6177.41,0.36269
6178.31,0.36359
6179.21,0.36505
6180.11,0.3655
6181.01,0.36488
6181.91,0.36606
6182.81,0.36666
6183.71,0.36792
6184.61,0.36549
6185.51,0.3666
6186.41,0.36558
6187.31,0.3656
6188.21,0.36418
6189.11,0.36322
6190.01,0.36242
6190.91,0.36101
6191.81,0.36118
6192.71,0.36058
6193.61,0.3603
6194.51,0.36166
6195.41,0.36184
6196.31,0.36146
6197.21,0.36315
6198.11,0.3636
6199.01,0.36229
6199.92,0.36512
6200.82,0.36552
6201.72,0.36458
6202.62,0.36499
6203.52,0.36615
6204.42,0.36631
6205.32,0.3674
6206.22,0.36746
6207.12,0.36625
6208.02,0.36698
6208.92,0.36606
6209.82,0.3657
6210.72,0.36527
6211.62,0.36477
6212.52,0.36341
6213.42,0.3621
6214.32,0.35934
6215.22,0.36047
6216.12,0.35981
6217.02,0.35895
6217.92,0.35758
6218.82,0.35819
6219.72,0.3592
6220.62,0.35816
6221.52,0.35835
6222.42,0.35851
6223.32,0.35919
6224.22,0.36033
6225.12,0.35842
6226.02,0.35842
6226.92,0.35921
6227.82,0.36094
6228.72,0.35861
6229.62,0.35788
6230.52,0.35628
6231.42,0.3566
6232.32,0.35618
6233.22,0.35676
6234.12,0.35738
6235.02,0.35672
6235.92,0.35788
6236.83,0.35796
6237.73,0.35896
6238.63,0.35801
6239.53,0.3577
6240.43,0.35948
6241.33,0.35791
6242.23,0.35737
6243.13,0.35586
6244.03,0.35681
6244.93,0.35487
6245.83,0.35408
6246.73,0.355
6247.63,0.35575
6248.53,0.35572
6249.43,0.35539
6250.33,0.35418
6251.23,0.35537
6252.13,0.35416
6253.03,0.35232
6253.93,0.35367
6254.83,0.35061
6255.73,0.35167
6256.63,0.34988
6257.53,0.35032
6258.43,0.34981
6259.33,0.35079
6260.23,0.35129
6261.13,0.35201
6262.03,0.35303
6262.93,0.35365
6263.83,0.3546
6264.73,0.35688
6265.63,0.35589
6266.53,0.35845
6267.43,0.35862
6268.33,0.3587
6269.23,0.36002
6270.13,0.35945
6271.03,0.36072
6271.93,0.36059
6272.83,0.36022
6273.73,0.36134
6274.64,0.36108
6275.54,0.36045
6276.44,0.3606
6277.34,0.36012
6278.24,0.35981
6279.14,0.36061
6280.04,0.36018
6280.94,0.36035
6281.84,0.35988
6282.74,0.36079
6283.64,0.35996
6284.54,0.36197
6285.44,0.36098
6286.34,0.36178
6287.24,0.36209
6288.14,0.36273
6289.04,0.36202
6289.94,0.36385
6290.84,0.36261
6291.74,0.36213
6292.64,0.36302
6293.54,0.3623
6294.44,0.36157
6295.34,0.36022
6296.24,0.35984
6297.14,0.3585
6298.04,0.35759
6298.94,0.35855
6299.84,0.35681
6300.74,0.35531
6301.64,0.35491
6302.54,0.35605
6303.44,0.3554
6304.34,0.35552
6305.24,0.35886
6306.14,0.35733
6307.04,0.35933
6307.94,0.35922
6308.84,0.36047
6309.74,0.36105
6310.64,0.36012
6311.54,0.36049
6312.45,0.36009
6313.35,0.36054
6314.25,0.358
6315.15,0.3589
6316.05,0.35911
6316.95,0.35717
6317.85,0.35536
6318.75,0.35609
6319.65,0.35628
6320.55,0.35669
6321.45,0.35748
6322.35,0.35612
6323.25,0.35909
6324.15,0.35854
6325.05,0.35877
6325.95,0.36079
6326.85,0.36045
6327.75,0.36122
6328.65,0.36026
6329.55,0.36022
6330.45,0.36069
6331.35,0.36157
6332.25,0.3615
6333.15,0.36038
6334.05,0.35927
6334.95,0.35977
6335.85,0.35988
6336.75,0.35882
6337.65,0.35943
6338.55,0.35802
6339.45,0.35874
6340.35,0.35808
6341.25,0.35736
6342.15,0.36025
6343.05,0.35853
6343.95,0.35894
6344.85,0.35842
6345.75,0.36009
6346.65,0.35916
6347.55,0.35966
6348.46,0.35936
6349.35,0.36068
6350.26,0.35961
6351.16,0.35999
6352.06,0.35993
6352.96,0.35962
6353.86,0.35998
6354.76,0.35936
6355.66,0.35814
6356.56,0.35775
6357.46,0.35594
6358.36,0.35693
6359.26,0.35484
6360.16,0.35588
6361.06,0.35349
6361.96,0.35558
6362.86,0.35372
6363.76,0.35493
6364.66,0.35437
6365.56,0.35572
6366.46,0.35651
6367.36,0.35644
6368.26,0.3575
6369.16,0.3587
6370.06,0.35722
6370.96,0.35957
6371.86,0.35772
6372.76,0.36013
6373.66,0.36064
6374.56,0.3601
6375.46,0.35995
6376.36,0.35993
6377.26,0.36003
6378.16,0.35902
6379.06,0.36088
6379.96,0.35973
6380.86,0.35883
6381.76,0.35843
6382.66,0.35863
6383.56,0.35949
6384.46,0.35748
6385.36,0.35729
6386.27,0.35694
6387.17,0.3592
6388.07,0.35884
6388.97,0.35807
6389.87,0.35661
6390.77,0.3572
6391.67,0.35752
6392.57,0.35735
6393.47,0.35631
6394.37,0.35397
6395.27,0.35507
6396.17,0.35385
6397.07,0.35437
6397.97,0.35374
6398.87,0.35496
6399.77,0.35535
6400.67,0.35401
6401.57,0.35372
6402.47,0.35439
6403.37,0.35444
6404.27,0.35675
6405.17,0.35638
6406.07,0.35633
6406.97,0.35684
6407.87,0.35806
6408.77,0.35856
6409.67,0.35528
6410.57,0.35731
6411.47,0.35548
6412.37,0.35692
6413.27,0.35701
6414.17,0.35744
6415.07,0.35674
6415.97,0.35616
6416.87,0.35643
6417.77,0.35587
6418.67,0.35781
6419.57,0.35655
6420.47,0.35644
6421.37,0.35583
6422.27,0.35764
6423.17,0.35737
6424.08,0.3569
6424.98,0.35754
6425.88,0.35745
6426.78,0.35891
6427.68,0.35742
6428.58,0.35983
6429.48,0.35754
6430.38,0.35748
6431.28,0.35796
6432.18,0.35733
6433.08,0.35731
6433.98,0.35685
6434.88,0.35639
6435.78,0.35639
6436.68,0.3562
6437.58,0.35638
6438.48,0.35611
6439.38,0.35699
6440.28,0.35544
6441.18,0.35754
6442.08,0.35781
6442.98,0.35824
6443.88,0.35776
6444.78,0.3586
6445.68,0.35842
6446.58,0.35736
6447.48,0.35923
6448.38,0.35733
6449.28,0.35652
6450.18,0.35512
6451.08,0.35481
6451.98,0.35528
6452.88,0.35336
6453.78,0.35379
6454.68,0.35374
6455.58,0.35397
6456.48,0.35532
6457.38,0.35329
6458.28,0.35541
6459.18,0.35406
6460.08,0.35315
6460.98,0.3528
6461.89,0.35093
6462.79,0.35077
6463.69,0.35139
6464.59,0.35028
6465.49,0.35108
6466.39,0.35118
6467.29,0.35119
6468.19,0.35169
6469.09,0.35343
6469.99,0.35255
6470.89,0.35423
6471.79,0.35342
6472.69,0.35411
6473.59,0.35371
6474.49,0.35252
6475.39,0.35225
6476.29,0.3531
6477.19,0.35288
6478.09,0.3542
6478.99,0.35273
6479.89,0.35176
6480.79,0.3531
6481.69,0.35159
6482.59,0.35202
6483.49,0.35092
6484.39,0.35231
6485.29,0.34991
6486.19,0.35242
6487.09,0.3514
6487.99,0.35205
6488.89,0.34964
6489.79,0.34947
6490.69,0.34762
6491.59,0.34635
6492.49,0.34314
6493.39,0.34248
6494.29,0.34048
6495.19,0.33719
6496.09,0.33715
6496.99,0.33674
6497.9,0.33565
6498.79,0.33534
6499.7,0.33549
6500.6,0.33841
6501.5,0.33978
6502.4,0.34148
6503.3,0.3428
6504.2,0.34546
6505.1,0.34703
6506.0,0.35026
6506.9,0.34925
6507.8,0.35116
6508.7,0.35201
6509.6,0.35196
6510.5,0.35046
6511.4,0.35059
6512.3,0.3502
6513.2,0.34853
6514.1,0.34893
6515.0,0.34996
6515.9,0.34866
6516.8,0.34846
6517.7,0.34665
6518.6,0.34729
6519.5,0.3473
6520.4,0.34851
6521.3,0.34804
6522.2,0.34716
6523.1,0.34941
6524.0,0.34955
6524.9,0.35032
6525.8,0.34861
6526.7,0.34965
6527.6,0.34903
6528.5,0.34761
6529.4,0.34897
6530.3,0.34845
6531.2,0.34702
6532.1,0.34834
6533.0,0.34888
6533.9,0.34823
6534.8,0.34816
6535.71,0.34883
6536.61,0.34926
6537.51,0.34823
6538.41,0.34948
6539.31,0.34681
6540.21,0.34702
6541.11,0.34693
6542.01,0.34681
6542.91,0.34346
6543.81,0.3438
6544.71,0.34362
6545.61,0.34071
6546.51,0.34171
6547.41,0.34086
6548.31,0.34076
6549.21,0.3389
6550.11,0.33853
6551.01,0.33652
6551.91,0.33621
6552.81,0.33481
6553.71,0.33339
6554.61,0.33103
6555.51,0.32917
6556.41,0.32527
6557.31,0.32122
6558.21,0.31691
6559.11,0.31063
6560.01,0.30414
6560.91,0.29873
6561.81,0.29289
6562.71,0.2896
6563.61,0.28561
6564.51,0.28404
6565.41,0.2857
6566.31,0.28688
6567.21,0.29252
6568.11,0.29803
6569.01,0.30331
6569.91,0.31064
6570.81,0.31397
6571.71,0.31866
6572.61,0.32423
6573.52,0.32596
6574.42,0.32913
6575.32,0.331
6576.22,0.33337
6577.12,0.33244
6578.02,0.33505
6578.92,0.33618
6579.82,0.33677
6580.72,0.33901
6581.62,0.33942
6582.52,0.34108
6583.42,0.34213
6584.32,0.34224
6585.22,0.3432
6586.12,0.3416
6587.02,0.34242
6587.92,0.34217
6588.82,0.34215
6589.72,0.34259
6590.62,0.3416
6591.52,0.34202
6592.42,0.34146
6593.32,0.33982
6594.22,0.33941
6595.12,0.34092
6596.02,0.33998
6596.92,0.34049
6597.82,0.3412
6598.72,0.34271
6599.62,0.34268
6600.52,0.34319
6601.42,0.34454
6602.32,0.34405
6603.22,0.3443
6604.12,0.34416
6605.02,0.34485
6605.92,0.34485
6606.82,0.34476
6607.72,0.34328
6608.62,0.34411
6609.52,0.34421
6610.43,0.34439
6611.33,0.34443
6612.23,0.34508
6613.13,0.34436
6614.03,0.3436
6614.93,0.34589
6615.83,0.34467
6616.73,0.34523
6617.63,0.34584
6618.53,0.34615
6619.43,0.3468
6620.33,0.34712
6621.23,0.34652
6622.13,0.34665
6623.03,0.34698
6623.93,0.34599
6624.83,0.3468
6625.73,0.34591
6626.63,0.34564
6627.53,0.3457
6628.43,0.34494
6629.33,0.34458
6630.23,0.34518
6631.13,0.34544
6632.03,0.34392
6632.93,0.34451
6633.83,0.34391
6634.73,0.34287
6635.63,0.34465
6636.53,0.34364
6637.43,0.34581
6638.33,0.34433
6639.23,0.34463
6640.13,0.34425
6641.03,0.34376
6641.93,0.34451
6642.83,0.34438
6643.73,0.3443
6644.63,0.34283
6645.53,0.34306
6646.43,0.34287
6647.34,0.34432
6648.24,0.34339
6649.14,0.34423
6650.04,0.34403
6650.94,0.34395
6651.84,0.34372
6652.74,0.34347
6653.64,0.3449
6654.54,0.34547
6655.44,0.34567
6656.34,0.34483
6657.24,0.34482
6658.14,0.34504
6659.04,0.34465
6659.94,0.34451
6660.84,0.34378
6661.74,0.34355
6662.64,0.34324
6663.54,0.34271
6664.44,0.34131
6665.34,0.3417
6666.24,0.34197
6667.14,0.34202
6668.04,0.34122
6668.94,0.34265
6669.84,0.34435
6670.74,0.34326
6671.64,0.34251
6672.54,0.34345
6673.44,0.34365
6674.34,0.34442
6675.24,0.34092
6676.14,0.34199
6677.04,0.34126
6677.94,0.34108
6678.84,0.34039
6679.74,0.33944
6680.64,0.34029
6681.54,0.33913
6682.44,0.34099
6683.34,0.34128
6684.24,0.34133
6685.15,0.34129
6686.05,0.34319
6686.95,0.3416
6687.85,0.34104
6688.75,0.34319
6689.65,0.3435
6690.55,0.34162
6691.45,0.34323
6692.35,0.34337
6693.25,0.34207
6694.15,0.34254
6695.05,0.34432
6695.95,0.34137
6696.85,0.34365
6697.75,0.34306
6698.65,0.34292
6699.55,0.3428
6700.45,0.34163
6701.35,0.34226
6702.25,0.33969
6703.15,0.34107
6704.05,0.34235
6704.95,0.34298
6705.85,0.34224
6706.75,0.34
6707.65,0.34133
6708.55,0.34268
6709.45,0.34037
6710.35,0.34111
6711.25,0.34068
6712.15,0.34126
6713.05,0.33965
6713.95,0.33847
6714.85,0.3379
6715.75,0.33704
6716.65,0.33717
6717.55,0.33772
6718.45,0.33712
6719.35,0.33781
6720.25,0.33648
6721.16,0.33823
6722.06,0.33783
6722.96,0.33805
6723.86,0.33708
6724.76,0.33854
6725.66,0.33893
6726.56,0.33908
6727.46,0.3406
6728.36,0.33839
6729.26,0.33983
6730.16,0.34062
6731.06,0.33935
6731.96,0.34016
6732.86,0.34068
6733.76,0.34026
6734.66,0.34066
6735.56,0.34067
6736.46,0.34076
6737.36,0.33824
6738.26,0.33861
6739.16,0.33836
6740.06,0.33821
6740.96,0.33796
6741.86,0.33787
6742.76,0.33805
6743.66,0.33858
6744.56,0.33718
6745.46,0.3383
6746.36,0.33665
6747.26,0.33668
6748.16,0.33746
6749.06,0.33752
6749.96,0.33636
6750.86,0.33635
6751.76,0.33584
6752.66,0.33656
6753.56,0.33583
6754.46,0.33774
6755.36,0.33697
6756.26,0.33708
6757.16,0.33817
6758.06,0.3375
6758.97,0.33911
6759.87,0.33809
6760.77,0.33897
6761.67,0.3402
6762.57,0.33904
6763.47,0.33899
6764.37,0.33922
6765.27,0.33753
6766.17,0.33785
6767.07,0.33777
6767.97,0.33654
6768.87,0.33671
6769.77,0.33529
6770.67,0.33701
6771.57,0.33836
6772.47,0.33641
6773.37,0.33758
6774.27,0.33725
6775.17,0.3378
6776.07,0.33807
6776.97,0.33857
6777.87,0.33873
6778.77,0.33774
6779.67,0.33951
6780.57,0.33849
6781.47,0.33797
6782.37,0.33743
6783.27,0.3371
6784.17,0.33775
6785.07,0.33781
6785.97,0.33806
6786.87,0.33693
6787.77,0.33606
6788.67,0.33719
6789.57,0.33682
6790.47,0.33747
6791.37,0.33729
6792.27,0.33585
6793.17,0.33745
6794.07,0.33635
6794.97,0.33752
6795.88,0.3366
6796.78,0.33658
6797.68,0.33599
6798.58,0.33649
6799.48,0.33734
6800.38,0.33753
6801.28,0.3369
6802.18,0.33777
6803.08,0.33829
6803.98,0.33797
6804.88,0.3375
6805.78,0.33581
6806.68,0.33608
6807.58,0.33594
6808.48,0.33551
6809.38,0.33646
6810.28,0.33646
6811.18,0.33576
6812.08,0.33689
6812.98,0.33463
6813.88,0.33539
6814.78,0.33547
6815.68,0.33702
6816.58,0.33446
6817.48,0.33543
6818.38,0.33495
6819.28,0.33621
6820.18,0.33524
6821.08,0.33557
6821.98,0.33686
6822.88,0.33606
6823.78,0.33437
6824.68,0.33669
6825.58,0.33576
6826.48,0.33612
6827.38,0.33803
6828.28,0.33448
6829.18,0.33448
6830.08,0.33592
6830.98,0.33423
6831.88,0.33509
6832.79,0.33638
6833.69,0.33535
6834.59,0.33423
6835.49,0.3363
6836.39,0.33556
6837.29,0.33504
6838.19,0.33459
6839.09,0.33497
6839.99,0.33262
6840.89,0.33211
6841.79,0.3315
6842.69,0.33303
6843.59,0.33229
6844.49,0.33191
6845.39,0.33257
6846.29,0.33382
6847.19,0.33342
6848.09,0.33401
6848.99,0.33276
6849.89,0.33346
6850.79,0.3338
6851.69,0.3322
6852.59,0.33427
6853.49,0.33098
6854.39,0.33197
6855.29,0.33316
6856.19,0.33228
6857.09,0.33187
6857.99,0.33256
6858.89,0.33198
6859.79,0.33209
6860.69,0.33138
6861.59,0.33136
6862.49,0.33104
6863.39,0.33233
6864.29,0.33283
6865.19,0.33165
6866.09,0.33377
6866.99,0.33413
6867.89,0.33267
6868.79,0.33232
6869.7,0.33332
6870.6,0.33186
6871.5,0.33155
6872.4,0.33156
6873.3,0.33189
6874.2,0.33397
6875.1,0.33388
6876.0,0.33173
6876.9,0.3332
6877.8,0.33278
6878.7,0.33349
6879.6,0.33257
6880.5,0.3333
6881.4,0.3324
6882.3,0.33234
6883.2,0.3335
6884.1,0.33242
6885.0,0.33197
6885.9,0.33236
6886.8,0.33363
6887.7,0.33264
6888.6,0.33124
6889.5,0.33335
6890.4,0.33335
6891.3,0.33334
6892.2,0.33338
6893.1,0.33208
6894.0,0.33445
6894.9,0.33504
6895.8,0.3336
6896.7,0.33246
6897.6,0.3336
6898.5,0.33153
6899.4,0.33228
6900.3,0.33382
6901.2,0.33307
6902.1,0.33303
6903.0,0.33331
6903.9,0.33268
6904.8,0.33365
6905.7,0.33447
6906.6,0.33297
6907.51,0.33401
6908.41,0.33331
6909.31,0.33251
6910.21,0.33388
6911.11,0.33313
6912.01,0.33276
6912.91,0.33191
6913.81,0.33185
6914.71,0.33199
6915.61,0.33085
6916.51,0.33109
6917.41,0.33097
6918.31,0.32976
6919.21,0.33049
6920.11,0.33043
6921.01,0.33145
6921.91,0.33149
6922.81,0.33156
6923.71,0.33277
6924.61,0.3326
6925.51,0.33176
6926.41,0.33313
6927.31,0.33219
6928.21,0.33279
6929.11,0.33176
6930.01,0.33282
6930.91,0.33227
6931.81,0.33261
6932.71,0.33289
6933.61,0.33256
6934.51,0.33142
6935.41,0.33413
6936.31,0.33137
6937.21,0.33286
6938.11,0.33209
6939.01,0.33255
6939.91,0.33242
6940.81,0.33308
6941.71,0.33174
6942.61,0.3308
6943.52,0.33182
6944.42,0.33059
6945.31,0.33156
6946.22,0.33106
6947.12,0.33026
6948.02,0.32971
6948.92,0.33024
6949.82,0.33141
6950.72,0.32982
6951.62,0.33179
6952.52,0.33131
6953.42,0.33137
6954.32,0.3304
6955.22,0.3327
6956.12,0.33222
6957.02,0.332
6957.92,0.33218
6958.82,0.33231
6959.72,0.33207
6960.62,0.33246
6961.52,0.33227
6962.42,0.33221
6963.32,0.33267
6964.22,0.33304
6965.12,0.33333
6966.02,0.33224
6966.92,0.33346
6967.82,0.33218
6968.72,0.33424
6969.62,0.33091
6970.52,0.33301
6971.42,0.33218
6972.32,0.32985
6973.22,0.33122
6974.12,0.32952
6975.02,0.33074
6975.92,0.32998
6976.82,0.3302
6977.72,0.32919
6978.62,0.32852
6979.52,0.32846
6980.42,0.32868
6981.33,0.32829
6982.23,0.32848
6983.12,0.32797
6984.03,0.32867
6984.93,0.32959
6985.83,0.32862
6986.73,0.33052
6987.63,0.33134
6988.53,0.32947
6989.43,0.33089
6990.33,0.33053
6991.23,0.33058
6992.13,0.33139
6993.03,0.33164
6993.93,0.33169
6994.83,0.32992
6995.73,0.33011
6996.63,0.33063
6997.53,0.32973
6998.43,0.33081
6999.33,0.3299
7000.23,0.32975
7001.13,0.32994
7002.03,0.33081
7002.93,0.32872
7003.83,0.32892
7004.73,0.32921
7005.63,0.33003
7006.53,0.32926
7007.43,0.32983
7008.33,0.32779
7009.23,0.32816
7010.13,0.32783
7011.03,0.32841
7011.93,0.32902
7012.83,0.3278
7013.73,0.32941
7014.63,0.32678
7015.53,0.32756
7016.43,0.32823
7017.33,0.32709
7018.23,0.3277
7019.14,0.32736
7020.04,0.32682
7020.94,0.32804
7021.84,0.32822
7022.74,0.32857
7023.64,0.32777
7024.54,0.32901
7025.44,0.32874
7026.34,0.32873
7027.24,0.32892
7028.14,0.32828
7029.04,0.32925
7029.94,0.32844
7030.84,0.32913
7031.74,0.32895
7032.64,0.3298
7033.54,0.32928
7034.44,0.32964
7035.34,0.32894
7036.24,0.32959
7037.14,0.32917
7038.04,0.32771
7038.94,0.32827
7039.84,0.32956
7040.74,0.32897
7041.64,0.33014
7042.54,0.33021
7043.44,0.33274
7044.34,0.3318
7045.24,0.33149
7046.14,0.33214
7047.04,0.33181
7047.94,0.33112
7048.84,0.33227
7049.74,0.33048
7050.64,0.33128
7051.54,0.33162
7052.44,0.33148
7053.34,0.32937
7054.25,0.32935
7055.15,0.32997
7056.04,0.32894
7056.95,0.32935
7057.85,0.32833
7058.75,0.3286
7059.65,0.32736
7060.55,0.32701
7061.45,0.32745
7062.35,0.32848
7063.25,0.32857
7064.15,0.32738
7065.05,0.32813
7065.95,0.32814
7066.85,0.32813
7067.75,0.32794
7068.65,0.32743
7069.55,0.3268
7070.45,0.32807
7071.35,0.32879
7072.25,0.32774
7073.15,0.32764
7074.05,0.32844
7074.95,0.3285
7075.85,0.32937
7076.75,0.33051
7077.65,0.32949
7078.55,0.33039
7079.45,0.3287
7080.35,0.32938
7081.25,0.32776
7082.15,0.32668
7083.05,0.32827
7083.95,0.32569
7084.85,0.32471
7085.75,0.32552
7086.65,0.32376
7087.55,0.32303
7088.45,0.32202
7089.35,0.32181
7090.25,0.32201
7091.15,0.32057
7092.06,0.32058
7092.96,0.31967
7093.85,0.31988
7094.76,0.31997
7095.66,0.32087
7096.56,0.31949
7097.46,0.31989
7098.36,0.32138
7099.26,0.3227
7100.16,0.32233
7101.06,0.32179
7101.96,0.32178
7102.86,0.32104
7103.76,0.32318
7104.66,0.32426
7105.56,0.3234
7106.46,0.32457
7107.36,0.32493
7108.26,0.32416
7109.16,0.32426
7110.06,0.32394
7110.96,0.32427
7111.86,0.32343
7112.76,0.32407
7113.66,0.3235
7114.56,0.32443
7115.46,0.32378
7116.36,0.32438
7117.26,0.32428
7118.16,0.32415
7119.06,0.32359
7119.96,0.32502
7120.86,0.32399
7121.76,0.32425
7122.66,0.32408
7123.56,0.3234
7124.46,0.3226
7125.36,0.32323
7126.26,0.32213
7127.16,0.32095
7127.27,0.3218
7128.17,0.32131
7129.07,0.32115
7129.96,0.3213
7130.86,0.31957
7131.75,0.32021
7132.65,0.31942
7133.55,0.32054
7134.44,0.32147
7135.34,0.32113
7136.23,0.32134
7137.13,0.32068
7138.03,0.32207
7138.92,0.32173
7139.82,0.32133
7140.71,0.32167
7141.61,0.3213
7142.5,0.32152
7143.4,0.32065
7144.3,0.31969
7145.19,0.31962
7146.09,0.31967
7146.98,0.32145
7147.88,0.32012
7148.78,0.3192
7149.67,0.31904
7150.57,0.32046
7151.46,0.31939
7152.36,0.32052
7153.26,0.31966
7154.15,0.3216
7155.05,0.32202
7155.94,0.32147
7156.84,0.32324
7157.74,0.32296
7158.63,0.32309
7159.53,0.32326
7160.42,0.32243
7161.32,0.32312
7162.21,0.32514
7163.11,0.3236
7164.01,0.3234
7164.9,0.32267
7165.8,0.32433
7166.69,0.32259
7167.59,0.32415
7168.49,0.32512
7169.38,0.32518
7170.28,0.32674
7171.17,0.32685
7172.07,0.32783
7172.96,0.32626
7173.86,0.32799
7174.76,0.32585
7175.65,0.32701
7176.55,0.3265
7177.44,0.32708
7178.34,0.32574
7179.24,0.32599
7180.13,0.32491
7181.03,0.32587
7181.92,0.32485
7182.82,0.32412
7183.72,0.32425
7184.61,0.32339
7185.51,0.32284
7186.4,0.32369
7187.3,0.32191
7188.19,0.32311
7189.09,0.32138
7189.99,0.32231
7190.88,0.32206
7191.78,0.32401
7192.67,0.32311
7193.57,0.32274
7194.47,0.32343
7195.36,0.32327
7196.26,0.32252
7197.15,0.32362
7198.05,0.3225
7198.95,0.32338
7199.84,0.32331
7200.74,0.32266
7201.63,0.32366
7202.53,0.32314
7203.43,0.32307
7204.32,0.32173
7205.22,0.32183
7206.11,0.322
7207.01,0.32165
7207.9,0.32183
7208.8,0.32164
7209.7,0.32095
7210.59,0.32281
7211.49,0.32307
7212.38,0.32192
7213.28,0.32312
7214.18,0.32269
7215.07,0.32376
7215.97,0.32469
7216.86,0.3244
7217.76,0.324
7218.66,0.32466
7219.55,0.32589
7220.45,0.3251
7221.34,0.32705
7222.24,0.32596
7223.13,0.32632
7224.03,0.32663
7224.93,0.32554
7225.82,0.32777
7226.72,0.32677
7227.61,0.32671
7228.51,0.32729
7229.41,0.32771
7230.3,0.32728
7231.2,0.3275
7232.09,0.32825
7232.99,0.32847
7233.89,0.32741
7234.78,0.32781
7235.68,0.32865
7236.57,0.3269
7237.47,0.32722
7238.36,0.32744
7239.26,0.32695
7240.16,0.32713
7241.05,0.32426
7241.95,0.32631
7242.84,0.3251
7243.74,0.32497
7244.64,0.3261
7245.53,0.32471
7246.43,0.32502
7247.32,0.32484
7248.22,0.32332
7249.12,0.32506
7250.01,0.3247
7250.91,0.32523
7251.8,0.32627
7252.7,0.3245
7253.6,0.32463
7254.49,0.3258
7255.39,0.32429
7256.28,0.32474
7257.18,0.32506
7258.07,0.32501
7258.97,0.32514
7259.87,0.32659
7260.76,0.32615
7261.66,0.32552
7262.55,0.32542
7263.45,0.32482
7264.35,0.32499
7265.24,0.32667
7266.14,0.3271
7267.03,0.32722
7267.93,0.3251
7268.83,0.3255
7269.72,0.32643
7270.62,0.32661
7271.51,0.32673
7272.41,0.32716
7273.3,0.32681
7274.2,0.32689
7275.1,0.32553
7275.99,0.32575
7276.89,0.32656
7277.78,0.32558
7278.68,0.32485
7279.58,0.32409
7280.47,0.32422
7281.37,0.32433
7282.26,0.32396
7283.16,0.32254
7284.06,0.32375
7284.95,0.3232
7285.85,0.32165
7286.74,0.32136
7287.64,0.32065
7288.53,0.32112
7289.43,0.31989
7290.33,0.31965
7291.22,0.32056
7292.12,0.32018
7293.01,0.32058
7293.91,0.32081
7294.81,0.32074
7295.7,0.32226
7296.6,0.32181
7297.49,0.32173
7298.39,0.32313
7299.29,0.32299
7300.18,0.32312
7301.08,0.32237
7301.97,0.32436
7302.87,0.32303
7303.76,0.32407
7304.66,0.32389
7305.56,0.32371
7306.45,0.32479
7307.35,0.32415
7308.24,0.32329
7309.14,0.32196
7310.04,0.32309
7310.93,0.32251
7311.83,0.32311
7312.72,0.32268
7313.62,0.32299
7314.52,0.32321
7315.41,0.32273
7316.31,0.32267
7317.2,0.32209
7318.1,0.32261
7318.99,0.32288
7319.89,0.32236
7320.79,0.32224
7321.68,0.32197
7322.58,0.32116
7323.47,0.32262
7324.37,0.32063
7325.27,0.32109
7326.16,0.32076
7327.06,0.3204
7327.95,0.32037
7328.85,0.32007
7329.75,0.32163
7330.64,0.32079
7331.54,0.32179
7332.43,0.32153
7333.33,0.32262
7334.22,0.32241
7335.12,0.32202
7336.02,0.32296
7336.91,0.32405
7337.81,0.32226
7338.7,0.32358
7339.6,0.32281
7340.5,0.32282
7341.39,0.32222
7342.29,0.32363
7343.18,0.3225
7344.08,0.3228
7344.98,0.32171
7345.87,0.32259
7346.77,0.32207
7347.66,0.32108
7348.56,0.32136
7349.45,0.32052
7350.35,0.32165
7351.25,0.31907
7352.14,0.32006
7353.04,0.31824
7353.93,0.3185
7354.83,0.32076
7355.73,0.31785
7356.62,0.31902
7357.52,0.31791
7358.41,0.31751
7359.31,0.31776
7360.21,0.31723
7361.1,0.31759
7362.0,0.31782
7362.89,0.31777
7363.79,0.31776
7364.69,0.31714
7365.58,0.31809
7366.48,0.31934
7367.37,0.31842
7368.27,0.31892
7369.16,0.31894
7370.06,0.31954
7370.96,0.31759
7371.85,0.31927
7372.75,0.31778
7373.64,0.31967
7374.54,0.31903
7375.44,0.31851
7376.33,0.31968
7377.23,0.31875
7378.12,0.31849
7379.02,0.31892
7379.92,0.31931
7380.81,0.31804
7381.71,0.31893
7382.6,0.31869
7383.5,0.31661
7384.39,0.31554
7385.29,0.316
7386.19,0.3151
7387.08,0.3152
7387.98,0.31515
7388.87,0.31337
7389.77,0.313
7390.67,0.31228
7391.56,0.31304
7392.46,0.31417
7393.35,0.31289
7394.25,0.31387
7395.15,0.31435
7396.04,0.31507
7396.94,0.31528
7397.83,0.31582
7398.73,0.31555
7399.62,0.31473
7400.52,0.3152
7401.42,0.31532
7402.31,0.31596
7403.21,0.31543
7404.1,0.31523
7405.0,0.31371
7405.9,0.31247
7406.79,0.31264
7407.69,0.31153
7408.58,0.31028
7409.48,0.31134
7410.38,0.30879
7411.27,0.30773
7412.17,0.306
7413.06,0.30574
7413.96,0.30423
7414.85,0.30539
7415.75,0.30423
7416.65,0.30414
7417.54,0.30296
7418.44,0.30377
7419.33,0.30368
7420.23,0.30593
7421.13,0.30555
7422.02,0.30582
7422.92,0.30758
7423.81,0.3089
7424.71,0.30859
7425.6,0.31054
7426.5,0.31012
7427.4,0.31148
7428.29,0.3128
7429.19,0.31282
7431.68,0.31394
7434.18,0.31632
7436.67,0.3157
7439.17,0.31657
7441.66,0.31596
7444.16,0.31425
7446.66,0.31333
7449.15,0.31465
7451.65,0.31515
7454.14,0.31545
7456.64,0.31694
7459.13,0.31606
7461.63,0.31629
7464.12,0.31402
7466.62,0.31556
7469.11,0.31545
7471.61,0.31565
7474.1,0.31481
7476.6,0.31655
7479.09,0.31573
7481.59,0.31629
7484.08,0.31563
7486.58,0.3153
7489.07,0.31515
7491.57,0.31387
7494.06,0.31298
7496.56,0.31348
7499.05,0.31259
7501.55,0.31343
7504.04,0.31398
7506.54,0.31393
7509.03,0.31281
7511.53,0.31199
7514.02,0.3128
7516.52,0.31281
7519.01,0.31327
7521.51,0.31349
7524.0,0.31307
7526.5,0.31231
7528.99,0.31185
7531.49,0.31245
7533.99,0.31337
7536.48,0.31341
7538.98,0.31376
7541.47,0.31372
7543.97,0.31319
7546.46,0.3131
7548.96,0.31274
7551.45,0.31303
7553.95,0.31173
7556.44,0.31156
7558.94,0.3114
7561.43,0.31138
7563.93,0.31188
7566.42,0.31246
7568.92,0.3123
7571.41,0.31038
7573.91,0.31163
7576.4,0.31095
7578.9,0.31101
7581.39,0.3108
7583.89,0.30925
7586.38,0.30915
7588.88,0.30934
7591.37,0.30989
7593.87,0.31229
7596.36,0.31123
7598.86,0.31119
7601.35,0.31057
7603.85,0.30963
7606.34,0.31049
7608.84,0.31051
7611.33,0.31003
7613.83,0.30892
7616.33,0.30779
7618.82,0.30739
7621.32,0.30814
7623.81,0.30883
7626.31,0.30871
7628.8,0.30954
7631.3,0.30978
7633.79,0.30968
7636.29,0.30921
7638.78,0.30974
7641.28,0.30823
7643.77,0.30841
7646.27,0.30858
7648.76,0.30873
7651.26,0.30721
7653.75,0.30667
7656.25,0.30422
7658.74,0.30219
7661.24,0.2996
7663.73,0.29706
7666.23,0.29716
7668.72,0.29843
7671.22,0.30133
7673.71,0.30292
7676.21,0.30552
7678.7,0.30647
7681.2,0.30609
7683.69,0.3061
7686.19,0.30631
7688.69,0.30542
7691.18,0.30455
7693.68,0.30359
7696.17,0.30263
7698.67,0.30282
7701.16,0.30111
7703.66,0.30168
7706.15,0.30284
7708.65,0.30284
7711.14,0.30299
7713.64,0.30175
7716.13,0.30251
7718.63,0.30244
7721.12,0.30326
7723.62,0.30491
7726.11,0.30379
7728.61,0.30559
7731.1,0.30517
7733.6,0.30587
7736.09,0.30544
7738.59,0.30668
7741.08,0.30542
7743.58,0.30437
7746.07,0.30261
7748.57,0.30141
7751.06,0.30248
7753.56,0.30272
7756.05,0.30355
7758.55,0.30503
7761.04,0.30507
7763.54,0.30608
7766.03,0.3064
7768.53,0.30634
7771.03,0.30748
7773.52,0.30631
7776.02,0.30626
7778.51,0.30535
7781.01,0.30499
7783.5,0.30436
7786.0,0.30331
7788.49,0.30288
7790.99,0.3025
7793.48,0.30257
7795.98,0.30281
7798.47,0.30235
7800.97,0.30222
7803.46,0.30206
7805.96,0.30195
7808.45,0.30259
7810.95,0.30262
7813.44,0.30296
7815.94,0.30301
7818.43,0.30305
7820.93,0.30246
7823.42,0.30304
7825.92,0.30353
7828.41,0.30167
7830.91,0.3014
7833.4,0.2999
7835.9,0.29991
7838.39,0.29935
7840.89,0.29981
7843.38,0.30044
7845.88,0.30122
7848.38,0.30074
7850.87,0.29998
7853.37,0.30014
7855.86,0.30117
7858.36,0.29991
7860.85,0.29997
7863.35,0.30082
7865.84,0.30033
7868.34,0.30022
7870.83,0.30002
7873.33,0.29967
7875.82,0.2994
7878.32,0.29948
7880.81,0.299
7883.31,0.29876
7885.8,0.29895
7888.3,0.29858
7890.79,0.29935
7893.29,0.29934
7895.78,0.29906
7898.28,0.29836
7900.77,0.29879
7903.27,0.29813
7905.76,0.29688
7908.26,0.29694
7910.75,0.29541
7913.25,0.29519
7915.74,0.29372
7918.24,0.29336
7920.73,0.29405
7923.23,0.29464
7925.73,0.295
7928.22,0.29521
7930.71,0.29484
7933.21,0.29393
7935.71,0.29282
7938.2,0.29191
7940.7,0.29073
7943.19,0.2915
7945.69,0.2906
7948.18,0.29145
7950.68,0.29119
7953.17,0.2926
7955.67,0.2937
7958.16,0.29371
7960.66,0.29442
7963.15,0.29434
7965.65,0.29389
7968.14,0.29362
7970.64,0.29382
7973.13,0.29405
7975.63,0.29319
7978.12,0.29292
7980.62,0.29388
7983.11,0.29205
7985.61,0.29137
7988.1,0.29205
7990.6,0.29181
7993.09,0.29114
7995.59,0.29081
7998.08,0.29153
8000.58,0.29012
8003.07,0.2913
8005.57,0.29129
8008.06,0.29242
8010.56,0.29354
8013.06,0.29315
8015.55,0.2929
8018.05,0.29337
8020.54,0.29288
8023.04,0.29189
8025.53,0.29113
8028.03,0.29086
8030.52,0.29083
8033.02,0.29096
8035.51,0.29105
8038.01,0.29102
8040.5,0.29148
8043.0,0.29009
8045.49,0.28857
8047.99,0.28814
8050.48,0.28827
8052.98,0.28791
8055.47,0.28918
8057.97,0.28986
8060.46,0.28927
8062.96,0.28983
8065.45,0.28936
8067.95,0.28796
8070.44,0.28769
8072.94,0.28776
8075.43,0.28674
8077.93,0.28688
8080.42,0.28749
8082.92,0.28762
8085.41,0.28693
8087.91,0.28644
8090.4,0.28693
8092.9,0.28632
8095.4,0.28588
8097.89,0.28602
8100.39,0.28671
8102.88,0.28663
8105.38,0.28669
8107.87,0.28753
8110.37,0.28695
8112.86,0.28683
8115.36,0.28576
8117.85,0.28601
8120.35,0.28618
8122.84,0.28583
8125.34,0.28669
8127.83,0.28619
8130.33,0.28579
8132.82,0.28615
8135.32,0.28574
8137.81,0.28627
8140.31,0.286
8142.8,0.28621
8145.3,0.28606
8147.79,0.28564
8150.29,0.285
8152.78,0.28509
8155.28,0.28564
8157.77,0.28543
8160.27,0.28589
8162.76,0.28533
8165.26,0.28441
8167.75,0.28476
8170.25,0.28518
8172.75,0.28509
8175.24,0.28496
8177.74,0.28358
8180.23,0.28255
8182.73,0.28089
8185.22,0.28124
8187.72,0.2799
8190.21,0.2806
8192.71,0.27973
8195.2,0.27882
8197.7,0.2786
8200.19,0.2789
8202.69,0.27953
8205.18,0.27992
8207.68,0.28119
8210.17,0.28168
8212.67,0.2812
8215.16,0.28144
8217.66,0.28193
8220.15,0.2821
8222.65,0.28241
8225.14,0.28235
8227.64,0.28188
8230.13,0.28255
8232.63,0.28295
8235.12,0.28222
8237.62,0.28269
8240.11,0.28291
8242.61,0.28176
8245.1,0.28195
8247.6,0.28105
8250.1,0.28195
8252.59,0.2826
8255.08,0.28232
8257.58,0.28129
8260.08,0.28228
8262.57,0.28219
8265.07,0.28346
8267.56,0.28222
8270.06,0.28341
8272.55,0.28302
8275.05,0.28225
8277.54,0.28228
8280.04,0.28231
8282.53,0.28215
8285.03,0.28116
8287.52,0.28111
8290.02,0.28066
8292.51,0.28085
8295.01,0.28026
8297.5,0.28042
8300.0,0.2808
8302.49,0.28005
8304.99,0.27985
8307.48,0.27858
8309.98,0.27879
8312.47,0.2788
8314.97,0.27939
8317.46,0.27916
8319.96,0.27884
8322.46,0.27883
8324.95,0.27734
8327.44,0.27605
8329.94,0.27497
8332.43,0.27426
8334.93,0.27468
8337.43,0.27533
8339.92,0.27578
8342.42,0.27665
8344.91,0.27715
8347.41,0.2774
8349.9,0.27782
8352.4,0.27708
8354.89,0.27745
8357.39,0.27761
8359.88,0.27703
8362.38,0.27676
8364.87,0.27633
8367.37,0.27613
8369.86,0.27677
8372.36,0.27743
8374.85,0.27648
8377.35,0.27593
8379.84,0.27484
8382.34,0.27298
8384.83,0.27235
8387.33,0.2717
8389.82,0.27171
8392.32,0.27327
8394.81,0.27426
8397.31,0.27446
8399.8,0.27569
8402.3,0.27601
8404.79,0.27566
8407.29,0.27581
8409.79,0.27572
8412.28,0.27528
8414.78,0.275
8417.27,0.27393
8419.77,0.27449
8422.26,0.27418
8424.76,0.27417
8427.25,0.2726
8429.75,0.27261
8432.24,0.27144
8434.74,0.27053
8437.23,0.27055
8439.73,0.26978
8442.22,0.27096
8444.72,0.27304
8447.21,0.27455
8449.71,0.27438
8452.2,0.27483
8454.7,0.27421
8457.19,0.27422
8459.69,0.27371
8462.18,0.2726
8464.68,0.27234
8467.17,0.27107
8469.67,0.26959
8472.16,0.26939
8474.66,0.27088
8477.15,0.27221
8479.65,0.27215
8482.14,0.27217
8484.64,0.27253
8487.13,0.27149
8489.63,0.27004
8492.12,0.2661
8494.62,0.26081
8497.12,0.25527
8499.61,0.25121
8502.11,0.25203
8504.6,0.25493
8507.1,0.25921
8509.59,0.26287
8512.09,0.26465
8514.58,0.26517
8517.08,0.26553
8519.57,0.26575
8522.07,0.26594
8524.56,0.26649
8527.06,0.26671
8529.55,0.26598
8532.05,0.26295
8534.54,0.2567
8537.04,0.24776
8539.53,0.23751
8542.03,0.22725
8544.52,0.22406
8547.02,0.22676
8549.51,0.23561
8552.01,0.246
8554.5,0.25554
8557.0,0.25999
8559.49,0.2644
8561.99,0.26507
8564.48,0.26636
8566.98,0.26663
8569.47,0.26696
8571.97,0.26709
8574.47,0.26743
8576.96,0.2675
8579.46,0.26723
8581.95,0.26684
8584.45,0.26647
8586.94,0.2667
8589.44,0.26605
8591.93,0.26528
8594.43,0.26467
8596.92,0.264
8599.42,0.26361
8601.91,0.26325
8604.41,0.26356
8606.9,0.26312
8609.4,0.26388
8611.89,0.26348
8614.39,0.26337
8616.88,0.26286
8619.38,0.26341
8621.87,0.26378
8624.37,0.26339
8626.86,0.26408
8629.36,0.26433
8631.85,0.26462
8634.35,0.26496
8636.84,0.26521
8639.34,0.26503
8641.83,0.26563
8644.33,0.26537
8646.83,0.26429
8649.32,0.26218
8651.82,0.25967
8654.31,0.25462
8656.8,0.24769
8659.3,0.23867
8661.8,0.2304
8664.29,0.22672
8666.79,0.22779
8669.28,0.23419
8671.78,0.24328
8674.27,0.25053
8676.77,0.25499
8679.26,0.25734
8681.76,0.25953
8684.25,0.2588
8686.75,0.25909
8689.24,0.25836
8691.74,0.25818
8694.23,0.25874
8696.73,0.2597
8699.22,0.2608
8701.72,0.26109
8704.21,0.26193
8706.71,0.26138
8709.2,0.26166
8711.7,0.26086
8714.19,0.26102
8716.69,0.26041
8719.18,0.26086
8721.68,0.26226
8724.17,0.26228
8726.67,0.26244
8729.17,0.26197
8731.66,0.2623
8734.16,0.26083
8736.65,0.2601
8739.15,0.2587
8741.64,0.25785
8744.14,0.25736
8746.63,0.25633
8749.13,0.25495
8751.62,0.25417
8754.12,0.25369
8756.61,0.25352
8759.11,0.2548
8761.6,0.25597
8764.1,0.25688
8766.59,0.25835
8769.09,0.25871
8771.58,0.2579
8774.08,0.25847
8776.57,0.25884
8779.07,0.25925
8781.56,0.2597
8784.06,0.25995
8786.55,0.25994
8789.05,0.25906
8791.54,0.25895
8794.04,0.25793
8796.53,0.25694
8799.03,0.25649
8801.52,0.25605
8804.02,0.25441
8806.51,0.25375
8809.01,0.25201
8811.5,0.25393
8814.0,0.2545
8816.5,0.25621
8818.99,0.25738
8821.49,0.25747
8823.98,0.25721
8826.48,0.25634
8828.97,0.25685
8831.47,0.25752
8833.96,0.25818
8836.46,0.25863
8838.95,0.25851
8841.45,0.25831
8843.94,0.25826
8846.44,0.25871
8848.93,0.25859
8851.43,0.25839
8853.92,0.25774
8856.42,0.25653
8858.91,0.25514
8861.41,0.25293
8863.9,0.25193
8866.4,0.25161
8868.89,0.25197
8871.39,0.25342
8873.88,0.2546
8876.38,0.25597
8878.87,0.25692
8881.37,0.2575
8883.87,0.25798
8886.36,0.25824
8888.86,0.25821
8891.35,0.25723
8893.84,0.2574
8896.34,0.25793
8898.84,0.2577
8901.33,0.25771
8903.83,0.25815
8906.32,0.25761
8908.82,0.25729
8911.31,0.25686
8913.81,0.25569
8916.3,0.25528
8918.8,0.25483
8921.29,0.25446
8923.79,0.25378
8926.28,0.2535
8928.78,0.25288
8931.27,0.25266
8933.77,0.25307
8936.26,0.25348
8938.76,0.25393
8941.25,0.25367
8943.75,0.25381
8946.24,0.25353
8948.74,0.25312
8951.23,0.25302
8953.73,0.25402
8956.22,0.25493
8958.72,0.25544
8961.21,0.25512
8963.71,0.25504
8966.2,0.25471
8968.7,0.25391
8971.2,0.25438
8973.69,0.25318
8976.19,0.25314
8978.68,0.25302
8981.18,0.25289
8983.67,0.25305
8986.17,0.25374
8988.66,0.25308
8991.16,0.25289
8993.65,0.25296
8996.15,0.25145
8998.64,0.25088
9001.14,0.24923
9003.63,0.24763
9006.13,0.24569
9008.62,0.24395
9011.12,0.24209
9013.61,0.24032
9016.11,0.2395
9018.6,0.23918
9021.1,0.24073
9023.59,0.24319
9026.09,0.24487
9028.58,0.24716
9031.08,0.24882
9033.57,0.24971
9036.07,0.25086
9038.56,0.25102
9041.06,0.25163
9043.55,0.25214
9046.05,0.25226
9048.54,0.25127
9051.04,0.25142
9053.54,0.25094
9056.03,0.25091
9058.53,0.25028
9061.02,0.24932
9063.52,0.24876
9066.01,0.24893
9068.51,0.24859
9071.0,0.24912
9073.5,0.24957
9075.99,0.2478
9078.49,0.24786
9080.98,0.24772
9083.48,0.24628
9085.97,0.24512
9088.47,0.24419
9090.96,0.24312
9093.46,0.24351
9095.95,0.24373
9098.45,0.24529
9100.94,0.24621
9103.44,0.24637
9105.93,0.24744
9108.43,0.24703
9110.92,0.24594
9113.42,0.24622
9115.91,0.24616
9118.41,0.24535
9120.9,0.24551
9123.4,0.24605
9125.89,0.24603
9128.39,0.24693
9130.88,0.247
9133.38,0.24653
9135.88,0.24633
9138.37,0.24541
9140.87,0.24474
9143.36,0.2445
9145.86,0.24377
9148.35,0.24347
9150.85,0.24325
9153.34,0.2436
9155.84,0.24394
9158.33,0.24385
9160.83,0.24414
9163.32,0.24396
9165.82,0.24272
9168.31,0.24208
9170.81,0.24165
9173.3,0.24079
9175.8,0.24048
9178.29,0.24073
9180.79,0.24137
9183.28,0.24194
9185.78,0.24181
9188.27,0.24182
9190.77,0.24218
9193.26,0.24184
9195.76,0.24133
9198.25,0.24146
9200.75,0.2413
9203.24,0.24086
9205.74,0.24004
9208.24,0.24025
9210.73,0.23883
9213.23,0.23835
9215.72,0.2375
9218.22,0.23772
9220.71,0.23754
9223.21,0.23583
9225.7,0.23469
9228.2,0.23356
9230.69,0.23343
9233.19,0.23359
9235.68,0.23361
9238.18,0.23557
9240.67,0.23648
9243.17,0.23712
9245.66,0.2371
9248.16,0.2377
9250.65,0.23772
9253.15,0.23763
9255.64,0.2373
9258.14,0.23736
9260.63,0.23707
9263.13,0.23748
9265.62,0.23821
9268.12,0.23908
9270.61,0.23884
9273.11,0.23881
9275.6,0.23888
9278.1,0.23854
9280.59,0.23802
9283.09,0.2373
9285.58,0.237
9288.08,0.23615
9290.58,0.2365
9293.07,0.23574
9295.57,0.23623
9298.06,0.23625
9300.56,0.2363
9303.05,0.23611
9305.55,0.23616
9308.04,0.23622
9310.54,0.23624
9313.03,0.23636
9315.53,0.23634
9318.02,0.23621
9320.52,0.23622
9323.01,0.23556
9325.51,0.23631
9328.0,0.23607
9330.5,0.23606
9332.99,0.23654
9335.49,0.23684
9337.98,0.23622
9340.48,0.23624
9342.97,0.23609
9345.47,0.2354
9347.96,0.23522
9350.46,0.23492
9352.95,0.23462
9355.45,0.23416
9357.94,0.23287
9360.44,0.23251
9362.93,0.23282
9365.43,0.23203
9367.92,0.23252
9370.42,0.23244
9372.92,0.23198
9375.41,0.23272
9377.91,0.23205
9380.4,0.23286
9382.9,0.2329
9385.39,0.23332
9387.89,0.23272
9390.38,0.23316
9392.88,0.23289
9395.37,0.23269
9397.87,0.23208
9400.36,0.23142
9402.86,0.23091
9405.35,0.22974
9407.85,0.22942
9410.34,0.2281
9412.84,0.22775
9415.33,0.22773
9417.83,0.22842
9420.32,0.22822
9422.82,0.22995
9425.31,0.2298
9427.81,0.23083
9430.3,0.23024
9432.8,0.23029
9435.29,0.22948
9437.79,0.22891
9440.28,0.22909
9442.78,0.2294
9445.27,0.22909
9447.77,0.22894
9450.27,0.2285
9452.76,0.22881
9455.25,0.22909
9457.75,0.22939
9460.25,0.22962
9462.74,0.22997
9465.24,0.23005
9467.73,0.23014
9470.23,0.22977
9472.72,0.23034
9475.22,0.23059
9477.71,0.22963
9480.21,0.23032
9482.7,0.23048
9485.2,0.23045
9487.69,0.22982
9490.19,0.22997
9492.68,0.22989
9495.18,0.23007
9497.67,0.22996
9500.17,0.22935
9502.66,0.22958
9505.16,0.22947
9507.65,0.22983
9510.15,0.22922
9512.64,0.22937
9515.14,0.22971
9517.63,0.22984
9520.13,0.22936
9522.62,0.2297
9525.12,0.22979
9527.61,0.22977
9530.11,0.22924
9532.61,0.22803
9535.1,0.22703
9537.6,0.22603
9540.09,0.22411
9542.59,0.22248
9545.08,0.22026
9547.58,0.22011
9550.07,0.2201
9552.57,0.2217
9555.06,0.22319
9557.56,0.22452
9560.05,0.22633
9562.55,0.22696
9565.04,0.2273
9567.54,0.22729
9570.03,0.22705
9572.53,0.22654
9575.02,0.22597
9577.52,0.22651
9580.01,0.22634
9582.51,0.2266
9585.0,0.22676
9587.5,0.22689
9589.99,0.22714
9592.49,0.22687
9594.98,0.22607
9597.48,0.22575
9599.97,0.22553
9602.47,0.22433
9604.96,0.22484
9607.46,0.2248
9609.96,0.22532
9612.45,0.22601
9614.95,0.22615
9617.44,0.22579
9619.94,0.22557
9622.43,0.22508
9624.93,0.22514
9627.42,0.22508
9629.92,0.22495
9632.41,0.22386
9634.91,0.22372
9637.4,0.2229
9639.9,0.223
9642.39,0.22163
9644.89,0.22225
9647.38,0.22203
9649.88,0.22211
9652.37,0.22231
9654.87,0.22275
9657.36,0.22272
9659.86,0.22236
9662.35,0.22257
9664.85,0.22247
9667.34,0.22273
9669.84,0.22215
9672.33,0.22187
9674.83,0.2215
9677.32,0.22138
9679.82,0.22094
9682.31,0.22158
9684.81,0.22177
9687.3,0.22214
9689.8,0.22132
9692.29,0.22152
9694.79,0.22094
9697.29,0.22141
9699.78,0.22152
9702.28,0.22094
9704.77,0.22093
9707.27,0.22044
9709.76,0.2207
9712.26,0.22027
9714.75,0.22078
9717.25,0.22043
9719.74,0.22039
9722.24,0.22051
9724.73,0.2205
9727.23,0.22037
9729.72,0.21935
9732.22,0.21948
9734.71,0.21918
9737.21,0.21923
9739.7,0.21979
9742.2,0.21905
9744.69,0.2185
9747.19,0.21874
9749.68,0.21907
9752.18,0.21964
9754.67,0.22049
9757.17,0.21975
9759.66,0.22062
9762.16,0.22059
9764.65,0.21981
9767.15,0.21897
9769.64,0.21927
9772.14,0.21976
9774.64,0.21873
9777.13,0.21908
9779.63,0.21835
9782.12,0.21758
9784.62,0.21719
9787.11,0.21656
9789.61,0.21686
9792.1,0.21694
9794.6,0.21749
9797.09,0.21845
9799.59,0.21859
9802.08,0.21917
9804.58,0.21948
9807.07,0.21914
9809.57,0.21961
9812.06,0.21937
9814.56,0.21942
9817.05,0.21965
9819.55,0.21948
9822.04,0.21946
9824.54,0.21945
9827.03,0.2191
9829.53,0.21872
9832.02,0.21873
9834.52,0.21903
9837.01,0.21859
9839.51,0.21857
9842.0,0.21919
9844.5,0.21843
9847.0,0.21832
9849.49,0.21887
9851.99,0.21873
9854.48,0.21856
9856.98,0.21842
9859.47,0.21752
9861.97,0.21778
9864.46,0.21785
9866.96,0.21744
9869.45,0.21786
9871.95,0.21708
9874.44,0.21787
9876.94,0.21736
9879.43,0.21738
9881.93,0.21791
9884.42,0.21774
9886.92,0.21648
9889.41,0.21621
9891.91,0.21638
9894.4,0.21637
9896.9,0.21541
9899.39,0.21575
9901.89,0.21564
9904.38,0.21619
9906.88,0.21567
9909.37,0.21566
9911.87,0.21526
9914.36,0.21519
9916.86,0.21494
9919.35,0.21513
9921.85,0.21512
9924.34,0.21492
9926.84,0.21436
9929.33,0.21447
9931.83,0.21537
9934.33,0.21407
9936.82,0.21511
9939.32,0.21466
9941.81,0.21496
9944.31,0.21431
9946.8,0.21452
9949.3,0.21508
9951.79,0.21464
9954.29,0.21504
9956.78,0.21467
9959.28,0.21501
9961.77,0.21489
9964.27,0.21459
9966.76,0.21458
9969.26,0.21497
9971.75,0.21487
9974.25,0.21481
9976.74,0.21457
9979.24,0.21442
9981.73,0.2139
9984.23,0.21407
9986.72,0.21391
9989.22,0.21414
9991.71,0.21389
9994.21,0.2134
9996.7,0.2131
9999.2,0.21346
10001.7,0.21294
10004.2,0.21332
10006.7,0.21313
10009.2,0.21324
10011.7,0.21309
10014.2,0.21391
10016.7,0.21388
10019.2,0.21382
10021.7,0.21323
10024.2,0.21351
10026.6,0.21342
10029.1,0.21313
10031.6,0.21267
10034.1,0.21161
10036.6,0.21081
10039.1,0.21041
10041.6,0.20875
10044.1,0.20814
10046.6,0.20703
10049.1,0.20617
10051.6,0.20554
10054.1,0.20522
10056.6,0.20642
10059.1,0.20687
10061.6,0.20785
10064.1,0.20917
10066.6,0.20924
10069.1,0.20992
10071.6,0.21062
10074.1,0.21075
10076.5,0.21075
10079.0,0.2113
10081.5,0.21131
10084.0,0.21091
10086.5,0.21079
10089.0,0.21095
10091.5,0.2113
10094.0,0.21093
10096.5,0.2111
10099.0,0.21091
10101.5,0.21128
10104.0,0.21102
10106.5,0.21095
10109.0,0.21108
10111.5,0.21003
10114.0,0.21017
10116.5,0.20949
10119.0,0.21051
10121.5,0.20932
10124.0,0.20873
10126.5,0.20953
10128.9,0.20961
10131.4,0.20887
10133.9,0.2092
10136.4,0.20827
10138.9,0.20828
10141.4,0.208
10143.9,0.20828
10146.4,0.20769
10148.9,0.20719
10151.4,0.2075
10153.9,0.2077
10156.4,0.20809
10158.9,0.20841
10161.4,0.20779
10163.9,0.20806
10166.4,0.20741
10168.9,0.20745
10171.4,0.20729
10173.9,0.20779
10176.4,0.20777
10178.9,0.2078
10181.3,0.20738
10183.8,0.20738
10186.3,0.20753
10188.8,0.20751
10191.3,0.20674
10193.8,0.20593
10196.3,0.20662
10198.8,0.2057
10201.3,0.20634
10203.8,0.20628
10206.3,0.20606
10208.8,0.20642
10211.3,0.20609
10213.8,0.20532
10216.3,0.20519
10218.8,0.20524
10221.3,0.20511
10223.8,0.20521
10226.3,0.2053
10228.8,0.20581
10231.2,0.20557
10233.7,0.20501
10236.2,0.20544
10238.7,0.20578
10241.2,0.20574
10243.7,0.20524
10246.2,0.20508
10248.7,0.20523
10251.2,0.20497
10253.7,0.20443
10256.2,0.20448
10258.7,0.20483
10261.2,0.20457
10263.7,0.20392
10266.2,0.20441
10268.7,0.20352
10271.2,0.20413
10273.7,0.20406
10276.2,0.2038
10278.7,0.20356
10281.2,0.20375
10283.6,0.20341
10286.1,0.20304
10288.6,0.20313
10291.1,0.20286
10293.6,0.2028
10296.1,0.20325
10298.6,0.20295
10301.1,0.20355
10303.6,0.20372
10306.1,0.20331
10308.6,0.20339
10311.1,0.20325
10313.6,0.20271
10316.1,0.2032
10318.6,0.20284
10321.1,0.20266
10323.6,0.20211
10326.1,0.20144
10328.6,0.20038
10331.1,0.20037
10333.5,0.20069
10336.0,0.20004
10338.5,0.20041
10341.0,0.19981
10343.5,0.20016
10346.0,0.20002
10348.5,0.20003
10351.0,0.20033
10353.5,0.20105
10356.0,0.20104
10358.5,0.20139
10361.0,0.20179
10363.5,0.20143
10366.0,0.2009
10368.5,0.20084
10371.0,0.20024
10373.5,0.20026
10376.0,0.19948
10378.5,0.19986
10381.0,0.19982
10383.5,0.19987
10385.9,0.19989
10388.4,0.20002
10390.9,0.20023
10393.4,0.19928
10395.9,0.199
10398.4,0.19887
10400.9,0.19866
10403.4,0.19862
10405.9,0.19876
10408.4,0.1996
10410.9,0.20008
10413.4,0.19953
10415.9,0.1998
10418.4,0.19964
10420.9,0.19933
10423.4,0.19897
10425.9,0.19932
10428.4,0.19886
10430.9,0.19891
10433.4,0.19936
10435.9,0.19943
10438.3,0.19955
10440.8,0.19914
10443.3,0.19921
10445.8,0.19941
10448.3,0.1992
10450.8,0.19897
10453.3,0.19869
10455.8,0.19791
10458.3,0.19797
10460.8,0.19735
10463.3,0.19758
10465.8,0.19747
10468.3,0.1978
10470.8,0.19694
10473.3,0.19753
10475.8,0.19744
10478.3,0.19729
10480.8,0.19751
10483.3,0.19745
10485.8,0.19736
10488.2,0.19758
10490.7,0.19691
10493.2,0.19637
10495.7,0.19688
10498.2,0.19606
10500.7,0.19587
10503.2,0.19592
10505.7,0.19673
10508.2,0.19655
10510.7,0.19615
10513.2,0.19654
10515.7,0.1966
10518.2,0.19595
10520.7,0.19676
10523.2,0.19661
10525.7,0.19644
10528.2,0.1956
10530.7,0.19599
10533.2,0.19581
10535.7,0.19557
10538.2,0.19542
10540.6,0.19588
10543.1,0.19559
10545.6,0.19626
10548.1,0.19569
10550.6,0.1959
10553.1,0.19572
10555.6,0.19566
10558.1,0.19528
10560.6,0.19546
10563.1,0.1949
10565.6,0.1954
10568.1,0.19512
10570.6,0.19483
10573.1,0.19435
10575.6,0.19382
10578.1,0.19341
10580.6,0.19286
10583.1,0.1922
10585.6,0.19108
10588.1,0.19111
10590.6,0.19148
10593.0,0.19183
10595.5,0.19234
10598.0,0.19263
10600.5,0.19268
10603.0,0.19202
10605.5,0.19222
10608.0,0.19178
10610.5,0.19191
10613.0,0.19182
10615.5,0.19224
10618.0,0.19254
10620.5,0.19293
10623.0,0.19298
10625.5,0.19211
10628.0,0.19242
10630.5,0.19236
10633.0,0.1928
10635.5,0.19267
10638.0,0.19241
10640.5,0.19302
10642.9,0.19296
10645.4,0.19297
10647.9,0.19266
10650.4,0.19231
10652.9,0.19173
10655.4,0.19142
10657.9,0.19108
10660.4,0.19011
10662.9,0.18983
10665.4,0.18986
10667.9,0.19022
10670.4,0.19071
10672.9,0.19031
10675.4,0.19071
10677.9,0.1913
10680.4,0.1901
10682.9,0.19044
10685.4,0.18936
10687.9,0.18916
10690.4,0.18798
10692.9,0.18814
10695.3,0.18845
10697.8,0.18862
10700.3,0.18883
10702.8,0.18966
10705.3,0.19016
10707.8,0.19039
10710.3,0.19064
10712.8,0.19029
10715.3,0.19108
10717.8,0.19008
10720.3,0.18942
10722.8,0.18961
10725.3,0.18856
10727.8,0.18795
10730.3,0.18749
10732.8,0.18747
10735.3,0.188
10737.8,0.18821
10740.3,0.18853
10742.8,0.18859
10745.3,0.18851
10747.7,0.18805
10750.2,0.18736
10752.7,0.18739
10755.2,0.18715
10757.7,0.18761
10760.2,0.18759
10762.7,0.18847
10765.2,0.18862
10767.7,0.18821
10770.2,0.1887
10772.7,0.18842
10775.2,0.18806
10777.7,0.1874
10780.2,0.18712
10782.7,0.18647
10785.2,0.18568
10787.7,0.18552
10790.2,0.18541
10792.7,0.18579
10795.2,0.18645
10797.6,0.18665
10800.1,0.18678
10802.6,0.18695
10805.1,0.18661
10807.6,0.1861
10810.1,0.18596
10812.6,0.18539
10815.1,0.1847
10817.6,0.18496
10820.1,0.18406
10822.6,0.18424
10825.1,0.18346
10827.6,0.18338
10830.1,0.18285
10832.6,0.18351
10835.1,0.18418
10837.6,0.18418
10840.1,0.18522
10842.6,0.1853
10845.1,0.18519
10847.6,0.18516
10850.0,0.18547
10852.5,0.18542
10855.0,0.18603
10857.5,0.18524
10860.0,0.18511
10862.5,0.1853
10865.0,0.18355
10867.5,0.18291
10870.0,0.18213
10872.5,0.18162
10875.0,0.18091
10877.5,0.18153
10880.0,0.18217
10882.5,0.18277
10885.0,0.18284
10887.5,0.18264
10890.0,0.18326
10892.5,0.18321
10895.0,0.18307
10897.5,0.18363
10900.0,0.18369
10902.4,0.18383
10904.9,0.18379
10907.4,0.18388
10909.9,0.18367
10912.4,0.18319
10914.9,0.18223
10917.4,0.18201
10919.9,0.18213
10922.4,0.18171
10924.9,0.1811
10927.4,0.18081
10929.9,0.1799
10932.4,0.17914
10934.9,0.17806
10937.4,0.17758
10939.9,0.17669
10942.4,0.17676
10944.9,0.17743
10947.4,0.17774
10949.9,0.17848
10952.3,0.17909
10954.8,0.17895
10957.3,0.17892
10959.8,0.17832
10962.3,0.17775
10964.8,0.1773
10967.3,0.17713
10969.8,0.17677
10972.3,0.17693
10974.8,0.17677
10977.3,0.17661
10979.8,0.17653
10982.3,0.1769
10984.8,0.17706
10987.3,0.17703
10989.8,0.17727
10992.3,0.17766
10994.8,0.17776
10997.3,0.17781
10999.8,0.17797
