wave,flux
3700.85,0.096162
3701.75,0.094334
3702.65,0.090669
3703.55,0.085351
3704.45,0.078709
3705.35,0.073423
3706.25,0.069332
3707.15,0.066729
3708.05,0.066422
3708.96,0.067772
3709.86,0.071089
3710.76,0.076106
3711.66,0.081461
3712.56,0.087731
3713.46,0.093061
3714.36,0.096194
3715.26,0.096762
3716.16,0.095187
3717.06,0.091207
3717.96,0.084657
3718.86,0.076743
3719.76,0.069441
3720.66,0.062917
3721.56,0.059181
3722.46,0.058967
3723.36,0.062281
3724.26,0.067075
3725.16,0.072613
3726.06,0.076703
3726.96,0.078712
3727.86,0.079324
3728.76,0.078883
3729.66,0.078028
3730.56,0.076083
3731.46,0.073057
3732.36,0.068248
3733.26,0.062162
3734.16,0.056213
3735.06,0.051428
3735.96,0.04884
3736.86,0.049345
3737.76,0.052475
3738.66,0.058186
3739.56,0.064297
3740.46,0.069978
3741.36,0.073783
3742.26,0.074297
3743.16,0.072124
3744.06,0.068208
3744.96,0.063713
3745.86,0.0593
3746.76,0.055261
3747.67,0.052111
3748.57,0.050743
3749.47,0.051117
3750.37,0.053553
3751.27,0.058645
3752.17,0.06508
3753.07,0.072424
3753.97,0.078943
3754.87,0.083281
3755.77,0.084994
3756.67,0.083257
3757.57,0.079806
3758.47,0.075408
3759.37,0.071975
3760.27,0.070513
3761.17,0.070404
3762.07,0.071435
3762.97,0.072803
3763.87,0.073297
3764.77,0.073733
3765.67,0.074203
3766.57,0.074281
3767.47,0.07494
3768.37,0.076073
3769.27,0.077711
3770.17,0.079974
3771.07,0.08238
3771.97,0.085422
3772.87,0.088018
3773.77,0.090974
3774.67,0.0929
3775.57,0.093544
3776.47,0.094186
3777.37,0.095249
3778.27,0.096184
3779.17,0.09777
3780.07,0.099757
3780.97,0.10122
3781.87,0.10265
3782.77,0.10362
3783.67,0.10267
3784.57,0.10104
3785.47,0.097698
3786.38,0.093088
3787.28,0.087818
3788.18,0.083186
3789.08,0.08033
3789.98,0.078738
3790.88,0.078385
3791.78,0.078613
3792.68,0.078162
3793.58,0.07708
3794.48,0.075319
3795.38,0.073331
3796.28,0.070841
3797.18,0.068897
3798.08,0.067671
3798.98,0.068106
3799.88,0.070079
3800.78,0.073559
3801.68,0.079105
3802.58,0.083862
3803.48,0.088527
3804.38,0.091525
3805.28,0.092925
3806.18,0.093038
3807.08,0.092295
3807.98,0.09222
3808.88,0.092167
3809.78,0.092594
3810.68,0.092904
3811.58,0.092531
3812.48,0.089975
3813.38,0.085752
3814.28,0.080772
3815.18,0.07636
3816.08,0.072779
3816.98,0.070956
3817.88,0.069442
3818.78,0.068291
3819.68,0.067021
3820.58,0.065386
3821.48,0.063768
3822.38,0.062721
3823.28,0.061573
3824.18,0.06039
3825.09,0.058192
3825.99,0.055824
3826.89,0.054063
3827.79,0.052948
3828.69,0.052727
3829.59,0.052895
3830.49,0.052887
3831.39,0.052795
3832.29,0.051945
3833.19,0.050657
3834.09,0.050013
3834.99,0.049439
3835.89,0.04952
3836.79,0.05009
3837.69,0.050454
3838.59,0.050651
3839.49,0.051577
3840.39,0.053188
3841.29,0.056527
3842.19,0.060924
3843.09,0.066194
3843.99,0.071265
3844.89,0.075255
3845.79,0.078242
3846.69,0.080155
3847.59,0.081051
3848.49,0.080712
3849.39,0.080036
3850.29,0.079334
3851.19,0.078886
3852.09,0.078705
3852.99,0.078296
3853.89,0.077745
3854.79,0.076384
3855.69,0.074123
3856.59,0.071771
3857.49,0.068719
3858.39,0.066168
3859.29,0.06411
3860.19,0.063848
3861.09,0.065133
3861.99,0.06818
3862.9,0.072471
3863.8,0.076325
3864.7,0.078795
3865.6,0.080199
3866.5,0.080582
3867.4,0.079309
3868.3,0.078085
3869.2,0.076001
3870.1,0.073687
3871.0,0.07141
3871.9,0.069783
3872.8,0.069368
3873.7,0.070751
3874.6,0.072537
3875.5,0.075277
3876.4,0.076252
3877.3,0.076152
3878.2,0.075352
3879.1,0.073563
3880.0,0.072604
3880.9,0.07208
3881.8,0.072121
3882.7,0.072585
3883.6,0.073276
3884.5,0.072958
3885.4,0.072193
3886.3,0.070358
3887.2,0.069578
3888.1,0.068929
3889.0,0.069698
3889.9,0.072167
3890.8,0.076021
3891.7,0.080334
3892.6,0.084497
3893.5,0.087769
3894.4,0.089656
3895.3,0.090475
3896.2,0.090815
3897.1,0.091423
3898.0,0.09159
3898.9,0.091923
3899.8,0.091835
3900.7,0.091436
3901.6,0.091433
3902.51,0.090437
3903.41,0.08941
3904.31,0.088339
3905.21,0.087301
3906.11,0.087731
3907.01,0.088452
3907.91,0.091233
3908.81,0.094728
3909.71,0.098902
3910.61,0.10188
3911.51,0.10437
3912.41,0.10614
3913.31,0.10646
3914.21,0.10706
3915.11,0.10579
3916.01,0.10434
3916.91,0.10183
3917.81,0.099296
3918.71,0.09545
3919.61,0.092093
3920.51,0.088669
3921.41,0.085668
3922.31,0.08334
3923.21,0.08178
3924.11,0.08036
3925.01,0.078983
3925.91,0.076604
3926.81,0.072423
3927.71,0.067196
3928.61,0.060548
3929.51,0.053595
3930.41,0.046929
3931.31,0.040658
3932.21,0.035519
3933.11,0.031716
3934.01,0.029533
3934.91,0.029434
3935.81,0.031263
3936.71,0.035071
3937.61,0.040589
3938.51,0.046855
3939.42,0.053352
3940.32,0.059285
3941.22,0.064359
3942.12,0.068025
3943.02,0.071096
3943.92,0.073856
3944.82,0.076463
3945.72,0.080057
3946.62,0.084018
3947.52,0.088267
3948.42,0.092589
3949.32,0.095704
3950.22,0.098713
3951.12,0.10094
3952.02,0.10255
3952.92,0.10333
3953.82,0.10392
3954.72,0.10401
3955.62,0.10397
3956.52,0.10285
3957.42,0.10111
3958.32,0.099535
3959.22,0.096059
3960.12,0.092427
3961.02,0.08731
3961.92,0.080499
3962.82,0.07391
3963.72,0.067021
3964.62,0.061041
3965.52,0.054477
3966.42,0.048393
3967.32,0.042775
3968.22,0.038409
3969.12,0.035901
3970.02,0.035731
3970.92,0.037941
3971.82,0.042756
3972.72,0.048881
3973.62,0.056559
3974.52,0.064532
3975.42,0.072158
3976.32,0.079829
3977.22,0.087182
3978.13,0.094415
3979.03,0.1002
3979.93,0.10493
3980.83,0.10888
3981.73,0.11145
3982.63,0.11362
3983.53,0.11421
3984.43,0.11533
3985.33,0.11595
3986.23,0.11699
3987.13,0.11886
3988.03,0.12112
3988.93,0.12277
3989.83,0.12423
3990.73,0.12494
3991.63,0.12598
3992.53,0.12666
3993.43,0.12735
3994.33,0.12716
3995.23,0.12653
3996.13,0.12447
3997.03,0.12429
3997.93,0.12401
3998.83,0.12501
3999.73,0.12649
4000.63,0.12974
4001.53,0.13184
4002.43,0.13282
4003.33,0.13286
4004.23,0.13068
4005.13,0.12855
4006.03,0.12555
4006.93,0.12438
4007.83,0.12511
4008.73,0.12633
4009.63,0.12909
4010.53,0.13257
4011.43,0.134
4012.33,0.13605
4013.23,0.13704
4014.13,0.13819
4015.03,0.13873
4015.93,0.1387
4016.84,0.13906
4017.74,0.13903
4018.64,0.13963
4019.54,0.13942
4020.44,0.14005
4021.34,0.14009
4022.24,0.13998
4023.14,0.13972
4024.04,0.13897
4024.94,0.13898
4025.84,0.14023
4026.74,0.14057
4027.64,0.14119
4028.54,0.14057
4029.44,0.1383
4030.34,0.13439
4031.24,0.12995
4032.14,0.12556
4033.04,0.1219
4033.94,0.12068
4034.84,0.12159
4035.74,0.1256
4036.64,0.13116
4037.54,0.13655
4038.44,0.14071
4039.34,0.14342
4040.24,0.14417
4041.14,0.14307
4042.04,0.14049
4042.94,0.13604
4043.84,0.13077
4044.74,0.12503
4045.64,0.12058
4046.54,0.11754
4047.44,0.11852
4048.34,0.12251
4049.24,0.12816
4050.14,0.1337
4051.04,0.13768
4051.94,0.1399
4052.84,0.14003
4053.74,0.13883
4054.65,0.13631
4055.55,0.13407
4056.45,0.13174
4057.35,0.13012
4058.25,0.12889
4059.15,0.12912
4060.05,0.12943
4060.95,0.12825
4061.85,0.12709
4062.75,0.12424
4063.65,0.12214
4064.55,0.12046
4065.45,0.12023
4066.35,0.12099
4067.25,0.12461
4068.15,0.12801
4069.05,0.13035
4069.95,0.13153
4070.85,0.13186
4071.75,0.13078
4072.65,0.13057
4073.55,0.13003
4074.45,0.12893
4075.35,0.12874
4076.25,0.12708
4077.15,0.12545
4078.05,0.12509
4078.95,0.12543
4079.85,0.12847
4080.75,0.13268
4081.65,0.13601
4082.55,0.1393
4083.45,0.14136
4084.35,0.1419
4085.25,0.14281
4086.15,0.14408
4087.05,0.14619
4087.95,0.14912
4088.85,0.15208
4089.75,0.15301
4090.65,0.15438
4091.55,0.15423
4092.45,0.15251
4093.36,0.15024
4094.26,0.14718
4095.16,0.14421
4096.06,0.1407
4096.96,0.13709
4097.86,0.1332
4098.76,0.12883
4099.66,0.12494
4100.56,0.12145
4101.46,0.11802
4102.36,0.11633
4103.26,0.11659
4104.16,0.11951
4105.06,0.12402
4105.96,0.12868
4106.86,0.13327
4107.76,0.13673
4108.66,0.13873
4109.56,0.13888
4110.46,0.14021
4111.36,0.14066
4112.26,0.14041
4113.16,0.14184
4114.06,0.14368
4114.96,0.14534
4115.86,0.14695
4116.76,0.14626
4117.66,0.14581
4118.56,0.14528
4119.46,0.14365
4120.36,0.14214
4121.26,0.1416
4122.16,0.14183
4123.06,0.14253
4123.96,0.14294
4124.86,0.1436
4125.76,0.14379
4126.66,0.14389
4127.56,0.14287
4128.46,0.1409
4129.36,0.1385
4130.26,0.13603
4131.17,0.13385
4132.06,0.13107
4132.97,0.12991
4133.87,0.12979
4134.77,0.13101
4135.67,0.13426
4136.57,0.13693
4137.47,0.14108
4138.37,0.14348
4139.27,0.14509
4140.17,0.1448
4141.07,0.14226
4141.97,0.13907
4142.87,0.13541
4143.77,0.13159
4144.67,0.12951
4145.57,0.12966
4146.47,0.13132
4147.37,0.13348
4148.27,0.13583
4149.17,0.13742
4150.07,0.13753
4150.97,0.13638
4151.87,0.13608
4152.77,0.13501
4153.67,0.13406
4154.57,0.13337
4155.47,0.13297
4156.37,0.1334
4157.27,0.13374
4158.17,0.13655
4159.07,0.13881
4159.97,0.1416
4160.87,0.144
4161.77,0.14607
4162.67,0.14738
4163.57,0.1477
4164.47,0.14789
4165.37,0.14697
4166.27,0.14498
4167.17,0.14411
4168.07,0.14218
4168.98,0.14051
4169.88,0.13898
4170.78,0.13682
4171.68,0.13484
4172.58,0.13174
4173.48,0.13001
4174.38,0.12835
4175.28,0.1279
4176.18,0.12821
4177.08,0.12945
4177.98,0.13134
4178.88,0.13268
4179.78,0.13346
4180.68,0.13497
4181.58,0.13582
4182.48,0.13683
4183.38,0.13707
4184.28,0.13752
4185.18,0.1375
4186.08,0.1372
4186.98,0.13726
4187.88,0.13633
4188.78,0.13574
4189.68,0.13716
4190.58,0.13754
4191.48,0.1395
4192.38,0.14094
4193.28,0.14168
4194.18,0.14179
4195.08,0.1409
4195.98,0.138
4196.88,0.1346
4197.78,0.13203
4198.68,0.12952
4199.58,0.12676
4200.48,0.12646
4201.38,0.12656
4202.28,0.12777
4203.18,0.12918
4204.08,0.13142
4204.98,0.13477
4205.88,0.1381
4206.79,0.14223
4207.69,0.1443
4208.59,0.14687
4209.49,0.1474
4210.39,0.14778
4211.29,0.14807
4212.19,0.14705
4213.09,0.14647
4213.99,0.14506
4214.89,0.14241
4215.79,0.14166
4216.69,0.1417
4217.59,0.14277
4218.49,0.14535
4219.39,0.1476
4220.29,0.14946
4221.19,0.14937
4222.09,0.14755
4222.99,0.14299
4223.89,0.13642
4224.79,0.12879
4225.69,0.12034
4226.59,0.1142
4227.49,0.11202
4228.39,0.11329
4229.29,0.11789
4230.19,0.1249
4231.09,0.13142
4231.99,0.13723
4232.89,0.14026
4233.79,0.1413
4234.69,0.14008
4235.59,0.13932
4236.49,0.13775
4237.39,0.1367
4238.29,0.1365
4239.19,0.13862
4240.09,0.14099
4240.99,0.14291
4241.89,0.14581
4242.79,0.14845
4243.69,0.15089
4244.59,0.15336
4245.5,0.15356
4246.4,0.15247
4247.3,0.14994
4248.2,0.14633
4249.1,0.14214
4250.0,0.13874
4250.9,0.13691
4251.8,0.13557
4252.7,0.13585
4253.6,0.13584
4254.5,0.13646
4255.4,0.13764
4256.3,0.13916
4257.2,0.13944
4258.1,0.13974
4259.0,0.13901
4259.9,0.13788
4260.8,0.1366
4261.7,0.13801
4262.6,0.14046
4263.5,0.14398
4264.4,0.14843
4265.3,0.15161
4266.2,0.15338
4267.1,0.15417
4268.0,0.15092
4268.9,0.14651
4269.8,0.14042
4270.7,0.134
4271.6,0.12868
4272.5,0.12364
4273.4,0.12086
4274.3,0.12145
4275.2,0.12364
4276.1,0.1282
4277.0,0.13295
4277.9,0.1378
4278.8,0.14239
4279.7,0.14435
4280.6,0.14469
4281.5,0.1451
4282.4,0.14391
4283.31,0.14308
4284.21,0.14166
4285.11,0.14097
4286.01,0.13987
4286.91,0.13702
4287.81,0.13415
4288.71,0.13107
4289.61,0.12907
4290.51,0.12747
4291.41,0.12756
4292.31,0.12825
4293.21,0.12999
4294.11,0.1319
4295.01,0.13249
4295.91,0.13138
4296.81,0.12923
4297.71,0.12512
4298.61,0.11937
4299.51,0.11453
4300.41,0.10956
4301.31,0.10597
4302.21,0.10368
4303.11,0.10264
4304.01,0.10265
4304.91,0.10218
4305.81,0.10184
4306.71,0.10083
4307.61,0.099144
4308.51,0.098157
4309.41,0.098404
4310.31,0.099856
4311.21,0.10379
4312.11,0.10934
4313.01,0.11678
4313.91,0.12641
4314.81,0.13584
4315.71,0.14542
4316.61,0.15532
4317.51,0.1625
4318.41,0.16862
4319.31,0.17035
4320.21,0.17118
4321.12,0.1671
4322.02,0.16256
4322.92,0.15541
4323.82,0.14786
4324.72,0.14099
4325.62,0.13635
4326.52,0.13523
4327.42,0.13734
4328.32,0.1422
4329.22,0.14911
4330.12,0.15629
4331.02,0.16147
4331.92,0.16642
4332.82,0.16845
4333.72,0.16992
4334.62,0.16978
4335.52,0.16713
4336.42,0.16262
4337.32,0.15663
4338.22,0.14936
4339.12,0.14247
4340.02,0.13634
4340.92,0.13346
4341.82,0.13323
4342.72,0.13628
4343.62,0.14026
4344.52,0.14682
4345.42,0.1528
4346.32,0.15736
4347.22,0.16179
4348.12,0.1641
4349.02,0.16509
4349.92,0.16446
4350.82,0.16183
4351.72,0.15852
4352.62,0.15606
4353.52,0.15397
4354.42,0.15422
4355.32,0.15539
4356.22,0.15726
4357.12,0.16054
4358.02,0.16237
4358.92,0.1639
4359.83,0.16589
4360.73,0.16739
4361.63,0.16921
4362.53,0.17097
4363.43,0.17336
4364.33,0.17582
4365.23,0.17517
4366.13,0.17531
4367.03,0.17429
4367.93,0.17257
4368.83,0.17018
4369.73,0.16767
4370.63,0.16544
4371.53,0.16352
4372.43,0.16104
4373.33,0.15935
4374.23,0.15735
4375.13,0.15588
4376.03,0.15615
4376.93,0.15609
4377.83,0.15741
4378.73,0.15874
4379.63,0.15865
4380.53,0.15637
4381.43,0.15209
4382.33,0.14626
4383.23,0.13996
4384.13,0.13394
4385.03,0.13124
4385.93,0.13129
4386.83,0.1338
4387.73,0.13775
4388.63,0.14345
4389.53,0.14677
4390.43,0.14986
4391.33,0.15241
4392.23,0.15406
4393.13,0.15623
4394.03,0.15743
4394.93,0.15963
4395.83,0.1613
4396.73,0.16381
4397.64,0.16519
4398.54,0.1655
4399.44,0.16592
4400.34,0.1647
4401.24,0.16269
4402.14,0.15924
4403.04,0.15585
4403.94,0.15234
4404.84,0.14879
4405.74,0.1471
4406.64,0.14702
4407.54,0.14766
4408.44,0.15132
4409.34,0.15547
4410.24,0.15987
4411.14,0.1657
4412.04,0.16755
4412.94,0.17162
4413.84,0.17022
4414.74,0.16902
4415.64,0.16752
4416.54,0.1667
4417.44,0.16767
4418.34,0.16901
4419.24,0.17069
4420.14,0.17353
4421.04,0.1735
4421.94,0.17447
4422.84,0.1734
4423.74,0.17267
4424.64,0.17141
4425.54,0.17106
4426.44,0.17084
4427.34,0.17189
4428.24,0.17077
4429.14,0.17204
4430.04,0.17239
4430.94,0.17126
4431.84,0.17025
4432.74,0.16879
4433.64,0.16675
4434.54,0.16585
4435.45,0.16582
4436.35,0.16587
4437.25,0.16833
4438.15,0.1707
4439.05,0.17321
4439.95,0.17477
4440.85,0.17611
4441.75,0.17513
4442.65,0.17408
4443.55,0.17289
4444.45,0.17444
4445.35,0.1756
4446.25,0.17759
4447.15,0.17896
4448.05,0.1813
4448.95,0.18235
4449.85,0.18224
4450.75,0.18077
4451.65,0.1798
4452.55,0.17726
4453.45,0.17328
4454.35,0.16988
4455.25,0.16605
4456.15,0.16244
4457.05,0.16019
4457.95,0.15836
4458.85,0.1568
4459.75,0.15753
4460.65,0.15746
4461.55,0.15893
4462.45,0.16049
4463.35,0.16297
4464.25,0.16529
4465.15,0.16823
4466.05,0.17076
4466.95,0.17228
4467.85,0.17313
4468.75,0.17426
4469.65,0.17453
4470.55,0.17507
4471.45,0.17827
4472.35,0.1802
4473.25,0.18273
4474.16,0.18575
4475.06,0.1886
4475.96,0.19018
4476.86,0.1921
4477.76,0.19193
4478.66,0.1912
4479.56,0.1885
4480.46,0.18569
4481.36,0.18338
4482.26,0.18167
4483.16,0.18155
4484.06,0.18299
4484.96,0.18565
4485.86,0.18694
4486.76,0.18892
4487.66,0.18856
4488.56,0.18771
4489.46,0.18618
4490.36,0.18501
4491.26,0.18293
4492.16,0.18261
4493.06,0.18155
4493.96,0.18104
4494.86,0.18092
4495.76,0.18091
4496.66,0.18076
4497.56,0.18184
4498.46,0.18504
4499.36,0.18735
4500.26,0.19015
4501.16,0.19223
4502.06,0.19482
4502.96,0.19709
4503.86,0.19944
4504.76,0.20264
4505.66,0.20399
4506.56,0.2048
4507.46,0.20467
4508.36,0.20461
4509.26,0.20326
4510.17,0.20263
4511.06,0.20169
4511.97,0.19997
4512.87,0.19936
4513.77,0.19665
4514.67,0.19639
4515.57,0.19374
4516.47,0.19353
4517.37,0.19227
4518.27,0.1929
4519.17,0.19354
4520.07,0.19357
4520.97,0.19357
4521.87,0.19349
4522.77,0.19329
4523.67,0.19106
4524.57,0.18766
4525.47,0.18384
4526.37,0.17937
4527.27,0.17529
4528.17,0.17194
4529.07,0.16954
4529.97,0.16806
4530.87,0.16782
4531.77,0.16764
4532.67,0.16881
4533.57,0.17055
4534.47,0.17124
4535.37,0.17343
4536.27,0.17634
4537.17,0.17916
4538.07,0.18304
4538.97,0.18623
4539.87,0.18811
4540.77,0.18978
4541.67,0.19045
4542.57,0.18963
4543.47,0.18986
4544.37,0.18845
4545.27,0.1882
4546.17,0.18812
4547.07,0.18595
4547.97,0.18516
4548.88,0.18371
4549.77,0.18292
4550.68,0.18326
4551.58,0.182
4552.48,0.18275
4553.38,0.18219
4554.28,0.18261
4555.18,0.18365
4556.08,0.18646
4556.98,0.189
4557.88,0.19111
4558.78,0.19462
4559.68,0.19692
4560.58,0.19798
4561.48,0.19928
4562.38,0.19866
4563.28,0.19813
4564.18,0.19662
4565.08,0.1948
4565.98,0.19337
4566.88,0.194
4567.78,0.19561
4568.68,0.1959
4569.58,0.19678
4570.48,0.19833
4571.38,0.19681
4572.28,0.19714
4573.18,0.19781
4574.08,0.1982
4574.98,0.1986
4575.88,0.19888
4576.78,0.19826
4577.68,0.19799
4578.58,0.19607
4579.48,0.19322
4580.38,0.19162
4581.28,0.1889
4582.18,0.18753
4583.08,0.18628
4583.98,0.18643
4584.88,0.18732
4585.78,0.18785
4586.69,0.18995
4587.58,0.19083
4588.49,0.19327
4589.39,0.19458
4590.29,0.19578
4591.19,0.19587
4592.09,0.19451
4592.99,0.19286
4593.89,0.19152
4594.79,0.19005
4595.69,0.18897
4596.59,0.18852
4597.49,0.18873
4598.39,0.18827
4599.29,0.18913
4600.19,0.18923
4601.09,0.18901
4601.99,0.18985
4602.89,0.19097
4603.79,0.19138
4604.69,0.19266
4605.59,0.1929
4606.49,0.1959
4607.39,0.19745
4608.29,0.19947
4609.19,0.20329
4610.09,0.20346
4610.99,0.2039
4611.89,0.20453
4612.79,0.20475
4613.69,0.20454
4614.59,0.20398
4615.49,0.20371
4616.39,0.20472
4617.29,0.20501
4618.19,0.20402
4619.09,0.20482
4619.99,0.20521
4620.89,0.20556
4621.79,0.20596
4622.69,0.20551
4623.59,0.20524
4624.5,0.20587
4625.4,0.20445
4626.3,0.20456
4627.2,0.20503
4628.1,0.20377
4629.0,0.20427
4629.9,0.20456
4630.8,0.2037
4631.7,0.20234
4632.6,0.20386
4633.5,0.2014
4634.4,0.20051
4635.3,0.19865
4636.2,0.19668
4637.1,0.19537
4638.0,0.19467
4638.9,0.1934
4639.8,0.19331
4640.7,0.19205
4641.6,0.19276
4642.5,0.19277
4643.4,0.19248
4644.3,0.19208
4645.2,0.19035
4646.1,0.18724
4647.0,0.18612
4647.9,0.18545
4648.8,0.18525
4649.7,0.18594
4650.6,0.18716
4651.5,0.18969
4652.4,0.1915
4653.3,0.19291
4654.2,0.19396
4655.1,0.19474
4656.0,0.19439
4656.9,0.19519
4657.8,0.19735
4658.7,0.19945
4659.6,0.20137
4660.5,0.20354
4661.4,0.20396
4662.3,0.2033
4663.21,0.20054
4664.11,0.19669
4665.01,0.19244
4665.91,0.18986
4666.81,0.18546
4667.71,0.18177
4668.61,0.18137
4669.51,0.18106
4670.41,0.18246
4671.31,0.18514
4672.21,0.18792
4673.11,0.19114
4674.01,0.19389
4674.91,0.19429
4675.81,0.19637
4676.71,0.19612
4677.61,0.19542
4678.51,0.19638
4679.41,0.19486
4680.31,0.19326
4681.21,0.19204
4682.11,0.1921
4683.01,0.19203
4683.91,0.19253
4684.81,0.19346
4685.71,0.19462
4686.61,0.19505
4687.51,0.19556
4688.41,0.19638
4689.31,0.19508
4690.21,0.19449
4691.11,0.19565
4692.01,0.19582
4692.91,0.19569
4693.81,0.19722
4694.71,0.19777
4695.61,0.19881
4696.51,0.198
4697.41,0.19712
4698.31,0.1967
4699.21,0.19372
4700.12,0.19262
4701.02,0.19042
4701.92,0.18836
4702.82,0.18786
4703.72,0.18693
4704.62,0.1873
4705.52,0.18755
4706.42,0.18766
4707.32,0.18845
4708.22,0.18805
4709.12,0.18864
4710.02,0.18964
4710.92,0.19039
4711.82,0.19207
4712.72,0.19366
4713.62,0.19431
4714.52,0.19561
4715.42,0.1966
4716.32,0.19781
4717.22,0.20049
4718.12,0.20292
4719.02,0.20389
4719.92,0.20696
4720.82,0.20761
4721.72,0.209
4722.62,0.20916
4723.52,0.20957
4724.42,0.20793
4725.32,0.20686
4726.22,0.20537
4727.12,0.20149
4728.02,0.19834
4728.92,0.19642
4729.82,0.19412
4730.72,0.1919
4731.62,0.19157
4732.52,0.19267
4733.42,0.19378
4734.32,0.19501
4735.22,0.19655
4736.12,0.19818
4737.02,0.19922
4737.92,0.20016
4738.83,0.20097
4739.73,0.20181
4740.63,0.2023
4741.53,0.20241
4742.43,0.20309
4743.33,0.20397
4744.23,0.20491
4745.13,0.20604
4746.03,0.20648
4746.93,0.2069
4747.83,0.20838
4748.73,0.20917
4749.63,0.20883
4750.53,0.20809
4751.43,0.20854
4752.33,0.20699
4753.23,0.20527
4754.13,0.20443
4755.03,0.20286
4755.93,0.20166
4756.83,0.2007
4757.73,0.20045
4758.63,0.20061
4759.53,0.20079
4760.43,0.19889
4761.33,0.19874
4762.23,0.19767
4763.13,0.19565
4764.03,0.19342
4764.93,0.19133
4765.83,0.19113
4766.73,0.18926
4767.63,0.1907
4768.53,0.1918
4769.43,0.19394
4770.33,0.1949
4771.23,0.19731
4772.13,0.19993
4773.03,0.20132
4773.93,0.20257
4774.83,0.20411
4775.73,0.20552
4776.64,0.2061
4777.54,0.20669
4778.44,0.20649
4779.34,0.20702
4780.24,0.2064
4781.14,0.20517
4782.04,0.20268
4782.94,0.20154
4783.84,0.20052
4784.74,0.19926
4785.64,0.19835
4786.54,0.19717
4787.44,0.19689
4788.34,0.19728
4789.24,0.19662
4790.14,0.19836
4791.04,0.19953
4791.94,0.20167
4792.84,0.20348
4793.74,0.20682
4794.64,0.2083
4795.54,0.20905
4796.44,0.21002
4797.34,0.21026
4798.24,0.20908
4799.14,0.20777
4800.04,0.20714
4800.94,0.20669
4801.84,0.20636
4802.74,0.20616
4803.64,0.20669
4804.54,0.20645
4805.44,0.20624
4806.34,0.20465
4807.24,0.20381
4808.14,0.20371
4809.04,0.20352
4809.94,0.20318
4810.84,0.20327
4811.74,0.20473
4812.64,0.2049
4813.54,0.20711
4814.45,0.20772
4815.35,0.20894
4816.25,0.20942
4817.15,0.21047
4818.05,0.21167
4818.95,0.21216
4819.85,0.21271
4820.75,0.21259
4821.65,0.21105
4822.55,0.2097
4823.45,0.20741
4824.35,0.20624
4825.25,0.20415
4826.15,0.20446
4827.05,0.20571
4827.95,0.2045
4828.85,0.20375
4829.75,0.20324
4830.65,0.20343
4831.55,0.20282
4832.45,0.20321
4833.35,0.2041
4834.25,0.20355
4835.15,0.20462
4836.05,0.2045
4836.95,0.20436
4837.85,0.20417
4838.75,0.20357
4839.65,0.20254
4840.55,0.2011
4841.45,0.20138
4842.35,0.20064
4843.25,0.20069
4844.15,0.20051
4845.05,0.2027
4845.95,0.20282
4846.85,0.20386
4847.75,0.20523
4848.65,0.20421
4849.55,0.20335
4850.45,0.20269
4851.35,0.20284
4852.26,0.20205
4853.16,0.20091
4854.06,0.19891
4854.96,0.19602
4855.86,0.19345
4856.76,0.18944
4857.66,0.18689
4858.56,0.18118
4859.46,0.17686
4860.36,0.17256
4861.26,0.16893
4862.16,0.16727
4863.06,0.16651
4863.96,0.16896
4864.86,0.17132
4865.76,0.17581
4866.66,0.18046
4867.56,0.18354
4868.46,0.18624
4869.36,0.18764
4870.26,0.18679
4871.16,0.18602
4872.06,0.18627
4872.96,0.18603
4873.86,0.18711
4874.76,0.18808
4875.66,0.19041
4876.56,0.19287
4877.46,0.19537
4878.36,0.19733
4879.26,0.19915
4880.16,0.20148
4881.06,0.20071
4881.96,0.20127
4882.86,0.20045
4883.76,0.1991
4884.66,0.19727
4885.56,0.19608
4886.46,0.19447
4887.36,0.19186
4888.26,0.19105
4889.17,0.18914
4890.07,0.18885
4890.97,0.18883
4891.87,0.19093
4892.77,0.19316
4893.67,0.19807
4894.57,0.20278
4895.47,0.20727
4896.37,0.21061
4897.27,0.21437
4898.17,0.2158
4899.07,0.21481
4899.97,0.21426
4900.87,0.21374
4901.77,0.21151
4902.67,0.21005
4903.57,0.20993
4904.47,0.20818
4905.37,0.20919
4906.27,0.20888
4907.17,0.20881
4908.07,0.20852
4908.97,0.20667
4909.87,0.20625
4910.77,0.20417
4911.67,0.20417
4912.57,0.20349
4913.47,0.20414
4914.37,0.204
4915.27,0.20441
4916.17,0.20437
4917.07,0.2019
4917.97,0.19826
4918.87,0.19456
4919.77,0.1909
4920.67,0.18746
4921.57,0.18658
4922.47,0.18609
4923.37,0.18779
4924.27,0.19063
4925.17,0.19466
4926.07,0.19757
4926.98,0.20212
4927.88,0.20542
4928.78,0.20844
4929.68,0.21129
4930.58,0.21124
4931.48,0.21173
4932.38,0.21084
4933.28,0.20979
4934.18,0.20716
4935.08,0.20493
4935.98,0.20214
4936.88,0.20056
4937.78,0.19855
4938.68,0.19784
4939.58,0.19857
4940.48,0.1997
4941.38,0.20065
4942.28,0.20382
4943.18,0.2062
4944.08,0.20952
4944.98,0.21095
4945.88,0.21435
4946.78,0.21442
4947.68,0.21662
4948.58,0.21725
4949.48,0.21785
4950.38,0.21833
4951.28,0.21686
4952.18,0.21546
4953.08,0.2151
4953.98,0.21275
4954.88,0.20911
4955.78,0.2048
4956.68,0.20129
4957.58,0.19782
4958.48,0.19649
4959.38,0.19593
4960.28,0.19697
4961.18,0.19852
4962.08,0.20101
4962.98,0.20287
4963.88,0.2045
4964.79,0.2039
4965.69,0.20431
4966.59,0.20253
4967.49,0.20147
4968.39,0.20118
4969.29,0.20016
4970.19,0.20121
4971.09,0.20262
4971.99,0.20417
4972.89,0.20541
4973.79,0.20688
4974.69,0.20762
4975.59,0.20812
4976.49,0.20782
4977.39,0.20543
4978.29,0.20347
4979.19,0.2007
4980.09,0.19783
4980.99,0.19377
4981.89,0.19123
4982.79,0.18812
4983.69,0.18633
4984.59,0.18624
4985.49,0.18666
4986.39,0.18893
4987.29,0.19093
4988.19,0.19346
4989.09,0.19633
4989.99,0.19726
4990.89,0.19938
4991.79,0.19979
4992.69,0.20097
4993.59,0.20011
4994.49,0.20162
4995.39,0.20165
4996.29,0.20077
4997.19,0.20062
4998.09,0.19982
4998.99,0.19772
4999.89,0.1963
5000.79,0.19454
5001.7,0.19237
5002.6,0.18994
5003.5,0.18833
5004.4,0.18797
5005.3,0.18712
5006.2,0.18571
5007.1,0.18607
5008.0,0.18646
5008.9,0.18672
5009.8,0.18777
5010.7,0.18696
5011.6,0.18713
5012.5,0.18553
5013.4,0.1839
5014.3,0.18249
5015.2,0.18205
5016.1,0.18129
5017.0,0.18116
5017.9,0.18267
5018.8,0.1833
5019.7,0.1843
5020.6,0.18535
5021.5,0.18676
5022.4,0.18793
5023.3,0.1888
5024.2,0.18941
5025.1,0.19098
5026.0,0.19163
5026.9,0.19213
5027.8,0.19363
5028.7,0.19551
5029.6,0.19634
5030.5,0.1982
5031.4,0.2001
5032.3,0.20175
5033.2,0.20208
5034.1,0.20167
5035.0,0.20164
5035.9,0.19866
5036.8,0.19624
5037.7,0.19283
5038.6,0.18845
5039.5,0.18643
5040.41,0.18333
5041.31,0.18265
5042.21,0.18345
5043.11,0.18502
5044.01,0.18866
5044.91,0.19143
5045.81,0.1953
5046.71,0.19771
5047.61,0.19884
5048.51,0.19985
5049.41,0.19856
5050.31,0.196
5051.21,0.19628
5052.11,0.19749
5053.01,0.19665
5053.91,0.19845
5054.81,0.19985
5055.71,0.20219
5056.61,0.20367
5057.51,0.2065
5058.41,0.20822
5059.31,0.20837
5060.21,0.20998
5061.11,0.2098
5062.01,0.20892
5062.91,0.20725
5063.81,0.20646
5064.71,0.2032
5065.61,0.20031
5066.51,0.19836
5067.41,0.19698
5068.31,0.19628
5069.21,0.19578
5070.11,0.19635
5071.01,0.19688
5071.91,0.19628
5072.81,0.19729
5073.71,0.19742
5074.61,0.19731
5075.51,0.19751
5076.42,0.19603
5077.31,0.19472
5078.21,0.19232
5079.12,0.19043
5080.02,0.18888
5080.92,0.18694
5081.82,0.18617
5082.72,0.18621
5083.62,0.18668
5084.52,0.18905
5085.42,0.19055
5086.32,0.19312
5087.22,0.19563
5088.12,0.19818
5089.02,0.20002
5089.92,0.20098
5090.82,0.20239
5091.72,0.20291
5092.62,0.20551
5093.52,0.20541
5094.42,0.20402
5095.32,0.20324
5096.22,0.20036
5097.12,0.19939
5098.02,0.1967
5098.92,0.19502
5099.82,0.19271
5100.72,0.19264
5101.62,0.19286
5102.52,0.1941
5103.42,0.19389
5104.32,0.19506
5105.22,0.19486
5106.12,0.19414
5107.02,0.19239
5107.92,0.19246
5108.82,0.1925
5109.72,0.19248
5110.62,0.19185
5111.52,0.19315
5112.42,0.19459
5113.32,0.19601
5114.22,0.19804
5115.12,0.20136
5116.03,0.20213
5116.93,0.20345
5117.83,0.20371
5118.73,0.20456
5119.63,0.20456
5120.53,0.20237
5121.43,0.19988
5122.33,0.1979
5123.23,0.1944
5124.13,0.19212
5125.03,0.19003
5125.93,0.18817
5126.83,0.18726
5127.73,0.18519
5128.63,0.18713
5129.53,0.18753
5130.43,0.18903
5131.33,0.19072
5132.23,0.19175
5133.13,0.19313
5134.03,0.19383
5134.93,0.19538
5135.83,0.19586
5136.73,0.19546
5137.63,0.1946
5138.53,0.19282
5139.43,0.19169
5140.33,0.19018
5141.23,0.18946
5142.13,0.18844
5143.03,0.18813
5143.93,0.18773
5144.83,0.188
5145.73,0.18795
5146.63,0.18779
5147.53,0.18745
5148.43,0.18741
5149.33,0.18784
5150.23,0.18818
5151.13,0.18836
5152.03,0.18723
5152.94,0.18865
5153.84,0.18842
5154.74,0.19017
5155.64,0.19257
5156.54,0.19429
5157.44,0.19714
5158.34,0.19769
5159.24,0.19969
5160.14,0.20067
5161.04,0.20028
5161.94,0.19745
5162.84,0.19458
5163.74,0.19047
5164.64,0.18529
5165.54,0.17847
5166.44,0.17039
5167.34,0.16466
5168.24,0.15813
5169.14,0.15407
5170.04,0.15106
5170.94,0.14902
5171.84,0.14876
5172.74,0.14909
5173.64,0.15183
5174.54,0.15523
5175.44,0.15971
5176.34,0.16528
5177.24,0.17025
5178.14,0.17431
5179.04,0.17598
5179.94,0.17634
5180.84,0.17369
5181.74,0.17025
5182.64,0.16752
5183.54,0.16356
5184.44,0.16162
5185.34,0.16166
5186.24,0.1646
5187.14,0.16847
5188.04,0.17312
5188.94,0.17748
5189.84,0.18137
5190.75,0.18386
5191.65,0.18536
5192.55,0.18491
5193.45,0.18504
5194.35,0.18508
5195.25,0.18581
5196.15,0.18701
5197.05,0.1893
5197.95,0.19043
5198.85,0.19207
5199.75,0.19476
5200.65,0.19507
5201.55,0.19522
5202.45,0.19353
5203.35,0.19176
5204.25,0.18811
5205.15,0.18577
5206.05,0.18243
5206.95,0.17881
5207.85,0.17816
5208.75,0.17706
5209.65,0.17745
5210.55,0.18003
5211.45,0.1825
5212.35,0.18654
5213.25,0.19001
5214.15,0.19312
5215.05,0.1955
5215.95,0.19745
5216.85,0.19841
5217.75,0.19889
5218.65,0.20086
5219.55,0.20176
5220.45,0.20173
5221.35,0.20237
5222.25,0.20131
5223.15,0.20029
5224.05,0.19681
5224.95,0.19408
5225.85,0.19103
5226.75,0.18926
5227.66,0.18702
5228.56,0.18756
5229.46,0.18777
5230.36,0.19063
5231.26,0.19277
5232.16,0.1943
5233.06,0.19686
5233.96,0.19892
5234.86,0.19986
5235.76,0.20051
5236.66,0.20288
5237.56,0.20561
5238.46,0.20594
5239.36,0.20817
5240.26,0.21033
5241.16,0.21115
5242.06,0.21121
5242.96,0.21063
5243.86,0.2105
5244.76,0.21027
5245.66,0.20788
5246.56,0.20677
5247.46,0.20428
5248.36,0.20303
5249.26,0.20081
5250.16,0.1991
5251.06,0.19888
5251.96,0.19847
5252.86,0.19903
5253.76,0.19992
5254.66,0.20076
5255.56,0.2034
5256.46,0.20424
5257.36,0.20636
5258.26,0.20722
5259.16,0.20669
5260.06,0.20598
5260.96,0.20372
5261.86,0.20028
5262.76,0.19575
5263.66,0.19095
5264.56,0.18584
5265.47,0.18151
5266.37,0.17827
5267.27,0.1742
5268.17,0.17227
5269.07,0.17243
5269.97,0.17302
5270.87,0.17307
5271.77,0.17645
5272.67,0.17925
5273.57,0.18393
5274.47,0.18781
5275.37,0.19192
5276.27,0.19595
5277.17,0.19922
5278.07,0.20218
5278.97,0.20445
5279.87,0.20609
5280.77,0.20684
5281.67,0.20674
5282.57,0.20668
5283.47,0.20694
5284.37,0.2063
5285.27,0.20786
5286.17,0.21035
5287.07,0.21136
5287.97,0.21445
5288.87,0.21737
5289.77,0.22019
5290.67,0.21903
5291.57,0.22014
5292.47,0.21987
5293.37,0.219
5294.27,0.21688
5295.17,0.21317
5296.07,0.21105
5296.97,0.20744
5297.87,0.2061
5298.77,0.20323
5299.67,0.2034
5300.57,0.20281
5301.48,0.20507
5302.38,0.20607
5303.27,0.20796
5304.18,0.21168
5305.08,0.21472
5305.98,0.21613
5306.88,0.21887
5307.78,0.22103
5308.68,0.22143
5309.58,0.22248
5310.48,0.22262
5311.38,0.22291
5312.28,0.22193
5313.18,0.22172
5314.08,0.22003
5314.98,0.21998
5315.88,0.2193
5316.78,0.21814
5317.68,0.2177
5318.58,0.21651
5319.48,0.21511
5320.38,0.21502
5321.28,0.21251
5322.18,0.21153
5323.08,0.20966
5323.98,0.20689
5324.88,0.20347
5325.78,0.19981
5326.68,0.19643
5327.58,0.19417
5328.48,0.19165
5329.38,0.19074
5330.28,0.19174
5331.18,0.19358
5332.08,0.19648
5332.98,0.20033
5333.88,0.20382
5334.78,0.20594
5335.68,0.20993
5336.58,0.2115
5337.48,0.21164
5338.38,0.21112
5339.28,0.21031
5340.19,0.20959
5341.08,0.2088
5341.99,0.20739
5342.89,0.20719
5343.79,0.20734
5344.69,0.20709
5345.59,0.20849
5346.49,0.20913
5347.39,0.20952
5348.29,0.21031
5349.19,0.21024
5350.09,0.21145
5350.99,0.21305
5351.89,0.21423
5352.79,0.21609
5353.69,0.21857
5354.59,0.22083
5355.49,0.22359
5356.39,0.22544
5357.29,0.22696
5358.19,0.22664
5359.09,0.22794
5359.99,0.22651
5360.89,0.22491
5361.79,0.22389
5362.69,0.22209
5363.59,0.21963
5364.49,0.21731
5365.39,0.21576
5366.29,0.21373
5367.19,0.21041
5368.09,0.20931
5368.99,0.2069
5369.89,0.20516
5370.79,0.2038
5371.69,0.20334
5372.59,0.20437
5373.49,0.20633
5374.39,0.20906
5375.29,0.21152
5376.19,0.21361
5377.09,0.21632
5378.0,0.21823
5378.9,0.21934
5379.8,0.22044
5380.7,0.2193
5381.6,0.2195
5382.5,0.21875
5383.4,0.21803
5384.3,0.21793
5385.2,0.21738
5386.1,0.21721
5387.0,0.21603
5387.9,0.21611
5388.8,0.21435
5389.7,0.2128
5390.6,0.21277
5391.5,0.21009
5392.4,0.20805
5393.3,0.20726
5394.2,0.2057
5395.1,0.20431
5396.0,0.20418
5396.9,0.20201
5397.8,0.20095
5398.7,0.20188
5399.6,0.20165
5400.5,0.20285
5401.4,0.20234
5402.3,0.20239
5403.2,0.20327
5404.1,0.2015
5405.0,0.1999
5405.9,0.1981
5406.8,0.19678
5407.7,0.19593
5408.6,0.19651
5409.5,0.19779
5410.4,0.19941
5411.3,0.20189
5412.2,0.20364
5413.1,0.20681
5414.0,0.20923
5414.9,0.21086
5415.81,0.21315
5416.71,0.21507
5417.61,0.21643
5418.51,0.2173
5419.41,0.21715
5420.31,0.21696
5421.21,0.21679
5422.11,0.21624
5423.01,0.21557
5423.91,0.21568
5424.81,0.21485
5425.71,0.21397
5426.61,0.21343
5427.51,0.21173
5428.41,0.21088
5429.31,0.20992
5430.21,0.2089
5431.11,0.20839
5432.01,0.20622
5432.91,0.20494
5433.81,0.20402
5434.71,0.20391
5435.61,0.20543
5436.51,0.20617
5437.41,0.20858
5438.31,0.2116
5439.21,0.21432
5440.11,0.21664
5441.01,0.21869
5441.91,0.21913
5442.81,0.22086
5443.71,0.21959
5444.61,0.21707
5445.51,0.2151
5446.41,0.21198
5447.31,0.21036
5448.21,0.20847
5449.11,0.20894
5450.01,0.20799
5450.91,0.20829
5451.81,0.2083
5452.72,0.20849
5453.62,0.20879
5454.52,0.20792
5455.42,0.20769
5456.32,0.20708
5457.22,0.20675
5458.12,0.20713
5459.02,0.20779
5459.92,0.2086
5460.82,0.20972
5461.72,0.20878
5462.62,0.21005
5463.52,0.20929
5464.42,0.2098
5465.32,0.20959
5466.22,0.21031
5467.12,0.21052
5468.02,0.21014
5468.92,0.21097
5469.82,0.21086
5470.72,0.21048
5471.62,0.21046
5472.52,0.2087
5473.42,0.20703
5474.32,0.205
5475.22,0.20467
5476.12,0.20253
5477.02,0.20105
5477.92,0.20086
5478.82,0.20095
5479.72,0.20131
5480.62,0.20257
5481.52,0.20245
5482.42,0.20462
5483.32,0.20592
5484.22,0.20718
5485.12,0.20727
5486.02,0.2095
5486.92,0.21005
5487.82,0.20961
5488.72,0.21076
5489.62,0.21081
5490.53,0.21055
5491.43,0.21132
5492.33,0.21131
5493.23,0.21223
5494.13,0.21145
5495.03,0.21177
5495.93,0.21243
5496.83,0.21144
5497.73,0.21148
5498.63,0.20929
5499.53,0.2111
5500.43,0.21078
5501.33,0.21011
5502.23,0.20995
5503.13,0.20904
5504.03,0.20864
5504.93,0.2076
5505.83,0.20671
5506.73,0.2067
5507.63,0.20679
5508.53,0.20614
5509.43,0.2064
5510.33,0.20613
5511.23,0.20672
5512.13,0.20537
5513.03,0.20517
5513.93,0.20459
5514.83,0.20549
5515.73,0.20599
5516.63,0.20797
5517.53,0.20907
5518.43,0.21089
5519.33,0.21202
5520.23,0.21463
5521.13,0.21545
5522.03,0.21615
5522.93,0.21698
5523.83,0.21541
5524.73,0.21516
5525.63,0.21458
5526.54,0.21247
5527.44,0.2109
5528.33,0.20978
5529.24,0.20887
5530.14,0.20868
5531.04,0.20888
5531.94,0.20919
5532.84,0.2104
5533.74,0.21099
5534.64,0.2118
5535.54,0.21117
5536.44,0.21285
5537.34,0.21306
5538.24,0.21347
5539.14,0.2139
5540.04,0.21517
5540.94,0.21617
5541.84,0.21659
5542.74,0.21624
5543.64,0.21722
5544.54,0.2168
5545.44,0.21766
5546.34,0.21721
5547.24,0.2175
5548.14,0.21781
5549.04,0.21907
5549.94,0.21939
5550.84,0.21905
5551.74,0.22024
5552.64,0.21948
5553.54,0.2193
5554.44,0.21817
5555.34,0.21729
5556.24,0.21701
5557.14,0.21585
5558.04,0.21602
5558.94,0.21496
5559.84,0.21578
5560.74,0.21416
5561.64,0.21358
5562.54,0.21398
5563.44,0.21271
5564.34,0.21163
5565.25,0.21115
5566.15,0.20977
5567.05,0.21013
5567.95,0.20937
5568.85,0.20957
5569.75,0.20914
5570.65,0.20924
5571.55,0.20916
5572.45,0.20924
5573.35,0.21014
5574.25,0.21117
5575.15,0.21139
5576.05,0.21263
5576.95,0.21335
5577.85,0.21312
5578.75,0.21409
5579.65,0.21428
5580.55,0.21449
5581.45,0.21411
5582.35,0.21333
5583.25,0.2122
5584.15,0.2112
5585.05,0.20916
5585.95,0.20678
5586.85,0.20399
5587.75,0.20283
5588.65,0.20076
5589.55,0.19938
5590.45,0.19952
5591.35,0.19974
5592.25,0.20031
5593.15,0.20142
5594.05,0.20226
5594.95,0.204
5595.85,0.20479
5596.75,0.20632
5597.65,0.20596
5598.55,0.20696
5599.45,0.20568
5600.35,0.20549
5601.25,0.20467
5602.15,0.20453
5603.06,0.20481
5603.96,0.2066
5604.86,0.20936
5605.76,0.2105
5606.66,0.21168
5607.56,0.21542
5608.46,0.21701
5609.36,0.21742
5610.26,0.21827
5611.16,0.21887
5612.06,0.21792
5612.96,0.21663
5613.86,0.21472
5614.76,0.21333
5615.66,0.21077
5616.56,0.20887
5617.46,0.20845
5618.36,0.20731
5619.26,0.207
5620.16,0.20749
5621.06,0.20769
5621.96,0.2081
5622.86,0.20797
5623.76,0.20862
5624.66,0.20785
5625.56,0.20802
5626.46,0.20874
5627.36,0.20895
5628.26,0.21052
5629.16,0.21102
5630.06,0.21389
5630.96,0.21282
5631.86,0.21446
5632.76,0.21447
5633.66,0.21511
5634.56,0.21443
5635.46,0.21434
5636.36,0.2132
5637.26,0.21195
5638.16,0.21079
5639.06,0.21048
5639.96,0.21042
5640.86,0.20948
5641.77,0.21015
5642.67,0.2092
5643.57,0.20974
5644.47,0.21026
5645.37,0.21051
5646.27,0.21069
5647.17,0.21188
5648.07,0.21279
5648.97,0.2135
5649.87,0.21284
5650.77,0.21447
5651.67,0.21333
5652.57,0.21307
5653.47,0.21347
5654.37,0.21274
5655.27,0.21204
5656.17,0.21017
5657.07,0.20819
5657.97,0.20717
5658.87,0.20632
5659.77,0.20531
5660.67,0.20481
5661.57,0.20456
5662.47,0.20556
5663.37,0.20625
5664.27,0.20635
5665.17,0.20794
5666.07,0.20904
5666.97,0.20988
5667.87,0.20997
5668.77,0.21007
5669.67,0.21093
5670.57,0.21273
5671.47,0.21372
5672.37,0.21436
5673.27,0.21532
5674.17,0.21596
5675.07,0.21668
5675.97,0.21738
5676.88,0.21823
5677.77,0.21774
5678.68,0.21794
5679.58,0.21768
5680.48,0.21701
5681.38,0.21548
5682.28,0.21456
5683.18,0.21421
5684.08,0.21246
5684.98,0.21192
5685.88,0.21217
5686.78,0.21096
5687.68,0.21053
5688.58,0.21198
5689.48,0.21231
5690.38,0.21283
5691.28,0.21387
5692.18,0.21502
5693.08,0.21629
5693.98,0.21688
5694.88,0.2165
5695.78,0.21613
5696.68,0.21633
5697.58,0.2163
5698.48,0.21553
5699.38,0.21377
5700.28,0.2131
5701.18,0.21148
5702.08,0.21084
5702.98,0.20952
5703.88,0.20869
5704.78,0.20727
5705.68,0.20691
5706.58,0.2057
5707.48,0.20514
5708.38,0.20456
5709.28,0.20301
5710.18,0.20309
5711.08,0.20335
5711.98,0.20317
5712.88,0.20457
5713.78,0.20673
5714.68,0.20811
5715.59,0.21037
5716.49,0.21215
5717.39,0.21374
5718.29,0.21608
5719.19,0.21801
5720.09,0.21934
5720.99,0.22069
5721.89,0.22143
5722.79,0.22062
5723.69,0.22161
5724.59,0.22317
5725.49,0.22102
5726.39,0.22126
5727.29,0.2214
5728.19,0.22078
5729.09,0.22003
5729.99,0.21958
5730.89,0.21974
5731.79,0.2197
5732.69,0.21959
5733.59,0.21992
5734.49,0.22025
5735.39,0.21991
5736.29,0.22067
5737.19,0.22089
5738.09,0.22089
5738.99,0.22095
5739.89,0.22138
5740.79,0.22114
5741.69,0.22171
5742.59,0.22119
5743.49,0.22147
5744.39,0.22133
5745.29,0.22119
5746.19,0.2212
5747.09,0.2206
5747.99,0.22123
5748.89,0.2212
5749.79,0.21967
5750.69,0.21841
5751.59,0.21877
5752.5,0.2179
5753.4,0.21693
5754.3,0.21685
5755.2,0.21636
5756.1,0.2175
5757.0,0.21736
5757.9,0.21764
5758.8,0.21809
5759.7,0.21782
5760.6,0.21743
5761.5,0.21689
5762.4,0.21726
5763.3,0.21769
5764.2,0.21721
5765.1,0.21856
5766.0,0.21945
5766.9,0.22034
5767.8,0.22027
5768.7,0.22143
5769.6,0.22235
5770.5,0.22244
5771.4,0.22221
5772.3,0.22286
5773.2,0.22167
5774.1,0.2204
5775.0,0.22075
5775.9,0.21953
5776.8,0.21817
5777.7,0.21838
5778.6,0.21714
5779.5,0.21578
5780.4,0.21402
5781.3,0.21176
5782.2,0.21024
5783.1,0.20941
5784.0,0.20965
5784.9,0.20819
5785.8,0.20873
5786.7,0.20878
5787.6,0.20892
5788.5,0.2097
5789.41,0.21162
5790.31,0.21318
5791.21,0.21471
5792.11,0.21485
5793.01,0.21729
5793.91,0.21787
5794.81,0.21904
5795.71,0.21911
5796.61,0.2202
5797.51,0.22152
5798.41,0.22058
5799.31,0.22156
5800.21,0.22277
5801.11,0.22331
5802.01,0.22372
5802.91,0.22348
5803.81,0.22339
5804.71,0.22355
5805.61,0.22271
5806.51,0.22297
5807.41,0.22225
5808.31,0.22276
5809.21,0.22215
5810.11,0.22193
5811.01,0.22269
5811.91,0.22146
5812.81,0.22261
5813.71,0.2219
5814.61,0.22181
5815.51,0.2218
5816.41,0.22117
5817.31,0.22145
5818.21,0.22193
5819.11,0.2232
5820.01,0.22364
5820.91,0.22324
5821.81,0.22422
5822.71,0.22465
5823.61,0.22512
5824.51,0.2257
5825.41,0.22555
5826.31,0.22509
5827.22,0.22576
5828.12,0.22532
5829.02,0.22595
5829.92,0.22629
5830.82,0.22668
5831.72,0.22633
5832.62,0.22556
5833.52,0.22527
5834.42,0.22476
5835.32,0.22471
5836.22,0.22422
5837.12,0.22373
5838.02,0.22469
5838.92,0.22431
5839.82,0.22541
5840.72,0.22454
5841.62,0.22512
5842.52,0.22457
5843.42,0.22628
5844.32,0.22494
5845.22,0.22468
5846.12,0.22387
5847.02,0.22344
5847.92,0.22124
5848.82,0.22114
5849.72,0.22048
5850.62,0.21917
5851.52,0.2173
5852.42,0.21622
5853.32,0.21567
5854.22,0.21395
5855.12,0.21383
5856.02,0.2125
5856.92,0.2117
5857.82,0.2107
5858.72,0.21005
5859.62,0.21087
5860.52,0.21036
5861.42,0.21128
5862.32,0.21143
5863.23,0.21303
5864.12,0.21343
5865.03,0.21358
5865.93,0.21525
5866.83,0.21539
5867.73,0.21583
5868.63,0.21548
5869.53,0.21726
5870.43,0.21742
5871.33,0.21761
5872.23,0.21916
5873.13,0.21785
5874.03,0.21866
5874.93,0.21832
5875.83,0.21838
5876.73,0.21812
5877.63,0.21693
5878.53,0.21625
5879.43,0.21645
5880.33,0.21418
5881.23,0.21243
5882.13,0.21278
5883.03,0.21048
5883.93,0.2097
5884.83,0.20717
5885.73,0.2051
5886.63,0.20069
5887.53,0.19676
5888.43,0.19301
5889.33,0.18789
5890.23,0.1834
5891.13,0.18047
5892.03,0.17716
5892.93,0.17485
5893.83,0.17458
5894.73,0.17555
5895.63,0.17607
5896.53,0.17851
5897.43,0.18038
5898.33,0.18372
5899.23,0.1869
5900.13,0.19126
5901.04,0.19421
5901.94,0.19842
5902.83,0.20109
5903.74,0.20464
5904.64,0.20641
5905.54,0.20796
5906.44,0.20977
5907.34,0.21059
5908.24,0.21144
5909.14,0.21235
5910.04,0.21293
5910.94,0.21211
5911.84,0.21289
5912.74,0.21215
5913.64,0.21139
5914.54,0.21112
5915.44,0.21142
5916.34,0.21037
5917.24,0.21068
5918.14,0.21094
5919.04,0.21068
5919.94,0.2118
5920.84,0.21215
5921.74,0.21206
5922.64,0.21327
5923.54,0.21391
5924.44,0.21396
5925.34,0.21525
5926.24,0.21438
5927.14,0.21497
5928.04,0.21345
5928.94,0.21306
5929.84,0.21266
5930.74,0.21302
5931.64,0.21288
5932.54,0.21277
5933.44,0.21332
5934.34,0.21325
5935.24,0.21307
5936.14,0.21365
5937.04,0.21466
5937.94,0.21383
5938.85,0.21387
5939.75,0.21421
5940.65,0.21367
5941.55,0.21511
5942.45,0.21488
5943.35,0.21529
5944.25,0.21514
5945.15,0.21465
5946.05,0.21548
5946.95,0.21413
5947.85,0.21434
5948.75,0.21402
5949.65,0.21393
5950.55,0.21373
5951.45,0.2127
5952.35,0.21247
5953.25,0.21243
5954.15,0.2118
5955.05,0.21146
5955.95,0.21263
5956.85,0.21238
5957.75,0.21258
5958.65,0.2129
5959.55,0.21336
5960.45,0.21419
5961.35,0.21473
5962.25,0.2167
5963.15,0.21599
5964.05,0.21614
5964.95,0.21744
5965.85,0.21753
5966.75,0.21754
5967.65,0.2173
5968.55,0.21771
5969.45,0.21829
5970.35,0.21881
5971.25,0.21834
5972.15,0.21838
5973.05,0.2187
5973.95,0.2176
5974.85,0.21725
5975.75,0.2177
5976.65,0.21589
5977.56,0.21607
5978.46,0.2149
5979.36,0.21458
5980.26,0.21352
5981.16,0.21416
5982.06,0.21374
5982.96,0.21349
5983.86,0.2127
5984.76,0.2124
5985.66,0.21324
5986.56,0.21216
5987.46,0.21237
5988.36,0.213
5989.26,0.21294
5990.16,0.21494
5991.06,0.21456
5991.96,0.21546
5992.86,0.21543
5993.76,0.21652
5994.66,0.21702
5995.56,0.2175
5996.46,0.21717
5997.36,0.21653
5998.26,0.21622
5999.16,0.21591
6000.06,0.21467
6000.96,0.21486
6001.86,0.21392
6002.76,0.2136
6003.66,0.21393
6004.56,0.21261
6005.46,0.21262
6006.36,0.21228
6007.26,0.21211
6008.16,0.21184
6009.06,0.21146
6009.96,0.21207
6010.86,0.2127
6011.76,0.21213
6012.67,0.2119
6013.56,0.21169
6014.47,0.21165
6015.37,0.21252
6016.27,0.2111
6017.17,0.21071
6018.07,0.21113
6018.97,0.2114
6019.87,0.21076
6020.77,0.21093
6021.67,0.21096
6022.57,0.21129
6023.47,0.21179
6024.37,0.212
6025.27,0.21378
6026.17,0.21323
6027.07,0.21447
6027.97,0.21553
6028.87,0.21674
6029.77,0.2168
6030.67,0.21801
6031.57,0.21859
6032.47,0.21998
6033.37,0.21963
6034.27,0.22013
6035.17,0.22162
6036.07,0.22114
6036.97,0.22068
6037.87,0.22109
6038.77,0.22121
6039.67,0.2214
6040.57,0.22178
6041.47,0.22189
6042.37,0.22159
6043.27,0.22122
6044.17,0.22102
6045.07,0.223
6045.97,0.22318
6046.87,0.22306
6047.77,0.22338
6048.67,0.2228
6049.57,0.22306
6050.47,0.22335
6051.38,0.2228
6052.28,0.22273
6053.18,0.2217
6054.08,0.22161
6054.98,0.22085
6055.88,0.21956
6056.78,0.21965
6057.68,0.21914
6058.58,0.21956
6059.48,0.21965
6060.38,0.21934
6061.28,0.21957
6062.18,0.2192
6063.08,0.21771
6063.98,0.21801
6064.88,0.21772
6065.78,0.21794
6066.68,0.21779
6067.58,0.21839
6068.48,0.21853
6069.38,0.22056
6070.28,0.22113
6071.18,0.22127
6072.08,0.22239
6072.98,0.2235
6073.88,0.22433
6074.78,0.22344
6075.68,0.22453
6076.58,0.22268
6077.48,0.22093
6078.38,0.22069
6079.28,0.22028
6080.18,0.21866
6081.08,0.21782
6081.98,0.21805
6082.88,0.21655
6083.78,0.21598
6084.68,0.2159
6085.58,0.21547
6086.48,0.21535
6087.38,0.2156
6088.28,0.21603
6089.19,0.21533
6090.09,0.21501
6090.99,0.21588
6091.89,0.21524
6092.79,0.21655
6093.69,0.21697
6094.59,0.21598
6095.49,0.2169
6096.39,0.21673
6097.29,0.21719
6098.19,0.21742
6099.09,0.21665
6099.99,0.21765
6100.89,0.21614
6101.79,0.21559
6102.69,0.21385
6103.59,0.21299
6104.49,0.21312
6105.39,0.21363
6106.29,0.2134
6107.19,0.21368
6108.09,0.21486
6108.99,0.21657
6109.89,0.21632
6110.79,0.21738
6111.69,0.21707
6112.59,0.21834
6113.49,0.21898
6114.39,0.21928
6115.29,0.21896
6116.19,0.2194
6117.09,0.21879
6117.99,0.21844
6118.89,0.21606
6119.79,0.21516
6120.69,0.21498
6121.59,0.21415
6122.49,0.21356
6123.39,0.21228
6124.29,0.213
6125.19,0.21203
6126.1,0.21242
6127.0,0.2126
6127.9,0.21496
6128.8,0.21395
6129.7,0.2157
6130.6,0.21449
6131.5,0.21605
6132.4,0.21523
6133.3,0.21415
6134.2,0.21294
6135.1,0.21219
6136.0,0.21031
6136.9,0.20969
6137.8,0.20881
6138.7,0.20798
6139.6,0.20781
6140.5,0.20889
6141.4,0.20849
6142.3,0.21051
6143.2,0.21168
6144.1,0.21266
6145.0,0.21437
6145.9,0.21626
6146.8,0.21533
6147.7,0.21631
6148.6,0.21577
6149.5,0.21646
6150.4,0.21569
6151.3,0.21567
6152.2,0.2147
6153.1,0.21383
6154.0,0.21458
6154.9,0.21296
6155.8,0.21239
6156.7,0.21076
6157.6,0.2101
6158.5,0.20752
6159.4,0.20508
6160.3,0.20384
6161.2,0.20129
6162.1,0.19992
6163.01,0.19729
6163.91,0.19618
6164.81,0.19607
6165.71,0.19554
6166.61,0.19557
6167.51,0.19556
6168.41,0.19679
6169.31,0.19721
6170.21,0.19863
6171.11,0.19858
6172.01,0.19954
6172.91,0.20062
6173.81,0.20213
6174.71,0.20363
6175.61,0.20415
6176.51,0.20486
6177.41,0.20668
6178.31,0.20714
6179.21,0.20762
6180.11,0.2089
6181.01,0.20867
6181.91,0.20868
6182.81,0.20932
6183.71,0.21004
6184.61,0.20834
6185.51,0.20892
6186.41,0.20792
6187.31,0.20772
6188.21,0.20538
6189.11,0.20519
6190.01,0.20412
6190.91,0.20289
6191.81,0.20302
6192.71,0.20243
6193.61,0.20297
6194.51,0.20244
6195.41,0.20412
6196.31,0.20483
6197.21,0.20543
6198.11,0.20656
6199.01,0.20625
6199.92,0.20765
6200.82,0.20716
6201.72,0.2077
6202.62,0.20804
6203.52,0.2083
6204.42,0.20984
6205.32,0.21033
6206.22,0.21018
6207.12,0.21062
6208.02,0.21024
6208.92,0.20935
6209.82,0.20846
6210.72,0.20823
6211.62,0.20704
6212.52,0.2058
6213.42,0.20404
6214.32,0.20299
6215.22,0.20192
6216.12,0.1997
6217.02,0.19943
6217.92,0.1992
6218.82,0.19853
6219.72,0.19916
6220.62,0.19944
6221.52,0.19963
6222.42,0.19921
6223.32,0.19989
6224.22,0.20055
6225.12,0.20065
6226.02,0.20057
6226.92,0.20009
6227.82,0.2002
6228.72,0.19969
6229.62,0.19882
6230.52,0.19956
6231.42,0.19764
6232.32,0.19837
6233.22,0.19852
6234.12,0.19851
6235.02,0.19928
6235.92,0.2004
6236.83,0.19993
6237.73,0.20044
6238.63,0.20002
6239.53,0.20049
6240.43,0.20005
6241.33,0.19834
6242.23,0.19835
6243.13,0.19751
6244.03,0.19715
6244.93,0.19687
6245.83,0.19647
6246.73,0.19757
6247.63,0.19819
6248.53,0.19805
6249.43,0.19842
6250.33,0.1978
6251.23,0.19798
6252.13,0.19776
6253.03,0.19767
6253.93,0.19528
6254.83,0.19551
6255.73,0.19414
6256.63,0.19422
6257.53,0.19329
6258.43,0.193
6259.33,0.19373
6260.23,0.19425
6261.13,0.19468
6262.03,0.19616
6262.93,0.19737
6263.83,0.19895
6264.73,0.19969
6265.63,0.20075
6266.53,0.20244
6267.43,0.20264
6268.33,0.20343
6269.23,0.20312
6270.13,0.20425
6271.03,0.20409
6271.93,0.2048
6272.83,0.20458
6273.73,0.20541
6274.64,0.20583
6275.54,0.20599
6276.44,0.20582
6277.34,0.20623
6278.24,0.20631
6279.14,0.20533
6280.04,0.20547
6280.94,0.2054
6281.84,0.20577
6282.74,0.20601
6283.64,0.20545
6284.54,0.20627
6285.44,0.20733
6286.34,0.20865
6287.24,0.2087
6288.14,0.20958
6289.04,0.20925
6289.94,0.21005
6290.84,0.20952
6291.74,0.21019
6292.64,0.20931
6293.54,0.20926
6294.44,0.20733
6295.34,0.20631
6296.24,0.20541
6297.14,0.20502
6298.04,0.20457
6298.94,0.2033
6299.84,0.20341
6300.74,0.20378
6301.64,0.20286
6302.54,0.20276
6303.44,0.20325
6304.34,0.2043
6305.24,0.20437
6306.14,0.20504
6307.04,0.20646
6307.94,0.20707
6308.84,0.20778
6309.74,0.20845
6310.64,0.20807
6311.54,0.20786
6312.45,0.20723
6313.35,0.20687
6314.25,0.20642
6315.15,0.20502
6316.05,0.2044
6316.95,0.20463
6317.85,0.20285
6318.75,0.2036
6319.65,0.20346
6320.55,0.20385
6321.45,0.20456
6322.35,0.20452
6323.25,0.20618
6324.15,0.20696
6325.05,0.20819
6325.95,0.20789
6326.85,0.20961
6327.75,0.21042
6328.65,0.21077
6329.55,0.21012
6330.45,0.21148
6331.35,0.21104
6332.25,0.21131
6333.15,0.21038
6334.05,0.20995
6334.95,0.20847
6335.85,0.20865
6336.75,0.20748
6337.65,0.20782
6338.55,0.20736
6339.45,0.20677
6340.35,0.20694
6341.25,0.20735
6342.15,0.20761
6343.05,0.20734
6343.95,0.20781
6344.85,0.20859
6345.75,0.20811
6346.65,0.20873
6347.55,0.20948
6348.46,0.20925
6349.35,0.20942
6350.26,0.21012
6351.16,0.2097
6352.06,0.21039
6352.96,0.21012
6353.86,0.20939
6354.76,0.20798
6355.66,0.20744
6356.56,0.20667
6357.46,0.20538
6358.36,0.20473
6359.26,0.20278
6360.16,0.20248
6361.06,0.20173
6361.96,0.20173
6362.86,0.20132
6363.76,0.20108
6364.66,0.2012
6365.56,0.20248
6366.46,0.20332
6367.36,0.20526
6368.26,0.20626
6369.16,0.20754
6370.06,0.20877
6370.96,0.20956
6371.86,0.21047
6372.76,0.2125
6373.66,0.21255
6374.56,0.21291
6375.46,0.21288
6376.36,0.21269
6377.26,0.21226
6378.16,0.21424
6379.06,0.2125
6379.96,0.21191
6380.86,0.21233
6381.76,0.21173
6382.66,0.21135
6383.56,0.21189
6384.46,0.21192
6385.36,0.21156
6386.27,0.21215
6387.17,0.21166
6388.07,0.21221
6388.97,0.21176
6389.87,0.21175
6390.77,0.21037
6391.67,0.2103
6392.57,0.20884
6393.47,0.20892
6394.37,0.20909
6395.27,0.20848
6396.17,0.20833
6397.07,0.20746
6397.97,0.20851
6398.87,0.20852
6399.77,0.20812
6400.67,0.2083
6401.57,0.20891
6402.47,0.20938
6403.37,0.21
6404.27,0.21008
6405.17,0.2102
6406.07,0.21063
6406.97,0.21098
6407.87,0.21088
6408.77,0.21127
6409.67,0.21075
6410.57,0.20991
6411.47,0.20992
6412.37,0.20917
6413.27,0.20988
6414.17,0.20922
6415.07,0.20967
6415.97,0.21002
6416.87,0.20967
6417.77,0.20998
6418.67,0.20959
6419.57,0.20942
6420.47,0.20905
6421.37,0.20995
6422.27,0.20977
6423.17,0.21006
6424.08,0.21121
6424.98,0.21141
6425.88,0.21135
6426.78,0.21225
6427.68,0.21326
6428.58,0.21279
6429.48,0.21223
6430.38,0.21244
6431.28,0.21284
6432.18,0.21101
6433.08,0.21107
6433.98,0.21089
6434.88,0.21131
6435.78,0.21127
6436.68,0.21176
6437.58,0.21055
6438.48,0.2115
6439.38,0.2118
6440.28,0.21267
6441.18,0.21285
6442.08,0.21334
6442.98,0.21463
6443.88,0.21492
6444.78,0.21555
6445.68,0.2147
6446.58,0.21507
6447.48,0.21412
6448.38,0.21362
6449.28,0.21267
6450.18,0.21125
6451.08,0.21023
6451.98,0.21005
6452.88,0.20961
6453.78,0.20965
6454.68,0.21077
6455.58,0.21089
6456.48,0.2114
6457.38,0.21236
6458.28,0.21216
6459.18,0.21274
6460.08,0.2125
6460.98,0.21285
6461.89,0.21182
6462.79,0.21235
6463.69,0.21189
6464.59,0.21094
6465.49,0.21148
6466.39,0.21192
6467.29,0.2121
6468.19,0.21206
6469.09,0.21381
6469.99,0.21366
6470.89,0.2144
6471.79,0.21432
6472.69,0.21364
6473.59,0.21322
6474.49,0.21381
6475.39,0.21271
6476.29,0.21256
6477.19,0.21204
6478.09,0.2128
6478.99,0.21239
6479.89,0.2111
6480.79,0.21047
6481.69,0.21074
6482.59,0.21021
6483.49,0.20911
6484.39,0.21047
6485.29,0.20908
6486.19,0.20908
6487.09,0.20928
6487.99,0.20886
6488.89,0.20773
6489.79,0.20731
6490.69,0.20608
6491.59,0.20546
6492.49,0.20289
6493.39,0.20055
6494.29,0.19815
6495.19,0.19679
6496.09,0.19506
6496.99,0.19474
6497.9,0.1935
6498.79,0.19338
6499.7,0.19444
6500.6,0.19586
6501.5,0.19799
6502.4,0.19952
6503.3,0.20135
6504.2,0.20377
6505.1,0.20611
6506.0,0.20703
6506.9,0.20731
6507.8,0.20866
6508.7,0.20825
6509.6,0.20986
6510.5,0.21006
6511.4,0.21038
6512.3,0.2109
6513.2,0.21028
6514.1,0.21026
6515.0,0.20997
6515.9,0.21018
6516.8,0.20924
6517.7,0.20908
6518.6,0.20873
6519.5,0.20989
6520.4,0.20955
6521.3,0.21013
6522.2,0.20973
6523.1,0.20945
6524.0,0.21083
6524.9,0.21027
6525.8,0.21067
6526.7,0.21004
6527.6,0.21085
6528.5,0.21088
6529.4,0.21064
6530.3,0.21068
6531.2,0.20998
6532.1,0.21096
6533.0,0.20992
6533.9,0.21077
6534.8,0.21048
6535.71,0.21166
6536.61,0.21166
6537.51,0.21202
6538.41,0.21255
6539.31,0.21266
6540.21,0.21283
6541.11,0.21139
6542.01,0.21126
6542.91,0.21118
6543.81,0.21023
6544.71,0.20943
6545.61,0.2086
6546.51,0.20799
6547.41,0.20708
6548.31,0.20591
6549.21,0.20493
6550.11,0.20545
6551.01,0.20423
6551.91,0.204
6552.81,0.20362
6553.71,0.20181
6554.61,0.20139
6555.51,0.19916
6556.41,0.19789
6557.31,0.19535
6558.21,0.19271
6559.11,0.19066
6560.01,0.18802
6560.91,0.18465
6561.81,0.18151
6562.71,0.17914
6563.61,0.17842
6564.51,0.17704
6565.41,0.17741
6566.31,0.17828
6567.21,0.18128
6568.11,0.18437
6569.01,0.1867
6569.91,0.18949
6570.81,0.19211
6571.71,0.19405
6572.61,0.19661
6573.52,0.1976
6574.42,0.19858
6575.32,0.19931
6576.22,0.20025
6577.12,0.20091
6578.02,0.20202
6578.92,0.20229
6579.82,0.20364
6580.72,0.2038
6581.62,0.20507
6582.52,0.20568
6583.42,0.20606
6584.32,0.20647
6585.22,0.20653
6586.12,0.20687
6587.02,0.20772
6587.92,0.207
6588.82,0.20706
6589.72,0.20661
6590.62,0.20638
6591.52,0.2048
6592.42,0.20471
6593.32,0.20435
6594.22,0.20301
6595.12,0.20242
6596.02,0.20316
6596.92,0.20341
6597.82,0.20256
6598.72,0.20367
6599.62,0.2042
6600.52,0.2051
6601.42,0.20556
6602.32,0.20597
6603.22,0.20674
6604.12,0.20652
6605.02,0.20584
6605.92,0.2053
6606.82,0.20593
6607.72,0.20523
6608.62,0.20438
6609.52,0.205
6610.43,0.20481
6611.33,0.20525
6612.23,0.20542
6613.13,0.20568
6614.03,0.20699
6614.93,0.20705
6615.83,0.20776
6616.73,0.20799
6617.63,0.2083
6618.53,0.20888
6619.43,0.20882
6620.33,0.20908
6621.23,0.20851
6622.13,0.20897
6623.03,0.20803
6623.93,0.20811
6624.83,0.20763
6625.73,0.20721
6626.63,0.20696
6627.53,0.20619
6628.43,0.20457
6629.33,0.20461
6630.23,0.20453
6631.13,0.20374
6632.03,0.20415
6632.93,0.20286
6633.83,0.20327
6634.73,0.20288
6635.63,0.20324
6636.53,0.20362
6637.43,0.20347
6638.33,0.20279
6639.23,0.20333
6640.13,0.20333
6641.03,0.20445
6641.93,0.20449
6642.83,0.20462
6643.73,0.20404
6644.63,0.20323
6645.53,0.20389
6646.43,0.20448
6647.34,0.2039
6648.24,0.20398
6649.14,0.20419
6650.04,0.20455
6650.94,0.20433
6651.84,0.2049
6652.74,0.20413
6653.64,0.20487
6654.54,0.20371
6655.44,0.20507
6656.34,0.204
6657.24,0.20405
6658.14,0.20365
6659.04,0.20349
6659.94,0.20323
6660.84,0.20195
6661.74,0.20158
6662.64,0.2018
6663.54,0.20103
6664.44,0.20051
6665.34,0.2013
6666.24,0.20042
6667.14,0.20115
6668.04,0.20191
6668.94,0.2009
6669.84,0.20251
6670.74,0.20238
6671.64,0.20266
6672.54,0.20325
6673.44,0.20325
6674.34,0.2034
6675.24,0.20307
6676.14,0.20242
6677.04,0.20186
6677.94,0.2007
6678.84,0.20108
6679.74,0.20077
6680.64,0.20001
6681.54,0.20058
6682.44,0.19972
6683.34,0.20085
6684.24,0.20025
6685.15,0.20223
6686.05,0.20119
6686.95,0.20208
6687.85,0.20213
6688.75,0.20253
6689.65,0.20226
6690.55,0.20273
6691.45,0.20214
6692.35,0.20219
6693.25,0.20189
6694.15,0.20162
6695.05,0.20135
6695.95,0.20117
6696.85,0.20043
6697.75,0.20094
6698.65,0.20107
6699.55,0.20078
6700.45,0.20023
6701.35,0.20021
6702.25,0.20022
6703.15,0.20035
6704.05,0.20066
6704.95,0.20157
6705.85,0.20134
6706.75,0.20172
6707.65,0.20093
6708.55,0.20081
6709.45,0.20088
6710.35,0.20043
6711.25,0.19991
6712.15,0.19994
6713.05,0.19888
6713.95,0.19806
6714.85,0.19688
6715.75,0.19698
6716.65,0.19561
6717.55,0.19543
6718.45,0.19507
6719.35,0.19506
6720.25,0.1952
6721.16,0.19556
6722.06,0.1958
6722.96,0.19649
6723.86,0.19674
6724.76,0.19754
6725.66,0.19758
6726.56,0.19849
6727.46,0.19957
6728.36,0.19909
6729.26,0.19865
6730.16,0.19982
6731.06,0.20002
6731.96,0.20013
6732.86,0.19974
6733.76,0.19961
6734.66,0.20028
6735.56,0.19953
6736.46,0.19982
6737.36,0.19971
6738.26,0.19956
6739.16,0.19936
6740.06,0.19907
6740.96,0.1979
6741.86,0.19853
6742.76,0.1983
6743.66,0.19739
6744.56,0.19717
6745.46,0.19699
6746.36,0.19768
6747.26,0.19621
6748.16,0.196
6749.06,0.19718
6749.96,0.19646
6750.86,0.19622
6751.76,0.19594
6752.66,0.19624
6753.56,0.19676
6754.46,0.19662
6755.36,0.19738
6756.26,0.19796
6757.16,0.19835
6758.06,0.19902
6758.97,0.19984
6759.87,0.20048
6760.77,0.20067
6761.67,0.20009
6762.57,0.20132
6763.47,0.20114
6764.37,0.20052
6765.27,0.20049
6766.17,0.20054
6767.07,0.20006
6767.97,0.19935
6768.87,0.19829
6769.77,0.19912
6770.67,0.1996
6771.57,0.1987
6772.47,0.19961
6773.37,0.20024
6774.27,0.20026
6775.17,0.20068
6776.07,0.20103
6776.97,0.20144
6777.87,0.20165
6778.77,0.20153
6779.67,0.20203
6780.57,0.2019
6781.47,0.20128
6782.37,0.20043
6783.27,0.19993
6784.17,0.19923
6785.07,0.19913
6785.97,0.19809
6786.87,0.1979
6787.77,0.19698
6788.67,0.19741
6789.57,0.19766
6790.47,0.1975
6791.37,0.19828
6792.27,0.19756
6793.17,0.19703
6794.07,0.19876
6794.97,0.19911
6795.88,0.19857
6796.78,0.19935
6797.68,0.19974
6798.58,0.19859
6799.48,0.19969
6800.38,0.19976
6801.28,0.19925
6802.18,0.20011
6803.08,0.20101
6803.98,0.20023
6804.88,0.20065
6805.78,0.19989
6806.68,0.20115
6807.58,0.20045
6808.48,0.19978
6809.38,0.19949
6810.28,0.1994
6811.18,0.19968
6812.08,0.19978
6812.98,0.20021
6813.88,0.19868
6814.78,0.1999
6815.68,0.20018
6816.58,0.19903
6817.48,0.19962
6818.38,0.20006
6819.28,0.20032
6820.18,0.20087
6821.08,0.19942
6821.98,0.2008
6822.88,0.20193
6823.78,0.2015
6824.68,0.20099
6825.58,0.20059
6826.48,0.2018
6827.38,0.20129
6828.28,0.20088
6829.18,0.20193
6830.08,0.20154
6830.98,0.20113
6831.88,0.20135
6832.79,0.20157
6833.69,0.20086
6834.59,0.20084
6835.49,0.20098
6836.39,0.20104
6837.29,0.20037
6838.19,0.19939
6839.09,0.19924
6839.99,0.19886
6840.89,0.19831
6841.79,0.19748
6842.69,0.19679
6843.59,0.19742
6844.49,0.19713
6845.39,0.19767
6846.29,0.19861
6847.19,0.1976
6848.09,0.19872
6848.99,0.19852
6849.89,0.20044
6850.79,0.19911
6851.69,0.19929
6852.59,0.19921
6853.49,0.19961
6854.39,0.19843
6855.29,0.19832
6856.19,0.19734
6857.09,0.19774
6857.99,0.19659
6858.89,0.19748
6859.79,0.19752
6860.69,0.19654
6861.59,0.19634
6862.49,0.19731
6863.39,0.19676
6864.29,0.19674
6865.19,0.1969
6866.09,0.19837
6866.99,0.19752
6867.89,0.19763
6868.79,0.19857
6869.7,0.19725
6870.6,0.19724
6871.5,0.19797
6872.4,0.19779
6873.3,0.19758
6874.2,0.19832
6875.1,0.19786
6876.0,0.19876
6876.9,0.19873
6877.8,0.19869
6878.7,0.19893
6879.6,0.19896
6880.5,0.19937
6881.4,0.19887
6882.3,0.19937
6883.2,0.20026
6884.1,0.19968
6885.0,0.19965
6885.9,0.19955
6886.8,0.20102
6887.7,0.20056
6888.6,0.20053
6889.5,0.20195
6890.4,0.2024
6891.3,0.20204
6892.2,0.20218
6893.1,0.20334
6894.0,0.20286
6894.9,0.20352
6895.8,0.20248
6896.7,0.20366
6897.6,0.20176
6898.5,0.20282
6899.4,0.20291
6900.3,0.20258
6901.2,0.20322
6902.1,0.2034
6903.0,0.20358
6903.9,0.20366
6904.8,0.20358
6905.7,0.20399
6906.6,0.20455
6907.51,0.2054
6908.41,0.20441
6909.31,0.20446
6910.21,0.20429
6911.11,0.20491
6912.01,0.20444
6912.91,0.20367
6913.81,0.20333
6914.71,0.20331
6915.61,0.2027
6916.51,0.20276
6917.41,0.20231
6918.31,0.20198
6919.21,0.2023
6920.11,0.20167
6921.01,0.20258
6921.91,0.20324
6922.81,0.20258
6923.71,0.20145
6924.61,0.20289
6925.51,0.20289
6926.41,0.20251
6927.31,0.20207
6928.21,0.20176
6929.11,0.20254
6930.01,0.20248
6930.91,0.20316
6931.81,0.20277
6932.71,0.203
6933.61,0.20303
6934.51,0.20362
6935.41,0.20335
6936.31,0.2034
6937.21,0.20404
6938.11,0.20368
6939.01,0.20352
6939.91,0.20332
6940.81,0.20469
6941.71,0.20433
6942.61,0.20409
6943.52,0.20304
6944.42,0.20364
6945.31,0.20348
6946.22,0.20324
6947.12,0.20315
6948.02,0.20279
6948.92,0.20371
6949.82,0.202
6950.72,0.20304
6951.62,0.20272
6952.52,0.20321
6953.42,0.2028
6954.32,0.20324
6955.22,0.20339
6956.12,0.20323
6957.02,0.20399
6957.92,0.20421
6958.82,0.2041
6959.72,0.20539
6960.62,0.20549
6961.52,0.20548
6962.42,0.20607
6963.32,0.2063
6964.22,0.20702
6965.12,0.20621
6966.02,0.20721
6966.92,0.20749
6967.82,0.20712
6968.72,0.20661
6969.62,0.20739
6970.52,0.20575
6971.42,0.20687
6972.32,0.20683
6973.22,0.20668
6974.12,0.20531
6975.02,0.20554
6975.92,0.20308
6976.82,0.2029
6977.72,0.20231
6978.62,0.20175
6979.52,0.20162
6980.42,0.20157
6981.33,0.20162
6982.23,0.20214
6983.12,0.2026
6984.03,0.2035
6984.93,0.20385
6985.83,0.20483
6986.73,0.20635
6987.63,0.20613
6988.53,0.20574
6989.43,0.2066
6990.33,0.20632
6991.23,0.20586
6992.13,0.20693
6993.03,0.20623
6993.93,0.20642
6994.83,0.20673
6995.73,0.20666
6996.63,0.20599
6997.53,0.20652
6998.43,0.20547
6999.33,0.2055
7000.23,0.20493
7001.13,0.20486
7002.03,0.20468
7002.93,0.20397
7003.83,0.20379
7004.73,0.20454
7005.63,0.20451
7006.53,0.20417
7007.43,0.20389
7008.33,0.20422
7009.23,0.20342
7010.13,0.20421
7011.03,0.20413
7011.93,0.20445
7012.83,0.20374
7013.73,0.20393
7014.63,0.20374
7015.53,0.20307
7016.43,0.20315
7017.33,0.2023
7018.23,0.20314
7019.14,0.20278
7020.04,0.20375
7020.94,0.20291
7021.84,0.2036
7022.74,0.20346
7023.64,0.20367
7024.54,0.20416
7025.44,0.20414
7026.34,0.20422
7027.24,0.20428
7028.14,0.20554
7029.04,0.20487
7029.94,0.20534
7030.84,0.20473
7031.74,0.20508
7032.64,0.20517
7033.54,0.20587
7034.44,0.20584
7035.34,0.20575
7036.24,0.20656
7037.14,0.20701
7038.04,0.20702
7038.94,0.2067
7039.84,0.20783
7040.74,0.20814
7041.64,0.20828
7042.54,0.20945
7043.44,0.20926
7044.34,0.211
7045.24,0.21061
7046.14,0.21186
7047.04,0.21165
7047.94,0.21172
7048.84,0.21121
7049.74,0.21068
7050.64,0.20894
7051.54,0.20891
7052.44,0.20748
7053.34,0.20654
7054.25,0.20489
7055.15,0.20241
7056.04,0.20195
7056.95,0.20076
7057.85,0.20001
7058.75,0.19863
7059.65,0.19762
7060.55,0.19709
7061.45,0.19656
7062.35,0.19587
7063.25,0.19608
7064.15,0.1955
7065.05,0.19581
7065.95,0.19529
7066.85,0.19631
7067.75,0.19561
7068.65,0.1959
7069.55,0.19562
7070.45,0.19541
7071.35,0.19673
7072.25,0.19609
7073.15,0.19736
7074.05,0.1977
7074.95,0.19863
7075.85,0.19975
7076.75,0.19903
7077.65,0.19884
7078.55,0.19971
7079.45,0.19919
7080.35,0.19965
7081.25,0.19814
7082.15,0.19775
7083.05,0.19696
7083.95,0.19604
7084.85,0.19426
7085.75,0.19392
7086.65,0.1916
7087.55,0.1924
7088.45,0.19103
7089.35,0.18927
7090.25,0.18858
7091.15,0.18815
7092.06,0.1884
7092.96,0.18677
7093.85,0.18714
7094.76,0.18722
7095.66,0.18727
7096.56,0.18802
7097.46,0.18763
7098.36,0.18819
7099.26,0.18896
7100.16,0.18955
7101.06,0.18931
7101.96,0.18942
7102.86,0.19034
7103.76,0.19073
7104.66,0.1904
7105.56,0.19045
7106.46,0.1907
7107.36,0.19148
7108.26,0.19092
7109.16,0.19146
7110.06,0.19053
7110.96,0.19103
7111.86,0.19139
7112.76,0.1915
7113.66,0.19162
7114.56,0.19019
7115.46,0.19187
7116.36,0.19145
7117.26,0.19178
7118.16,0.19148
7119.06,0.19146
7119.96,0.19257
7120.86,0.19229
7121.76,0.19139
7122.66,0.19224
7123.56,0.19137
7124.46,0.18976
7125.36,0.18974
7126.26,0.18891
7127.16,0.18839
7127.27,0.18815
7128.17,0.18684
7129.07,0.18679
7129.96,0.18584
7130.86,0.18631
7131.75,0.18537
7132.65,0.18628
7133.55,0.18653
7134.44,0.18649
7135.34,0.18696
7136.23,0.18748
7137.13,0.18728
7138.03,0.18815
7138.92,0.18807
7139.82,0.18796
7140.71,0.18876
7141.61,0.18904
7142.5,0.18924
7143.4,0.18803
7144.3,0.18891
7145.19,0.18874
7146.09,0.18788
7146.98,0.18845
7147.88,0.18807
7148.78,0.18705
7149.67,0.18799
7150.57,0.18789
7151.46,0.18836
7152.36,0.18887
7153.26,0.1898
7154.15,0.19041
7155.05,0.19099
7155.94,0.19092
7156.84,0.1904
7157.74,0.1917
7158.63,0.19072
7159.53,0.19064
7160.42,0.19058
7161.32,0.19017
7162.21,0.18967
7163.11,0.19074
7164.01,0.19009
7164.9,0.19005
7165.8,0.19012
7166.69,0.18992
7167.59,0.19074
7168.49,0.19066
7169.38,0.19107
7170.28,0.19099
7171.17,0.19244
7172.07,0.19286
7172.96,0.19291
7173.86,0.19342
7174.76,0.19336
7175.65,0.19371
7176.55,0.19266
7177.44,0.1929
7178.34,0.19225
7179.24,0.19152
7180.13,0.1919
7181.03,0.19183
7181.92,0.191
7182.82,0.19097
7183.72,0.19012
7184.61,0.1899
7185.51,0.19026
7186.4,0.18975
7187.3,0.18917
7188.19,0.18984
7189.09,0.19004
7189.99,0.1894
7190.88,0.18863
7191.78,0.18881
7192.67,0.18922
7193.57,0.18989
7194.47,0.18996
7195.36,0.1903
7196.26,0.19059
7197.15,0.18981
7198.05,0.191
7198.95,0.19048
7199.84,0.19079
7200.74,0.19054
7201.63,0.19108
7202.53,0.19079
7203.43,0.191
7204.32,0.18993
7205.22,0.19064
7206.11,0.18986
7207.01,0.18988
7207.9,0.18899
7208.8,0.18914
7209.7,0.18982
7210.59,0.19093
7211.49,0.19105
7212.38,0.19088
7213.28,0.19143
7214.18,0.1919
7215.07,0.19204
7215.97,0.19199
7216.86,0.19254
7217.76,0.1931
7218.66,0.19384
7219.55,0.19351
7220.45,0.19407
7221.34,0.19453
7222.24,0.19515
7223.13,0.1954
7224.03,0.195
7224.93,0.19575
7225.82,0.19602
7226.72,0.19628
7227.61,0.19686
7228.51,0.19758
7229.41,0.19774
7230.3,0.19773
7231.2,0.19865
7232.09,0.19904
7232.99,0.1985
7233.89,0.19891
7234.78,0.19863
7235.68,0.19917
7236.57,0.1992
7237.47,0.19889
7238.36,0.19896
7239.26,0.19875
7240.16,0.19823
7241.05,0.19768
7241.95,0.19825
7242.84,0.19819
7243.74,0.19846
7244.64,0.19884
7245.53,0.19784
7246.43,0.19786
7247.32,0.19843
7248.22,0.19793
7249.12,0.19804
7250.01,0.19835
7250.91,0.1983
7251.8,0.19955
7252.7,0.19922
7253.6,0.19861
7254.49,0.19852
7255.39,0.19812
7256.28,0.19882
7257.18,0.1994
7258.07,0.19867
7258.97,0.19969
7259.87,0.19829
7260.76,0.20006
7261.66,0.19943
7262.55,0.19932
7263.45,0.20013
7264.35,0.20042
7265.24,0.20053
7266.14,0.20034
7267.03,0.20104
7267.93,0.20024
7268.83,0.20206
7269.72,0.20154
7270.62,0.20198
7271.51,0.20139
7272.41,0.20154
7273.3,0.20157
7274.2,0.202
7275.1,0.2015
7275.99,0.20085
7276.89,0.20086
7277.78,0.20173
7278.68,0.2
7279.58,0.19989
7280.47,0.20007
7281.37,0.19964
7282.26,0.19874
7283.16,0.19792
7284.06,0.19806
7284.95,0.19753
7285.85,0.19737
7286.74,0.19664
7287.64,0.19675
7288.53,0.19692
7289.43,0.1961
7290.33,0.19691
7291.22,0.19642
7292.12,0.19684
7293.01,0.19675
7293.91,0.19726
7294.81,0.19808
7295.7,0.19935
7296.6,0.1993
7297.49,0.19969
7298.39,0.2011
7299.29,0.20076
7300.18,0.20184
7301.08,0.20166
7301.97,0.20331
7302.87,0.2025
7303.76,0.20382
7304.66,0.20249
7305.56,0.20235
7306.45,0.20229
7307.35,0.20238
7308.24,0.20279
7309.14,0.20277
7310.04,0.20158
7310.93,0.20296
7311.83,0.20276
7312.72,0.20242
7313.62,0.20378
7314.52,0.20325
7315.41,0.20309
7316.31,0.20323
7317.2,0.20332
7318.1,0.20299
7318.99,0.20364
7319.89,0.2036
7320.79,0.20297
7321.68,0.2036
7322.58,0.20272
7323.47,0.20234
7324.37,0.20299
7325.27,0.20292
7326.16,0.20216
7327.06,0.20285
7327.95,0.20266
7328.85,0.20296
7329.75,0.20274
7330.64,0.20418
7331.54,0.2041
7332.43,0.204
7333.33,0.20505
7334.22,0.20578
7335.12,0.20568
7336.02,0.20687
7336.91,0.20745
7337.81,0.20692
7338.7,0.208
7339.6,0.20776
7340.5,0.20753
7341.39,0.20773
7342.29,0.20716
7343.18,0.20762
7344.08,0.20674
7344.98,0.20698
7345.87,0.20707
7346.77,0.20663
7347.66,0.20616
7348.56,0.20575
7349.45,0.20605
7350.35,0.20523
7351.25,0.20515
7352.14,0.20361
7353.04,0.20384
7353.93,0.20306
7354.83,0.20315
7355.73,0.20309
7356.62,0.20242
7357.52,0.20233
7358.41,0.20252
7359.31,0.20245
7360.21,0.20307
7361.1,0.20235
7362.0,0.20285
7362.89,0.20241
7363.79,0.2026
7364.69,0.2035
7365.58,0.20479
7366.48,0.20418
7367.37,0.20635
7368.27,0.20645
7369.16,0.2064
7370.06,0.20721
7370.96,0.20799
7371.85,0.20793
7372.75,0.20853
7373.64,0.20869
7374.54,0.20966
7375.44,0.20985
7376.33,0.2093
7377.23,0.20901
7378.12,0.20953
7379.02,0.20902
7379.92,0.2084
7380.81,0.20986
7381.71,0.20805
7382.6,0.20766
7383.5,0.20743
7384.39,0.20646
7385.29,0.20632
7386.19,0.20532
7387.08,0.2039
7387.98,0.20328
7388.87,0.20379
7389.77,0.20306
7390.67,0.20325
7391.56,0.20405
7392.46,0.2037
7393.35,0.20451
7394.25,0.20516
7395.15,0.2054
7396.04,0.20605
7396.94,0.2062
7397.83,0.20661
7398.73,0.20793
7399.62,0.20675
7400.52,0.20669
7401.42,0.20708
7402.31,0.20692
7403.21,0.20736
7404.1,0.20745
7405.0,0.20765
7405.9,0.20712
7406.79,0.20698
7407.69,0.20575
7408.58,0.20503
7409.48,0.20516
7410.38,0.20404
7411.27,0.20277
7412.17,0.2014
7413.06,0.20063
7413.96,0.19971
7414.85,0.19972
7415.75,0.19853
7416.65,0.19745
7417.54,0.19807
7418.44,0.19774
7419.33,0.19919
7420.23,0.19916
7421.13,0.19948
7422.02,0.20083
7422.92,0.20056
7423.81,0.20275
7424.71,0.20357
7425.6,0.20361
7426.5,0.20486
7427.4,0.20645
7428.29,0.20648
7429.19,0.20829
7431.68,0.2094
7434.18,0.20962
7436.67,0.21063
7439.17,0.20882
7441.66,0.20843
7444.16,0.20874
7446.66,0.20862
7449.15,0.2094
7451.65,0.21007
7454.14,0.21045
7456.64,0.21159
7459.13,0.21056
7461.63,0.21053
7464.12,0.21077
7466.62,0.20958
7469.11,0.21093
7471.61,0.21093
7474.1,0.21139
7476.6,0.21023
7479.09,0.21072
7481.59,0.21088
7484.08,0.21029
7486.58,0.21064
7489.07,0.2097
7491.57,0.20966
7494.06,0.20849
7496.56,0.20827
7499.05,0.20899
7501.55,0.20991
7504.04,0.21103
7506.54,0.2107
7509.03,0.21059
7511.53,0.21013
7514.02,0.21088
7516.52,0.21154
7519.01,0.21233
7521.51,0.21269
7524.0,0.21204
7526.5,0.21207
7528.99,0.21183
7531.49,0.21204
7533.99,0.21311
7536.48,0.21369
7538.98,0.2143
7541.47,0.2138
7543.97,0.21385
7546.46,0.21349
7548.96,0.21293
7551.45,0.21242
7553.95,0.21277
7556.44,0.2123
7558.94,0.21198
7561.43,0.21297
7563.93,0.21267
7566.42,0.21263
7568.92,0.21214
7571.41,0.21209
7573.91,0.21202
7576.4,0.21185
7578.9,0.21212
7581.39,0.21097
7583.89,0.20926
7586.38,0.2075
7588.88,0.20557
7591.37,0.20442
7593.87,0.20463
7596.36,0.20378
7598.86,0.20363
7601.35,0.20292
7603.85,0.20269
7606.34,0.20282
7608.84,0.2026
7611.33,0.20234
7613.83,0.2025
7616.33,0.20147
7618.82,0.20152
7621.32,0.20111
7623.81,0.2023
7626.31,0.20209
7628.8,0.20212
7631.3,0.20178
7633.79,0.20173
7636.29,0.2017
7638.78,0.20191
7641.28,0.20178
7643.77,0.2015
7646.27,0.20143
7648.76,0.2017
7651.26,0.20055
7653.75,0.19883
7656.25,0.19662
7658.74,0.1942
7661.24,0.19155
7663.73,0.18963
7666.23,0.18865
7668.72,0.1892
7671.22,0.19144
7673.71,0.19323
7676.21,0.19461
7678.7,0.19514
7681.2,0.19575
7683.69,0.19615
7686.19,0.19598
7688.69,0.19625
7691.18,0.19558
7693.68,0.19455
7696.17,0.1939
7698.67,0.19325
7701.16,0.1932
7703.66,0.19343
7706.15,0.19398
7708.65,0.1932
7711.14,0.19269
7713.64,0.19178
7716.13,0.19101
7718.63,0.19173
7721.12,0.19268
7723.62,0.19356
7726.11,0.19456
7728.61,0.19625
7731.1,0.1966
7733.6,0.19802
7736.09,0.1989
7738.59,0.19863
7741.08,0.19822
7743.58,0.19651
7746.07,0.19457
7748.57,0.19292
7751.06,0.192
7753.56,0.19239
7756.05,0.19371
7758.55,0.19537
7761.04,0.19645
7763.54,0.19748
7766.03,0.1977
7768.53,0.19841
7771.03,0.19948
7773.52,0.19995
7776.02,0.20044
7778.51,0.19936
7781.01,0.19906
7783.5,0.19729
7786.0,0.19724
7788.49,0.19586
7790.99,0.19565
7793.48,0.19596
7795.98,0.19575
7798.47,0.19618
7800.97,0.19646
7803.46,0.19679
7805.96,0.19751
7808.45,0.19738
7810.95,0.19799
7813.44,0.19876
7815.94,0.19991
7818.43,0.19996
7820.93,0.20029
7823.42,0.19965
7825.92,0.1987
7828.41,0.19739
7830.91,0.19609
7833.4,0.19421
7835.9,0.19341
7838.39,0.19368
7840.89,0.19493
7843.38,0.1961
7845.88,0.19656
7848.38,0.19646
7850.87,0.19635
7853.37,0.19608
7855.86,0.19653
7858.36,0.19699
7860.85,0.19759
7863.35,0.19785
7865.84,0.19721
7868.34,0.19778
7870.83,0.19698
7873.33,0.19677
7875.82,0.19628
7878.32,0.19604
7880.81,0.19638
7883.31,0.19588
7885.8,0.19635
7888.3,0.19636
7890.79,0.19678
7893.29,0.1964
7895.78,0.1959
7898.28,0.19576
7900.77,0.19516
7903.27,0.19476
7905.76,0.19411
7908.26,0.19323
7910.75,0.19234
7913.25,0.19068
7915.74,0.1901
7918.24,0.18935
7920.73,0.19087
7923.23,0.19101
7925.73,0.19159
7928.22,0.19156
7930.71,0.19157
7933.21,0.19078
7935.71,0.1903
7938.2,0.18952
7940.7,0.18876
7943.19,0.18817
7945.69,0.18796
7948.18,0.18836
7950.68,0.19022
7953.17,0.19159
7955.67,0.19339
7958.16,0.19415
7960.66,0.19385
7963.15,0.195
7965.65,0.19518
7968.14,0.19594
7970.64,0.19621
7973.13,0.19653
7975.63,0.19631
7978.12,0.19612
7980.62,0.19591
7983.11,0.19537
7985.61,0.19504
7988.1,0.19422
7990.6,0.19443
7993.09,0.19381
7995.59,0.19296
7998.08,0.19314
8000.58,0.19313
8003.07,0.19381
8005.57,0.19542
8008.06,0.19671
8010.56,0.19772
8013.06,0.19875
8015.55,0.19869
8018.05,0.19902
8020.54,0.19875
8023.04,0.19733
8025.53,0.19535
8028.03,0.19513
8030.52,0.19461
8033.02,0.19598
8035.51,0.19822
8038.01,0.19915
8040.5,0.19904
8043.0,0.19795
8045.49,0.1961
8047.99,0.19535
8050.48,0.19479
8052.98,0.19545
8055.47,0.1966
8057.97,0.19793
8060.46,0.1991
8062.96,0.19846
8065.45,0.1975
8067.95,0.1966
8070.44,0.19545
8072.94,0.1949
8075.43,0.19447
8077.93,0.19502
8080.42,0.19523
8082.92,0.19512
8085.41,0.19531
8087.91,0.19464
8090.4,0.1945
8092.9,0.19369
8095.4,0.19265
8097.89,0.19337
8100.39,0.19374
8102.88,0.19441
8105.38,0.19524
8107.87,0.19551
8110.37,0.19486
8112.86,0.19488
8115.36,0.19437
8117.85,0.19466
8120.35,0.1945
8122.84,0.19551
8125.34,0.19622
8127.83,0.19695
8130.33,0.19775
8132.82,0.19763
8135.32,0.19793
8137.81,0.19755
8140.31,0.19753
8142.8,0.19733
8145.3,0.19732
8147.79,0.1973
8150.29,0.1971
8152.78,0.19779
8155.28,0.19779
8157.77,0.19799
8160.27,0.19781
8162.76,0.19716
8165.26,0.197
8167.75,0.19746
8170.25,0.19822
8172.75,0.19818
8175.24,0.19822
8177.74,0.19707
8180.23,0.19601
8182.73,0.19435
8185.22,0.19283
8187.72,0.19223
8190.21,0.1922
8192.71,0.19176
8195.2,0.19068
8197.7,0.18978
8200.19,0.18944
8202.69,0.19012
8205.18,0.19023
8207.68,0.19058
8210.17,0.19131
8212.67,0.19156
8215.16,0.19153
8217.66,0.19233
8220.15,0.19333
8222.65,0.19383
8225.14,0.19505
8227.64,0.19584
8230.13,0.19617
8232.63,0.19614
8235.12,0.19618
8237.62,0.19597
8240.11,0.19579
8242.61,0.19617
8245.1,0.1961
8247.6,0.19541
8250.1,0.19465
8252.59,0.19471
8255.08,0.19452
8257.58,0.19451
8260.08,0.19515
8262.57,0.19586
8265.07,0.19665
8267.56,0.1962
8270.06,0.19605
8272.55,0.19553
8275.05,0.19522
8277.54,0.19484
8280.04,0.19465
8282.53,0.19474
8285.03,0.19402
8287.52,0.19412
8290.02,0.1932
8292.51,0.19272
8295.01,0.19248
8297.5,0.19173
8300.0,0.19127
8302.49,0.19085
8304.99,0.18901
8307.48,0.1885
8309.98,0.18835
8312.47,0.18901
8314.97,0.18959
8317.46,0.19047
8319.96,0.19141
8322.46,0.19051
8324.95,0.18954
8327.44,0.18824
8329.94,0.18672
8332.43,0.18605
8334.93,0.18654
8337.43,0.18664
8339.92,0.18702
8342.42,0.18742
8344.91,0.18765
8347.41,0.18794
8349.9,0.18772
8352.4,0.18829
8354.89,0.18853
8357.39,0.18911
8359.88,0.18896
8362.38,0.18903
8364.87,0.18834
8367.37,0.18825
8369.86,0.18925
8372.36,0.18967
8374.85,0.18936
8377.35,0.18858
8379.84,0.1877
8382.34,0.18554
8384.83,0.1843
8387.33,0.18358
8389.82,0.18355
8392.32,0.18487
8394.81,0.18637
8397.31,0.18832
8399.8,0.18989
8402.3,0.19026
8404.79,0.19073
8407.29,0.19113
8409.79,0.19075
8412.28,0.19024
8414.78,0.18942
8417.27,0.18877
8419.77,0.18821
8422.26,0.18722
8424.76,0.18654
8427.25,0.18603
8429.75,0.18487
8432.24,0.18463
8434.74,0.18276
8437.23,0.18182
8439.73,0.18176
8442.22,0.18214
8444.72,0.18331
8447.21,0.18414
8449.71,0.1846
8452.2,0.18437
8454.7,0.18428
8457.19,0.18417
8459.69,0.18364
8462.18,0.18273
8464.68,0.18155
8467.17,0.18114
8469.67,0.18015
8472.16,0.18012
8474.66,0.18121
8477.15,0.18221
8479.65,0.18379
8482.14,0.18354
8484.64,0.18348
8487.13,0.18307
8489.63,0.18163
8492.12,0.17861
8494.62,0.17439
8497.12,0.16964
8499.61,0.16635
8502.11,0.1667
8504.6,0.16952
8507.1,0.17333
8509.59,0.17632
8512.09,0.1776
8514.58,0.17742
8517.08,0.17679
8519.57,0.17692
8522.07,0.17697
8524.56,0.17771
8527.06,0.17809
8529.55,0.17793
8532.05,0.17493
8534.54,0.17061
8537.04,0.16308
8539.53,0.15466
8542.03,0.1471
8544.52,0.14398
8547.02,0.14687
8549.51,0.15468
8552.01,0.16322
8554.5,0.17047
8557.0,0.17607
8559.49,0.17866
8561.99,0.18007
8564.48,0.18042
8566.98,0.18085
8569.47,0.18108
8571.97,0.18134
8574.47,0.18153
8576.96,0.18157
8579.46,0.1822
8581.95,0.18184
8584.45,0.18233
8586.94,0.18254
8589.44,0.18246
8591.93,0.18309
8594.43,0.18306
8596.92,0.18218
8599.42,0.18263
8601.91,0.18275
8604.41,0.18247
8606.9,0.18261
8609.4,0.18215
8611.89,0.18186
8614.39,0.18107
8616.88,0.18103
8619.38,0.18151
8621.87,0.1817
8624.37,0.18207
8626.86,0.18253
8629.36,0.18291
8631.85,0.18352
8634.35,0.18375
8636.84,0.18406
8639.34,0.18446
8641.83,0.18468
8644.33,0.18477
8646.83,0.184
8649.32,0.18234
8651.82,0.18039
8654.31,0.17663
8656.8,0.17074
8659.3,0.1634
8661.8,0.15615
8664.29,0.15304
8666.79,0.15461
8669.28,0.16008
8671.78,0.16663
8674.27,0.17194
8676.77,0.17619
8679.26,0.17756
8681.76,0.17849
8684.25,0.17817
8686.75,0.1782
8689.24,0.17729
8691.74,0.17729
8694.23,0.17749
8696.73,0.1789
8699.22,0.18019
8701.72,0.18062
8704.21,0.18088
8706.71,0.18123
8709.2,0.18183
8711.7,0.18095
8714.19,0.18086
8716.69,0.18163
8719.18,0.1823
8721.68,0.18314
8724.17,0.184
8726.67,0.18455
8729.17,0.18478
8731.66,0.18429
8734.16,0.18358
8736.65,0.18312
8739.15,0.18374
8741.64,0.18331
8744.14,0.18328
8746.63,0.18378
8749.13,0.18328
8751.62,0.183
8754.12,0.1828
8756.61,0.18253
8759.11,0.18292
8761.6,0.18351
8764.1,0.18367
8766.59,0.1832
8769.09,0.18256
8771.58,0.18232
8774.08,0.18245
8776.57,0.18267
8779.07,0.18398
8781.56,0.1843
8784.06,0.18484
8786.55,0.1851
8789.05,0.18439
8791.54,0.18425
8794.04,0.18322
8796.53,0.18251
8799.03,0.18151
8801.52,0.18001
8804.02,0.17859
8806.51,0.17659
8809.01,0.17677
8811.5,0.17783
8814.0,0.17985
8816.5,0.1819
8818.99,0.18297
8821.49,0.18293
8823.98,0.18313
8826.48,0.18235
8828.97,0.18315
8831.47,0.18384
8833.96,0.18483
8836.46,0.18548
8838.95,0.18537
8841.45,0.18601
8843.94,0.18611
8846.44,0.18751
8848.93,0.18774
8851.43,0.1884
8853.92,0.18826
8856.42,0.18742
8858.91,0.18554
8861.41,0.18323
8863.9,0.18057
8866.4,0.17889
8868.89,0.17824
8871.39,0.17784
8873.88,0.17883
8876.38,0.17882
8878.87,0.1796
8881.37,0.17945
8883.87,0.18033
8886.36,0.18073
8888.86,0.18088
8891.35,0.18116
8893.84,0.18086
8896.34,0.18102
8898.84,0.18142
8901.33,0.18128
8903.83,0.18085
8906.32,0.18075
8908.82,0.18111
8911.31,0.18052
8913.81,0.18024
8916.3,0.17923
8918.8,0.17909
8921.29,0.17883
8923.79,0.17783
8926.28,0.1775
8928.78,0.17756
8931.27,0.17788
8933.77,0.1776
8936.26,0.17872
8938.76,0.17785
8941.25,0.17722
8943.75,0.17694
8946.24,0.17616
8948.74,0.17634
8951.23,0.17679
8953.73,0.17842
8956.22,0.1793
8958.72,0.17994
8961.21,0.1803
8963.71,0.18042
8966.2,0.17967
8968.7,0.17925
8971.2,0.17872
8973.69,0.1781
8976.19,0.1785
8978.68,0.17873
8981.18,0.17913
8983.67,0.17986
8986.17,0.18026
8988.66,0.18091
8991.16,0.18047
8993.65,0.18044
8996.15,0.18005
8998.64,0.17986
9001.14,0.17951
9003.63,0.17858
9006.13,0.1771
9008.62,0.17562
9011.12,0.17398
9013.61,0.17165
9016.11,0.17064
9018.6,0.17103
9021.1,0.17168
9023.59,0.17283
9026.09,0.17441
9028.58,0.17544
9031.08,0.17746
9033.57,0.17843
9036.07,0.17894
9038.56,0.1801
9041.06,0.18066
9043.55,0.18109
9046.05,0.18129
9048.54,0.18181
9051.04,0.18125
9053.54,0.18144
9056.03,0.18089
9058.53,0.18072
9061.02,0.17994
9063.52,0.18029
9066.01,0.17973
9068.51,0.17968
9071.0,0.17976
9073.5,0.17948
9075.99,0.17969
9078.49,0.17844
9080.98,0.17795
9083.48,0.17658
9085.97,0.17529
9088.47,0.17403
9090.96,0.17309
9093.46,0.17362
9095.95,0.17475
9098.45,0.17646
9100.94,0.17707
9103.44,0.17792
9105.93,0.1779
9108.43,0.17826
9110.92,0.17811
9113.42,0.17713
9115.91,0.17644
9118.41,0.17633
9120.9,0.17688
9123.4,0.17765
9125.89,0.17843
9128.39,0.17901
9130.88,0.17921
9133.38,0.17914
9135.88,0.17828
9138.37,0.17664
9140.87,0.17545
9143.36,0.1737
9145.86,0.17318
9148.35,0.1728
9150.85,0.17324
9153.34,0.17329
9155.84,0.17401
9158.33,0.17419
9160.83,0.1737
9163.32,0.1735
9165.82,0.172
9168.31,0.17088
9170.81,0.16968
9173.3,0.16885
9175.8,0.16863
9178.29,0.16924
9180.79,0.17045
9183.28,0.17166
9185.78,0.17162
9188.27,0.17188
9190.77,0.17162
9193.26,0.1714
9195.76,0.17111
9198.25,0.17084
9200.75,0.17058
9203.24,0.17019
9205.74,0.16993
9208.24,0.16915
9210.73,0.16869
9213.23,0.16824
9215.72,0.16824
9218.22,0.16791
9220.71,0.16874
9223.21,0.16896
9225.7,0.16874
9228.2,0.16834
9230.69,0.1683
9233.19,0.16849
9235.68,0.1684
9238.18,0.1686
9240.67,0.16855
9243.17,0.16885
9245.66,0.16832
9248.16,0.16841
9250.65,0.16784
9253.15,0.16741
9255.64,0.16687
9258.14,0.16738
9260.63,0.16791
9263.13,0.16849
9265.62,0.16985
9268.12,0.17065
9270.61,0.17082
9273.11,0.17127
9275.6,0.17046
9278.1,0.16977
9280.59,0.16898
9283.09,0.16796
9285.58,0.16757
9288.08,0.16717
9290.58,0.16671
9293.07,0.16609
9295.57,0.16597
9298.06,0.16566
9300.56,0.16648
9303.05,0.16665
9305.55,0.16692
9308.04,0.16715
9310.54,0.16708
9313.03,0.16688
9315.53,0.16667
9318.02,0.16607
9320.52,0.16641
9323.01,0.16612
9325.51,0.16634
9328.0,0.16674
9330.5,0.16731
9332.99,0.16727
9335.49,0.16712
9337.98,0.16738
9340.48,0.16739
9342.97,0.16666
9345.47,0.16676
9347.96,0.16568
9350.46,0.1647
9352.95,0.16389
9355.45,0.16313
9357.94,0.16216
9360.44,0.1621
9362.93,0.16201
9365.43,0.16197
9367.92,0.16249
9370.42,0.16259
9372.92,0.16232
9375.41,0.16281
9377.91,0.16281
9380.4,0.16272
9382.9,0.16249
9385.39,0.16207
9387.89,0.16226
9390.38,0.16241
9392.88,0.16246
9395.37,0.16243
9397.87,0.16255
9400.36,0.16172
9402.86,0.16067
9405.35,0.16024
9407.85,0.15897
9410.34,0.15825
9412.84,0.15766
9415.33,0.15701
9417.83,0.15729
9420.32,0.1586
9422.82,0.15967
9425.31,0.16056
9427.81,0.16087
9430.3,0.16094
9432.8,0.16025
9435.29,0.15984
9437.79,0.15928
9440.28,0.15949
9442.78,0.159
9445.27,0.159
9447.77,0.15889
9450.27,0.15898
9452.76,0.15972
9455.25,0.15984
9457.75,0.16082
9460.25,0.16127
9462.74,0.16227
9465.24,0.16214
9467.73,0.16273
9470.23,0.16317
9472.72,0.16347
9475.22,0.16346
9477.71,0.16307
9480.21,0.16298
9482.7,0.16351
9485.2,0.1632
9487.69,0.16362
9490.19,0.16423
9492.68,0.16443
9495.18,0.16467
9497.67,0.16465
9500.17,0.16446
9502.66,0.16479
9505.16,0.16464
9507.65,0.16499
9510.15,0.16523
9512.64,0.16496
9515.14,0.16514
9517.63,0.16538
9520.13,0.16555
9522.62,0.16591
9525.12,0.16663
9527.61,0.16637
9530.11,0.16625
9532.61,0.16614
9535.1,0.16543
9537.6,0.16461
9540.09,0.1638
9542.59,0.16309
9545.08,0.16175
9547.58,0.16169
9550.07,0.16185
9552.57,0.16306
9555.06,0.16387
9557.56,0.16554
9560.05,0.1662
9562.55,0.16628
9565.04,0.1667
9567.54,0.16566
9570.03,0.16483
9572.53,0.1641
9575.02,0.16365
9577.52,0.16372
9580.01,0.16428
9582.51,0.16427
9585.0,0.16486
9587.5,0.16536
9589.99,0.16551
9592.49,0.16533
9594.98,0.1648
9597.48,0.16384
9599.97,0.16328
9602.47,0.16289
9604.96,0.16289
9607.46,0.16346
9609.96,0.1644
9612.45,0.16471
9614.95,0.1648
9617.44,0.1648
9619.94,0.16462
9622.43,0.16469
9624.93,0.16428
9627.42,0.16376
9629.92,0.16374
9632.41,0.16323
9634.91,0.16271
9637.4,0.16225
9639.9,0.16131
9642.39,0.1611
9644.89,0.16108
9647.38,0.16072
9649.88,0.16083
9652.37,0.16109
9654.87,0.16047
9657.36,0.16057
9659.86,0.16086
9662.35,0.16086
9664.85,0.16129
9667.34,0.16078
9669.84,0.16089
9672.33,0.16084
9674.83,0.16017
9677.32,0.16031
9679.82,0.16032
9682.31,0.16052
9684.81,0.16107
9687.3,0.16104
9689.8,0.16101
9692.29,0.16099
9694.79,0.16052
9697.29,0.16095
9699.78,0.16095
9702.28,0.16054
9704.77,0.16016
9707.27,0.16081
9709.76,0.16086
9712.26,0.16056
9714.75,0.16149
9717.25,0.16136
9719.74,0.16142
9722.24,0.16055
9724.73,0.15994
9727.23,0.15933
9729.72,0.15881
9732.22,0.15791
9734.71,0.1577
9737.21,0.15722
9739.7,0.15769
9742.2,0.15767
9744.69,0.15736
9747.19,0.15784
9749.68,0.15844
9752.18,0.15868
9754.67,0.15959
9757.17,0.15996
9759.66,0.16016
9762.16,0.16045
9764.65,0.16011
9767.15,0.15913
9769.64,0.15902
9772.14,0.15862
9774.64,0.15861
9777.13,0.15868
9779.63,0.15797
9782.12,0.15754
9784.62,0.15667
9787.11,0.15624
9789.61,0.15638
9792.1,0.15706
9794.6,0.15834
9797.09,0.15968
9799.59,0.16038
9802.08,0.16068
9804.58,0.16118
9807.07,0.16128
9809.57,0.16151
9812.06,0.16156
9814.56,0.16161
9817.05,0.16143
9819.55,0.16163
9822.04,0.16116
9824.54,0.16119
9827.03,0.16078
9829.53,0.1604
9832.02,0.1602
9834.52,0.15992
9837.01,0.16037
9839.51,0.16035
9842.0,0.16076
9844.5,0.1612
9847.0,0.16176
9849.49,0.16135
9851.99,0.16117
9854.48,0.16156
9856.98,0.16138
9859.47,0.16119
9861.97,0.1618
9864.46,0.16104
9866.96,0.16099
9869.45,0.16116
9871.95,0.16106
9874.44,0.16132
9876.94,0.16119
9879.43,0.16135
9881.93,0.16102
9884.42,0.16152
9886.92,0.16072
9889.41,0.16026
9891.91,0.16004
9894.4,0.15951
9896.9,0.1587
9899.39,0.15843
9901.89,0.15871
9904.38,0.15797
9906.88,0.15789
9909.37,0.15758
9911.87,0.15767
9914.36,0.15776
9916.86,0.15778
9919.35,0.15723
9921.85,0.15734
9924.34,0.15731
9926.84,0.15709
9929.33,0.1569
9931.83,0.15703
9934.33,0.15804
9936.82,0.15817
9939.32,0.15831
9941.81,0.15889
9944.31,0.15831
9946.8,0.15779
9949.3,0.15824
9951.79,0.15834
9954.29,0.15868
9956.78,0.15881
9959.28,0.15898
9961.77,0.15953
9964.27,0.15939
9966.76,0.15957
9969.26,0.15948
9971.75,0.15944
9974.25,0.15937
9976.74,0.15902
9979.24,0.15866
9981.73,0.15917
9984.23,0.15865
9986.72,0.15872
9989.22,0.15847
9991.71,0.15802
9994.21,0.15789
9996.7,0.15782
9999.2,0.15767
10001.7,0.15714
10004.2,0.15743
10006.7,0.1572
10009.2,0.15784
10011.7,0.15825
10014.2,0.15825
10016.7,0.15905
10019.2,0.15951
10021.7,0.15972
10024.2,0.1599
10026.6,0.15986
10029.1,0.15883
10031.6,0.15881
10034.1,0.15824
10036.6,0.15728
10039.1,0.15725
10041.6,0.15731
10044.1,0.15705
10046.6,0.15635
10049.1,0.15605
10051.6,0.1555
10054.1,0.15494
10056.6,0.15526
10059.1,0.15489
10061.6,0.1551
10064.1,0.15578
10066.6,0.15575
10069.1,0.15643
10071.6,0.15732
10074.1,0.15731
10076.5,0.15775
10079.0,0.15781
10081.5,0.1573
10084.0,0.15783
10086.5,0.15726
10089.0,0.15792
10091.5,0.15829
10094.0,0.15827
10096.5,0.15929
10099.0,0.15936
10101.5,0.15975
10104.0,0.15946
10106.5,0.15897
10109.0,0.15858
10111.5,0.15824
10114.0,0.15832
10116.5,0.15769
10119.0,0.15749
10121.5,0.15763
10124.0,0.15723
10126.5,0.1575
10128.9,0.1576
10131.4,0.15722
10133.9,0.15762
10136.4,0.15734
10138.9,0.15669
10141.4,0.15616
10143.9,0.15559
10146.4,0.15593
10148.9,0.15518
10151.4,0.15523
10153.9,0.1556
10156.4,0.15561
10158.9,0.15605
10161.4,0.15651
10163.9,0.15651
10166.4,0.15614
10168.9,0.15621
10171.4,0.15609
10173.9,0.15636
10176.4,0.15613
10178.9,0.15662
10181.3,0.15612
10183.8,0.15694
10186.3,0.15587
10188.8,0.156
10191.3,0.15528
10193.8,0.15498
10196.3,0.15463
10198.8,0.15467
10201.3,0.15483
10203.8,0.15527
10206.3,0.15542
10208.8,0.1556
10211.3,0.15523
10213.8,0.15459
10216.3,0.15425
10218.8,0.15363
10221.3,0.15409
10223.8,0.15424
10226.3,0.15463
10228.8,0.15498
10231.2,0.15515
10233.7,0.15528
10236.2,0.15523
10238.7,0.15522
10241.2,0.15586
10243.7,0.15582
10246.2,0.15579
10248.7,0.15564
10251.2,0.15506
10253.7,0.15502
10256.2,0.15466
10258.7,0.15425
10261.2,0.1541
10263.7,0.15415
10266.2,0.1534
10268.7,0.15398
10271.2,0.15393
10273.7,0.15433
10276.2,0.15401
10278.7,0.15406
10281.2,0.15428
10283.6,0.15428
10286.1,0.15396
10288.6,0.15371
10291.1,0.15368
10293.6,0.15378
10296.1,0.15351
10298.6,0.15384
10301.1,0.154
10303.6,0.15382
10306.1,0.15406
10308.6,0.15401
10311.1,0.15407
10313.6,0.15412
10316.1,0.15458
10318.6,0.15382
10321.1,0.15346
10323.6,0.15268
10326.1,0.15201
10328.6,0.15138
10331.1,0.15088
10333.5,0.15069
10336.0,0.15024
10338.5,0.15023
10341.0,0.14984
10343.5,0.14982
10346.0,0.14974
10348.5,0.14992
10351.0,0.15086
10353.5,0.1514
10356.0,0.15247
10358.5,0.15277
10361.0,0.15306
10363.5,0.15356
10366.0,0.15299
10368.5,0.1527
10371.0,0.15221
10373.5,0.15188
10376.0,0.15152
10378.5,0.15144
10381.0,0.15164
10383.5,0.15177
10385.9,0.15204
10388.4,0.15154
10390.9,0.15088
10393.4,0.15087
10395.9,0.15052
10398.4,0.14983
10400.9,0.14994
10403.4,0.15015
10405.9,0.15147
10408.4,0.15151
10410.9,0.15187
10413.4,0.1525
10415.9,0.1523
10418.4,0.15236
10420.9,0.15194
10423.4,0.15154
10425.9,0.15117
10428.4,0.15112
10430.9,0.15124
10433.4,0.15166
10435.9,0.15204
10438.3,0.15215
10440.8,0.15253
10443.3,0.15238
10445.8,0.15255
10448.3,0.15259
10450.8,0.15265
10453.3,0.15223
10455.8,0.1516
10458.3,0.1514
10460.8,0.15146
10463.3,0.15112
10465.8,0.15083
10468.3,0.15063
10470.8,0.15097
10473.3,0.15002
10475.8,0.15063
10478.3,0.15104
10480.8,0.15081
10483.3,0.15121
10485.8,0.15112
10488.2,0.15089
10490.7,0.15046
10493.2,0.15003
10495.7,0.14963
10498.2,0.14932
10500.7,0.14965
10503.2,0.14972
10505.7,0.14983
10508.2,0.15014
10510.7,0.15029
10513.2,0.15021
10515.7,0.15049
10518.2,0.15038
10520.7,0.15013
10523.2,0.15039
10525.7,0.15013
10528.2,0.15009
10530.7,0.14967
10533.2,0.14985
10535.7,0.14927
10538.2,0.14956
10540.6,0.1497
10543.1,0.14969
10545.6,0.14989
10548.1,0.15004
10550.6,0.14979
10553.1,0.15018
10555.6,0.1495
10558.1,0.14942
10560.6,0.14915
10563.1,0.14952
10565.6,0.14954
10568.1,0.14936
10570.6,0.14923
10573.1,0.14898
10575.6,0.14867
10578.1,0.14787
10580.6,0.1471
10583.1,0.14557
10585.6,0.14537
10588.1,0.14533
10590.6,0.14551
10593.0,0.14625
10595.5,0.14731
10598.0,0.14789
10600.5,0.14775
10603.0,0.14693
10605.5,0.14666
10608.0,0.14616
10610.5,0.14642
10613.0,0.14686
10615.5,0.14694
10618.0,0.14738
10620.5,0.14774
10623.0,0.14815
10625.5,0.14797
10628.0,0.14823
10630.5,0.14838
10633.0,0.14855
10635.5,0.14926
10638.0,0.14902
10640.5,0.149
10642.9,0.14863
10645.4,0.14882
10647.9,0.14793
10650.4,0.14798
10652.9,0.14704
10655.4,0.14647
10657.9,0.14587
10660.4,0.14524
10662.9,0.14467
10665.4,0.14412
10667.9,0.14458
10670.4,0.14492
10672.9,0.14606
10675.4,0.14588
10677.9,0.14628
10680.4,0.14611
10682.9,0.14604
10685.4,0.14562
10687.9,0.14514
10690.4,0.14443
10692.9,0.14462
10695.3,0.1446
10697.8,0.14481
10700.3,0.14539
10702.8,0.14656
10705.3,0.14674
10707.8,0.14719
10710.3,0.14687
10712.8,0.14733
10715.3,0.14727
10717.8,0.14719
10720.3,0.14625
10722.8,0.14563
10725.3,0.14458
10727.8,0.14377
10730.3,0.14335
10732.8,0.14329
10735.3,0.14353
10737.8,0.14443
10740.3,0.14473
10742.8,0.14485
10745.3,0.14513
10747.7,0.14478
10750.2,0.14413
10752.7,0.14427
10755.2,0.14417
10757.7,0.14476
10760.2,0.14541
10762.7,0.14561
10765.2,0.14605
10767.7,0.14633
10770.2,0.14571
10772.7,0.14526
10775.2,0.14481
10777.7,0.14421
10780.2,0.14345
10782.7,0.14256
10785.2,0.14202
10787.7,0.14224
10790.2,0.14223
10792.7,0.1429
10795.2,0.14321
10797.6,0.14396
10800.1,0.14421
10802.6,0.14481
10805.1,0.14421
10807.6,0.14376
10810.1,0.14299
10812.6,0.14231
10815.1,0.14181
10817.6,0.1412
10820.1,0.14084
10822.6,0.14069
10825.1,0.14017
10827.6,0.14007
10830.1,0.13993
10832.6,0.14077
10835.1,0.14118
10837.6,0.14184
10840.1,0.14242
10842.6,0.14292
10845.1,0.14302
10847.6,0.14305
10850.0,0.14368
10852.5,0.14422
10855.0,0.14393
10857.5,0.14377
10860.0,0.14352
10862.5,0.14285
10865.0,0.14182
10867.5,0.14022
10870.0,0.13948
10872.5,0.13841
10875.0,0.13793
10877.5,0.13797
10880.0,0.13854
10882.5,0.13893
10885.0,0.13888
10887.5,0.13955
10890.0,0.14004
10892.5,0.14036
10895.0,0.14066
10897.5,0.14082
10900.0,0.14153
10902.4,0.14196
10904.9,0.14216
10907.4,0.14217
10909.9,0.14203
10912.4,0.14203
10914.9,0.1416
10917.4,0.14135
10919.9,0.14086
10922.4,0.14041
10924.9,0.13966
10927.4,0.13846
10929.9,0.13769
10932.4,0.13781
10934.9,0.13715
10937.4,0.13733
10939.9,0.13744
10942.4,0.13768
10944.9,0.13794
10947.4,0.138
10949.9,0.13815
10952.3,0.13789
10954.8,0.13714
10957.3,0.13684
10959.8,0.13531
10962.3,0.13453
10964.8,0.13292
10967.3,0.13193
10969.8,0.13143
10972.3,0.13164
10974.8,0.13149
10977.3,0.13156
10979.8,0.13219
10982.3,0.13201
10984.8,0.13259
10987.3,0.13283
10989.8,0.13296
10992.3,0.13303
10994.8,0.13323
10997.3,0.13281
10999.8,0.13259
