wave,flux
3700.85,0.15785
3701.75,0.15505
3702.65,0.14959
3703.55,0.14143
3704.45,0.13165
3705.35,0.123
3706.25,0.11634
3707.15,0.11235
3708.05,0.11147
3708.96,0.11404
3709.86,0.11935
3710.76,0.12661
3711.66,0.13578
3712.56,0.14475
3713.46,0.15228
3714.36,0.15913
3715.26,0.16024
3716.16,0.15744
3717.06,0.15219
3717.96,0.14203
3718.86,0.13012
3719.76,0.11806
3720.66,0.10835
3721.56,0.10215
3722.46,0.10175
3723.36,0.10616
3724.26,0.11433
3725.16,0.12183
3726.06,0.12883
3726.96,0.13147
3727.86,0.13317
3728.76,0.13226
3729.66,0.13017
3730.56,0.12689
3731.46,0.12119
3732.36,0.11403
3733.26,0.10489
3734.16,0.095297
3735.06,0.08844
3735.96,0.085258
3736.86,0.086451
3737.76,0.091721
3738.66,0.10093
3739.56,0.11123
3740.46,0.12012
3741.36,0.1253
3742.26,0.12643
3743.16,0.12336
3744.06,0.11715
3744.96,0.1098
3745.86,0.1022
3746.76,0.096212
3747.67,0.090947
3748.57,0.087938
3749.47,0.087846
3750.37,0.091636
3751.27,0.099282
3752.17,0.10978
3753.07,0.12166
3753.97,0.13226
3754.87,0.13994
3755.77,0.1431
3756.67,0.14132
3757.57,0.13545
3758.47,0.1282
3759.37,0.12241
3760.27,0.11888
3761.17,0.11985
3762.07,0.12083
3762.97,0.12281
3763.87,0.12439
3764.77,0.12498
3765.67,0.12514
3766.57,0.12472
3767.47,0.12491
3768.37,0.12592
3769.27,0.12765
3770.17,0.13005
3771.07,0.13398
3771.97,0.13886
3772.87,0.14342
3773.77,0.14821
3774.67,0.15189
3775.57,0.1542
3776.47,0.1559
3777.37,0.15726
3778.27,0.15906
3779.17,0.16205
3780.07,0.1651
3780.97,0.16862
3781.87,0.17072
3782.77,0.17205
3783.67,0.1725
3784.57,0.16851
3785.47,0.16235
3786.38,0.15546
3787.28,0.14684
3788.18,0.13957
3789.08,0.13425
3789.98,0.13157
3790.88,0.13011
3791.78,0.12997
3792.68,0.12938
3793.58,0.12752
3794.48,0.12466
3795.38,0.12009
3796.28,0.11621
3797.18,0.11242
3798.08,0.11029
3798.98,0.11111
3799.88,0.11412
3800.78,0.12077
3801.68,0.12866
3802.58,0.13732
3803.48,0.14559
3804.38,0.1503
3805.28,0.15336
3806.18,0.15339
3807.08,0.15237
3807.98,0.15246
3808.88,0.15311
3809.78,0.15442
3810.68,0.15524
3811.58,0.1542
3812.48,0.14976
3813.38,0.14355
3814.28,0.1362
3815.18,0.12913
3816.08,0.12329
3816.98,0.11997
3817.88,0.11897
3818.78,0.1174
3819.68,0.11497
3820.58,0.11221
3821.48,0.11054
3822.38,0.10922
3823.28,0.10751
3824.18,0.10494
3825.09,0.10156
3825.99,0.098113
3826.89,0.094893
3827.79,0.092713
3828.69,0.092223
3829.59,0.092768
3830.49,0.092449
3831.39,0.091585
3832.29,0.089517
3833.19,0.087296
3834.09,0.085338
3834.99,0.084136
3835.89,0.084372
3836.79,0.08479
3837.69,0.086042
3838.59,0.086723
3839.49,0.088867
3840.39,0.092267
3841.29,0.097044
3842.19,0.10474
3843.09,0.11225
3843.99,0.11954
3844.89,0.12542
3845.79,0.13006
3846.69,0.13311
3847.59,0.13445
3848.49,0.13486
3849.39,0.13381
3850.29,0.13303
3851.19,0.13245
3852.09,0.13271
3852.99,0.13251
3853.89,0.13152
3854.79,0.12964
3855.69,0.12687
3856.59,0.12286
3857.49,0.11858
3858.39,0.11462
3859.29,0.11204
3860.19,0.1116
3861.09,0.11376
3861.99,0.11876
3862.9,0.12472
3863.8,0.13087
3864.7,0.1352
3865.6,0.13686
3866.5,0.13606
3867.4,0.13494
3868.3,0.13206
3869.2,0.12863
3870.1,0.12484
3871.0,0.12135
3871.9,0.11887
3872.8,0.11862
3873.7,0.12051
3874.6,0.1249
3875.5,0.12877
3876.4,0.13079
3877.3,0.13078
3878.2,0.12959
3879.1,0.12708
3880.0,0.12511
3880.9,0.12409
3881.8,0.1235
3882.7,0.12387
3883.6,0.12331
3884.5,0.12342
3885.4,0.12134
3886.3,0.11858
3887.2,0.11539
3888.1,0.11415
3889.0,0.11527
3889.9,0.11909
3890.8,0.12527
3891.7,0.13268
3892.6,0.1395
3893.5,0.14653
3894.4,0.1499
3895.3,0.15236
3896.2,0.15358
3897.1,0.15402
3898.0,0.15498
3898.9,0.15633
3899.8,0.15607
3900.7,0.15626
3901.6,0.15641
3902.51,0.15535
3903.41,0.15339
3904.31,0.15101
3905.21,0.14947
3906.11,0.14876
3907.01,0.15158
3907.91,0.15576
3908.81,0.1616
3909.71,0.16726
3910.61,0.1731
3911.51,0.17722
3912.41,0.18043
3913.31,0.18087
3914.21,0.18025
3915.11,0.17894
3916.01,0.17607
3916.91,0.17234
3917.81,0.16821
3918.71,0.16358
3919.61,0.15706
3920.51,0.15214
3921.41,0.14693
3922.31,0.14439
3923.21,0.14178
3924.11,0.14016
3925.01,0.13712
3925.91,0.13289
3926.81,0.1259
3927.71,0.11643
3928.61,0.10534
3929.51,0.093089
3930.41,0.081694
3931.31,0.070338
3932.21,0.060997
3933.11,0.053951
3934.01,0.050242
3934.91,0.049991
3935.81,0.053432
3936.71,0.060137
3937.61,0.069871
3938.51,0.081102
3939.42,0.092484
3940.32,0.10263
3941.22,0.11154
3942.12,0.11803
3943.02,0.1226
3943.92,0.12689
3944.82,0.13159
3945.72,0.13762
3946.62,0.14419
3947.52,0.15023
3948.42,0.15707
3949.32,0.16315
3950.22,0.16698
3951.12,0.17064
3952.02,0.17238
3952.92,0.17462
3953.82,0.17567
3954.72,0.17511
3955.62,0.17492
3956.52,0.17398
3957.42,0.17161
3958.32,0.16837
3959.22,0.16452
3960.12,0.15903
3961.02,0.15019
3961.92,0.13983
3962.82,0.12834
3963.72,0.11681
3964.62,0.10593
3965.52,0.094921
3966.42,0.084222
3967.32,0.074249
3968.22,0.066177
3969.12,0.061602
3970.02,0.061379
3970.92,0.065433
3971.82,0.073296
3972.72,0.083732
3973.62,0.096664
3974.52,0.11029
3975.42,0.12223
3976.32,0.13537
3977.22,0.14715
3978.13,0.15906
3979.03,0.16903
3979.93,0.17822
3980.83,0.18474
3981.73,0.18732
3982.63,0.19083
3983.53,0.19201
3984.43,0.19292
3985.33,0.19453
3986.23,0.19644
3987.13,0.19883
3988.03,0.20212
3988.93,0.20498
3989.83,0.20757
3990.73,0.20902
3991.63,0.21131
3992.53,0.21349
3993.43,0.21412
3994.33,0.21361
3995.23,0.21301
3996.13,0.21023
3997.03,0.20959
3997.93,0.2096
3998.83,0.2113
3999.73,0.21497
4000.63,0.21843
4001.53,0.2222
4002.43,0.2247
4003.33,0.22345
4004.23,0.2212
4005.13,0.21678
4006.03,0.21256
4006.93,0.20962
4007.83,0.21071
4008.73,0.21327
4009.63,0.21831
4010.53,0.22233
4011.43,0.22603
4012.33,0.22804
4013.23,0.23057
4014.13,0.23183
4015.03,0.23298
4015.93,0.234
4016.84,0.23453
4017.74,0.23571
4018.64,0.236
4019.54,0.23731
4020.44,0.23789
4021.34,0.23822
4022.24,0.2365
4023.14,0.2357
4024.04,0.23501
4024.94,0.23482
4025.84,0.23481
4026.74,0.23717
4027.64,0.23747
4028.54,0.23561
4029.44,0.23175
4030.34,0.22566
4031.24,0.21669
4032.14,0.20772
4033.04,0.20267
4033.94,0.20058
4034.84,0.20367
4035.74,0.20976
4036.64,0.21958
4037.54,0.22747
4038.44,0.2349
4039.34,0.24062
4040.24,0.24162
4041.14,0.23985
4042.04,0.23656
4042.94,0.22873
4043.84,0.21997
4044.74,0.21181
4045.64,0.20291
4046.54,0.19865
4047.44,0.20023
4048.34,0.20616
4049.24,0.21528
4050.14,0.22417
4051.04,0.22953
4051.94,0.23468
4052.84,0.2329
4053.74,0.23099
4054.65,0.22692
4055.55,0.22254
4056.45,0.2176
4057.35,0.21404
4058.25,0.21239
4059.15,0.21227
4060.05,0.21261
4060.95,0.2118
4061.85,0.20989
4062.75,0.20644
4063.65,0.20299
4064.55,0.19941
4065.45,0.19964
4066.35,0.20182
4067.25,0.20638
4068.15,0.2115
4069.05,0.21626
4069.95,0.21885
4070.85,0.21937
4071.75,0.21829
4072.65,0.21761
4073.55,0.21615
4074.45,0.21416
4075.35,0.21243
4076.25,0.21038
4077.15,0.20755
4078.05,0.20619
4078.95,0.2076
4079.85,0.21253
4080.75,0.21878
4081.65,0.22646
4082.55,0.23169
4083.45,0.23404
4084.35,0.23519
4085.25,0.23721
4086.15,0.23861
4087.05,0.24131
4087.95,0.24523
4088.85,0.24993
4089.75,0.25273
4090.65,0.25212
4091.55,0.25295
4092.45,0.24969
4093.36,0.24549
4094.26,0.24045
4095.16,0.23624
4096.06,0.22859
4096.96,0.22289
4097.86,0.21493
4098.76,0.20801
4099.66,0.20044
4100.56,0.1942
4101.46,0.18846
4102.36,0.18653
4103.26,0.18737
4104.16,0.19185
4105.06,0.19867
4105.96,0.20859
4106.86,0.21683
4107.76,0.22168
4108.66,0.22534
4109.56,0.22844
4110.46,0.22839
4111.36,0.22821
4112.26,0.2304
4113.16,0.23242
4114.06,0.23561
4114.96,0.2394
4115.86,0.24025
4116.76,0.24153
4117.66,0.24131
4118.56,0.23892
4119.46,0.23652
4120.36,0.2345
4121.26,0.23322
4122.16,0.23257
4123.06,0.23232
4123.96,0.23389
4124.86,0.23509
4125.76,0.2354
4126.66,0.23465
4127.56,0.23342
4128.46,0.2305
4129.36,0.22737
4130.26,0.22408
4131.17,0.21979
4132.06,0.21612
4132.97,0.21402
4133.87,0.21415
4134.77,0.21637
4135.67,0.22131
4136.57,0.2261
4137.47,0.23287
4138.37,0.2364
4139.27,0.24063
4140.17,0.23955
4141.07,0.23739
4141.97,0.23038
4142.87,0.22457
4143.77,0.21825
4144.67,0.21558
4145.57,0.21496
4146.47,0.21694
4147.37,0.22085
4148.27,0.22329
4149.17,0.22516
4150.07,0.22555
4150.97,0.22357
4151.87,0.22208
4152.77,0.22071
4153.67,0.21895
4154.57,0.21692
4155.47,0.21706
4156.37,0.21763
4157.27,0.21865
4158.17,0.22049
4159.07,0.2253
4159.97,0.22944
4160.87,0.23317
4161.77,0.23799
4162.67,0.24092
4163.57,0.24226
4164.47,0.24328
4165.37,0.24114
4166.27,0.23901
4167.17,0.235
4168.07,0.23343
4168.98,0.23057
4169.88,0.22804
4170.78,0.22467
4171.68,0.22106
4172.58,0.21679
4173.48,0.21218
4174.38,0.2093
4175.28,0.20856
4176.18,0.20916
4177.08,0.21079
4177.98,0.21258
4178.88,0.21581
4179.78,0.217
4180.68,0.21826
4181.58,0.22055
4182.48,0.22212
4183.38,0.22297
4184.28,0.2251
4185.18,0.22564
4186.08,0.22626
4186.98,0.22602
4187.88,0.22587
4188.78,0.22488
4189.68,0.22688
4190.58,0.22939
4191.48,0.23184
4192.38,0.23327
4193.28,0.23525
4194.18,0.23516
4195.08,0.23219
4195.98,0.22852
4196.88,0.22289
4197.78,0.21787
4198.68,0.21292
4199.58,0.2093
4200.48,0.20869
4201.38,0.20906
4202.28,0.21102
4203.18,0.21327
4204.08,0.21798
4204.98,0.22354
4205.88,0.22984
4206.79,0.23482
4207.69,0.23854
4208.59,0.24124
4209.49,0.24523
4210.39,0.24483
4211.29,0.24365
4212.19,0.24347
4213.09,0.24082
4213.99,0.23838
4214.89,0.23483
4215.79,0.23308
4216.69,0.23428
4217.59,0.23594
4218.49,0.24094
4219.39,0.24547
4220.29,0.24926
4221.19,0.25035
4222.09,0.24665
4222.99,0.23987
4223.89,0.22811
4224.79,0.21624
4225.69,0.20263
4226.59,0.19334
4227.49,0.18943
4228.39,0.19206
4229.29,0.19883
4230.19,0.21029
4231.09,0.22091
4231.99,0.22964
4232.89,0.23537
4233.79,0.23725
4234.69,0.23507
4235.59,0.23304
4236.49,0.2304
4237.39,0.22832
4238.29,0.22969
4239.19,0.23186
4240.09,0.2347
4240.99,0.24004
4241.89,0.24442
4242.79,0.24987
4243.69,0.25362
4244.59,0.25636
4245.5,0.25745
4246.4,0.25641
4247.3,0.25141
4248.2,0.2467
4249.1,0.24043
4250.0,0.23461
4250.9,0.23097
4251.8,0.22772
4252.7,0.22828
4253.6,0.22831
4254.5,0.23097
4255.4,0.2321
4256.3,0.23407
4257.2,0.23425
4258.1,0.2346
4259.0,0.23374
4259.9,0.23135
4260.8,0.22979
4261.7,0.23212
4262.6,0.23536
4263.5,0.24389
4264.4,0.2504
4265.3,0.25662
4266.2,0.25985
4267.1,0.25936
4268.0,0.25479
4268.9,0.24738
4269.8,0.2365
4270.7,0.22646
4271.6,0.21587
4272.5,0.20847
4273.4,0.2039
4274.3,0.20461
4275.2,0.20845
4276.1,0.21635
4277.0,0.22482
4277.9,0.23392
4278.8,0.24006
4279.7,0.24378
4280.6,0.24558
4281.5,0.24585
4282.4,0.24347
4283.31,0.24387
4284.21,0.24025
4285.11,0.23902
4286.01,0.23503
4286.91,0.23066
4287.81,0.22684
4288.71,0.22161
4289.61,0.21665
4290.51,0.21449
4291.41,0.21381
4292.31,0.21564
4293.21,0.21808
4294.11,0.22165
4295.01,0.22188
4295.91,0.22126
4296.81,0.21753
4297.71,0.21067
4298.61,0.2032
4299.51,0.19344
4300.41,0.18747
4301.31,0.18142
4302.21,0.17717
4303.11,0.17532
4304.01,0.17583
4304.91,0.17511
4305.81,0.17451
4306.71,0.17234
4307.61,0.17064
4308.51,0.1688
4309.41,0.1692
4310.31,0.17255
4311.21,0.17956
4312.11,0.18795
4313.01,0.20027
4313.91,0.21447
4314.81,0.2291
4315.71,0.24393
4316.61,0.25957
4317.51,0.27126
4318.41,0.28015
4319.31,0.28427
4320.21,0.28271
4321.12,0.27889
4322.02,0.26936
4322.92,0.25909
4323.82,0.24631
4324.72,0.23545
4325.62,0.22747
4326.52,0.22472
4327.42,0.22789
4328.32,0.23609
4329.22,0.24826
4330.12,0.25901
4331.02,0.26796
4331.92,0.2747
4332.82,0.27931
4333.72,0.28004
4334.62,0.28053
4335.52,0.27551
4336.42,0.26721
4337.32,0.25655
4338.22,0.24395
4339.12,0.23011
4340.02,0.22047
4340.92,0.21369
4341.82,0.21325
4342.72,0.21806
4343.62,0.22586
4344.52,0.23642
4345.42,0.2471
4346.32,0.25607
4347.22,0.26334
4348.12,0.26935
4349.02,0.27115
4349.92,0.27069
4350.82,0.26701
4351.72,0.26203
4352.62,0.2574
4353.52,0.25493
4354.42,0.25512
4355.32,0.25808
4356.22,0.26193
4357.12,0.2651
4358.02,0.26997
4358.92,0.27299
4359.83,0.27647
4360.73,0.27782
4361.63,0.28272
4362.53,0.28729
4363.43,0.29005
4364.33,0.29322
4365.23,0.29576
4366.13,0.29516
4367.03,0.29207
4367.93,0.28885
4368.83,0.28403
4369.73,0.28044
4370.63,0.27639
4371.53,0.27308
4372.43,0.27057
4373.33,0.26636
4374.23,0.26269
4375.13,0.26115
4376.03,0.25977
4376.93,0.26099
4377.83,0.2636
4378.73,0.2642
4379.63,0.2638
4380.53,0.26091
4381.43,0.25303
4382.33,0.24362
4383.23,0.23212
4384.13,0.22264
4385.03,0.21752
4385.93,0.21768
4386.83,0.22142
4387.73,0.22901
4388.63,0.23488
4389.53,0.2423
4390.43,0.24765
4391.33,0.25091
4392.23,0.25503
4393.13,0.25709
4394.03,0.2601
4394.93,0.26419
4395.83,0.26769
4396.73,0.27137
4397.64,0.27356
4398.54,0.2759
4399.44,0.27657
4400.34,0.27322
4401.24,0.27055
4402.14,0.26456
4403.04,0.25839
4403.94,0.252
4404.84,0.24652
4405.74,0.24461
4406.64,0.2421
4407.54,0.24247
4408.44,0.24908
4409.34,0.25613
4410.24,0.26499
4411.14,0.27216
4412.04,0.27801
4412.94,0.2824
4413.84,0.28217
4414.74,0.27917
4415.64,0.2771
4416.54,0.27496
4417.44,0.27544
4418.34,0.27788
4419.24,0.28111
4420.14,0.28449
4421.04,0.28655
4421.94,0.2882
4422.84,0.28653
4423.74,0.28394
4424.64,0.28218
4425.54,0.28215
4426.44,0.28266
4427.34,0.28231
4428.24,0.28386
4429.14,0.28316
4430.04,0.28252
4430.94,0.28173
4431.84,0.27925
4432.74,0.27696
4433.64,0.27465
4434.54,0.27278
4435.45,0.2721
4436.35,0.27314
4437.25,0.27629
4438.15,0.28031
4439.05,0.28459
4439.95,0.2869
4440.85,0.28868
4441.75,0.28751
4442.65,0.28597
4443.55,0.28457
4444.45,0.28583
4445.35,0.28838
4446.25,0.29244
4447.15,0.29678
4448.05,0.30004
4448.95,0.30163
4449.85,0.30103
4450.75,0.30022
4451.65,0.29693
4452.55,0.29207
4453.45,0.28647
4454.35,0.27901
4455.25,0.27241
4456.15,0.26599
4457.05,0.26218
4457.95,0.25997
4458.85,0.25601
4459.75,0.25618
4460.65,0.25653
4461.55,0.25734
4462.45,0.26089
4463.35,0.26451
4464.25,0.27048
4465.15,0.27348
4466.05,0.27753
4466.95,0.28016
4467.85,0.28238
4468.75,0.28374
4469.65,0.285
4470.55,0.28718
4471.45,0.29
4472.35,0.29451
4473.25,0.29937
4474.16,0.3055
4475.06,0.30905
4475.96,0.31226
4476.86,0.31472
4477.76,0.31387
4478.66,0.31235
4479.56,0.30854
4480.46,0.30191
4481.36,0.2975
4482.26,0.29497
4483.16,0.29477
4484.06,0.29859
4484.96,0.3023
4485.86,0.30609
4486.76,0.30881
4487.66,0.30902
4488.56,0.30725
4489.46,0.30437
4490.36,0.30116
4491.26,0.29938
4492.16,0.29677
4493.06,0.29486
4493.96,0.29416
4494.86,0.29445
4495.76,0.29395
4496.66,0.29482
4497.56,0.29737
4498.46,0.30171
4499.36,0.3063
4500.26,0.30951
4501.16,0.31461
4502.06,0.31911
4502.96,0.32348
4503.86,0.32731
4504.76,0.33171
4505.66,0.33399
4506.56,0.33515
4507.46,0.33555
4508.36,0.33538
4509.26,0.33391
4510.17,0.33311
4511.06,0.33111
4511.97,0.32828
4512.87,0.32555
4513.77,0.32244
4514.67,0.31849
4515.57,0.31635
4516.47,0.31512
4517.37,0.31477
4518.27,0.3148
4519.17,0.31658
4520.07,0.31765
4520.97,0.31758
4521.87,0.31725
4522.77,0.31566
4523.67,0.31188
4524.57,0.30634
4525.47,0.30012
4526.37,0.29159
4527.27,0.28494
4528.17,0.2785
4529.07,0.27389
4529.97,0.27168
4530.87,0.27062
4531.77,0.27191
4532.67,0.27412
4533.57,0.2757
4534.47,0.27886
4535.37,0.28231
4536.27,0.28716
4537.17,0.294
4538.07,0.29762
4538.97,0.30249
4539.87,0.30751
4540.77,0.30733
4541.67,0.30773
4542.57,0.30878
4543.47,0.30902
4544.37,0.30686
4545.27,0.30641
4546.17,0.30479
4547.07,0.30314
4547.97,0.30082
4548.88,0.29911
4549.77,0.29715
4550.68,0.29683
4551.58,0.29561
4552.48,0.29591
4553.38,0.29577
4554.28,0.29679
4555.18,0.29898
4556.08,0.30343
4556.98,0.30642
4557.88,0.3101
4558.78,0.31887
4559.68,0.32178
4560.58,0.32337
4561.48,0.32482
4562.38,0.32435
4563.28,0.32323
4564.18,0.31946
4565.08,0.31666
4565.98,0.31576
4566.88,0.31584
4567.78,0.31617
4568.68,0.32002
4569.58,0.32212
4570.48,0.32147
4571.38,0.3217
4572.28,0.32123
4573.18,0.32093
4574.08,0.32409
4574.98,0.32258
4575.88,0.32503
4576.78,0.32412
4577.68,0.32218
4578.58,0.31839
4579.48,0.31312
4580.38,0.30956
4581.28,0.30577
4582.18,0.30227
4583.08,0.30047
4583.98,0.30163
4584.88,0.30185
4585.78,0.3031
4586.69,0.30424
4587.58,0.30779
4588.49,0.31203
4589.39,0.31446
4590.29,0.31652
4591.19,0.316
4592.09,0.31349
4592.99,0.312
4593.89,0.31079
4594.79,0.30677
4595.69,0.30446
4596.59,0.30379
4597.49,0.3035
4598.39,0.30326
4599.29,0.30391
4600.19,0.30412
4601.09,0.30621
4601.99,0.30546
4602.89,0.30813
4603.79,0.30888
4604.69,0.3095
4605.59,0.31167
4606.49,0.31486
4607.39,0.31932
4608.29,0.32435
4609.19,0.32836
4610.09,0.33255
4610.99,0.33247
4611.89,0.3343
4612.79,0.33264
4613.69,0.33179
4614.59,0.3308
4615.49,0.3323
4616.39,0.33108
4617.29,0.33278
4618.19,0.33287
4619.09,0.33336
4619.99,0.33325
4620.89,0.33291
4621.79,0.33647
4622.69,0.33443
4623.59,0.33406
4624.5,0.33252
4625.4,0.33352
4626.3,0.33271
4627.2,0.33346
4628.1,0.33153
4629.0,0.33116
4629.9,0.33118
4630.8,0.33212
4631.7,0.32974
4632.6,0.32927
4633.5,0.3276
4634.4,0.32484
4635.3,0.3224
4636.2,0.31968
4637.1,0.31533
4638.0,0.31402
4638.9,0.31062
4639.8,0.31053
4640.7,0.31052
4641.6,0.30989
4642.5,0.30955
4643.4,0.30801
4644.3,0.30654
4645.2,0.30265
4646.1,0.30067
4647.0,0.29695
4647.9,0.29391
4648.8,0.2959
4649.7,0.29647
4650.6,0.30038
4651.5,0.30338
4652.4,0.30818
4653.3,0.31091
4654.2,0.3132
4655.1,0.3139
4656.0,0.31401
4656.9,0.31533
4657.8,0.32002
4658.7,0.32233
4659.6,0.32708
4660.5,0.32748
4661.4,0.32893
4662.3,0.32738
4663.21,0.32263
4664.11,0.31768
4665.01,0.30943
4665.91,0.30058
4666.81,0.29377
4667.71,0.28948
4668.61,0.28723
4669.51,0.28844
4670.41,0.29074
4671.31,0.29582
4672.21,0.30124
4673.11,0.30664
4674.01,0.31092
4674.91,0.31229
4675.81,0.31514
4676.71,0.31532
4677.61,0.316
4678.51,0.31367
4679.41,0.31141
4680.31,0.31054
4681.21,0.30955
4682.11,0.30873
4683.01,0.30882
4683.91,0.30882
4684.81,0.31083
4685.71,0.31202
4686.61,0.31405
4687.51,0.31386
4688.41,0.31357
4689.31,0.31387
4690.21,0.31345
4691.11,0.31278
4692.01,0.31295
4692.91,0.31267
4693.81,0.31483
4694.71,0.31509
4695.61,0.31528
4696.51,0.31564
4697.41,0.31446
4698.31,0.31224
4699.21,0.30859
4700.12,0.30636
4701.02,0.30365
4701.92,0.29945
4702.82,0.29706
4703.72,0.29812
4704.62,0.29729
4705.52,0.29891
4706.42,0.29977
4707.32,0.29995
4708.22,0.30098
4709.12,0.30205
4710.02,0.30263
4710.92,0.30518
4711.82,0.30806
4712.72,0.30924
4713.62,0.31049
4714.52,0.31169
4715.42,0.31519
4716.32,0.31618
4717.22,0.32041
4718.12,0.32601
4719.02,0.33041
4719.92,0.33288
4720.82,0.33546
4721.72,0.3392
4722.62,0.34022
4723.52,0.3388
4724.42,0.33788
4725.32,0.33488
4726.22,0.33129
4727.12,0.32526
4728.02,0.31902
4728.92,0.31393
4729.82,0.30907
4730.72,0.30688
4731.62,0.30578
4732.52,0.30595
4733.42,0.30855
4734.32,0.31172
4735.22,0.3152
4736.12,0.31692
4737.02,0.31972
4737.92,0.32225
4738.83,0.32292
4739.73,0.32409
4740.63,0.32492
4741.53,0.3287
4742.43,0.32802
4743.33,0.33005
4744.23,0.3314
4745.13,0.33282
4746.03,0.33395
4746.93,0.33496
4747.83,0.33608
4748.73,0.33679
4749.63,0.33704
4750.53,0.33574
4751.43,0.33506
4752.33,0.33239
4753.23,0.33021
4754.13,0.32747
4755.03,0.32636
4755.93,0.32316
4756.83,0.32342
4757.73,0.32237
4758.63,0.32289
4759.53,0.32332
4760.43,0.32257
4761.33,0.31937
4762.23,0.31835
4763.13,0.31614
4764.03,0.31063
4764.93,0.30927
4765.83,0.30558
4766.73,0.30538
4767.63,0.30646
4768.53,0.30956
4769.43,0.312
4770.33,0.31709
4771.23,0.31949
4772.13,0.32287
4773.03,0.32452
4773.93,0.32905
4774.83,0.33134
4775.73,0.33337
4776.64,0.33672
4777.54,0.33764
4778.44,0.33949
4779.34,0.33817
4780.24,0.33689
4781.14,0.33455
4782.04,0.33157
4782.94,0.3296
4783.84,0.32727
4784.74,0.32335
4785.64,0.32193
4786.54,0.32141
4787.44,0.3182
4788.34,0.31998
4789.24,0.31961
4790.14,0.3213
4791.04,0.32411
4791.94,0.32643
4792.84,0.33034
4793.74,0.33486
4794.64,0.33902
4795.54,0.34345
4796.44,0.34289
4797.34,0.34249
4798.24,0.33942
4799.14,0.33844
4800.04,0.33588
4800.94,0.33543
4801.84,0.33457
4802.74,0.33647
4803.64,0.3362
4804.54,0.33578
4805.44,0.33414
4806.34,0.3328
4807.24,0.33088
4808.14,0.32977
4809.04,0.32974
4809.94,0.32859
4810.84,0.32958
4811.74,0.33144
4812.64,0.33065
4813.54,0.33248
4814.45,0.33553
4815.35,0.33704
4816.25,0.34003
4817.15,0.34119
4818.05,0.34364
4818.95,0.34402
4819.85,0.34725
4820.75,0.34556
4821.65,0.34238
4822.55,0.34065
4823.45,0.33648
4824.35,0.3336
4825.25,0.33192
4826.15,0.32994
4827.05,0.33048
4827.95,0.33086
4828.85,0.32943
4829.75,0.32944
4830.65,0.3291
4831.55,0.3287
4832.45,0.32875
4833.35,0.32945
4834.25,0.3294
4835.15,0.32948
4836.05,0.33003
4836.95,0.3316
4837.85,0.32985
4838.75,0.32871
4839.65,0.32815
4840.55,0.32624
4841.45,0.32457
4842.35,0.3222
4843.25,0.32197
4844.15,0.32514
4845.05,0.32505
4845.95,0.32617
4846.85,0.32777
4847.75,0.32766
4848.65,0.32713
4849.55,0.32589
4850.45,0.32545
4851.35,0.32466
4852.26,0.32269
4853.16,0.31999
4854.06,0.31561
4854.96,0.31198
4855.86,0.30519
4856.76,0.29904
4857.66,0.29204
4858.56,0.28458
4859.46,0.27783
4860.36,0.27031
4861.26,0.264
4862.16,0.26085
4863.06,0.26096
4863.96,0.26274
4864.86,0.26866
4865.76,0.2768
4866.66,0.28344
4867.56,0.29039
4868.46,0.29352
4869.36,0.29623
4870.26,0.29628
4871.16,0.29544
4872.06,0.29495
4872.96,0.29459
4873.86,0.29647
4874.76,0.29839
4875.66,0.30324
4876.56,0.30726
4877.46,0.31156
4878.36,0.31629
4879.26,0.32022
4880.16,0.32237
4881.06,0.3249
4881.96,0.32195
4882.86,0.32096
4883.76,0.32042
4884.66,0.31732
4885.56,0.3127
4886.46,0.30905
4887.36,0.30709
4888.26,0.30438
4889.17,0.30152
4890.07,0.30061
4890.97,0.30074
4891.87,0.30371
4892.77,0.31069
4893.67,0.31703
4894.57,0.32391
4895.47,0.33144
4896.37,0.33886
4897.27,0.34383
4898.17,0.3467
4899.07,0.34744
4899.97,0.34523
4900.87,0.34239
4901.77,0.34037
4902.67,0.338
4903.57,0.33684
4904.47,0.33646
4905.37,0.33616
4906.27,0.33698
4907.17,0.33474
4908.07,0.33477
4908.97,0.33226
4909.87,0.32934
4910.77,0.3264
4911.67,0.32469
4912.57,0.32533
4913.47,0.32638
4914.37,0.32751
4915.27,0.3283
4916.17,0.32698
4917.07,0.32274
4917.97,0.31787
4918.87,0.31207
4919.77,0.30441
4920.67,0.29968
4921.57,0.29594
4922.47,0.29506
4923.37,0.29806
4924.27,0.30311
4925.17,0.30912
4926.07,0.31726
4926.98,0.32288
4927.88,0.33033
4928.78,0.33412
4929.68,0.33899
4930.58,0.34002
4931.48,0.34169
4932.38,0.33961
4933.28,0.33735
4934.18,0.33371
4935.08,0.3283
4935.98,0.32463
4936.88,0.32026
4937.78,0.3177
4938.68,0.31666
4939.58,0.31461
4940.48,0.31818
4941.38,0.32132
4942.28,0.32656
4943.18,0.33191
4944.08,0.33689
4944.98,0.34016
4945.88,0.34491
4946.78,0.34598
4947.68,0.3481
4948.58,0.34987
4949.48,0.34854
4950.38,0.34925
4951.28,0.35013
4952.18,0.34891
4953.08,0.34675
4953.98,0.3401
4954.88,0.33713
4955.78,0.32885
4956.68,0.32255
4957.58,0.31905
4958.48,0.31602
4959.38,0.31628
4960.28,0.31786
4961.18,0.32104
4962.08,0.32566
4962.98,0.32789
4963.88,0.3303
4964.79,0.32962
4965.69,0.32868
4966.59,0.326
4967.49,0.32508
4968.39,0.32435
4969.29,0.32373
4970.19,0.32324
4971.09,0.32553
4971.99,0.3289
4972.89,0.33076
4973.79,0.33361
4974.69,0.33666
4975.59,0.33505
4976.49,0.33464
4977.39,0.33196
4978.29,0.32802
4979.19,0.32286
4980.09,0.31628
4980.99,0.31027
4981.89,0.30585
4982.79,0.29936
4983.69,0.29623
4984.59,0.29626
4985.49,0.29799
4986.39,0.30082
4987.29,0.3046
4988.19,0.3102
4989.09,0.31231
4989.99,0.31725
4990.89,0.32028
4991.79,0.32106
4992.69,0.32321
4993.59,0.3231
4994.49,0.32386
4995.39,0.32319
4996.29,0.32423
4997.19,0.32187
4998.09,0.3217
4998.99,0.31794
4999.89,0.3141
5000.79,0.31114
5001.7,0.30681
5002.6,0.30329
5003.5,0.2999
5004.4,0.29699
5005.3,0.29664
5006.2,0.295
5007.1,0.29497
5008.0,0.29644
5008.9,0.29753
5009.8,0.29767
5010.7,0.29867
5011.6,0.29874
5012.5,0.29736
5013.4,0.29347
5014.3,0.29147
5015.2,0.28996
5016.1,0.28837
5017.0,0.28855
5017.9,0.28873
5018.8,0.29107
5019.7,0.29265
5020.6,0.29486
5021.5,0.29636
5022.4,0.29718
5023.3,0.29943
5024.2,0.30306
5025.1,0.30443
5026.0,0.30484
5026.9,0.30768
5027.8,0.30904
5028.7,0.31353
5029.6,0.31491
5030.5,0.31806
5031.4,0.31978
5032.3,0.32341
5033.2,0.32394
5034.1,0.32421
5035.0,0.32324
5035.9,0.32105
5036.8,0.31542
5037.7,0.30965
5038.6,0.30541
5039.5,0.29845
5040.41,0.29454
5041.31,0.29148
5042.21,0.29445
5043.11,0.29634
5044.01,0.30246
5044.91,0.30665
5045.81,0.31438
5046.71,0.31713
5047.61,0.32015
5048.51,0.31915
5049.41,0.31753
5050.31,0.3148
5051.21,0.31437
5052.11,0.31351
5053.01,0.31432
5053.91,0.31592
5054.81,0.31902
5055.71,0.32539
5056.61,0.32851
5057.51,0.33124
5058.41,0.33474
5059.31,0.33756
5060.21,0.33848
5061.11,0.338
5062.01,0.33657
5062.91,0.33527
5063.81,0.33246
5064.71,0.329
5065.61,0.32442
5066.51,0.31976
5067.41,0.31816
5068.31,0.31479
5069.21,0.31518
5070.11,0.31305
5071.01,0.31477
5071.91,0.31445
5072.81,0.31691
5073.71,0.31702
5074.61,0.31817
5075.51,0.31458
5076.42,0.31493
5077.31,0.31073
5078.21,0.30876
5079.12,0.30415
5080.02,0.30141
5080.92,0.29794
5081.82,0.29644
5082.72,0.29672
5083.62,0.29946
5084.52,0.30112
5085.42,0.30447
5086.32,0.30869
5087.22,0.31259
5088.12,0.31581
5089.02,0.31949
5089.92,0.32143
5090.82,0.32437
5091.72,0.32599
5092.62,0.32668
5093.52,0.32843
5094.42,0.32716
5095.32,0.32482
5096.22,0.32189
5097.12,0.31819
5098.02,0.3134
5098.92,0.31045
5099.82,0.30815
5100.72,0.30701
5101.62,0.30701
5102.52,0.3082
5103.42,0.31047
5104.32,0.31363
5105.22,0.31296
5106.12,0.31245
5107.02,0.31078
5107.92,0.30973
5108.82,0.30818
5109.72,0.30795
5110.62,0.30707
5111.52,0.30897
5112.42,0.31113
5113.32,0.31615
5114.22,0.3183
5115.12,0.32136
5116.03,0.32523
5116.93,0.3287
5117.83,0.32996
5118.73,0.3304
5119.63,0.32879
5120.53,0.32666
5121.43,0.32292
5122.33,0.31787
5123.23,0.31218
5124.13,0.30869
5125.03,0.30501
5125.93,0.30028
5126.83,0.29861
5127.73,0.29674
5128.63,0.29979
5129.53,0.30002
5130.43,0.30141
5131.33,0.30469
5132.23,0.30604
5133.13,0.30963
5134.03,0.31211
5134.93,0.31235
5135.83,0.31351
5136.73,0.31303
5137.63,0.31162
5138.53,0.30803
5139.43,0.30725
5140.33,0.30474
5141.23,0.30464
5142.13,0.30098
5143.03,0.30165
5143.93,0.30062
5144.83,0.3004
5145.73,0.29965
5146.63,0.29999
5147.53,0.30154
5148.43,0.29941
5149.33,0.29993
5150.23,0.29931
5151.13,0.29942
5152.03,0.29872
5152.94,0.30179
5153.84,0.30217
5154.74,0.30372
5155.64,0.30821
5156.54,0.31057
5157.44,0.31303
5158.34,0.31709
5159.24,0.31754
5160.14,0.31842
5161.04,0.31768
5161.94,0.31463
5162.84,0.30788
5163.74,0.30049
5164.64,0.29254
5165.54,0.28194
5166.44,0.27048
5167.34,0.2598
5168.24,0.25101
5169.14,0.24425
5170.04,0.24005
5170.94,0.23763
5171.84,0.23723
5172.74,0.23996
5173.64,0.24329
5174.54,0.24869
5175.44,0.25721
5176.34,0.26664
5177.24,0.27364
5178.14,0.28075
5179.04,0.283
5179.94,0.28321
5180.84,0.28112
5181.74,0.27535
5182.64,0.26987
5183.54,0.26436
5184.44,0.25987
5185.34,0.26134
5186.24,0.26379
5187.14,0.26981
5188.04,0.27762
5188.94,0.28427
5189.84,0.29132
5190.75,0.29491
5191.65,0.29608
5192.55,0.29722
5193.45,0.29598
5194.35,0.29638
5195.25,0.29527
5196.15,0.29792
5197.05,0.30012
5197.95,0.30318
5198.85,0.30692
5199.75,0.30889
5200.65,0.31092
5201.55,0.31127
5202.45,0.30855
5203.35,0.30602
5204.25,0.30101
5205.15,0.29638
5206.05,0.29045
5206.95,0.28588
5207.85,0.28222
5208.75,0.28268
5209.65,0.28313
5210.55,0.28688
5211.45,0.2906
5212.35,0.29614
5213.25,0.30203
5214.15,0.30705
5215.05,0.31017
5215.95,0.31214
5216.85,0.31557
5217.75,0.31691
5218.65,0.31854
5219.55,0.32056
5220.45,0.32087
5221.35,0.32056
5222.25,0.32033
5223.15,0.31706
5224.05,0.31322
5224.95,0.30711
5225.85,0.3035
5226.75,0.29777
5227.66,0.29621
5228.56,0.29573
5229.46,0.29694
5230.36,0.29996
5231.26,0.30432
5232.16,0.30838
5233.06,0.31219
5233.96,0.31278
5234.86,0.31593
5235.76,0.31914
5236.66,0.32154
5237.56,0.32536
5238.46,0.32891
5239.36,0.33187
5240.26,0.3334
5241.16,0.33579
5242.06,0.3365
5242.96,0.3364
5243.86,0.33435
5244.76,0.33477
5245.66,0.3318
5246.56,0.32811
5247.46,0.32569
5248.36,0.32235
5249.26,0.31883
5250.16,0.31733
5251.06,0.31659
5251.96,0.31722
5252.86,0.31486
5253.76,0.31758
5254.66,0.32008
5255.56,0.32287
5256.46,0.32416
5257.36,0.32756
5258.26,0.32958
5259.16,0.3291
5260.06,0.32741
5260.96,0.3236
5261.86,0.31718
5262.76,0.31064
5263.66,0.30263
5264.56,0.29403
5265.47,0.28481
5266.37,0.27947
5267.27,0.27354
5268.17,0.27097
5269.07,0.27017
5269.97,0.27155
5270.87,0.27207
5271.77,0.27573
5272.67,0.28198
5273.57,0.28778
5274.47,0.29561
5275.37,0.30273
5276.27,0.30912
5277.17,0.31464
5278.07,0.32043
5278.97,0.32335
5279.87,0.32489
5280.77,0.32539
5281.67,0.32646
5282.57,0.3269
5283.47,0.32616
5284.37,0.32856
5285.27,0.33033
5286.17,0.3339
5287.07,0.33788
5287.97,0.34298
5288.87,0.34692
5289.77,0.35015
5290.67,0.35266
5291.57,0.35256
5292.47,0.35128
5293.37,0.34949
5294.27,0.34596
5295.17,0.34335
5296.07,0.33705
5296.97,0.33063
5297.87,0.32726
5298.77,0.3233
5299.67,0.3209
5300.57,0.32173
5301.48,0.32528
5302.38,0.32748
5303.27,0.33321
5304.18,0.33771
5305.08,0.3427
5305.98,0.34551
5306.88,0.35026
5307.78,0.35289
5308.68,0.35514
5309.58,0.35521
5310.48,0.35746
5311.38,0.3574
5312.28,0.35529
5313.18,0.35531
5314.08,0.35303
5314.98,0.35242
5315.88,0.35013
5316.78,0.34783
5317.68,0.3449
5318.58,0.34511
5319.48,0.34307
5320.38,0.34127
5321.28,0.33926
5322.18,0.33464
5323.08,0.33245
5323.98,0.3288
5324.88,0.32316
5325.78,0.31733
5326.68,0.31221
5327.58,0.30667
5328.48,0.30268
5329.38,0.30102
5330.28,0.3035
5331.18,0.30575
5332.08,0.31124
5332.98,0.31906
5333.88,0.32353
5334.78,0.33002
5335.68,0.33429
5336.58,0.33698
5337.48,0.33836
5338.38,0.33767
5339.28,0.33577
5340.19,0.3338
5341.08,0.33222
5341.99,0.33151
5342.89,0.33062
5343.79,0.3306
5344.69,0.33071
5345.59,0.33105
5346.49,0.33178
5347.39,0.33318
5348.29,0.33419
5349.19,0.33373
5350.09,0.33576
5350.99,0.33995
5351.89,0.34262
5352.79,0.34468
5353.69,0.34881
5354.59,0.3539
5355.49,0.35842
5356.39,0.36161
5357.29,0.36296
5358.19,0.36451
5359.09,0.36559
5359.99,0.36315
5360.89,0.36229
5361.79,0.36117
5362.69,0.35503
5363.59,0.35187
5364.49,0.34627
5365.39,0.34351
5366.29,0.33941
5367.19,0.33487
5368.09,0.3324
5368.99,0.32848
5369.89,0.32499
5370.79,0.32256
5371.69,0.3236
5372.59,0.32399
5373.49,0.32735
5374.39,0.33058
5375.29,0.33594
5376.19,0.3407
5377.09,0.34312
5378.0,0.34599
5378.9,0.34783
5379.8,0.34958
5380.7,0.34951
5381.6,0.34996
5382.5,0.34963
5383.4,0.34779
5384.3,0.34663
5385.2,0.34501
5386.1,0.34536
5387.0,0.34306
5387.9,0.34271
5388.8,0.33858
5389.7,0.33837
5390.6,0.33595
5391.5,0.3318
5392.4,0.32987
5393.3,0.32943
5394.2,0.32639
5395.1,0.32219
5396.0,0.3233
5396.9,0.32062
5397.8,0.32014
5398.7,0.31947
5399.6,0.32
5400.5,0.3206
5401.4,0.32059
5402.3,0.3193
5403.2,0.3184
5404.1,0.31707
5405.0,0.31466
5405.9,0.31127
5406.8,0.31076
5407.7,0.30951
5408.6,0.3088
5409.5,0.31166
5410.4,0.31478
5411.3,0.31803
5412.2,0.32249
5413.1,0.32736
5414.0,0.33106
5414.9,0.33619
5415.81,0.33768
5416.71,0.34173
5417.61,0.3437
5418.51,0.34544
5419.41,0.34443
5420.31,0.34604
5421.21,0.34587
5422.11,0.3441
5423.01,0.34114
5423.91,0.34131
5424.81,0.3401
5425.71,0.33881
5426.61,0.33863
5427.51,0.33761
5428.41,0.33629
5429.31,0.33423
5430.21,0.33326
5431.11,0.32795
5432.01,0.32653
5432.91,0.32453
5433.81,0.32352
5434.71,0.32431
5435.61,0.32459
5436.51,0.32953
5437.41,0.32922
5438.31,0.33568
5439.21,0.33974
5440.11,0.34453
5441.01,0.34751
5441.91,0.35037
5442.81,0.35139
5443.71,0.34952
5444.61,0.3485
5445.51,0.34312
5446.41,0.33777
5447.31,0.3352
5448.21,0.3336
5449.11,0.33064
5450.01,0.33008
5450.91,0.33172
5451.81,0.33125
5452.72,0.33288
5453.62,0.33208
5454.52,0.33136
5455.42,0.32978
5456.32,0.32974
5457.22,0.32915
5458.12,0.32925
5459.02,0.33221
5459.92,0.33232
5460.82,0.33249
5461.72,0.33442
5462.62,0.33363
5463.52,0.33158
5464.42,0.3316
5465.32,0.33207
5466.22,0.33263
5467.12,0.33346
5468.02,0.33365
5468.92,0.33345
5469.82,0.33461
5470.72,0.33341
5471.62,0.3322
5472.52,0.33121
5473.42,0.32867
5474.32,0.32566
5475.22,0.32375
5476.12,0.32062
5477.02,0.31916
5477.92,0.31789
5478.82,0.31779
5479.72,0.31771
5480.62,0.31798
5481.52,0.32155
5482.42,0.32261
5483.32,0.32608
5484.22,0.32709
5485.12,0.32847
5486.02,0.3317
5486.92,0.33264
5487.82,0.33386
5488.72,0.33346
5489.62,0.33516
5490.53,0.3332
5491.43,0.33359
5492.33,0.33447
5493.23,0.33401
5494.13,0.33512
5495.03,0.33492
5495.93,0.33583
5496.83,0.33625
5497.73,0.33542
5498.63,0.33517
5499.53,0.33331
5500.43,0.334
5501.33,0.33239
5502.23,0.33078
5503.13,0.33093
5504.03,0.32995
5504.93,0.33076
5505.83,0.32826
5506.73,0.32567
5507.63,0.32626
5508.53,0.32702
5509.43,0.32748
5510.33,0.32616
5511.23,0.32586
5512.13,0.32506
5513.03,0.3247
5513.93,0.32388
5514.83,0.32505
5515.73,0.3266
5516.63,0.32716
5517.53,0.33005
5518.43,0.33343
5519.33,0.33715
5520.23,0.33992
5521.13,0.33992
5522.03,0.34259
5522.93,0.34262
5523.83,0.34124
5524.73,0.33944
5525.63,0.33833
5526.54,0.33555
5527.44,0.3335
5528.33,0.33103
5529.24,0.32785
5530.14,0.33027
5531.04,0.33027
5531.94,0.33227
5532.84,0.33202
5533.74,0.33251
5534.64,0.3336
5535.54,0.33474
5536.44,0.33542
5537.34,0.33765
5538.24,0.33904
5539.14,0.34063
5540.04,0.34002
5540.94,0.34183
5541.84,0.3427
5542.74,0.3428
5543.64,0.34391
5544.54,0.3455
5545.44,0.34431
5546.34,0.34466
5547.24,0.34387
5548.14,0.34715
5549.04,0.34828
5549.94,0.34887
5550.84,0.35019
5551.74,0.35048
5552.64,0.34835
5553.54,0.3478
5554.44,0.34635
5555.34,0.34619
5556.24,0.34612
5557.14,0.34369
5558.04,0.34028
5558.94,0.34201
5559.84,0.34042
5560.74,0.33969
5561.64,0.33899
5562.54,0.33773
5563.44,0.33668
5564.34,0.33513
5565.25,0.33566
5566.15,0.33296
5567.05,0.33233
5567.95,0.33215
5568.85,0.33053
5569.75,0.33187
5570.65,0.33211
5571.55,0.332
5572.45,0.33145
5573.35,0.33301
5574.25,0.33433
5575.15,0.33654
5576.05,0.33775
5576.95,0.34044
5577.85,0.33935
5578.75,0.34076
5579.65,0.34057
5580.55,0.34152
5581.45,0.34073
5582.35,0.33992
5583.25,0.33849
5584.15,0.33439
5585.05,0.33049
5585.95,0.32554
5586.85,0.32259
5587.75,0.31957
5588.65,0.31623
5589.55,0.31546
5590.45,0.31395
5591.35,0.31442
5592.25,0.3158
5593.15,0.31891
5594.05,0.32026
5594.95,0.32343
5595.85,0.32502
5596.75,0.3259
5597.65,0.32601
5598.55,0.32617
5599.45,0.32635
5600.35,0.32553
5601.25,0.32506
5602.15,0.32567
5603.06,0.32552
5603.96,0.32704
5604.86,0.3299
5605.76,0.33377
5606.66,0.33709
5607.56,0.34202
5608.46,0.34468
5609.36,0.34702
5610.26,0.34662
5611.16,0.34727
5612.06,0.34613
5612.96,0.3427
5613.86,0.34072
5614.76,0.33667
5615.66,0.33344
5616.56,0.33038
5617.46,0.32876
5618.36,0.3263
5619.26,0.32706
5620.16,0.32627
5621.06,0.32859
5621.96,0.32766
5622.86,0.32786
5623.76,0.32694
5624.66,0.32684
5625.56,0.32916
5626.46,0.32814
5627.36,0.32985
5628.26,0.33069
5629.16,0.33536
5630.06,0.33532
5630.96,0.33879
5631.86,0.33916
5632.76,0.3399
5633.66,0.34147
5634.56,0.34005
5635.46,0.3363
5636.36,0.33772
5637.26,0.33533
5638.16,0.33336
5639.06,0.3322
5639.96,0.33122
5640.86,0.33211
5641.77,0.32966
5642.67,0.33102
5643.57,0.33019
5644.47,0.32994
5645.37,0.3314
5646.27,0.33289
5647.17,0.33392
5648.07,0.33416
5648.97,0.33612
5649.87,0.33546
5650.77,0.33631
5651.67,0.3361
5652.57,0.33762
5653.47,0.3358
5654.37,0.33382
5655.27,0.33304
5656.17,0.33177
5657.07,0.32794
5657.97,0.32572
5658.87,0.32486
5659.77,0.32313
5660.67,0.32223
5661.57,0.322
5662.47,0.32083
5663.37,0.32368
5664.27,0.32471
5665.17,0.32694
5666.07,0.32872
5666.97,0.3312
5667.87,0.33234
5668.77,0.33347
5669.67,0.33596
5670.57,0.33648
5671.47,0.33707
5672.37,0.34017
5673.27,0.34215
5674.17,0.34354
5675.07,0.3453
5675.97,0.34492
5676.88,0.34671
5677.77,0.34789
5678.68,0.34587
5679.58,0.34467
5680.48,0.34269
5681.38,0.34252
5682.28,0.34045
5683.18,0.33914
5684.08,0.33584
5684.98,0.33605
5685.88,0.33483
5686.78,0.3335
5687.68,0.33406
5688.58,0.33421
5689.48,0.33412
5690.38,0.33565
5691.28,0.33794
5692.18,0.34022
5693.08,0.34152
5693.98,0.34311
5694.88,0.34326
5695.78,0.34423
5696.68,0.3445
5697.58,0.34213
5698.48,0.34066
5699.38,0.33751
5700.28,0.33598
5701.18,0.33435
5702.08,0.33211
5702.98,0.33118
5703.88,0.32977
5704.78,0.32755
5705.68,0.32543
5706.58,0.325
5707.48,0.32312
5708.38,0.32145
5709.28,0.31912
5710.18,0.31861
5711.08,0.31902
5711.98,0.32079
5712.88,0.32128
5713.78,0.32414
5714.68,0.32677
5715.59,0.33355
5716.49,0.33566
5717.39,0.33862
5718.29,0.34272
5719.19,0.34424
5720.09,0.34721
5720.99,0.34921
5721.89,0.35143
5722.79,0.35063
5723.69,0.35222
5724.59,0.35379
5725.49,0.35264
5726.39,0.35121
5727.29,0.35191
5728.19,0.35069
5729.09,0.35045
5729.99,0.34976
5730.89,0.3487
5731.79,0.34765
5732.69,0.34946
5733.59,0.3495
5734.49,0.34755
5735.39,0.34895
5736.29,0.3512
5737.19,0.3504
5738.09,0.35058
5738.99,0.35002
5739.89,0.35141
5740.79,0.34986
5741.69,0.3506
5742.59,0.35012
5743.49,0.35028
5744.39,0.34922
5745.29,0.35009
5746.19,0.34998
5747.09,0.34908
5747.99,0.34923
5748.89,0.3489
5749.79,0.34888
5750.69,0.34542
5751.59,0.34572
5752.5,0.3457
5753.4,0.34177
5754.3,0.34029
5755.2,0.34132
5756.1,0.34193
5757.0,0.34292
5757.9,0.34226
5758.8,0.34342
5759.7,0.34408
5760.6,0.34263
5761.5,0.34291
5762.4,0.34239
5763.3,0.34102
5764.2,0.34397
5765.1,0.34548
5766.0,0.34648
5766.9,0.34659
5767.8,0.35084
5768.7,0.35136
5769.6,0.35184
5770.5,0.35334
5771.4,0.35236
5772.3,0.35139
5773.2,0.3517
5774.1,0.34986
5775.0,0.34896
5775.9,0.34882
5776.8,0.34588
5777.7,0.34685
5778.6,0.34255
5779.5,0.34056
5780.4,0.3361
5781.3,0.33439
5782.2,0.33035
5783.1,0.32878
5784.0,0.32689
5784.9,0.3254
5785.8,0.32576
5786.7,0.32599
5787.6,0.32678
5788.5,0.32993
5789.41,0.33162
5790.31,0.33499
5791.21,0.33696
5792.11,0.34006
5793.01,0.34315
5793.91,0.34416
5794.81,0.34521
5795.71,0.34701
5796.61,0.34829
5797.51,0.34899
5798.41,0.34924
5799.31,0.35056
5800.21,0.35209
5801.11,0.35298
5802.01,0.35298
5802.91,0.3531
5803.81,0.35493
5804.71,0.35412
5805.61,0.35292
5806.51,0.35158
5807.41,0.3511
5808.31,0.35032
5809.21,0.3507
5810.11,0.35205
5811.01,0.35049
5811.91,0.35128
5812.81,0.35124
5813.71,0.34979
5814.61,0.35062
5815.51,0.35004
5816.41,0.34983
5817.31,0.35077
5818.21,0.35083
5819.11,0.35089
5820.01,0.3543
5820.91,0.35395
5821.81,0.35524
5822.71,0.35592
5823.61,0.35724
5824.51,0.35743
5825.41,0.35656
5826.31,0.35846
5827.22,0.35677
5828.12,0.3588
5829.02,0.35774
5829.92,0.35827
5830.82,0.3575
5831.72,0.35906
5832.62,0.35778
5833.52,0.35802
5834.42,0.35621
5835.32,0.35492
5836.22,0.35638
5837.12,0.35352
5838.02,0.3539
5838.92,0.35375
5839.82,0.35515
5840.72,0.35624
5841.62,0.35587
5842.52,0.35548
5843.42,0.35741
5844.32,0.35613
5845.22,0.35538
5846.12,0.35397
5847.02,0.35399
5847.92,0.35242
5848.82,0.35048
5849.72,0.3492
5850.62,0.34631
5851.52,0.3445
5852.42,0.34248
5853.32,0.34116
5854.22,0.33857
5855.12,0.33581
5856.02,0.33617
5856.92,0.33391
5857.82,0.33218
5858.72,0.33251
5859.62,0.33157
5860.52,0.33271
5861.42,0.33313
5862.32,0.33484
5863.23,0.33638
5864.12,0.3371
5865.03,0.33898
5865.93,0.34069
5866.83,0.33994
5867.73,0.34312
5868.63,0.34218
5869.53,0.34398
5870.43,0.34381
5871.33,0.34545
5872.23,0.34592
5873.13,0.34755
5874.03,0.34493
5874.93,0.34561
5875.83,0.34532
5876.73,0.34503
5877.63,0.34302
5878.53,0.34324
5879.43,0.3404
5880.33,0.33834
5881.23,0.33708
5882.13,0.33579
5883.03,0.33319
5883.93,0.32951
5884.83,0.327
5885.73,0.32108
5886.63,0.31588
5887.53,0.31116
5888.43,0.30266
5889.33,0.29322
5890.23,0.28581
5891.13,0.28057
5892.03,0.27626
5892.93,0.27246
5893.83,0.27042
5894.73,0.27215
5895.63,0.27275
5896.53,0.27644
5897.43,0.28164
5898.33,0.28662
5899.23,0.2913
5900.13,0.29871
5901.04,0.30585
5901.94,0.31151
5902.83,0.31823
5903.74,0.32174
5904.64,0.32645
5905.54,0.32933
5906.44,0.33172
5907.34,0.33409
5908.24,0.33365
5909.14,0.33573
5910.04,0.336
5910.94,0.33604
5911.84,0.33682
5912.74,0.33599
5913.64,0.33607
5914.54,0.33475
5915.44,0.33306
5916.34,0.33317
5917.24,0.33303
5918.14,0.33422
5919.04,0.33308
5919.94,0.33496
5920.84,0.33653
5921.74,0.33674
5922.64,0.33814
5923.54,0.33738
5924.44,0.33853
5925.34,0.33853
5926.24,0.33969
5927.14,0.33779
5928.04,0.33781
5928.94,0.3383
5929.84,0.33874
5930.74,0.33744
5931.64,0.3374
5932.54,0.33651
5933.44,0.33689
5934.34,0.33686
5935.24,0.33746
5936.14,0.33949
5937.04,0.33877
5937.94,0.33935
5938.85,0.33916
5939.75,0.34008
5940.65,0.33977
5941.55,0.34056
5942.45,0.33876
5943.35,0.33939
5944.25,0.34023
5945.15,0.34063
5946.05,0.33996
5946.95,0.3396
5947.85,0.33962
5948.75,0.33803
5949.65,0.33874
5950.55,0.33655
5951.45,0.33588
5952.35,0.33616
5953.25,0.33594
5954.15,0.33578
5955.05,0.33518
5955.95,0.33603
5956.85,0.3355
5957.75,0.33605
5958.65,0.33685
5959.55,0.33844
5960.45,0.34003
5961.35,0.34087
5962.25,0.34117
5963.15,0.34193
5964.05,0.34352
5964.95,0.34433
5965.85,0.34451
5966.75,0.34398
5967.65,0.34579
5968.55,0.34568
5969.45,0.34699
5970.35,0.34688
5971.25,0.34768
5972.15,0.34732
5973.05,0.34632
5973.95,0.34556
5974.85,0.34406
5975.75,0.34353
5976.65,0.34253
5977.56,0.34101
5978.46,0.34018
5979.36,0.33904
5980.26,0.3371
5981.16,0.33794
5982.06,0.33653
5982.96,0.33613
5983.86,0.33669
5984.76,0.335
5985.66,0.33437
5986.56,0.33405
5987.46,0.33456
5988.36,0.33477
5989.26,0.33717
5990.16,0.3372
5991.06,0.34054
5991.96,0.33963
5992.86,0.34167
5993.76,0.34281
5994.66,0.34259
5995.56,0.34145
5996.46,0.34257
5997.36,0.34144
5998.26,0.34112
5999.16,0.33892
6000.06,0.33915
6000.96,0.33702
6001.86,0.33826
6002.76,0.33679
6003.66,0.33745
6004.56,0.33633
6005.46,0.33553
6006.36,0.33627
6007.26,0.33306
6008.16,0.33359
6009.06,0.3337
6009.96,0.33353
6010.86,0.33505
6011.76,0.33426
6012.67,0.33406
6013.56,0.33376
6014.47,0.33565
6015.37,0.33294
6016.27,0.33285
6017.17,0.33139
6018.07,0.33146
6018.97,0.33197
6019.87,0.33116
6020.77,0.33093
6021.67,0.33102
6022.57,0.33072
6023.47,0.33266
6024.37,0.33298
6025.27,0.33552
6026.17,0.33647
6027.07,0.3389
6027.97,0.34053
6028.87,0.34163
6029.77,0.34384
6030.67,0.34503
6031.57,0.34541
6032.47,0.34736
6033.37,0.34901
6034.27,0.34824
6035.17,0.34984
6036.07,0.35032
6036.97,0.34939
6037.87,0.34949
6038.77,0.34994
6039.67,0.34949
6040.57,0.35057
6041.47,0.34984
6042.37,0.35009
6043.27,0.35093
6044.17,0.35099
6045.07,0.35184
6045.97,0.35118
6046.87,0.35276
6047.77,0.35323
6048.67,0.35194
6049.57,0.35269
6050.47,0.35255
6051.38,0.35231
6052.28,0.35264
6053.18,0.34994
6054.08,0.34886
6054.98,0.34878
6055.88,0.34735
6056.78,0.34655
6057.68,0.34533
6058.58,0.34513
6059.48,0.34436
6060.38,0.3445
6061.28,0.34424
6062.18,0.34437
6063.08,0.34427
6063.98,0.34474
6064.88,0.34404
6065.78,0.34398
6066.68,0.34385
6067.58,0.34559
6068.48,0.34782
6069.38,0.34916
6070.28,0.34984
6071.18,0.35189
6072.08,0.35221
6072.98,0.35409
6073.88,0.35418
6074.78,0.35365
6075.68,0.35316
6076.58,0.35304
6077.48,0.35178
6078.38,0.34855
6079.28,0.34582
6080.18,0.3461
6081.08,0.34388
6081.98,0.34243
6082.88,0.34125
6083.78,0.34062
6084.68,0.33981
6085.58,0.33897
6086.48,0.33978
6087.38,0.33886
6088.28,0.33915
6089.19,0.33965
6090.09,0.33999
6090.99,0.34063
6091.89,0.33796
6092.79,0.33918
6093.69,0.33837
6094.59,0.33908
6095.49,0.33971
6096.39,0.34194
6097.29,0.34191
6098.19,0.34044
6099.09,0.34235
6099.99,0.33969
6100.89,0.33996
6101.79,0.33813
6102.69,0.33682
6103.59,0.33578
6104.49,0.33535
6105.39,0.33545
6106.29,0.3354
6107.19,0.33712
6108.09,0.33678
6108.99,0.34007
6109.89,0.34064
6110.79,0.34391
6111.69,0.34312
6112.59,0.34255
6113.49,0.34448
6114.39,0.3441
6115.29,0.34546
6116.19,0.34582
6117.09,0.34415
6117.99,0.34376
6118.89,0.34073
6119.79,0.34006
6120.69,0.33861
6121.59,0.33647
6122.49,0.3354
6123.39,0.33591
6124.29,0.33536
6125.19,0.33503
6126.1,0.33561
6127.0,0.33551
6127.9,0.33599
6128.8,0.33758
6129.7,0.33795
6130.6,0.33805
6131.5,0.3389
6132.4,0.33924
6133.3,0.33605
6134.2,0.33518
6135.1,0.33334
6136.0,0.33102
6136.9,0.32928
6137.8,0.32697
6138.7,0.32504
6139.6,0.32623
6140.5,0.32754
6141.4,0.32773
6142.3,0.33136
6143.2,0.33483
6144.1,0.33613
6145.0,0.3383
6145.9,0.34081
6146.8,0.34106
6147.7,0.34096
6148.6,0.34213
6149.5,0.34043
6150.4,0.33941
6151.3,0.33987
6152.2,0.33716
6153.1,0.33697
6154.0,0.33568
6154.9,0.33516
6155.8,0.33287
6156.7,0.33073
6157.6,0.32834
6158.5,0.32739
6159.4,0.32405
6160.3,0.31873
6161.2,0.31574
6162.1,0.31298
6163.01,0.3105
6163.91,0.30754
6164.81,0.30764
6165.71,0.30796
6166.61,0.30747
6167.51,0.30763
6168.41,0.30879
6169.31,0.31004
6170.21,0.31341
6171.11,0.31325
6172.01,0.31452
6172.91,0.31591
6173.81,0.31775
6174.71,0.31936
6175.61,0.32288
6176.51,0.32364
6177.41,0.32456
6178.31,0.32569
6179.21,0.32703
6180.11,0.3303
6181.01,0.33021
6181.91,0.32886
6182.81,0.33032
6183.71,0.33042
6184.61,0.33012
6185.51,0.3284
6186.41,0.32699
6187.31,0.32428
6188.21,0.3237
6189.11,0.32158
6190.01,0.31935
6190.91,0.31865
6191.81,0.3175
6192.71,0.31897
6193.61,0.31909
6194.51,0.31981
6195.41,0.32066
6196.31,0.32204
6197.21,0.32332
6198.11,0.32524
6199.01,0.32614
6199.92,0.32669
6200.82,0.32668
6201.72,0.32696
6202.62,0.32996
6203.52,0.32919
6204.42,0.33006
6205.32,0.33142
6206.22,0.33252
6207.12,0.33303
6208.02,0.3326
6208.92,0.33326
6209.82,0.32948
6210.72,0.32863
6211.62,0.32605
6212.52,0.32271
6213.42,0.3206
6214.32,0.31905
6215.22,0.31634
6216.12,0.31538
6217.02,0.31376
6217.92,0.31097
6218.82,0.31157
6219.72,0.31181
6220.62,0.3113
6221.52,0.31257
6222.42,0.31286
6223.32,0.31301
6224.22,0.31465
6225.12,0.31502
6226.02,0.31336
6226.92,0.31487
6227.82,0.31373
6228.72,0.31289
6229.62,0.31132
6230.52,0.31167
6231.42,0.31182
6232.32,0.30978
6233.22,0.31088
6234.12,0.31125
6235.02,0.3122
6235.92,0.31333
6236.83,0.31422
6237.73,0.31515
6238.63,0.31425
6239.53,0.3134
6240.43,0.31404
6241.33,0.31096
6242.23,0.31148
6243.13,0.31068
6244.03,0.30921
6244.93,0.30868
6245.83,0.30876
6246.73,0.30963
6247.63,0.30965
6248.53,0.31015
6249.43,0.31093
6250.33,0.31029
6251.23,0.3118
6252.13,0.31075
6253.03,0.30936
6253.93,0.30623
6254.83,0.30511
6255.73,0.30509
6256.63,0.30335
6257.53,0.30246
6258.43,0.30323
6259.33,0.30415
6260.23,0.30362
6261.13,0.30622
6262.03,0.30681
6262.93,0.30901
6263.83,0.31381
6264.73,0.31443
6265.63,0.31663
6266.53,0.31774
6267.43,0.31845
6268.33,0.32022
6269.23,0.32023
6270.13,0.32066
6271.03,0.32071
6271.93,0.32153
6272.83,0.32295
6273.73,0.32136
6274.64,0.32286
6275.54,0.32499
6276.44,0.32357
6277.34,0.32382
6278.24,0.32364
6279.14,0.32241
6280.04,0.32326
6280.94,0.32374
6281.84,0.32292
6282.74,0.32278
6283.64,0.32413
6284.54,0.32478
6285.44,0.32648
6286.34,0.32862
6287.24,0.32984
6288.14,0.33054
6289.04,0.33018
6289.94,0.32966
6290.84,0.33005
6291.74,0.3305
6292.64,0.3282
6293.54,0.32717
6294.44,0.32663
6295.34,0.3246
6296.24,0.32243
6297.14,0.32216
6298.04,0.32055
6298.94,0.32019
6299.84,0.31883
6300.74,0.31842
6301.64,0.31782
6302.54,0.31848
6303.44,0.32015
6304.34,0.32011
6305.24,0.32199
6306.14,0.32195
6307.04,0.32521
6307.94,0.32406
6308.84,0.32566
6309.74,0.3245
6310.64,0.32618
6311.54,0.32534
6312.45,0.3246
6313.35,0.32439
6314.25,0.32236
6315.15,0.32095
6316.05,0.31981
6316.95,0.31848
6317.85,0.31635
6318.75,0.31622
6319.65,0.31651
6320.55,0.31743
6321.45,0.31716
6322.35,0.31955
6323.25,0.3212
6324.15,0.32292
6325.05,0.32476
6325.95,0.32751
6326.85,0.32816
6327.75,0.32754
6328.65,0.33104
6329.55,0.33152
6330.45,0.33024
6331.35,0.33091
6332.25,0.33043
6333.15,0.32897
6334.05,0.32755
6334.95,0.32569
6335.85,0.32608
6336.75,0.32613
6337.65,0.32287
6338.55,0.32342
6339.45,0.32318
6340.35,0.32322
6341.25,0.32306
6342.15,0.32308
6343.05,0.32314
6343.95,0.32281
6344.85,0.3232
6345.75,0.32289
6346.65,0.324
6347.55,0.32437
6348.46,0.32689
6349.35,0.32777
6350.26,0.32629
6351.16,0.32917
6352.06,0.32775
6352.96,0.32932
6353.86,0.32664
6354.76,0.32549
6355.66,0.32467
6356.56,0.32182
6357.46,0.31907
6358.36,0.31634
6359.26,0.31535
6360.16,0.31502
6361.06,0.3121
6361.96,0.31204
6362.86,0.30963
6363.76,0.31067
6364.66,0.3118
6365.56,0.31361
6366.46,0.31445
6367.36,0.31793
6368.26,0.3207
6369.16,0.32346
6370.06,0.32532
6370.96,0.3271
6371.86,0.3299
6372.76,0.33131
6373.66,0.3324
6374.56,0.3356
6375.46,0.33486
6376.36,0.33446
6377.26,0.33482
6378.16,0.33401
6379.06,0.33432
6379.96,0.33342
6380.86,0.33183
6381.76,0.33245
6382.66,0.33271
6383.56,0.33302
6384.46,0.33227
6385.36,0.33192
6386.27,0.33278
6387.17,0.33336
6388.07,0.33499
6388.97,0.33462
6389.87,0.33262
6390.77,0.33348
6391.67,0.33051
6392.57,0.33113
6393.47,0.32975
6394.37,0.32823
6395.27,0.32763
6396.17,0.32687
6397.07,0.32613
6397.97,0.32668
6398.87,0.32622
6399.77,0.32684
6400.67,0.32669
6401.57,0.32791
6402.47,0.32794
6403.37,0.32891
6404.27,0.32886
6405.17,0.32877
6406.07,0.3298
6406.97,0.32992
6407.87,0.33078
6408.77,0.32988
6409.67,0.32921
6410.57,0.32913
6411.47,0.32856
6412.37,0.32746
6413.27,0.32664
6414.17,0.32687
6415.07,0.32763
6415.97,0.32697
6416.87,0.32758
6417.77,0.32641
6418.67,0.3267
6419.57,0.32762
6420.47,0.32698
6421.37,0.32622
6422.27,0.32777
6423.17,0.3273
6424.08,0.33075
6424.98,0.33086
6425.88,0.33079
6426.78,0.33165
6427.68,0.33132
6428.58,0.33249
6429.48,0.33188
6430.38,0.33263
6431.28,0.33146
6432.18,0.33138
6433.08,0.33018
6433.98,0.33139
6434.88,0.33145
6435.78,0.33105
6436.68,0.33092
6437.58,0.33071
6438.48,0.33059
6439.38,0.33215
6440.28,0.33358
6441.18,0.3343
6442.08,0.33519
6442.98,0.33579
6443.88,0.33579
6444.78,0.33545
6445.68,0.33816
6446.58,0.33668
6447.48,0.33523
6448.38,0.33335
6449.28,0.33126
6450.18,0.32961
6451.08,0.32862
6451.98,0.32752
6452.88,0.32612
6453.78,0.32766
6454.68,0.32848
6455.58,0.32769
6456.48,0.32937
6457.38,0.32963
6458.28,0.33164
6459.18,0.33298
6460.08,0.33297
6460.98,0.33264
6461.89,0.33099
6462.79,0.33116
6463.69,0.33078
6464.59,0.33014
6465.49,0.33035
6466.39,0.33151
6467.29,0.33277
6468.19,0.33293
6469.09,0.3342
6469.99,0.3334
6470.89,0.33461
6471.79,0.33352
6472.69,0.33367
6473.59,0.33359
6474.49,0.33347
6475.39,0.33554
6476.29,0.33434
6477.19,0.33297
6478.09,0.33169
6478.99,0.33238
6479.89,0.33198
6480.79,0.33144
6481.69,0.32978
6482.59,0.33037
6483.49,0.32932
6484.39,0.3288
6485.29,0.32738
6486.19,0.32693
6487.09,0.3268
6487.99,0.32639
6488.89,0.32733
6489.79,0.3241
6490.69,0.32134
6491.59,0.31931
6492.49,0.31571
6493.39,0.31242
6494.29,0.30855
6495.19,0.30593
6496.09,0.30244
6496.99,0.30187
6497.9,0.29999
6498.79,0.3006
6499.7,0.30218
6500.6,0.30548
6501.5,0.30743
6502.4,0.31249
6503.3,0.31482
6504.2,0.3171
6505.1,0.32233
6506.0,0.32293
6506.9,0.32548
6507.8,0.32655
6508.7,0.32663
6509.6,0.32933
6510.5,0.32975
6511.4,0.32987
6512.3,0.32947
6513.2,0.32861
6514.1,0.32941
6515.0,0.32824
6515.9,0.32822
6516.8,0.32607
6517.7,0.32724
6518.6,0.32699
6519.5,0.32685
6520.4,0.32644
6521.3,0.32791
6522.2,0.32789
6523.1,0.32838
6524.0,0.32963
6524.9,0.32868
6525.8,0.33026
6526.7,0.33003
6527.6,0.3302
6528.5,0.32957
6529.4,0.33042
6530.3,0.32959
6531.2,0.32962
6532.1,0.32833
6533.0,0.33011
6533.9,0.32914
6534.8,0.3299
6535.71,0.32952
6536.61,0.33257
6537.51,0.3323
6538.41,0.33177
6539.31,0.33257
6540.21,0.33206
6541.11,0.33046
6542.01,0.33097
6542.91,0.33046
6543.81,0.32874
6544.71,0.32723
6545.61,0.32722
6546.51,0.32453
6547.41,0.32406
6548.31,0.3218
6549.21,0.32113
6550.11,0.32011
6551.01,0.31872
6551.91,0.31825
6552.81,0.3144
6553.71,0.31385
6554.61,0.31201
6555.51,0.31026
6556.41,0.3058
6557.31,0.30266
6558.21,0.30005
6559.11,0.29586
6560.01,0.29096
6560.91,0.28536
6561.81,0.28098
6562.71,0.27641
6563.61,0.27401
6564.51,0.27304
6565.41,0.27341
6566.31,0.27559
6567.21,0.27978
6568.11,0.28335
6569.01,0.28946
6569.91,0.2935
6570.81,0.29713
6571.71,0.30038
6572.61,0.3034
6573.52,0.30679
6574.42,0.30755
6575.32,0.30941
6576.22,0.3114
6577.12,0.31247
6578.02,0.31327
6578.92,0.31454
6579.82,0.31669
6580.72,0.31639
6581.62,0.3177
6582.52,0.32016
6583.42,0.3211
6584.32,0.32144
6585.22,0.32047
6586.12,0.32075
6587.02,0.32265
6587.92,0.32301
6588.82,0.32202
6589.72,0.32143
6590.62,0.32062
6591.52,0.31844
6592.42,0.31818
6593.32,0.31764
6594.22,0.31568
6595.12,0.31556
6596.02,0.31562
6596.92,0.31512
6597.82,0.31488
6598.72,0.31657
6599.62,0.31714
6600.52,0.3184
6601.42,0.31961
6602.32,0.32085
6603.22,0.32056
6604.12,0.32195
6605.02,0.31996
6605.92,0.32048
6606.82,0.3212
6607.72,0.31934
6608.62,0.31827
6609.52,0.31797
6610.43,0.31795
6611.33,0.31923
6612.23,0.32023
6613.13,0.32119
6614.03,0.32107
6614.93,0.32366
6615.83,0.32475
6616.73,0.32476
6617.63,0.32534
6618.53,0.3258
6619.43,0.32584
6620.33,0.32457
6621.23,0.32541
6622.13,0.32537
6623.03,0.32513
6623.93,0.32467
6624.83,0.32232
6625.73,0.32221
6626.63,0.32138
6627.53,0.31977
6628.43,0.31925
6629.33,0.3192
6630.23,0.3173
6631.13,0.31644
6632.03,0.31676
6632.93,0.31533
6633.83,0.31526
6634.73,0.31398
6635.63,0.31431
6636.53,0.31381
6637.43,0.31352
6638.33,0.31389
6639.23,0.31552
6640.13,0.31629
6641.03,0.31654
6641.93,0.31777
6642.83,0.31631
6643.73,0.31721
6644.63,0.31682
6645.53,0.31674
6646.43,0.31811
6647.34,0.31644
6648.24,0.31857
6649.14,0.31746
6650.04,0.31876
6650.94,0.31708
6651.84,0.3183
6652.74,0.31701
6653.64,0.31802
6654.54,0.31852
6655.44,0.31666
6656.34,0.31724
6657.24,0.31685
6658.14,0.31644
6659.04,0.31537
6659.94,0.3151
6660.84,0.31443
6661.74,0.31272
6662.64,0.31273
6663.54,0.31153
6664.44,0.3105
6665.34,0.31062
6666.24,0.30926
6667.14,0.31128
6668.04,0.3116
6668.94,0.31319
6669.84,0.31336
6670.74,0.31333
6671.64,0.31543
6672.54,0.3145
6673.44,0.31584
6674.34,0.31569
6675.24,0.31479
6676.14,0.31428
6677.04,0.31394
6677.94,0.31339
6678.84,0.3107
6679.74,0.31166
6680.64,0.31043
6681.54,0.31156
6682.44,0.31093
6683.34,0.3114
6684.24,0.31268
6685.15,0.31353
6686.05,0.31383
6686.95,0.31361
6687.85,0.3154
6688.75,0.31341
6689.65,0.31585
6690.55,0.31512
6691.45,0.31588
6692.35,0.31507
6693.25,0.31416
6694.15,0.31234
6695.05,0.31328
6695.95,0.31195
6696.85,0.31208
6697.75,0.31133
6698.65,0.31202
6699.55,0.31119
6700.45,0.31096
6701.35,0.31106
6702.25,0.31162
6703.15,0.31116
6704.05,0.31136
6704.95,0.31191
6705.85,0.31236
6706.75,0.31119
6707.65,0.31163
6708.55,0.31081
6709.45,0.31126
6710.35,0.31019
6711.25,0.30952
6712.15,0.30892
6713.05,0.30726
6713.95,0.30739
6714.85,0.30468
6715.75,0.30401
6716.65,0.30395
6717.55,0.30215
6718.45,0.30297
6719.35,0.30269
6720.25,0.30194
6721.16,0.3022
6722.06,0.30363
6722.96,0.30475
6723.86,0.30544
6724.76,0.30667
6725.66,0.3067
6726.56,0.30868
6727.46,0.30833
6728.36,0.31008
6729.26,0.30856
6730.16,0.3101
6731.06,0.30963
6731.96,0.31138
6732.86,0.31126
6733.76,0.31028
6734.66,0.31266
6735.56,0.31073
6736.46,0.31053
6737.36,0.3095
6738.26,0.30828
6739.16,0.30954
6740.06,0.30815
6740.96,0.3078
6741.86,0.3078
6742.76,0.30652
6743.66,0.30647
6744.56,0.30515
6745.46,0.30584
6746.36,0.3056
6747.26,0.30535
6748.16,0.30444
6749.06,0.30429
6749.96,0.3047
6750.86,0.30425
6751.76,0.30443
6752.66,0.305
6753.56,0.3043
6754.46,0.30647
6755.36,0.30612
6756.26,0.30595
6757.16,0.30867
6758.06,0.3096
6758.97,0.31121
6759.87,0.31233
6760.77,0.31166
6761.67,0.31183
6762.57,0.31361
6763.47,0.31303
6764.37,0.3125
6765.27,0.31196
6766.17,0.31204
6767.07,0.3103
6767.97,0.31002
6768.87,0.30998
6769.77,0.30912
6770.67,0.3104
6771.57,0.31057
6772.47,0.31131
6773.37,0.30955
6774.27,0.31221
6775.17,0.31257
6776.07,0.31279
6776.97,0.31481
6777.87,0.31516
6778.77,0.31395
6779.67,0.31489
6780.57,0.3128
6781.47,0.31405
6782.37,0.3115
6783.27,0.31047
6784.17,0.30837
6785.07,0.30809
6785.97,0.30852
6786.87,0.30662
6787.77,0.3066
6788.67,0.30637
6789.57,0.3071
6790.47,0.30599
6791.37,0.30685
6792.27,0.3071
6793.17,0.30897
6794.07,0.30838
6794.97,0.30829
6795.88,0.30803
6796.78,0.30926
6797.68,0.31044
6798.58,0.30898
6799.48,0.30802
6800.38,0.31074
6801.28,0.30977
6802.18,0.31143
6803.08,0.31025
6803.98,0.31079
6804.88,0.31118
6805.78,0.31157
6806.68,0.31057
6807.58,0.31082
6808.48,0.31116
6809.38,0.31144
6810.28,0.31069
6811.18,0.31039
6812.08,0.31097
6812.98,0.31038
6813.88,0.31119
6814.78,0.31128
6815.68,0.30985
6816.58,0.30976
6817.48,0.31004
6818.38,0.31043
6819.28,0.31198
6820.18,0.3128
6821.08,0.31177
6821.98,0.31242
6822.88,0.31336
6823.78,0.31255
6824.68,0.31232
6825.58,0.31347
6826.48,0.31275
6827.38,0.31171
6828.28,0.31337
6829.18,0.31259
6830.08,0.31235
6830.98,0.31349
6831.88,0.31262
6832.79,0.31213
6833.69,0.3127
6834.59,0.31212
6835.49,0.31217
6836.39,0.3108
6837.29,0.31133
6838.19,0.30972
6839.09,0.30932
6839.99,0.30745
6840.89,0.30696
6841.79,0.30616
6842.69,0.30635
6843.59,0.30622
6844.49,0.30551
6845.39,0.30579
6846.29,0.30757
6847.19,0.30699
6848.09,0.30856
6848.99,0.30894
6849.89,0.30978
6850.79,0.30871
6851.69,0.31011
6852.59,0.30949
6853.49,0.30857
6854.39,0.30709
6855.29,0.30746
6856.19,0.30617
6857.09,0.30516
6857.99,0.30587
6858.89,0.30529
6859.79,0.3052
6860.69,0.30511
6861.59,0.30506
6862.49,0.30562
6863.39,0.30467
6864.29,0.3044
6865.19,0.30612
6866.09,0.30594
6866.99,0.30631
6867.89,0.30676
6868.79,0.30656
6869.7,0.30644
6870.6,0.30599
6871.5,0.30689
6872.4,0.30675
6873.3,0.30693
6874.2,0.30697
6875.1,0.30653
6876.0,0.30769
6876.9,0.30851
6877.8,0.30855
6878.7,0.30892
6879.6,0.30729
6880.5,0.31023
6881.4,0.30884
6882.3,0.30925
6883.2,0.30775
6884.1,0.30889
6885.0,0.309
6885.9,0.31003
6886.8,0.31073
6887.7,0.31051
6888.6,0.31265
6889.5,0.31219
6890.4,0.31265
6891.3,0.31296
6892.2,0.3151
6893.1,0.31516
6894.0,0.31525
6894.9,0.31596
6895.8,0.31576
6896.7,0.31693
6897.6,0.31529
6898.5,0.31556
6899.4,0.31547
6900.3,0.31551
6901.2,0.3173
6902.1,0.31678
6903.0,0.31846
6903.9,0.31745
6904.8,0.31787
6905.7,0.31782
6906.6,0.31729
6907.51,0.31874
6908.41,0.31776
6909.31,0.31858
6910.21,0.31847
6911.11,0.31783
6912.01,0.31713
6912.91,0.31777
6913.81,0.31517
6914.71,0.31631
6915.61,0.31442
6916.51,0.31376
6917.41,0.31422
6918.31,0.31333
6919.21,0.31392
6920.11,0.31423
6921.01,0.3143
6921.91,0.31548
6922.81,0.31456
6923.71,0.31481
6924.61,0.31308
6925.51,0.31296
6926.41,0.31318
6927.31,0.31228
6928.21,0.31276
6929.11,0.31381
6930.01,0.31355
6930.91,0.31407
6931.81,0.31362
6932.71,0.31314
6933.61,0.31503
6934.51,0.31511
6935.41,0.31428
6936.31,0.31511
6937.21,0.31479
6938.11,0.31536
6939.01,0.31593
6939.91,0.31538
6940.81,0.31643
6941.71,0.31595
6942.61,0.31549
6943.52,0.31458
6944.42,0.31434
6945.31,0.31284
6946.22,0.31303
6947.12,0.31326
6948.02,0.31245
6948.92,0.31408
6949.82,0.31303
6950.72,0.31225
6951.62,0.31291
6952.52,0.31314
6953.42,0.31316
6954.32,0.3127
6955.22,0.31362
6956.12,0.31467
6957.02,0.31413
6957.92,0.31507
6958.82,0.31598
6959.72,0.31592
6960.62,0.31718
6961.52,0.31764
6962.42,0.3184
6963.32,0.31887
6964.22,0.31815
6965.12,0.31884
6966.02,0.32016
6966.92,0.31816
6967.82,0.32017
6968.72,0.32061
6969.62,0.31969
6970.52,0.3195
6971.42,0.31897
6972.32,0.31969
6973.22,0.31827
6974.12,0.31741
6975.02,0.31585
6975.92,0.31398
6976.82,0.31172
6977.72,0.31121
6978.62,0.31026
6979.52,0.31061
6980.42,0.31021
6981.33,0.30987
6982.23,0.31063
6983.12,0.31305
6984.03,0.31383
6984.93,0.31601
6985.83,0.31695
6986.73,0.31808
6987.63,0.31956
6988.53,0.32014
6989.43,0.32051
6990.33,0.31987
6991.23,0.32013
6992.13,0.32051
6993.03,0.3198
6993.93,0.32059
6994.83,0.31979
6995.73,0.31994
6996.63,0.31952
6997.53,0.3196
6998.43,0.31764
6999.33,0.31912
7000.23,0.31686
7001.13,0.31717
7002.03,0.31603
7002.93,0.31537
7003.83,0.31381
7004.73,0.31479
7005.63,0.31449
7006.53,0.31465
7007.43,0.31393
7008.33,0.31467
7009.23,0.3137
7010.13,0.31417
7011.03,0.31426
7011.93,0.31438
7012.83,0.31328
7013.73,0.31433
7014.63,0.31259
7015.53,0.31219
7016.43,0.31094
7017.33,0.3127
7018.23,0.31301
7019.14,0.31261
7020.04,0.31222
7020.94,0.31324
7021.84,0.3131
7022.74,0.31386
7023.64,0.31403
7024.54,0.31304
7025.44,0.31362
7026.34,0.31472
7027.24,0.31471
7028.14,0.31492
7029.04,0.31512
7029.94,0.31555
7030.84,0.31595
7031.74,0.31635
7032.64,0.31626
7033.54,0.31738
7034.44,0.3168
7035.34,0.31749
7036.24,0.3179
7037.14,0.31763
7038.04,0.31782
7038.94,0.31867
7039.84,0.3193
7040.74,0.32103
7041.64,0.32207
7042.54,0.32358
7043.44,0.32572
7044.34,0.32558
7045.24,0.32629
7046.14,0.32648
7047.04,0.32723
7047.94,0.32738
7048.84,0.32792
7049.74,0.32644
7050.64,0.32399
7051.54,0.32169
7052.44,0.3225
7053.34,0.3174
7054.25,0.31536
7055.15,0.31309
7056.04,0.31062
7056.95,0.30902
7057.85,0.3059
7058.75,0.30469
7059.65,0.30324
7060.55,0.30168
7061.45,0.30224
7062.35,0.30098
7063.25,0.29967
7064.15,0.29966
7065.05,0.29933
7065.95,0.29918
7066.85,0.29954
7067.75,0.29954
7068.65,0.29988
7069.55,0.29958
7070.45,0.301
7071.35,0.301
7072.25,0.30209
7073.15,0.30334
7074.05,0.30391
7074.95,0.30587
7075.85,0.30498
7076.75,0.30635
7077.65,0.306
7078.55,0.30731
7079.45,0.30688
7080.35,0.30735
7081.25,0.30546
7082.15,0.30483
7083.05,0.3021
7083.95,0.30107
7084.85,0.30016
7085.75,0.29754
7086.65,0.29515
7087.55,0.29295
7088.45,0.29085
7089.35,0.28928
7090.25,0.28845
7091.15,0.28911
7092.06,0.28758
7092.96,0.28765
7093.85,0.28587
7094.76,0.28705
7095.66,0.28821
7096.56,0.28723
7097.46,0.2874
7098.36,0.28765
7099.26,0.28848
7100.16,0.28912
7101.06,0.2891
7101.96,0.29028
7102.86,0.29059
7103.76,0.29097
7104.66,0.29016
7105.56,0.29098
7106.46,0.29069
7107.36,0.29062
7108.26,0.29015
7109.16,0.29032
7110.06,0.29047
7110.96,0.29117
7111.86,0.2916
7112.76,0.29014
7113.66,0.29062
7114.56,0.28973
7115.46,0.29071
7116.36,0.29125
7117.26,0.29061
7118.16,0.29237
7119.06,0.29165
7119.96,0.29137
7120.86,0.29192
7121.76,0.2933
7122.66,0.29022
7123.56,0.29071
7124.46,0.28952
7125.36,0.28882
7126.26,0.28734
7127.16,0.28692
7127.27,0.28773
7128.17,0.28489
7129.07,0.28469
7129.96,0.28331
7130.86,0.28343
7131.75,0.2845
7132.65,0.28373
7133.55,0.28336
7134.44,0.28517
7135.34,0.28543
7136.23,0.28579
7137.13,0.28585
7138.03,0.28791
7138.92,0.28782
7139.82,0.28902
7140.71,0.28883
7141.61,0.28999
7142.5,0.28892
7143.4,0.28788
7144.3,0.28975
7145.19,0.28888
7146.09,0.28792
7146.98,0.28854
7147.88,0.28892
7148.78,0.28788
7149.67,0.28814
7150.57,0.28756
7151.46,0.28816
7152.36,0.28967
7153.26,0.29058
7154.15,0.29117
7155.05,0.29088
7155.94,0.29243
7156.84,0.29259
7157.74,0.2926
7158.63,0.29185
7159.53,0.29205
7160.42,0.29139
7161.32,0.29088
7162.21,0.28949
7163.11,0.29062
7164.01,0.28895
7164.9,0.28955
7165.8,0.2887
7166.69,0.29025
7167.59,0.28893
7168.49,0.28976
7169.38,0.29187
7170.28,0.29218
7171.17,0.29251
7172.07,0.29307
7172.96,0.29495
7173.86,0.29532
7174.76,0.29383
7175.65,0.29461
7176.55,0.29484
7177.44,0.29318
7178.34,0.29282
7179.24,0.29212
7180.13,0.29187
7181.03,0.29086
7181.92,0.29084
7182.82,0.28936
7183.72,0.2891
7184.61,0.28907
7185.51,0.28877
7186.4,0.28738
7187.3,0.28687
7188.19,0.28725
7189.09,0.28675
7189.99,0.28613
7190.88,0.28709
7191.78,0.28667
7192.67,0.28636
7193.57,0.28669
7194.47,0.28754
7195.36,0.28809
7196.26,0.28947
7197.15,0.28885
7198.05,0.29015
7198.95,0.29028
7199.84,0.28967
7200.74,0.29151
7201.63,0.29087
7202.53,0.28996
7203.43,0.29055
7204.32,0.29027
7205.22,0.28953
7206.11,0.28908
7207.01,0.28846
7207.9,0.28847
7208.8,0.28884
7209.7,0.28892
7210.59,0.28985
7211.49,0.28877
7212.38,0.29006
7213.28,0.2896
7214.18,0.29148
7215.07,0.29166
7215.97,0.29338
7216.86,0.29348
7217.76,0.29331
7218.66,0.29383
7219.55,0.29454
7220.45,0.29634
7221.34,0.29566
7222.24,0.29554
7223.13,0.2965
7224.03,0.2966
7224.93,0.29733
7225.82,0.29768
7226.72,0.29964
7227.61,0.30013
7228.51,0.30099
7229.41,0.30073
7230.3,0.3017
7231.2,0.30215
7232.09,0.30326
7232.99,0.30246
7233.89,0.30322
7234.78,0.3037
7235.68,0.30384
7236.57,0.30294
7237.47,0.30298
7238.36,0.30219
7239.26,0.30334
7240.16,0.30287
7241.05,0.30106
7241.95,0.30211
7242.84,0.30171
7243.74,0.30134
7244.64,0.30109
7245.53,0.30122
7246.43,0.30225
7247.32,0.30192
7248.22,0.30076
7249.12,0.30265
7250.01,0.30254
7250.91,0.30203
7251.8,0.30244
7252.7,0.30311
7253.6,0.30137
7254.49,0.30386
7255.39,0.30331
7256.28,0.3031
7257.18,0.30298
7258.07,0.30326
7258.97,0.30294
7259.87,0.30329
7260.76,0.3028
7261.66,0.30283
7262.55,0.30426
7263.45,0.30381
7264.35,0.30357
7265.24,0.30447
7266.14,0.30475
7267.03,0.3057
7267.93,0.30655
7268.83,0.30602
7269.72,0.3057
7270.62,0.30594
7271.51,0.30571
7272.41,0.30626
7273.3,0.3066
7274.2,0.30574
7275.1,0.30655
7275.99,0.30516
7276.89,0.30579
7277.78,0.3056
7278.68,0.30541
7279.58,0.30261
7280.47,0.30225
7281.37,0.30153
7282.26,0.30068
7283.16,0.30004
7284.06,0.29909
7284.95,0.29786
7285.85,0.29852
7286.74,0.29748
7287.64,0.2976
7288.53,0.29651
7289.43,0.29698
7290.33,0.29628
7291.22,0.29759
7292.12,0.29777
7293.01,0.29929
7293.91,0.29944
7294.81,0.30048
7295.7,0.30088
7296.6,0.30181
7297.49,0.30487
7298.39,0.30428
7299.29,0.30545
7300.18,0.30601
7301.08,0.30713
7301.97,0.30759
7302.87,0.30724
7303.76,0.30806
7304.66,0.30849
7305.56,0.30953
7306.45,0.3088
7307.35,0.30885
7308.24,0.30817
7309.14,0.30708
7310.04,0.3061
7310.93,0.30826
7311.83,0.30689
7312.72,0.30748
7313.62,0.30861
7314.52,0.30751
7315.41,0.3079
7316.31,0.30921
7317.2,0.30917
7318.1,0.30815
7318.99,0.30874
7319.89,0.30977
7320.79,0.30828
7321.68,0.30821
7322.58,0.30713
7323.47,0.30783
7324.37,0.30753
7325.27,0.30861
7326.16,0.30903
7327.06,0.30754
7327.95,0.30875
7328.85,0.3078
7329.75,0.30913
7330.64,0.30902
7331.54,0.30949
7332.43,0.31213
7333.33,0.31256
7334.22,0.31305
7335.12,0.3135
7336.02,0.31457
7336.91,0.316
7337.81,0.31388
7338.7,0.31582
7339.6,0.31668
7340.5,0.31644
7341.39,0.31722
7342.29,0.31607
7343.18,0.31575
7344.08,0.3166
7344.98,0.31672
7345.87,0.31716
7346.77,0.31525
7347.66,0.31482
7348.56,0.31319
7349.45,0.31306
7350.35,0.31218
7351.25,0.31203
7352.14,0.31138
7353.04,0.30969
7353.93,0.30931
7354.83,0.30945
7355.73,0.30843
7356.62,0.30882
7357.52,0.30754
7358.41,0.30831
7359.31,0.30773
7360.21,0.30828
7361.1,0.3087
7362.0,0.30874
7362.89,0.3099
7363.79,0.30958
7364.69,0.31006
7365.58,0.31199
7366.48,0.31119
7367.37,0.31358
7368.27,0.3143
7369.16,0.31575
7370.06,0.31567
7370.96,0.31742
7371.85,0.31889
7372.75,0.31952
7373.64,0.32028
7374.54,0.32108
7375.44,0.3199
7376.33,0.32175
7377.23,0.32219
7378.12,0.32253
7379.02,0.32121
7379.92,0.32026
7380.81,0.31975
7381.71,0.31904
7382.6,0.31757
7383.5,0.31693
7384.39,0.31456
7385.29,0.31468
7386.19,0.31258
7387.08,0.31228
7387.98,0.31051
7388.87,0.31092
7389.77,0.3104
7390.67,0.31015
7391.56,0.3112
7392.46,0.31082
7393.35,0.31194
7394.25,0.31282
7395.15,0.31343
7396.04,0.31456
7396.94,0.31468
7397.83,0.31712
7398.73,0.31524
7399.62,0.31712
7400.52,0.31722
7401.42,0.31851
7402.31,0.3175
7403.21,0.31762
7404.1,0.31865
7405.0,0.31778
7405.9,0.31736
7406.79,0.31652
7407.69,0.31732
7408.58,0.31499
7409.48,0.31396
7410.38,0.31207
7411.27,0.31102
7412.17,0.30857
7413.06,0.30763
7413.96,0.30671
7414.85,0.30448
7415.75,0.30431
7416.65,0.30256
7417.54,0.30291
7418.44,0.30256
7419.33,0.30345
7420.23,0.30479
7421.13,0.30457
7422.02,0.3066
7422.92,0.30728
7423.81,0.30987
7424.71,0.3112
7425.6,0.31343
7426.5,0.31354
7427.4,0.31485
7428.29,0.31659
7429.19,0.31738
7431.68,0.32193
7434.18,0.32171
7436.67,0.32234
7439.17,0.32217
7441.66,0.32193
7444.16,0.31923
7446.66,0.31805
7449.15,0.32269
7451.65,0.32201
7454.14,0.32409
7456.64,0.3251
7459.13,0.32357
7461.63,0.32334
7464.12,0.32237
7466.62,0.32252
7469.11,0.32324
7471.61,0.32263
7474.1,0.3249
7476.6,0.3222
7479.09,0.32222
7481.59,0.32329
7484.08,0.32402
7486.58,0.32319
7489.07,0.3229
7491.57,0.32078
7494.06,0.31905
7496.56,0.32029
7499.05,0.32008
7501.55,0.32261
7504.04,0.32435
7506.54,0.32441
7509.03,0.32418
7511.53,0.32334
7514.02,0.32493
7516.52,0.32608
7519.01,0.32771
7521.51,0.32704
7524.0,0.32653
7526.5,0.32707
7528.99,0.32614
7531.49,0.3272
7533.99,0.3288
7536.48,0.32936
7538.98,0.33057
7541.47,0.33053
7543.97,0.33046
7546.46,0.32957
7548.96,0.32841
7551.45,0.32845
7553.95,0.32754
7556.44,0.32751
7558.94,0.3281
7561.43,0.32763
7563.93,0.32848
7566.42,0.32805
7568.92,0.32777
7571.41,0.32691
7573.91,0.3275
7576.4,0.32786
7578.9,0.32683
7581.39,0.32483
7583.89,0.32311
7586.38,0.31889
7588.88,0.31519
7591.37,0.31293
7593.87,0.31167
7596.36,0.31088
7598.86,0.30914
7601.35,0.30879
7603.85,0.30804
7606.34,0.30794
7608.84,0.30857
7611.33,0.30884
7613.83,0.30829
7616.33,0.30688
7618.82,0.30621
7621.32,0.3057
7623.81,0.30723
7626.31,0.30818
7628.8,0.30851
7631.3,0.30849
7633.79,0.30756
7636.29,0.30701
7638.78,0.30775
7641.28,0.30706
7643.77,0.30806
7646.27,0.3086
7648.76,0.30767
7651.26,0.30541
7653.75,0.30295
7656.25,0.29887
7658.74,0.29433
7661.24,0.29047
7663.73,0.28677
7666.23,0.28661
7668.72,0.28744
7671.22,0.28981
7673.71,0.29309
7676.21,0.29576
7678.7,0.29664
7681.2,0.29741
7683.69,0.29768
7686.19,0.29783
7688.69,0.29766
7691.18,0.29652
7693.68,0.29515
7696.17,0.29463
7698.67,0.29372
7701.16,0.29394
7703.66,0.2949
7706.15,0.29554
7708.65,0.2936
7711.14,0.2914
7713.64,0.2897
7716.13,0.28868
7718.63,0.29031
7721.12,0.29278
7723.62,0.29414
7726.11,0.29577
7728.61,0.29713
7731.1,0.29811
7733.6,0.30135
7736.09,0.30256
7738.59,0.30238
7741.08,0.30154
7743.58,0.29842
7746.07,0.29479
7748.57,0.29211
7751.06,0.29111
7753.56,0.29179
7756.05,0.29495
7758.55,0.2974
7761.04,0.29866
7763.54,0.29993
7766.03,0.30113
7768.53,0.30219
7771.03,0.30276
7773.52,0.30418
7776.02,0.30369
7778.51,0.30363
7781.01,0.30217
7783.5,0.30057
7786.0,0.29925
7788.49,0.29884
7790.99,0.2985
7793.48,0.29868
7795.98,0.29882
7798.47,0.29817
7800.97,0.29901
7803.46,0.30007
7805.96,0.30014
7808.45,0.30085
7810.95,0.30073
7813.44,0.30214
7815.94,0.30316
7818.43,0.30423
7820.93,0.30521
7823.42,0.30503
7825.92,0.30294
7828.41,0.301
7830.91,0.29803
7833.4,0.29527
7835.9,0.29422
7838.39,0.29287
7840.89,0.29497
7843.38,0.29675
7845.88,0.29831
7848.38,0.29832
7850.87,0.29747
7853.37,0.29764
7855.86,0.29797
7858.36,0.29825
7860.85,0.29977
7863.35,0.30055
7865.84,0.30022
7868.34,0.29952
7870.83,0.29939
7873.33,0.29734
7875.82,0.29734
7878.32,0.29658
7880.81,0.29604
7883.31,0.29648
7885.8,0.29655
7888.3,0.29714
7890.79,0.29737
7893.29,0.29668
7895.78,0.29495
7898.28,0.29404
7900.77,0.29371
7903.27,0.29366
7905.76,0.292
7908.26,0.29068
7910.75,0.2891
7913.25,0.28682
7915.74,0.28539
7918.24,0.28476
7920.73,0.28647
7923.23,0.2872
7925.73,0.28789
7928.22,0.2884
7930.71,0.28768
7933.21,0.28708
7935.71,0.28551
7938.2,0.28412
7940.7,0.28345
7943.19,0.2818
7945.69,0.28254
7948.18,0.28347
7950.68,0.28556
7953.17,0.28835
7955.67,0.29105
7958.16,0.2918
7960.66,0.29285
7963.15,0.29405
7965.65,0.29462
7968.14,0.29585
7970.64,0.2972
7973.13,0.29748
7975.63,0.29683
7978.12,0.29614
7980.62,0.29566
7983.11,0.29571
7985.61,0.29473
7988.1,0.29373
7990.6,0.29336
7993.09,0.29291
7995.59,0.2917
7998.08,0.29089
8000.58,0.29088
8003.07,0.29269
8005.57,0.29446
8008.06,0.29706
8010.56,0.29906
8013.06,0.30062
8015.55,0.30172
8018.05,0.30194
8020.54,0.30075
8023.04,0.29974
8025.53,0.29596
8028.03,0.29415
8030.52,0.29555
8033.02,0.29748
8035.51,0.30009
8038.01,0.30247
8040.5,0.30194
8043.0,0.30061
8045.49,0.29775
8047.99,0.29545
8050.48,0.29551
8052.98,0.29635
8055.47,0.29826
8057.97,0.3009
8060.46,0.30178
8062.96,0.30145
8065.45,0.30076
8067.95,0.29797
8070.44,0.29507
8072.94,0.29403
8075.43,0.29443
8077.93,0.29421
8080.42,0.29608
8082.92,0.29606
8085.41,0.29588
8087.91,0.29488
8090.4,0.294
8092.9,0.29235
8095.4,0.29109
8097.89,0.29131
8100.39,0.29149
8102.88,0.29341
8105.38,0.29504
8107.87,0.29484
8110.37,0.29576
8112.86,0.29552
8115.36,0.29475
8117.85,0.29524
8120.35,0.29555
8122.84,0.29685
8125.34,0.2981
8127.83,0.29924
8130.33,0.29974
8132.82,0.30004
8135.32,0.3011
8137.81,0.30094
8140.31,0.30114
8142.8,0.3006
8145.3,0.30071
8147.79,0.3
8150.29,0.30036
8152.78,0.30094
8155.28,0.30207
8157.77,0.30209
8160.27,0.30133
8162.76,0.30122
8165.26,0.30103
8167.75,0.30067
8170.25,0.30197
8172.75,0.30242
8175.24,0.30305
8177.74,0.30161
8180.23,0.29883
8182.73,0.29639
8185.22,0.29498
8187.72,0.29398
8190.21,0.29434
8192.71,0.29265
8195.2,0.29102
8197.7,0.2897
8200.19,0.28878
8202.69,0.28752
8205.18,0.28825
8207.68,0.28901
8210.17,0.28977
8212.67,0.28969
8215.16,0.29117
8217.66,0.29176
8220.15,0.29394
8222.65,0.295
8225.14,0.29656
8227.64,0.29854
8230.13,0.29962
8232.63,0.29915
8235.12,0.29867
8237.62,0.29828
8240.11,0.29818
8242.61,0.29885
8245.1,0.29883
8247.6,0.29873
8250.1,0.29711
8252.59,0.29651
8255.08,0.29502
8257.58,0.29513
8260.08,0.29714
8262.57,0.29827
8265.07,0.29943
8267.56,0.2993
8270.06,0.29802
8272.55,0.29693
8275.05,0.29653
8277.54,0.29543
8280.04,0.29539
8282.53,0.29548
8285.03,0.29507
8287.52,0.29424
8290.02,0.29302
8292.51,0.29132
8295.01,0.29093
8297.5,0.28971
8300.0,0.28863
8302.49,0.28762
8304.99,0.28572
8307.48,0.28485
8309.98,0.28413
8312.47,0.28488
8314.97,0.28596
8317.46,0.2879
8319.96,0.28908
8322.46,0.28792
8324.95,0.28664
8327.44,0.28439
8329.94,0.28198
8332.43,0.28131
8334.93,0.28064
8337.43,0.2804
8339.92,0.28128
8342.42,0.28226
8344.91,0.28197
8347.41,0.28265
8349.9,0.28232
8352.4,0.28328
8354.89,0.28483
8357.39,0.28586
8359.88,0.28613
8362.38,0.28674
8364.87,0.28543
8367.37,0.28519
8369.86,0.2865
8372.36,0.28766
8374.85,0.28709
8377.35,0.28579
8379.84,0.28339
8382.34,0.28096
8384.83,0.27866
8387.33,0.27635
8389.82,0.27829
8392.32,0.27912
8394.81,0.28297
8397.31,0.28528
8399.8,0.28701
8402.3,0.28897
8404.79,0.28875
8407.29,0.28982
8409.79,0.28957
8412.28,0.28821
8414.78,0.28749
8417.27,0.28571
8419.77,0.28415
8422.26,0.28411
8424.76,0.28129
8427.25,0.28179
8429.75,0.28022
8432.24,0.27854
8434.74,0.27599
8437.23,0.27494
8439.73,0.274
8442.22,0.27415
8444.72,0.27505
8447.21,0.27635
8449.71,0.27688
8452.2,0.27684
8454.7,0.27736
8457.19,0.2764
8459.69,0.27601
8462.18,0.27441
8464.68,0.27403
8467.17,0.27158
8469.67,0.27049
8472.16,0.27034
8474.66,0.2714
8477.15,0.27373
8479.65,0.27542
8482.14,0.27586
8484.64,0.27642
8487.13,0.27524
8489.63,0.27378
8492.12,0.26881
8494.62,0.2613
8497.12,0.25444
8499.61,0.24876
8502.11,0.24833
8504.6,0.2531
8507.1,0.25924
8509.59,0.26442
8512.09,0.26673
8514.58,0.26638
8517.08,0.26568
8519.57,0.26496
8522.07,0.26566
8524.56,0.26637
8527.06,0.26699
8529.55,0.26578
8532.05,0.26296
8534.54,0.25544
8537.04,0.24406
8539.53,0.23035
8542.03,0.21833
8544.52,0.214
8547.02,0.21795
8549.51,0.23016
8552.01,0.24375
8554.5,0.25546
8557.0,0.26313
8559.49,0.26801
8561.99,0.27021
8564.48,0.27133
8566.98,0.27229
8569.47,0.27344
8571.97,0.2735
8574.47,0.27399
8576.96,0.27333
8579.46,0.27461
8581.95,0.27407
8584.45,0.27416
8586.94,0.27489
8589.44,0.27555
8591.93,0.27478
8594.43,0.27454
8596.92,0.27457
8599.42,0.27356
8601.91,0.27475
8604.41,0.27475
8606.9,0.27425
8609.4,0.27407
8611.89,0.2732
8614.39,0.27316
8616.88,0.27411
8619.38,0.27468
8621.87,0.27602
8624.37,0.27564
8626.86,0.27758
8629.36,0.27809
8631.85,0.27863
8634.35,0.27883
8636.84,0.2794
8639.34,0.28041
8641.83,0.2799
8644.33,0.27969
8646.83,0.27799
8649.32,0.27634
8651.82,0.2723
8654.31,0.26623
8656.8,0.25719
8659.3,0.24563
8661.8,0.23416
8664.29,0.22917
8666.79,0.23115
8669.28,0.24001
8671.78,0.25047
8674.27,0.25889
8676.77,0.26485
8679.26,0.26792
8681.76,0.26911
8684.25,0.27015
8686.75,0.26936
8689.24,0.26757
8691.74,0.26773
8694.23,0.26917
8696.73,0.27125
8699.22,0.2725
8701.72,0.27392
8704.21,0.27466
8706.71,0.275
8709.2,0.2752
8711.7,0.27529
8714.19,0.27574
8716.69,0.27657
8719.18,0.27821
8721.68,0.27986
8724.17,0.28112
8726.67,0.28155
8729.17,0.28196
8731.66,0.28027
8734.16,0.28042
8736.65,0.27885
8739.15,0.27938
8741.64,0.27871
8744.14,0.27844
8746.63,0.27809
8749.13,0.2782
8751.62,0.27789
8754.12,0.27825
8756.61,0.27845
8759.11,0.27946
8761.6,0.27949
8764.1,0.2796
8766.59,0.28
8769.09,0.27918
8771.58,0.27948
8774.08,0.2794
8776.57,0.27962
8779.07,0.28118
8781.56,0.28219
8784.06,0.28356
8786.55,0.28433
8789.05,0.28324
8791.54,0.28255
8794.04,0.28083
8796.53,0.28035
8799.03,0.27839
8801.52,0.27611
8804.02,0.27259
8806.51,0.27063
8809.01,0.26991
8811.5,0.27229
8814.0,0.27569
8816.5,0.27947
8818.99,0.28042
8821.49,0.28117
8823.98,0.28002
8826.48,0.28037
8828.97,0.28194
8831.47,0.28363
8833.96,0.28442
8836.46,0.28546
8838.95,0.28554
8841.45,0.28704
8843.94,0.28699
8846.44,0.28825
8848.93,0.28963
8851.43,0.2909
8853.92,0.28974
8856.42,0.28732
8858.91,0.2835
8861.41,0.27853
8863.9,0.27393
8866.4,0.27034
8868.89,0.26926
8871.39,0.26889
8873.88,0.26961
8876.38,0.26964
8878.87,0.27078
8881.37,0.27147
8883.87,0.27268
8886.36,0.27374
8888.86,0.27454
8891.35,0.27407
8893.84,0.2741
8896.34,0.27443
8898.84,0.27502
8901.33,0.27489
8903.83,0.27476
8906.32,0.27523
8908.82,0.27442
8911.31,0.27383
8913.81,0.27389
8916.3,0.27192
8918.8,0.27141
8921.29,0.27143
8923.79,0.26971
8926.28,0.26958
8928.78,0.2695
8931.27,0.27026
8933.77,0.27112
8936.26,0.27147
8938.76,0.27083
8941.25,0.26935
8943.75,0.26811
8946.24,0.26662
8948.74,0.26612
8951.23,0.26787
8953.73,0.26953
8956.22,0.27175
8958.72,0.2728
8961.21,0.2733
8963.71,0.27292
8966.2,0.2729
8968.7,0.27176
8971.2,0.27123
8973.69,0.27106
8976.19,0.27141
8978.68,0.27241
8981.18,0.27278
8983.67,0.27368
8986.17,0.27469
8988.66,0.2754
8991.16,0.27562
8993.65,0.27608
8996.15,0.2753
8998.64,0.27408
9001.14,0.27319
9003.63,0.27162
9006.13,0.26991
9008.62,0.26723
9011.12,0.26387
9013.61,0.26089
9016.11,0.25899
9018.6,0.25897
9021.1,0.26043
9023.59,0.26232
9026.09,0.26446
9028.58,0.26755
9031.08,0.2693
9033.57,0.27203
9036.07,0.27296
9038.56,0.27515
9041.06,0.27664
9043.55,0.27724
9046.05,0.27751
9048.54,0.2772
9051.04,0.27745
9053.54,0.27762
9056.03,0.27676
9058.53,0.27644
9061.02,0.27552
9063.52,0.27538
9066.01,0.27549
9068.51,0.2754
9071.0,0.27649
9073.5,0.27609
9075.99,0.2752
9078.49,0.27446
9080.98,0.27187
9083.48,0.27017
9085.97,0.26735
9088.47,0.26538
9090.96,0.26418
9093.46,0.26501
9095.95,0.26655
9098.45,0.26907
9100.94,0.27035
9103.44,0.27098
9105.93,0.27168
9108.43,0.27106
9110.92,0.27041
9113.42,0.26981
9115.91,0.26934
9118.41,0.26915
9120.9,0.26953
9123.4,0.27128
9125.89,0.27339
9128.39,0.27463
9130.88,0.27547
9133.38,0.27535
9135.88,0.27358
9138.37,0.27057
9140.87,0.26792
9143.36,0.26523
9145.86,0.26373
9148.35,0.26299
9150.85,0.26349
9153.34,0.26428
9155.84,0.26596
9158.33,0.26579
9160.83,0.26464
9163.32,0.26358
9165.82,0.2621
9168.31,0.25955
9170.81,0.25674
9173.3,0.25559
9175.8,0.25553
9178.29,0.2566
9180.79,0.2587
9183.28,0.2615
9185.78,0.26168
9188.27,0.26216
9190.77,0.26159
9193.26,0.26057
9195.76,0.25993
9198.25,0.25968
9200.75,0.25907
9203.24,0.25886
9205.74,0.25804
9208.24,0.25655
9210.73,0.2552
9213.23,0.25453
9215.72,0.25393
9218.22,0.25438
9220.71,0.25471
9223.21,0.25538
9225.7,0.25479
9228.2,0.25398
9230.69,0.25386
9233.19,0.25367
9235.68,0.25378
9238.18,0.25455
9240.67,0.25444
9243.17,0.25498
9245.66,0.25412
9248.16,0.25426
9250.65,0.25327
9253.15,0.25275
9255.64,0.25271
9258.14,0.25248
9260.63,0.25372
9263.13,0.25539
9265.62,0.25774
9268.12,0.25907
9270.61,0.25975
9273.11,0.25945
9275.6,0.25889
9278.1,0.25798
9280.59,0.25623
9283.09,0.25521
9285.58,0.25354
9288.08,0.25315
9290.58,0.25171
9293.07,0.25095
9295.57,0.2515
9298.06,0.25181
9300.56,0.25186
9303.05,0.25267
9305.55,0.25349
9308.04,0.2534
9310.54,0.25359
9313.03,0.2534
9315.53,0.25265
9318.02,0.25251
9320.52,0.25299
9323.01,0.25237
9325.51,0.25263
9328.0,0.25324
9330.5,0.25324
9332.99,0.25414
9335.49,0.25504
9337.98,0.25459
9340.48,0.25446
9342.97,0.25424
9345.47,0.25312
9347.96,0.25191
9350.46,0.25086
9352.95,0.24947
9355.45,0.24807
9357.94,0.24661
9360.44,0.24569
9362.93,0.24539
9365.43,0.24577
9367.92,0.24646
9370.42,0.24698
9372.92,0.24727
9375.41,0.24721
9377.91,0.24705
9380.4,0.24663
9382.9,0.24666
9385.39,0.24605
9387.89,0.24565
9390.38,0.24543
9392.88,0.24613
9395.37,0.24542
9397.87,0.245
9400.36,0.24434
9402.86,0.24319
9405.35,0.24203
9407.85,0.24046
9410.34,0.23849
9412.84,0.23767
9415.33,0.23689
9417.83,0.23722
9420.32,0.23881
9422.82,0.24111
9425.31,0.24213
9427.81,0.24298
9430.3,0.24258
9432.8,0.24263
9435.29,0.24151
9437.79,0.24069
9440.28,0.24035
9442.78,0.24029
9445.27,0.23986
9447.77,0.23986
9450.27,0.2405
9452.76,0.24141
9455.25,0.24262
9457.75,0.24348
9460.25,0.24422
9462.74,0.24546
9465.24,0.24595
9467.73,0.24712
9470.23,0.24742
9472.72,0.24818
9475.22,0.24772
9477.71,0.24748
9480.21,0.24892
9482.7,0.24789
9485.2,0.24859
9487.69,0.24946
9490.19,0.25025
9492.68,0.25068
9495.18,0.25071
9497.67,0.25102
9500.17,0.25115
9502.66,0.25153
9505.16,0.25106
9507.65,0.25153
9510.15,0.25152
9512.64,0.25087
9515.14,0.25146
9517.63,0.25231
9520.13,0.25352
9522.62,0.25389
9525.12,0.25385
9527.61,0.25388
9530.11,0.25376
9532.61,0.25322
9535.1,0.25272
9537.6,0.25237
9540.09,0.25058
9542.59,0.24862
9545.08,0.24657
9547.58,0.24677
9550.07,0.24725
9552.57,0.24793
9555.06,0.25046
9557.56,0.25191
9560.05,0.25423
9562.55,0.2548
9565.04,0.25405
9567.54,0.2536
9570.03,0.25265
9572.53,0.25152
9575.02,0.25075
9577.52,0.25013
9580.01,0.25066
9582.51,0.25131
9585.0,0.25297
9587.5,0.25353
9589.99,0.25454
9592.49,0.25342
9594.98,0.25343
9597.48,0.25182
9599.97,0.24995
9602.47,0.24976
9604.96,0.24992
9607.46,0.25043
9609.96,0.25166
9612.45,0.25222
9614.95,0.25365
9617.44,0.25299
9619.94,0.25279
9622.43,0.25185
9624.93,0.251
9627.42,0.25157
9629.92,0.25111
9632.41,0.25107
9634.91,0.24945
9637.4,0.24853
9639.9,0.24797
9642.39,0.24712
9644.89,0.24756
9647.38,0.24673
9649.88,0.24617
9652.37,0.24597
9654.87,0.24574
9657.36,0.24616
9659.86,0.24641
9662.35,0.24616
9664.85,0.24646
9667.34,0.24678
9669.84,0.24566
9672.33,0.24552
9674.83,0.24537
9677.32,0.24514
9679.82,0.24564
9682.31,0.24662
9684.81,0.24733
9687.3,0.24728
9689.8,0.24684
9692.29,0.24664
9694.79,0.24606
9697.29,0.2468
9699.78,0.24671
9702.28,0.24681
9704.77,0.24634
9707.27,0.24683
9709.76,0.24708
9712.26,0.24795
9714.75,0.24875
9717.25,0.24847
9719.74,0.24787
9722.24,0.24697
9724.73,0.24513
9727.23,0.24372
9729.72,0.24185
9732.22,0.24096
9734.71,0.24064
9737.21,0.23895
9739.7,0.23895
9742.2,0.23844
9744.69,0.23894
9747.19,0.23936
9749.68,0.24044
9752.18,0.24212
9754.67,0.24344
9757.17,0.24419
9759.66,0.24486
9762.16,0.24422
9764.65,0.24361
9767.15,0.2424
9769.64,0.24218
9772.14,0.24248
9774.64,0.24244
9777.13,0.24286
9779.63,0.2416
9782.12,0.23994
9784.62,0.23925
9787.11,0.23811
9789.61,0.23919
9792.1,0.24065
9794.6,0.24242
9797.09,0.24401
9799.59,0.24608
9802.08,0.24628
9804.58,0.24667
9807.07,0.24691
9809.57,0.24675
9812.06,0.24674
9814.56,0.24687
9817.05,0.24667
9819.55,0.2464
9822.04,0.24649
9824.54,0.24544
9827.03,0.24553
9829.53,0.24454
9832.02,0.24407
9834.52,0.24386
9837.01,0.24417
9839.51,0.24502
9842.0,0.24627
9844.5,0.24584
9847.0,0.24709
9849.49,0.24691
9851.99,0.24664
9854.48,0.24735
9856.98,0.24682
9859.47,0.24653
9861.97,0.24672
9864.46,0.2469
9866.96,0.24625
9869.45,0.24656
9871.95,0.24699
9874.44,0.24676
9876.94,0.24695
9879.43,0.24752
9881.93,0.24757
9884.42,0.24719
9886.92,0.24637
9889.41,0.24525
9891.91,0.24471
9894.4,0.24479
9896.9,0.24347
9899.39,0.24324
9901.89,0.24283
9904.38,0.2418
9906.88,0.24145
9909.37,0.24075
9911.87,0.24074
9914.36,0.241
9916.86,0.24075
9919.35,0.24032
9921.85,0.24037
9924.34,0.24025
9926.84,0.23939
9929.33,0.24058
9931.83,0.24009
9934.33,0.24119
9936.82,0.24115
9939.32,0.24199
9941.81,0.24202
9944.31,0.24208
9946.8,0.24166
9949.3,0.24213
9951.79,0.24222
9954.29,0.24245
9956.78,0.24364
9959.28,0.24404
9961.77,0.24513
9964.27,0.24506
9966.76,0.24531
9969.26,0.24507
9971.75,0.2451
9974.25,0.24522
9976.74,0.24495
9979.24,0.24446
9981.73,0.24452
9984.23,0.24399
9986.72,0.24293
9989.22,0.24355
9991.71,0.24279
9994.21,0.24185
9996.7,0.24227
9999.2,0.24121
10001.7,0.24139
10004.2,0.24149
10006.7,0.24166
10009.2,0.24194
10011.7,0.24255
10014.2,0.24365
10016.7,0.24453
10019.2,0.24523
10021.7,0.24547
10024.2,0.24511
10026.6,0.24548
10029.1,0.24483
10031.6,0.24335
10034.1,0.24228
10036.6,0.24071
10039.1,0.24066
10041.6,0.24018
10044.1,0.23973
10046.6,0.2394
10049.1,0.23848
10051.6,0.23767
10054.1,0.23746
10056.6,0.23675
10059.1,0.23759
10061.6,0.23793
10064.1,0.23849
10066.6,0.23918
10069.1,0.24046
10071.6,0.24186
10074.1,0.24214
10076.5,0.24217
10079.0,0.2422
10081.5,0.24219
10084.0,0.24159
10086.5,0.24184
10089.0,0.24261
10091.5,0.24294
10094.0,0.24399
10096.5,0.24506
10099.0,0.24616
10101.5,0.24636
10104.0,0.24637
10106.5,0.24557
10109.0,0.24501
10111.5,0.2446
10114.0,0.24399
10116.5,0.24381
10119.0,0.24323
10121.5,0.24346
10124.0,0.24296
10126.5,0.24286
10128.9,0.24312
10131.4,0.24316
10133.9,0.24396
10136.4,0.2425
10138.9,0.24192
10141.4,0.2408
10143.9,0.24014
10146.4,0.2394
10148.9,0.23904
10151.4,0.23911
10153.9,0.23942
10156.4,0.23977
10158.9,0.24042
10161.4,0.2414
10163.9,0.24098
10166.4,0.24074
10168.9,0.24059
10171.4,0.24112
10173.9,0.24104
10176.4,0.24096
10178.9,0.24087
10181.3,0.24149
10183.8,0.24119
10186.3,0.24068
10188.8,0.24042
10191.3,0.23949
10193.8,0.23917
10196.3,0.23878
10198.8,0.23886
10201.3,0.23937
10203.8,0.23968
10206.3,0.24033
10208.8,0.24005
10211.3,0.23929
10213.8,0.23959
10216.3,0.2386
10218.8,0.23863
10221.3,0.23869
10223.8,0.23858
10226.3,0.23887
10228.8,0.23934
10231.2,0.23993
10233.7,0.23966
10236.2,0.24066
10238.7,0.24082
10241.2,0.24098
10243.7,0.24151
10246.2,0.24115
10248.7,0.24056
10251.2,0.24041
10253.7,0.24002
10256.2,0.23913
10258.7,0.23854
10261.2,0.23894
10263.7,0.23816
10266.2,0.23792
10268.7,0.23783
10271.2,0.23822
10273.7,0.23872
10276.2,0.23847
10278.7,0.23869
10281.2,0.23925
10283.6,0.23882
10286.1,0.23848
10288.6,0.23871
10291.1,0.2383
10293.6,0.23813
10296.1,0.23829
10298.6,0.23832
10301.1,0.23789
10303.6,0.23819
10306.1,0.23831
10308.6,0.23942
10311.1,0.23898
10313.6,0.23925
10316.1,0.23959
10318.6,0.23848
10321.1,0.23769
10323.6,0.2362
10326.1,0.23564
10328.6,0.2341
10331.1,0.23338
10333.5,0.23316
10336.0,0.23265
10338.5,0.23302
10341.0,0.23238
10343.5,0.23203
10346.0,0.23231
10348.5,0.23247
10351.0,0.23406
10353.5,0.23492
10356.0,0.23633
10358.5,0.2376
10361.0,0.23822
10363.5,0.23728
10366.0,0.23737
10368.5,0.23706
10371.0,0.23631
10373.5,0.23541
10376.0,0.23546
10378.5,0.2353
10381.0,0.235
10383.5,0.23489
10385.9,0.23494
10388.4,0.23522
10390.9,0.23488
10393.4,0.23383
10395.9,0.23283
10398.4,0.23258
10400.9,0.23275
10403.4,0.23316
10405.9,0.23475
10408.4,0.23565
10410.9,0.23692
10413.4,0.23687
10415.9,0.23697
10418.4,0.23627
10420.9,0.23587
10423.4,0.23566
10425.9,0.23472
10428.4,0.2344
10430.9,0.23501
10433.4,0.23566
10435.9,0.23612
10438.3,0.23675
10440.8,0.23666
10443.3,0.23717
10445.8,0.23724
10448.3,0.23709
10450.8,0.2363
10453.3,0.23655
10455.8,0.23563
10458.3,0.23472
10460.8,0.23385
10463.3,0.23398
10465.8,0.23335
10468.3,0.23355
10470.8,0.23369
10473.3,0.23332
10475.8,0.23432
10478.3,0.2339
10480.8,0.23488
10483.3,0.23469
10485.8,0.23389
10488.2,0.2341
10490.7,0.23406
10493.2,0.23314
10495.7,0.23246
10498.2,0.23216
10500.7,0.2326
10503.2,0.23195
10505.7,0.23266
10508.2,0.23253
10510.7,0.23285
10513.2,0.23269
10515.7,0.23271
10518.2,0.23267
10520.7,0.23361
10523.2,0.23358
10525.7,0.2334
10528.2,0.23299
10530.7,0.23266
10533.2,0.23267
10535.7,0.23212
10538.2,0.23195
10540.6,0.23179
10543.1,0.23289
10545.6,0.23292
10548.1,0.23254
10550.6,0.23268
10553.1,0.23226
10555.6,0.23177
10558.1,0.23143
10560.6,0.23153
10563.1,0.23147
10565.6,0.23192
10568.1,0.23188
10570.6,0.23115
10573.1,0.23142
10575.6,0.23034
10578.1,0.22907
10580.6,0.22767
10583.1,0.22654
10585.6,0.22504
10588.1,0.22485
10590.6,0.22568
10593.0,0.22688
10595.5,0.22884
10598.0,0.22923
10600.5,0.22946
10603.0,0.22837
10605.5,0.2281
10608.0,0.22711
10610.5,0.22722
10613.0,0.22799
10615.5,0.22843
10618.0,0.22932
10620.5,0.22972
10623.0,0.22981
10625.5,0.2303
10628.0,0.23058
10630.5,0.23134
10633.0,0.23126
10635.5,0.2313
10638.0,0.23228
10640.5,0.23206
10642.9,0.23226
10645.4,0.23178
10647.9,0.23071
10650.4,0.23
10652.9,0.22897
10655.4,0.22781
10657.9,0.22613
10660.4,0.22536
10662.9,0.22423
10665.4,0.22353
10667.9,0.22422
10670.4,0.22511
10672.9,0.22579
10675.4,0.2261
10677.9,0.22671
10680.4,0.22652
10682.9,0.22571
10685.4,0.22501
10687.9,0.22471
10690.4,0.2243
10692.9,0.2234
10695.3,0.22368
10697.8,0.22492
10700.3,0.22656
10702.8,0.22739
10705.3,0.22919
10707.8,0.22879
10710.3,0.22905
10712.8,0.22903
10715.3,0.22969
10717.8,0.22917
10720.3,0.22765
10722.8,0.22634
10725.3,0.22488
10727.8,0.22366
10730.3,0.22255
10732.8,0.22271
10735.3,0.22272
10737.8,0.22425
10740.3,0.22496
10742.8,0.22537
10745.3,0.22546
10747.7,0.22461
10750.2,0.22438
10752.7,0.22416
10755.2,0.22431
10757.7,0.22529
10760.2,0.22694
10762.7,0.22693
10765.2,0.22782
10767.7,0.22813
10770.2,0.22797
10772.7,0.22697
10775.2,0.22588
10777.7,0.22404
10780.2,0.22259
10782.7,0.22157
10785.2,0.22085
10787.7,0.22073
10790.2,0.22065
10792.7,0.22184
10795.2,0.22298
10797.6,0.2235
10800.1,0.22468
10802.6,0.22468
10805.1,0.22454
10807.6,0.22384
10810.1,0.22226
10812.6,0.22098
10815.1,0.21938
10817.6,0.21919
10820.1,0.21822
10822.6,0.21782
10825.1,0.21739
10827.6,0.21668
10830.1,0.21684
10832.6,0.21749
10835.1,0.21879
10837.6,0.21926
10840.1,0.22109
10842.6,0.22213
10845.1,0.2224
10847.6,0.22324
10850.0,0.22329
10852.5,0.22386
10855.0,0.22422
10857.5,0.22412
10860.0,0.22408
10862.5,0.22255
10865.0,0.22065
10867.5,0.21823
10870.0,0.21601
10872.5,0.21408
10875.0,0.21332
10877.5,0.21328
10880.0,0.21347
10882.5,0.21464
10885.0,0.21466
10887.5,0.21615
10890.0,0.21637
10892.5,0.21768
10895.0,0.21808
10897.5,0.21908
10900.0,0.21962
10902.4,0.22032
10904.9,0.22102
10907.4,0.22113
10909.9,0.22161
10912.4,0.22055
10914.9,0.21997
10917.4,0.21969
10919.9,0.21878
10922.4,0.21724
10924.9,0.21592
10927.4,0.21392
10929.9,0.21196
10932.4,0.21178
10934.9,0.2105
10937.4,0.21085
10939.9,0.21103
10942.4,0.21148
10944.9,0.21235
10947.4,0.21268
10949.9,0.21233
10952.3,0.21284
10954.8,0.21174
10957.3,0.21075
10959.8,0.20943
10962.3,0.20718
10964.8,0.20459
10967.3,0.20264
10969.8,0.20129
10972.3,0.20128
10974.8,0.2012
10977.3,0.2016
10979.8,0.20239
10982.3,0.20239
10984.8,0.20337
10987.3,0.20403
10989.8,0.20392
10992.3,0.20456
10994.8,0.20419
10997.3,0.20424
10999.8,0.20382
