wave,flux
3700.85,0.10233
3701.75,0.10077
3702.65,0.097233
3703.55,0.092079
3704.45,0.086869
3705.35,0.081755
3706.25,0.078106
3707.15,0.076488
3708.05,0.076175
3708.96,0.077977
3709.86,0.080709
3710.76,0.084492
3711.66,0.089
3712.56,0.094175
3713.46,0.098841
3714.36,0.10189
3715.26,0.10391
3716.16,0.10355
3717.06,0.1002
3717.96,0.09528
3718.86,0.088293
3719.76,0.081138
3720.66,0.074285
3721.56,0.07042
3722.46,0.069844
3723.36,0.072877
3724.26,0.077637
3725.16,0.083271
3726.06,0.087812
3726.96,0.089865
3727.86,0.090969
3728.76,0.090894
3729.66,0.089987
3730.56,0.088323
3731.46,0.08503
3732.36,0.080064
3733.26,0.073961
3734.16,0.067894
3735.06,0.063064
3735.96,0.060585
3736.86,0.060894
3737.76,0.064643
3738.66,0.070019
3739.56,0.076789
3740.46,0.082425
3741.36,0.085979
3742.26,0.087348
3743.16,0.085815
3744.06,0.082171
3744.96,0.077517
3745.86,0.072944
3746.76,0.068936
3747.67,0.065099
3748.57,0.062998
3749.47,0.062372
3750.37,0.064375
3751.27,0.069219
3752.17,0.075851
3753.07,0.083137
3753.97,0.090283
3754.87,0.095378
3755.77,0.096582
3756.67,0.095874
3757.57,0.09278
3758.47,0.088393
3759.37,0.085332
3760.27,0.083789
3761.17,0.084288
3762.07,0.085434
3762.97,0.087351
3763.87,0.08871
3764.77,0.089236
3765.67,0.089398
3766.57,0.089172
3767.47,0.088905
3768.37,0.088901
3769.27,0.089201
3770.17,0.089987
3771.07,0.091771
3771.97,0.094199
3772.87,0.097294
3773.77,0.1006
3774.67,0.1024
3775.57,0.10431
3776.47,0.10616
3777.37,0.10739
3778.27,0.1083
3779.17,0.11051
3780.07,0.11242
3780.97,0.11407
3781.87,0.11584
3782.77,0.11672
3783.67,0.11547
3784.57,0.11449
3785.47,0.11176
3786.38,0.10748
3787.28,0.10275
3788.18,0.099401
3789.08,0.09695
3789.98,0.095106
3790.88,0.09455
3791.78,0.094265
3792.68,0.093126
3793.58,0.092192
3794.48,0.090132
3795.38,0.087362
3796.28,0.084286
3797.18,0.081682
3798.08,0.08023
3798.98,0.080313
3799.88,0.082596
3800.78,0.086701
3801.68,0.092314
3802.58,0.099019
3803.48,0.10389
3804.38,0.10778
3805.28,0.11012
3806.18,0.10993
3807.08,0.10937
3807.98,0.10912
3808.88,0.10895
3809.78,0.10971
3810.68,0.11018
3811.58,0.10884
3812.48,0.1069
3813.38,0.1024
3814.28,0.097968
3815.18,0.093764
3816.08,0.091059
3816.98,0.089402
3817.88,0.088385
3818.78,0.087518
3819.68,0.08631
3820.58,0.084539
3821.48,0.0829
3822.38,0.082082
3823.28,0.080897
3824.18,0.078951
3825.09,0.076509
3825.99,0.074223
3826.89,0.071721
3827.79,0.070385
3828.69,0.069872
3829.59,0.069678
3830.49,0.069105
3831.39,0.067847
3832.29,0.066265
3833.19,0.06422
3834.09,0.062549
3834.99,0.061741
3835.89,0.061144
3836.79,0.061615
3837.69,0.062516
3838.59,0.063497
3839.49,0.064676
3840.39,0.067557
3841.29,0.071889
3842.19,0.07741
3843.09,0.083338
3843.99,0.089159
3844.89,0.094345
3845.79,0.097875
3846.69,0.1001
3847.59,0.10029
3848.49,0.10074
3849.39,0.10048
3850.29,0.099911
3851.19,0.099382
3852.09,0.099593
3852.99,0.099264
3853.89,0.098943
3854.79,0.097908
3855.69,0.095547
3856.59,0.092973
3857.49,0.089422
3858.39,0.086627
3859.29,0.08423
3860.19,0.083309
3861.09,0.085039
3861.99,0.088558
3862.9,0.092221
3863.8,0.096461
3864.7,0.099403
3865.6,0.10139
3866.5,0.10191
3867.4,0.10098
3868.3,0.099995
3869.2,0.097995
3870.1,0.096021
3871.0,0.093038
3871.9,0.090737
3872.8,0.089134
3873.7,0.089357
3874.6,0.090478
3875.5,0.091842
3876.4,0.093009
3877.3,0.093101
3878.2,0.092078
3879.1,0.091085
3880.0,0.090028
3880.9,0.090048
3881.8,0.09041
3882.7,0.090054
3883.6,0.090385
3884.5,0.088904
3885.4,0.087403
3886.3,0.084906
3887.2,0.082405
3888.1,0.080397
3889.0,0.080297
3889.9,0.08198
3890.8,0.085086
3891.7,0.08886
3892.6,0.093089
3893.5,0.096688
3894.4,0.099045
3895.3,0.10042
3896.2,0.10125
3897.1,0.10213
3898.0,0.10283
3898.9,0.10329
3899.8,0.10381
3900.7,0.10375
3901.6,0.10364
3902.51,0.10292
3903.41,0.102
3904.31,0.10084
3905.21,0.1004
3906.11,0.10003
3907.01,0.101
3907.91,0.1033
3908.81,0.10633
3909.71,0.11009
3910.61,0.11292
3911.51,0.11574
3912.41,0.11733
3913.31,0.11751
3914.21,0.11715
3915.11,0.11588
3916.01,0.11389
3916.91,0.11222
3917.81,0.10957
3918.71,0.10684
3919.61,0.10406
3920.51,0.10034
3921.41,0.098108
3922.31,0.095744
3923.21,0.094496
3924.11,0.093045
3925.01,0.091567
3925.91,0.088724
3926.81,0.083788
3927.71,0.077491
3928.61,0.070034
3929.51,0.062118
3930.41,0.054072
3931.31,0.046744
3932.21,0.040244
3933.11,0.03543
3934.01,0.032743
3934.91,0.032381
3935.81,0.034649
3936.71,0.039395
3937.61,0.045895
3938.51,0.05306
3939.42,0.060974
3940.32,0.068329
3941.22,0.074352
3942.12,0.078924
3943.02,0.082234
3943.92,0.086038
3944.82,0.089024
3945.72,0.092557
3946.62,0.096688
3947.52,0.10026
3948.42,0.10382
3949.32,0.1064
3950.22,0.10908
3951.12,0.11114
3952.02,0.11256
3952.92,0.1131
3953.82,0.11332
3954.72,0.11397
3955.62,0.11345
3956.52,0.11337
3957.42,0.11184
3958.32,0.10995
3959.22,0.10667
3960.12,0.10315
3961.02,0.098117
3961.92,0.092141
3962.82,0.085263
3963.72,0.077533
3964.62,0.070092
3965.52,0.063036
3966.42,0.055576
3967.32,0.048405
3968.22,0.042863
3969.12,0.039784
3970.02,0.039379
3970.92,0.041946
3971.82,0.047229
3972.72,0.054619
3973.62,0.063286
3974.52,0.071778
3975.42,0.080458
3976.32,0.088997
3977.22,0.096313
3978.13,0.10338
3979.03,0.10959
3979.93,0.11403
3980.83,0.1175
3981.73,0.12046
3982.63,0.12119
3983.53,0.12246
3984.43,0.12339
3985.33,0.12479
3986.23,0.12584
3987.13,0.12727
3988.03,0.12933
3988.93,0.13082
3989.83,0.13217
3990.73,0.13387
3991.63,0.13458
3992.53,0.13531
3993.43,0.13524
3994.33,0.13492
3995.23,0.13399
3996.13,0.1329
3997.03,0.13139
3997.93,0.13128
3998.83,0.13162
3999.73,0.1333
4000.63,0.13548
4001.53,0.13718
4002.43,0.13832
4003.33,0.13794
4004.23,0.1372
4005.13,0.13466
4006.03,0.13279
4006.93,0.13238
4007.83,0.13297
4008.73,0.13382
4009.63,0.13672
4010.53,0.13937
4011.43,0.14055
4012.33,0.14188
4013.23,0.14331
4014.13,0.143
4015.03,0.14388
4015.93,0.14403
4016.84,0.14359
4017.74,0.1439
4018.64,0.14431
4019.54,0.14375
4020.44,0.14405
4021.34,0.14449
4022.24,0.14404
4023.14,0.14409
4024.04,0.14431
4024.94,0.14453
4025.84,0.14506
4026.74,0.14603
4027.64,0.14689
4028.54,0.14619
4029.44,0.14447
4030.34,0.14125
4031.24,0.13819
4032.14,0.13457
4033.04,0.13208
4033.94,0.13169
4034.84,0.13315
4035.74,0.13591
4036.64,0.14072
4037.54,0.1449
4038.44,0.14746
4039.34,0.15022
4040.24,0.15027
4041.14,0.14917
4042.04,0.14728
4042.94,0.14386
4043.84,0.13878
4044.74,0.1347
4045.64,0.13052
4046.54,0.12891
4047.44,0.12967
4048.34,0.13233
4049.24,0.13684
4050.14,0.14168
4051.04,0.14467
4051.94,0.14655
4052.84,0.14764
4053.74,0.14654
4054.65,0.14494
4055.55,0.14321
4056.45,0.14156
4057.35,0.1406
4058.25,0.14025
4059.15,0.14036
4060.05,0.14042
4060.95,0.14009
4061.85,0.13864
4062.75,0.13652
4063.65,0.13423
4064.55,0.13228
4065.45,0.13148
4066.35,0.13256
4067.25,0.13442
4068.15,0.13763
4069.05,0.13983
4069.95,0.14078
4070.85,0.14092
4071.75,0.14126
4072.65,0.13951
4073.55,0.13895
4074.45,0.13798
4075.35,0.13712
4076.25,0.13558
4077.15,0.13331
4078.05,0.13256
4078.95,0.13284
4079.85,0.13559
4080.75,0.13821
4081.65,0.1417
4082.55,0.14376
4083.45,0.14609
4084.35,0.14705
4085.25,0.14785
4086.15,0.14871
4087.05,0.15086
4087.95,0.15412
4088.85,0.15639
4089.75,0.15807
4090.65,0.15908
4091.55,0.15913
4092.45,0.15779
4093.36,0.1561
4094.26,0.15401
4095.16,0.15158
4096.06,0.14803
4096.96,0.14433
4097.86,0.14016
4098.76,0.13626
4099.66,0.13151
4100.56,0.12677
4101.46,0.12265
4102.36,0.12083
4103.26,0.12158
4104.16,0.12388
4105.06,0.12844
4105.96,0.13336
4106.86,0.13775
4107.76,0.14239
4108.66,0.14365
4109.56,0.14495
4110.46,0.14596
4111.36,0.14712
4112.26,0.14765
4113.16,0.14941
4114.06,0.15072
4114.96,0.15196
4115.86,0.15429
4116.76,0.15339
4117.66,0.15264
4118.56,0.1521
4119.46,0.15101
4120.36,0.14993
4121.26,0.14951
4122.16,0.14939
4123.06,0.14954
4123.96,0.15025
4124.86,0.15099
4125.76,0.15072
4126.66,0.15093
4127.56,0.15051
4128.46,0.14929
4129.36,0.14747
4130.26,0.14616
4131.17,0.14423
4132.06,0.14196
4132.97,0.14021
4133.87,0.14062
4134.77,0.14119
4135.67,0.14326
4136.57,0.14648
4137.47,0.14962
4138.37,0.15224
4139.27,0.15343
4140.17,0.15312
4141.07,0.15203
4141.97,0.14859
4142.87,0.14498
4143.77,0.1421
4144.67,0.13973
4145.57,0.14086
4146.47,0.14214
4147.37,0.14457
4148.27,0.14655
4149.17,0.14771
4150.07,0.14826
4150.97,0.14853
4151.87,0.14743
4152.77,0.14703
4153.67,0.14609
4154.57,0.14596
4155.47,0.1451
4156.37,0.14581
4157.27,0.14597
4158.17,0.14777
4159.07,0.14957
4159.97,0.15163
4160.87,0.15405
4161.77,0.15492
4162.67,0.15547
4163.57,0.15659
4164.47,0.15633
4165.37,0.15594
4166.27,0.15484
4167.17,0.15394
4168.07,0.152
4168.98,0.15013
4169.88,0.14864
4170.78,0.14709
4171.68,0.1446
4172.58,0.14167
4173.48,0.13961
4174.38,0.13861
4175.28,0.13823
4176.18,0.13906
4177.08,0.14015
4177.98,0.14262
4178.88,0.14392
4179.78,0.14532
4180.68,0.14624
4181.58,0.14685
4182.48,0.14786
4183.38,0.14733
4184.28,0.14778
4185.18,0.14764
4186.08,0.14717
4186.98,0.14617
4187.88,0.14541
4188.78,0.14514
4189.68,0.14517
4190.58,0.14615
4191.48,0.14756
4192.38,0.1498
4193.28,0.15031
4194.18,0.15059
4195.08,0.14975
4195.98,0.14828
4196.88,0.14626
4197.78,0.14269
4198.68,0.14045
4199.58,0.13853
4200.48,0.13727
4201.38,0.13723
4202.28,0.13788
4203.18,0.13846
4204.08,0.14119
4204.98,0.14282
4205.88,0.14549
4206.79,0.14784
4207.69,0.15065
4208.59,0.15196
4209.49,0.15369
4210.39,0.15468
4211.29,0.15408
4212.19,0.15307
4213.09,0.15265
4213.99,0.15145
4214.89,0.1493
4215.79,0.14816
4216.69,0.14754
4217.59,0.14768
4218.49,0.14879
4219.39,0.15073
4220.29,0.15242
4221.19,0.15269
4222.09,0.1506
4222.99,0.14741
4223.89,0.14182
4224.79,0.13527
4225.69,0.12886
4226.59,0.12416
4227.49,0.1222
4228.39,0.1233
4229.29,0.12744
4230.19,0.13274
4231.09,0.13855
4231.99,0.14337
4232.89,0.14536
4233.79,0.14739
4234.69,0.14582
4235.59,0.14485
4236.49,0.1437
4237.39,0.1431
4238.29,0.14285
4239.19,0.14376
4240.09,0.14531
4240.99,0.14737
4241.89,0.14955
4242.79,0.15142
4243.69,0.15317
4244.59,0.15387
4245.5,0.15324
4246.4,0.15201
4247.3,0.14985
4248.2,0.14777
4249.1,0.14492
4250.0,0.14351
4250.9,0.14183
4251.8,0.14179
4252.7,0.14174
4253.6,0.14312
4254.5,0.14392
4255.4,0.14466
4256.3,0.1453
4257.2,0.14516
4258.1,0.14501
4259.0,0.14422
4259.9,0.14349
4260.8,0.14247
4261.7,0.14363
4262.6,0.14523
4263.5,0.14785
4264.4,0.15075
4265.3,0.15355
4266.2,0.15467
4267.1,0.15428
4268.0,0.15295
4268.9,0.14942
4269.8,0.14613
4270.7,0.14002
4271.6,0.13556
4272.5,0.13266
4273.4,0.13054
4274.3,0.13073
4275.2,0.13211
4276.1,0.13643
4277.0,0.13993
4277.9,0.14345
4278.8,0.14637
4279.7,0.14841
4280.6,0.14812
4281.5,0.14746
4282.4,0.14647
4283.31,0.1457
4284.21,0.14485
4285.11,0.144
4286.01,0.14112
4286.91,0.13914
4287.81,0.13694
4288.71,0.13465
4289.61,0.13249
4290.51,0.13131
4291.41,0.13186
4292.31,0.13257
4293.21,0.13371
4294.11,0.13501
4295.01,0.13609
4295.91,0.13491
4296.81,0.13222
4297.71,0.1285
4298.61,0.12438
4299.51,0.11911
4300.41,0.11459
4301.31,0.11171
4302.21,0.10995
4303.11,0.10932
4304.01,0.10919
4304.91,0.10942
4305.81,0.10894
4306.71,0.10827
4307.61,0.10728
4308.51,0.10618
4309.41,0.10592
4310.31,0.10726
4311.21,0.10986
4312.11,0.11429
4313.01,0.12048
4313.91,0.1277
4314.81,0.13509
4315.71,0.14465
4316.61,0.15318
4317.51,0.15973
4318.41,0.16592
4319.31,0.16805
4320.21,0.16845
4321.12,0.16597
4322.02,0.16126
4322.92,0.15626
4323.82,0.14982
4324.72,0.14423
4325.62,0.1408
4326.52,0.14029
4327.42,0.14182
4328.32,0.14598
4329.22,0.15137
4330.12,0.15709
4331.02,0.16068
4331.92,0.16406
4332.82,0.16622
4333.72,0.16572
4334.62,0.16593
4335.52,0.16377
4336.42,0.15881
4337.32,0.1534
4338.22,0.14644
4339.12,0.14054
4340.02,0.13483
4340.92,0.13204
4341.82,0.13178
4342.72,0.13433
4343.62,0.13945
4344.52,0.14438
4345.42,0.15033
4346.32,0.15515
4347.22,0.15834
4348.12,0.16068
4349.02,0.16216
4349.92,0.16132
4350.82,0.15895
4351.72,0.15722
4352.62,0.15474
4353.52,0.15418
4354.42,0.15409
4355.32,0.15485
4356.22,0.15764
4357.12,0.15865
4358.02,0.16038
4358.92,0.16258
4359.83,0.16364
4360.73,0.16456
4361.63,0.16654
4362.53,0.1679
4363.43,0.16962
4364.33,0.17128
4365.23,0.17147
4366.13,0.17115
4367.03,0.16977
4367.93,0.16825
4368.83,0.16653
4369.73,0.16536
4370.63,0.16323
4371.53,0.16143
4372.43,0.16075
4373.33,0.15918
4374.23,0.15689
4375.13,0.15599
4376.03,0.15585
4376.93,0.15651
4377.83,0.15751
4378.73,0.15902
4379.63,0.15912
4380.53,0.15797
4381.43,0.15479
4382.33,0.15032
4383.23,0.14526
4384.13,0.14134
4385.03,0.13901
4385.93,0.13886
4386.83,0.1413
4387.73,0.14522
4388.63,0.14774
4389.53,0.1509
4390.43,0.1536
4391.33,0.15597
4392.23,0.15666
4393.13,0.15821
4394.03,0.15971
4394.93,0.16
4395.83,0.16133
4396.73,0.16273
4397.64,0.16367
4398.54,0.16409
4399.44,0.16389
4400.34,0.1629
4401.24,0.16211
4402.14,0.1599
4403.04,0.15772
4403.94,0.15593
4404.84,0.15389
4405.74,0.1528
4406.64,0.15313
4407.54,0.15386
4408.44,0.15551
4409.34,0.15907
4410.24,0.16149
4411.14,0.16537
4412.04,0.16816
4412.94,0.16893
4413.84,0.16925
4414.74,0.16884
4415.64,0.16771
4416.54,0.16623
4417.44,0.16671
4418.34,0.16854
4419.24,0.16989
4420.14,0.17032
4421.04,0.17292
4421.94,0.17244
4422.84,0.17238
4423.74,0.17249
4424.64,0.17165
4425.54,0.17086
4426.44,0.17117
4427.34,0.17044
4428.24,0.1707
4429.14,0.1704
4430.04,0.17057
4430.94,0.17067
4431.84,0.17006
4432.74,0.16864
4433.64,0.16761
4434.54,0.16699
4435.45,0.16681
4436.35,0.16691
4437.25,0.16831
4438.15,0.17008
4439.05,0.17244
4439.95,0.17458
4440.85,0.17384
4441.75,0.17385
4442.65,0.17324
4443.55,0.17126
4444.45,0.17093
4445.35,0.17212
4446.25,0.17311
4447.15,0.17502
4448.05,0.17595
4448.95,0.17697
4449.85,0.17691
4450.75,0.17661
4451.65,0.17476
4452.55,0.17236
4453.45,0.1708
4454.35,0.16761
4455.25,0.16491
4456.15,0.16271
4457.05,0.1617
4457.95,0.16066
4458.85,0.16053
4459.75,0.1603
4460.65,0.16109
4461.55,0.16161
4462.45,0.16337
4463.35,0.16524
4464.25,0.16707
4465.15,0.16957
4466.05,0.1716
4466.95,0.1715
4467.85,0.17291
4468.75,0.17211
4469.65,0.17261
4470.55,0.17333
4471.45,0.17538
4472.35,0.17776
4473.25,0.17951
4474.16,0.18202
4475.06,0.18415
4475.96,0.1862
4476.86,0.18599
4477.76,0.1866
4478.66,0.18554
4479.56,0.18319
4480.46,0.1823
4481.36,0.18008
4482.26,0.17874
4483.16,0.17848
4484.06,0.17998
4484.96,0.18066
4485.86,0.18242
4486.76,0.18328
4487.66,0.18352
4488.56,0.18308
4489.46,0.18278
4490.36,0.18139
4491.26,0.18114
4492.16,0.18031
4493.06,0.18041
4493.96,0.18018
4494.86,0.17947
4495.76,0.17963
4496.66,0.17989
4497.56,0.18115
4498.46,0.18164
4499.36,0.18395
4500.26,0.18534
4501.16,0.18672
4502.06,0.18953
4502.96,0.19098
4503.86,0.19267
4504.76,0.19408
4505.66,0.19563
4506.56,0.19641
4507.46,0.19701
4508.36,0.19709
4509.26,0.1966
4510.17,0.19622
4511.06,0.19508
4511.97,0.19412
4512.87,0.1931
4513.77,0.19102
4514.67,0.18979
4515.57,0.18977
4516.47,0.1878
4517.37,0.18801
4518.27,0.18755
4519.17,0.18719
4520.07,0.18712
4520.97,0.18744
4521.87,0.18736
4522.77,0.18543
4523.67,0.18459
4524.57,0.18143
4525.47,0.17976
4526.37,0.17623
4527.27,0.17397
4528.17,0.17124
4529.07,0.16972
4529.97,0.16944
4530.87,0.1683
4531.77,0.16795
4532.67,0.16836
4533.57,0.16952
4534.47,0.16992
4535.37,0.17096
4536.27,0.17269
4537.17,0.17579
4538.07,0.17781
4538.97,0.18095
4539.87,0.18338
4540.77,0.18512
4541.67,0.18553
4542.57,0.18547
4543.47,0.18604
4544.37,0.18491
4545.27,0.18401
4546.17,0.18289
4547.07,0.18174
4547.97,0.18115
4548.88,0.18006
4549.77,0.17884
4550.68,0.17785
4551.58,0.1786
4552.48,0.17832
4553.38,0.17783
4554.28,0.1781
4555.18,0.17891
4556.08,0.18003
4556.98,0.18233
4557.88,0.18373
4558.78,0.18768
4559.68,0.18899
4560.58,0.19045
4561.48,0.19149
4562.38,0.19172
4563.28,0.19024
4564.18,0.18922
4565.08,0.18927
4565.98,0.18908
4566.88,0.18862
4567.78,0.18995
4568.68,0.18985
4569.58,0.19027
4570.48,0.19074
4571.38,0.19151
4572.28,0.18994
4573.18,0.19007
4574.08,0.19124
4574.98,0.19079
4575.88,0.19196
4576.78,0.19107
4577.68,0.19105
4578.58,0.18898
4579.48,0.18851
4580.38,0.18651
4581.28,0.18456
4582.18,0.18368
4583.08,0.1839
4583.98,0.18313
4584.88,0.18334
4585.78,0.18394
4586.69,0.18517
4587.58,0.18649
4588.49,0.18866
4589.39,0.18958
4590.29,0.19045
4591.19,0.18915
4592.09,0.18917
4592.99,0.1886
4593.89,0.18747
4594.79,0.18698
4595.69,0.18727
4596.59,0.18687
4597.49,0.18731
4598.39,0.18794
4599.29,0.18799
4600.19,0.18762
4601.09,0.1876
4601.99,0.18701
4602.89,0.18743
4603.79,0.18799
4604.69,0.18816
4605.59,0.18959
4606.49,0.19018
4607.39,0.1927
4608.29,0.19415
4609.19,0.19551
4610.09,0.19592
4610.99,0.19649
4611.89,0.19723
4612.79,0.19731
4613.69,0.19531
4614.59,0.19646
4615.49,0.19561
4616.39,0.19584
4617.29,0.19528
4618.19,0.19503
4619.09,0.19471
4619.99,0.19511
4620.89,0.19714
4621.79,0.19686
4622.69,0.19629
4623.59,0.19791
4624.5,0.19714
4625.4,0.1976
4626.3,0.19629
4627.2,0.19683
4628.1,0.19712
4629.0,0.19667
4629.9,0.19633
4630.8,0.19547
4631.7,0.19641
4632.6,0.19592
4633.5,0.19531
4634.4,0.19483
4635.3,0.19347
4636.2,0.19266
4637.1,0.19153
4638.0,0.19084
4638.9,0.19144
4639.8,0.19103
4640.7,0.19109
4641.6,0.19188
4642.5,0.19209
4643.4,0.19224
4644.3,0.19193
4645.2,0.19017
4646.1,0.18939
4647.0,0.18834
4647.9,0.1865
4648.8,0.18744
4649.7,0.18664
4650.6,0.18908
4651.5,0.18867
4652.4,0.18923
4653.3,0.18946
4654.2,0.18944
4655.1,0.18933
4656.0,0.19039
4656.9,0.19059
4657.8,0.19254
4658.7,0.19456
4659.6,0.19662
4660.5,0.19713
4661.4,0.19762
4662.3,0.19775
4663.21,0.19714
4664.11,0.19382
4665.01,0.19199
4665.91,0.18856
4666.81,0.18596
4667.71,0.18358
4668.61,0.18209
4669.51,0.18244
4670.41,0.18288
4671.31,0.18483
4672.21,0.18726
4673.11,0.18946
4674.01,0.19083
4674.91,0.19256
4675.81,0.19234
4676.71,0.19434
4677.61,0.19444
4678.51,0.19324
4679.41,0.19277
4680.31,0.19126
4681.21,0.19064
4682.11,0.18971
4683.01,0.19041
4683.91,0.19028
4684.81,0.19171
4685.71,0.1923
4686.61,0.1932
4687.51,0.19358
4688.41,0.19355
4689.31,0.1935
4690.21,0.19356
4691.11,0.19341
4692.01,0.19459
4692.91,0.195
4693.81,0.1953
4694.71,0.19647
4695.61,0.19737
4696.51,0.19677
4697.41,0.19682
4698.31,0.19553
4699.21,0.19419
4700.12,0.19178
4701.02,0.19135
4701.92,0.18934
4702.82,0.18878
4703.72,0.18777
4704.62,0.18706
4705.52,0.18731
4706.42,0.18716
4707.32,0.18717
4708.22,0.18679
4709.12,0.1878
4710.02,0.18818
4710.92,0.18937
4711.82,0.1906
4712.72,0.19133
4713.62,0.1931
4714.52,0.19354
4715.42,0.19468
4716.32,0.19556
4717.22,0.19582
4718.12,0.19771
4719.02,0.19886
4719.92,0.20027
4720.82,0.20015
4721.72,0.2011
4722.62,0.20133
4723.52,0.20153
4724.42,0.20141
4725.32,0.20027
4726.22,0.19809
4727.12,0.19724
4728.02,0.19417
4728.92,0.19304
4729.82,0.19201
4730.72,0.19067
4731.62,0.19146
4732.52,0.19076
4733.42,0.19197
4734.32,0.1923
4735.22,0.1933
4736.12,0.19391
4737.02,0.19463
4737.92,0.19504
4738.83,0.19536
4739.73,0.19511
4740.63,0.19567
4741.53,0.19637
4742.43,0.19688
4743.33,0.19814
4744.23,0.19879
4745.13,0.19827
4746.03,0.19867
4746.93,0.19913
4747.83,0.20058
4748.73,0.20167
4749.63,0.20141
4750.53,0.20112
4751.43,0.20023
4752.33,0.20005
4753.23,0.19903
4754.13,0.19835
4755.03,0.19694
4755.93,0.19541
4756.83,0.19542
4757.73,0.19541
4758.63,0.19491
4759.53,0.19498
4760.43,0.19369
4761.33,0.19304
4762.23,0.192
4763.13,0.19083
4764.03,0.19067
4764.93,0.18862
4765.83,0.18844
4766.73,0.18847
4767.63,0.18846
4768.53,0.18931
4769.43,0.19087
4770.33,0.19297
4771.23,0.19343
4772.13,0.19413
4773.03,0.19473
4773.93,0.1954
4774.83,0.19693
4775.73,0.19756
4776.64,0.19852
4777.54,0.19916
4778.44,0.19912
4779.34,0.19897
4780.24,0.19783
4781.14,0.19763
4782.04,0.19597
4782.94,0.19455
4783.84,0.19416
4784.74,0.19351
4785.64,0.19295
4786.54,0.19157
4787.44,0.1917
4788.34,0.19156
4789.24,0.19121
4790.14,0.19113
4791.04,0.193
4791.94,0.19486
4792.84,0.19683
4793.74,0.19774
4794.64,0.19929
4795.54,0.20039
4796.44,0.2007
4797.34,0.20051
4798.24,0.2003
4799.14,0.19922
4800.04,0.19885
4800.94,0.19893
4801.84,0.19879
4802.74,0.19961
4803.64,0.19818
4804.54,0.19846
4805.44,0.19939
4806.34,0.19869
4807.24,0.19829
4808.14,0.19756
4809.04,0.19782
4809.94,0.19787
4810.84,0.19851
4811.74,0.19826
4812.64,0.1993
4813.54,0.19987
4814.45,0.2007
4815.35,0.20129
4816.25,0.20226
4817.15,0.20311
4818.05,0.20336
4818.95,0.20356
4819.85,0.20378
4820.75,0.20236
4821.65,0.20224
4822.55,0.20092
4823.45,0.19967
4824.35,0.19892
4825.25,0.19893
4826.15,0.19753
4827.05,0.19757
4827.95,0.19781
4828.85,0.19839
4829.75,0.19744
4830.65,0.19732
4831.55,0.19652
4832.45,0.1962
4833.35,0.19742
4834.25,0.19715
4835.15,0.19775
4836.05,0.19762
4836.95,0.19793
4837.85,0.19797
4838.75,0.19733
4839.65,0.19648
4840.55,0.19532
4841.45,0.19506
4842.35,0.19542
4843.25,0.19565
4844.15,0.19544
4845.05,0.1964
4845.95,0.19683
4846.85,0.19729
4847.75,0.19793
4848.65,0.19782
4849.55,0.19773
4850.45,0.19727
4851.35,0.19684
4852.26,0.19627
4853.16,0.19531
4854.06,0.19363
4854.96,0.19159
4855.86,0.18913
4856.76,0.18583
4857.66,0.18239
4858.56,0.17755
4859.46,0.17328
4860.36,0.16869
4861.26,0.16543
4862.16,0.16318
4863.06,0.16314
4863.96,0.16507
4864.86,0.16776
4865.76,0.17236
4866.66,0.17696
4867.56,0.18038
4868.46,0.18392
4869.36,0.18511
4870.26,0.18534
4871.16,0.18478
4872.06,0.18532
4872.96,0.18433
4873.86,0.18535
4874.76,0.18575
4875.66,0.1883
4876.56,0.18945
4877.46,0.19199
4878.36,0.19282
4879.26,0.19515
4880.16,0.1945
4881.06,0.19518
4881.96,0.19575
4882.86,0.19578
4883.76,0.19351
4884.66,0.19333
4885.56,0.19244
4886.46,0.19111
4887.36,0.18908
4888.26,0.18845
4889.17,0.18783
4890.07,0.18754
4890.97,0.18784
4891.87,0.18879
4892.77,0.19157
4893.67,0.19511
4894.57,0.19687
4895.47,0.20097
4896.37,0.20402
4897.27,0.20544
4898.17,0.20713
4899.07,0.20636
4899.97,0.20585
4900.87,0.20512
4901.77,0.20385
4902.67,0.20207
4903.57,0.20234
4904.47,0.20162
4905.37,0.20161
4906.27,0.2013
4907.17,0.20168
4908.07,0.20019
4908.97,0.2005
4909.87,0.19931
4910.77,0.19843
4911.67,0.19803
4912.57,0.19745
4913.47,0.19852
4914.37,0.19867
4915.27,0.199
4916.17,0.19927
4917.07,0.19647
4917.97,0.19444
4918.87,0.19262
4919.77,0.18899
4920.67,0.18619
4921.57,0.18558
4922.47,0.18495
4923.37,0.18617
4924.27,0.18876
4925.17,0.1908
4926.07,0.19369
4926.98,0.19596
4927.88,0.1985
4928.78,0.20122
4929.68,0.20221
4930.58,0.20249
4931.48,0.20374
4932.38,0.20134
4933.28,0.19932
4934.18,0.19852
4935.08,0.1959
4935.98,0.19423
4936.88,0.19253
4937.78,0.19294
4938.68,0.19225
4939.58,0.19237
4940.48,0.1944
4941.38,0.19513
4942.28,0.1961
4943.18,0.19891
4944.08,0.2016
4944.98,0.20338
4945.88,0.20327
4946.78,0.20377
4947.68,0.20542
4948.58,0.2058
4949.48,0.20602
4950.38,0.20664
4951.28,0.20741
4952.18,0.20681
4953.08,0.2045
4953.98,0.2028
4954.88,0.20047
4955.78,0.19816
4956.68,0.19553
4957.58,0.19325
4958.48,0.19165
4959.38,0.19159
4960.28,0.19237
4961.18,0.19351
4962.08,0.19544
4962.98,0.19724
4963.88,0.19796
4964.79,0.19759
4965.69,0.19814
4966.59,0.19625
4967.49,0.19585
4968.39,0.19601
4969.29,0.19509
4970.19,0.19571
4971.09,0.19663
4971.99,0.19784
4972.89,0.19796
4973.79,0.19959
4974.69,0.20036
4975.59,0.20079
4976.49,0.20001
4977.39,0.1992
4978.29,0.19753
4979.19,0.19566
4980.09,0.19253
4980.99,0.1902
4981.89,0.18779
4982.79,0.18607
4983.69,0.18437
4984.59,0.18333
4985.49,0.18427
4986.39,0.18546
4987.29,0.18747
4988.19,0.18852
4989.09,0.19021
4989.99,0.19264
4990.89,0.19305
4991.79,0.19349
4992.69,0.19363
4993.59,0.19319
4994.49,0.19486
4995.39,0.19448
4996.29,0.19482
4997.19,0.19378
4998.09,0.19294
4998.99,0.1926
4999.89,0.19203
5000.79,0.18966
5001.7,0.18941
5002.6,0.18735
5003.5,0.18698
5004.4,0.18637
5005.3,0.18534
5006.2,0.18537
5007.1,0.18596
5008.0,0.18597
5008.9,0.1856
5009.8,0.18584
5010.7,0.18557
5011.6,0.18489
5012.5,0.18417
5013.4,0.18261
5014.3,0.18149
5015.2,0.18078
5016.1,0.18104
5017.0,0.18082
5017.9,0.18208
5018.8,0.18267
5019.7,0.18403
5020.6,0.1842
5021.5,0.18505
5022.4,0.18658
5023.3,0.18711
5024.2,0.18778
5025.1,0.18762
5026.0,0.18946
5026.9,0.19061
5027.8,0.19093
5028.7,0.1915
5029.6,0.19328
5030.5,0.1941
5031.4,0.19476
5032.3,0.19573
5033.2,0.196
5034.1,0.19531
5035.0,0.19472
5035.9,0.19303
5036.8,0.1902
5037.7,0.18801
5038.6,0.18556
5039.5,0.18315
5040.41,0.1809
5041.31,0.18064
5042.21,0.17947
5043.11,0.18151
5044.01,0.18412
5044.91,0.18701
5045.81,0.18983
5046.71,0.19212
5047.61,0.19371
5048.51,0.19418
5049.41,0.19254
5050.31,0.19219
5051.21,0.19248
5052.11,0.19192
5053.01,0.19198
5053.91,0.19409
5054.81,0.19484
5055.71,0.19758
5056.61,0.19939
5057.51,0.20011
5058.41,0.20059
5059.31,0.20122
5060.21,0.20089
5061.11,0.20054
5062.01,0.1996
5062.91,0.19888
5063.81,0.19729
5064.71,0.19522
5065.61,0.19417
5066.51,0.19163
5067.41,0.1915
5068.31,0.1911
5069.21,0.19031
5070.11,0.1914
5071.01,0.19215
5071.91,0.19186
5072.81,0.19194
5073.71,0.19136
5074.61,0.19216
5075.51,0.19284
5076.42,0.19115
5077.31,0.18908
5078.21,0.18917
5079.12,0.18706
5080.02,0.18568
5080.92,0.18383
5081.82,0.18273
5082.72,0.18407
5083.62,0.18437
5084.52,0.18573
5085.42,0.18735
5086.32,0.18927
5087.22,0.19079
5088.12,0.19263
5089.02,0.19465
5089.92,0.19509
5090.82,0.19578
5091.72,0.19635
5092.62,0.19714
5093.52,0.19739
5094.42,0.19732
5095.32,0.19514
5096.22,0.19482
5097.12,0.19417
5098.02,0.19176
5098.92,0.19002
5099.82,0.18923
5100.72,0.18925
5101.62,0.18967
5102.52,0.18965
5103.42,0.19021
5104.32,0.18982
5105.22,0.1898
5106.12,0.18869
5107.02,0.18874
5107.92,0.18822
5108.82,0.18799
5109.72,0.18687
5110.62,0.18821
5111.52,0.18828
5112.42,0.18968
5113.32,0.191
5114.22,0.1932
5115.12,0.19419
5116.03,0.19496
5116.93,0.19655
5117.83,0.19741
5118.73,0.198
5119.63,0.1966
5120.53,0.19566
5121.43,0.19361
5122.33,0.19174
5123.23,0.18965
5124.13,0.18795
5125.03,0.1855
5125.93,0.18462
5126.83,0.18326
5127.73,0.18286
5128.63,0.18394
5129.53,0.18388
5130.43,0.18518
5131.33,0.18627
5132.23,0.18671
5133.13,0.18858
5134.03,0.18895
5134.93,0.18941
5135.83,0.18951
5136.73,0.19054
5137.63,0.18914
5138.53,0.18798
5139.43,0.18677
5140.33,0.18525
5141.23,0.18505
5142.13,0.1842
5143.03,0.18392
5143.93,0.18388
5144.83,0.18363
5145.73,0.18407
5146.63,0.18401
5147.53,0.18447
5148.43,0.18441
5149.33,0.18441
5150.23,0.18469
5151.13,0.18428
5152.03,0.18454
5152.94,0.18471
5153.84,0.18448
5154.74,0.18601
5155.64,0.18734
5156.54,0.18846
5157.44,0.19189
5158.34,0.19291
5159.24,0.19382
5160.14,0.19475
5161.04,0.19519
5161.94,0.19388
5162.84,0.19074
5163.74,0.18826
5164.64,0.1839
5165.54,0.17809
5166.44,0.17286
5167.34,0.1675
5168.24,0.16304
5169.14,0.15905
5170.04,0.15652
5170.94,0.1544
5171.84,0.15427
5172.74,0.155
5173.64,0.15646
5174.54,0.1594
5175.44,0.16349
5176.34,0.16778
5177.24,0.1716
5178.14,0.17578
5179.04,0.17583
5179.94,0.17712
5180.84,0.17499
5181.74,0.17266
5182.64,0.16915
5183.54,0.16664
5184.44,0.16468
5185.34,0.16515
5186.24,0.16667
5187.14,0.16961
5188.04,0.17382
5188.94,0.17683
5189.84,0.17979
5190.75,0.18097
5191.65,0.18271
5192.55,0.18255
5193.45,0.18277
5194.35,0.18259
5195.25,0.18387
5196.15,0.18465
5197.05,0.18535
5197.95,0.18714
5198.85,0.18909
5199.75,0.18953
5200.65,0.19048
5201.55,0.19024
5202.45,0.18842
5203.35,0.18741
5204.25,0.18451
5205.15,0.18241
5206.05,0.1801
5206.95,0.17826
5207.85,0.17706
5208.75,0.17701
5209.65,0.17696
5210.55,0.17909
5211.45,0.18172
5212.35,0.18443
5213.25,0.18752
5214.15,0.19004
5215.05,0.1917
5215.95,0.19317
5216.85,0.19388
5217.75,0.19449
5218.65,0.19611
5219.55,0.19631
5220.45,0.19696
5221.35,0.19597
5222.25,0.19642
5223.15,0.19489
5224.05,0.19303
5224.95,0.19118
5225.85,0.18898
5226.75,0.18724
5227.66,0.18516
5228.56,0.18588
5229.46,0.18684
5230.36,0.18837
5231.26,0.18956
5232.16,0.19221
5233.06,0.19249
5233.96,0.19382
5234.86,0.19592
5235.76,0.19574
5236.66,0.19779
5237.56,0.19958
5238.46,0.2006
5239.36,0.20253
5240.26,0.20326
5241.16,0.20369
5242.06,0.20355
5242.96,0.20355
5243.86,0.20384
5244.76,0.20269
5245.66,0.20257
5246.56,0.20073
5247.46,0.19874
5248.36,0.19788
5249.26,0.19606
5250.16,0.19456
5251.06,0.19433
5251.96,0.19361
5252.86,0.19414
5253.76,0.19536
5254.66,0.19549
5255.56,0.19652
5256.46,0.1986
5257.36,0.19963
5258.26,0.20045
5259.16,0.1993
5260.06,0.19926
5260.96,0.19712
5261.86,0.19432
5262.76,0.19085
5263.66,0.18697
5264.56,0.18466
5265.47,0.18113
5266.37,0.17821
5267.27,0.17607
5268.17,0.17494
5269.07,0.17441
5269.97,0.17429
5270.87,0.17605
5271.77,0.17733
5272.67,0.1798
5273.57,0.18351
5274.47,0.18598
5275.37,0.18907
5276.27,0.19249
5277.17,0.19531
5278.07,0.19731
5278.97,0.19873
5279.87,0.19948
5280.77,0.19951
5281.67,0.20058
5282.57,0.2002
5283.47,0.20016
5284.37,0.20082
5285.27,0.20112
5286.17,0.20322
5287.07,0.2046
5287.97,0.2058
5288.87,0.20731
5289.77,0.20885
5290.67,0.21012
5291.57,0.20961
5292.47,0.20956
5293.37,0.20872
5294.27,0.20566
5295.17,0.20567
5296.07,0.20294
5296.97,0.20051
5297.87,0.19888
5298.77,0.19776
5299.67,0.19707
5300.57,0.197
5301.48,0.19673
5302.38,0.19878
5303.27,0.20076
5304.18,0.20294
5305.08,0.20414
5305.98,0.20699
5306.88,0.20712
5307.78,0.20849
5308.68,0.20968
5309.58,0.20968
5310.48,0.21003
5311.38,0.21031
5312.28,0.20993
5313.18,0.20999
5314.08,0.20963
5314.98,0.21041
5315.88,0.20886
5316.78,0.20802
5317.68,0.20665
5318.58,0.20591
5319.48,0.20517
5320.38,0.20533
5321.28,0.20457
5322.18,0.20375
5323.08,0.20146
5323.98,0.19895
5324.88,0.19752
5325.78,0.19465
5326.68,0.19209
5327.58,0.19078
5328.48,0.18854
5329.38,0.18702
5330.28,0.18802
5331.18,0.18975
5332.08,0.1919
5332.98,0.19436
5333.88,0.19679
5334.78,0.19927
5335.68,0.20161
5336.58,0.20148
5337.48,0.20232
5338.38,0.20282
5339.28,0.20245
5340.19,0.20102
5341.08,0.20121
5341.99,0.19961
5342.89,0.19977
5343.79,0.19987
5344.69,0.20013
5345.59,0.20078
5346.49,0.20178
5347.39,0.2023
5348.29,0.20185
5349.19,0.20224
5350.09,0.20286
5350.99,0.2037
5351.89,0.20604
5352.79,0.20629
5353.69,0.20782
5354.59,0.21012
5355.49,0.21043
5356.39,0.21153
5357.29,0.21388
5358.19,0.21403
5359.09,0.21386
5359.99,0.21329
5360.89,0.21254
5361.79,0.21146
5362.69,0.21058
5363.59,0.20882
5364.49,0.20742
5365.39,0.20556
5366.29,0.20364
5367.19,0.20217
5368.09,0.20081
5368.99,0.1991
5369.89,0.19894
5370.79,0.1979
5371.69,0.1978
5372.59,0.19779
5373.49,0.20003
5374.39,0.20123
5375.29,0.20188
5376.19,0.20513
5377.09,0.20694
5378.0,0.20764
5378.9,0.20829
5379.8,0.20904
5380.7,0.20888
5381.6,0.20815
5382.5,0.20842
5383.4,0.20731
5384.3,0.20702
5385.2,0.2072
5386.1,0.20586
5387.0,0.20608
5387.9,0.20601
5388.8,0.20474
5389.7,0.20476
5390.6,0.20404
5391.5,0.20326
5392.4,0.20124
5393.3,0.20037
5394.2,0.1986
5395.1,0.19865
5396.0,0.19787
5396.9,0.1961
5397.8,0.19652
5398.7,0.19622
5399.6,0.19651
5400.5,0.19703
5401.4,0.19796
5402.3,0.19709
5403.2,0.1961
5404.1,0.19619
5405.0,0.19446
5405.9,0.19364
5406.8,0.19308
5407.7,0.19279
5408.6,0.19216
5409.5,0.19329
5410.4,0.19424
5411.3,0.19601
5412.2,0.19849
5413.1,0.19919
5414.0,0.2008
5414.9,0.20248
5415.81,0.20371
5416.71,0.20521
5417.61,0.20631
5418.51,0.20594
5419.41,0.20771
5420.31,0.20676
5421.21,0.20677
5422.11,0.20616
5423.01,0.20563
5423.91,0.20516
5424.81,0.20461
5425.71,0.20534
5426.61,0.20402
5427.51,0.20312
5428.41,0.20196
5429.31,0.20203
5430.21,0.20024
5431.11,0.19998
5432.01,0.19802
5432.91,0.19683
5433.81,0.19766
5434.71,0.19709
5435.61,0.19781
5436.51,0.19892
5437.41,0.2008
5438.31,0.20281
5439.21,0.20449
5440.11,0.20685
5441.01,0.20772
5441.91,0.20778
5442.81,0.2087
5443.71,0.20745
5444.61,0.20629
5445.51,0.20425
5446.41,0.20393
5447.31,0.20116
5448.21,0.19995
5449.11,0.20005
5450.01,0.20054
5450.91,0.2006
5451.81,0.2012
5452.72,0.20159
5453.62,0.20056
5454.52,0.20058
5455.42,0.20004
5456.32,0.19994
5457.22,0.19956
5458.12,0.19971
5459.02,0.20048
5459.92,0.20098
5460.82,0.20167
5461.72,0.20223
5462.62,0.20172
5463.52,0.20221
5464.42,0.20206
5465.32,0.20162
5466.22,0.20262
5467.12,0.20282
5468.02,0.20247
5468.92,0.2036
5469.82,0.20333
5470.72,0.20254
5471.62,0.20246
5472.52,0.20173
5473.42,0.20119
5474.32,0.19912
5475.22,0.19777
5476.12,0.19707
5477.02,0.19676
5477.92,0.19536
5478.82,0.19574
5479.72,0.19603
5480.62,0.19669
5481.52,0.19798
5482.42,0.19857
5483.32,0.19829
5484.22,0.20012
5485.12,0.20123
5486.02,0.20162
5486.92,0.20312
5487.82,0.20279
5488.72,0.20316
5489.62,0.203
5490.53,0.20329
5491.43,0.20314
5492.33,0.20416
5493.23,0.20417
5494.13,0.20433
5495.03,0.20328
5495.93,0.20388
5496.83,0.20306
5497.73,0.20328
5498.63,0.20234
5499.53,0.20299
5500.43,0.20273
5501.33,0.20285
5502.23,0.20246
5503.13,0.20207
5504.03,0.20123
5504.93,0.20135
5505.83,0.20122
5506.73,0.2005
5507.63,0.2003
5508.53,0.20055
5509.43,0.20021
5510.33,0.19941
5511.23,0.20004
5512.13,0.19917
5513.03,0.19933
5513.93,0.19887
5514.83,0.19989
5515.73,0.19995
5516.63,0.2014
5517.53,0.20263
5518.43,0.20364
5519.33,0.20533
5520.23,0.20592
5521.13,0.20616
5522.03,0.20749
5522.93,0.20769
5523.83,0.20648
5524.73,0.20591
5525.63,0.20518
5526.54,0.20433
5527.44,0.20284
5528.33,0.20188
5529.24,0.20105
5530.14,0.20031
5531.04,0.20155
5531.94,0.20203
5532.84,0.20194
5533.74,0.20345
5534.64,0.20336
5535.54,0.20472
5536.44,0.20531
5537.34,0.20641
5538.24,0.20631
5539.14,0.20692
5540.04,0.2065
5540.94,0.20681
5541.84,0.20828
5542.74,0.20799
5543.64,0.2074
5544.54,0.2083
5545.44,0.20724
5546.34,0.20826
5547.24,0.20865
5548.14,0.20878
5549.04,0.20968
5549.94,0.20848
5550.84,0.20854
5551.74,0.20963
5552.64,0.20877
5553.54,0.20941
5554.44,0.20838
5555.34,0.20705
5556.24,0.20645
5557.14,0.20698
5558.04,0.20626
5558.94,0.20597
5559.84,0.20601
5560.74,0.20512
5561.64,0.20543
5562.54,0.20473
5563.44,0.20393
5564.34,0.20329
5565.25,0.20257
5566.15,0.20152
5567.05,0.20131
5567.95,0.20118
5568.85,0.20174
5569.75,0.20137
5570.65,0.20111
5571.55,0.2015
5572.45,0.20134
5573.35,0.20079
5574.25,0.20246
5575.15,0.20199
5576.05,0.20302
5576.95,0.20331
5577.85,0.2041
5578.75,0.20366
5579.65,0.20402
5580.55,0.20444
5581.45,0.20527
5582.35,0.204
5583.25,0.20266
5584.15,0.20216
5585.05,0.20061
5585.95,0.19845
5586.85,0.19797
5587.75,0.19585
5588.65,0.19475
5589.55,0.19355
5590.45,0.19362
5591.35,0.19365
5592.25,0.19439
5593.15,0.19538
5594.05,0.19591
5594.95,0.19621
5595.85,0.19707
5596.75,0.19742
5597.65,0.19786
5598.55,0.19797
5599.45,0.19746
5600.35,0.19751
5601.25,0.19724
5602.15,0.19777
5603.06,0.19803
5603.96,0.19932
5604.86,0.20032
5605.76,0.20179
5606.66,0.20319
5607.56,0.20569
5608.46,0.20716
5609.36,0.20769
5610.26,0.20734
5611.16,0.20753
5612.06,0.2079
5612.96,0.20636
5613.86,0.20503
5614.76,0.20402
5615.66,0.20295
5616.56,0.20115
5617.46,0.20031
5618.36,0.20061
5619.26,0.2008
5620.16,0.20026
5621.06,0.20086
5621.96,0.20111
5622.86,0.20138
5623.76,0.20171
5624.66,0.20241
5625.56,0.20172
5626.46,0.20216
5627.36,0.20246
5628.26,0.20331
5629.16,0.20375
5630.06,0.20477
5630.96,0.20638
5631.86,0.20566
5632.76,0.20636
5633.66,0.20665
5634.56,0.20601
5635.46,0.20654
5636.36,0.20579
5637.26,0.20445
5638.16,0.20343
5639.06,0.20326
5639.96,0.20283
5640.86,0.20247
5641.77,0.20194
5642.67,0.20265
5643.57,0.20287
5644.47,0.20325
5645.37,0.20353
5646.27,0.20383
5647.17,0.20445
5648.07,0.20442
5648.97,0.205
5649.87,0.2058
5650.77,0.20584
5651.67,0.20663
5652.57,0.20483
5653.47,0.20539
5654.37,0.20387
5655.27,0.20422
5656.17,0.20272
5657.07,0.20144
5657.97,0.20039
5658.87,0.19928
5659.77,0.19807
5660.67,0.19793
5661.57,0.19798
5662.47,0.19801
5663.37,0.19897
5664.27,0.19937
5665.17,0.20096
5666.07,0.20108
5666.97,0.20218
5667.87,0.20187
5668.77,0.20243
5669.67,0.20292
5670.57,0.20383
5671.47,0.20419
5672.37,0.20556
5673.27,0.20606
5674.17,0.2064
5675.07,0.20763
5675.97,0.20794
5676.88,0.20792
5677.77,0.20757
5678.68,0.20765
5679.58,0.20758
5680.48,0.20667
5681.38,0.2062
5682.28,0.20539
5683.18,0.20435
5684.08,0.20477
5684.98,0.20336
5685.88,0.20344
5686.78,0.20178
5687.68,0.20276
5688.58,0.20201
5689.48,0.20265
5690.38,0.20373
5691.28,0.20479
5692.18,0.20515
5693.08,0.20641
5693.98,0.20646
5694.88,0.2072
5695.78,0.20693
5696.68,0.20683
5697.58,0.20653
5698.48,0.20613
5699.38,0.20544
5700.28,0.20346
5701.18,0.20277
5702.08,0.202
5702.98,0.20143
5703.88,0.20105
5704.78,0.20128
5705.68,0.19969
5706.58,0.19982
5707.48,0.1981
5708.38,0.19772
5709.28,0.19683
5710.18,0.19623
5711.08,0.19631
5711.98,0.19752
5712.88,0.19818
5713.78,0.19853
5714.68,0.19978
5715.59,0.20248
5716.49,0.20374
5717.39,0.20461
5718.29,0.20491
5719.19,0.20706
5720.09,0.20833
5720.99,0.20852
5721.89,0.20916
5722.79,0.20869
5723.69,0.20919
5724.59,0.20908
5725.49,0.20933
5726.39,0.20825
5727.29,0.20856
5728.19,0.20783
5729.09,0.20748
5729.99,0.20704
5730.89,0.20689
5731.79,0.20711
5732.69,0.20739
5733.59,0.20749
5734.49,0.20865
5735.39,0.20782
5736.29,0.20743
5737.19,0.2088
5738.09,0.20838
5738.99,0.209
5739.89,0.20846
5740.79,0.209
5741.69,0.20922
5742.59,0.20883
5743.49,0.20817
5744.39,0.20892
5745.29,0.20905
5746.19,0.20952
5747.09,0.20925
5747.99,0.20876
5748.89,0.20783
5749.79,0.2073
5750.69,0.20781
5751.59,0.20667
5752.5,0.20622
5753.4,0.20652
5754.3,0.20647
5755.2,0.2055
5756.1,0.20574
5757.0,0.20684
5757.9,0.20639
5758.8,0.20586
5759.7,0.20683
5760.6,0.2069
5761.5,0.20632
5762.4,0.20719
5763.3,0.20621
5764.2,0.20674
5765.1,0.2072
5766.0,0.20825
5766.9,0.20817
5767.8,0.20903
5768.7,0.20889
5769.6,0.20977
5770.5,0.20899
5771.4,0.20957
5772.3,0.20938
5773.2,0.20921
5774.1,0.20836
5775.0,0.20845
5775.9,0.2087
5776.8,0.2069
5777.7,0.20613
5778.6,0.20597
5779.5,0.20609
5780.4,0.20452
5781.3,0.20334
5782.2,0.20315
5783.1,0.20185
5784.0,0.20083
5784.9,0.20132
5785.8,0.20133
5786.7,0.20186
5787.6,0.20146
5788.5,0.2025
5789.41,0.20345
5790.31,0.20461
5791.21,0.20523
5792.11,0.20553
5793.01,0.20737
5793.91,0.2081
5794.81,0.20776
5795.71,0.20687
5796.61,0.20876
5797.51,0.20918
5798.41,0.21006
5799.31,0.20933
5800.21,0.21015
5801.11,0.21067
5802.01,0.2101
5802.91,0.21058
5803.81,0.21076
5804.71,0.21076
5805.61,0.21011
5806.51,0.21019
5807.41,0.20994
5808.31,0.20997
5809.21,0.21023
5810.11,0.21013
5811.01,0.20923
5811.91,0.21023
5812.81,0.21056
5813.71,0.20995
5814.61,0.21066
5815.51,0.2097
5816.41,0.21066
5817.31,0.20979
5818.21,0.20985
5819.11,0.21053
5820.01,0.2106
5820.91,0.21118
5821.81,0.21085
5822.71,0.21129
5823.61,0.21158
5824.51,0.21133
5825.41,0.21216
5826.31,0.21248
5827.22,0.21239
5828.12,0.21323
5829.02,0.21231
5829.92,0.21265
5830.82,0.21308
5831.72,0.21322
5832.62,0.21266
5833.52,0.21266
5834.42,0.21198
5835.32,0.21214
5836.22,0.21155
5837.12,0.21153
5838.02,0.21191
5838.92,0.21218
5839.82,0.21193
5840.72,0.21152
5841.62,0.2121
5842.52,0.21232
5843.42,0.21232
5844.32,0.21133
5845.22,0.21142
5846.12,0.2112
5847.02,0.21012
5847.92,0.2098
5848.82,0.20895
5849.72,0.208
5850.62,0.20666
5851.52,0.20753
5852.42,0.20648
5853.32,0.20514
5854.22,0.20489
5855.12,0.20331
5856.02,0.20238
5856.92,0.20107
5857.82,0.20085
5858.72,0.20076
5859.62,0.20175
5860.52,0.20172
5861.42,0.20141
5862.32,0.20203
5863.23,0.20264
5864.12,0.20301
5865.03,0.20394
5865.93,0.20475
5866.83,0.20557
5867.73,0.20614
5868.63,0.20498
5869.53,0.20664
5870.43,0.20701
5871.33,0.20554
5872.23,0.20659
5873.13,0.20768
5874.03,0.2074
5874.93,0.207
5875.83,0.20673
5876.73,0.20638
5877.63,0.20626
5878.53,0.20631
5879.43,0.20533
5880.33,0.20445
5881.23,0.2033
5882.13,0.20324
5883.03,0.20174
5883.93,0.20088
5884.83,0.19908
5885.73,0.19864
5886.63,0.19512
5887.53,0.19183
5888.43,0.18926
5889.33,0.18585
5890.23,0.18315
5891.13,0.18021
5892.03,0.17857
5892.93,0.17741
5893.83,0.17735
5894.73,0.17662
5895.63,0.17795
5896.53,0.17925
5897.43,0.18067
5898.33,0.1826
5899.23,0.18472
5900.13,0.18771
5901.04,0.18995
5901.94,0.19271
5902.83,0.1951
5903.74,0.19768
5904.64,0.19815
5905.54,0.19923
5906.44,0.2004
5907.34,0.20147
5908.24,0.20191
5909.14,0.20255
5910.04,0.2023
5910.94,0.20204
5911.84,0.20181
5912.74,0.20166
5913.64,0.20086
5914.54,0.20121
5915.44,0.20076
5916.34,0.20066
5917.24,0.20098
5918.14,0.20084
5919.04,0.20092
5919.94,0.20113
5920.84,0.20065
5921.74,0.20212
5922.64,0.20225
5923.54,0.20229
5924.44,0.20324
5925.34,0.20307
5926.24,0.20376
5927.14,0.20321
5928.04,0.20273
5928.94,0.20303
5929.84,0.20373
5930.74,0.20379
5931.64,0.20224
5932.54,0.20261
5933.44,0.20271
5934.34,0.20366
5935.24,0.20274
5936.14,0.20317
5937.04,0.20244
5937.94,0.20353
5938.85,0.20323
5939.75,0.20301
5940.65,0.20341
5941.55,0.20214
5942.45,0.20418
5943.35,0.20332
5944.25,0.20303
5945.15,0.20346
5946.05,0.20301
5946.95,0.20359
5947.85,0.20325
5948.75,0.20352
5949.65,0.20225
5950.55,0.20296
5951.45,0.20232
5952.35,0.20193
5953.25,0.20188
5954.15,0.20271
5955.05,0.20219
5955.95,0.20162
5956.85,0.2023
5957.75,0.20229
5958.65,0.20279
5959.55,0.20336
5960.45,0.20367
5961.35,0.20372
5962.25,0.20474
5963.15,0.20565
5964.05,0.2055
5964.95,0.20589
5965.85,0.20593
5966.75,0.20607
5967.65,0.20613
5968.55,0.20633
5969.45,0.20582
5970.35,0.20655
5971.25,0.20662
5972.15,0.20645
5973.05,0.20581
5973.95,0.206
5974.85,0.20554
5975.75,0.20526
5976.65,0.20481
5977.56,0.20469
5978.46,0.20384
5979.36,0.203
5980.26,0.20375
5981.16,0.20404
5982.06,0.20308
5982.96,0.20299
5983.86,0.20276
5984.76,0.20271
5985.66,0.2022
5986.56,0.20235
5987.46,0.20264
5988.36,0.20225
5989.26,0.20251
5990.16,0.20396
5991.06,0.20482
5991.96,0.20472
5992.86,0.20529
5993.76,0.20494
5994.66,0.20551
5995.56,0.20481
5996.46,0.20505
5997.36,0.20538
5998.26,0.20563
5999.16,0.20469
6000.06,0.20473
6000.96,0.20475
6001.86,0.20475
6002.76,0.20329
6003.66,0.20345
6004.56,0.20365
6005.46,0.20262
6006.36,0.20288
6007.26,0.20155
6008.16,0.20224
6009.06,0.20208
6009.96,0.20251
6010.86,0.20267
6011.76,0.20164
6012.67,0.20198
6013.56,0.20291
6014.47,0.20258
6015.37,0.20257
6016.27,0.20268
6017.17,0.20189
6018.07,0.20182
6018.97,0.20182
6019.87,0.2021
6020.77,0.20258
6021.67,0.20111
6022.57,0.20173
6023.47,0.20205
6024.37,0.20188
6025.27,0.20276
6026.17,0.20283
6027.07,0.20352
6027.97,0.20331
6028.87,0.20475
6029.77,0.20499
6030.67,0.20601
6031.57,0.20626
6032.47,0.20663
6033.37,0.20729
6034.27,0.2082
6035.17,0.20769
6036.07,0.20801
6036.97,0.20788
6037.87,0.20739
6038.77,0.2082
6039.67,0.20766
6040.57,0.20834
6041.47,0.20804
6042.37,0.20766
6043.27,0.2084
6044.17,0.20821
6045.07,0.20831
6045.97,0.20871
6046.87,0.20825
6047.77,0.20912
6048.67,0.20895
6049.57,0.20996
6050.47,0.20917
6051.38,0.20992
6052.28,0.20954
6053.18,0.20926
6054.08,0.2085
6054.98,0.20773
6055.88,0.209
6056.78,0.20742
6057.68,0.20703
6058.58,0.2065
6059.48,0.20811
6060.38,0.20703
6061.28,0.2066
6062.18,0.20623
6063.08,0.20501
6063.98,0.20564
6064.88,0.20535
6065.78,0.20547
6066.68,0.20528
6067.58,0.20503
6068.48,0.2063
6069.38,0.2057
6070.28,0.20773
6071.18,0.20929
6072.08,0.20901
6072.98,0.20885
6073.88,0.20973
6074.78,0.20961
6075.68,0.21002
6076.58,0.20904
6077.48,0.20858
6078.38,0.20785
6079.28,0.2075
6080.18,0.20735
6081.08,0.20657
6081.98,0.20468
6082.88,0.20453
6083.78,0.20529
6084.68,0.20455
6085.58,0.2046
6086.48,0.20472
6087.38,0.20455
6088.28,0.20453
6089.19,0.20378
6090.09,0.20395
6090.99,0.2043
6091.89,0.20351
6092.79,0.20463
6093.69,0.20539
6094.59,0.2045
6095.49,0.20573
6096.39,0.20583
6097.29,0.20592
6098.19,0.20562
6099.09,0.20624
6099.99,0.20511
6100.89,0.20469
6101.79,0.20414
6102.69,0.20283
6103.59,0.20158
6104.49,0.20271
6105.39,0.20176
6106.29,0.20242
6107.19,0.20232
6108.09,0.20411
6108.99,0.2038
6109.89,0.20428
6110.79,0.2054
6111.69,0.20597
6112.59,0.20665
6113.49,0.20672
6114.39,0.2067
6115.29,0.20734
6116.19,0.206
6117.09,0.20603
6117.99,0.2057
6118.89,0.20502
6119.79,0.205
6120.69,0.20348
6121.59,0.20231
6122.49,0.20107
6123.39,0.20192
6124.29,0.20163
6125.19,0.20138
6126.1,0.20182
6127.0,0.20182
6127.9,0.20264
6128.8,0.20303
6129.7,0.20324
6130.6,0.20378
6131.5,0.20293
6132.4,0.20374
6133.3,0.20271
6134.2,0.20222
6135.1,0.2007
6136.0,0.20051
6136.9,0.19916
6137.8,0.19853
6138.7,0.19782
6139.6,0.19783
6140.5,0.19764
6141.4,0.19851
6142.3,0.19928
6143.2,0.2003
6144.1,0.20106
6145.0,0.2018
6145.9,0.2027
6146.8,0.20316
6147.7,0.20396
6148.6,0.20335
6149.5,0.2038
6150.4,0.20356
6151.3,0.20296
6152.2,0.20333
6153.1,0.20314
6154.0,0.20254
6154.9,0.20264
6155.8,0.20202
6156.7,0.20111
6157.6,0.19976
6158.5,0.19877
6159.4,0.19702
6160.3,0.19535
6161.2,0.19357
6162.1,0.1922
6163.01,0.19029
6163.91,0.19013
6164.81,0.18845
6165.71,0.1889
6166.61,0.18865
6167.51,0.18898
6168.41,0.18863
6169.31,0.18999
6170.21,0.19013
6171.11,0.19088
6172.01,0.19203
6172.91,0.19218
6173.81,0.19369
6174.71,0.19485
6175.61,0.19457
6176.51,0.1958
6177.41,0.19687
6178.31,0.19732
6179.21,0.19844
6180.11,0.19853
6181.01,0.19914
6181.91,0.19958
6182.81,0.19935
6183.71,0.19979
6184.61,0.19906
6185.51,0.19876
6186.41,0.19868
6187.31,0.19756
6188.21,0.19641
6189.11,0.19631
6190.01,0.1951
6190.91,0.19429
6191.81,0.19401
6192.71,0.19345
6193.61,0.19475
6194.51,0.19442
6195.41,0.19547
6196.31,0.19558
6197.21,0.1964
6198.11,0.19764
6199.01,0.198
6199.92,0.19703
6200.82,0.19762
6201.72,0.19878
6202.62,0.19802
6203.52,0.19858
6204.42,0.19911
6205.32,0.19865
6206.22,0.19997
6207.12,0.19919
6208.02,0.20004
6208.92,0.19904
6209.82,0.19909
6210.72,0.19789
6211.62,0.1978
6212.52,0.19637
6213.42,0.19593
6214.32,0.19557
6215.22,0.19379
6216.12,0.19351
6217.02,0.19288
6217.92,0.19163
6218.82,0.19197
6219.72,0.1918
6220.62,0.19162
6221.52,0.19256
6222.42,0.19198
6223.32,0.19303
6224.22,0.19301
6225.12,0.19334
6226.02,0.19333
6226.92,0.19374
6227.82,0.1926
6228.72,0.19196
6229.62,0.19136
6230.52,0.19164
6231.42,0.19011
6232.32,0.19035
6233.22,0.19064
6234.12,0.19201
6235.02,0.19081
6235.92,0.19157
6236.83,0.19231
6237.73,0.19246
6238.63,0.19273
6239.53,0.19264
6240.43,0.19237
6241.33,0.19175
6242.23,0.19043
6243.13,0.19089
6244.03,0.19057
6244.93,0.19032
6245.83,0.19014
6246.73,0.19051
6247.63,0.1909
6248.53,0.19116
6249.43,0.1912
6250.33,0.19101
6251.23,0.19063
6252.13,0.19052
6253.03,0.18984
6253.93,0.18985
6254.83,0.18881
6255.73,0.18773
6256.63,0.18738
6257.53,0.18732
6258.43,0.18745
6259.33,0.18721
6260.23,0.1882
6261.13,0.18928
6262.03,0.18908
6262.93,0.19062
6263.83,0.19055
6264.73,0.19205
6265.63,0.19262
6266.53,0.1935
6267.43,0.19354
6268.33,0.19524
6269.23,0.19508
6270.13,0.19436
6271.03,0.19563
6271.93,0.19573
6272.83,0.19613
6273.73,0.1964
6274.64,0.19677
6275.54,0.19613
6276.44,0.19551
6277.34,0.1967
6278.24,0.1955
6279.14,0.19653
6280.04,0.19588
6280.94,0.1955
6281.84,0.19654
6282.74,0.19619
6283.64,0.19584
6284.54,0.19695
6285.44,0.19774
6286.34,0.19785
6287.24,0.19792
6288.14,0.19803
6289.04,0.19802
6289.94,0.19942
6290.84,0.19858
6291.74,0.19938
6292.64,0.19832
6293.54,0.19839
6294.44,0.19785
6295.34,0.19707
6296.24,0.1969
6297.14,0.19522
6298.04,0.19509
6298.94,0.19575
6299.84,0.19449
6300.74,0.194
6301.64,0.19451
6302.54,0.19428
6303.44,0.19366
6304.34,0.19456
6305.24,0.19559
6306.14,0.19605
6307.04,0.19656
6307.94,0.19724
6308.84,0.19722
6309.74,0.19827
6310.64,0.19817
6311.54,0.19848
6312.45,0.19821
6313.35,0.19671
6314.25,0.19693
6315.15,0.19571
6316.05,0.19557
6316.95,0.1953
6317.85,0.19493
6318.75,0.19448
6319.65,0.19547
6320.55,0.19586
6321.45,0.19622
6322.35,0.19637
6323.25,0.19705
6324.15,0.19717
6325.05,0.19872
6325.95,0.19848
6326.85,0.19846
6327.75,0.1991
6328.65,0.19936
6329.55,0.19972
6330.45,0.20028
6331.35,0.19896
6332.25,0.19925
6333.15,0.1997
6334.05,0.19922
6334.95,0.19945
6335.85,0.19797
6336.75,0.19753
6337.65,0.19688
6338.55,0.19817
6339.45,0.19829
6340.35,0.19742
6341.25,0.19801
6342.15,0.19777
6343.05,0.19767
6343.95,0.19891
6344.85,0.19921
6345.75,0.19915
6346.65,0.19908
6347.55,0.1996
6348.46,0.19926
6349.35,0.20011
6350.26,0.19997
6351.16,0.19927
6352.06,0.19961
6352.96,0.19901
6353.86,0.19908
6354.76,0.19806
6355.66,0.19849
6356.56,0.19717
6357.46,0.19567
6358.36,0.19596
6359.26,0.19568
6360.16,0.1944
6361.06,0.19465
6361.96,0.19408
6362.86,0.19459
6363.76,0.19404
6364.66,0.19439
6365.56,0.19576
6366.46,0.19565
6367.36,0.19688
6368.26,0.19716
6369.16,0.19782
6370.06,0.19807
6370.96,0.19944
6371.86,0.19982
6372.76,0.20022
6373.66,0.20067
6374.56,0.20064
6375.46,0.20153
6376.36,0.20057
6377.26,0.20035
6378.16,0.20105
6379.06,0.19981
6379.96,0.2004
6380.86,0.19954
6381.76,0.19895
6382.66,0.19972
6383.56,0.19877
6384.46,0.19921
6385.36,0.19917
6386.27,0.19978
6387.17,0.19903
6388.07,0.19914
6388.97,0.19889
6389.87,0.19845
6390.77,0.19848
6391.67,0.19779
6392.57,0.19719
6393.47,0.19663
6394.37,0.19758
6395.27,0.19698
6396.17,0.1965
6397.07,0.19621
6397.97,0.19624
6398.87,0.1973
6399.77,0.19679
6400.67,0.19668
6401.57,0.19737
6402.47,0.19732
6403.37,0.19798
6404.27,0.19824
6405.17,0.19901
6406.07,0.19921
6406.97,0.19954
6407.87,0.19907
6408.77,0.19947
6409.67,0.19977
6410.57,0.19892
6411.47,0.1988
6412.37,0.19919
6413.27,0.19886
6414.17,0.19874
6415.07,0.1993
6415.97,0.19893
6416.87,0.19817
6417.77,0.19952
6418.67,0.19891
6419.57,0.19916
6420.47,0.1991
6421.37,0.19836
6422.27,0.19888
6423.17,0.19921
6424.08,0.19906
6424.98,0.19953
6425.88,0.20096
6426.78,0.20011
6427.68,0.20022
6428.58,0.20085
6429.48,0.20027
6430.38,0.20035
6431.28,0.20029
6432.18,0.19988
6433.08,0.19994
6433.98,0.19906
6434.88,0.19885
6435.78,0.19937
6436.68,0.19917
6437.58,0.19969
6438.48,0.19986
6439.38,0.19989
6440.28,0.19935
6441.18,0.20074
6442.08,0.20111
6442.98,0.20082
6443.88,0.20109
6444.78,0.20197
6445.68,0.20188
6446.58,0.20094
6447.48,0.20167
6448.38,0.20126
6449.28,0.20004
6450.18,0.19951
6451.08,0.19812
6451.98,0.19904
6452.88,0.19865
6453.78,0.19825
6454.68,0.19819
6455.58,0.19842
6456.48,0.19955
6457.38,0.19841
6458.28,0.20003
6459.18,0.19969
6460.08,0.19905
6460.98,0.19912
6461.89,0.19906
6462.79,0.19875
6463.69,0.19836
6464.59,0.19838
6465.49,0.19779
6466.39,0.1987
6467.29,0.1995
6468.19,0.19929
6469.09,0.20027
6469.99,0.20013
6470.89,0.20007
6471.79,0.19979
6472.69,0.19962
6473.59,0.19964
6474.49,0.19901
6475.39,0.19972
6476.29,0.19877
6477.19,0.19873
6478.09,0.19942
6478.99,0.19859
6479.89,0.19787
6480.79,0.1967
6481.69,0.19757
6482.59,0.1975
6483.49,0.19711
6484.39,0.19668
6485.29,0.19739
6486.19,0.19657
6487.09,0.19607
6487.99,0.19588
6488.89,0.19479
6489.79,0.19577
6490.69,0.194
6491.59,0.19319
6492.49,0.19165
6493.39,0.19012
6494.29,0.18827
6495.19,0.18701
6496.09,0.18467
6496.99,0.18516
6497.9,0.18424
6498.79,0.18441
6499.7,0.18554
6500.6,0.18612
6501.5,0.18782
6502.4,0.18975
6503.3,0.19142
6504.2,0.19245
6505.1,0.1937
6506.0,0.19434
6506.9,0.19631
6507.8,0.19684
6508.7,0.1966
6509.6,0.19744
6510.5,0.19743
6511.4,0.19677
6512.3,0.19684
6513.2,0.19671
6514.1,0.19608
6515.0,0.19695
6515.9,0.19557
6516.8,0.19663
6517.7,0.19567
6518.6,0.19494
6519.5,0.19588
6520.4,0.19588
6521.3,0.19596
6522.2,0.19561
6523.1,0.19596
6524.0,0.19691
6524.9,0.19626
6525.8,0.19753
6526.7,0.1976
6527.6,0.19707
6528.5,0.19688
6529.4,0.19739
6530.3,0.19808
6531.2,0.19764
6532.1,0.19706
6533.0,0.19837
6533.9,0.19775
6534.8,0.19761
6535.71,0.19821
6536.61,0.19754
6537.51,0.19781
6538.41,0.19771
6539.31,0.19738
6540.21,0.19688
6541.11,0.19699
6542.01,0.19721
6542.91,0.19606
6543.81,0.19643
6544.71,0.19561
6545.61,0.19469
6546.51,0.19412
6547.41,0.19316
6548.31,0.19301
6549.21,0.19205
6550.11,0.19198
6551.01,0.19191
6551.91,0.19133
6552.81,0.19012
6553.71,0.19018
6554.61,0.1892
6555.51,0.18778
6556.41,0.18583
6557.31,0.18417
6558.21,0.18155
6559.11,0.17908
6560.01,0.17663
6560.91,0.17347
6561.81,0.17037
6562.71,0.16793
6563.61,0.1669
6564.51,0.16585
6565.41,0.16656
6566.31,0.16737
6567.21,0.16965
6568.11,0.17243
6569.01,0.17624
6569.91,0.17871
6570.81,0.18118
6571.71,0.18376
6572.61,0.18512
6573.52,0.18638
6574.42,0.18762
6575.32,0.18786
6576.22,0.18941
6577.12,0.18982
6578.02,0.19064
6578.92,0.19209
6579.82,0.19201
6580.72,0.19325
6581.62,0.19305
6582.52,0.19365
6583.42,0.19342
6584.32,0.19406
6585.22,0.19498
6586.12,0.19455
6587.02,0.1943
6587.92,0.19514
6588.82,0.19429
6589.72,0.19327
6590.62,0.19399
6591.52,0.19352
6592.42,0.19314
6593.32,0.19248
6594.22,0.19179
6595.12,0.19163
6596.02,0.19182
6596.92,0.19191
6597.82,0.19283
6598.72,0.19144
6599.62,0.19307
6600.52,0.19279
6601.42,0.19433
6602.32,0.19409
6603.22,0.19508
6604.12,0.19447
6605.02,0.19482
6605.92,0.19511
6606.82,0.19432
6607.72,0.19417
6608.62,0.19419
6609.52,0.194
6610.43,0.19403
6611.33,0.19456
6612.23,0.19429
6613.13,0.1947
6614.03,0.19504
6614.93,0.19547
6615.83,0.19565
6616.73,0.19558
6617.63,0.19627
6618.53,0.19662
6619.43,0.19665
6620.33,0.19644
6621.23,0.19666
6622.13,0.19619
6623.03,0.19576
6623.93,0.19561
6624.83,0.19552
6625.73,0.1956
6626.63,0.19473
6627.53,0.19419
6628.43,0.19405
6629.33,0.19447
6630.23,0.19435
6631.13,0.19378
6632.03,0.19377
6632.93,0.19396
6633.83,0.19354
6634.73,0.19278
6635.63,0.19319
6636.53,0.1936
6637.43,0.19331
6638.33,0.19366
6639.23,0.19319
6640.13,0.19405
6641.03,0.19408
6641.93,0.19352
6642.83,0.1936
6643.73,0.19336
6644.63,0.1944
6645.53,0.19342
6646.43,0.1934
6647.34,0.19292
6648.24,0.1933
6649.14,0.19303
6650.04,0.19372
6650.94,0.19413
6651.84,0.19414
6652.74,0.19502
6653.64,0.19451
6654.54,0.19385
6655.44,0.1941
6656.34,0.19334
6657.24,0.19337
6658.14,0.19329
6659.04,0.19346
6659.94,0.19267
6660.84,0.19215
6661.74,0.19246
6662.64,0.19212
6663.54,0.1918
6664.44,0.19198
6665.34,0.19144
6666.24,0.1911
6667.14,0.19194
6668.04,0.19164
6668.94,0.19192
6669.84,0.19247
6670.74,0.19285
6671.64,0.19326
6672.54,0.19361
6673.44,0.19337
6674.34,0.19344
6675.24,0.19286
6676.14,0.19248
6677.04,0.19186
6677.94,0.19134
6678.84,0.1916
6679.74,0.19045
6680.64,0.19044
6681.54,0.19112
6682.44,0.1906
6683.34,0.19083
6684.24,0.1913
6685.15,0.1917
6686.05,0.19189
6686.95,0.19073
6687.85,0.1913
6688.75,0.19207
6689.65,0.19187
6690.55,0.19228
6691.45,0.19181
6692.35,0.19247
6693.25,0.19158
6694.15,0.19225
6695.05,0.19206
6695.95,0.19169
6696.85,0.1922
6697.75,0.19161
6698.65,0.19138
6699.55,0.19064
6700.45,0.19146
6701.35,0.19214
6702.25,0.19251
6703.15,0.19061
6704.05,0.1918
6704.95,0.19151
6705.85,0.19204
6706.75,0.19107
6707.65,0.19109
6708.55,0.19116
6709.45,0.19066
6710.35,0.19108
6711.25,0.19007
6712.15,0.18968
6713.05,0.18969
6713.95,0.18976
6714.85,0.18891
6715.75,0.18791
6716.65,0.18754
6717.55,0.18713
6718.45,0.18771
6719.35,0.18642
6720.25,0.18728
6721.16,0.18745
6722.06,0.18693
6722.96,0.18771
6723.86,0.18791
6724.76,0.18802
6725.66,0.18872
6726.56,0.18897
6727.46,0.1895
6728.36,0.19005
6729.26,0.1898
6730.16,0.19024
6731.06,0.18985
6731.96,0.18985
6732.86,0.19058
6733.76,0.19025
6734.66,0.19054
6735.56,0.1907
6736.46,0.18987
6737.36,0.19001
6738.26,0.19035
6739.16,0.18946
6740.06,0.19024
6740.96,0.18894
6741.86,0.18923
6742.76,0.18928
6743.66,0.18815
6744.56,0.18835
6745.46,0.18861
6746.36,0.18814
6747.26,0.18845
6748.16,0.188
6749.06,0.18779
6749.96,0.18724
6750.86,0.18736
6751.76,0.1877
6752.66,0.18766
6753.56,0.18794
6754.46,0.18764
6755.36,0.18896
6756.26,0.18889
6757.16,0.18893
6758.06,0.18949
6758.97,0.19032
6759.87,0.18951
6760.77,0.19054
6761.67,0.19084
6762.57,0.19081
6763.47,0.19014
6764.37,0.19034
6765.27,0.19046
6766.17,0.19024
6767.07,0.18935
6767.97,0.18889
6768.87,0.18905
6769.77,0.18885
6770.67,0.18884
6771.57,0.18972
6772.47,0.18917
6773.37,0.18937
6774.27,0.19007
6775.17,0.19085
6776.07,0.19041
6776.97,0.1908
6777.87,0.19025
6778.77,0.19138
6779.67,0.19126
6780.57,0.19064
6781.47,0.19049
6782.37,0.18941
6783.27,0.18943
6784.17,0.189
6785.07,0.18902
6785.97,0.18897
6786.87,0.18901
6787.77,0.18826
6788.67,0.18802
6789.57,0.18818
6790.47,0.18878
6791.37,0.18799
6792.27,0.18922
6793.17,0.18893
6794.07,0.18905
6794.97,0.18906
6795.88,0.189
6796.78,0.18905
6797.68,0.18969
6798.58,0.18983
6799.48,0.1888
6800.38,0.18982
6801.28,0.19023
6802.18,0.18912
6803.08,0.19026
6803.98,0.18995
6804.88,0.18986
6805.78,0.18996
6806.68,0.18968
6807.58,0.18967
6808.48,0.18998
6809.38,0.19012
6810.28,0.18966
6811.18,0.18876
6812.08,0.18882
6812.98,0.18834
6813.88,0.18804
6814.78,0.18888
6815.68,0.18876
6816.58,0.18859
6817.48,0.18831
6818.38,0.18918
6819.28,0.18914
6820.18,0.18921
6821.08,0.19034
6821.98,0.18981
6822.88,0.18978
6823.78,0.19003
6824.68,0.18953
6825.58,0.19036
6826.48,0.1904
6827.38,0.18946
6828.28,0.19014
6829.18,0.18919
6830.08,0.18907
6830.98,0.18974
6831.88,0.18949
6832.79,0.18944
6833.69,0.1908
6834.59,0.18917
6835.49,0.19051
6836.39,0.1904
6837.29,0.18892
6838.19,0.18928
6839.09,0.18802
6839.99,0.18847
6840.89,0.18871
6841.79,0.18797
6842.69,0.18749
6843.59,0.18743
6844.49,0.18798
6845.39,0.18743
6846.29,0.18756
6847.19,0.18798
6848.09,0.18865
6848.99,0.18892
6849.89,0.18875
6850.79,0.18791
6851.69,0.18857
6852.59,0.18827
6853.49,0.18858
6854.39,0.18799
6855.29,0.18817
6856.19,0.18732
6857.09,0.1875
6857.99,0.1871
6858.89,0.18688
6859.79,0.18675
6860.69,0.18681
6861.59,0.18658
6862.49,0.18703
6863.39,0.1876
6864.29,0.18751
6865.19,0.18763
6866.09,0.18751
6866.99,0.18751
6867.89,0.18738
6868.79,0.18827
6869.7,0.1877
6870.6,0.1881
6871.5,0.18706
6872.4,0.18772
6873.3,0.18778
6874.2,0.18834
6875.1,0.18769
6876.0,0.18779
6876.9,0.188
6877.8,0.18818
6878.7,0.18748
6879.6,0.18827
6880.5,0.18815
6881.4,0.18862
6882.3,0.18861
6883.2,0.18863
6884.1,0.18922
6885.0,0.18901
6885.9,0.18898
6886.8,0.18961
6887.7,0.18848
6888.6,0.18947
6889.5,0.18916
6890.4,0.19033
6891.3,0.1895
6892.2,0.18995
6893.1,0.18976
6894.0,0.19056
6894.9,0.19086
6895.8,0.19027
6896.7,0.18961
6897.6,0.19018
6898.5,0.19059
6899.4,0.18978
6900.3,0.1894
6901.2,0.19002
6902.1,0.19041
6903.0,0.19074
6903.9,0.19034
6904.8,0.19124
6905.7,0.19119
6906.6,0.19161
6907.51,0.19144
6908.41,0.1916
6909.31,0.19111
6910.21,0.1911
6911.11,0.19117
6912.01,0.19107
6912.91,0.19061
6913.81,0.18981
6914.71,0.19012
6915.61,0.18972
6916.51,0.19008
6917.41,0.18966
6918.31,0.18912
6919.21,0.18962
6920.11,0.18958
6921.01,0.18957
6921.91,0.18991
6922.81,0.1902
6923.71,0.18926
6924.61,0.1898
6925.51,0.19051
6926.41,0.18983
6927.31,0.19045
6928.21,0.18996
6929.11,0.1899
6930.01,0.19073
6930.91,0.19034
6931.81,0.19042
6932.71,0.19123
6933.61,0.19054
6934.51,0.1904
6935.41,0.19036
6936.31,0.19029
6937.21,0.19038
6938.11,0.19093
6939.01,0.19124
6939.91,0.19151
6940.81,0.19128
6941.71,0.19101
6942.61,0.19048
6943.52,0.19137
6944.42,0.19059
6945.31,0.19055
6946.22,0.1896
6947.12,0.18999
6948.02,0.1901
6948.92,0.19105
6949.82,0.19043
6950.72,0.19067
6951.62,0.19059
6952.52,0.191
6953.42,0.19008
6954.32,0.19141
6955.22,0.19091
6956.12,0.19113
6957.02,0.19024
6957.92,0.19112
6958.82,0.19174
6959.72,0.1918
6960.62,0.19235
6961.52,0.19247
6962.42,0.19343
6963.32,0.19252
6964.22,0.19276
6965.12,0.19218
6966.02,0.19335
6966.92,0.19224
6967.82,0.19256
6968.72,0.19293
6969.62,0.19315
6970.52,0.1927
6971.42,0.19245
6972.32,0.19174
6973.22,0.1911
6974.12,0.19101
6975.02,0.1912
6975.92,0.1902
6976.82,0.19007
6977.72,0.18997
6978.62,0.18913
6979.52,0.18962
6980.42,0.1888
6981.33,0.18864
6982.23,0.18832
6983.12,0.18969
6984.03,0.19033
6984.93,0.19043
6985.83,0.19074
6986.73,0.19098
6987.63,0.19067
6988.53,0.19162
6989.43,0.19251
6990.33,0.19175
6991.23,0.1914
6992.13,0.19204
6993.03,0.19223
6993.93,0.19279
6994.83,0.19197
6995.73,0.19207
6996.63,0.19179
6997.53,0.19215
6998.43,0.19124
6999.33,0.19166
7000.23,0.19114
7001.13,0.19165
7002.03,0.19103
7002.93,0.19106
7003.83,0.19062
7004.73,0.19096
7005.63,0.1907
7006.53,0.19087
7007.43,0.19079
7008.33,0.19066
7009.23,0.19114
7010.13,0.19127
7011.03,0.19055
7011.93,0.19027
7012.83,0.19042
7013.73,0.19011
7014.63,0.19006
7015.53,0.18956
7016.43,0.18884
7017.33,0.1901
7018.23,0.18988
7019.14,0.18991
7020.04,0.18896
7020.94,0.18953
7021.84,0.18992
7022.74,0.1906
7023.64,0.19033
7024.54,0.19106
7025.44,0.18987
7026.34,0.19079
7027.24,0.19119
7028.14,0.19045
7029.04,0.19093
7029.94,0.19154
7030.84,0.19164
7031.74,0.19168
7032.64,0.19147
7033.54,0.19159
7034.44,0.19147
7035.34,0.19175
7036.24,0.19163
7037.14,0.19179
7038.04,0.19137
7038.94,0.19231
7039.84,0.19238
7040.74,0.19312
7041.64,0.19347
7042.54,0.19345
7043.44,0.19443
7044.34,0.19446
7045.24,0.19435
7046.14,0.19411
7047.04,0.19479
7047.94,0.19534
7048.84,0.19466
7049.74,0.19422
7050.64,0.19393
7051.54,0.19427
7052.44,0.19203
7053.34,0.19201
7054.25,0.19058
7055.15,0.19073
7056.04,0.18945
7056.95,0.18908
7057.85,0.18778
7058.75,0.18725
7059.65,0.1877
7060.55,0.18676
7061.45,0.18651
7062.35,0.18646
7063.25,0.18663
7064.15,0.18583
7065.05,0.18623
7065.95,0.18675
7066.85,0.18635
7067.75,0.186
7068.65,0.18648
7069.55,0.18682
7070.45,0.18709
7071.35,0.18728
7072.25,0.18677
7073.15,0.18786
7074.05,0.18876
7074.95,0.18856
7075.85,0.18931
7076.75,0.18996
7077.65,0.18829
7078.55,0.18891
7079.45,0.1897
7080.35,0.18865
7081.25,0.18843
7082.15,0.18814
7083.05,0.18782
7083.95,0.18635
7084.85,0.18529
7085.75,0.18489
7086.65,0.18354
7087.55,0.18236
7088.45,0.18204
7089.35,0.18157
7090.25,0.18169
7091.15,0.1809
7092.06,0.18046
7092.96,0.18019
7093.85,0.1801
7094.76,0.18048
7095.66,0.18035
7096.56,0.18048
7097.46,0.18169
7098.36,0.1813
7099.26,0.181
7100.16,0.18208
7101.06,0.18224
7101.96,0.18229
7102.86,0.18227
7103.76,0.18265
7104.66,0.18288
7105.56,0.18327
7106.46,0.18333
7107.36,0.18313
7108.26,0.18397
7109.16,0.18351
7110.06,0.18392
7110.96,0.1839
7111.86,0.18362
7112.76,0.18334
7113.66,0.1846
7114.56,0.18389
7115.46,0.18364
7116.36,0.18558
7117.26,0.18397
7118.16,0.18447
7119.06,0.18506
7119.96,0.18379
7120.86,0.1839
7121.76,0.18452
7122.66,0.18406
7123.56,0.18321
7124.46,0.18272
7125.36,0.18278
7126.26,0.18168
7127.16,0.18048
7127.27,0.18156
7128.17,0.18018
7129.07,0.18072
7129.96,0.17998
7130.86,0.17961
7131.75,0.17939
7132.65,0.17972
7133.55,0.17987
7134.44,0.1798
7135.34,0.18026
7136.23,0.18003
7137.13,0.18034
7138.03,0.18077
7138.92,0.18142
7139.82,0.18071
7140.71,0.18189
7141.61,0.18168
7142.5,0.18111
7143.4,0.18084
7144.3,0.18087
7145.19,0.18008
7146.09,0.18046
7146.98,0.18108
7147.88,0.1809
7148.78,0.1807
7149.67,0.18059
7150.57,0.18016
7151.46,0.18085
7152.36,0.18135
7153.26,0.18134
7154.15,0.18184
7155.05,0.18184
7155.94,0.18332
7156.84,0.1828
7157.74,0.18307
7158.63,0.18298
7159.53,0.18301
7160.42,0.18336
7161.32,0.18309
7162.21,0.18238
7163.11,0.18265
7164.01,0.18217
7164.9,0.18203
7165.8,0.18225
7166.69,0.1826
7167.59,0.18236
7168.49,0.18255
7169.38,0.18342
7170.28,0.18273
7171.17,0.18345
7172.07,0.18412
7172.96,0.18475
7173.86,0.18461
7174.76,0.18439
7175.65,0.18484
7176.55,0.18445
7177.44,0.18383
7178.34,0.18395
7179.24,0.18347
7180.13,0.18326
7181.03,0.18269
7181.92,0.1841
7182.82,0.18272
7183.72,0.18197
7184.61,0.18259
7185.51,0.18209
7186.4,0.18196
7187.3,0.18163
7188.19,0.1822
7189.09,0.18094
7189.99,0.18135
7190.88,0.18147
7191.78,0.18165
7192.67,0.18181
7193.57,0.18168
7194.47,0.18247
7195.36,0.18196
7196.26,0.18273
7197.15,0.18267
7198.05,0.18277
7198.95,0.18301
7199.84,0.18235
7200.74,0.18246
7201.63,0.18215
7202.53,0.18155
7203.43,0.18231
7204.32,0.18147
7205.22,0.18165
7206.11,0.18149
7207.01,0.18137
7207.9,0.18127
7208.8,0.18119
7209.7,0.18196
7210.59,0.18078
7211.49,0.18174
7212.38,0.18297
7213.28,0.18231
7214.18,0.18299
7215.07,0.18338
7215.97,0.18354
7216.86,0.18405
7217.76,0.18407
7218.66,0.18539
7219.55,0.18479
7220.45,0.18507
7221.34,0.18474
7222.24,0.18543
7223.13,0.18567
7224.03,0.1859
7224.93,0.18536
7225.82,0.18655
7226.72,0.18702
7227.61,0.18636
7228.51,0.18726
7229.41,0.18752
7230.3,0.18731
7231.2,0.18717
7232.09,0.18745
7232.99,0.18793
7233.89,0.18786
7234.78,0.1883
7235.68,0.1876
7236.57,0.18797
7237.47,0.18724
7238.36,0.18789
7239.26,0.1877
7240.16,0.18813
7241.05,0.18761
7241.95,0.188
7242.84,0.18719
7243.74,0.18743
7244.64,0.18733
7245.53,0.18685
7246.43,0.18709
7247.32,0.18663
7248.22,0.18682
7249.12,0.18748
7250.01,0.18743
7250.91,0.1871
7251.8,0.1881
7252.7,0.18754
7253.6,0.18742
7254.49,0.18711
7255.39,0.18785
7256.28,0.18715
7257.18,0.18773
7258.07,0.18737
7258.97,0.18755
7259.87,0.18821
7260.76,0.18887
7261.66,0.18778
7262.55,0.18819
7263.45,0.18871
7264.35,0.18785
7265.24,0.18848
7266.14,0.18927
7267.03,0.18857
7267.93,0.18944
7268.83,0.18897
7269.72,0.1894
7270.62,0.18922
7271.51,0.19006
7272.41,0.18947
7273.3,0.18957
7274.2,0.19056
7275.1,0.189
7275.99,0.1897
7276.89,0.1887
7277.78,0.18931
7278.68,0.18889
7279.58,0.18857
7280.47,0.18819
7281.37,0.1884
7282.26,0.18742
7283.16,0.18801
7284.06,0.18795
7284.95,0.18764
7285.85,0.1871
7286.74,0.18679
7287.64,0.18763
7288.53,0.18658
7289.43,0.18643
7290.33,0.18634
7291.22,0.18682
7292.12,0.18548
7293.01,0.1864
7293.91,0.1865
7294.81,0.18709
7295.7,0.18696
7296.6,0.18764
7297.49,0.18794
7298.39,0.18879
7299.29,0.1891
7300.18,0.18961
7301.08,0.18977
7301.97,0.18942
7302.87,0.18916
7303.76,0.18985
7304.66,0.18918
7305.56,0.18959
7306.45,0.18935
7307.35,0.18956
7308.24,0.18938
7309.14,0.18955
7310.04,0.18878
7310.93,0.18889
7311.83,0.18938
7312.72,0.18888
7313.62,0.18957
7314.52,0.18932
7315.41,0.1895
7316.31,0.1894
7317.2,0.18985
7318.1,0.18992
7318.99,0.18891
7319.89,0.18915
7320.79,0.18971
7321.68,0.18869
7322.58,0.18886
7323.47,0.18879
7324.37,0.18854
7325.27,0.18874
7326.16,0.18875
7327.06,0.188
7327.95,0.18851
7328.85,0.18844
7329.75,0.18919
7330.64,0.1891
7331.54,0.18904
7332.43,0.18937
7333.33,0.18956
7334.22,0.19018
7335.12,0.1911
7336.02,0.19079
7336.91,0.19088
7337.81,0.19089
7338.7,0.1911
7339.6,0.19115
7340.5,0.19158
7341.39,0.19171
7342.29,0.19196
7343.18,0.19115
7344.08,0.19095
7344.98,0.18993
7345.87,0.19037
7346.77,0.19062
7347.66,0.19048
7348.56,0.18999
7349.45,0.19033
7350.35,0.1892
7351.25,0.18945
7352.14,0.18911
7353.04,0.18849
7353.93,0.18818
7354.83,0.18758
7355.73,0.18819
7356.62,0.18829
7357.52,0.18735
7358.41,0.18732
7359.31,0.18657
7360.21,0.18792
7361.1,0.18708
7362.0,0.18796
7362.89,0.18804
7363.79,0.18791
7364.69,0.18766
7365.58,0.18814
7366.48,0.18938
7367.37,0.18933
7368.27,0.189
7369.16,0.19022
7370.06,0.19052
7370.96,0.18996
7371.85,0.19015
7372.75,0.19081
7373.64,0.19045
7374.54,0.1913
7375.44,0.19099
7376.33,0.19083
7377.23,0.19155
7378.12,0.19148
7379.02,0.1908
7379.92,0.19155
7380.81,0.19094
7381.71,0.19001
7382.6,0.18973
7383.5,0.18924
7384.39,0.18838
7385.29,0.18868
7386.19,0.18788
7387.08,0.18792
7387.98,0.18719
7388.87,0.18676
7389.77,0.18678
7390.67,0.18668
7391.56,0.18626
7392.46,0.18643
7393.35,0.1875
7394.25,0.18727
7395.15,0.1875
7396.04,0.18794
7396.94,0.1873
7397.83,0.18902
7398.73,0.18826
7399.62,0.18911
7400.52,0.18864
7401.42,0.18804
7402.31,0.18907
7403.21,0.18879
7404.1,0.18829
7405.0,0.189
7405.9,0.18764
7406.79,0.18778
7407.69,0.18708
7408.58,0.18699
7409.48,0.18621
7410.38,0.18587
7411.27,0.1848
7412.17,0.18387
7413.06,0.18265
7413.96,0.18279
7414.85,0.18196
7415.75,0.18229
7416.65,0.18133
7417.54,0.18123
7418.44,0.18124
7419.33,0.18198
7420.23,0.18223
7421.13,0.18192
7422.02,0.18356
7422.92,0.18383
7423.81,0.18438
7424.71,0.18497
7425.6,0.18571
7426.5,0.18696
7427.4,0.18702
7428.29,0.18787
7429.19,0.18859
7431.68,0.18937
7434.18,0.19104
7436.67,0.19109
7439.17,0.19034
7441.66,0.18952
7444.16,0.18886
7446.66,0.18864
7449.15,0.18954
7451.65,0.19036
7454.14,0.19033
7456.64,0.19045
7459.13,0.1909
7461.63,0.19045
7464.12,0.18999
7466.62,0.19017
7469.11,0.19061
7471.61,0.19132
7474.1,0.19129
7476.6,0.19069
7479.09,0.19056
7481.59,0.19001
7484.08,0.19026
7486.58,0.19008
7489.07,0.18955
7491.57,0.18861
7494.06,0.1885
7496.56,0.18794
7499.05,0.18893
7501.55,0.1898
7504.04,0.18986
7506.54,0.19029
7509.03,0.18945
7511.53,0.18986
7514.02,0.18986
7516.52,0.18996
7519.01,0.18993
7521.51,0.18996
7524.0,0.18958
7526.5,0.18951
7528.99,0.18956
7531.49,0.18967
7533.99,0.19062
7536.48,0.19085
7538.98,0.19084
7541.47,0.1914
7543.97,0.19041
7546.46,0.19035
7548.96,0.1904
7551.45,0.19031
7553.95,0.18981
7556.44,0.18954
7558.94,0.18922
7561.43,0.1893
7563.93,0.18968
7566.42,0.1903
7568.92,0.18997
7571.41,0.18986
7573.91,0.18942
7576.4,0.18962
7578.9,0.18926
7581.39,0.18886
7583.89,0.18782
7586.38,0.18732
7588.88,0.18673
7591.37,0.18741
7593.87,0.18727
7596.36,0.18753
7598.86,0.1873
7601.35,0.1872
7603.85,0.18693
7606.34,0.18729
7608.84,0.18667
7611.33,0.18716
7613.83,0.18695
7616.33,0.18591
7618.82,0.18509
7621.32,0.18511
7623.81,0.18537
7626.31,0.18592
7628.8,0.18652
7631.3,0.18613
7633.79,0.18701
7636.29,0.18637
7638.78,0.18617
7641.28,0.1863
7643.77,0.18681
7646.27,0.1867
7648.76,0.18569
7651.26,0.18511
7653.75,0.18404
7656.25,0.18253
7658.74,0.18046
7661.24,0.17854
7663.73,0.17646
7666.23,0.17683
7668.72,0.17709
7671.22,0.17921
7673.71,0.18064
7676.21,0.18183
7678.7,0.1829
7681.2,0.18329
7683.69,0.18352
7686.19,0.18327
7688.69,0.18312
7691.18,0.18263
7693.68,0.18191
7696.17,0.18089
7698.67,0.18023
7701.16,0.18007
7703.66,0.18019
7706.15,0.18056
7708.65,0.18069
7711.14,0.18049
7713.64,0.18005
7716.13,0.18028
7718.63,0.17968
7721.12,0.1809
7723.62,0.1811
7726.11,0.18222
7728.61,0.18225
7731.1,0.18326
7733.6,0.18408
7736.09,0.18436
7738.59,0.18449
7741.08,0.18392
7743.58,0.18263
7746.07,0.18158
7748.57,0.18028
7751.06,0.18042
7753.56,0.18059
7756.05,0.18137
7758.55,0.18256
7761.04,0.18306
7763.54,0.18375
7766.03,0.18392
7768.53,0.18493
7771.03,0.18453
7773.52,0.18503
7776.02,0.185
7778.51,0.18506
7781.01,0.18456
7783.5,0.18324
7786.0,0.18288
7788.49,0.18206
7790.99,0.18191
7793.48,0.18135
7795.98,0.18161
7798.47,0.1818
7800.97,0.1822
7803.46,0.18278
7805.96,0.18288
7808.45,0.1828
7810.95,0.18268
7813.44,0.18283
7815.94,0.18336
7818.43,0.18356
7820.93,0.18399
7823.42,0.18387
7825.92,0.18339
7828.41,0.18281
7830.91,0.18179
7833.4,0.18072
7835.9,0.18023
7838.39,0.1803
7840.89,0.18045
7843.38,0.18114
7845.88,0.18154
7848.38,0.18197
7850.87,0.18177
7853.37,0.18181
7855.86,0.18181
7858.36,0.18193
7860.85,0.18179
7863.35,0.18231
7865.84,0.18242
7868.34,0.18257
7870.83,0.1822
7873.33,0.18172
7875.82,0.18214
7878.32,0.18159
7880.81,0.18135
7883.31,0.18154
7885.8,0.18184
7888.3,0.18148
7890.79,0.18223
7893.29,0.18176
7895.78,0.18148
7898.28,0.18113
7900.77,0.18152
7903.27,0.18057
7905.76,0.18057
7908.26,0.17968
7910.75,0.17878
7913.25,0.17812
7915.74,0.1774
7918.24,0.17718
7920.73,0.17763
7923.23,0.17807
7925.73,0.17872
7928.22,0.1788
7930.71,0.17851
7933.21,0.17793
7935.71,0.17698
7938.2,0.17633
7940.7,0.17624
7943.19,0.17549
7945.69,0.17507
7948.18,0.17557
7950.68,0.17627
7953.17,0.17717
7955.67,0.17852
7958.16,0.17877
7960.66,0.17932
7963.15,0.17909
7965.65,0.17972
7968.14,0.17976
7970.64,0.18023
7973.13,0.17971
7975.63,0.17968
7978.12,0.17913
7980.62,0.17939
7983.11,0.17891
7985.61,0.17859
7988.1,0.17851
7990.6,0.17813
7993.09,0.17754
7995.59,0.17761
7998.08,0.17756
8000.58,0.17788
8003.07,0.17768
8005.57,0.17872
8008.06,0.17949
8010.56,0.17988
8013.06,0.18077
8015.55,0.1805
8018.05,0.18101
8020.54,0.18007
8023.04,0.17891
8025.53,0.17862
8028.03,0.17765
8030.52,0.17797
8033.02,0.17833
8035.51,0.1791
8038.01,0.17924
8040.5,0.17991
8043.0,0.17897
8045.49,0.17777
8047.99,0.177
8050.48,0.17648
8052.98,0.17703
8055.47,0.17779
8057.97,0.1786
8060.46,0.17891
8062.96,0.17852
8065.45,0.17845
8067.95,0.17799
8070.44,0.17684
8072.94,0.17634
8075.43,0.17638
8077.93,0.17641
8080.42,0.17687
8082.92,0.17673
8085.41,0.17683
8087.91,0.17631
8090.4,0.17631
8092.9,0.17551
8095.4,0.17554
8097.89,0.17517
8100.39,0.17572
8102.88,0.17624
8105.38,0.17679
8107.87,0.1766
8110.37,0.17671
8112.86,0.17591
8115.36,0.17628
8117.85,0.17538
8120.35,0.17574
8122.84,0.1767
8125.34,0.1763
8127.83,0.177
8130.33,0.17692
8132.82,0.17695
8135.32,0.17743
8137.81,0.17708
8140.31,0.17708
8142.8,0.1766
8145.3,0.17651
8147.79,0.17655
8150.29,0.17623
8152.78,0.17645
8155.28,0.17652
8157.77,0.17672
8160.27,0.17645
8162.76,0.1761
8165.26,0.17593
8167.75,0.17587
8170.25,0.17612
8172.75,0.17599
8175.24,0.17625
8177.74,0.17563
8180.23,0.17442
8182.73,0.17366
8185.22,0.17219
8187.72,0.1719
8190.21,0.17183
8192.71,0.17167
8195.2,0.17137
8197.7,0.1707
8200.19,0.1713
8202.69,0.17121
8205.18,0.17257
8207.68,0.17275
8210.17,0.17327
8212.67,0.1738
8215.16,0.17385
8217.66,0.17402
8220.15,0.17417
8222.65,0.17419
8225.14,0.17514
8227.64,0.17554
8230.13,0.17537
8232.63,0.1757
8235.12,0.17553
8237.62,0.17554
8240.11,0.17503
8242.61,0.17524
8245.1,0.1753
8247.6,0.17476
8250.1,0.17518
8252.59,0.17466
8255.08,0.17446
8257.58,0.17455
8260.08,0.17509
8262.57,0.17562
8265.07,0.17583
8267.56,0.17587
8270.06,0.1759
8272.55,0.17538
8275.05,0.17549
8277.54,0.17563
8280.04,0.17549
8282.53,0.17529
8285.03,0.17507
8287.52,0.17508
8290.02,0.17466
8292.51,0.17439
8295.01,0.17389
8297.5,0.17338
8300.0,0.17344
8302.49,0.17318
8304.99,0.17227
8307.48,0.17255
8309.98,0.17223
8312.47,0.17187
8314.97,0.17285
8317.46,0.17321
8319.96,0.17291
8322.46,0.17266
8324.95,0.17129
8327.44,0.17058
8329.94,0.16941
8332.43,0.16926
8334.93,0.16941
8337.43,0.16981
8339.92,0.17058
8342.42,0.17094
8344.91,0.17113
8347.41,0.1708
8349.9,0.17144
8352.4,0.17136
8354.89,0.17177
8357.39,0.1719
8359.88,0.17173
8362.38,0.17116
8364.87,0.17053
8367.37,0.17096
8369.86,0.17117
8372.36,0.17168
8374.85,0.17099
8377.35,0.17079
8379.84,0.17004
8382.34,0.16834
8384.83,0.16728
8387.33,0.16662
8389.82,0.16723
8392.32,0.16807
8394.81,0.16938
8397.31,0.1706
8399.8,0.17107
8402.3,0.17142
8404.79,0.17171
8407.29,0.17189
8409.79,0.17177
8412.28,0.17083
8414.78,0.17083
8417.27,0.17035
8419.77,0.17029
8422.26,0.16987
8424.76,0.16931
8427.25,0.16914
8429.75,0.16806
8432.24,0.16734
8434.74,0.16636
8437.23,0.16622
8439.73,0.16624
8442.22,0.16735
8444.72,0.16813
8447.21,0.16929
8449.71,0.16977
8452.2,0.16984
8454.7,0.17013
8457.19,0.16941
8459.69,0.16916
8462.18,0.16869
8464.68,0.16714
8467.17,0.16645
8469.67,0.16637
8472.16,0.16621
8474.66,0.16658
8477.15,0.16766
8479.65,0.16831
8482.14,0.16857
8484.64,0.16849
8487.13,0.1683
8489.63,0.167
8492.12,0.16468
8494.62,0.16045
8497.12,0.15676
8499.61,0.15384
8502.11,0.15423
8504.6,0.15629
8507.1,0.15944
8509.59,0.16236
8512.09,0.16303
8514.58,0.16331
8517.08,0.16323
8519.57,0.16328
8522.07,0.16381
8524.56,0.16434
8527.06,0.16443
8529.55,0.16377
8532.05,0.16216
8534.54,0.15789
8537.04,0.15113
8539.53,0.14377
8542.03,0.13699
8544.52,0.1348
8547.02,0.13712
8549.51,0.14343
8552.01,0.15062
8554.5,0.15694
8557.0,0.16112
8559.49,0.16291
8561.99,0.16445
8564.48,0.16494
8566.98,0.16576
8569.47,0.16539
8571.97,0.16553
8574.47,0.16581
8576.96,0.16512
8579.46,0.16569
8581.95,0.16603
8584.45,0.16576
8586.94,0.16594
8589.44,0.16598
8591.93,0.16585
8594.43,0.1657
8596.92,0.1656
8599.42,0.16554
8601.91,0.16519
8604.41,0.16552
8606.9,0.16545
8609.4,0.16526
8611.89,0.16451
8614.39,0.16409
8616.88,0.16413
8619.38,0.16354
8621.87,0.16393
8624.37,0.16418
8626.86,0.16448
8629.36,0.16467
8631.85,0.16523
8634.35,0.16535
8636.84,0.16564
8639.34,0.16592
8641.83,0.16596
8644.33,0.16581
8646.83,0.16519
8649.32,0.1641
8651.82,0.16255
8654.31,0.15948
8656.8,0.15436
8659.3,0.1479
8661.8,0.14203
8664.29,0.13934
8666.79,0.14058
8669.28,0.14526
8671.78,0.15075
8674.27,0.15566
8676.77,0.15883
8679.26,0.16038
8681.76,0.16107
8684.25,0.16105
8686.75,0.1602
8689.24,0.15976
8691.74,0.15959
8694.23,0.16016
8696.73,0.16067
8699.22,0.16173
8701.72,0.16261
8704.21,0.16277
8706.71,0.16282
8709.2,0.16263
8711.7,0.16269
8714.19,0.16203
8716.69,0.16282
8719.18,0.16309
8721.68,0.16314
8724.17,0.164
8726.67,0.16419
8729.17,0.16418
8731.66,0.16373
8734.16,0.1632
8736.65,0.16321
8739.15,0.16332
8741.64,0.16249
8744.14,0.16273
8746.63,0.16257
8749.13,0.16186
8751.62,0.1615
8754.12,0.16117
8756.61,0.16141
8759.11,0.16176
8761.6,0.16179
8764.1,0.16232
8766.59,0.16204
8769.09,0.16197
8771.58,0.16199
8774.08,0.16197
8776.57,0.16169
8779.07,0.16273
8781.56,0.16262
8784.06,0.16317
8786.55,0.1627
8789.05,0.16291
8791.54,0.16234
8794.04,0.16198
8796.53,0.16153
8799.03,0.16064
8801.52,0.15964
8804.02,0.15831
8806.51,0.15708
8809.01,0.15676
8811.5,0.15695
8814.0,0.15852
8816.5,0.16025
8818.99,0.16107
8821.49,0.16121
8823.98,0.1605
8826.48,0.16046
8828.97,0.16154
8831.47,0.16164
8833.96,0.16199
8836.46,0.16242
8838.95,0.16229
8841.45,0.16247
8843.94,0.16272
8846.44,0.16341
8848.93,0.1636
8851.43,0.16406
8853.92,0.16417
8856.42,0.16397
8858.91,0.16291
8861.41,0.16197
8863.9,0.16131
8866.4,0.16027
8868.89,0.16017
8871.39,0.16046
8873.88,0.16113
8876.38,0.16167
8878.87,0.16205
8881.37,0.16228
8883.87,0.16275
8886.36,0.16275
8888.86,0.1627
8891.35,0.16279
8893.84,0.16239
8896.34,0.16268
8898.84,0.16279
8901.33,0.16241
8903.83,0.16214
8906.32,0.16205
8908.82,0.16172
8911.31,0.16146
8913.81,0.16113
8916.3,0.16066
8918.8,0.16038
8921.29,0.15964
8923.79,0.15935
8926.28,0.15871
8928.78,0.15872
8931.27,0.15911
8933.77,0.15895
8936.26,0.15972
8938.76,0.15975
8941.25,0.15925
8943.75,0.1586
8946.24,0.15888
8948.74,0.15921
8951.23,0.15957
8953.73,0.15988
8956.22,0.16087
8958.72,0.16135
8961.21,0.16122
8963.71,0.16118
8966.2,0.16083
8968.7,0.16053
8971.2,0.15991
8973.69,0.15968
8976.19,0.1597
8978.68,0.15903
8981.18,0.15894
8983.67,0.15904
8986.17,0.16003
8988.66,0.16037
8991.16,0.16039
8993.65,0.16002
8996.15,0.15954
8998.64,0.1586
9001.14,0.15809
9003.63,0.15764
9006.13,0.15667
9008.62,0.15546
9011.12,0.15372
9013.61,0.15257
9016.11,0.15214
9018.6,0.15214
9021.1,0.15337
9023.59,0.15421
9026.09,0.15481
9028.58,0.15628
9031.08,0.15726
9033.57,0.15773
9036.07,0.15885
9038.56,0.1593
9041.06,0.15933
9043.55,0.15956
9046.05,0.16001
9048.54,0.15974
9051.04,0.15953
9053.54,0.15909
9056.03,0.1589
9058.53,0.15838
9061.02,0.15801
9063.52,0.15779
9066.01,0.15764
9068.51,0.15774
9071.0,0.15767
9073.5,0.15823
9075.99,0.15798
9078.49,0.15724
9080.98,0.15618
9083.48,0.15584
9085.97,0.15452
9088.47,0.15385
9090.96,0.15295
9093.46,0.15339
9095.95,0.15373
9098.45,0.15494
9100.94,0.15623
9103.44,0.15659
9105.93,0.15664
9108.43,0.15697
9110.92,0.15671
9113.42,0.15591
9115.91,0.15588
9118.41,0.15524
9120.9,0.15551
9123.4,0.15578
9125.89,0.15623
9128.39,0.15654
9130.88,0.1569
9133.38,0.15665
9135.88,0.15625
9138.37,0.15557
9140.87,0.15478
9143.36,0.15401
9145.86,0.15338
9148.35,0.15297
9150.85,0.15329
9153.34,0.1536
9155.84,0.1535
9158.33,0.15397
9160.83,0.15358
9163.32,0.1531
9165.82,0.15276
9168.31,0.15182
9170.81,0.15082
9173.3,0.15062
9175.8,0.15034
9178.29,0.15056
9180.79,0.15132
9183.28,0.15162
9185.78,0.15179
9188.27,0.15156
9190.77,0.15194
9193.26,0.1519
9195.76,0.15135
9198.25,0.15125
9200.75,0.15139
9203.24,0.15108
9205.74,0.15088
9208.24,0.15046
9210.73,0.14997
9213.23,0.14996
9215.72,0.14981
9218.22,0.15
9220.71,0.14979
9223.21,0.14988
9225.7,0.14973
9228.2,0.15004
9230.69,0.14913
9233.19,0.14956
9235.68,0.14968
9238.18,0.15
9240.67,0.15042
9243.17,0.15033
9245.66,0.15033
9248.16,0.14991
9250.65,0.15007
9253.15,0.1493
9255.64,0.14904
9258.14,0.14932
9260.63,0.1491
9263.13,0.14961
9265.62,0.15072
9268.12,0.15119
9270.61,0.15155
9273.11,0.15097
9275.6,0.15099
9278.1,0.15024
9280.59,0.15008
9283.09,0.14965
9285.58,0.14929
9288.08,0.14898
9290.58,0.14832
9293.07,0.14849
9295.57,0.14851
9298.06,0.14803
9300.56,0.14861
9303.05,0.14865
9305.55,0.14862
9308.04,0.14885
9310.54,0.14892
9313.03,0.14891
9315.53,0.14871
9318.02,0.14898
9320.52,0.1484
9323.01,0.14811
9325.51,0.1483
9328.0,0.14854
9330.5,0.14889
9332.99,0.14886
9335.49,0.14859
9337.98,0.14915
9340.48,0.14865
9342.97,0.14859
9345.47,0.14817
9347.96,0.14788
9350.46,0.14722
9352.95,0.14674
9355.45,0.14618
9357.94,0.1455
9360.44,0.14552
9362.93,0.14505
9365.43,0.1452
9367.92,0.14501
9370.42,0.1455
9372.92,0.14543
9375.41,0.14525
9377.91,0.14538
9380.4,0.14542
9382.9,0.14553
9385.39,0.14549
9387.89,0.14527
9390.38,0.14544
9392.88,0.14549
9395.37,0.14528
9397.87,0.14525
9400.36,0.14476
9402.86,0.14417
9405.35,0.14373
9407.85,0.14318
9410.34,0.14258
9412.84,0.1421
9415.33,0.14161
9417.83,0.14217
9420.32,0.14267
9422.82,0.1432
9425.31,0.14384
9427.81,0.1441
9430.3,0.14422
9432.8,0.14398
9435.29,0.14336
9437.79,0.1435
9440.28,0.14337
9442.78,0.14309
9445.27,0.14304
9447.77,0.14301
9450.27,0.14317
9452.76,0.1433
9455.25,0.1433
9457.75,0.14391
9460.25,0.14427
9462.74,0.14425
9465.24,0.14469
9467.73,0.1447
9470.23,0.1447
9472.72,0.1447
9475.22,0.14501
9477.71,0.14466
9480.21,0.14504
9482.7,0.14494
9485.2,0.14494
9487.69,0.14482
9490.19,0.14527
9492.68,0.14522
9495.18,0.14537
9497.67,0.14499
9500.17,0.14555
9502.66,0.14537
9505.16,0.14504
9507.65,0.14568
9510.15,0.14519
9512.64,0.14549
9515.14,0.14558
9517.63,0.14558
9520.13,0.14574
9522.62,0.14594
9525.12,0.14624
9527.61,0.14624
9530.11,0.14595
9532.61,0.14515
9535.1,0.14468
9537.6,0.14455
9540.09,0.14331
9542.59,0.14273
9545.08,0.14165
9547.58,0.14166
9550.07,0.14183
9552.57,0.1423
9555.06,0.14316
9557.56,0.14433
9560.05,0.14505
9562.55,0.14549
9565.04,0.14526
9567.54,0.14469
9570.03,0.14451
9572.53,0.14387
9575.02,0.14385
9577.52,0.14356
9580.01,0.14396
9582.51,0.144
9585.0,0.14436
9587.5,0.14467
9589.99,0.14421
9592.49,0.14409
9594.98,0.14384
9597.48,0.14341
9599.97,0.14241
9602.47,0.14237
9604.96,0.14261
9607.46,0.14305
9609.96,0.14355
9612.45,0.14354
9614.95,0.14373
9617.44,0.14363
9619.94,0.14384
9622.43,0.14356
9624.93,0.14349
9627.42,0.14283
9629.92,0.1429
9632.41,0.14287
9634.91,0.14231
9637.4,0.14161
9639.9,0.14115
9642.39,0.14078
9644.89,0.14018
9647.38,0.14046
9649.88,0.14047
9652.37,0.14086
9654.87,0.14087
9657.36,0.14112
9659.86,0.14082
9662.35,0.14137
9664.85,0.14139
9667.34,0.14124
9669.84,0.1409
9672.33,0.1404
9674.83,0.14037
9677.32,0.13984
9679.82,0.13978
9682.31,0.14006
9684.81,0.14056
9687.3,0.14067
9689.8,0.14043
9692.29,0.14049
9694.79,0.14031
9697.29,0.14052
9699.78,0.14066
9702.28,0.14013
9704.77,0.13997
9707.27,0.13978
9709.76,0.13972
9712.26,0.14023
9714.75,0.14035
9717.25,0.14069
9719.74,0.14033
9722.24,0.14003
9724.73,0.13968
9727.23,0.1398
9729.72,0.13962
9732.22,0.13915
9734.71,0.13939
9737.21,0.13915
9739.7,0.13915
9742.2,0.13895
9744.69,0.13866
9747.19,0.13897
9749.68,0.13954
9752.18,0.13975
9754.67,0.14022
9757.17,0.14044
9759.66,0.14048
9762.16,0.1404
9764.65,0.14005
9767.15,0.13986
9769.64,0.13912
9772.14,0.13906
9774.64,0.1393
9777.13,0.13905
9779.63,0.13872
9782.12,0.13835
9784.62,0.13741
9787.11,0.13747
9789.61,0.13726
9792.1,0.13798
9794.6,0.13861
9797.09,0.1393
9799.59,0.14009
9802.08,0.1403
9804.58,0.14044
9807.07,0.14058
9809.57,0.14072
9812.06,0.14073
9814.56,0.1409
9817.05,0.14077
9819.55,0.14061
9822.04,0.14047
9824.54,0.14085
9827.03,0.14072
9829.53,0.14036
9832.02,0.14011
9834.52,0.14024
9837.01,0.14043
9839.51,0.14017
9842.0,0.14042
9844.5,0.14052
9847.0,0.14061
9849.49,0.14069
9851.99,0.14077
9854.48,0.1405
9856.98,0.14001
9859.47,0.14014
9861.97,0.14026
9864.46,0.1398
9866.96,0.13981
9869.45,0.13972
9871.95,0.13961
9874.44,0.13971
9876.94,0.14014
9879.43,0.13975
9881.93,0.13971
9884.42,0.13948
9886.92,0.13935
9889.41,0.13888
9891.91,0.13872
9894.4,0.13876
9896.9,0.13866
9899.39,0.13868
9901.89,0.13888
9904.38,0.13844
9906.88,0.13803
9909.37,0.13772
9911.87,0.13838
9914.36,0.13788
9916.86,0.13802
9919.35,0.13794
9921.85,0.13728
9924.34,0.13731
9926.84,0.13769
9929.33,0.13736
9931.83,0.13755
9934.33,0.13769
9936.82,0.13799
9939.32,0.13768
9941.81,0.13804
9944.31,0.13799
9946.8,0.13767
9949.3,0.13745
9951.79,0.13759
9954.29,0.1377
9956.78,0.13776
9959.28,0.13805
9961.77,0.13822
9964.27,0.13826
9966.76,0.13846
9969.26,0.13813
9971.75,0.13796
9974.25,0.13782
9976.74,0.13805
9979.24,0.1374
9981.73,0.13766
9984.23,0.13755
9986.72,0.13765
9989.22,0.13745
9991.71,0.13718
9994.21,0.13715
9996.7,0.13694
9999.2,0.13701
10001.7,0.13679
10004.2,0.1368
10006.7,0.13727
10009.2,0.13708
10011.7,0.13712
10014.2,0.13735
10016.7,0.13765
10019.2,0.13802
10021.7,0.13803
10024.2,0.13823
10026.6,0.13818
10029.1,0.13768
10031.6,0.13707
10034.1,0.13701
10036.6,0.13655
10039.1,0.13622
10041.6,0.13586
10044.1,0.13546
10046.6,0.13513
10049.1,0.13502
10051.6,0.13446
10054.1,0.13417
10056.6,0.13405
10059.1,0.13456
10061.6,0.1346
10064.1,0.13488
10066.6,0.13493
10069.1,0.13535
10071.6,0.13568
10074.1,0.13585
10076.5,0.13557
10079.0,0.13627
10081.5,0.13618
10084.0,0.1357
10086.5,0.13563
10089.0,0.13605
10091.5,0.13637
10094.0,0.1363
10096.5,0.13654
10099.0,0.13682
10101.5,0.1367
10104.0,0.1367
10106.5,0.1363
10109.0,0.13599
10111.5,0.13608
10114.0,0.13561
10116.5,0.1354
10119.0,0.13531
10121.5,0.13534
10124.0,0.13514
10126.5,0.1355
10128.9,0.1351
10131.4,0.1353
10133.9,0.13529
10136.4,0.13498
10138.9,0.13448
10141.4,0.13448
10143.9,0.1341
10146.4,0.13395
10148.9,0.13374
10151.4,0.1336
10153.9,0.13402
10156.4,0.1344
10158.9,0.13443
10161.4,0.13459
10163.9,0.13455
10166.4,0.13439
10168.9,0.13419
10171.4,0.13435
10173.9,0.13443
10176.4,0.13427
10178.9,0.13435
10181.3,0.13434
10183.8,0.13413
10186.3,0.13423
10188.8,0.13385
10191.3,0.13332
10193.8,0.13394
10196.3,0.13312
10198.8,0.13341
10201.3,0.13313
10203.8,0.13324
10206.3,0.1337
10208.8,0.13363
10211.3,0.13317
10213.8,0.13313
10216.3,0.13267
10218.8,0.13252
10221.3,0.13222
10223.8,0.13211
10226.3,0.13252
10228.8,0.13273
10231.2,0.13356
10233.7,0.13306
10236.2,0.1331
10238.7,0.13315
10241.2,0.13311
10243.7,0.13332
10246.2,0.13332
10248.7,0.13278
10251.2,0.1327
10253.7,0.13254
10256.2,0.13239
10258.7,0.13267
10261.2,0.13245
10263.7,0.13182
10266.2,0.13225
10268.7,0.13201
10271.2,0.13193
10273.7,0.13228
10276.2,0.13216
10278.7,0.13207
10281.2,0.13206
10283.6,0.13192
10286.1,0.13161
10288.6,0.132
10291.1,0.13101
10293.6,0.13166
10296.1,0.13155
10298.6,0.13151
10301.1,0.13159
10303.6,0.13147
10306.1,0.13172
10308.6,0.13161
10311.1,0.1316
10313.6,0.13177
10316.1,0.13159
10318.6,0.13135
10321.1,0.13153
10323.6,0.1306
10326.1,0.12973
10328.6,0.12944
10331.1,0.12942
10333.5,0.12915
10336.0,0.1292
10338.5,0.12912
10341.0,0.12841
10343.5,0.12845
10346.0,0.12852
10348.5,0.12881
10351.0,0.12915
10353.5,0.12961
10356.0,0.13006
10358.5,0.13043
10361.0,0.13052
10363.5,0.13088
10366.0,0.13044
10368.5,0.1301
10371.0,0.12993
10373.5,0.1296
10376.0,0.12962
10378.5,0.12948
10381.0,0.12926
10383.5,0.12963
10385.9,0.12968
10388.4,0.12961
10390.9,0.12931
10393.4,0.12889
10395.9,0.12864
10398.4,0.12844
10400.9,0.1282
10403.4,0.12873
10405.9,0.12915
10408.4,0.12919
10410.9,0.12981
10413.4,0.12962
10415.9,0.12985
10418.4,0.12953
10420.9,0.12949
10423.4,0.12909
10425.9,0.1291
10428.4,0.12931
10430.9,0.12903
10433.4,0.12911
10435.9,0.12924
10438.3,0.12964
10440.8,0.12946
10443.3,0.12981
10445.8,0.12955
10448.3,0.12962
10450.8,0.12903
10453.3,0.12902
10455.8,0.12916
10458.3,0.1286
10460.8,0.12854
10463.3,0.12865
10465.8,0.12845
10468.3,0.12801
10470.8,0.12825
10473.3,0.12813
10475.8,0.128
10478.3,0.12828
10480.8,0.12867
10483.3,0.12849
10485.8,0.12862
10488.2,0.1278
10490.7,0.12791
10493.2,0.12801
10495.7,0.12755
10498.2,0.12746
10500.7,0.12705
10503.2,0.12723
10505.7,0.12784
10508.2,0.12772
10510.7,0.12811
10513.2,0.12768
10515.7,0.12775
10518.2,0.12787
10520.7,0.12785
10523.2,0.12761
10525.7,0.1277
10528.2,0.12773
10530.7,0.12757
10533.2,0.12707
10535.7,0.12727
10538.2,0.1274
10540.6,0.12756
10543.1,0.12746
10545.6,0.1276
10548.1,0.12754
10550.6,0.1274
10553.1,0.12753
10555.6,0.12728
10558.1,0.12719
10560.6,0.12746
10563.1,0.12723
10565.6,0.12698
10568.1,0.12711
10570.6,0.12683
10573.1,0.12687
10575.6,0.1267
10578.1,0.12567
10580.6,0.12518
10583.1,0.12473
10585.6,0.12424
10588.1,0.1238
10590.6,0.12461
10593.0,0.12493
10595.5,0.12522
10598.0,0.12544
10600.5,0.12561
10603.0,0.12523
10605.5,0.12477
10608.0,0.12433
10610.5,0.12444
10613.0,0.12489
10615.5,0.12536
10618.0,0.12546
10620.5,0.12555
10623.0,0.12528
10625.5,0.12566
10628.0,0.12564
10630.5,0.12579
10633.0,0.12576
10635.5,0.12584
10638.0,0.12587
10640.5,0.12586
10642.9,0.12596
10645.4,0.12615
10647.9,0.12546
10650.4,0.12551
10652.9,0.12495
10655.4,0.1244
10657.9,0.1243
10660.4,0.12362
10662.9,0.12317
10665.4,0.12307
10667.9,0.12296
10670.4,0.12357
10672.9,0.12391
10675.4,0.12418
10677.9,0.12419
10680.4,0.12403
10682.9,0.12392
10685.4,0.12371
10687.9,0.12325
10690.4,0.12296
10692.9,0.12284
10695.3,0.12309
10697.8,0.12319
10700.3,0.12319
10702.8,0.12409
10705.3,0.12398
10707.8,0.12421
10710.3,0.12422
10712.8,0.12466
10715.3,0.12441
10717.8,0.12441
10720.3,0.1242
10722.8,0.1232
10725.3,0.12321
10727.8,0.12203
10730.3,0.12214
10732.8,0.12185
10735.3,0.12212
10737.8,0.12266
10740.3,0.12302
10742.8,0.12284
10745.3,0.12281
10747.7,0.12244
10750.2,0.12216
10752.7,0.12209
10755.2,0.12206
10757.7,0.12231
10760.2,0.12266
10762.7,0.12301
10765.2,0.12326
10767.7,0.12337
10770.2,0.12306
10772.7,0.12314
10775.2,0.12268
10777.7,0.12229
10780.2,0.12201
10782.7,0.12135
10785.2,0.12078
10787.7,0.12066
10790.2,0.12065
10792.7,0.12114
10795.2,0.12143
10797.6,0.12178
10800.1,0.12239
10802.6,0.12217
10805.1,0.12216
10807.6,0.12179
10810.1,0.12143
10812.6,0.12084
10815.1,0.12026
10817.6,0.12027
10820.1,0.12012
10822.6,0.1198
10825.1,0.11921
10827.6,0.11931
10830.1,0.11911
10832.6,0.11956
10835.1,0.12003
10837.6,0.12048
10840.1,0.12074
10842.6,0.12099
10845.1,0.12093
10847.6,0.12128
10850.0,0.12146
10852.5,0.1213
10855.0,0.12143
10857.5,0.12163
10860.0,0.1212
10862.5,0.12042
10865.0,0.11994
10867.5,0.11907
10870.0,0.11858
10872.5,0.11812
10875.0,0.11772
10877.5,0.1182
10880.0,0.11862
10882.5,0.11828
10885.0,0.11892
10887.5,0.11899
10890.0,0.1187
10892.5,0.11952
10895.0,0.11946
10897.5,0.11971
10900.0,0.12008
10902.4,0.12014
10904.9,0.12022
10907.4,0.12056
10909.9,0.12004
10912.4,0.12013
10914.9,0.11972
10917.4,0.11963
10919.9,0.11934
10922.4,0.11876
10924.9,0.11868
10927.4,0.1184
10929.9,0.11798
10932.4,0.11742
10934.9,0.11709
10937.4,0.11704
10939.9,0.11681
10942.4,0.11704
10944.9,0.11721
10947.4,0.11752
10949.9,0.11751
10952.3,0.11723
10954.8,0.11702
10957.3,0.11674
10959.8,0.1161
10962.3,0.1155
10964.8,0.11452
10967.3,0.11449
10969.8,0.11397
10972.3,0.11418
10974.8,0.11394
10977.3,0.11404
10979.8,0.11389
10982.3,0.114
10984.8,0.11416
10987.3,0.1144
10989.8,0.1145
10992.3,0.1148
10994.8,0.11483
10997.3,0.11496
10999.8,0.11473
