wave,flux
3700.85,0.13847
3701.75,0.13679
3702.65,0.13228
3703.55,0.12539
3704.45,0.11835
3705.35,0.11195
3706.25,0.10689
3707.15,0.10501
3708.05,0.10483
3708.96,0.10703
3709.86,0.1096
3710.76,0.11477
3711.66,0.12063
3712.56,0.1274
3713.46,0.13317
3714.36,0.13807
3715.26,0.14016
3716.16,0.13996
3717.06,0.13633
3717.96,0.13032
3718.86,0.12158
3719.76,0.112
3720.66,0.10345
3721.56,0.097855
3722.46,0.097182
3723.36,0.10032
3724.26,0.10658
3725.16,0.11371
3726.06,0.11969
3726.96,0.12295
3727.86,0.12485
3728.76,0.12471
3729.66,0.12379
3730.56,0.12111
3731.46,0.11696
3732.36,0.11007
3733.26,0.102
3734.16,0.093634
3735.06,0.087504
3735.96,0.08398
3736.86,0.084723
3737.76,0.089429
3738.66,0.097258
3739.56,0.10622
3740.46,0.11408
3741.36,0.1191
3742.26,0.12065
3743.16,0.118
3744.06,0.11415
3744.96,0.10817
3745.86,0.10175
3746.76,0.096279
3747.67,0.091335
3748.57,0.08788
3749.47,0.086456
3750.37,0.088379
3751.27,0.094685
3752.17,0.10285
3753.07,0.11269
3753.97,0.12254
3754.87,0.12929
3755.77,0.13206
3756.67,0.13047
3757.57,0.12693
3758.47,0.12161
3759.37,0.11747
3760.27,0.11554
3761.17,0.11626
3762.07,0.11793
3762.97,0.11991
3763.87,0.12136
3764.77,0.12343
3765.67,0.12321
3766.57,0.12286
3767.47,0.12183
3768.37,0.1214
3769.27,0.12056
3770.17,0.12105
3771.07,0.12327
3771.97,0.12579
3772.87,0.12992
3773.77,0.1344
3774.67,0.13767
3775.57,0.14075
3776.47,0.14316
3777.37,0.14458
3778.27,0.14714
3779.17,0.14996
3780.07,0.1525
3780.97,0.15594
3781.87,0.15752
3782.77,0.15879
3783.67,0.15865
3784.57,0.1553
3785.47,0.15239
3786.38,0.14662
3787.28,0.14104
3788.18,0.13619
3789.08,0.13238
3789.98,0.13001
3790.88,0.12874
3791.78,0.12859
3792.68,0.12763
3793.58,0.12591
3794.48,0.12235
3795.38,0.11825
3796.28,0.11355
3797.18,0.11026
3798.08,0.10822
3798.98,0.1079
3799.88,0.11113
3800.78,0.11667
3801.68,0.12504
3802.58,0.13306
3803.48,0.14038
3804.38,0.14666
3805.28,0.14796
3806.18,0.14907
3807.08,0.14871
3807.98,0.14867
3808.88,0.14913
3809.78,0.14971
3810.68,0.15129
3811.58,0.14995
3812.48,0.14677
3813.38,0.14188
3814.28,0.13547
3815.18,0.12996
3816.08,0.12662
3816.98,0.12468
3817.88,0.12347
3818.78,0.12218
3819.68,0.12105
3820.58,0.11893
3821.48,0.11686
3822.38,0.11475
3823.28,0.11358
3824.18,0.11158
3825.09,0.10864
3825.99,0.10499
3826.89,0.10195
3827.79,0.099677
3828.69,0.098378
3829.59,0.098243
3830.49,0.097165
3831.39,0.095417
3832.29,0.092411
3833.19,0.089182
3834.09,0.086422
3834.99,0.084618
3835.89,0.084099
3836.79,0.084649
3837.69,0.085214
3838.59,0.086937
3839.49,0.089601
3840.39,0.09324
3841.29,0.099581
3842.19,0.10684
3843.09,0.11496
3843.99,0.12319
3844.89,0.12909
3845.79,0.13421
3846.69,0.13742
3847.59,0.13891
3848.49,0.13916
3849.39,0.13896
3850.29,0.13822
3851.19,0.1377
3852.09,0.13823
3852.99,0.13818
3853.89,0.13781
3854.79,0.13634
3855.69,0.13412
3856.59,0.13006
3857.49,0.12585
3858.39,0.12255
3859.29,0.1201
3860.19,0.119
3861.09,0.12023
3861.99,0.1247
3862.9,0.13057
3863.8,0.13531
3864.7,0.13892
3865.6,0.14173
3866.5,0.14157
3867.4,0.14087
3868.3,0.1393
3869.2,0.13742
3870.1,0.13422
3871.0,0.13075
3871.9,0.12734
3872.8,0.1249
3873.7,0.12518
3874.6,0.12657
3875.5,0.12811
3876.4,0.12982
3877.3,0.12958
3878.2,0.12809
3879.1,0.12684
3880.0,0.12613
3880.9,0.12543
3881.8,0.12508
3882.7,0.12534
3883.6,0.1245
3884.5,0.12279
3885.4,0.11995
3886.3,0.11645
3887.2,0.11227
3888.1,0.10969
3889.0,0.10866
3889.9,0.11032
3890.8,0.11434
3891.7,0.11999
3892.6,0.12575
3893.5,0.13039
3894.4,0.13389
3895.3,0.13676
3896.2,0.13799
3897.1,0.13979
3898.0,0.14135
3898.9,0.14256
3899.8,0.14318
3900.7,0.14289
3901.6,0.14371
3902.51,0.14235
3903.41,0.14139
3904.31,0.14041
3905.21,0.13866
3906.11,0.13819
3907.01,0.13949
3907.91,0.14297
3908.81,0.14669
3909.71,0.15119
3910.61,0.1561
3911.51,0.15914
3912.41,0.16076
3913.31,0.16204
3914.21,0.16059
3915.11,0.15864
3916.01,0.15706
3916.91,0.15398
3917.81,0.15089
3918.71,0.14731
3919.61,0.14351
3920.51,0.13951
3921.41,0.13624
3922.31,0.13392
3923.21,0.13177
3924.11,0.13059
3925.01,0.12759
3925.91,0.12345
3926.81,0.11704
3927.71,0.10889
3928.61,0.098738
3929.51,0.087164
3930.41,0.076765
3931.31,0.066274
3932.21,0.05721
3933.11,0.050156
3934.01,0.046211
3934.91,0.045663
3935.81,0.048742
3936.71,0.055145
3937.61,0.063792
3938.51,0.074586
3939.42,0.085571
3940.32,0.095053
3941.22,0.10377
3942.12,0.11001
3943.02,0.11587
3943.92,0.11951
3944.82,0.12441
3945.72,0.12931
3946.62,0.13402
3947.52,0.13903
3948.42,0.14292
3949.32,0.14717
3950.22,0.15001
3951.12,0.15213
3952.02,0.15373
3952.92,0.15529
3953.82,0.15555
3954.72,0.15591
3955.62,0.15633
3956.52,0.15544
3957.42,0.1529
3958.32,0.15088
3959.22,0.14742
3960.12,0.14213
3961.02,0.13659
3961.92,0.12824
3962.82,0.11847
3963.72,0.10904
3964.62,0.098047
3965.52,0.088346
3966.42,0.077828
3967.32,0.068302
3968.22,0.060317
3969.12,0.055795
3970.02,0.054848
3970.92,0.058059
3971.82,0.065445
3972.72,0.07527
3973.62,0.086526
3974.52,0.098164
3975.42,0.11039
3976.32,0.1216
3977.22,0.13142
3978.13,0.14111
3979.03,0.14871
3979.93,0.1557
3980.83,0.16094
3981.73,0.16292
3982.63,0.16544
3983.53,0.16653
3984.43,0.16782
3985.33,0.16916
3986.23,0.17092
3987.13,0.17376
3988.03,0.17577
3988.93,0.17766
3989.83,0.18007
3990.73,0.1814
3991.63,0.18266
3992.53,0.18462
3993.43,0.18383
3994.33,0.1835
3995.23,0.18313
3996.13,0.18013
3997.03,0.17881
3997.93,0.17875
3998.83,0.17891
3999.73,0.18095
4000.63,0.18346
4001.53,0.18625
4002.43,0.18794
4003.33,0.18835
4004.23,0.18562
4005.13,0.18385
4006.03,0.1807
4006.93,0.17945
4007.83,0.17999
4008.73,0.18219
4009.63,0.18557
4010.53,0.18842
4011.43,0.19152
4012.33,0.1933
4013.23,0.19419
4014.13,0.19466
4015.03,0.19521
4015.93,0.19579
4016.84,0.19517
4017.74,0.19588
4018.64,0.19521
4019.54,0.19565
4020.44,0.1966
4021.34,0.19698
4022.24,0.19632
4023.14,0.19726
4024.04,0.19702
4024.94,0.19702
4025.84,0.19776
4026.74,0.19959
4027.64,0.2002
4028.54,0.19891
4029.44,0.19684
4030.34,0.19307
4031.24,0.1868
4032.14,0.18258
4033.04,0.17954
4033.94,0.17981
4034.84,0.18159
4035.74,0.18522
4036.64,0.19245
4037.54,0.19669
4038.44,0.2014
4039.34,0.20379
4040.24,0.20439
4041.14,0.20335
4042.04,0.20011
4042.94,0.19496
4043.84,0.18969
4044.74,0.18381
4045.64,0.17871
4046.54,0.17593
4047.44,0.17715
4048.34,0.18186
4049.24,0.1881
4050.14,0.1927
4051.04,0.19713
4051.94,0.19857
4052.84,0.19976
4053.74,0.1982
4054.65,0.19613
4055.55,0.19259
4056.45,0.19055
4057.35,0.19009
4058.25,0.1895
4059.15,0.19053
4060.05,0.19038
4060.95,0.18967
4061.85,0.1889
4062.75,0.18572
4063.65,0.18307
4064.55,0.18022
4065.45,0.17911
4066.35,0.18079
4067.25,0.18368
4068.15,0.18651
4069.05,0.18953
4069.95,0.19122
4070.85,0.19162
4071.75,0.19044
4072.65,0.19057
4073.55,0.18883
4074.45,0.18826
4075.35,0.18552
4076.25,0.18334
4077.15,0.18057
4078.05,0.17953
4078.95,0.18002
4079.85,0.18234
4080.75,0.18634
4081.65,0.19167
4082.55,0.19432
4083.45,0.19711
4084.35,0.19682
4085.25,0.19869
4086.15,0.20038
4087.05,0.20403
4087.95,0.20657
4088.85,0.21016
4089.75,0.21301
4090.65,0.21315
4091.55,0.21384
4092.45,0.21191
4093.36,0.20879
4094.26,0.20616
4095.16,0.2025
4096.06,0.19757
4096.96,0.19345
4097.86,0.18759
4098.76,0.18188
4099.66,0.17529
4100.56,0.169
4101.46,0.16371
4102.36,0.16051
4103.26,0.16055
4104.16,0.16487
4105.06,0.16957
4105.96,0.17737
4106.86,0.18345
4107.76,0.18954
4108.66,0.19297
4109.56,0.19443
4110.46,0.19555
4111.36,0.19718
4112.26,0.19827
4113.16,0.19991
4114.06,0.20275
4114.96,0.20445
4115.86,0.20612
4116.76,0.20664
4117.66,0.20683
4118.56,0.2047
4119.46,0.20331
4120.36,0.20206
4121.26,0.20138
4122.16,0.2014
4123.06,0.20092
4123.96,0.20196
4124.86,0.20327
4125.76,0.20369
4126.66,0.20299
4127.56,0.20243
4128.46,0.2006
4129.36,0.19902
4130.26,0.19613
4131.17,0.19421
4132.06,0.19173
4132.97,0.1899
4133.87,0.19014
4134.77,0.19032
4135.67,0.19388
4136.57,0.19808
4137.47,0.20237
4138.37,0.20523
4139.27,0.2074
4140.17,0.20785
4141.07,0.20502
4141.97,0.20092
4142.87,0.19697
4143.77,0.1931
4144.67,0.19063
4145.57,0.19044
4146.47,0.19293
4147.37,0.19562
4148.27,0.19751
4149.17,0.19951
4150.07,0.20087
4150.97,0.20043
4151.87,0.1992
4152.77,0.19834
4153.67,0.19741
4154.57,0.19595
4155.47,0.1956
4156.37,0.19636
4157.27,0.19805
4158.17,0.19904
4159.07,0.20179
4159.97,0.20466
4160.87,0.2075
4161.77,0.20908
4162.67,0.21012
4163.57,0.21125
4164.47,0.21062
4165.37,0.2096
4166.27,0.20916
4167.17,0.20716
4168.07,0.20543
4168.98,0.20344
4169.88,0.20104
4170.78,0.19776
4171.68,0.19409
4172.58,0.19118
4173.48,0.18874
4174.38,0.18651
4175.28,0.18616
4176.18,0.18785
4177.08,0.18878
4177.98,0.19136
4178.88,0.19394
4179.78,0.19504
4180.68,0.19661
4181.58,0.19774
4182.48,0.19858
4183.38,0.19917
4184.28,0.19882
4185.18,0.19888
4186.08,0.19858
4186.98,0.19683
4187.88,0.19669
4188.78,0.19609
4189.68,0.1968
4190.58,0.19807
4191.48,0.20042
4192.38,0.20183
4193.28,0.20242
4194.18,0.20333
4195.08,0.20252
4195.98,0.20075
4196.88,0.19704
4197.78,0.19301
4198.68,0.18977
4199.58,0.187
4200.48,0.18609
4201.38,0.18603
4202.28,0.18681
4203.18,0.18893
4204.08,0.19046
4204.98,0.19348
4205.88,0.19663
4206.79,0.20002
4207.69,0.20314
4208.59,0.20559
4209.49,0.207
4210.39,0.20809
4211.29,0.2085
4212.19,0.20751
4213.09,0.20658
4213.99,0.20431
4214.89,0.2027
4215.79,0.20131
4216.69,0.20041
4217.59,0.2002
4218.49,0.20259
4219.39,0.20542
4220.29,0.20738
4221.19,0.20767
4222.09,0.20588
4222.99,0.20065
4223.89,0.19347
4224.79,0.18498
4225.69,0.17707
4226.59,0.17022
4227.49,0.16778
4228.39,0.16953
4229.29,0.1757
4230.19,0.18176
4231.09,0.18949
4231.99,0.19453
4232.89,0.19878
4233.79,0.19966
4234.69,0.1984
4235.59,0.19693
4236.49,0.19541
4237.39,0.19362
4238.29,0.1932
4239.19,0.19495
4240.09,0.19736
4240.99,0.19912
4241.89,0.20278
4242.79,0.2051
4243.69,0.20652
4244.59,0.20726
4245.5,0.20751
4246.4,0.20616
4247.3,0.2041
4248.2,0.20003
4249.1,0.19698
4250.0,0.19416
4250.9,0.19298
4251.8,0.19309
4252.7,0.19388
4253.6,0.19445
4254.5,0.19586
4255.4,0.19623
4256.3,0.19642
4257.2,0.19792
4258.1,0.19744
4259.0,0.19669
4259.9,0.19594
4260.8,0.19397
4261.7,0.19529
4262.6,0.19706
4263.5,0.20129
4264.4,0.20444
4265.3,0.20804
4266.2,0.2099
4267.1,0.20981
4268.0,0.20656
4268.9,0.20285
4269.8,0.19737
4270.7,0.19034
4271.6,0.18551
4272.5,0.18002
4273.4,0.17776
4274.3,0.17781
4275.2,0.18112
4276.1,0.18464
4277.0,0.1904
4277.9,0.19491
4278.8,0.19843
4279.7,0.19997
4280.6,0.20033
4281.5,0.19977
4282.4,0.19912
4283.31,0.19811
4284.21,0.19655
4285.11,0.1949
4286.01,0.19233
4286.91,0.18929
4287.81,0.1858
4288.71,0.18299
4289.61,0.17975
4290.51,0.17867
4291.41,0.17784
4292.31,0.18034
4293.21,0.18194
4294.11,0.18406
4295.01,0.18493
4295.91,0.18281
4296.81,0.17958
4297.71,0.17467
4298.61,0.16874
4299.51,0.16159
4300.41,0.15626
4301.31,0.15268
4302.21,0.14941
4303.11,0.14856
4304.01,0.14883
4304.91,0.14954
4305.81,0.14887
4306.71,0.14788
4307.61,0.1464
4308.51,0.1452
4309.41,0.14561
4310.31,0.14671
4311.21,0.15032
4312.11,0.15655
4313.01,0.1643
4313.91,0.17422
4314.81,0.18432
4315.71,0.19455
4316.61,0.20626
4317.51,0.21531
4318.41,0.22203
4319.31,0.22481
4320.21,0.22557
4321.12,0.22275
4322.02,0.21726
4322.92,0.20993
4323.82,0.20166
4324.72,0.19473
4325.62,0.18936
4326.52,0.18768
4327.42,0.19116
4328.32,0.19687
4329.22,0.20397
4330.12,0.21002
4331.02,0.21629
4331.92,0.21985
4332.82,0.22133
4333.72,0.22274
4334.62,0.22036
4335.52,0.21682
4336.42,0.21168
4337.32,0.20299
4338.22,0.19504
4339.12,0.18536
4340.02,0.17842
4340.92,0.17389
4341.82,0.17367
4342.72,0.17684
4343.62,0.18317
4344.52,0.19148
4345.42,0.19864
4346.32,0.20566
4347.22,0.21004
4348.12,0.21427
4349.02,0.21564
4349.92,0.21472
4350.82,0.2126
4351.72,0.2099
4352.62,0.2074
4353.52,0.20531
4354.42,0.20654
4355.32,0.2076
4356.22,0.21116
4357.12,0.21452
4358.02,0.2164
4358.92,0.21839
4359.83,0.2201
4360.73,0.22118
4361.63,0.22324
4362.53,0.226
4363.43,0.22752
4364.33,0.22921
4365.23,0.22993
4366.13,0.22966
4367.03,0.22675
4367.93,0.22626
4368.83,0.22335
4369.73,0.22106
4370.63,0.21916
4371.53,0.21821
4372.43,0.21604
4373.33,0.21262
4374.23,0.21196
4375.13,0.20932
4376.03,0.20967
4376.93,0.20999
4377.83,0.21245
4378.73,0.2143
4379.63,0.21495
4380.53,0.21375
4381.43,0.20988
4382.33,0.20345
4383.23,0.19726
4384.13,0.19066
4385.03,0.18751
4385.93,0.18809
4386.83,0.18992
4387.73,0.19437
4388.63,0.19975
4389.53,0.20388
4390.43,0.206
4391.33,0.20988
4392.23,0.21043
4393.13,0.21319
4394.03,0.21376
4394.93,0.21537
4395.83,0.21739
4396.73,0.21782
4397.64,0.21964
4398.54,0.21998
4399.44,0.21965
4400.34,0.219
4401.24,0.21739
4402.14,0.2148
4403.04,0.21228
4403.94,0.20988
4404.84,0.20789
4405.74,0.20576
4406.64,0.20557
4407.54,0.20705
4408.44,0.21001
4409.34,0.21393
4410.24,0.21807
4411.14,0.22179
4412.04,0.226
4412.94,0.2277
4413.84,0.22837
4414.74,0.22651
4415.64,0.22436
4416.54,0.22376
4417.44,0.22337
4418.34,0.22435
4419.24,0.2264
4420.14,0.2291
4421.04,0.23062
4421.94,0.23139
4422.84,0.23102
4423.74,0.23058
4424.64,0.2296
4425.54,0.22854
4426.44,0.22909
4427.34,0.2299
4428.24,0.22937
4429.14,0.2284
4430.04,0.22954
4430.94,0.22743
4431.84,0.22737
4432.74,0.22571
4433.64,0.22471
4434.54,0.22376
4435.45,0.22298
4436.35,0.22392
4437.25,0.2244
4438.15,0.22794
4439.05,0.23068
4439.95,0.23183
4440.85,0.23332
4441.75,0.23137
4442.65,0.22955
4443.55,0.22978
4444.45,0.22796
4445.35,0.23003
4446.25,0.23121
4447.15,0.23427
4448.05,0.23598
4448.95,0.23701
4449.85,0.23607
4450.75,0.23579
4451.65,0.23476
4452.55,0.23211
4453.45,0.22806
4454.35,0.22539
4455.25,0.2221
4456.15,0.21817
4457.05,0.21631
4457.95,0.21449
4458.85,0.21474
4459.75,0.21451
4460.65,0.21491
4461.55,0.21566
4462.45,0.21754
4463.35,0.22021
4464.25,0.22244
4465.15,0.22539
4466.05,0.22676
4466.95,0.22813
4467.85,0.22985
4468.75,0.22925
4469.65,0.23026
4470.55,0.23203
4471.45,0.23351
4472.35,0.23693
4473.25,0.23933
4474.16,0.24198
4475.06,0.24473
4475.96,0.24886
4476.86,0.2489
4477.76,0.24883
4478.66,0.24788
4479.56,0.24541
4480.46,0.24292
4481.36,0.24008
4482.26,0.23795
4483.16,0.23778
4484.06,0.23915
4484.96,0.24103
4485.86,0.24341
4486.76,0.24437
4487.66,0.2461
4488.56,0.24419
4489.46,0.24252
4490.36,0.24172
4491.26,0.24049
4492.16,0.23996
4493.06,0.23991
4493.96,0.24001
4494.86,0.23829
4495.76,0.23849
4496.66,0.24042
4497.56,0.24053
4498.46,0.24286
4499.36,0.24506
4500.26,0.24799
4501.16,0.24986
4502.06,0.2522
4502.96,0.25442
4503.86,0.2558
4504.76,0.25913
4505.66,0.26148
4506.56,0.2618
4507.46,0.26229
4508.36,0.26183
4509.26,0.26221
4510.17,0.26201
4511.06,0.25914
4511.97,0.25738
4512.87,0.2566
4513.77,0.25481
4514.67,0.25339
4515.57,0.25132
4516.47,0.25068
4517.37,0.25016
4518.27,0.24988
4519.17,0.24956
4520.07,0.2508
4520.97,0.24952
4521.87,0.24864
4522.77,0.24775
4523.67,0.24612
4524.57,0.24249
4525.47,0.23861
4526.37,0.23496
4527.27,0.23146
4528.17,0.22928
4529.07,0.22642
4529.97,0.22537
4530.87,0.22428
4531.77,0.22426
4532.67,0.22578
4533.57,0.22588
4534.47,0.22653
4535.37,0.22876
4536.27,0.23158
4537.17,0.23343
4538.07,0.23748
4538.97,0.24133
4539.87,0.24551
4540.77,0.24689
4541.67,0.2473
4542.57,0.24797
4543.47,0.24737
4544.37,0.24646
4545.27,0.2444
4546.17,0.24373
4547.07,0.24249
4547.97,0.24064
4548.88,0.23928
4549.77,0.23833
4550.68,0.23725
4551.58,0.23603
4552.48,0.23692
4553.38,0.2361
4554.28,0.23704
4555.18,0.2387
4556.08,0.24051
4556.98,0.24187
4557.88,0.24577
4558.78,0.24807
4559.68,0.25242
4560.58,0.25368
4561.48,0.25448
4562.38,0.25478
4563.28,0.25302
4564.18,0.25199
4565.08,0.25158
4565.98,0.25018
4566.88,0.25159
4567.78,0.25196
4568.68,0.25231
4569.58,0.25374
4570.48,0.25255
4571.38,0.25314
4572.28,0.25346
4573.18,0.25282
4574.08,0.25205
4574.98,0.25441
4575.88,0.25468
4576.78,0.25467
4577.68,0.25355
4578.58,0.2525
4579.48,0.25037
4580.38,0.24723
4581.28,0.24537
4582.18,0.244
4583.08,0.24291
4583.98,0.24309
4584.88,0.24367
4585.78,0.24513
4586.69,0.24624
4587.58,0.24877
4588.49,0.25039
4589.39,0.25108
4590.29,0.2517
4591.19,0.252
4592.09,0.25075
4592.99,0.25072
4593.89,0.24815
4594.79,0.24829
4595.69,0.24877
4596.59,0.24697
4597.49,0.24766
4598.39,0.24807
4599.29,0.24921
4600.19,0.24883
4601.09,0.24858
4601.99,0.2472
4602.89,0.24871
4603.79,0.24825
4604.69,0.24935
4605.59,0.25173
4606.49,0.25406
4607.39,0.25506
4608.29,0.25776
4609.19,0.25877
4610.09,0.26128
4610.99,0.2614
4611.89,0.2619
4612.79,0.26174
4613.69,0.26048
4614.59,0.26131
4615.49,0.25926
4616.39,0.25942
4617.29,0.26001
4618.19,0.25977
4619.09,0.25963
4619.99,0.25993
4620.89,0.25918
4621.79,0.26148
4622.69,0.26141
4623.59,0.26169
4624.5,0.26161
4625.4,0.26191
4626.3,0.26235
4627.2,0.26155
4628.1,0.26116
4629.0,0.26071
4629.9,0.26112
4630.8,0.26083
4631.7,0.25999
4632.6,0.25937
4633.5,0.26038
4634.4,0.25802
4635.3,0.25667
4636.2,0.25529
4637.1,0.25521
4638.0,0.25255
4638.9,0.2527
4639.8,0.25236
4640.7,0.25283
4641.6,0.25215
4642.5,0.25353
4643.4,0.25435
4644.3,0.25204
4645.2,0.25254
4646.1,0.24978
4647.0,0.24869
4647.9,0.2476
4648.8,0.24734
4649.7,0.24759
4650.6,0.24918
4651.5,0.25039
4652.4,0.25175
4653.3,0.25111
4654.2,0.25043
4655.1,0.25221
4656.0,0.25165
4656.9,0.25313
4657.8,0.25557
4658.7,0.25714
4659.6,0.26008
4660.5,0.26082
4661.4,0.2628
4662.3,0.26158
4663.21,0.26033
4664.11,0.25779
4665.01,0.25409
4665.91,0.24948
4666.81,0.24529
4667.71,0.24332
4668.61,0.24128
4669.51,0.24118
4670.41,0.24259
4671.31,0.24402
4672.21,0.24776
4673.11,0.25056
4674.01,0.25254
4674.91,0.25481
4675.81,0.25583
4676.71,0.25646
4677.61,0.25581
4678.51,0.25667
4679.41,0.25365
4680.31,0.25341
4681.21,0.25231
4682.11,0.25202
4683.01,0.25224
4683.91,0.25211
4684.81,0.25302
4685.71,0.2544
4686.61,0.2545
4687.51,0.25596
4688.41,0.25576
4689.31,0.256
4690.21,0.2563
4691.11,0.25624
4692.01,0.25662
4692.91,0.25738
4693.81,0.25818
4694.71,0.26039
4695.61,0.26069
4696.51,0.26058
4697.41,0.26118
4698.31,0.25855
4699.21,0.2579
4700.12,0.25424
4701.02,0.25272
4701.92,0.25078
4702.82,0.24822
4703.72,0.24785
4704.62,0.2482
4705.52,0.2468
4706.42,0.24794
4707.32,0.24843
4708.22,0.24786
4709.12,0.24777
4710.02,0.24739
4710.92,0.24926
4711.82,0.25154
4712.72,0.25274
4713.62,0.25563
4714.52,0.25564
4715.42,0.25723
4716.32,0.25804
4717.22,0.25961
4718.12,0.26151
4719.02,0.26311
4719.92,0.26478
4720.82,0.26553
4721.72,0.26643
4722.62,0.26729
4723.52,0.26667
4724.42,0.26596
4725.32,0.26486
4726.22,0.2623
4727.12,0.26166
4728.02,0.25804
4728.92,0.25593
4729.82,0.25396
4730.72,0.25382
4731.62,0.25303
4732.52,0.25297
4733.42,0.25359
4734.32,0.25575
4735.22,0.25642
4736.12,0.25822
4737.02,0.2581
4737.92,0.25841
4738.83,0.25936
4739.73,0.25884
4740.63,0.26024
4741.53,0.26037
4742.43,0.26115
4743.33,0.26304
4744.23,0.26258
4745.13,0.26379
4746.03,0.26337
4746.93,0.2645
4747.83,0.2656
4748.73,0.26619
4749.63,0.26674
4750.53,0.26572
4751.43,0.2647
4752.33,0.26499
4753.23,0.26392
4754.13,0.26225
4755.03,0.26116
4755.93,0.26032
4756.83,0.25916
4757.73,0.2571
4758.63,0.25821
4759.53,0.25859
4760.43,0.25681
4761.33,0.25477
4762.23,0.25441
4763.13,0.25222
4764.03,0.25105
4764.93,0.24985
4765.83,0.2487
4766.73,0.24862
4767.63,0.24905
4768.53,0.25052
4769.43,0.25308
4770.33,0.25448
4771.23,0.25644
4772.13,0.25896
4773.03,0.25898
4773.93,0.26064
4774.83,0.26179
4775.73,0.26232
4776.64,0.26379
4777.54,0.26445
4778.44,0.26375
4779.34,0.26429
4780.24,0.26268
4781.14,0.26107
4782.04,0.26161
4782.94,0.25947
4783.84,0.25819
4784.74,0.25653
4785.64,0.25521
4786.54,0.25388
4787.44,0.25478
4788.34,0.25352
4789.24,0.25494
4790.14,0.2536
4791.04,0.25501
4791.94,0.25799
4792.84,0.25996
4793.74,0.26243
4794.64,0.26377
4795.54,0.26612
4796.44,0.26691
4797.34,0.26643
4798.24,0.26489
4799.14,0.26478
4800.04,0.26438
4800.94,0.26261
4801.84,0.26274
4802.74,0.26275
4803.64,0.26311
4804.54,0.26302
4805.44,0.26273
4806.34,0.26301
4807.24,0.26181
4808.14,0.26091
4809.04,0.2602
4809.94,0.26089
4810.84,0.26127
4811.74,0.26172
4812.64,0.2632
4813.54,0.26353
4814.45,0.26645
4815.35,0.26606
4816.25,0.2672
4817.15,0.26714
4818.05,0.26849
4818.95,0.26953
4819.85,0.26868
4820.75,0.26835
4821.65,0.26651
4822.55,0.26502
4823.45,0.26458
4824.35,0.26278
4825.25,0.26081
4826.15,0.26105
4827.05,0.26177
4827.95,0.2615
4828.85,0.26137
4829.75,0.26139
4830.65,0.2605
4831.55,0.26029
4832.45,0.2606
4833.35,0.26036
4834.25,0.26145
4835.15,0.26099
4836.05,0.26126
4836.95,0.26207
4837.85,0.26159
4838.75,0.26142
4839.65,0.26003
4840.55,0.25832
4841.45,0.25805
4842.35,0.2575
4843.25,0.25749
4844.15,0.2589
4845.05,0.2593
4845.95,0.26036
4846.85,0.26005
4847.75,0.2612
4848.65,0.26003
4849.55,0.25951
4850.45,0.25976
4851.35,0.25925
4852.26,0.25798
4853.16,0.2561
4854.06,0.25421
4854.96,0.25106
4855.86,0.24743
4856.76,0.24306
4857.66,0.23858
4858.56,0.23284
4859.46,0.22617
4860.36,0.22012
4861.26,0.21564
4862.16,0.21172
4863.06,0.21147
4863.96,0.21488
4864.86,0.21854
4865.76,0.22416
4866.66,0.23104
4867.56,0.23645
4868.46,0.24012
4869.36,0.24191
4870.26,0.24224
4871.16,0.24183
4872.06,0.24293
4872.96,0.24314
4873.86,0.24302
4874.76,0.24587
4875.66,0.24742
4876.56,0.24976
4877.46,0.25193
4878.36,0.25418
4879.26,0.25533
4880.16,0.25574
4881.06,0.258
4881.96,0.25697
4882.86,0.25638
4883.76,0.25633
4884.66,0.25423
4885.56,0.25221
4886.46,0.25213
4887.36,0.25005
4888.26,0.24935
4889.17,0.24839
4890.07,0.24665
4890.97,0.24721
4891.87,0.25034
4892.77,0.25232
4893.67,0.25581
4894.57,0.25941
4895.47,0.26492
4896.37,0.26887
4897.27,0.27208
4898.17,0.27335
4899.07,0.27219
4899.97,0.271
4900.87,0.27026
4901.77,0.26929
4902.67,0.26805
4903.57,0.26606
4904.47,0.26597
4905.37,0.26616
4906.27,0.26602
4907.17,0.26519
4908.07,0.26538
4908.97,0.26381
4909.87,0.26149
4910.77,0.26146
4911.67,0.2605
4912.57,0.26086
4913.47,0.26055
4914.37,0.26192
4915.27,0.26077
4916.17,0.26032
4917.07,0.25999
4917.97,0.25549
4918.87,0.25225
4919.77,0.24908
4920.67,0.246
4921.57,0.24438
4922.47,0.24537
4923.37,0.24585
4924.27,0.24822
4925.17,0.25122
4926.07,0.2552
4926.98,0.25896
4927.88,0.26215
4928.78,0.26565
4929.68,0.26631
4930.58,0.26689
4931.48,0.26919
4932.38,0.26627
4933.28,0.26491
4934.18,0.2613
4935.08,0.25894
4935.98,0.25662
4936.88,0.25522
4937.78,0.25336
4938.68,0.25349
4939.58,0.25475
4940.48,0.25591
4941.38,0.25741
4942.28,0.26039
4943.18,0.26301
4944.08,0.26574
4944.98,0.26857
4945.88,0.27055
4946.78,0.27169
4947.68,0.27284
4948.58,0.27235
4949.48,0.27357
4950.38,0.27408
4951.28,0.27369
4952.18,0.27303
4953.08,0.27008
4953.98,0.2684
4954.88,0.26591
4955.78,0.26128
4956.68,0.25862
4957.58,0.25522
4958.48,0.25411
4959.38,0.25288
4960.28,0.25434
4961.18,0.25601
4962.08,0.25848
4962.98,0.26043
4963.88,0.26032
4964.79,0.26123
4965.69,0.26012
4966.59,0.25949
4967.49,0.25768
4968.39,0.2578
4969.29,0.25644
4970.19,0.25837
4971.09,0.25919
4971.99,0.25852
4972.89,0.26168
4973.79,0.26332
4974.69,0.26399
4975.59,0.2642
4976.49,0.26466
4977.39,0.26212
4978.29,0.26113
4979.19,0.25837
4980.09,0.25486
4980.99,0.25085
4981.89,0.24811
4982.79,0.24576
4983.69,0.24327
4984.59,0.24111
4985.49,0.2432
4986.39,0.24454
4987.29,0.24768
4988.19,0.24993
4989.09,0.25188
4989.99,0.25336
4990.89,0.2554
4991.79,0.25522
4992.69,0.25603
4993.59,0.25652
4994.49,0.25606
4995.39,0.25731
4996.29,0.25697
4997.19,0.25772
4998.09,0.25696
4998.99,0.25479
4999.89,0.2537
5000.79,0.25055
5001.7,0.25018
5002.6,0.24788
5003.5,0.24606
5004.4,0.24634
5005.3,0.24436
5006.2,0.24389
5007.1,0.24461
5008.0,0.24464
5008.9,0.24464
5009.8,0.24559
5010.7,0.24502
5011.6,0.24382
5012.5,0.24267
5013.4,0.24118
5014.3,0.23899
5015.2,0.23891
5016.1,0.23926
5017.0,0.23871
5017.9,0.23954
5018.8,0.24098
5019.7,0.24294
5020.6,0.24353
5021.5,0.2445
5022.4,0.24683
5023.3,0.24669
5024.2,0.24741
5025.1,0.24822
5026.0,0.24941
5026.9,0.25089
5027.8,0.2519
5028.7,0.25374
5029.6,0.25453
5030.5,0.25603
5031.4,0.25702
5032.3,0.25873
5033.2,0.25836
5034.1,0.25771
5035.0,0.25671
5035.9,0.25372
5036.8,0.25141
5037.7,0.24771
5038.6,0.24458
5039.5,0.24093
5040.41,0.23987
5041.31,0.23763
5042.21,0.23874
5043.11,0.24115
5044.01,0.24412
5044.91,0.24659
5045.81,0.25103
5046.71,0.25329
5047.61,0.25557
5048.51,0.25689
5049.41,0.2553
5050.31,0.25361
5051.21,0.25272
5052.11,0.25297
5053.01,0.25496
5053.91,0.25596
5054.81,0.25784
5055.71,0.26028
5056.61,0.26249
5057.51,0.26416
5058.41,0.26554
5059.31,0.26698
5060.21,0.26628
5061.11,0.26541
5062.01,0.26463
5062.91,0.26365
5063.81,0.26092
5064.71,0.25877
5065.61,0.25664
5066.51,0.25494
5067.41,0.25428
5068.31,0.25235
5069.21,0.25211
5070.11,0.25352
5071.01,0.25299
5071.91,0.25322
5072.81,0.25361
5073.71,0.2533
5074.61,0.25406
5075.51,0.25331
5076.42,0.25281
5077.31,0.25011
5078.21,0.24947
5079.12,0.24645
5080.02,0.24465
5080.92,0.24227
5081.82,0.24228
5082.72,0.2424
5083.62,0.24344
5084.52,0.24604
5085.42,0.24789
5086.32,0.25041
5087.22,0.25235
5088.12,0.25587
5089.02,0.25668
5089.92,0.25744
5090.82,0.25996
5091.72,0.25974
5092.62,0.26138
5093.52,0.26063
5094.42,0.26025
5095.32,0.25922
5096.22,0.25687
5097.12,0.25409
5098.02,0.25328
5098.92,0.25084
5099.82,0.24965
5100.72,0.24941
5101.62,0.24946
5102.52,0.25082
5103.42,0.25105
5104.32,0.25172
5105.22,0.25108
5106.12,0.25099
5107.02,0.25014
5107.92,0.24739
5108.82,0.248
5109.72,0.24793
5110.62,0.24738
5111.52,0.24907
5112.42,0.2497
5113.32,0.25324
5114.22,0.2545
5115.12,0.25602
5116.03,0.25825
5116.93,0.25923
5117.83,0.26124
5118.73,0.26076
5119.63,0.26054
5120.53,0.25933
5121.43,0.25603
5122.33,0.25439
5123.23,0.25119
5124.13,0.24779
5125.03,0.24638
5125.93,0.24419
5126.83,0.24283
5127.73,0.24193
5128.63,0.24171
5129.53,0.24384
5130.43,0.24436
5131.33,0.24572
5132.23,0.24662
5133.13,0.24805
5134.03,0.24929
5134.93,0.25094
5135.83,0.25119
5136.73,0.25109
5137.63,0.24993
5138.53,0.24789
5139.43,0.24743
5140.33,0.24579
5141.23,0.24405
5142.13,0.24365
5143.03,0.24309
5143.93,0.24233
5144.83,0.2426
5145.73,0.24294
5146.63,0.24288
5147.53,0.24299
5148.43,0.24396
5149.33,0.2443
5150.23,0.24438
5151.13,0.24366
5152.03,0.24343
5152.94,0.24352
5153.84,0.24418
5154.74,0.24624
5155.64,0.24816
5156.54,0.25039
5157.44,0.25319
5158.34,0.25516
5159.24,0.25697
5160.14,0.25774
5161.04,0.25679
5161.94,0.25527
5162.84,0.2522
5163.74,0.24713
5164.64,0.242
5165.54,0.23499
5166.44,0.22837
5167.34,0.22103
5168.24,0.21534
5169.14,0.20973
5170.04,0.20612
5170.94,0.20488
5171.84,0.20427
5172.74,0.20523
5173.64,0.20821
5174.54,0.21182
5175.44,0.21725
5176.34,0.22205
5177.24,0.22793
5178.14,0.23156
5179.04,0.23426
5179.94,0.23474
5180.84,0.23272
5181.74,0.22835
5182.64,0.22425
5183.54,0.2205
5184.44,0.2184
5185.34,0.21898
5186.24,0.22089
5187.14,0.22521
5188.04,0.22931
5188.94,0.23319
5189.84,0.23629
5190.75,0.24012
5191.65,0.24121
5192.55,0.24024
5193.45,0.2409
5194.35,0.24129
5195.25,0.24204
5196.15,0.24254
5197.05,0.24449
5197.95,0.2454
5198.85,0.24838
5199.75,0.24936
5200.65,0.25054
5201.55,0.25044
5202.45,0.24877
5203.35,0.24655
5204.25,0.24451
5205.15,0.24118
5206.05,0.23724
5206.95,0.23595
5207.85,0.23366
5208.75,0.23468
5209.65,0.23471
5210.55,0.23648
5211.45,0.23961
5212.35,0.24365
5213.25,0.24693
5214.15,0.24982
5215.05,0.25203
5215.95,0.25336
5216.85,0.2552
5217.75,0.25609
5218.65,0.25639
5219.55,0.25818
5220.45,0.2589
5221.35,0.25807
5222.25,0.25798
5223.15,0.25607
5224.05,0.25424
5224.95,0.25018
5225.85,0.2477
5226.75,0.24434
5227.66,0.24337
5228.56,0.24412
5229.46,0.24564
5230.36,0.24598
5231.26,0.24978
5232.16,0.25025
5233.06,0.25269
5233.96,0.25503
5234.86,0.25616
5235.76,0.25777
5236.66,0.25961
5237.56,0.26111
5238.46,0.26426
5239.36,0.26394
5240.26,0.26601
5241.16,0.26678
5242.06,0.26632
5242.96,0.26849
5243.86,0.26684
5244.76,0.26488
5245.66,0.26458
5246.56,0.2622
5247.46,0.26022
5248.36,0.25776
5249.26,0.25597
5250.16,0.25541
5251.06,0.25445
5251.96,0.25383
5252.86,0.25444
5253.76,0.25535
5254.66,0.25654
5255.56,0.25825
5256.46,0.26061
5257.36,0.2612
5258.26,0.26316
5259.16,0.26178
5260.06,0.26096
5260.96,0.25874
5261.86,0.25591
5262.76,0.25068
5263.66,0.24591
5264.56,0.24122
5265.47,0.23747
5266.37,0.23393
5267.27,0.23126
5268.17,0.22999
5269.07,0.22904
5269.97,0.2285
5270.87,0.23138
5271.77,0.23327
5272.67,0.2362
5273.57,0.24026
5274.47,0.24301
5275.37,0.24797
5276.27,0.25112
5277.17,0.25516
5278.07,0.25889
5278.97,0.26015
5279.87,0.26147
5280.77,0.26236
5281.67,0.26273
5282.57,0.26113
5283.47,0.26141
5284.37,0.26295
5285.27,0.26334
5286.17,0.26632
5287.07,0.26723
5287.97,0.26981
5288.87,0.27113
5289.77,0.27437
5290.67,0.27565
5291.57,0.2756
5292.47,0.27393
5293.37,0.27302
5294.27,0.2709
5295.17,0.2688
5296.07,0.2652
5296.97,0.26281
5297.87,0.26052
5298.77,0.25913
5299.67,0.25784
5300.57,0.25792
5301.48,0.25866
5302.38,0.262
5303.27,0.26345
5304.18,0.26592
5305.08,0.2687
5305.98,0.27081
5306.88,0.27204
5307.78,0.27423
5308.68,0.27453
5309.58,0.27548
5310.48,0.2763
5311.38,0.27684
5312.28,0.27585
5313.18,0.27599
5314.08,0.27613
5314.98,0.27417
5315.88,0.27427
5316.78,0.27113
5317.68,0.26987
5318.58,0.26992
5319.48,0.27016
5320.38,0.26862
5321.28,0.26724
5322.18,0.26527
5323.08,0.26373
5323.98,0.26129
5324.88,0.25801
5325.78,0.25536
5326.68,0.25183
5327.58,0.24926
5328.48,0.24592
5329.38,0.24589
5330.28,0.24533
5331.18,0.24796
5332.08,0.25104
5332.98,0.25458
5333.88,0.25676
5334.78,0.26096
5335.68,0.26293
5336.58,0.26493
5337.48,0.2652
5338.38,0.2637
5339.28,0.263
5340.19,0.26311
5341.08,0.2631
5341.99,0.26175
5342.89,0.26042
5343.79,0.26212
5344.69,0.26196
5345.59,0.2623
5346.49,0.26383
5347.39,0.26385
5348.29,0.26399
5349.19,0.26427
5350.09,0.26449
5350.99,0.26621
5351.89,0.26831
5352.79,0.27127
5353.69,0.27216
5354.59,0.27413
5355.49,0.27628
5356.39,0.27905
5357.29,0.27875
5358.19,0.27938
5359.09,0.27904
5359.99,0.2794
5360.89,0.27846
5361.79,0.27628
5362.69,0.27481
5363.59,0.2726
5364.49,0.26989
5365.39,0.26939
5366.29,0.26752
5367.19,0.26442
5368.09,0.26257
5368.99,0.26047
5369.89,0.2596
5370.79,0.2586
5371.69,0.25932
5372.59,0.25887
5373.49,0.2606
5374.39,0.26297
5375.29,0.26513
5376.19,0.26823
5377.09,0.27066
5378.0,0.27266
5378.9,0.27298
5379.8,0.2716
5380.7,0.27353
5381.6,0.27243
5382.5,0.27247
5383.4,0.27127
5384.3,0.27098
5385.2,0.27138
5386.1,0.26996
5387.0,0.27014
5387.9,0.26952
5388.8,0.26936
5389.7,0.26654
5390.6,0.26589
5391.5,0.26562
5392.4,0.26317
5393.3,0.261
5394.2,0.26011
5395.1,0.25859
5396.0,0.25806
5396.9,0.25691
5397.8,0.25627
5398.7,0.25641
5399.6,0.25653
5400.5,0.25769
5401.4,0.25761
5402.3,0.257
5403.2,0.25756
5404.1,0.25607
5405.0,0.25382
5405.9,0.25334
5406.8,0.25153
5407.7,0.25171
5408.6,0.25092
5409.5,0.2522
5410.4,0.25397
5411.3,0.25584
5412.2,0.25799
5413.1,0.26042
5414.0,0.26271
5414.9,0.2657
5415.81,0.26738
5416.71,0.26844
5417.61,0.26915
5418.51,0.26949
5419.41,0.26995
5420.31,0.2705
5421.21,0.27011
5422.11,0.26929
5423.01,0.26938
5423.91,0.26888
5424.81,0.26822
5425.71,0.26677
5426.61,0.26603
5427.51,0.26592
5428.41,0.26425
5429.31,0.26311
5430.21,0.26212
5431.11,0.26044
5432.01,0.25921
5432.91,0.25813
5433.81,0.25903
5434.71,0.25766
5435.61,0.25943
5436.51,0.26018
5437.41,0.26228
5438.31,0.26403
5439.21,0.26655
5440.11,0.26832
5441.01,0.27122
5441.91,0.27169
5442.81,0.27246
5443.71,0.2719
5444.61,0.27045
5445.51,0.26701
5446.41,0.26423
5447.31,0.26387
5448.21,0.26148
5449.11,0.26273
5450.01,0.26185
5450.91,0.26202
5451.81,0.26451
5452.72,0.26252
5453.62,0.26278
5454.52,0.26261
5455.42,0.26271
5456.32,0.26098
5457.22,0.2606
5458.12,0.26078
5459.02,0.26102
5459.92,0.26082
5460.82,0.2622
5461.72,0.26301
5462.62,0.26363
5463.52,0.26223
5464.42,0.26382
5465.32,0.26339
5466.22,0.26369
5467.12,0.2643
5468.02,0.26534
5468.92,0.26465
5469.82,0.26446
5470.72,0.26432
5471.62,0.26365
5472.52,0.26277
5473.42,0.26182
5474.32,0.25969
5475.22,0.25806
5476.12,0.25792
5477.02,0.25525
5477.92,0.25511
5478.82,0.25498
5479.72,0.25715
5480.62,0.25608
5481.52,0.25688
5482.42,0.25962
5483.32,0.26067
5484.22,0.26027
5485.12,0.26308
5486.02,0.26298
5486.92,0.2654
5487.82,0.2659
5488.72,0.26575
5489.62,0.26584
5490.53,0.26452
5491.43,0.26504
5492.33,0.2661
5493.23,0.2659
5494.13,0.26616
5495.03,0.26687
5495.93,0.26667
5496.83,0.26539
5497.73,0.26463
5498.63,0.26483
5499.53,0.26451
5500.43,0.26437
5501.33,0.26423
5502.23,0.26378
5503.13,0.26213
5504.03,0.26189
5504.93,0.26147
5505.83,0.26152
5506.73,0.26186
5507.63,0.26113
5508.53,0.26059
5509.43,0.26138
5510.33,0.26045
5511.23,0.25947
5512.13,0.25897
5513.03,0.25997
5513.93,0.25937
5514.83,0.2608
5515.73,0.26128
5516.63,0.26259
5517.53,0.26398
5518.43,0.26603
5519.33,0.26818
5520.23,0.26834
5521.13,0.2696
5522.03,0.27081
5522.93,0.26971
5523.83,0.26952
5524.73,0.268
5525.63,0.26687
5526.54,0.26519
5527.44,0.26396
5528.33,0.26218
5529.24,0.26221
5530.14,0.26197
5531.04,0.26235
5531.94,0.26313
5532.84,0.2642
5533.74,0.2657
5534.64,0.26515
5535.54,0.26698
5536.44,0.26752
5537.34,0.26715
5538.24,0.26839
5539.14,0.26816
5540.04,0.27021
5540.94,0.26959
5541.84,0.27097
5542.74,0.27025
5543.64,0.27035
5544.54,0.27164
5545.44,0.27045
5546.34,0.27116
5547.24,0.27052
5548.14,0.2712
5549.04,0.27299
5549.94,0.27205
5550.84,0.27164
5551.74,0.27264
5552.64,0.27174
5553.54,0.27081
5554.44,0.27049
5555.34,0.27145
5556.24,0.26981
5557.14,0.26905
5558.04,0.26867
5558.94,0.26851
5559.84,0.26866
5560.74,0.26746
5561.64,0.26738
5562.54,0.26675
5563.44,0.26506
5564.34,0.2643
5565.25,0.26342
5566.15,0.26355
5567.05,0.26349
5567.95,0.26166
5568.85,0.26233
5569.75,0.26221
5570.65,0.26166
5571.55,0.26202
5572.45,0.26195
5573.35,0.26351
5574.25,0.26314
5575.15,0.26417
5576.05,0.26451
5576.95,0.26557
5577.85,0.26648
5578.75,0.26641
5579.65,0.26614
5580.55,0.26629
5581.45,0.26662
5582.35,0.26684
5583.25,0.26555
5584.15,0.26376
5585.05,0.26057
5585.95,0.25982
5586.85,0.25774
5587.75,0.25444
5588.65,0.25384
5589.55,0.25187
5590.45,0.25279
5591.35,0.25233
5592.25,0.25304
5593.15,0.25396
5594.05,0.25656
5594.95,0.25633
5595.85,0.25673
5596.75,0.25732
5597.65,0.25848
5598.55,0.25862
5599.45,0.25671
5600.35,0.25767
5601.25,0.25758
5602.15,0.25675
5603.06,0.25791
5603.96,0.25902
5604.86,0.26087
5605.76,0.26449
5606.66,0.26523
5607.56,0.26723
5608.46,0.26948
5609.36,0.27041
5610.26,0.27107
5611.16,0.26995
5612.06,0.27001
5612.96,0.26867
5613.86,0.26644
5614.76,0.2659
5615.66,0.26383
5616.56,0.26191
5617.46,0.26165
5618.36,0.26084
5619.26,0.26017
5620.16,0.26099
5621.06,0.26244
5621.96,0.26328
5622.86,0.2622
5623.76,0.26231
5624.66,0.26261
5625.56,0.26193
5626.46,0.26371
5627.36,0.26395
5628.26,0.26395
5629.16,0.2641
5630.06,0.26651
5630.96,0.26817
5631.86,0.26914
5632.76,0.2689
5633.66,0.26855
5634.56,0.26801
5635.46,0.26683
5636.36,0.26604
5637.26,0.26601
5638.16,0.26435
5639.06,0.26466
5639.96,0.26431
5640.86,0.26234
5641.77,0.26234
5642.67,0.26304
5643.57,0.26272
5644.47,0.26348
5645.37,0.26542
5646.27,0.26443
5647.17,0.26617
5648.07,0.26556
5648.97,0.26673
5649.87,0.26658
5650.77,0.26661
5651.67,0.2677
5652.57,0.26714
5653.47,0.26709
5654.37,0.26525
5655.27,0.26499
5656.17,0.26295
5657.07,0.26099
5657.97,0.25906
5658.87,0.25885
5659.77,0.25617
5660.67,0.25736
5661.57,0.25682
5662.47,0.25776
5663.37,0.25802
5664.27,0.2599
5665.17,0.25978
5666.07,0.26139
5666.97,0.26137
5667.87,0.26299
5668.77,0.26295
5669.67,0.26334
5670.57,0.26485
5671.47,0.26572
5672.37,0.26694
5673.27,0.26789
5674.17,0.26793
5675.07,0.26889
5675.97,0.26945
5676.88,0.26859
5677.77,0.27057
5678.68,0.27042
5679.58,0.26903
5680.48,0.26873
5681.38,0.267
5682.28,0.26642
5683.18,0.26553
5684.08,0.26501
5684.98,0.26387
5685.88,0.2636
5686.78,0.26471
5687.68,0.26309
5688.58,0.26262
5689.48,0.2639
5690.38,0.26421
5691.28,0.26476
5692.18,0.26647
5693.08,0.26665
5693.98,0.26867
5694.88,0.2682
5695.78,0.26803
5696.68,0.2684
5697.58,0.26788
5698.48,0.26713
5699.38,0.26542
5700.28,0.2645
5701.18,0.26365
5702.08,0.26265
5702.98,0.26083
5703.88,0.26131
5704.78,0.26001
5705.68,0.26057
5706.58,0.2584
5707.48,0.25737
5708.38,0.25634
5709.28,0.25456
5710.18,0.25443
5711.08,0.25517
5711.98,0.25522
5712.88,0.25603
5713.78,0.25867
5714.68,0.26131
5715.59,0.26156
5716.49,0.26472
5717.39,0.26537
5718.29,0.26707
5719.19,0.26935
5720.09,0.27008
5720.99,0.26967
5721.89,0.27265
5722.79,0.27146
5723.69,0.2731
5724.59,0.27192
5725.49,0.27185
5726.39,0.27086
5727.29,0.27045
5728.19,0.27049
5729.09,0.26951
5729.99,0.26941
5730.89,0.26971
5731.79,0.26872
5732.69,0.26975
5733.59,0.26945
5734.49,0.27088
5735.39,0.27075
5736.29,0.27121
5737.19,0.2718
5738.09,0.2725
5738.99,0.27127
5739.89,0.27148
5740.79,0.27232
5741.69,0.27238
5742.59,0.27122
5743.49,0.27226
5744.39,0.27203
5745.29,0.27042
5746.19,0.27213
5747.09,0.27176
5747.99,0.27244
5748.89,0.27114
5749.79,0.27014
5750.69,0.26858
5751.59,0.26917
5752.5,0.26798
5753.4,0.26835
5754.3,0.26792
5755.2,0.26743
5756.1,0.26779
5757.0,0.26831
5757.9,0.26812
5758.8,0.26849
5759.7,0.2692
5760.6,0.26914
5761.5,0.26812
5762.4,0.26747
5763.3,0.26773
5764.2,0.26778
5765.1,0.26874
5766.0,0.27029
5766.9,0.27001
5767.8,0.27135
5768.7,0.2719
5769.6,0.27265
5770.5,0.27225
5771.4,0.27192
5772.3,0.27162
5773.2,0.27189
5774.1,0.27055
5775.0,0.27017
5775.9,0.27033
5776.8,0.26988
5777.7,0.26853
5778.6,0.26805
5779.5,0.26724
5780.4,0.26581
5781.3,0.26315
5782.2,0.26354
5783.1,0.26214
5784.0,0.2613
5784.9,0.2603
5785.8,0.26164
5786.7,0.26145
5787.6,0.26159
5788.5,0.26331
5789.41,0.26355
5790.31,0.2652
5791.21,0.2668
5792.11,0.26702
5793.01,0.2684
5793.91,0.26912
5794.81,0.26963
5795.71,0.27056
5796.61,0.27118
5797.51,0.27159
5798.41,0.27152
5799.31,0.2725
5800.21,0.27292
5801.11,0.27251
5802.01,0.27394
5802.91,0.27378
5803.81,0.27363
5804.71,0.27327
5805.61,0.27192
5806.51,0.27185
5807.41,0.27343
5808.31,0.27194
5809.21,0.2732
5810.11,0.27297
5811.01,0.27319
5811.91,0.27276
5812.81,0.27229
5813.71,0.27335
5814.61,0.27286
5815.51,0.27276
5816.41,0.27157
5817.31,0.27259
5818.21,0.27166
5819.11,0.27329
5820.01,0.27375
5820.91,0.27324
5821.81,0.27404
5822.71,0.27476
5823.61,0.27489
5824.51,0.2764
5825.41,0.27564
5826.31,0.27534
5827.22,0.2765
5828.12,0.27649
5829.02,0.2758
5829.92,0.27555
5830.82,0.27568
5831.72,0.27617
5832.62,0.27545
5833.52,0.27636
5834.42,0.27559
5835.32,0.27536
5836.22,0.27454
5837.12,0.27511
5838.02,0.27514
5838.92,0.27538
5839.82,0.27504
5840.72,0.27584
5841.62,0.27562
5842.52,0.27636
5843.42,0.27503
5844.32,0.27517
5845.22,0.27533
5846.12,0.27371
5847.02,0.27311
5847.92,0.27309
5848.82,0.27241
5849.72,0.27076
5850.62,0.26894
5851.52,0.26785
5852.42,0.26725
5853.32,0.26678
5854.22,0.26381
5855.12,0.26397
5856.02,0.2631
5856.92,0.2619
5857.82,0.26195
5858.72,0.2612
5859.62,0.2604
5860.52,0.26134
5861.42,0.26108
5862.32,0.26237
5863.23,0.26265
5864.12,0.2634
5865.03,0.26372
5865.93,0.26567
5866.83,0.26515
5867.73,0.2665
5868.63,0.26654
5869.53,0.26777
5870.43,0.26764
5871.33,0.26868
5872.23,0.26877
5873.13,0.26922
5874.03,0.2701
5874.93,0.26808
5875.83,0.26867
5876.73,0.26769
5877.63,0.26763
5878.53,0.26768
5879.43,0.26622
5880.33,0.26551
5881.23,0.26492
5882.13,0.2644
5883.03,0.26241
5883.93,0.26109
5884.83,0.25933
5885.73,0.25693
5886.63,0.25422
5887.53,0.2504
5888.43,0.24673
5889.33,0.24186
5890.23,0.23849
5891.13,0.23601
5892.03,0.23278
5892.93,0.23151
5893.83,0.23054
5894.73,0.23168
5895.63,0.23202
5896.53,0.23319
5897.43,0.23551
5898.33,0.23781
5899.23,0.24134
5900.13,0.24404
5901.04,0.24789
5901.94,0.25088
5902.83,0.2545
5903.74,0.25605
5904.64,0.25845
5905.54,0.25981
5906.44,0.26002
5907.34,0.26101
5908.24,0.26293
5909.14,0.2626
5910.04,0.26247
5910.94,0.26143
5911.84,0.26232
5912.74,0.26189
5913.64,0.26264
5914.54,0.26078
5915.44,0.26042
5916.34,0.25999
5917.24,0.26035
5918.14,0.25961
5919.04,0.25998
5919.94,0.26097
5920.84,0.26144
5921.74,0.26164
5922.64,0.26371
5923.54,0.26254
5924.44,0.26292
5925.34,0.2629
5926.24,0.26441
5927.14,0.26364
5928.04,0.26337
5928.94,0.26254
5929.84,0.26324
5930.74,0.2638
5931.64,0.26243
5932.54,0.26269
5933.44,0.26217
5934.34,0.26185
5935.24,0.26286
5936.14,0.26265
5937.04,0.26383
5937.94,0.2622
5938.85,0.26333
5939.75,0.26332
5940.65,0.26452
5941.55,0.2642
5942.45,0.26413
5943.35,0.26349
5944.25,0.26419
5945.15,0.26478
5946.05,0.26366
5946.95,0.2641
5947.85,0.26339
5948.75,0.26361
5949.65,0.26333
5950.55,0.26216
5951.45,0.26191
5952.35,0.26248
5953.25,0.26315
5954.15,0.26104
5955.05,0.26221
5955.95,0.26105
5956.85,0.26139
5957.75,0.26173
5958.65,0.26365
5959.55,0.26433
5960.45,0.26385
5961.35,0.26556
5962.25,0.2654
5963.15,0.26598
5964.05,0.26628
5964.95,0.26688
5965.85,0.26748
5966.75,0.26677
5967.65,0.26732
5968.55,0.26704
5969.45,0.26614
5970.35,0.26736
5971.25,0.26826
5972.15,0.26691
5973.05,0.26774
5973.95,0.26687
5974.85,0.26619
5975.75,0.26579
5976.65,0.26466
5977.56,0.26376
5978.46,0.26467
5979.36,0.26305
5980.26,0.26361
5981.16,0.26417
5982.06,0.26232
5982.96,0.26242
5983.86,0.26262
5984.76,0.26288
5985.66,0.26214
5986.56,0.26277
5987.46,0.2627
5988.36,0.26255
5989.26,0.2629
5990.16,0.26372
5991.06,0.26439
5991.96,0.26528
5992.86,0.2655
5993.76,0.26585
5994.66,0.26602
5995.56,0.26697
5996.46,0.26555
5997.36,0.26616
5998.26,0.26522
5999.16,0.26573
6000.06,0.26511
6000.96,0.26454
6001.86,0.26518
6002.76,0.26409
6003.66,0.26445
6004.56,0.26236
6005.46,0.2621
6006.36,0.26182
6007.26,0.26083
6008.16,0.26172
6009.06,0.26203
6009.96,0.26209
6010.86,0.26219
6011.76,0.2614
6012.67,0.26167
6013.56,0.26264
6014.47,0.26293
6015.37,0.2617
6016.27,0.26222
6017.17,0.26094
6018.07,0.26139
6018.97,0.26101
6019.87,0.26123
6020.77,0.26149
6021.67,0.26001
6022.57,0.26013
6023.47,0.26149
6024.37,0.26044
6025.27,0.2619
6026.17,0.26216
6027.07,0.26345
6027.97,0.26298
6028.87,0.26633
6029.77,0.26636
6030.67,0.26647
6031.57,0.26749
6032.47,0.26745
6033.37,0.26852
6034.27,0.26866
6035.17,0.26753
6036.07,0.26902
6036.97,0.2695
6037.87,0.26932
6038.77,0.26953
6039.67,0.26872
6040.57,0.26902
6041.47,0.26908
6042.37,0.26999
6043.27,0.27011
6044.17,0.26934
6045.07,0.27097
6045.97,0.2695
6046.87,0.27097
6047.77,0.27088
6048.67,0.27042
6049.57,0.2713
6050.47,0.27122
6051.38,0.27072
6052.28,0.27149
6053.18,0.27059
6054.08,0.27027
6054.98,0.26901
6055.88,0.26935
6056.78,0.26922
6057.68,0.26805
6058.58,0.26892
6059.48,0.26823
6060.38,0.26737
6061.28,0.26648
6062.18,0.2665
6063.08,0.26636
6063.98,0.26642
6064.88,0.266
6065.78,0.26606
6066.68,0.26632
6067.58,0.26682
6068.48,0.26655
6069.38,0.26808
6070.28,0.26937
6071.18,0.26968
6072.08,0.27133
6072.98,0.27052
6073.88,0.27176
6074.78,0.271
6075.68,0.27099
6076.58,0.27111
6077.48,0.27049
6078.38,0.26993
6079.28,0.26719
6080.18,0.26756
6081.08,0.26635
6081.98,0.26489
6082.88,0.26507
6083.78,0.26484
6084.68,0.2649
6085.58,0.26546
6086.48,0.26454
6087.38,0.265
6088.28,0.2643
6089.19,0.26443
6090.09,0.26434
6090.99,0.26343
6091.89,0.2642
6092.79,0.26429
6093.69,0.26491
6094.59,0.26527
6095.49,0.26559
6096.39,0.26486
6097.29,0.26527
6098.19,0.26455
6099.09,0.26635
6099.99,0.26488
6100.89,0.26432
6101.79,0.26303
6102.69,0.26222
6103.59,0.26235
6104.49,0.26182
6105.39,0.26141
6106.29,0.26189
6107.19,0.26277
6108.09,0.26315
6108.99,0.26429
6109.89,0.26502
6110.79,0.26648
6111.69,0.26729
6112.59,0.26638
6113.49,0.26776
6114.39,0.26769
6115.29,0.26751
6116.19,0.26723
6117.09,0.26714
6117.99,0.26561
6118.89,0.26641
6119.79,0.26347
6120.69,0.26291
6121.59,0.26272
6122.49,0.26096
6123.39,0.26104
6124.29,0.26079
6125.19,0.26157
6126.1,0.26172
6127.0,0.26149
6127.9,0.26226
6128.8,0.26289
6129.7,0.26322
6130.6,0.26381
6131.5,0.26318
6132.4,0.2633
6133.3,0.26171
6134.2,0.26091
6135.1,0.25948
6136.0,0.25853
6136.9,0.25788
6137.8,0.257
6138.7,0.25447
6139.6,0.25474
6140.5,0.25566
6141.4,0.25673
6142.3,0.2568
6143.2,0.25844
6144.1,0.25948
6145.0,0.26117
6145.9,0.26173
6146.8,0.26321
6147.7,0.26272
6148.6,0.26399
6149.5,0.26394
6150.4,0.2627
6151.3,0.26282
6152.2,0.26267
6153.1,0.26206
6154.0,0.26263
6154.9,0.26081
6155.8,0.26034
6156.7,0.26041
6157.6,0.25879
6158.5,0.25713
6159.4,0.25495
6160.3,0.25261
6161.2,0.2508
6162.1,0.24922
6163.01,0.24614
6163.91,0.24481
6164.81,0.24452
6165.71,0.24421
6166.61,0.24332
6167.51,0.24546
6168.41,0.2445
6169.31,0.24518
6170.21,0.24577
6171.11,0.24676
6172.01,0.2475
6172.91,0.24865
6173.81,0.24971
6174.71,0.25222
6175.61,0.25181
6176.51,0.25317
6177.41,0.25373
6178.31,0.25515
6179.21,0.25589
6180.11,0.25532
6181.01,0.25672
6181.91,0.25605
6182.81,0.25687
6183.71,0.25809
6184.61,0.25761
6185.51,0.25613
6186.41,0.25668
6187.31,0.25576
6188.21,0.2529
6189.11,0.25314
6190.01,0.25181
6190.91,0.25205
6191.81,0.25033
6192.71,0.25042
6193.61,0.24956
6194.51,0.25124
6195.41,0.25174
6196.31,0.25306
6197.21,0.2534
6198.11,0.25557
6199.01,0.255
6199.92,0.25472
6200.82,0.25417
6201.72,0.2559
6202.62,0.25639
6203.52,0.25648
6204.42,0.25718
6205.32,0.257
6206.22,0.25833
6207.12,0.25817
6208.02,0.25754
6208.92,0.25892
6209.82,0.25767
6210.72,0.25721
6211.62,0.25646
6212.52,0.25428
6213.42,0.25287
6214.32,0.25148
6215.22,0.25052
6216.12,0.24938
6217.02,0.24839
6217.92,0.24753
6218.82,0.24844
6219.72,0.24781
6220.62,0.2476
6221.52,0.24911
6222.42,0.2488
6223.32,0.24981
6224.22,0.24914
6225.12,0.25065
6226.02,0.24983
6226.92,0.24929
6227.82,0.24848
6228.72,0.2488
6229.62,0.24808
6230.52,0.24691
6231.42,0.2463
6232.32,0.24671
6233.22,0.24682
6234.12,0.24644
6235.02,0.24776
6235.92,0.24797
6236.83,0.24842
6237.73,0.24934
6238.63,0.25018
6239.53,0.24942
6240.43,0.24809
6241.33,0.24717
6242.23,0.24657
6243.13,0.24606
6244.03,0.24651
6244.93,0.24627
6245.83,0.24561
6246.73,0.24488
6247.63,0.24571
6248.53,0.24608
6249.43,0.24626
6250.33,0.24637
6251.23,0.24677
6252.13,0.24535
6253.03,0.24447
6253.93,0.24415
6254.83,0.24299
6255.73,0.24189
6256.63,0.24212
6257.53,0.24114
6258.43,0.24061
6259.33,0.24208
6260.23,0.242
6261.13,0.24262
6262.03,0.24509
6262.93,0.24539
6263.83,0.24708
6264.73,0.24765
6265.63,0.24964
6266.53,0.25038
6267.43,0.25001
6268.33,0.25127
6269.23,0.25133
6270.13,0.25149
6271.03,0.25296
6271.93,0.25328
6272.83,0.25299
6273.73,0.25348
6274.64,0.25331
6275.54,0.25425
6276.44,0.25365
6277.34,0.25299
6278.24,0.25307
6279.14,0.25297
6280.04,0.25367
6280.94,0.25275
6281.84,0.25177
6282.74,0.25275
6283.64,0.25262
6284.54,0.25332
6285.44,0.25538
6286.34,0.25471
6287.24,0.25445
6288.14,0.25729
6289.04,0.25579
6289.94,0.25594
6290.84,0.25735
6291.74,0.25597
6292.64,0.25537
6293.54,0.25486
6294.44,0.25509
6295.34,0.25374
6296.24,0.25298
6297.14,0.2524
6298.04,0.25188
6298.94,0.25108
6299.84,0.25014
6300.74,0.25056
6301.64,0.25029
6302.54,0.25072
6303.44,0.25091
6304.34,0.25128
6305.24,0.25194
6306.14,0.25383
6307.04,0.25418
6307.94,0.25408
6308.84,0.25547
6309.74,0.25634
6310.64,0.25536
6311.54,0.25579
6312.45,0.25466
6313.35,0.25396
6314.25,0.25344
6315.15,0.25334
6316.05,0.25233
6316.95,0.25165
6317.85,0.25147
6318.75,0.25095
6319.65,0.25178
6320.55,0.252
6321.45,0.25163
6322.35,0.25266
6323.25,0.25396
6324.15,0.25443
6325.05,0.2556
6325.95,0.25662
6326.85,0.25637
6327.75,0.25762
6328.65,0.25697
6329.55,0.25732
6330.45,0.2578
6331.35,0.25791
6332.25,0.25776
6333.15,0.25726
6334.05,0.2565
6334.95,0.25649
6335.85,0.25615
6336.75,0.25492
6337.65,0.25591
6338.55,0.25476
6339.45,0.25467
6340.35,0.25519
6341.25,0.25543
6342.15,0.25603
6343.05,0.25566
6343.95,0.25604
6344.85,0.25636
6345.75,0.25642
6346.65,0.2573
6347.55,0.2575
6348.46,0.25713
6349.35,0.25806
6350.26,0.25787
6351.16,0.25831
6352.06,0.2568
6352.96,0.25677
6353.86,0.25692
6354.76,0.25601
6355.66,0.256
6356.56,0.25408
6357.46,0.25318
6358.36,0.2529
6359.26,0.25197
6360.16,0.25097
6361.06,0.24982
6361.96,0.24982
6362.86,0.2498
6363.76,0.24993
6364.66,0.24989
6365.56,0.25173
6366.46,0.25329
6367.36,0.25341
6368.26,0.25501
6369.16,0.25546
6370.06,0.25746
6370.96,0.25763
6371.86,0.25814
6372.76,0.25798
6373.66,0.25864
6374.56,0.25914
6375.46,0.2606
6376.36,0.26019
6377.26,0.25988
6378.16,0.25862
6379.06,0.25916
6379.96,0.25791
6380.86,0.25744
6381.76,0.25721
6382.66,0.25734
6383.56,0.25677
6384.46,0.25763
6385.36,0.25719
6386.27,0.25749
6387.17,0.25744
6388.07,0.25706
6388.97,0.25744
6389.87,0.25735
6390.77,0.25727
6391.67,0.256
6392.57,0.25626
6393.47,0.25432
6394.37,0.2535
6395.27,0.25373
6396.17,0.25291
6397.07,0.25435
6397.97,0.25277
6398.87,0.25484
6399.77,0.25386
6400.67,0.25372
6401.57,0.25442
6402.47,0.2549
6403.37,0.25557
6404.27,0.25552
6405.17,0.25564
6406.07,0.256
6406.97,0.25832
6407.87,0.25693
6408.77,0.25726
6409.67,0.25714
6410.57,0.25709
6411.47,0.25619
6412.37,0.25704
6413.27,0.25641
6414.17,0.25581
6415.07,0.25626
6415.97,0.257
6416.87,0.25568
6417.77,0.25563
6418.67,0.25634
6419.57,0.25576
6420.47,0.25612
6421.37,0.25575
6422.27,0.25536
6423.17,0.25579
6424.08,0.25687
6424.98,0.25631
6425.88,0.25836
6426.78,0.2586
6427.68,0.25869
6428.58,0.25883
6429.48,0.2584
6430.38,0.25827
6431.28,0.25786
6432.18,0.25813
6433.08,0.25833
6433.98,0.25763
6434.88,0.25674
6435.78,0.25689
6436.68,0.25606
6437.58,0.25652
6438.48,0.25753
6439.38,0.25843
6440.28,0.25828
6441.18,0.25819
6442.08,0.25983
6442.98,0.25931
6443.88,0.26051
6444.78,0.2614
6445.68,0.26042
6446.58,0.26112
6447.48,0.25934
6448.38,0.25877
6449.28,0.25858
6450.18,0.25665
6451.08,0.25569
6451.98,0.25644
6452.88,0.2555
6453.78,0.25602
6454.68,0.25617
6455.58,0.25659
6456.48,0.25656
6457.38,0.25746
6458.28,0.2574
6459.18,0.25792
6460.08,0.25736
6460.98,0.25683
6461.89,0.25554
6462.79,0.25624
6463.69,0.25635
6464.59,0.25592
6465.49,0.25607
6466.39,0.25769
6467.29,0.25775
6468.19,0.25661
6469.09,0.25813
6469.99,0.25805
6470.89,0.25778
6471.79,0.25791
6472.69,0.25751
6473.59,0.25761
6474.49,0.25727
6475.39,0.25657
6476.29,0.25621
6477.19,0.25624
6478.09,0.25517
6478.99,0.25537
6479.89,0.2552
6480.79,0.25471
6481.69,0.2542
6482.59,0.25397
6483.49,0.25334
6484.39,0.25306
6485.29,0.2527
6486.19,0.25251
6487.09,0.25223
6487.99,0.25337
6488.89,0.2523
6489.79,0.25193
6490.69,0.2506
6491.59,0.24905
6492.49,0.24741
6493.39,0.24444
6494.29,0.24315
6495.19,0.24081
6496.09,0.23902
6496.99,0.23797
6497.9,0.23747
6498.79,0.23855
6499.7,0.2374
6500.6,0.23939
6501.5,0.24083
6502.4,0.24441
6503.3,0.24477
6504.2,0.24673
6505.1,0.24969
6506.0,0.24994
6506.9,0.25243
6507.8,0.25214
6508.7,0.25269
6509.6,0.25308
6510.5,0.25365
6511.4,0.25433
6512.3,0.25419
6513.2,0.25394
6514.1,0.25255
6515.0,0.2524
6515.9,0.2525
6516.8,0.25207
6517.7,0.25275
6518.6,0.25164
6519.5,0.25104
6520.4,0.25212
6521.3,0.25123
6522.2,0.25188
6523.1,0.25301
6524.0,0.25344
6524.9,0.25321
6525.8,0.25331
6526.7,0.25359
6527.6,0.25304
6528.5,0.25305
6529.4,0.2535
6530.3,0.25314
6531.2,0.25506
6532.1,0.25327
6533.0,0.25343
6533.9,0.25403
6534.8,0.25426
6535.71,0.25366
6536.61,0.25441
6537.51,0.25499
6538.41,0.25518
6539.31,0.2539
6540.21,0.25483
6541.11,0.2533
6542.01,0.25407
6542.91,0.25313
6543.81,0.2522
6544.71,0.2518
6545.61,0.24999
6546.51,0.24962
6547.41,0.24839
6548.31,0.24862
6549.21,0.24811
6550.11,0.24634
6551.01,0.24595
6551.91,0.24496
6552.81,0.24478
6553.71,0.24412
6554.61,0.24177
6555.51,0.24063
6556.41,0.2389
6557.31,0.2363
6558.21,0.23257
6559.11,0.22945
6560.01,0.22615
6560.91,0.22064
6561.81,0.21686
6562.71,0.21352
6563.61,0.21248
6564.51,0.21123
6565.41,0.21241
6566.31,0.21444
6567.21,0.21619
6568.11,0.2207
6569.01,0.22398
6569.91,0.22823
6570.81,0.23134
6571.71,0.23453
6572.61,0.23654
6573.52,0.23889
6574.42,0.24027
6575.32,0.24148
6576.22,0.24243
6577.12,0.24301
6578.02,0.24445
6578.92,0.24527
6579.82,0.24683
6580.72,0.2478
6581.62,0.24795
6582.52,0.24808
6583.42,0.24946
6584.32,0.25052
6585.22,0.2495
6586.12,0.25025
6587.02,0.25035
6587.92,0.25048
6588.82,0.25051
6589.72,0.24988
6590.62,0.24973
6591.52,0.24945
6592.42,0.24779
6593.32,0.24705
6594.22,0.24639
6595.12,0.24642
6596.02,0.24633
6596.92,0.24649
6597.82,0.24685
6598.72,0.24773
6599.62,0.24769
6600.52,0.2493
6601.42,0.24919
6602.32,0.2496
6603.22,0.24996
6604.12,0.24998
6605.02,0.24971
6605.92,0.2493
6606.82,0.24926
6607.72,0.24982
6608.62,0.24911
6609.52,0.24893
6610.43,0.24823
6611.33,0.24897
6612.23,0.24981
6613.13,0.24946
6614.03,0.25013
6614.93,0.25072
6615.83,0.25198
6616.73,0.25266
6617.63,0.25204
6618.53,0.25166
6619.43,0.25325
6620.33,0.25348
6621.23,0.25263
6622.13,0.25254
6623.03,0.2515
6623.93,0.25056
6624.83,0.25055
6625.73,0.25061
6626.63,0.25079
6627.53,0.25035
6628.43,0.24847
6629.33,0.24943
6630.23,0.24918
6631.13,0.24907
6632.03,0.24843
6632.93,0.24844
6633.83,0.24845
6634.73,0.24825
6635.63,0.24677
6636.53,0.2484
6637.43,0.24898
6638.33,0.24915
6639.23,0.24942
6640.13,0.2488
6641.03,0.24935
6641.93,0.24937
6642.83,0.24878
6643.73,0.24841
6644.63,0.24937
6645.53,0.24854
6646.43,0.24896
6647.34,0.24844
6648.24,0.24736
6649.14,0.24887
6650.04,0.24878
6650.94,0.24823
6651.84,0.24924
6652.74,0.2494
6653.64,0.24935
6654.54,0.24791
6655.44,0.24915
6656.34,0.24876
6657.24,0.24851
6658.14,0.24868
6659.04,0.24871
6659.94,0.2494
6660.84,0.24822
6661.74,0.24693
6662.64,0.24689
6663.54,0.2457
6664.44,0.24532
6665.34,0.24532
6666.24,0.24521
6667.14,0.24508
6668.04,0.24639
6668.94,0.24633
6669.84,0.24781
6670.74,0.24738
6671.64,0.24812
6672.54,0.24719
6673.44,0.24787
6674.34,0.24815
6675.24,0.24712
6676.14,0.24706
6677.04,0.24669
6677.94,0.24584
6678.84,0.24478
6679.74,0.24448
6680.64,0.24436
6681.54,0.24394
6682.44,0.2453
6683.34,0.24531
6684.24,0.24559
6685.15,0.2458
6686.05,0.24729
6686.95,0.24616
6687.85,0.2466
6688.75,0.24647
6689.65,0.24588
6690.55,0.24741
6691.45,0.24743
6692.35,0.24746
6693.25,0.24545
6694.15,0.24669
6695.05,0.24625
6695.95,0.24598
6696.85,0.24722
6697.75,0.24543
6698.65,0.24549
6699.55,0.24552
6700.45,0.24509
6701.35,0.2463
6702.25,0.24636
6703.15,0.24608
6704.05,0.24535
6704.95,0.24614
6705.85,0.24678
6706.75,0.2453
6707.65,0.24585
6708.55,0.24531
6709.45,0.24498
6710.35,0.24508
6711.25,0.24413
6712.15,0.24366
6713.05,0.24403
6713.95,0.2431
6714.85,0.24188
6715.75,0.24236
6716.65,0.24114
6717.55,0.24061
6718.45,0.23967
6719.35,0.23943
6720.25,0.24014
6721.16,0.23972
6722.06,0.24113
6722.96,0.24053
6723.86,0.24082
6724.76,0.24143
6725.66,0.24208
6726.56,0.24239
6727.46,0.24256
6728.36,0.24403
6729.26,0.24454
6730.16,0.24365
6731.06,0.2445
6731.96,0.24404
6732.86,0.24419
6733.76,0.24468
6734.66,0.2451
6735.56,0.24418
6736.46,0.24328
6737.36,0.24381
6738.26,0.24362
6739.16,0.24395
6740.06,0.24308
6740.96,0.24276
6741.86,0.24267
6742.76,0.24281
6743.66,0.24211
6744.56,0.2417
6745.46,0.24202
6746.36,0.24163
6747.26,0.24154
6748.16,0.24218
6749.06,0.24052
6749.96,0.24102
6750.86,0.24058
6751.76,0.24038
6752.66,0.24121
6753.56,0.24058
6754.46,0.24213
6755.36,0.2418
6756.26,0.24203
6757.16,0.24259
6758.06,0.24273
6758.97,0.2428
6759.87,0.24388
6760.77,0.2445
6761.67,0.24478
6762.57,0.24459
6763.47,0.24512
6764.37,0.24496
6765.27,0.24432
6766.17,0.24417
6767.07,0.24324
6767.97,0.24315
6768.87,0.24241
6769.77,0.24402
6770.67,0.24253
6771.57,0.24255
6772.47,0.2434
6773.37,0.24331
6774.27,0.24464
6775.17,0.24349
6776.07,0.24509
6776.97,0.24416
6777.87,0.24507
6778.77,0.24515
6779.67,0.24562
6780.57,0.24568
6781.47,0.24552
6782.37,0.24429
6783.27,0.24299
6784.17,0.24289
6785.07,0.24315
6785.97,0.24209
6786.87,0.2423
6787.77,0.2421
6788.67,0.24262
6789.57,0.24184
6790.47,0.24251
6791.37,0.24204
6792.27,0.24171
6793.17,0.24303
6794.07,0.24241
6794.97,0.243
6795.88,0.24311
6796.78,0.24287
6797.68,0.24279
6798.58,0.24343
6799.48,0.24321
6800.38,0.24452
6801.28,0.24447
6802.18,0.24343
6803.08,0.24414
6803.98,0.24454
6804.88,0.24463
6805.78,0.24375
6806.68,0.24352
6807.58,0.24414
6808.48,0.2433
6809.38,0.24227
6810.28,0.24411
6811.18,0.24331
6812.08,0.24316
6812.98,0.24261
6813.88,0.24264
6814.78,0.24224
6815.68,0.24344
6816.58,0.24306
6817.48,0.24286
6818.38,0.24342
6819.28,0.24297
6820.18,0.2436
6821.08,0.24392
6821.98,0.2443
6822.88,0.24362
6823.78,0.24523
6824.68,0.24504
6825.58,0.24321
6826.48,0.24433
6827.38,0.24425
6828.28,0.2441
6829.18,0.24363
6830.08,0.2445
6830.98,0.24411
6831.88,0.24397
6832.79,0.24397
6833.69,0.244
6834.59,0.24479
6835.49,0.24402
6836.39,0.24419
6837.29,0.24316
6838.19,0.24307
6839.09,0.24249
6839.99,0.24253
6840.89,0.24163
6841.79,0.24091
6842.69,0.23979
6843.59,0.24007
6844.49,0.24135
6845.39,0.24142
6846.29,0.24213
6847.19,0.24223
6848.09,0.24266
6848.99,0.24216
6849.89,0.24333
6850.79,0.24331
6851.69,0.24219
6852.59,0.24268
6853.49,0.24244
6854.39,0.24139
6855.29,0.24165
6856.19,0.2418
6857.09,0.23998
6857.99,0.24132
6858.89,0.24066
6859.79,0.24041
6860.69,0.24094
6861.59,0.24093
6862.49,0.24081
6863.39,0.24124
6864.29,0.24056
6865.19,0.24071
6866.09,0.24214
6866.99,0.24043
6867.89,0.24074
6868.79,0.24181
6869.7,0.24099
6870.6,0.24208
6871.5,0.24172
6872.4,0.2411
6873.3,0.24031
6874.2,0.24153
6875.1,0.24128
6876.0,0.24176
6876.9,0.24189
6877.8,0.24264
6878.7,0.24215
6879.6,0.24345
6880.5,0.24298
6881.4,0.24229
6882.3,0.24252
6883.2,0.24346
6884.1,0.24301
6885.0,0.24279
6885.9,0.24254
6886.8,0.24265
6887.7,0.24387
6888.6,0.24343
6889.5,0.24458
6890.4,0.24539
6891.3,0.24487
6892.2,0.24498
6893.1,0.24517
6894.0,0.24539
6894.9,0.24549
6895.8,0.24489
6896.7,0.24507
6897.6,0.24543
6898.5,0.24562
6899.4,0.24507
6900.3,0.24509
6901.2,0.24508
6902.1,0.24545
6903.0,0.24551
6903.9,0.24598
6904.8,0.24531
6905.7,0.24616
6906.6,0.24668
6907.51,0.24704
6908.41,0.24689
6909.31,0.24719
6910.21,0.24558
6911.11,0.24667
6912.01,0.24658
6912.91,0.24568
6913.81,0.24514
6914.71,0.24437
6915.61,0.24427
6916.51,0.24393
6917.41,0.2436
6918.31,0.24335
6919.21,0.24393
6920.11,0.24394
6921.01,0.24494
6921.91,0.24494
6922.81,0.2442
6923.71,0.24405
6924.61,0.24497
6925.51,0.24478
6926.41,0.24548
6927.31,0.24464
6928.21,0.24518
6929.11,0.24449
6930.01,0.24444
6930.91,0.24572
6931.81,0.24488
6932.71,0.24469
6933.61,0.24536
6934.51,0.24625
6935.41,0.24587
6936.31,0.2452
6937.21,0.2455
6938.11,0.24524
6939.01,0.2452
6939.91,0.24622
6940.81,0.24485
6941.71,0.24495
6942.61,0.24508
6943.52,0.24471
6944.42,0.24574
6945.31,0.24439
6946.22,0.24452
6947.12,0.24512
6948.02,0.24542
6948.92,0.24477
6949.82,0.24465
6950.72,0.24468
6951.62,0.24349
6952.52,0.24454
6953.42,0.24367
6954.32,0.24527
6955.22,0.24591
6956.12,0.24537
6957.02,0.24558
6957.92,0.24567
6958.82,0.24591
6959.72,0.24664
6960.62,0.24711
6961.52,0.24666
6962.42,0.2478
6963.32,0.24784
6964.22,0.24834
6965.12,0.24742
6966.02,0.24786
6966.92,0.24749
6967.82,0.24723
6968.72,0.24827
6969.62,0.24721
6970.52,0.24668
6971.42,0.2469
6972.32,0.24715
6973.22,0.24791
6974.12,0.24654
6975.02,0.24531
6975.92,0.24556
6976.82,0.24386
6977.72,0.24381
6978.62,0.24301
6979.52,0.24174
6980.42,0.24245
6981.33,0.24383
6982.23,0.24331
6983.12,0.24378
6984.03,0.24405
6984.93,0.24486
6985.83,0.24479
6986.73,0.24556
6987.63,0.24625
6988.53,0.24693
6989.43,0.24619
6990.33,0.24691
6991.23,0.24603
6992.13,0.24708
6993.03,0.24794
6993.93,0.24725
6994.83,0.24682
6995.73,0.24629
6996.63,0.2474
6997.53,0.24628
6998.43,0.24617
6999.33,0.24622
7000.23,0.24566
7001.13,0.24522
7002.03,0.24494
7002.93,0.24558
7003.83,0.24539
7004.73,0.2443
7005.63,0.24477
7006.53,0.2449
7007.43,0.24505
7008.33,0.24542
7009.23,0.24462
7010.13,0.24572
7011.03,0.24423
7011.93,0.24497
7012.83,0.24505
7013.73,0.24438
7014.63,0.24497
7015.53,0.24463
7016.43,0.24405
7017.33,0.24381
7018.23,0.24384
7019.14,0.24397
7020.04,0.24354
7020.94,0.24412
7021.84,0.24378
7022.74,0.24397
7023.64,0.24455
7024.54,0.24433
7025.44,0.24509
7026.34,0.24509
7027.24,0.24452
7028.14,0.24525
7029.04,0.24581
7029.94,0.24545
7030.84,0.24654
7031.74,0.24544
7032.64,0.2452
7033.54,0.24595
7034.44,0.24597
7035.34,0.24583
7036.24,0.24606
7037.14,0.24619
7038.04,0.24647
7038.94,0.24554
7039.84,0.24693
7040.74,0.24742
7041.64,0.24717
7042.54,0.2497
7043.44,0.24859
7044.34,0.24955
7045.24,0.24986
7046.14,0.24999
7047.04,0.251
7047.94,0.25032
7048.84,0.25069
7049.74,0.24916
7050.64,0.24949
7051.54,0.24855
7052.44,0.24628
7053.34,0.24682
7054.25,0.24465
7055.15,0.24335
7056.04,0.24305
7056.95,0.24232
7057.85,0.24141
7058.75,0.24099
7059.65,0.23936
7060.55,0.23913
7061.45,0.23911
7062.35,0.23888
7063.25,0.24007
7064.15,0.23832
7065.05,0.2385
7065.95,0.23816
7066.85,0.23869
7067.75,0.23855
7068.65,0.23925
7069.55,0.23918
7070.45,0.23893
7071.35,0.24
7072.25,0.24086
7073.15,0.24149
7074.05,0.24043
7074.95,0.2415
7075.85,0.24135
7076.75,0.24124
7077.65,0.24251
7078.55,0.2424
7079.45,0.24136
7080.35,0.24105
7081.25,0.24052
7082.15,0.2401
7083.05,0.23935
7083.95,0.2379
7084.85,0.2368
7085.75,0.23637
7086.65,0.23455
7087.55,0.23297
7088.45,0.23364
7089.35,0.23226
7090.25,0.23151
7091.15,0.23098
7092.06,0.23104
7092.96,0.23021
7093.85,0.22996
7094.76,0.23032
7095.66,0.23086
7096.56,0.22972
7097.46,0.23061
7098.36,0.23151
7099.26,0.23192
7100.16,0.23192
7101.06,0.2321
7101.96,0.23233
7102.86,0.23309
7103.76,0.23373
7104.66,0.23433
7105.56,0.23529
7106.46,0.23418
7107.36,0.23478
7108.26,0.23476
7109.16,0.23483
7110.06,0.23483
7110.96,0.23431
7111.86,0.23534
7112.76,0.23517
7113.66,0.23499
7114.56,0.23554
7115.46,0.23474
7116.36,0.23496
7117.26,0.23605
7118.16,0.23604
7119.06,0.23639
7119.96,0.23545
7120.86,0.23504
7121.76,0.23552
7122.66,0.2352
7123.56,0.23453
7124.46,0.23362
7125.36,0.23326
7126.26,0.23363
7127.16,0.23177
7127.27,0.23165
7128.17,0.23176
7129.07,0.23033
7129.96,0.2297
7130.86,0.23001
7131.75,0.23015
7132.65,0.23005
7133.55,0.22966
7134.44,0.23032
7135.34,0.23014
7136.23,0.23109
7137.13,0.23011
7138.03,0.23109
7138.92,0.23197
7139.82,0.23132
7140.71,0.23191
7141.61,0.23208
7142.5,0.23224
7143.4,0.2315
7144.3,0.23156
7145.19,0.23156
7146.09,0.23106
7146.98,0.23125
7147.88,0.231
7148.78,0.23153
7149.67,0.23146
7150.57,0.23196
7151.46,0.23191
7152.36,0.23231
7153.26,0.23316
7154.15,0.23244
7155.05,0.23439
7155.94,0.23424
7156.84,0.23423
7157.74,0.23549
7158.63,0.23387
7159.53,0.23471
7160.42,0.23474
7161.32,0.23442
7162.21,0.23503
7163.11,0.23441
7164.01,0.2328
7164.9,0.23268
7165.8,0.23284
7166.69,0.23297
7167.59,0.23345
7168.49,0.23403
7169.38,0.23398
7170.28,0.23355
7171.17,0.23537
7172.07,0.23543
7172.96,0.23603
7173.86,0.23682
7174.76,0.23607
7175.65,0.23625
7176.55,0.23535
7177.44,0.2352
7178.34,0.2356
7179.24,0.23534
7180.13,0.23429
7181.03,0.23401
7181.92,0.23435
7182.82,0.23421
7183.72,0.23272
7184.61,0.23347
7185.51,0.23279
7186.4,0.23305
7187.3,0.23254
7188.19,0.23234
7189.09,0.23184
7189.99,0.23171
7190.88,0.23249
7191.78,0.232
7192.67,0.23272
7193.57,0.23319
7194.47,0.23372
7195.36,0.23367
7196.26,0.23276
7197.15,0.23269
7198.05,0.23433
7198.95,0.23447
7199.84,0.23473
7200.74,0.23357
7201.63,0.2335
7202.53,0.23381
7203.43,0.23306
7204.32,0.23213
7205.22,0.23261
7206.11,0.23244
7207.01,0.23249
7207.9,0.23241
7208.8,0.23253
7209.7,0.23253
7210.59,0.23234
7211.49,0.23272
7212.38,0.23311
7213.28,0.23417
7214.18,0.23412
7215.07,0.2335
7215.97,0.23526
7216.86,0.23477
7217.76,0.23567
7218.66,0.23714
7219.55,0.23659
7220.45,0.23668
7221.34,0.23691
7222.24,0.23672
7223.13,0.23789
7224.03,0.23765
7224.93,0.23811
7225.82,0.23971
7226.72,0.23873
7227.61,0.23874
7228.51,0.23961
7229.41,0.24086
7230.3,0.24035
7231.2,0.24053
7232.09,0.24068
7232.99,0.2424
7233.89,0.24142
7234.78,0.2415
7235.68,0.24065
7236.57,0.24114
7237.47,0.24096
7238.36,0.24021
7239.26,0.24114
7240.16,0.23983
7241.05,0.24006
7241.95,0.23989
7242.84,0.23994
7243.74,0.23925
7244.64,0.24003
7245.53,0.23915
7246.43,0.2392
7247.32,0.24035
7248.22,0.24058
7249.12,0.23923
7250.01,0.23952
7250.91,0.23951
7251.8,0.24121
7252.7,0.24018
7253.6,0.24176
7254.49,0.241
7255.39,0.24063
7256.28,0.24003
7257.18,0.24098
7258.07,0.24032
7258.97,0.24092
7259.87,0.24074
7260.76,0.24079
7261.66,0.24092
7262.55,0.24149
7263.45,0.24103
7264.35,0.2417
7265.24,0.24219
7266.14,0.24142
7267.03,0.24295
7267.93,0.24282
7268.83,0.24329
7269.72,0.24175
7270.62,0.24251
7271.51,0.2425
7272.41,0.24284
7273.3,0.24381
7274.2,0.24349
7275.1,0.24286
7275.99,0.24327
7276.89,0.24252
7277.78,0.24243
7278.68,0.24222
7279.58,0.24286
7280.47,0.24179
7281.37,0.24142
7282.26,0.24128
7283.16,0.24052
7284.06,0.24114
7284.95,0.23986
7285.85,0.24004
7286.74,0.23931
7287.64,0.23844
7288.53,0.23811
7289.43,0.23739
7290.33,0.23742
7291.22,0.23798
7292.12,0.23795
7293.01,0.23915
7293.91,0.23789
7294.81,0.23995
7295.7,0.23985
7296.6,0.2412
7297.49,0.24192
7298.39,0.24225
7299.29,0.24187
7300.18,0.24174
7301.08,0.24281
7301.97,0.24309
7302.87,0.2434
7303.76,0.2435
7304.66,0.2434
7305.56,0.2434
7306.45,0.24245
7307.35,0.24353
7308.24,0.24292
7309.14,0.24316
7310.04,0.24216
7310.93,0.2426
7311.83,0.24299
7312.72,0.24293
7313.62,0.24256
7314.52,0.24358
7315.41,0.24211
7316.31,0.24335
7317.2,0.24274
7318.1,0.24201
7318.99,0.24303
7319.89,0.24267
7320.79,0.24316
7321.68,0.24202
7322.58,0.24234
7323.47,0.24263
7324.37,0.24154
7325.27,0.24285
7326.16,0.24158
7327.06,0.24122
7327.95,0.24114
7328.85,0.24182
7329.75,0.2419
7330.64,0.24261
7331.54,0.24233
7332.43,0.24338
7333.33,0.24462
7334.22,0.2449
7335.12,0.24477
7336.02,0.24522
7336.91,0.24594
7337.81,0.24572
7338.7,0.24554
7339.6,0.24669
7340.5,0.24626
7341.39,0.24565
7342.29,0.24557
7343.18,0.24538
7344.08,0.24486
7344.98,0.24579
7345.87,0.24556
7346.77,0.24406
7347.66,0.24418
7348.56,0.24439
7349.45,0.24358
7350.35,0.24202
7351.25,0.24314
7352.14,0.24288
7353.04,0.24203
7353.93,0.24194
7354.83,0.2418
7355.73,0.24151
7356.62,0.24088
7357.52,0.24058
7358.41,0.2398
7359.31,0.23969
7360.21,0.24007
7361.1,0.24055
7362.0,0.24053
7362.89,0.23992
7363.79,0.24116
7364.69,0.2415
7365.58,0.24127
7366.48,0.24172
7367.37,0.24242
7368.27,0.24396
7369.16,0.24334
7370.06,0.24374
7370.96,0.24508
7371.85,0.24523
7372.75,0.24488
7373.64,0.24586
7374.54,0.24627
7375.44,0.24581
7376.33,0.24589
7377.23,0.24574
7378.12,0.24546
7379.02,0.24571
7379.92,0.24499
7380.81,0.24586
7381.71,0.24414
7382.6,0.24344
7383.5,0.24276
7384.39,0.24277
7385.29,0.24139
7386.19,0.24135
7387.08,0.2403
7387.98,0.24121
7388.87,0.23968
7389.77,0.23922
7390.67,0.23913
7391.56,0.2393
7392.46,0.23949
7393.35,0.23964
7394.25,0.24048
7395.15,0.24189
7396.04,0.23996
7396.94,0.24113
7397.83,0.24138
7398.73,0.24187
7399.62,0.24233
7400.52,0.24221
7401.42,0.24228
7402.31,0.242
7403.21,0.24256
7404.1,0.24182
7405.0,0.2419
7405.9,0.24112
7406.79,0.24082
7407.69,0.24036
7408.58,0.24056
7409.48,0.2386
7410.38,0.23808
7411.27,0.23704
7412.17,0.23667
7413.06,0.2346
7413.96,0.23414
7414.85,0.23315
7415.75,0.23324
7416.65,0.23194
7417.54,0.23277
7418.44,0.23206
7419.33,0.23299
7420.23,0.23306
7421.13,0.23357
7422.02,0.23469
7422.92,0.23505
7423.81,0.23607
7424.71,0.23642
7425.6,0.23812
7426.5,0.23926
7427.4,0.23994
7428.29,0.24076
7429.19,0.24077
7431.68,0.24252
7434.18,0.24538
7436.67,0.24479
7439.17,0.24324
7441.66,0.24317
7444.16,0.24332
7446.66,0.2427
7449.15,0.243
7451.65,0.24368
7454.14,0.24439
7456.64,0.24469
7459.13,0.24574
7461.63,0.24542
7464.12,0.24384
7466.62,0.24445
7469.11,0.24422
7471.61,0.24597
7474.1,0.24483
7476.6,0.24443
7479.09,0.24547
7481.59,0.24441
7484.08,0.24504
7486.58,0.24393
7489.07,0.24457
7491.57,0.24235
7494.06,0.24235
7496.56,0.24102
7499.05,0.24226
7501.55,0.24352
7504.04,0.24386
7506.54,0.24427
7509.03,0.24412
7511.53,0.24309
7514.02,0.24296
7516.52,0.24448
7519.01,0.24492
7521.51,0.24489
7524.0,0.24381
7526.5,0.24341
7528.99,0.24356
7531.49,0.24421
7533.99,0.24452
7536.48,0.24523
7538.98,0.24575
7541.47,0.24531
7543.97,0.24495
7546.46,0.24505
7548.96,0.24439
7551.45,0.24435
7553.95,0.24396
7556.44,0.24391
7558.94,0.24299
7561.43,0.24341
7563.93,0.24421
7566.42,0.24335
7568.92,0.24397
7571.41,0.24356
7573.91,0.24363
7576.4,0.24372
7578.9,0.24336
7581.39,0.24262
7583.89,0.24197
7586.38,0.24038
7588.88,0.24
7591.37,0.23977
7593.87,0.23997
7596.36,0.24088
7598.86,0.24005
7601.35,0.24028
7603.85,0.23993
7606.34,0.23984
7608.84,0.23885
7611.33,0.23908
7613.83,0.23875
7616.33,0.23795
7618.82,0.23687
7621.32,0.23725
7623.81,0.23757
7626.31,0.23861
7628.8,0.23895
7631.3,0.23876
7633.79,0.23869
7636.29,0.23924
7638.78,0.23823
7641.28,0.23861
7643.77,0.23891
7646.27,0.23887
7648.76,0.23842
7651.26,0.23707
7653.75,0.23513
7656.25,0.23346
7658.74,0.23055
7661.24,0.22822
7663.73,0.22638
7666.23,0.22595
7668.72,0.22676
7671.22,0.2286
7673.71,0.231
7676.21,0.23252
7678.7,0.2336
7681.2,0.2336
7683.69,0.23363
7686.19,0.23465
7688.69,0.2341
7691.18,0.2331
7693.68,0.23271
7696.17,0.23165
7698.67,0.23053
7701.16,0.231
7703.66,0.23071
7706.15,0.23131
7708.65,0.2319
7711.14,0.23054
7713.64,0.22928
7716.13,0.22942
7718.63,0.23018
7721.12,0.2312
7723.62,0.23234
7726.11,0.23237
7728.61,0.23357
7731.1,0.23426
7733.6,0.23509
7736.09,0.23551
7738.59,0.23604
7741.08,0.23496
7743.58,0.234
7746.07,0.23151
7748.57,0.23058
7751.06,0.23013
7753.56,0.23105
7756.05,0.23148
7758.55,0.23343
7761.04,0.2341
7763.54,0.23477
7766.03,0.23551
7768.53,0.2356
7771.03,0.23632
7773.52,0.23663
7776.02,0.23651
7778.51,0.23634
7781.01,0.23571
7783.5,0.23425
7786.0,0.23408
7788.49,0.23264
7790.99,0.23248
7793.48,0.23265
7795.98,0.23232
7798.47,0.23266
7800.97,0.233
7803.46,0.23336
7805.96,0.23373
7808.45,0.23354
7810.95,0.23403
7813.44,0.23428
7815.94,0.23504
7818.43,0.23523
7820.93,0.23566
7823.42,0.23514
7825.92,0.23436
7828.41,0.23314
7830.91,0.23165
7833.4,0.23085
7835.9,0.2305
7838.39,0.23035
7840.89,0.23108
7843.38,0.2319
7845.88,0.23294
7848.38,0.23227
7850.87,0.2326
7853.37,0.23179
7855.86,0.23258
7858.36,0.2323
7860.85,0.23308
7863.35,0.23318
7865.84,0.2332
7868.34,0.23365
7870.83,0.23313
7873.33,0.23276
7875.82,0.23257
7878.32,0.23221
7880.81,0.232
7883.31,0.23148
7885.8,0.23155
7888.3,0.23272
7890.79,0.23183
7893.29,0.23249
7895.78,0.2318
7898.28,0.23122
7900.77,0.2308
7903.27,0.23074
7905.76,0.23029
7908.26,0.22925
7910.75,0.22881
7913.25,0.22676
7915.74,0.22616
7918.24,0.22622
7920.73,0.22623
7923.23,0.22731
7925.73,0.2281
7928.22,0.22805
7930.71,0.22752
7933.21,0.227
7935.71,0.22544
7938.2,0.22475
7940.7,0.22471
7943.19,0.22352
7945.69,0.22316
7948.18,0.22429
7950.68,0.22537
7953.17,0.22699
7955.67,0.2281
7958.16,0.22875
7960.66,0.22916
7963.15,0.22954
7965.65,0.22949
7968.14,0.22969
7970.64,0.22996
7973.13,0.23028
7975.63,0.22959
7978.12,0.22941
7980.62,0.22965
7983.11,0.22831
7985.61,0.22838
7988.1,0.22826
7990.6,0.22774
7993.09,0.22709
7995.59,0.22686
7998.08,0.22681
8000.58,0.22655
8003.07,0.22738
8005.57,0.2288
8008.06,0.22934
8010.56,0.23077
8013.06,0.23147
8015.55,0.23136
8018.05,0.23181
8020.54,0.2307
8023.04,0.22939
8025.53,0.22873
8028.03,0.22729
8030.52,0.22747
8033.02,0.22811
8035.51,0.22952
8038.01,0.23037
8040.5,0.23057
8043.0,0.22941
8045.49,0.22761
8047.99,0.22687
8050.48,0.22643
8052.98,0.22697
8055.47,0.22804
8057.97,0.22839
8060.46,0.22935
8062.96,0.22896
8065.45,0.22834
8067.95,0.22678
8070.44,0.22619
8072.94,0.22588
8075.43,0.22538
8077.93,0.22587
8080.42,0.22589
8082.92,0.22615
8085.41,0.22652
8087.91,0.22589
8090.4,0.22522
8092.9,0.22449
8095.4,0.2241
8097.89,0.22404
8100.39,0.22467
8102.88,0.22537
8105.38,0.22532
8107.87,0.2262
8110.37,0.22588
8112.86,0.22583
8115.36,0.2248
8117.85,0.22436
8120.35,0.22521
8122.84,0.22552
8125.34,0.22593
8127.83,0.22651
8130.33,0.22673
8132.82,0.22637
8135.32,0.22624
8137.81,0.22634
8140.31,0.22606
8142.8,0.22649
8145.3,0.22554
8147.79,0.22624
8150.29,0.2256
8152.78,0.22646
8155.28,0.22597
8157.77,0.22619
8160.27,0.22565
8162.76,0.22503
8165.26,0.22524
8167.75,0.22527
8170.25,0.22604
8172.75,0.22611
8175.24,0.22501
8177.74,0.22475
8180.23,0.22309
8182.73,0.22199
8185.22,0.22098
8187.72,0.22031
8190.21,0.22078
8192.71,0.22006
8195.2,0.21979
8197.7,0.21908
8200.19,0.21937
8202.69,0.21922
8205.18,0.22038
8207.68,0.22101
8210.17,0.22214
8212.67,0.22222
8215.16,0.22223
8217.66,0.22218
8220.15,0.22279
8222.65,0.22268
8225.14,0.2237
8227.64,0.22452
8230.13,0.22481
8232.63,0.22523
8235.12,0.22499
8237.62,0.22389
8240.11,0.22465
8242.61,0.22459
8245.1,0.224
8247.6,0.22371
8250.1,0.22403
8252.59,0.22312
8255.08,0.22331
8257.58,0.22403
8260.08,0.22387
8262.57,0.2247
8265.07,0.22522
8267.56,0.2251
8270.06,0.22515
8272.55,0.22449
8275.05,0.2252
8277.54,0.22455
8280.04,0.22463
8282.53,0.22396
8285.03,0.2241
8287.52,0.22358
8290.02,0.22299
8292.51,0.22283
8295.01,0.22256
8297.5,0.22179
8300.0,0.22163
8302.49,0.2215
8304.99,0.22116
8307.48,0.21991
8309.98,0.21941
8312.47,0.22002
8314.97,0.22023
8317.46,0.22093
8319.96,0.22115
8322.46,0.22032
8324.95,0.21937
8327.44,0.21717
8329.94,0.21664
8332.43,0.21644
8334.93,0.21614
8337.43,0.21687
8339.92,0.21745
8342.42,0.21816
8344.91,0.21836
8347.41,0.21841
8349.9,0.21857
8352.4,0.21899
8354.89,0.21908
8357.39,0.21944
8359.88,0.21908
8362.38,0.21829
8364.87,0.21877
8367.37,0.2186
8369.86,0.21885
8372.36,0.21906
8374.85,0.21919
8377.35,0.21813
8379.84,0.2167
8382.34,0.21538
8384.83,0.21388
8387.33,0.21271
8389.82,0.21417
8392.32,0.21417
8394.81,0.21643
8397.31,0.21746
8399.8,0.21844
8402.3,0.21917
8404.79,0.21932
8407.29,0.21981
8409.79,0.21945
8412.28,0.21845
8414.78,0.21827
8417.27,0.21776
8419.77,0.21724
8422.26,0.21676
8424.76,0.21655
8427.25,0.21544
8429.75,0.21516
8432.24,0.21354
8434.74,0.21304
8437.23,0.21198
8439.73,0.21173
8442.22,0.21323
8444.72,0.2145
8447.21,0.21608
8449.71,0.21697
8452.2,0.21647
8454.7,0.21646
8457.19,0.21604
8459.69,0.21542
8462.18,0.21468
8464.68,0.21366
8467.17,0.21269
8469.67,0.21137
8472.16,0.21166
8474.66,0.21316
8477.15,0.21388
8479.65,0.21516
8482.14,0.21499
8484.64,0.21463
8487.13,0.21406
8489.63,0.21312
8492.12,0.20937
8494.62,0.20496
8497.12,0.19912
8499.61,0.19599
8502.11,0.19542
8504.6,0.19894
8507.1,0.20418
8509.59,0.20644
8512.09,0.20798
8514.58,0.2081
8517.08,0.20739
8519.57,0.20761
8522.07,0.20852
8524.56,0.20939
8527.06,0.20947
8529.55,0.20878
8532.05,0.20507
8534.54,0.2008
8537.04,0.19238
8539.53,0.18246
8542.03,0.17411
8544.52,0.17093
8547.02,0.17397
8549.51,0.18251
8552.01,0.19159
8554.5,0.19978
8557.0,0.20533
8559.49,0.20846
8561.99,0.20921
8564.48,0.21051
8566.98,0.21078
8569.47,0.21144
8571.97,0.21079
8574.47,0.21131
8576.96,0.2114
8579.46,0.21126
8581.95,0.21175
8584.45,0.21174
8586.94,0.21209
8589.44,0.21157
8591.93,0.21197
8594.43,0.21143
8596.92,0.21116
8599.42,0.21097
8601.91,0.21114
8604.41,0.21125
8606.9,0.21106
8609.4,0.21031
8611.89,0.21011
8614.39,0.20945
8616.88,0.20935
8619.38,0.20902
8621.87,0.20931
8624.37,0.20953
8626.86,0.20942
8629.36,0.21069
8631.85,0.21091
8634.35,0.21118
8636.84,0.21169
8639.34,0.21191
8641.83,0.21192
8644.33,0.21181
8646.83,0.21121
8649.32,0.20917
8651.82,0.20732
8654.31,0.20269
8656.8,0.19653
8659.3,0.18829
8661.8,0.18085
8664.29,0.17746
8666.79,0.17871
8669.28,0.18518
8671.78,0.19233
8674.27,0.19781
8676.77,0.20228
8679.26,0.20478
8681.76,0.20548
8684.25,0.2057
8686.75,0.20503
8689.24,0.20418
8691.74,0.20423
8694.23,0.20459
8696.73,0.20565
8699.22,0.20663
8701.72,0.20748
8704.21,0.2075
8706.71,0.20812
8709.2,0.2075
8711.7,0.20666
8714.19,0.20704
8716.69,0.2073
8719.18,0.20796
8721.68,0.20862
8724.17,0.20916
8726.67,0.20988
8729.17,0.20948
8731.66,0.20929
8734.16,0.209
8736.65,0.20859
8739.15,0.20849
8741.64,0.20845
8744.14,0.20762
8746.63,0.20737
8749.13,0.20732
8751.62,0.20649
8754.12,0.20594
8756.61,0.20657
8759.11,0.20641
8761.6,0.207
8764.1,0.20704
8766.59,0.20695
8769.09,0.20765
8771.58,0.20695
8774.08,0.20649
8776.57,0.20715
8779.07,0.20765
8781.56,0.20826
8784.06,0.20839
8786.55,0.20817
8789.05,0.20753
8791.54,0.20753
8794.04,0.2069
8796.53,0.20607
8799.03,0.20564
8801.52,0.20424
8804.02,0.20205
8806.51,0.20051
8809.01,0.20029
8811.5,0.20116
8814.0,0.20275
8816.5,0.20495
8818.99,0.20576
8821.49,0.2061
8823.98,0.2052
8826.48,0.2052
8828.97,0.20586
8831.47,0.20693
8833.96,0.20738
8836.46,0.20778
8838.95,0.20807
8841.45,0.20754
8843.94,0.20874
8846.44,0.20925
8848.93,0.2097
8851.43,0.21027
8853.92,0.21008
8856.42,0.20911
8858.91,0.20862
8861.41,0.20676
8863.9,0.20523
8866.4,0.20465
8868.89,0.20407
8871.39,0.20403
8873.88,0.20522
8876.38,0.20636
8878.87,0.20636
8881.37,0.20726
8883.87,0.20695
8886.36,0.20775
8888.86,0.20793
8891.35,0.20786
8893.84,0.20782
8896.34,0.20722
8898.84,0.20735
8901.33,0.20721
8903.83,0.20754
8906.32,0.20704
8908.82,0.20633
8911.31,0.20611
8913.81,0.20591
8916.3,0.20516
8918.8,0.20441
8921.29,0.20355
8923.79,0.20318
8926.28,0.20272
8928.78,0.20251
8931.27,0.20324
8933.77,0.20292
8936.26,0.20389
8938.76,0.20351
8941.25,0.20333
8943.75,0.20256
8946.24,0.20218
8948.74,0.2027
8951.23,0.20354
8953.73,0.20399
8956.22,0.2048
8958.72,0.2055
8961.21,0.20587
8963.71,0.20551
8966.2,0.20522
8968.7,0.20475
8971.2,0.20432
8973.69,0.20361
8976.19,0.20318
8978.68,0.20354
8981.18,0.20348
8983.67,0.20399
8986.17,0.20459
8988.66,0.20496
8991.16,0.20516
8993.65,0.20451
8996.15,0.20436
8998.64,0.20351
9001.14,0.20241
9003.63,0.20134
9006.13,0.19988
9008.62,0.1984
9011.12,0.19613
9013.61,0.19488
9016.11,0.19404
9018.6,0.19394
9021.1,0.19528
9023.59,0.19661
9026.09,0.19773
9028.58,0.19915
9031.08,0.20058
9033.57,0.20193
9036.07,0.20225
9038.56,0.20356
9041.06,0.20377
9043.55,0.20438
9046.05,0.20425
9048.54,0.20436
9051.04,0.20367
9053.54,0.20357
9056.03,0.20333
9058.53,0.20222
9061.02,0.20235
9063.52,0.2013
9066.01,0.20154
9068.51,0.20096
9071.0,0.20148
9073.5,0.20153
9075.99,0.20133
9078.49,0.20092
9080.98,0.19971
9083.48,0.1986
9085.97,0.19716
9088.47,0.19609
9090.96,0.19543
9093.46,0.1956
9095.95,0.19706
9098.45,0.19783
9100.94,0.19912
9103.44,0.1996
9105.93,0.19982
9108.43,0.20019
9110.92,0.20025
9113.42,0.19944
9115.91,0.19906
9118.41,0.19825
9120.9,0.19857
9123.4,0.19893
9125.89,0.19967
9128.39,0.1999
9130.88,0.20031
9133.38,0.19992
9135.88,0.19948
9138.37,0.19891
9140.87,0.19728
9143.36,0.19594
9145.86,0.19521
9148.35,0.19534
9150.85,0.19538
9153.34,0.19567
9155.84,0.19612
9158.33,0.1963
9160.83,0.19554
9163.32,0.19536
9165.82,0.19451
9168.31,0.19316
9170.81,0.19239
9173.3,0.19193
9175.8,0.19123
9178.29,0.19162
9180.79,0.19249
9183.28,0.19316
9185.78,0.19354
9188.27,0.1934
9190.77,0.1933
9193.26,0.19276
9195.76,0.19276
9198.25,0.19226
9200.75,0.19256
9203.24,0.19216
9205.74,0.19208
9208.24,0.19129
9210.73,0.19011
9213.23,0.1908
9215.72,0.19052
9218.22,0.19076
9220.71,0.19038
9223.21,0.19026
9225.7,0.19069
9228.2,0.19042
9230.69,0.19022
9233.19,0.18987
9235.68,0.19055
9238.18,0.19061
9240.67,0.19146
9243.17,0.19121
9245.66,0.19123
9248.16,0.1909
9250.65,0.19032
9253.15,0.18989
9255.64,0.18935
9258.14,0.1895
9260.63,0.19038
9263.13,0.19082
9265.62,0.19153
9268.12,0.19243
9270.61,0.19252
9273.11,0.19295
9275.6,0.19194
9278.1,0.19187
9280.59,0.19115
9283.09,0.1906
9285.58,0.18998
9288.08,0.1896
9290.58,0.18887
9293.07,0.18879
9295.57,0.18846
9298.06,0.18934
9300.56,0.18894
9303.05,0.18944
9305.55,0.19002
9308.04,0.1894
9310.54,0.1898
9313.03,0.18934
9315.53,0.18925
9318.02,0.18897
9320.52,0.18886
9323.01,0.18859
9325.51,0.18928
9328.0,0.18909
9330.5,0.1893
9332.99,0.18955
9335.49,0.18982
9337.98,0.18998
9340.48,0.18953
9342.97,0.18961
9345.47,0.18873
9347.96,0.18804
9350.46,0.18686
9352.95,0.18687
9355.45,0.18543
9357.94,0.18548
9360.44,0.18444
9362.93,0.18441
9365.43,0.18487
9367.92,0.18454
9370.42,0.18513
9372.92,0.18456
9375.41,0.18488
9377.91,0.18472
9380.4,0.18487
9382.9,0.18479
9385.39,0.18521
9387.89,0.18485
9390.38,0.18488
9392.88,0.18504
9395.37,0.18437
9397.87,0.18459
9400.36,0.18419
9402.86,0.18357
9405.35,0.18236
9407.85,0.18159
9410.34,0.18042
9412.84,0.17996
9415.33,0.18008
9417.83,0.17975
9420.32,0.18096
9422.82,0.18215
9425.31,0.18304
9427.81,0.18294
9430.3,0.18291
9432.8,0.18271
9435.29,0.1822
9437.79,0.18211
9440.28,0.18137
9442.78,0.18132
9445.27,0.18177
9447.77,0.18141
9450.27,0.18156
9452.76,0.18215
9455.25,0.18247
9457.75,0.18261
9460.25,0.18306
9462.74,0.1834
9465.24,0.18413
9467.73,0.184
9470.23,0.18442
9472.72,0.18404
9475.22,0.18437
9477.71,0.18461
9480.21,0.18401
9482.7,0.1844
9485.2,0.1842
9487.69,0.18447
9490.19,0.18476
9492.68,0.18483
9495.18,0.18483
9497.67,0.18488
9500.17,0.18471
9502.66,0.18511
9505.16,0.18513
9507.65,0.18502
9510.15,0.18513
9512.64,0.1847
9515.14,0.18485
9517.63,0.18538
9520.13,0.18509
9522.62,0.18584
9525.12,0.18585
9527.61,0.18569
9530.11,0.1854
9532.61,0.18513
9535.1,0.18478
9537.6,0.18398
9540.09,0.18269
9542.59,0.18133
9545.08,0.18027
9547.58,0.17961
9550.07,0.18009
9552.57,0.18137
9555.06,0.18238
9557.56,0.18305
9560.05,0.18462
9562.55,0.18477
9565.04,0.18468
9567.54,0.18439
9570.03,0.18349
9572.53,0.18335
9575.02,0.18309
9577.52,0.18302
9580.01,0.18331
9582.51,0.1835
9585.0,0.18419
9587.5,0.18395
9589.99,0.18382
9592.49,0.18343
9594.98,0.18312
9597.48,0.18265
9599.97,0.18165
9602.47,0.1817
9604.96,0.18153
9607.46,0.1818
9609.96,0.18272
9612.45,0.18336
9614.95,0.18276
9617.44,0.1833
9619.94,0.18305
9622.43,0.18244
9624.93,0.18237
9627.42,0.18216
9629.92,0.18188
9632.41,0.18162
9634.91,0.18081
9637.4,0.18041
9639.9,0.17982
9642.39,0.17907
9644.89,0.17891
9647.38,0.17879
9649.88,0.17925
9652.37,0.17912
9654.87,0.17951
9657.36,0.17958
9659.86,0.17917
9662.35,0.17985
9664.85,0.17951
9667.34,0.17952
9669.84,0.17938
9672.33,0.17904
9674.83,0.17917
9677.32,0.17839
9679.82,0.17823
9682.31,0.17832
9684.81,0.17961
9687.3,0.17908
9689.8,0.17897
9692.29,0.17898
9694.79,0.17856
9697.29,0.17863
9699.78,0.17872
9702.28,0.1788
9704.77,0.17886
9707.27,0.17831
9709.76,0.17855
9712.26,0.1786
9714.75,0.17896
9717.25,0.17896
9719.74,0.17856
9722.24,0.17864
9724.73,0.17849
9727.23,0.17779
9729.72,0.17775
9732.22,0.17709
9734.71,0.17732
9737.21,0.1774
9739.7,0.17706
9742.2,0.17699
9744.69,0.1768
9747.19,0.17713
9749.68,0.17771
9752.18,0.17759
9754.67,0.17844
9757.17,0.17889
9759.66,0.17924
9762.16,0.17908
9764.65,0.17838
9767.15,0.17811
9769.64,0.1779
9772.14,0.17773
9774.64,0.17743
9777.13,0.17729
9779.63,0.17714
9782.12,0.17618
9784.62,0.17536
9787.11,0.17489
9789.61,0.17466
9792.1,0.17556
9794.6,0.17643
9797.09,0.17784
9799.59,0.17806
9802.08,0.17855
9804.58,0.17881
9807.07,0.17917
9809.57,0.17925
9812.06,0.17938
9814.56,0.17958
9817.05,0.17977
9819.55,0.17933
9822.04,0.18008
9824.54,0.1798
9827.03,0.17939
9829.53,0.17852
9832.02,0.17876
9834.52,0.17874
9837.01,0.17874
9839.51,0.17892
9842.0,0.17912
9844.5,0.17984
9847.0,0.17891
9849.49,0.17914
9851.99,0.17907
9854.48,0.17874
9856.98,0.17896
9859.47,0.17884
9861.97,0.17861
9864.46,0.1785
9866.96,0.17869
9869.45,0.17792
9871.95,0.17796
9874.44,0.17793
9876.94,0.17837
9879.43,0.17819
9881.93,0.17802
9884.42,0.17776
9886.92,0.17734
9889.41,0.17729
9891.91,0.17705
9894.4,0.17667
9896.9,0.17667
9899.39,0.17664
9901.89,0.17663
9904.38,0.17669
9906.88,0.17612
9909.37,0.17608
9911.87,0.17588
9914.36,0.17591
9916.86,0.17592
9919.35,0.17586
9921.85,0.17592
9924.34,0.17551
9926.84,0.17545
9929.33,0.17519
9931.83,0.17524
9934.33,0.17595
9936.82,0.17573
9939.32,0.17618
9941.81,0.17585
9944.31,0.17587
9946.8,0.17566
9949.3,0.17563
9951.79,0.17555
9954.29,0.17543
9956.78,0.1762
9959.28,0.17624
9961.77,0.17655
9964.27,0.17655
9966.76,0.17597
9969.26,0.17619
9971.75,0.17627
9974.25,0.17579
9976.74,0.17531
9979.24,0.17554
9981.73,0.17559
9984.23,0.1754
9986.72,0.17575
9989.22,0.17541
9991.71,0.17482
9994.21,0.17477
9996.7,0.17457
9999.2,0.17425
10001.7,0.17421
10004.2,0.1747
10006.7,0.17415
10009.2,0.17477
10011.7,0.17472
10014.2,0.17511
10016.7,0.17567
10019.2,0.17579
10021.7,0.17599
10024.2,0.17624
10026.6,0.17596
10029.1,0.1755
10031.6,0.17493
10034.1,0.17415
10036.6,0.17422
10039.1,0.17307
10041.6,0.17289
10044.1,0.1725
10046.6,0.17206
10049.1,0.17173
10051.6,0.171
10054.1,0.17051
10056.6,0.17062
10059.1,0.17128
10061.6,0.17096
10064.1,0.17179
10066.6,0.172
10069.1,0.17265
10071.6,0.17234
10074.1,0.17314
10076.5,0.17363
10079.0,0.1735
10081.5,0.17352
10084.0,0.17298
10086.5,0.17342
10089.0,0.17392
10091.5,0.17383
10094.0,0.17426
10096.5,0.17433
10099.0,0.17434
10101.5,0.1747
10104.0,0.17432
10106.5,0.17404
10109.0,0.17416
10111.5,0.17335
10114.0,0.17313
10116.5,0.17246
10119.0,0.17279
10121.5,0.1727
10124.0,0.17227
10126.5,0.17258
10128.9,0.17249
10131.4,0.17273
10133.9,0.17229
10136.4,0.17235
10138.9,0.17192
10141.4,0.17096
10143.9,0.17088
10146.4,0.17103
10148.9,0.17051
10151.4,0.17078
10153.9,0.17074
10156.4,0.17152
10158.9,0.17171
10161.4,0.17152
10163.9,0.1713
10166.4,0.17141
10168.9,0.17143
10171.4,0.17167
10173.9,0.17127
10176.4,0.17104
10178.9,0.17137
10181.3,0.17133
10183.8,0.17108
10186.3,0.17104
10188.8,0.17063
10191.3,0.17092
10193.8,0.16979
10196.3,0.16964
10198.8,0.16955
10201.3,0.1699
10203.8,0.17017
10206.3,0.17028
10208.8,0.17043
10211.3,0.16978
10213.8,0.16909
10216.3,0.16899
10218.8,0.16865
10221.3,0.16881
10223.8,0.169
10226.3,0.16896
10228.8,0.16974
10231.2,0.16976
10233.7,0.16976
10236.2,0.16963
10238.7,0.16966
10241.2,0.16985
10243.7,0.16981
10246.2,0.16953
10248.7,0.16967
10251.2,0.16914
10253.7,0.16938
10256.2,0.1691
10258.7,0.16929
10261.2,0.16816
10263.7,0.16823
10266.2,0.16862
10268.7,0.16836
10271.2,0.16821
10273.7,0.1679
10276.2,0.16818
10278.7,0.16817
10281.2,0.16821
10283.6,0.16865
10286.1,0.16785
10288.6,0.16769
10291.1,0.16782
10293.6,0.16818
10296.1,0.16783
10298.6,0.16768
10301.1,0.16761
10303.6,0.16767
10306.1,0.16838
10308.6,0.16801
10311.1,0.16793
10313.6,0.16798
10316.1,0.16792
10318.6,0.16766
10321.1,0.16749
10323.6,0.16654
10326.1,0.16601
10328.6,0.16554
10331.1,0.16483
10333.5,0.16439
10336.0,0.16456
10338.5,0.16438
10341.0,0.16442
10343.5,0.16392
10346.0,0.16385
10348.5,0.16422
10351.0,0.16465
10353.5,0.16515
10356.0,0.16568
10358.5,0.16645
10361.0,0.16662
10363.5,0.1665
10366.0,0.16625
10368.5,0.166
10371.0,0.16556
10373.5,0.16536
10376.0,0.16512
10378.5,0.16523
10381.0,0.16471
10383.5,0.16517
10385.9,0.16495
10388.4,0.16496
10390.9,0.16496
10393.4,0.16458
10395.9,0.1641
10398.4,0.16344
10400.9,0.16366
10403.4,0.16395
10405.9,0.16449
10408.4,0.16511
10410.9,0.16544
10413.4,0.16555
10415.9,0.16551
10418.4,0.16534
10420.9,0.16467
10423.4,0.1646
10425.9,0.16464
10428.4,0.16413
10430.9,0.16463
10433.4,0.16479
10435.9,0.16542
10438.3,0.16461
10440.8,0.16527
10443.3,0.16521
10445.8,0.16502
10448.3,0.16509
10450.8,0.16467
10453.3,0.16505
10455.8,0.16484
10458.3,0.16396
10460.8,0.16383
10463.3,0.16347
10465.8,0.16368
10468.3,0.16355
10470.8,0.16356
10473.3,0.16326
10475.8,0.16333
10478.3,0.16391
10480.8,0.16364
10483.3,0.16389
10485.8,0.16355
10488.2,0.16374
10490.7,0.16327
10493.2,0.16284
10495.7,0.16264
10498.2,0.1622
10500.7,0.16205
10503.2,0.1629
10505.7,0.1627
10508.2,0.16266
10510.7,0.16226
10513.2,0.16312
10515.7,0.16295
10518.2,0.16287
10520.7,0.16288
10523.2,0.16303
10525.7,0.16276
10528.2,0.16285
10530.7,0.16291
10533.2,0.16235
10535.7,0.16215
10538.2,0.1622
10540.6,0.16231
10543.1,0.16288
10545.6,0.1626
10548.1,0.16284
10550.6,0.16277
10553.1,0.16265
10555.6,0.16228
10558.1,0.16239
10560.6,0.16219
10563.1,0.16218
10565.6,0.16219
10568.1,0.16245
10570.6,0.16182
10573.1,0.16138
10575.6,0.16124
10578.1,0.16027
10580.6,0.16
10583.1,0.15859
10585.6,0.15803
10588.1,0.15801
10590.6,0.1582
10593.0,0.15909
10595.5,0.15958
10598.0,0.15977
10600.5,0.1594
10603.0,0.15921
10605.5,0.15958
10608.0,0.15867
10610.5,0.1588
10613.0,0.15893
10615.5,0.15955
10618.0,0.15972
10620.5,0.15998
10623.0,0.16021
10625.5,0.16011
10628.0,0.16046
10630.5,0.16057
10633.0,0.16037
10635.5,0.16065
10638.0,0.16083
10640.5,0.16097
10642.9,0.16071
10645.4,0.1607
10647.9,0.16024
10650.4,0.1599
10652.9,0.15956
10655.4,0.15891
10657.9,0.1584
10660.4,0.15748
10662.9,0.1564
10665.4,0.15686
10667.9,0.1573
10670.4,0.15721
10672.9,0.15802
10675.4,0.15812
10677.9,0.15819
10680.4,0.15787
10682.9,0.15759
10685.4,0.15722
10687.9,0.15687
10690.4,0.15638
10692.9,0.15617
10695.3,0.15622
10697.8,0.15649
10700.3,0.15741
10702.8,0.15764
10705.3,0.15846
10707.8,0.1589
10710.3,0.15914
10712.8,0.15845
10715.3,0.15871
10717.8,0.15822
10720.3,0.15797
10722.8,0.15729
10725.3,0.15572
10727.8,0.15556
10730.3,0.15507
10732.8,0.1553
10735.3,0.15551
10737.8,0.15598
10740.3,0.15627
10742.8,0.15656
10745.3,0.15655
10747.7,0.15606
10750.2,0.15579
10752.7,0.15586
10755.2,0.15547
10757.7,0.15604
10760.2,0.15661
10762.7,0.15656
10765.2,0.15743
10767.7,0.15708
10770.2,0.15718
10772.7,0.15679
10775.2,0.15651
10777.7,0.15587
10780.2,0.15494
10782.7,0.15458
10785.2,0.15394
10787.7,0.15375
10790.2,0.15383
10792.7,0.15446
10795.2,0.15479
10797.6,0.15521
10800.1,0.1557
10802.6,0.15602
10805.1,0.15554
10807.6,0.15545
10810.1,0.15481
10812.6,0.1538
10815.1,0.15357
10817.6,0.15328
10820.1,0.15276
10822.6,0.15226
10825.1,0.15227
10827.6,0.15143
10830.1,0.15148
10832.6,0.15224
10835.1,0.15295
10837.6,0.15312
10840.1,0.15403
10842.6,0.1542
10845.1,0.15438
10847.6,0.15445
10850.0,0.1546
10852.5,0.15469
10855.0,0.15497
10857.5,0.1549
10860.0,0.15472
10862.5,0.15406
10865.0,0.15281
10867.5,0.15219
10870.0,0.15069
10872.5,0.14982
10875.0,0.14964
10877.5,0.15028
10880.0,0.15023
10882.5,0.15086
10885.0,0.15107
10887.5,0.15139
10890.0,0.15166
10892.5,0.15249
10895.0,0.15231
10897.5,0.15243
10900.0,0.15291
10902.4,0.1527
10904.9,0.15319
10907.4,0.15297
10909.9,0.15301
10912.4,0.15273
10914.9,0.1524
10917.4,0.15198
10919.9,0.15161
10922.4,0.15127
10924.9,0.15083
10927.4,0.15002
10929.9,0.14957
10932.4,0.14909
10934.9,0.14876
10937.4,0.14802
10939.9,0.14813
10942.4,0.1487
10944.9,0.1485
10947.4,0.14917
10949.9,0.14928
10952.3,0.14922
10954.8,0.14902
10957.3,0.14811
10959.8,0.14684
10962.3,0.14648
10964.8,0.1457
10967.3,0.14475
10969.8,0.14462
10972.3,0.14451
10974.8,0.14396
10977.3,0.14422
10979.8,0.14426
10982.3,0.14439
10984.8,0.14499
10987.3,0.14509
10989.8,0.1452
10992.3,0.14545
10994.8,0.14567
10997.3,0.1453
10999.8,0.14554
