wave,flux
3700.85,0.070489
3701.75,0.069037
3702.65,0.066088
3703.55,0.062311
3704.45,0.057334
3705.35,0.052877
3706.25,0.049602
3707.15,0.047782
3708.05,0.047493
3708.96,0.048675
3709.86,0.051166
3710.76,0.055096
3711.66,0.059537
3712.56,0.064136
3713.46,0.068568
3714.36,0.070432
3715.26,0.071177
3716.16,0.069231
3717.06,0.065861
3717.96,0.060876
3718.86,0.054786
3719.76,0.048503
3720.66,0.043952
3721.56,0.041305
3722.46,0.041364
3723.36,0.043989
3724.26,0.04787
3725.16,0.051852
3726.06,0.054712
3726.96,0.056196
3727.86,0.056817
3728.76,0.056671
3729.66,0.055747
3730.56,0.054459
3731.46,0.052016
3732.36,0.048385
3733.26,0.043919
3734.16,0.039301
3735.06,0.035618
3735.96,0.033903
3736.86,0.034051
3737.76,0.036218
3738.66,0.040396
3739.56,0.0451
3740.46,0.049122
3741.36,0.051716
3742.26,0.052411
3743.16,0.05073
3744.06,0.047808
3744.96,0.044237
3745.86,0.040871
3746.76,0.037977
3747.67,0.036179
3748.57,0.035144
3749.47,0.03557
3750.37,0.037761
3751.27,0.041771
3752.17,0.046771
3753.07,0.052382
3753.97,0.056936
3754.87,0.060041
3755.77,0.060937
3756.67,0.059769
3757.57,0.056703
3758.47,0.05361
3759.37,0.05076
3760.27,0.049731
3761.17,0.049981
3762.07,0.050689
3762.97,0.051628
3763.87,0.052202
3764.77,0.052239
3765.67,0.052506
3766.57,0.052929
3767.47,0.053709
3768.37,0.054945
3769.27,0.05654
3770.17,0.058536
3771.07,0.060965
3771.97,0.063182
3772.87,0.064922
3773.77,0.066753
3774.67,0.068185
3775.57,0.068211
3776.47,0.06879
3777.37,0.069319
3778.27,0.070258
3779.17,0.070767
3780.07,0.072397
3780.97,0.073615
3781.87,0.074499
3782.77,0.074851
3783.67,0.074801
3784.57,0.072923
3785.47,0.070415
3786.38,0.066716
3787.28,0.062838
3788.18,0.059753
3789.08,0.057389
3789.98,0.056439
3790.88,0.056062
3791.78,0.056129
3792.68,0.055858
3793.58,0.055448
3794.48,0.054415
3795.38,0.052973
3796.28,0.051251
3797.18,0.049883
3798.08,0.049151
3798.98,0.049473
3799.88,0.050835
3800.78,0.053504
3801.68,0.057063
3802.58,0.061004
3803.48,0.064482
3804.38,0.066674
3805.28,0.067528
3806.18,0.067255
3807.08,0.06659
3807.98,0.066407
3808.88,0.065859
3809.78,0.066435
3810.68,0.066499
3811.58,0.065777
3812.48,0.063737
3813.38,0.060846
3814.28,0.056787
3815.18,0.053674
3816.08,0.051272
3816.98,0.049457
3817.88,0.048334
3818.78,0.047492
3819.68,0.046388
3820.58,0.04499
3821.48,0.043882
3822.38,0.043234
3823.28,0.042259
3824.18,0.041271
3825.09,0.039848
3825.99,0.038188
3826.89,0.036949
3827.79,0.036146
3828.69,0.036139
3829.59,0.036624
3830.49,0.03682
3831.39,0.036622
3832.29,0.036122
3833.19,0.035479
3834.09,0.035127
3834.99,0.035155
3835.89,0.035345
3836.79,0.035706
3837.69,0.03591
3838.59,0.035843
3839.49,0.036229
3840.39,0.037399
3841.29,0.039604
3842.19,0.043127
3843.09,0.04692
3843.99,0.050737
3844.89,0.053849
3845.79,0.056051
3846.69,0.057378
3847.59,0.057788
3848.49,0.057475
3849.39,0.056852
3850.29,0.056032
3851.19,0.055431
3852.09,0.055487
3852.99,0.055137
3853.89,0.054514
3854.79,0.053506
3855.69,0.052092
3856.59,0.049698
3857.49,0.047696
3858.39,0.045686
3859.29,0.044425
3860.19,0.043696
3861.09,0.044798
3861.99,0.04701
3862.9,0.050158
3863.8,0.053066
3864.7,0.05503
3865.6,0.056245
3866.5,0.0562
3867.4,0.055739
3868.3,0.054563
3869.2,0.053058
3870.1,0.051648
3871.0,0.050012
3871.9,0.048902
3872.8,0.048847
3873.7,0.049801
3874.6,0.051296
3875.5,0.052784
3876.4,0.053491
3877.3,0.053867
3878.2,0.052707
3879.1,0.051539
3880.0,0.050755
3880.9,0.050617
3881.8,0.050862
3882.7,0.051555
3883.6,0.051719
3884.5,0.052
3885.4,0.05144
3886.3,0.050692
3887.2,0.049679
3888.1,0.049491
3889.0,0.050362
3889.9,0.052596
3890.8,0.055532
3891.7,0.059045
3892.6,0.061953
3893.5,0.063923
3894.4,0.064913
3895.3,0.065556
3896.2,0.065613
3897.1,0.065577
3898.0,0.065781
3898.9,0.065431
3899.8,0.065371
3900.7,0.065475
3901.6,0.064828
3902.51,0.064422
3903.41,0.063621
3904.31,0.062744
3905.21,0.062143
3906.11,0.062025
3907.01,0.063282
3907.91,0.065188
3908.81,0.067728
3909.71,0.070504
3910.61,0.073261
3911.51,0.075334
3912.41,0.0767
3913.31,0.076995
3914.21,0.076822
3915.11,0.076151
3916.01,0.074725
3916.91,0.073266
3917.81,0.070815
3918.71,0.06836
3919.61,0.065523
3920.51,0.062844
3921.41,0.060315
3922.31,0.058621
3923.21,0.057312
3924.11,0.056666
3925.01,0.055445
3925.91,0.053789
3926.81,0.050782
3927.71,0.047059
3928.61,0.042315
3929.51,0.037419
3930.41,0.032727
3931.31,0.028446
3932.21,0.024951
3933.11,0.022311
3934.01,0.020864
3934.91,0.021043
3935.81,0.02238
3936.71,0.025137
3937.61,0.0288
3938.51,0.033081
3939.42,0.037668
3940.32,0.041837
3941.22,0.045289
3942.12,0.04804
3943.02,0.05
3943.92,0.051688
3944.82,0.054016
3945.72,0.056608
3946.62,0.059793
3947.52,0.062902
3948.42,0.06598
3949.32,0.068673
3950.22,0.070451
3951.12,0.072328
3952.02,0.073866
3952.92,0.074442
3953.82,0.074859
3954.72,0.07518
3955.62,0.074637
3956.52,0.073973
3957.42,0.072754
3958.32,0.071119
3959.22,0.068663
3960.12,0.065723
3961.02,0.061458
3961.92,0.056899
3962.82,0.051971
3963.72,0.047291
3964.62,0.042568
3965.52,0.038286
3966.42,0.034141
3967.32,0.030263
3968.22,0.02738
3969.12,0.025517
3970.02,0.025564
3970.92,0.02739
3971.82,0.030594
3972.72,0.03533
3973.62,0.040738
3974.52,0.0463
3975.42,0.05195
3976.32,0.057929
3977.22,0.0632
3978.13,0.068213
3979.03,0.072871
3979.93,0.076269
3980.83,0.078936
3981.73,0.081173
3982.63,0.082298
3983.53,0.08288
3984.43,0.083466
3985.33,0.084526
3986.23,0.085523
3987.13,0.086973
3988.03,0.088635
3988.93,0.089466
3989.83,0.090589
3990.73,0.091532
3991.63,0.092102
3992.53,0.092689
3993.43,0.093124
3994.33,0.092593
3995.23,0.092072
3996.13,0.091694
3997.03,0.090391
3997.93,0.090177
3998.83,0.091017
3999.73,0.09228
4000.63,0.094189
4001.53,0.095787
4002.43,0.096518
4003.33,0.096736
4004.23,0.094971
4005.13,0.093371
4006.03,0.091401
4006.93,0.090889
4007.83,0.0909
4008.73,0.092769
4009.63,0.094372
4010.53,0.09672
4011.43,0.09826
4012.33,0.099793
4013.23,0.1008
4014.13,0.10134
4015.03,0.10179
4015.93,0.10191
4016.84,0.10194
4017.74,0.10165
4018.64,0.10227
4019.54,0.10226
4020.44,0.10235
4021.34,0.10232
4022.24,0.1021
4023.14,0.10193
4024.04,0.10177
4024.94,0.10229
4025.84,0.10257
4026.74,0.10299
4027.64,0.10385
4028.54,0.10305
4029.44,0.10124
4030.34,0.099114
4031.24,0.095082
4032.14,0.091363
4033.04,0.088726
4033.94,0.088338
4034.84,0.089496
4035.74,0.091977
4036.64,0.0962
4037.54,0.099722
4038.44,0.10387
4039.34,0.10529
4040.24,0.10569
4041.14,0.10509
4042.04,0.10274
4042.94,0.099839
4043.84,0.095568
4044.74,0.090968
4045.64,0.087397
4046.54,0.085841
4047.44,0.086111
4048.34,0.089202
4049.24,0.093367
4050.14,0.097502
4051.04,0.10098
4051.94,0.1028
4052.84,0.10334
4053.74,0.10262
4054.65,0.10092
4055.55,0.099101
4056.45,0.097529
4057.35,0.096212
4058.25,0.095304
4059.15,0.095116
4060.05,0.095172
4060.95,0.094586
4061.85,0.09337
4062.75,0.091642
4063.65,0.089122
4064.55,0.088031
4065.45,0.087586
4066.35,0.089019
4067.25,0.090827
4068.15,0.093515
4069.05,0.09534
4069.95,0.096822
4070.85,0.096611
4071.75,0.096639
4072.65,0.095873
4073.55,0.095111
4074.45,0.095175
4075.35,0.094433
4076.25,0.093383
4077.15,0.092879
4078.05,0.092406
4078.95,0.092816
4079.85,0.094904
4080.75,0.097782
4081.65,0.1009
4082.55,0.10302
4083.45,0.10419
4084.35,0.1048
4085.25,0.10537
4086.15,0.10651
4087.05,0.10832
4087.95,0.11096
4088.85,0.11305
4089.75,0.114
4090.65,0.11534
4091.55,0.11449
4092.45,0.11314
4093.36,0.11169
4094.26,0.10989
4095.16,0.10769
4096.06,0.10499
4096.96,0.10217
4097.86,0.099069
4098.76,0.09648
4099.66,0.093469
4100.56,0.0906
4101.46,0.089151
4102.36,0.087748
4103.26,0.088252
4104.16,0.090171
4105.06,0.0933
4105.96,0.096428
4106.86,0.099764
4107.76,0.10218
4108.66,0.10346
4109.56,0.10388
4110.46,0.10411
4111.36,0.10419
4112.26,0.10448
4113.16,0.10524
4114.06,0.10665
4114.96,0.10769
4115.86,0.10811
4116.76,0.10892
4117.66,0.10865
4118.56,0.10708
4119.46,0.10597
4120.36,0.1052
4121.26,0.10512
4122.16,0.1051
4123.06,0.10543
4123.96,0.10594
4124.86,0.10668
4125.76,0.107
4126.66,0.10657
4127.56,0.10591
4128.46,0.10518
4129.36,0.10287
4130.26,0.10088
4131.17,0.099124
4132.06,0.097553
4132.97,0.096311
4133.87,0.095639
4134.77,0.096653
4135.67,0.098763
4136.57,0.10121
4137.47,0.10392
4138.37,0.10602
4139.27,0.10748
4140.17,0.10668
4141.07,0.10495
4141.97,0.10243
4142.87,0.099431
4143.77,0.096906
4144.67,0.094839
4145.57,0.095051
4146.47,0.095874
4147.37,0.098202
4148.27,0.099617
4149.17,0.10139
4150.07,0.10129
4150.97,0.10117
4151.87,0.10094
4152.77,0.10013
4153.67,0.099189
4154.57,0.098968
4155.47,0.09819
4156.37,0.099219
4157.27,0.10044
4158.17,0.10162
4159.07,0.10321
4159.97,0.10532
4160.87,0.10696
4161.77,0.10878
4162.67,0.10951
4163.57,0.11076
4164.47,0.11025
4165.37,0.10912
4166.27,0.10747
4167.17,0.10631
4168.07,0.10529
4168.98,0.10427
4169.88,0.10317
4170.78,0.10175
4171.68,0.099606
4172.58,0.097969
4173.48,0.096295
4174.38,0.094789
4175.28,0.094666
4176.18,0.095138
4177.08,0.096065
4177.98,0.097154
4178.88,0.098515
4179.78,0.099393
4180.68,0.10052
4181.58,0.10062
4182.48,0.10108
4183.38,0.10176
4184.28,0.10238
4185.18,0.10204
4186.08,0.1021
4186.98,0.10125
4187.88,0.10044
4188.78,0.10078
4189.68,0.10106
4190.58,0.10194
4191.48,0.10305
4192.38,0.10389
4193.28,0.1046
4194.18,0.10521
4195.08,0.10383
4195.98,0.1023
4196.88,0.099401
4197.78,0.097613
4198.68,0.094882
4199.58,0.094126
4200.48,0.093005
4201.38,0.09293
4202.28,0.093782
4203.18,0.095049
4204.08,0.097331
4204.98,0.099593
4205.88,0.10283
4206.79,0.10508
4207.69,0.10702
4208.59,0.10859
4209.49,0.10931
4210.39,0.10959
4211.29,0.10981
4212.19,0.10928
4213.09,0.10829
4213.99,0.10702
4214.89,0.1058
4215.79,0.10465
4216.69,0.10424
4217.59,0.10541
4218.49,0.10675
4219.39,0.10908
4220.29,0.11006
4221.19,0.11051
4222.09,0.10839
4222.99,0.10478
4223.89,0.099933
4224.79,0.093302
4225.69,0.086879
4226.59,0.082647
4227.49,0.080459
4228.39,0.081739
4229.29,0.085746
4230.19,0.090643
4231.09,0.095575
4231.99,0.09971
4232.89,0.10216
4233.79,0.1036
4234.69,0.10322
4235.59,0.10249
4236.49,0.10107
4237.39,0.10057
4238.29,0.10126
4239.19,0.10239
4240.09,0.10371
4240.99,0.10574
4241.89,0.10784
4242.79,0.10972
4243.69,0.11138
4244.59,0.11338
4245.5,0.11336
4246.4,0.11246
4247.3,0.11082
4248.2,0.10773
4249.1,0.10488
4250.0,0.10214
4250.9,0.10038
4251.8,0.099368
4252.7,0.099072
4253.6,0.099782
4254.5,0.1002
4255.4,0.10089
4256.3,0.10161
4257.2,0.1023
4258.1,0.10253
4259.0,0.10221
4259.9,0.10134
4260.8,0.10083
4261.7,0.10141
4262.6,0.10342
4263.5,0.10624
4264.4,0.10915
4265.3,0.11211
4266.2,0.11363
4267.1,0.11359
4268.0,0.11135
4268.9,0.10781
4269.8,0.10334
4270.7,0.098072
4271.6,0.093747
4272.5,0.090089
4273.4,0.088451
4274.3,0.088758
4275.2,0.090546
4276.1,0.093807
4277.0,0.098007
4277.9,0.10153
4278.8,0.10434
4279.7,0.10619
4280.6,0.10671
4281.5,0.10655
4282.4,0.10611
4283.31,0.10558
4284.21,0.10463
4285.11,0.104
4286.01,0.10264
4286.91,0.10095
4287.81,0.098839
4288.71,0.0964
4289.61,0.094714
4290.51,0.093716
4291.41,0.093189
4292.31,0.094616
4293.21,0.095696
4294.11,0.097069
4295.01,0.09737
4295.91,0.096649
4296.81,0.094952
4297.71,0.09154
4298.61,0.087976
4299.51,0.083757
4300.41,0.080095
4301.31,0.077503
4302.21,0.076106
4303.11,0.07551
4304.01,0.075245
4304.91,0.074568
4305.81,0.074762
4306.71,0.073507
4307.61,0.072217
4308.51,0.071396
4309.41,0.071802
4310.31,0.072831
4311.21,0.075588
4312.11,0.07997
4313.01,0.085536
4313.91,0.092368
4314.81,0.099581
4315.71,0.10738
4316.61,0.1147
4317.51,0.12083
4318.41,0.12545
4319.31,0.12738
4320.21,0.12763
4321.12,0.12534
4322.02,0.12102
4322.92,0.11562
4323.82,0.1094
4324.72,0.10435
4325.62,0.10072
4326.52,0.099682
4327.42,0.102
4328.32,0.10585
4329.22,0.11105
4330.12,0.11636
4331.02,0.121
4331.92,0.12392
4332.82,0.12618
4333.72,0.12758
4334.62,0.127
4335.52,0.12545
4336.42,0.12262
4337.32,0.11772
4338.22,0.11246
4339.12,0.10776
4340.02,0.10391
4340.92,0.10103
4341.82,0.10173
4342.72,0.1037
4343.62,0.10649
4344.52,0.11155
4345.42,0.11578
4346.32,0.11922
4347.22,0.12164
4348.12,0.12338
4349.02,0.12384
4349.92,0.12297
4350.82,0.12074
4351.72,0.11853
4352.62,0.11693
4353.52,0.11523
4354.42,0.11508
4355.32,0.11603
4356.22,0.11759
4357.12,0.11948
4358.02,0.12073
4358.92,0.12272
4359.83,0.12328
4360.73,0.12539
4361.63,0.12589
4362.53,0.12815
4363.43,0.12919
4364.33,0.13043
4365.23,0.13078
4366.13,0.13079
4367.03,0.12962
4367.93,0.12821
4368.83,0.1261
4369.73,0.12511
4370.63,0.1235
4371.53,0.12157
4372.43,0.11981
4373.33,0.1184
4374.23,0.11691
4375.13,0.11573
4376.03,0.11519
4376.93,0.11557
4377.83,0.11714
4378.73,0.11746
4379.63,0.11793
4380.53,0.11586
4381.43,0.11227
4382.33,0.10775
4383.23,0.1029
4384.13,0.098913
4385.03,0.096676
4385.93,0.097076
4386.83,0.09946
4387.73,0.10235
4388.63,0.10711
4389.53,0.10884
4390.43,0.11219
4391.33,0.11355
4392.23,0.11474
4393.13,0.11614
4394.03,0.11777
4394.93,0.11948
4395.83,0.12083
4396.73,0.12211
4397.64,0.12336
4398.54,0.12366
4399.44,0.12396
4400.34,0.12278
4401.24,0.12145
4402.14,0.11869
4403.04,0.116
4403.94,0.11306
4404.84,0.11133
4405.74,0.10922
4406.64,0.10894
4407.54,0.11028
4408.44,0.11257
4409.34,0.11589
4410.24,0.11964
4411.14,0.12287
4412.04,0.12609
4412.94,0.12784
4413.84,0.1274
4414.74,0.12706
4415.64,0.1255
4416.54,0.12481
4417.44,0.12514
4418.34,0.12664
4419.24,0.12766
4420.14,0.12959
4421.04,0.13076
4421.94,0.13026
4422.84,0.13021
4423.74,0.12914
4424.64,0.12831
4425.54,0.1287
4426.44,0.12809
4427.34,0.12832
4428.24,0.1279
4429.14,0.128
4430.04,0.12757
4430.94,0.12769
4431.84,0.12731
4432.74,0.12667
4433.64,0.12518
4434.54,0.12441
4435.45,0.12382
4436.35,0.12455
4437.25,0.12613
4438.15,0.12785
4439.05,0.12978
4439.95,0.13105
4440.85,0.13217
4441.75,0.13138
4442.65,0.1307
4443.55,0.13088
4444.45,0.1313
4445.35,0.13256
4446.25,0.13302
4447.15,0.13533
4448.05,0.13609
4448.95,0.13708
4449.85,0.13649
4450.75,0.13623
4451.65,0.13475
4452.55,0.13258
4453.45,0.12957
4454.35,0.12746
4455.25,0.12448
4456.15,0.12185
4457.05,0.1201
4457.95,0.11911
4458.85,0.11815
4459.75,0.11798
4460.65,0.11832
4461.55,0.11916
4462.45,0.1208
4463.35,0.12269
4464.25,0.12411
4465.15,0.12681
4466.05,0.12866
4466.95,0.12984
4467.85,0.13067
4468.75,0.13053
4469.65,0.13159
4470.55,0.13186
4471.45,0.1339
4472.35,0.13568
4473.25,0.13795
4474.16,0.13994
4475.06,0.14226
4475.96,0.14374
4476.86,0.14409
4477.76,0.1446
4478.66,0.14383
4479.56,0.14193
4480.46,0.13995
4481.36,0.13846
4482.26,0.1373
4483.16,0.1367
4484.06,0.13849
4484.96,0.13916
4485.86,0.14159
4486.76,0.14302
4487.66,0.14259
4488.56,0.14233
4489.46,0.14075
4490.36,0.13953
4491.26,0.13907
4492.16,0.13803
4493.06,0.13766
4493.96,0.13702
4494.86,0.13694
4495.76,0.13644
4496.66,0.13704
4497.56,0.13799
4498.46,0.1393
4499.36,0.14149
4500.26,0.14357
4501.16,0.14599
4502.06,0.14736
4502.96,0.14958
4503.86,0.15086
4504.76,0.15265
4505.66,0.15426
4506.56,0.15394
4507.46,0.15493
4508.36,0.1548
4509.26,0.15414
4510.17,0.15335
4511.06,0.15245
4511.97,0.15161
4512.87,0.15004
4513.77,0.14935
4514.67,0.14733
4515.57,0.14683
4516.47,0.14566
4517.37,0.14596
4518.27,0.14548
4519.17,0.1461
4520.07,0.14704
4520.97,0.14682
4521.87,0.1467
4522.77,0.14578
4523.67,0.14409
4524.57,0.14178
4525.47,0.14008
4526.37,0.13564
4527.27,0.13236
4528.17,0.13019
4529.07,0.12823
4529.97,0.12678
4530.87,0.12669
4531.77,0.12666
4532.67,0.12754
4533.57,0.12809
4534.47,0.12945
4535.37,0.13096
4536.27,0.13262
4537.17,0.13554
4538.07,0.13776
4538.97,0.1398
4539.87,0.1426
4540.77,0.14366
4541.67,0.14375
4542.57,0.14434
4543.47,0.14422
4544.37,0.14304
4545.27,0.14312
4546.17,0.14202
4547.07,0.1416
4547.97,0.14037
4548.88,0.13956
4549.77,0.13928
4550.68,0.13846
4551.58,0.13848
4552.48,0.13864
4553.38,0.13839
4554.28,0.13873
4555.18,0.13884
4556.08,0.14124
4556.98,0.14309
4557.88,0.14543
4558.78,0.14709
4559.68,0.14918
4560.58,0.15092
4561.48,0.15118
4562.38,0.15079
4563.28,0.14938
4564.18,0.14802
4565.08,0.14785
4565.98,0.147
4566.88,0.14745
4567.78,0.14796
4568.68,0.14898
4569.58,0.14997
4570.48,0.14937
4571.38,0.1493
4572.28,0.14977
4573.18,0.15016
4574.08,0.15016
4574.98,0.15041
4575.88,0.15046
4576.78,0.15092
4577.68,0.14941
4578.58,0.14806
4579.48,0.14636
4580.38,0.1445
4581.28,0.14388
4582.18,0.14247
4583.08,0.14194
4583.98,0.14188
4584.88,0.14215
4585.78,0.14318
4586.69,0.14401
4587.58,0.14538
4588.49,0.1468
4589.39,0.14796
4590.29,0.14874
4591.19,0.14846
4592.09,0.14748
4592.99,0.14649
4593.89,0.14588
4594.79,0.14463
4595.69,0.1439
4596.59,0.14334
4597.49,0.14369
4598.39,0.14407
4599.29,0.14404
4600.19,0.14478
4601.09,0.14451
4601.99,0.14436
4602.89,0.14531
4603.79,0.14571
4604.69,0.14621
4605.59,0.14804
4606.49,0.14879
4607.39,0.15073
4608.29,0.15206
4609.19,0.15354
4610.09,0.15532
4610.99,0.15583
4611.89,0.15546
4612.79,0.15519
4613.69,0.15517
4614.59,0.15513
4615.49,0.15509
4616.39,0.1552
4617.29,0.1547
4618.19,0.15528
4619.09,0.15556
4619.99,0.15552
4620.89,0.15566
4621.79,0.15642
4622.69,0.15651
4623.59,0.15572
4624.5,0.15581
4625.4,0.15584
4626.3,0.15579
4627.2,0.15549
4628.1,0.15442
4629.0,0.15507
4629.9,0.15532
4630.8,0.15467
4631.7,0.15452
4632.6,0.15442
4633.5,0.15318
4634.4,0.15249
4635.3,0.15113
4636.2,0.1499
4637.1,0.14874
4638.0,0.14787
4638.9,0.14746
4639.8,0.14655
4640.7,0.14626
4641.6,0.1464
4642.5,0.1471
4643.4,0.14711
4644.3,0.14625
4645.2,0.14531
4646.1,0.14347
4647.0,0.14206
4647.9,0.14164
4648.8,0.1417
4649.7,0.14218
4650.6,0.14307
4651.5,0.14473
4652.4,0.14601
4653.3,0.14651
4654.2,0.14672
4655.1,0.14727
4656.0,0.14813
4656.9,0.14918
4657.8,0.15011
4658.7,0.1524
4659.6,0.15399
4660.5,0.15539
4661.4,0.15572
4662.3,0.15481
4663.21,0.15279
4664.11,0.15106
4665.01,0.1477
4665.91,0.14475
4666.81,0.14172
4667.71,0.13932
4668.61,0.13833
4669.51,0.13824
4670.41,0.13961
4671.31,0.14102
4672.21,0.14397
4673.11,0.14523
4674.01,0.14681
4674.91,0.14877
4675.81,0.15004
4676.71,0.15044
4677.61,0.15027
4678.51,0.14963
4679.41,0.1478
4680.31,0.14802
4681.21,0.14671
4682.11,0.14684
4683.01,0.14668
4683.91,0.14737
4684.81,0.14768
4685.71,0.14878
4686.61,0.14892
4687.51,0.14972
4688.41,0.14991
4689.31,0.14915
4690.21,0.14916
4691.11,0.14857
4692.01,0.14896
4692.91,0.14941
4693.81,0.15079
4694.71,0.15129
4695.61,0.15157
4696.51,0.15216
4697.41,0.15161
4698.31,0.15099
4699.21,0.14886
4700.12,0.14793
4701.02,0.14579
4701.92,0.1446
4702.82,0.14406
4703.72,0.1429
4704.62,0.14285
4705.52,0.14331
4706.42,0.14365
4707.32,0.14296
4708.22,0.14387
4709.12,0.14431
4710.02,0.14477
4710.92,0.14626
4711.82,0.14659
4712.72,0.1471
4713.62,0.14862
4714.52,0.14996
4715.42,0.15019
4716.32,0.15187
4717.22,0.15185
4718.12,0.15457
4719.02,0.15552
4719.92,0.15755
4720.82,0.15766
4721.72,0.15944
4722.62,0.15957
4723.52,0.1588
4724.42,0.15849
4725.32,0.1575
4726.22,0.15594
4727.12,0.15408
4728.02,0.15186
4728.92,0.14928
4729.82,0.14802
4730.72,0.14667
4731.62,0.14653
4732.52,0.14742
4733.42,0.14808
4734.32,0.1498
4735.22,0.1505
4736.12,0.15077
4737.02,0.15175
4737.92,0.15209
4738.83,0.15293
4739.73,0.1533
4740.63,0.15385
4741.53,0.1538
4742.43,0.1546
4743.33,0.15573
4744.23,0.15588
4745.13,0.15664
4746.03,0.15748
4746.93,0.15778
4747.83,0.15818
4748.73,0.15873
4749.63,0.15931
4750.53,0.15833
4751.43,0.15817
4752.33,0.1578
4753.23,0.15649
4754.13,0.15614
4755.03,0.15406
4755.93,0.15344
4756.83,0.15285
4757.73,0.1533
4758.63,0.15224
4759.53,0.15193
4760.43,0.15188
4761.33,0.15144
4762.23,0.14952
4763.13,0.14857
4764.03,0.14699
4764.93,0.14578
4765.83,0.14502
4766.73,0.14524
4767.63,0.14525
4768.53,0.14611
4769.43,0.14826
4770.33,0.14912
4771.23,0.15009
4772.13,0.15132
4773.03,0.15277
4773.93,0.15267
4774.83,0.15506
4775.73,0.15544
4776.64,0.15683
4777.54,0.15664
4778.44,0.15679
4779.34,0.15726
4780.24,0.15627
4781.14,0.15488
4782.04,0.15405
4782.94,0.1531
4783.84,0.15247
4784.74,0.15078
4785.64,0.15035
4786.54,0.1494
4787.44,0.14937
4788.34,0.14966
4789.24,0.14935
4790.14,0.15027
4791.04,0.15201
4791.94,0.15324
4792.84,0.15459
4793.74,0.15652
4794.64,0.15772
4795.54,0.15902
4796.44,0.15984
4797.34,0.15982
4798.24,0.159
4799.14,0.15811
4800.04,0.15754
4800.94,0.15676
4801.84,0.15715
4802.74,0.15692
4803.64,0.15765
4804.54,0.15678
4805.44,0.15659
4806.34,0.15637
4807.24,0.15549
4808.14,0.15523
4809.04,0.15493
4809.94,0.15402
4810.84,0.15512
4811.74,0.1553
4812.64,0.15656
4813.54,0.15687
4814.45,0.15815
4815.35,0.15893
4816.25,0.15993
4817.15,0.16084
4818.05,0.16122
4818.95,0.16151
4819.85,0.16184
4820.75,0.16191
4821.65,0.16045
4822.55,0.15903
4823.45,0.15874
4824.35,0.15712
4825.25,0.15678
4826.15,0.15594
4827.05,0.15584
4827.95,0.15528
4828.85,0.15539
4829.75,0.15517
4830.65,0.1551
4831.55,0.15503
4832.45,0.15514
4833.35,0.15562
4834.25,0.15479
4835.15,0.15503
4836.05,0.15599
4836.95,0.1556
4837.85,0.15635
4838.75,0.15492
4839.65,0.15457
4840.55,0.1542
4841.45,0.15364
4842.35,0.15322
4843.25,0.15336
4844.15,0.15374
4845.05,0.15442
4845.95,0.15521
4846.85,0.15557
4847.75,0.15578
4848.65,0.15652
4849.55,0.15585
4850.45,0.15603
4851.35,0.15524
4852.26,0.15484
4853.16,0.1539
4854.06,0.15273
4854.96,0.15076
4855.86,0.14835
4856.76,0.14628
4857.66,0.14373
4858.56,0.14063
4859.46,0.13713
4860.36,0.13372
4861.26,0.13137
4862.16,0.12989
4863.06,0.12982
4863.96,0.1309
4864.86,0.13334
4865.76,0.13645
4866.66,0.13998
4867.56,0.14232
4868.46,0.14367
4869.36,0.14412
4870.26,0.14373
4871.16,0.14333
4872.06,0.14276
4872.96,0.14311
4873.86,0.14352
4874.76,0.14451
4875.66,0.14602
4876.56,0.14808
4877.46,0.14991
4878.36,0.15137
4879.26,0.15269
4880.16,0.15384
4881.06,0.15437
4881.96,0.15416
4882.86,0.15338
4883.76,0.15251
4884.66,0.15152
4885.56,0.14968
4886.46,0.1485
4887.36,0.14704
4888.26,0.14576
4889.17,0.14537
4890.07,0.14458
4890.97,0.14516
4891.87,0.14659
4892.77,0.14827
4893.67,0.15065
4894.57,0.1547
4895.47,0.15796
4896.37,0.16154
4897.27,0.16335
4898.17,0.16414
4899.07,0.16486
4899.97,0.1644
4900.87,0.16319
4901.77,0.16211
4902.67,0.16104
4903.57,0.16067
4904.47,0.16005
4905.37,0.16014
4906.27,0.15979
4907.17,0.15963
4908.07,0.15915
4908.97,0.15833
4909.87,0.15682
4910.77,0.15656
4911.67,0.15587
4912.57,0.15576
4913.47,0.15632
4914.37,0.15687
4915.27,0.15598
4916.17,0.15614
4917.07,0.15406
4917.97,0.15203
4918.87,0.14897
4919.77,0.14611
4920.67,0.14368
4921.57,0.14222
4922.47,0.14233
4923.37,0.14396
4924.27,0.14611
4925.17,0.14885
4926.07,0.15188
4926.98,0.15483
4927.88,0.15738
4928.78,0.15916
4929.68,0.16125
4930.58,0.1623
4931.48,0.162
4932.38,0.16147
4933.28,0.16028
4934.18,0.15858
4935.08,0.15676
4935.98,0.15507
4936.88,0.15359
4937.78,0.15198
4938.68,0.15146
4939.58,0.15076
4940.48,0.15227
4941.38,0.15418
4942.28,0.1558
4943.18,0.15806
4944.08,0.15971
4944.98,0.16155
4945.88,0.16371
4946.78,0.16404
4947.68,0.16542
4948.58,0.16593
4949.48,0.16559
4950.38,0.16659
4951.28,0.16629
4952.18,0.16499
4953.08,0.16408
4953.98,0.16163
4954.88,0.15958
4955.78,0.15598
4956.68,0.15272
4957.58,0.1514
4958.48,0.14928
4959.38,0.14896
4960.28,0.15005
4961.18,0.15124
4962.08,0.1533
4962.98,0.15464
4963.88,0.15552
4964.79,0.15553
4965.69,0.15536
4966.59,0.15391
4967.49,0.15411
4968.39,0.15352
4969.29,0.15301
4970.19,0.15366
4971.09,0.15455
4971.99,0.15558
4972.89,0.15687
4973.79,0.15733
4974.69,0.15805
4975.59,0.15876
4976.49,0.1586
4977.39,0.15689
4978.29,0.15536
4979.19,0.15344
4980.09,0.15146
4980.99,0.1483
4981.89,0.14575
4982.79,0.14344
4983.69,0.14237
4984.59,0.14172
4985.49,0.14261
4986.39,0.14362
4987.29,0.14549
4988.19,0.14779
4989.09,0.14939
4989.99,0.15089
4990.89,0.15203
4991.79,0.15223
4992.69,0.15297
4993.59,0.1533
4994.49,0.15345
4995.39,0.1538
4996.29,0.15343
4997.19,0.15333
4998.09,0.1519
4998.99,0.15139
4999.89,0.14973
5000.79,0.14839
5001.7,0.14711
5002.6,0.14504
5003.5,0.14417
5004.4,0.14315
5005.3,0.14251
5006.2,0.14266
5007.1,0.1424
5008.0,0.143
5008.9,0.14297
5009.8,0.14312
5010.7,0.14355
5011.6,0.14227
5012.5,0.14179
5013.4,0.14075
5014.3,0.13987
5015.2,0.13887
5016.1,0.13859
5017.0,0.13852
5017.9,0.13945
5018.8,0.14032
5019.7,0.14114
5020.6,0.14228
5021.5,0.14323
5022.4,0.14355
5023.3,0.14459
5024.2,0.1455
5025.1,0.14685
5026.0,0.14663
5026.9,0.14675
5027.8,0.14871
5028.7,0.1496
5029.6,0.15063
5030.5,0.15236
5031.4,0.15311
5032.3,0.15397
5033.2,0.15446
5034.1,0.15417
5035.0,0.1533
5035.9,0.1519
5036.8,0.1494
5037.7,0.14726
5038.6,0.14451
5039.5,0.14215
5040.41,0.14124
5041.31,0.13926
5042.21,0.13966
5043.11,0.14142
5044.01,0.14336
5044.91,0.14657
5045.81,0.14878
5046.71,0.15066
5047.61,0.15206
5048.51,0.15219
5049.41,0.15188
5050.31,0.1508
5051.21,0.15034
5052.11,0.15001
5053.01,0.15055
5053.91,0.15161
5054.81,0.15302
5055.71,0.15479
5056.61,0.15615
5057.51,0.15786
5058.41,0.15894
5059.31,0.15962
5060.21,0.1602
5061.11,0.16032
5062.01,0.15927
5062.91,0.15792
5063.81,0.15677
5064.71,0.15474
5065.61,0.15336
5066.51,0.15138
5067.41,0.15019
5068.31,0.14916
5069.21,0.14989
5070.11,0.15
5071.01,0.15028
5071.91,0.15078
5072.81,0.15045
5073.71,0.15042
5074.61,0.1509
5075.51,0.15017
5076.42,0.14919
5077.31,0.14889
5078.21,0.14722
5079.12,0.14573
5080.02,0.14368
5080.92,0.14301
5081.82,0.14281
5082.72,0.14247
5083.62,0.14273
5084.52,0.14424
5085.42,0.14542
5086.32,0.1476
5087.22,0.1494
5088.12,0.15129
5089.02,0.15279
5089.92,0.15413
5090.82,0.15529
5091.72,0.15563
5092.62,0.15593
5093.52,0.15621
5094.42,0.15549
5095.32,0.15516
5096.22,0.15318
5097.12,0.15212
5098.02,0.15038
5098.92,0.14872
5099.82,0.14773
5100.72,0.14739
5101.62,0.14754
5102.52,0.14822
5103.42,0.14795
5104.32,0.1485
5105.22,0.14796
5106.12,0.14809
5107.02,0.14767
5107.92,0.14661
5108.82,0.14605
5109.72,0.14617
5110.62,0.14636
5111.52,0.14668
5112.42,0.14845
5113.32,0.14953
5114.22,0.15146
5115.12,0.15254
5116.03,0.15405
5116.93,0.15587
5117.83,0.15629
5118.73,0.15635
5119.63,0.15585
5120.53,0.15465
5121.43,0.15278
5122.33,0.151
5123.23,0.14849
5124.13,0.14648
5125.03,0.14482
5125.93,0.14383
5126.83,0.14239
5127.73,0.14245
5128.63,0.14286
5129.53,0.14282
5130.43,0.14379
5131.33,0.14541
5132.23,0.14615
5133.13,0.14743
5134.03,0.14863
5134.93,0.14881
5135.83,0.1498
5136.73,0.14904
5137.63,0.1481
5138.53,0.14729
5139.43,0.14629
5140.33,0.14549
5141.23,0.14502
5142.13,0.14387
5143.03,0.14397
5143.93,0.143
5144.83,0.14321
5145.73,0.14274
5146.63,0.14364
5147.53,0.143
5148.43,0.14343
5149.33,0.14334
5150.23,0.14295
5151.13,0.14297
5152.03,0.14316
5152.94,0.14379
5153.84,0.14364
5154.74,0.14553
5155.64,0.14598
5156.54,0.14791
5157.44,0.14982
5158.34,0.15211
5159.24,0.15258
5160.14,0.15316
5161.04,0.15298
5161.94,0.15174
5162.84,0.14917
5163.74,0.1454
5164.64,0.14077
5165.54,0.1361
5166.44,0.13137
5167.34,0.12536
5168.24,0.12077
5169.14,0.11715
5170.04,0.11452
5170.94,0.11368
5171.84,0.11309
5172.74,0.11335
5173.64,0.11519
5174.54,0.11786
5175.44,0.12125
5176.34,0.12471
5177.24,0.12889
5178.14,0.13196
5179.04,0.13328
5179.94,0.13315
5180.84,0.13183
5181.74,0.12927
5182.64,0.12583
5183.54,0.1237
5184.44,0.12259
5185.34,0.12286
5186.24,0.12488
5187.14,0.1284
5188.04,0.1321
5188.94,0.1349
5189.84,0.13777
5190.75,0.14027
5191.65,0.1409
5192.55,0.14209
5193.45,0.14115
5194.35,0.14194
5195.25,0.14244
5196.15,0.14324
5197.05,0.14493
5197.95,0.14612
5198.85,0.14785
5199.75,0.14903
5200.65,0.14941
5201.55,0.14958
5202.45,0.14793
5203.35,0.14625
5204.25,0.14417
5205.15,0.14171
5206.05,0.13855
5206.95,0.13627
5207.85,0.1351
5208.75,0.13461
5209.65,0.13524
5210.55,0.13724
5211.45,0.14001
5212.35,0.14234
5213.25,0.14534
5214.15,0.14792
5215.05,0.15017
5215.95,0.15126
5216.85,0.15273
5217.75,0.15362
5218.65,0.15391
5219.55,0.15508
5220.45,0.15538
5221.35,0.15535
5222.25,0.15489
5223.15,0.15386
5224.05,0.1515
5224.95,0.14903
5225.85,0.14662
5226.75,0.14536
5227.66,0.14436
5228.56,0.14407
5229.46,0.14495
5230.36,0.14647
5231.26,0.14874
5232.16,0.15021
5233.06,0.15182
5233.96,0.1527
5234.86,0.15444
5235.76,0.1556
5236.66,0.1563
5237.56,0.15779
5238.46,0.1605
5239.36,0.16074
5240.26,0.16171
5241.16,0.16212
5242.06,0.16308
5242.96,0.1632
5243.86,0.16278
5244.76,0.16195
5245.66,0.16067
5246.56,0.15904
5247.46,0.15772
5248.36,0.15633
5249.26,0.15467
5250.16,0.15316
5251.06,0.15292
5251.96,0.15293
5252.86,0.15308
5253.76,0.15349
5254.66,0.15475
5255.56,0.15629
5256.46,0.15729
5257.36,0.15817
5258.26,0.15874
5259.16,0.15856
5260.06,0.15868
5260.96,0.1567
5261.86,0.15368
5262.76,0.15085
5263.66,0.14661
5264.56,0.14318
5265.47,0.14001
5266.37,0.13698
5267.27,0.13451
5268.17,0.13355
5269.07,0.1323
5269.97,0.1331
5270.87,0.13311
5271.77,0.13568
5272.67,0.1386
5273.57,0.14172
5274.47,0.14465
5275.37,0.14845
5276.27,0.15143
5277.17,0.1538
5278.07,0.15617
5278.97,0.15758
5279.87,0.15913
5280.77,0.15894
5281.67,0.15953
5282.57,0.1586
5283.47,0.15873
5284.37,0.15959
5285.27,0.16123
5286.17,0.16201
5287.07,0.16468
5287.97,0.16604
5288.87,0.1671
5289.77,0.16889
5290.67,0.16967
5291.57,0.16935
5292.47,0.16916
5293.37,0.16867
5294.27,0.16659
5295.17,0.16537
5296.07,0.16207
5296.97,0.16071
5297.87,0.15908
5298.77,0.15721
5299.67,0.15638
5300.57,0.15639
5301.48,0.15813
5302.38,0.15924
5303.27,0.16095
5304.18,0.16373
5305.08,0.16546
5305.98,0.16714
5306.88,0.16891
5307.78,0.16995
5308.68,0.17056
5309.58,0.17156
5310.48,0.17148
5311.38,0.17145
5312.28,0.17159
5313.18,0.17113
5314.08,0.17013
5314.98,0.17047
5315.88,0.16966
5316.78,0.16869
5317.68,0.16789
5318.58,0.167
5319.48,0.16599
5320.38,0.16551
5321.28,0.16431
5322.18,0.16331
5323.08,0.16103
5323.98,0.15866
5324.88,0.15644
5325.78,0.15416
5326.68,0.15152
5327.58,0.14951
5328.48,0.14783
5329.38,0.14656
5330.28,0.14769
5331.18,0.14943
5332.08,0.15161
5332.98,0.15448
5333.88,0.15721
5334.78,0.15935
5335.68,0.16192
5336.58,0.16271
5337.48,0.16353
5338.38,0.16357
5339.28,0.16191
5340.19,0.1605
5341.08,0.16056
5341.99,0.16055
5342.89,0.15964
5343.79,0.16019
5344.69,0.16092
5345.59,0.1612
5346.49,0.16136
5347.39,0.16133
5348.29,0.16227
5349.19,0.16198
5350.09,0.16273
5350.99,0.16429
5351.89,0.16617
5352.79,0.16675
5353.69,0.16918
5354.59,0.17051
5355.49,0.17272
5356.39,0.17423
5357.29,0.1741
5358.19,0.17528
5359.09,0.17447
5359.99,0.17555
5360.89,0.17457
5361.79,0.1732
5362.69,0.17155
5363.59,0.16924
5364.49,0.16798
5365.39,0.16628
5366.29,0.16437
5367.19,0.16251
5368.09,0.1611
5368.99,0.16054
5369.89,0.15905
5370.79,0.15844
5371.69,0.15714
5372.59,0.15777
5373.49,0.15897
5374.39,0.16077
5375.29,0.1636
5376.19,0.16476
5377.09,0.16702
5378.0,0.16871
5378.9,0.17009
5379.8,0.17011
5380.7,0.16962
5381.6,0.16985
5382.5,0.16913
5383.4,0.16899
5384.3,0.16829
5385.2,0.16853
5386.1,0.16749
5387.0,0.16711
5387.9,0.16642
5388.8,0.16627
5389.7,0.16541
5390.6,0.16449
5391.5,0.16286
5392.4,0.16155
5393.3,0.16003
5394.2,0.15982
5395.1,0.15754
5396.0,0.15645
5396.9,0.15655
5397.8,0.15652
5398.7,0.15621
5399.6,0.1561
5400.5,0.15686
5401.4,0.15732
5402.3,0.15638
5403.2,0.15639
5404.1,0.1553
5405.0,0.15416
5405.9,0.15278
5406.8,0.15191
5407.7,0.15167
5408.6,0.15196
5409.5,0.15265
5410.4,0.15376
5411.3,0.15638
5412.2,0.15782
5413.1,0.15976
5414.0,0.16237
5414.9,0.16368
5415.81,0.16565
5416.71,0.16598
5417.61,0.16731
5418.51,0.16816
5419.41,0.16831
5420.31,0.16816
5421.21,0.16761
5422.11,0.16827
5423.01,0.16776
5423.91,0.16726
5424.81,0.16657
5425.71,0.16544
5426.61,0.16447
5427.51,0.16443
5428.41,0.16391
5429.31,0.16239
5430.21,0.16129
5431.11,0.16006
5432.01,0.15824
5432.91,0.15836
5433.81,0.15754
5434.71,0.15803
5435.61,0.15856
5436.51,0.15958
5437.41,0.16119
5438.31,0.16354
5439.21,0.16511
5440.11,0.16635
5441.01,0.16875
5441.91,0.1691
5442.81,0.17024
5443.71,0.16982
5444.61,0.16812
5445.51,0.16625
5446.41,0.16425
5447.31,0.16245
5448.21,0.16186
5449.11,0.16105
5450.01,0.16042
5450.91,0.16103
5451.81,0.1609
5452.72,0.161
5453.62,0.16144
5454.52,0.16079
5455.42,0.1599
5456.32,0.16009
5457.22,0.15988
5458.12,0.16024
5459.02,0.16032
5459.92,0.16141
5460.82,0.16139
5461.72,0.16217
5462.62,0.16178
5463.52,0.16252
5464.42,0.16109
5465.32,0.16295
5466.22,0.16259
5467.12,0.16263
5468.02,0.16243
5468.92,0.16294
5469.82,0.16342
5470.72,0.16358
5471.62,0.16243
5472.52,0.16099
5473.42,0.16049
5474.32,0.15992
5475.22,0.15781
5476.12,0.15728
5477.02,0.15558
5477.92,0.15581
5478.82,0.15629
5479.72,0.15602
5480.62,0.15701
5481.52,0.15737
5482.42,0.1586
5483.32,0.15921
5484.22,0.1602
5485.12,0.1613
5486.02,0.16183
5486.92,0.16224
5487.82,0.16308
5488.72,0.16309
5489.62,0.16362
5490.53,0.16355
5491.43,0.16405
5492.33,0.16388
5493.23,0.16417
5494.13,0.16466
5495.03,0.16395
5495.93,0.16384
5496.83,0.16397
5497.73,0.16364
5498.63,0.16365
5499.53,0.16295
5500.43,0.16345
5501.33,0.16361
5502.23,0.16208
5503.13,0.1617
5504.03,0.16156
5504.93,0.16039
5505.83,0.16121
5506.73,0.16072
5507.63,0.1607
5508.53,0.16009
5509.43,0.16083
5510.33,0.15956
5511.23,0.15953
5512.13,0.15914
5513.03,0.15872
5513.93,0.1587
5514.83,0.15865
5515.73,0.15958
5516.63,0.16063
5517.53,0.16193
5518.43,0.16334
5519.33,0.16427
5520.23,0.1665
5521.13,0.16682
5522.03,0.16764
5522.93,0.16699
5523.83,0.16657
5524.73,0.16604
5525.63,0.16495
5526.54,0.16406
5527.44,0.16336
5528.33,0.16257
5529.24,0.16223
5530.14,0.16189
5531.04,0.16185
5531.94,0.16237
5532.84,0.16301
5533.74,0.16366
5534.64,0.16414
5535.54,0.16423
5536.44,0.165
5537.34,0.16569
5538.24,0.16626
5539.14,0.167
5540.04,0.1673
5540.94,0.16725
5541.84,0.16796
5542.74,0.16802
5543.64,0.16882
5544.54,0.16869
5545.44,0.16778
5546.34,0.16884
5547.24,0.16872
5548.14,0.17001
5549.04,0.16924
5549.94,0.16975
5550.84,0.17017
5551.74,0.17046
5552.64,0.17076
5553.54,0.16993
5554.44,0.16882
5555.34,0.16888
5556.24,0.16788
5557.14,0.16741
5558.04,0.16718
5558.94,0.16687
5559.84,0.16684
5560.74,0.16626
5561.64,0.166
5562.54,0.16519
5563.44,0.16461
5564.34,0.16383
5565.25,0.16343
5566.15,0.16268
5567.05,0.16228
5567.95,0.16207
5568.85,0.16177
5569.75,0.16168
5570.65,0.16203
5571.55,0.16206
5572.45,0.16248
5573.35,0.16239
5574.25,0.16353
5575.15,0.16418
5576.05,0.1649
5576.95,0.16508
5577.85,0.16574
5578.75,0.16594
5579.65,0.16617
5580.55,0.16609
5581.45,0.16639
5582.35,0.16483
5583.25,0.16482
5584.15,0.16349
5585.05,0.16137
5585.95,0.16068
5586.85,0.15856
5587.75,0.15769
5588.65,0.15592
5589.55,0.15477
5590.45,0.1543
5591.35,0.15469
5592.25,0.1554
5593.15,0.15669
5594.05,0.15709
5594.95,0.1585
5595.85,0.15889
5596.75,0.15907
5597.65,0.15979
5598.55,0.16009
5599.45,0.16035
5600.35,0.15846
5601.25,0.15917
5602.15,0.15849
5603.06,0.15888
5603.96,0.16049
5604.86,0.16057
5605.76,0.16306
5606.66,0.16473
5607.56,0.16708
5608.46,0.16805
5609.36,0.1686
5610.26,0.16855
5611.16,0.16941
5612.06,0.16864
5612.96,0.16726
5613.86,0.16619
5614.76,0.16501
5615.66,0.16304
5616.56,0.16189
5617.46,0.16123
5618.36,0.16073
5619.26,0.16073
5620.16,0.16057
5621.06,0.16122
5621.96,0.16185
5622.86,0.16179
5623.76,0.16191
5624.66,0.16173
5625.56,0.16274
5626.46,0.16158
5627.36,0.16267
5628.26,0.16306
5629.16,0.16454
5630.06,0.16452
5630.96,0.16652
5631.86,0.16645
5632.76,0.16701
5633.66,0.16653
5634.56,0.1666
5635.46,0.16603
5636.36,0.16607
5637.26,0.16446
5638.16,0.16448
5639.06,0.16419
5639.96,0.16356
5640.86,0.16309
5641.77,0.16337
5642.67,0.16264
5643.57,0.16343
5644.47,0.16308
5645.37,0.16365
5646.27,0.16388
5647.17,0.16533
5648.07,0.16469
5648.97,0.16531
5649.87,0.16522
5650.77,0.16602
5651.67,0.16536
5652.57,0.16645
5653.47,0.1658
5654.37,0.1656
5655.27,0.1645
5656.17,0.1639
5657.07,0.16265
5657.97,0.16176
5658.87,0.16005
5659.77,0.15974
5660.67,0.15913
5661.57,0.16003
5662.47,0.15951
5663.37,0.16005
5664.27,0.1609
5665.17,0.1612
5666.07,0.16194
5666.97,0.16303
5667.87,0.1637
5668.77,0.16446
5669.67,0.16414
5670.57,0.16511
5671.47,0.16572
5672.37,0.16645
5673.27,0.16707
5674.17,0.16804
5675.07,0.16856
5675.97,0.1692
5676.88,0.16926
5677.77,0.16991
5678.68,0.16964
5679.58,0.16872
5680.48,0.16761
5681.38,0.16733
5682.28,0.16696
5683.18,0.16644
5684.08,0.16595
5684.98,0.16498
5685.88,0.16483
5686.78,0.16526
5687.68,0.16441
5688.58,0.16494
5689.48,0.16531
5690.38,0.16573
5691.28,0.1665
5692.18,0.16727
5693.08,0.1682
5693.98,0.16855
5694.88,0.16861
5695.78,0.1685
5696.68,0.1682
5697.58,0.16824
5698.48,0.16696
5699.38,0.16705
5700.28,0.16554
5701.18,0.16502
5702.08,0.1645
5702.98,0.16317
5703.88,0.16276
5704.78,0.16275
5705.68,0.16144
5706.58,0.16096
5707.48,0.15984
5708.38,0.15923
5709.28,0.15829
5710.18,0.15826
5711.08,0.15851
5711.98,0.15861
5712.88,0.15967
5713.78,0.16079
5714.68,0.16193
5715.59,0.1639
5716.49,0.16557
5717.39,0.16727
5718.29,0.1678
5719.19,0.16974
5720.09,0.17031
5720.99,0.17102
5721.89,0.17195
5722.79,0.17267
5723.69,0.17251
5724.59,0.1725
5725.49,0.17201
5726.39,0.17199
5727.29,0.17202
5728.19,0.17014
5729.09,0.17052
5729.99,0.17015
5730.89,0.17043
5731.79,0.1704
5732.69,0.1702
5733.59,0.17097
5734.49,0.17086
5735.39,0.17099
5736.29,0.1713
5737.19,0.17163
5738.09,0.17144
5738.99,0.17245
5739.89,0.17271
5740.79,0.17179
5741.69,0.17209
5742.59,0.17188
5743.49,0.17205
5744.39,0.17205
5745.29,0.17256
5746.19,0.17222
5747.09,0.17198
5747.99,0.172
5748.89,0.17179
5749.79,0.17122
5750.69,0.17067
5751.59,0.17016
5752.5,0.16979
5753.4,0.16915
5754.3,0.16977
5755.2,0.16838
5756.1,0.16911
5757.0,0.16916
5757.9,0.16949
5758.8,0.16982
5759.7,0.17014
5760.6,0.16942
5761.5,0.17008
5762.4,0.16981
5763.3,0.16825
5764.2,0.17022
5765.1,0.17008
5766.0,0.17068
5766.9,0.17146
5767.8,0.17209
5768.7,0.17242
5769.6,0.17231
5770.5,0.17302
5771.4,0.1726
5772.3,0.17287
5773.2,0.17265
5774.1,0.17133
5775.0,0.17124
5775.9,0.17049
5776.8,0.16993
5777.7,0.17003
5778.6,0.16958
5779.5,0.16786
5780.4,0.16626
5781.3,0.16558
5782.2,0.16448
5783.1,0.16352
5784.0,0.16309
5784.9,0.16227
5785.8,0.16252
5786.7,0.16322
5787.6,0.16294
5788.5,0.16414
5789.41,0.16551
5790.31,0.1668
5791.21,0.16726
5792.11,0.16859
5793.01,0.16905
5793.91,0.16986
5794.81,0.17045
5795.71,0.17094
5796.61,0.17244
5797.51,0.17317
5798.41,0.17252
5799.31,0.17372
5800.21,0.17355
5801.11,0.17372
5802.01,0.17345
5802.91,0.17437
5803.81,0.17418
5804.71,0.17421
5805.61,0.17462
5806.51,0.17305
5807.41,0.1733
5808.31,0.17317
5809.21,0.17353
5810.11,0.1732
5811.01,0.17343
5811.91,0.17381
5812.81,0.17274
5813.71,0.17337
5814.61,0.17262
5815.51,0.17265
5816.41,0.17279
5817.31,0.17319
5818.21,0.17346
5819.11,0.1736
5820.01,0.17384
5820.91,0.1737
5821.81,0.17431
5822.71,0.17465
5823.61,0.17494
5824.51,0.1761
5825.41,0.17529
5826.31,0.17605
5827.22,0.17584
5828.12,0.17613
5829.02,0.176
5829.92,0.17632
5830.82,0.17546
5831.72,0.17595
5832.62,0.17667
5833.52,0.17587
5834.42,0.17595
5835.32,0.17476
5836.22,0.17525
5837.12,0.17511
5838.02,0.17535
5838.92,0.17557
5839.82,0.17462
5840.72,0.17508
5841.62,0.17593
5842.52,0.17591
5843.42,0.17542
5844.32,0.17547
5845.22,0.17496
5846.12,0.1744
5847.02,0.17408
5847.92,0.17308
5848.82,0.17265
5849.72,0.17153
5850.62,0.17074
5851.52,0.17057
5852.42,0.16909
5853.32,0.16774
5854.22,0.16777
5855.12,0.16679
5856.02,0.16596
5856.92,0.16434
5857.82,0.1641
5858.72,0.16408
5859.62,0.16413
5860.52,0.16492
5861.42,0.16453
5862.32,0.1649
5863.23,0.16557
5864.12,0.16585
5865.03,0.16653
5865.93,0.16681
5866.83,0.16801
5867.73,0.16797
5868.63,0.16844
5869.53,0.16832
5870.43,0.16928
5871.33,0.16935
5872.23,0.16987
5873.13,0.16943
5874.03,0.16983
5874.93,0.1704
5875.83,0.1697
5876.73,0.16965
5877.63,0.16823
5878.53,0.16768
5879.43,0.16766
5880.33,0.16644
5881.23,0.16611
5882.13,0.16543
5883.03,0.16407
5883.93,0.16256
5884.83,0.16128
5885.73,0.15914
5886.63,0.15594
5887.53,0.15315
5888.43,0.14905
5889.33,0.14607
5890.23,0.14256
5891.13,0.13919
5892.03,0.13737
5892.93,0.13636
5893.83,0.13522
5894.73,0.136
5895.63,0.13678
5896.53,0.13768
5897.43,0.1406
5898.33,0.14214
5899.23,0.14479
5900.13,0.14813
5901.04,0.15105
5901.94,0.1532
5902.83,0.15686
5903.74,0.15911
5904.64,0.16115
5905.54,0.16262
5906.44,0.16316
5907.34,0.16471
5908.24,0.16386
5909.14,0.16472
5910.04,0.16499
5910.94,0.16447
5911.84,0.16477
5912.74,0.16452
5913.64,0.16461
5914.54,0.16432
5915.44,0.16323
5916.34,0.16383
5917.24,0.16352
5918.14,0.16385
5919.04,0.16383
5919.94,0.16435
5920.84,0.16406
5921.74,0.16517
5922.64,0.16597
5923.54,0.16612
5924.44,0.16636
5925.34,0.16667
5926.24,0.1665
5927.14,0.16677
5928.04,0.16671
5928.94,0.16666
5929.84,0.16673
5930.74,0.16582
5931.64,0.16587
5932.54,0.16602
5933.44,0.16573
5934.34,0.16598
5935.24,0.16596
5936.14,0.16656
5937.04,0.16622
5937.94,0.16719
5938.85,0.16729
5939.75,0.16643
5940.65,0.16719
5941.55,0.16722
5942.45,0.16651
5943.35,0.16733
5944.25,0.16692
5945.15,0.16687
5946.05,0.16739
5946.95,0.16742
5947.85,0.16735
5948.75,0.16648
5949.65,0.16634
5950.55,0.16611
5951.45,0.16591
5952.35,0.16552
5953.25,0.16546
5954.15,0.16573
5955.05,0.16487
5955.95,0.16577
5956.85,0.16522
5957.75,0.16608
5958.65,0.16637
5959.55,0.1662
5960.45,0.16711
5961.35,0.16684
5962.25,0.16731
5963.15,0.1688
5964.05,0.16866
5964.95,0.16919
5965.85,0.16955
5966.75,0.16909
5967.65,0.1695
5968.55,0.16992
5969.45,0.17021
5970.35,0.17033
5971.25,0.16998
5972.15,0.17069
5973.05,0.1705
5973.95,0.1697
5974.85,0.1691
5975.75,0.16918
5976.65,0.16799
5977.56,0.16717
5978.46,0.16715
5979.36,0.16693
5980.26,0.16697
5981.16,0.16622
5982.06,0.16627
5982.96,0.16618
5983.86,0.16643
5984.76,0.16596
5985.66,0.16537
5986.56,0.16559
5987.46,0.166
5988.36,0.1664
5989.26,0.16703
5990.16,0.16746
5991.06,0.16792
5991.96,0.1684
5992.86,0.16832
5993.76,0.169
5994.66,0.16935
5995.56,0.16891
5996.46,0.16849
5997.36,0.16895
5998.26,0.16922
5999.16,0.16823
6000.06,0.16777
6000.96,0.16811
6001.86,0.16725
6002.76,0.16676
6003.66,0.16672
6004.56,0.1663
6005.46,0.16587
6006.36,0.16591
6007.26,0.16597
6008.16,0.16564
6009.06,0.16555
6009.96,0.16518
6010.86,0.16545
6011.76,0.16558
6012.67,0.1659
6013.56,0.16575
6014.47,0.16566
6015.37,0.16594
6016.27,0.16547
6017.17,0.16519
6018.07,0.16512
6018.97,0.16523
6019.87,0.16485
6020.77,0.16489
6021.67,0.16439
6022.57,0.16415
6023.47,0.16529
6024.37,0.16505
6025.27,0.16638
6026.17,0.16696
6027.07,0.16738
6027.97,0.16908
6028.87,0.16926
6029.77,0.17017
6030.67,0.17006
6031.57,0.17125
6032.47,0.17125
6033.37,0.17101
6034.27,0.17192
6035.17,0.17195
6036.07,0.17234
6036.97,0.17196
6037.87,0.17141
6038.77,0.1719
6039.67,0.17242
6040.57,0.17264
6041.47,0.17204
6042.37,0.17287
6043.27,0.17286
6044.17,0.17312
6045.07,0.17322
6045.97,0.17429
6046.87,0.17401
6047.77,0.17406
6048.67,0.17446
6049.57,0.17418
6050.47,0.17349
6051.38,0.17449
6052.28,0.17385
6053.18,0.17361
6054.08,0.17268
6054.98,0.17253
6055.88,0.17276
6056.78,0.17144
6057.68,0.17155
6058.58,0.17197
6059.48,0.17149
6060.38,0.17079
6061.28,0.17041
6062.18,0.17091
6063.08,0.16991
6063.98,0.17042
6064.88,0.17013
6065.78,0.17028
6066.68,0.16988
6067.58,0.1707
6068.48,0.17055
6069.38,0.17217
6070.28,0.17298
6071.18,0.17312
6072.08,0.17361
6072.98,0.17473
6073.88,0.17462
6074.78,0.17529
6075.68,0.1748
6076.58,0.17314
6077.48,0.17374
6078.38,0.17249
6079.28,0.17182
6080.18,0.17089
6081.08,0.17055
6081.98,0.1698
6082.88,0.16872
6083.78,0.1692
6084.68,0.16905
6085.58,0.16889
6086.48,0.16901
6087.38,0.16898
6088.28,0.16837
6089.19,0.16837
6090.09,0.16834
6090.99,0.16792
6091.89,0.16798
6092.79,0.16865
6093.69,0.16944
6094.59,0.16927
6095.49,0.16871
6096.39,0.17004
6097.29,0.17012
6098.19,0.16979
6099.09,0.16928
6099.99,0.16894
6100.89,0.16817
6101.79,0.16794
6102.69,0.16789
6103.59,0.16702
6104.49,0.16567
6105.39,0.16649
6106.29,0.16658
6107.19,0.16802
6108.09,0.16779
6108.99,0.169
6109.89,0.16952
6110.79,0.16946
6111.69,0.17072
6112.59,0.17129
6113.49,0.17108
6114.39,0.17121
6115.29,0.17097
6116.19,0.17124
6117.09,0.17098
6117.99,0.17004
6118.89,0.16897
6119.79,0.16857
6120.69,0.16745
6121.59,0.16668
6122.49,0.16579
6123.39,0.16566
6124.29,0.16593
6125.19,0.16575
6126.1,0.16604
6127.0,0.16644
6127.9,0.16713
6128.8,0.16709
6129.7,0.16829
6130.6,0.16824
6131.5,0.16833
6132.4,0.16771
6133.3,0.16782
6134.2,0.16738
6135.1,0.16628
6136.0,0.16496
6136.9,0.16389
6137.8,0.16312
6138.7,0.16249
6139.6,0.16295
6140.5,0.16336
6141.4,0.16423
6142.3,0.16497
6143.2,0.16591
6144.1,0.16741
6145.0,0.16844
6145.9,0.169
6146.8,0.16908
6147.7,0.16931
6148.6,0.16976
6149.5,0.16977
6150.4,0.16806
6151.3,0.16875
6152.2,0.16768
6153.1,0.16733
6154.0,0.16716
6154.9,0.16715
6155.8,0.16642
6156.7,0.16481
6157.6,0.16335
6158.5,0.16224
6159.4,0.16106
6160.3,0.15839
6161.2,0.15685
6162.1,0.15566
6163.01,0.15393
6163.91,0.15292
6164.81,0.15203
6165.71,0.15156
6166.61,0.15219
6167.51,0.15345
6168.41,0.15345
6169.31,0.15336
6170.21,0.15424
6171.11,0.15549
6172.01,0.15594
6172.91,0.15623
6173.81,0.15777
6174.71,0.15834
6175.61,0.15904
6176.51,0.16031
6177.41,0.16155
6178.31,0.16184
6179.21,0.16227
6180.11,0.16247
6181.01,0.1633
6181.91,0.16372
6182.81,0.16276
6183.71,0.16404
6184.61,0.16311
6185.51,0.16276
6186.41,0.16181
6187.31,0.16155
6188.21,0.16036
6189.11,0.15973
6190.01,0.15874
6190.91,0.15802
6191.81,0.1575
6192.71,0.15762
6193.61,0.15782
6194.51,0.1585
6195.41,0.15871
6196.31,0.15947
6197.21,0.16061
6198.11,0.16083
6199.01,0.16061
6199.92,0.16189
6200.82,0.16186
6201.72,0.16205
6202.62,0.16285
6203.52,0.16285
6204.42,0.16307
6205.32,0.1631
6206.22,0.16417
6207.12,0.16403
6208.02,0.16321
6208.92,0.16434
6209.82,0.16291
6210.72,0.16272
6211.62,0.1623
6212.52,0.16047
6213.42,0.15939
6214.32,0.15817
6215.22,0.15764
6216.12,0.15558
6217.02,0.15532
6217.92,0.15557
6218.82,0.15532
6219.72,0.15555
6220.62,0.15553
6221.52,0.15545
6222.42,0.15606
6223.32,0.15619
6224.22,0.15679
6225.12,0.15655
6226.02,0.15627
6226.92,0.15625
6227.82,0.15605
6228.72,0.1555
6229.62,0.15502
6230.52,0.15453
6231.42,0.15534
6232.32,0.15492
6233.22,0.15491
6234.12,0.15505
6235.02,0.15541
6235.92,0.15589
6236.83,0.15603
6237.73,0.15632
6238.63,0.15689
6239.53,0.15621
6240.43,0.15645
6241.33,0.15535
6242.23,0.15465
6243.13,0.15463
6244.03,0.1542
6244.93,0.15448
6245.83,0.15417
6246.73,0.15398
6247.63,0.15474
6248.53,0.1543
6249.43,0.15541
6250.33,0.15504
6251.23,0.15513
6252.13,0.15433
6253.03,0.1543
6253.93,0.15296
6254.83,0.15235
6255.73,0.15183
6256.63,0.15115
6257.53,0.15048
6258.43,0.15108
6259.33,0.15104
6260.23,0.15192
6261.13,0.15232
6262.03,0.15334
6262.93,0.15425
6263.83,0.15555
6264.73,0.15674
6265.63,0.15687
6266.53,0.15805
6267.43,0.159
6268.33,0.1585
6269.23,0.15905
6270.13,0.16006
6271.03,0.15976
6271.93,0.15927
6272.83,0.16019
6273.73,0.16044
6274.64,0.1608
6275.54,0.16107
6276.44,0.1602
6277.34,0.16108
6278.24,0.16071
6279.14,0.16103
6280.04,0.16078
6280.94,0.16119
6281.84,0.16051
6282.74,0.16041
6283.64,0.16209
6284.54,0.1615
6285.44,0.16178
6286.34,0.16236
6287.24,0.16239
6288.14,0.16325
6289.04,0.16413
6289.94,0.16421
6290.84,0.16447
6291.74,0.16317
6292.64,0.16362
6293.54,0.16322
6294.44,0.16253
6295.34,0.16143
6296.24,0.16133
6297.14,0.16045
6298.04,0.16015
6298.94,0.15989
6299.84,0.15929
6300.74,0.1588
6301.64,0.15913
6302.54,0.15919
6303.44,0.15961
6304.34,0.15953
6305.24,0.16056
6306.14,0.16097
6307.04,0.16134
6307.94,0.16237
6308.84,0.16233
6309.74,0.16309
6310.64,0.16359
6311.54,0.16392
6312.45,0.16217
6313.35,0.16212
6314.25,0.16147
6315.15,0.16142
6316.05,0.16043
6316.95,0.16063
6317.85,0.15975
6318.75,0.15941
6319.65,0.1599
6320.55,0.16055
6321.45,0.16074
6322.35,0.1606
6323.25,0.16113
6324.15,0.16201
6325.05,0.16274
6325.95,0.1638
6326.85,0.16443
6327.75,0.16427
6328.65,0.16472
6329.55,0.16485
6330.45,0.16522
6331.35,0.16551
6332.25,0.165
6333.15,0.16477
6334.05,0.16383
6334.95,0.16442
6335.85,0.16404
6336.75,0.16254
6337.65,0.16295
6338.55,0.16281
6339.45,0.16285
6340.35,0.16322
6341.25,0.16325
6342.15,0.16319
6343.05,0.16342
6343.95,0.16385
6344.85,0.16347
6345.75,0.16322
6346.65,0.16438
6347.55,0.16437
6348.46,0.16439
6349.35,0.1645
6350.26,0.16507
6351.16,0.16514
6352.06,0.16499
6352.96,0.16395
6353.86,0.16466
6354.76,0.16313
6355.66,0.16359
6356.56,0.16221
6357.46,0.16102
6358.36,0.16042
6359.26,0.1591
6360.16,0.15961
6361.06,0.15808
6361.96,0.15836
6362.86,0.15783
6363.76,0.15818
6364.66,0.15807
6365.56,0.15928
6366.46,0.15964
6367.36,0.16057
6368.26,0.1626
6369.16,0.16324
6370.06,0.16294
6370.96,0.16474
6371.86,0.16603
6372.76,0.16607
6373.66,0.16668
6374.56,0.16684
6375.46,0.16769
6376.36,0.16757
6377.26,0.1671
6378.16,0.167
6379.06,0.1666
6379.96,0.16648
6380.86,0.16531
6381.76,0.16545
6382.66,0.16618
6383.56,0.1653
6384.46,0.16515
6385.36,0.16598
6386.27,0.16569
6387.17,0.16587
6388.07,0.1654
6388.97,0.16558
6389.87,0.16559
6390.77,0.16489
6391.67,0.16436
6392.57,0.16447
6393.47,0.16451
6394.37,0.16382
6395.27,0.16369
6396.17,0.16322
6397.07,0.16292
6397.97,0.16382
6398.87,0.16397
6399.77,0.16293
6400.67,0.1635
6401.57,0.16382
6402.47,0.1641
6403.37,0.16309
6404.27,0.165
6405.17,0.16553
6406.07,0.16608
6406.97,0.16562
6407.87,0.16591
6408.77,0.1654
6409.67,0.16556
6410.57,0.16549
6411.47,0.16516
6412.37,0.16459
6413.27,0.16468
6414.17,0.16451
6415.07,0.16556
6415.97,0.16491
6416.87,0.16448
6417.77,0.16503
6418.67,0.16488
6419.57,0.1648
6420.47,0.16432
6421.37,0.16436
6422.27,0.16526
6423.17,0.16496
6424.08,0.16526
6424.98,0.16587
6425.88,0.16627
6426.78,0.16688
6427.68,0.16694
6428.58,0.16644
6429.48,0.16723
6430.38,0.16722
6431.28,0.16661
6432.18,0.16583
6433.08,0.16581
6433.98,0.16634
6434.88,0.16561
6435.78,0.16607
6436.68,0.16626
6437.58,0.16625
6438.48,0.16675
6439.38,0.16684
6440.28,0.16753
6441.18,0.16726
6442.08,0.16739
6442.98,0.16789
6443.88,0.16805
6444.78,0.16866
6445.68,0.16835
6446.58,0.16903
6447.48,0.16802
6448.38,0.16722
6449.28,0.16727
6450.18,0.16569
6451.08,0.16548
6451.98,0.16533
6452.88,0.16526
6453.78,0.1655
6454.68,0.16512
6455.58,0.16562
6456.48,0.1665
6457.38,0.16716
6458.28,0.16741
6459.18,0.16763
6460.08,0.16721
6460.98,0.16693
6461.89,0.16672
6462.79,0.1664
6463.69,0.16654
6464.59,0.1666
6465.49,0.16619
6466.39,0.16619
6467.29,0.16735
6468.19,0.16718
6469.09,0.16794
6469.99,0.16786
6470.89,0.16785
6471.79,0.16832
6472.69,0.16746
6473.59,0.1677
6474.49,0.16752
6475.39,0.16779
6476.29,0.1672
6477.19,0.1666
6478.09,0.16684
6478.99,0.16614
6479.89,0.16546
6480.79,0.16535
6481.69,0.16584
6482.59,0.16546
6483.49,0.16446
6484.39,0.16419
6485.29,0.16436
6486.19,0.16453
6487.09,0.16395
6487.99,0.16427
6488.89,0.16352
6489.79,0.16261
6490.69,0.16218
6491.59,0.16046
6492.49,0.15913
6493.39,0.15816
6494.29,0.15578
6495.19,0.15486
6496.09,0.15303
6496.99,0.15307
6497.9,0.15235
6498.79,0.15237
6499.7,0.15296
6500.6,0.15455
6501.5,0.15509
6502.4,0.15692
6503.3,0.15848
6504.2,0.16042
6505.1,0.16183
6506.0,0.16273
6506.9,0.16341
6507.8,0.16398
6508.7,0.16482
6509.6,0.16502
6510.5,0.16555
6511.4,0.16543
6512.3,0.16494
6513.2,0.16577
6514.1,0.16521
6515.0,0.16504
6515.9,0.16505
6516.8,0.16453
6517.7,0.1645
6518.6,0.16396
6519.5,0.16401
6520.4,0.16422
6521.3,0.16499
6522.2,0.16488
6523.1,0.16483
6524.0,0.16565
6524.9,0.16592
6525.8,0.16551
6526.7,0.16588
6527.6,0.16568
6528.5,0.16575
6529.4,0.16577
6530.3,0.16576
6531.2,0.16596
6532.1,0.16618
6533.0,0.16636
6533.9,0.16557
6534.8,0.16581
6535.71,0.16652
6536.61,0.16664
6537.51,0.16612
6538.41,0.16736
6539.31,0.16706
6540.21,0.16757
6541.11,0.16647
6542.01,0.16653
6542.91,0.16629
6543.81,0.16564
6544.71,0.16489
6545.61,0.16425
6546.51,0.16325
6547.41,0.16273
6548.31,0.16335
6549.21,0.16191
6550.11,0.16246
6551.01,0.16163
6551.91,0.16055
6552.81,0.16022
6553.71,0.15959
6554.61,0.1582
6555.51,0.15796
6556.41,0.1561
6557.31,0.1547
6558.21,0.1532
6559.11,0.1507
6560.01,0.14903
6560.91,0.14675
6561.81,0.14455
6562.71,0.14267
6563.61,0.1417
6564.51,0.14078
6565.41,0.14117
6566.31,0.14262
6567.21,0.14386
6568.11,0.14623
6569.01,0.14891
6569.91,0.15061
6570.81,0.15238
6571.71,0.15382
6572.61,0.1554
6573.52,0.15571
6574.42,0.15716
6575.32,0.15725
6576.22,0.1581
6577.12,0.1589
6578.02,0.15955
6578.92,0.16017
6579.82,0.16085
6580.72,0.16124
6581.62,0.16147
6582.52,0.16212
6583.42,0.16259
6584.32,0.16273
6585.22,0.16355
6586.12,0.16304
6587.02,0.16308
6587.92,0.16305
6588.82,0.16288
6589.72,0.16239
6590.62,0.16282
6591.52,0.16235
6592.42,0.1619
6593.32,0.16068
6594.22,0.16073
6595.12,0.15954
6596.02,0.15994
6596.92,0.15994
6597.82,0.1601
6598.72,0.16108
6599.62,0.1606
6600.52,0.16166
6601.42,0.16223
6602.32,0.16242
6603.22,0.16279
6604.12,0.16273
6605.02,0.16247
6605.92,0.16238
6606.82,0.16222
6607.72,0.16224
6608.62,0.16155
6609.52,0.16224
6610.43,0.16161
6611.33,0.16234
6612.23,0.16141
6613.13,0.16265
6614.03,0.16282
6614.93,0.16317
6615.83,0.1638
6616.73,0.16382
6617.63,0.16479
6618.53,0.16463
6619.43,0.16465
6620.33,0.1646
6621.23,0.16467
6622.13,0.16455
6623.03,0.1648
6623.93,0.16346
6624.83,0.16346
6625.73,0.16361
6626.63,0.16293
6627.53,0.16226
6628.43,0.16147
6629.33,0.16138
6630.23,0.1613
6631.13,0.16094
6632.03,0.16126
6632.93,0.16053
6633.83,0.16044
6634.73,0.16098
6635.63,0.16067
6636.53,0.1606
6637.43,0.16073
6638.33,0.16049
6639.23,0.16106
6640.13,0.16023
6641.03,0.16083
6641.93,0.16111
6642.83,0.1609
6643.73,0.16143
6644.63,0.16111
6645.53,0.16056
6646.43,0.1608
6647.34,0.16029
6648.24,0.16077
6649.14,0.16102
6650.04,0.16072
6650.94,0.16103
6651.84,0.16104
6652.74,0.16058
6653.64,0.16157
6654.54,0.16108
6655.44,0.16077
6656.34,0.1612
6657.24,0.16095
6658.14,0.16047
6659.04,0.15982
6659.94,0.15976
6660.84,0.15918
6661.74,0.15913
6662.64,0.15872
6663.54,0.15844
6664.44,0.15822
6665.34,0.15814
6666.24,0.15827
6667.14,0.15833
6668.04,0.15873
6668.94,0.15883
6669.84,0.1594
6670.74,0.16009
6671.64,0.15957
6672.54,0.16041
6673.44,0.16036
6674.34,0.15987
6675.24,0.15987
6676.14,0.15904
6677.04,0.15935
6677.94,0.1586
6678.84,0.15785
6679.74,0.1576
6680.64,0.15685
6681.54,0.15774
6682.44,0.15737
6683.34,0.15825
6684.24,0.15762
6685.15,0.15796
6686.05,0.15878
6686.95,0.15853
6687.85,0.15906
6688.75,0.15912
6689.65,0.15934
6690.55,0.15936
6691.45,0.15925
6692.35,0.15978
6693.25,0.15844
6694.15,0.15882
6695.05,0.1591
6695.95,0.15897
6696.85,0.1585
6697.75,0.1576
6698.65,0.15801
6699.55,0.15819
6700.45,0.15794
6701.35,0.15789
6702.25,0.15864
6703.15,0.15818
6704.05,0.15839
6704.95,0.15852
6705.85,0.15809
6706.75,0.15842
6707.65,0.15864
6708.55,0.15877
6709.45,0.15769
6710.35,0.15766
6711.25,0.15798
6712.15,0.15716
6713.05,0.15678
6713.95,0.1554
6714.85,0.15562
6715.75,0.1543
6716.65,0.15405
6717.55,0.15399
6718.45,0.15368
6719.35,0.15379
6720.25,0.15369
6721.16,0.15432
6722.06,0.15422
6722.96,0.15485
6723.86,0.15446
6724.76,0.15526
6725.66,0.15585
6726.56,0.1557
6727.46,0.15643
6728.36,0.15669
6729.26,0.15676
6730.16,0.15668
6731.06,0.15719
6731.96,0.15747
6732.86,0.15771
6733.76,0.15793
6734.66,0.15745
6735.56,0.15708
6736.46,0.15758
6737.36,0.15708
6738.26,0.15729
6739.16,0.15684
6740.06,0.15693
6740.96,0.15614
6741.86,0.15557
6742.76,0.15609
6743.66,0.15594
6744.56,0.15539
6745.46,0.15584
6746.36,0.15472
6747.26,0.15445
6748.16,0.15546
6749.06,0.15451
6749.96,0.15507
6750.86,0.15414
6751.76,0.15378
6752.66,0.15421
6753.56,0.15503
6754.46,0.15499
6755.36,0.15576
6756.26,0.15586
6757.16,0.15643
6758.06,0.15677
6758.97,0.15733
6759.87,0.15709
6760.77,0.15805
6761.67,0.15815
6762.57,0.1583
6763.47,0.15801
6764.37,0.1583
6765.27,0.15767
6766.17,0.15742
6767.07,0.15798
6767.97,0.15675
6768.87,0.15718
6769.77,0.15656
6770.67,0.1572
6771.57,0.15678
6772.47,0.15691
6773.37,0.1563
6774.27,0.15753
6775.17,0.15788
6776.07,0.15822
6776.97,0.15834
6777.87,0.15922
6778.77,0.15878
6779.67,0.15868
6780.57,0.1576
6781.47,0.15759
6782.37,0.15774
6783.27,0.15658
6784.17,0.15744
6785.07,0.15651
6785.97,0.15595
6786.87,0.1557
6787.77,0.1551
6788.67,0.15535
6789.57,0.15569
6790.47,0.1556
6791.37,0.1559
6792.27,0.15572
6793.17,0.15564
6794.07,0.1562
6794.97,0.15666
6795.88,0.15638
6796.78,0.15627
6797.68,0.15681
6798.58,0.1566
6799.48,0.15701
6800.38,0.15767
6801.28,0.15676
6802.18,0.15713
6803.08,0.15761
6803.98,0.15764
6804.88,0.15728
6805.78,0.15818
6806.68,0.15761
6807.58,0.15738
6808.48,0.15778
6809.38,0.15731
6810.28,0.15715
6811.18,0.1573
6812.08,0.1565
6812.98,0.15715
6813.88,0.1574
6814.78,0.15753
6815.68,0.15724
6816.58,0.15716
6817.48,0.1574
6818.38,0.15714
6819.28,0.15708
6820.18,0.15751
6821.08,0.15749
6821.98,0.1579
6822.88,0.15813
6823.78,0.15842
6824.68,0.15871
6825.58,0.1586
6826.48,0.15823
6827.38,0.15877
6828.28,0.15886
6829.18,0.15815
6830.08,0.15839
6830.98,0.15807
6831.88,0.15813
6832.79,0.15839
6833.69,0.15834
6834.59,0.15839
6835.49,0.15812
6836.39,0.15887
6837.29,0.15783
6838.19,0.15745
6839.09,0.15658
6839.99,0.1562
6840.89,0.15653
6841.79,0.15569
6842.69,0.15532
6843.59,0.15566
6844.49,0.15545
6845.39,0.15533
6846.29,0.15625
6847.19,0.1563
6848.09,0.15651
6848.99,0.15646
6849.89,0.15733
6850.79,0.15674
6851.69,0.15753
6852.59,0.15685
6853.49,0.15689
6854.39,0.15603
6855.29,0.15605
6856.19,0.15519
6857.09,0.1552
6857.99,0.15484
6858.89,0.15575
6859.79,0.15473
6860.69,0.15542
6861.59,0.15448
6862.49,0.15429
6863.39,0.15508
6864.29,0.15517
6865.19,0.15578
6866.09,0.15556
6866.99,0.1555
6867.89,0.15604
6868.79,0.15507
6869.7,0.1554
6870.6,0.15606
6871.5,0.15587
6872.4,0.15596
6873.3,0.15593
6874.2,0.15678
6875.1,0.15585
6876.0,0.15655
6876.9,0.15629
6877.8,0.15695
6878.7,0.15635
6879.6,0.15676
6880.5,0.15688
6881.4,0.15728
6882.3,0.15744
6883.2,0.1572
6884.1,0.15729
6885.0,0.15725
6885.9,0.15715
6886.8,0.15778
6887.7,0.15771
6888.6,0.1582
6889.5,0.15872
6890.4,0.15854
6891.3,0.15886
6892.2,0.1596
6893.1,0.15958
6894.0,0.15941
6894.9,0.15991
6895.8,0.16061
6896.7,0.16043
6897.6,0.15997
6898.5,0.15993
6899.4,0.15932
6900.3,0.15955
6901.2,0.16006
6902.1,0.15994
6903.0,0.1606
6903.9,0.16011
6904.8,0.16107
6905.7,0.16079
6906.6,0.161
6907.51,0.16118
6908.41,0.16114
6909.31,0.16148
6910.21,0.16108
6911.11,0.16025
6912.01,0.16067
6912.91,0.16092
6913.81,0.16018
6914.71,0.15992
6915.61,0.15971
6916.51,0.15979
6917.41,0.15978
6918.31,0.15917
6919.21,0.15924
6920.11,0.15897
6921.01,0.15919
6921.91,0.159
6922.81,0.15968
6923.71,0.15901
6924.61,0.15908
6925.51,0.15927
6926.41,0.15918
6927.31,0.15944
6928.21,0.15949
6929.11,0.1599
6930.01,0.15999
6930.91,0.15955
6931.81,0.15988
6932.71,0.16029
6933.61,0.16059
6934.51,0.15988
6935.41,0.16042
6936.31,0.16105
6937.21,0.16087
6938.11,0.16101
6939.01,0.16091
6939.91,0.16096
6940.81,0.16106
6941.71,0.16106
6942.61,0.16132
6943.52,0.16138
6944.42,0.16134
6945.31,0.1604
6946.22,0.1605
6947.12,0.16115
6948.02,0.16064
6948.92,0.1606
6949.82,0.16019
6950.72,0.16088
6951.62,0.16078
6952.52,0.16111
6953.42,0.16102
6954.32,0.16101
6955.22,0.1611
6956.12,0.16088
6957.02,0.16127
6957.92,0.16078
6958.82,0.16204
6959.72,0.16209
6960.62,0.1628
6961.52,0.1624
6962.42,0.16256
6963.32,0.16295
6964.22,0.16346
6965.12,0.16288
6966.02,0.16334
6966.92,0.16316
6967.82,0.16379
6968.72,0.16325
6969.62,0.16358
6970.52,0.16331
6971.42,0.16339
6972.32,0.16343
6973.22,0.16277
6974.12,0.1623
6975.02,0.16206
6975.92,0.16113
6976.82,0.16045
6977.72,0.16063
6978.62,0.1598
6979.52,0.15927
6980.42,0.15915
6981.33,0.15992
6982.23,0.16004
6983.12,0.16001
6984.03,0.1608
6984.93,0.16167
6985.83,0.16235
6986.73,0.16216
6987.63,0.16288
6988.53,0.16327
6989.43,0.16365
6990.33,0.16366
6991.23,0.16323
6992.13,0.16374
6993.03,0.16289
6993.93,0.16255
6994.83,0.16361
6995.73,0.16319
6996.63,0.16316
6997.53,0.16308
6998.43,0.1632
6999.33,0.16302
7000.23,0.16245
7001.13,0.16237
7002.03,0.16206
7002.93,0.16207
7003.83,0.16166
7004.73,0.16201
7005.63,0.16132
7006.53,0.16208
7007.43,0.16209
7008.33,0.16198
7009.23,0.16211
7010.13,0.16183
7011.03,0.16203
7011.93,0.16128
7012.83,0.16172
7013.73,0.16144
7014.63,0.16133
7015.53,0.16171
7016.43,0.16128
7017.33,0.1605
7018.23,0.16075
7019.14,0.16079
7020.04,0.16044
7020.94,0.16124
7021.84,0.16154
7022.74,0.16151
7023.64,0.16092
7024.54,0.1619
7025.44,0.1614
7026.34,0.1624
7027.24,0.16217
7028.14,0.16217
7029.04,0.16248
7029.94,0.16185
7030.84,0.16278
7031.74,0.16321
7032.64,0.16274
7033.54,0.16397
7034.44,0.16332
7035.34,0.16328
7036.24,0.16373
7037.14,0.16383
7038.04,0.16379
7038.94,0.16436
7039.84,0.16448
7040.74,0.16525
7041.64,0.16557
7042.54,0.16482
7043.44,0.16709
7044.34,0.16701
7045.24,0.16768
7046.14,0.16783
7047.04,0.16792
7047.94,0.16751
7048.84,0.16681
7049.74,0.16724
7050.64,0.16553
7051.54,0.16502
7052.44,0.16475
7053.34,0.16305
7054.25,0.16221
7055.15,0.16107
7056.04,0.1603
7056.95,0.15914
7057.85,0.15754
7058.75,0.15761
7059.65,0.15717
7060.55,0.15605
7061.45,0.15604
7062.35,0.15579
7063.25,0.15586
7064.15,0.1549
7065.05,0.15505
7065.95,0.15505
7066.85,0.15497
7067.75,0.15542
7068.65,0.15485
7069.55,0.15494
7070.45,0.15511
7071.35,0.15555
7072.25,0.15641
7073.15,0.15642
7074.05,0.15773
7074.95,0.15824
7075.85,0.15767
7076.75,0.15749
7077.65,0.15848
7078.55,0.15828
7079.45,0.15818
7080.35,0.15775
7081.25,0.15747
7082.15,0.15662
7083.05,0.15673
7083.95,0.15554
7084.85,0.15457
7085.75,0.15387
7086.65,0.1528
7087.55,0.15196
7088.45,0.15063
7089.35,0.14983
7090.25,0.1497
7091.15,0.14889
7092.06,0.14898
7092.96,0.14827
7093.85,0.14784
7094.76,0.14803
7095.66,0.14811
7096.56,0.14847
7097.46,0.14857
7098.36,0.1494
7099.26,0.14955
7100.16,0.14936
7101.06,0.14994
7101.96,0.15038
7102.86,0.15024
7103.76,0.15064
7104.66,0.15109
7105.56,0.15107
7106.46,0.1518
7107.36,0.1511
7108.26,0.15187
7109.16,0.15192
7110.06,0.15205
7110.96,0.15166
7111.86,0.15104
7112.76,0.15182
7113.66,0.15178
7114.56,0.15182
7115.46,0.15139
7116.36,0.15225
7117.26,0.15247
7118.16,0.15265
7119.06,0.15297
7119.96,0.15296
7120.86,0.15266
7121.76,0.15265
7122.66,0.15203
7123.56,0.15107
7124.46,0.15131
7125.36,0.15037
7126.26,0.15003
7127.16,0.14856
7127.27,0.1489
7128.17,0.14797
7129.07,0.14881
7129.96,0.14817
7130.86,0.14758
7131.75,0.1477
7132.65,0.14757
7133.55,0.14731
7134.44,0.14747
7135.34,0.14805
7136.23,0.14752
7137.13,0.14826
7138.03,0.14828
7138.92,0.1489
7139.82,0.14873
7140.71,0.14916
7141.61,0.14894
7142.5,0.14857
7143.4,0.149
7144.3,0.1489
7145.19,0.14932
7146.09,0.14883
7146.98,0.14848
7147.88,0.14893
7148.78,0.14801
7149.67,0.14848
7150.57,0.14882
7151.46,0.14944
7152.36,0.14938
7153.26,0.15013
7154.15,0.15031
7155.05,0.15034
7155.94,0.15135
7156.84,0.1515
7157.74,0.15104
7158.63,0.15079
7159.53,0.15107
7160.42,0.15059
7161.32,0.15105
7162.21,0.15121
7163.11,0.15089
7164.01,0.15094
7164.9,0.15063
7165.8,0.15105
7166.69,0.15034
7167.59,0.15057
7168.49,0.1505
7169.38,0.1517
7170.28,0.15231
7171.17,0.15239
7172.07,0.15239
7172.96,0.15298
7173.86,0.15294
7174.76,0.15314
7175.65,0.15389
7176.55,0.15249
7177.44,0.15278
7178.34,0.15221
7179.24,0.15184
7180.13,0.15192
7181.03,0.15157
7181.92,0.15217
7182.82,0.15105
7183.72,0.15171
7184.61,0.15084
7185.51,0.15081
7186.4,0.15086
7187.3,0.15036
7188.19,0.1504
7189.09,0.15065
7189.99,0.15058
7190.88,0.15044
7191.78,0.14983
7192.67,0.15032
7193.57,0.15012
7194.47,0.15065
7195.36,0.15038
7196.26,0.15119
7197.15,0.15173
7198.05,0.15126
7198.95,0.15087
7199.84,0.15079
7200.74,0.15143
7201.63,0.15069
7202.53,0.15084
7203.43,0.15094
7204.32,0.15065
7205.22,0.15092
7206.11,0.15027
7207.01,0.15058
7207.9,0.15034
7208.8,0.15019
7209.7,0.15098
7210.59,0.15071
7211.49,0.15075
7212.38,0.15074
7213.28,0.15097
7214.18,0.15193
7215.07,0.15192
7215.97,0.15282
7216.86,0.15283
7217.76,0.1536
7218.66,0.1541
7219.55,0.15341
7220.45,0.15406
7221.34,0.15409
7222.24,0.15519
7223.13,0.15462
7224.03,0.15496
7224.93,0.15533
7225.82,0.15605
7226.72,0.15565
7227.61,0.15595
7228.51,0.15641
7229.41,0.15685
7230.3,0.15726
7231.2,0.15784
7232.09,0.15778
7232.99,0.1578
7233.89,0.15822
7234.78,0.15763
7235.68,0.15866
7236.57,0.15805
7237.47,0.15777
7238.36,0.15792
7239.26,0.15737
7240.16,0.15743
7241.05,0.15742
7241.95,0.15747
7242.84,0.15738
7243.74,0.15754
7244.64,0.15752
7245.53,0.15795
7246.43,0.15726
7247.32,0.15744
7248.22,0.15743
7249.12,0.15726
7250.01,0.15721
7250.91,0.15785
7251.8,0.15807
7252.7,0.15821
7253.6,0.15844
7254.49,0.15876
7255.39,0.15761
7256.28,0.15791
7257.18,0.1579
7258.07,0.15787
7258.97,0.15801
7259.87,0.15861
7260.76,0.15847
7261.66,0.15886
7262.55,0.15839
7263.45,0.15886
7264.35,0.15882
7265.24,0.1593
7266.14,0.15968
7267.03,0.15946
7267.93,0.15996
7268.83,0.16028
7269.72,0.16027
7270.62,0.16062
7271.51,0.16022
7272.41,0.16044
7273.3,0.16031
7274.2,0.16048
7275.1,0.16028
7275.99,0.1599
7276.89,0.15991
7277.78,0.15929
7278.68,0.15957
7279.58,0.15955
7280.47,0.15958
7281.37,0.15889
7282.26,0.15918
7283.16,0.15851
7284.06,0.15763
7284.95,0.15744
7285.85,0.15689
7286.74,0.15789
7287.64,0.15683
7288.53,0.1568
7289.43,0.15712
7290.33,0.15649
7291.22,0.15601
7292.12,0.1573
7293.01,0.15692
7293.91,0.15731
7294.81,0.15829
7295.7,0.1584
7296.6,0.15836
7297.49,0.15979
7298.39,0.1602
7299.29,0.16076
7300.18,0.16077
7301.08,0.16098
7301.97,0.16121
7302.87,0.16185
7303.76,0.1623
7304.66,0.16095
7305.56,0.16149
7306.45,0.16188
7307.35,0.16102
7308.24,0.16141
7309.14,0.16138
7310.04,0.16102
7310.93,0.16177
7311.83,0.1616
7312.72,0.16081
7313.62,0.16178
7314.52,0.16155
7315.41,0.16147
7316.31,0.16154
7317.2,0.16124
7318.1,0.16153
7318.99,0.16108
7319.89,0.16172
7320.79,0.16178
7321.68,0.1612
7322.58,0.16137
7323.47,0.16117
7324.37,0.1618
7325.27,0.16067
7326.16,0.16169
7327.06,0.16162
7327.95,0.16172
7328.85,0.16188
7329.75,0.16156
7330.64,0.16189
7331.54,0.16231
7332.43,0.16294
7333.33,0.1632
7334.22,0.16387
7335.12,0.16441
7336.02,0.16483
7336.91,0.16465
7337.81,0.16505
7338.7,0.16586
7339.6,0.16521
7340.5,0.16531
7341.39,0.16543
7342.29,0.16506
7343.18,0.16487
7344.08,0.16484
7344.98,0.16465
7345.87,0.16445
7346.77,0.16447
7347.66,0.1633
7348.56,0.16343
7349.45,0.1638
7350.35,0.16328
7351.25,0.16293
7352.14,0.16241
7353.04,0.16211
7353.93,0.16273
7354.83,0.16197
7355.73,0.16168
7356.62,0.16181
7357.52,0.16057
7358.41,0.16079
7359.31,0.16119
7360.21,0.1613
7361.1,0.16118
7362.0,0.16179
7362.89,0.16209
7363.79,0.16143
7364.69,0.16202
7365.58,0.16203
7366.48,0.16289
7367.37,0.16278
7368.27,0.16407
7369.16,0.16347
7370.06,0.16513
7370.96,0.16551
7371.85,0.1655
7372.75,0.16536
7373.64,0.16599
7374.54,0.16703
7375.44,0.16629
7376.33,0.16621
7377.23,0.16686
7378.12,0.16622
7379.02,0.16619
7379.92,0.16667
7380.81,0.16591
7381.71,0.16563
7382.6,0.16482
7383.5,0.16472
7384.39,0.16424
7385.29,0.16337
7386.19,0.1635
7387.08,0.16291
7387.98,0.16237
7388.87,0.16268
7389.77,0.1614
7390.67,0.16262
7391.56,0.16143
7392.46,0.16262
7393.35,0.16263
7394.25,0.1631
7395.15,0.16342
7396.04,0.16338
7396.94,0.16398
7397.83,0.164
7398.73,0.16462
7399.62,0.16446
7400.52,0.16533
7401.42,0.16555
7402.31,0.16454
7403.21,0.16441
7404.1,0.1649
7405.0,0.16471
7405.9,0.16486
7406.79,0.16427
7407.69,0.16293
7408.58,0.16338
7409.48,0.16257
7410.38,0.16155
7411.27,0.16126
7412.17,0.16035
7413.06,0.15997
7413.96,0.15884
7414.85,0.159
7415.75,0.15791
7416.65,0.15835
7417.54,0.15781
7418.44,0.15807
7419.33,0.15784
7420.23,0.15818
7421.13,0.16003
7422.02,0.15932
7422.92,0.16017
7423.81,0.16131
7424.71,0.16185
7425.6,0.16153
7426.5,0.16287
7427.4,0.1633
7428.29,0.16462
7429.19,0.16479
7431.68,0.16665
7434.18,0.16666
7436.67,0.16711
7439.17,0.16685
7441.66,0.16605
7444.16,0.16611
7446.66,0.16612
7449.15,0.16655
7451.65,0.16721
7454.14,0.16715
7456.64,0.16848
7459.13,0.16668
7461.63,0.16689
7464.12,0.16734
7466.62,0.16752
7469.11,0.16787
7471.61,0.16847
7474.1,0.16768
7476.6,0.16765
7479.09,0.16755
7481.59,0.16697
7484.08,0.16754
7486.58,0.16735
7489.07,0.16663
7491.57,0.16617
7494.06,0.1651
7496.56,0.16558
7499.05,0.16676
7501.55,0.16752
7504.04,0.16777
7506.54,0.16786
7509.03,0.16774
7511.53,0.16714
7514.02,0.16765
7516.52,0.16859
7519.01,0.16852
7521.51,0.16912
7524.0,0.16856
7526.5,0.16815
7528.99,0.16831
7531.49,0.16871
7533.99,0.16939
7536.48,0.16942
7538.98,0.17013
7541.47,0.17044
7543.97,0.16986
7546.46,0.1694
7548.96,0.16909
7551.45,0.1692
7553.95,0.16867
7556.44,0.16866
7558.94,0.16832
7561.43,0.16903
7563.93,0.16849
7566.42,0.16878
7568.92,0.16884
7571.41,0.16856
7573.91,0.16878
7576.4,0.16904
7578.9,0.169
7581.39,0.16785
7583.89,0.16643
7586.38,0.16523
7588.88,0.16388
7591.37,0.1636
7593.87,0.16247
7596.36,0.16235
7598.86,0.16204
7601.35,0.16214
7603.85,0.16164
7606.34,0.162
7608.84,0.16194
7611.33,0.16181
7613.83,0.16142
7616.33,0.16117
7618.82,0.16063
7621.32,0.16082
7623.81,0.16093
7626.31,0.16122
7628.8,0.16131
7631.3,0.16114
7633.79,0.16115
7636.29,0.16076
7638.78,0.16125
7641.28,0.16094
7643.77,0.1611
7646.27,0.16132
7648.76,0.16122
7651.26,0.16021
7653.75,0.15888
7656.25,0.15692
7658.74,0.15487
7661.24,0.15303
7663.73,0.15152
7666.23,0.15076
7668.72,0.15104
7671.22,0.15269
7673.71,0.15426
7676.21,0.15525
7678.7,0.15621
7681.2,0.15605
7683.69,0.15642
7686.19,0.15613
7688.69,0.15638
7691.18,0.15577
7693.68,0.15532
7696.17,0.15442
7698.67,0.1541
7701.16,0.15407
7703.66,0.15469
7706.15,0.15459
7708.65,0.15429
7711.14,0.15403
7713.64,0.15291
7716.13,0.15292
7718.63,0.15369
7721.12,0.15431
7723.62,0.15517
7726.11,0.15554
7728.61,0.1565
7731.1,0.15716
7733.6,0.15845
7736.09,0.15887
7738.59,0.159
7741.08,0.15798
7743.58,0.1571
7746.07,0.15556
7748.57,0.15427
7751.06,0.15391
7753.56,0.15404
7756.05,0.15473
7758.55,0.15602
7761.04,0.15713
7763.54,0.15789
7766.03,0.15786
7768.53,0.15887
7771.03,0.15895
7773.52,0.15946
7776.02,0.15994
7778.51,0.15964
7781.01,0.15894
7783.5,0.15784
7786.0,0.1569
7788.49,0.15627
7790.99,0.15617
7793.48,0.15665
7795.98,0.15681
7798.47,0.1567
7800.97,0.15718
7803.46,0.15713
7805.96,0.15762
7808.45,0.15817
7810.95,0.15828
7813.44,0.15851
7815.94,0.15928
7818.43,0.15957
7820.93,0.15981
7823.42,0.15931
7825.92,0.15882
7828.41,0.15761
7830.91,0.15663
7833.4,0.1552
7835.9,0.15459
7838.39,0.15486
7840.89,0.15556
7843.38,0.15673
7845.88,0.15723
7848.38,0.15722
7850.87,0.15728
7853.37,0.15683
7855.86,0.15739
7858.36,0.15802
7860.85,0.1578
7863.35,0.15808
7865.84,0.15823
7868.34,0.15788
7870.83,0.15787
7873.33,0.15734
7875.82,0.15679
7878.32,0.15708
7880.81,0.15687
7883.31,0.15666
7885.8,0.15729
7888.3,0.1576
7890.79,0.15746
7893.29,0.1577
7895.78,0.15692
7898.28,0.15656
7900.77,0.15645
7903.27,0.15616
7905.76,0.15584
7908.26,0.15525
7910.75,0.15392
7913.25,0.15317
7915.74,0.15258
7918.24,0.15244
7920.73,0.15258
7923.23,0.15344
7925.73,0.15403
7928.22,0.15398
7930.71,0.15369
7933.21,0.15354
7935.71,0.15264
7938.2,0.15194
7940.7,0.15132
7943.19,0.15101
7945.69,0.15078
7948.18,0.15133
7950.68,0.15244
7953.17,0.15391
7955.67,0.15476
7958.16,0.1553
7960.66,0.15565
7963.15,0.1561
7965.65,0.1563
7968.14,0.15673
7970.64,0.15734
7973.13,0.15725
7975.63,0.15734
7978.12,0.15688
7980.62,0.15643
7983.11,0.15627
7985.61,0.15605
7988.1,0.15575
7990.6,0.15536
7993.09,0.15481
7995.59,0.15512
7998.08,0.15474
8000.58,0.15494
8003.07,0.15551
8005.57,0.15628
8008.06,0.15751
8010.56,0.15788
8013.06,0.15868
8015.55,0.15927
8018.05,0.15946
8020.54,0.15918
8023.04,0.15798
8025.53,0.15652
8028.03,0.15597
8030.52,0.15637
8033.02,0.1573
8035.51,0.15834
8038.01,0.15924
8040.5,0.1593
8043.0,0.15832
8045.49,0.15744
8047.99,0.15602
8050.48,0.15587
8052.98,0.15645
8055.47,0.15757
8057.97,0.15819
8060.46,0.15856
8062.96,0.15825
8065.45,0.15818
8067.95,0.15734
8070.44,0.15595
8072.94,0.15556
8075.43,0.15589
8077.93,0.15584
8080.42,0.15596
8082.92,0.15663
8085.41,0.15641
8087.91,0.15623
8090.4,0.15548
8092.9,0.15528
8095.4,0.15452
8097.89,0.15474
8100.39,0.1555
8102.88,0.15578
8105.38,0.15612
8107.87,0.15643
8110.37,0.1564
8112.86,0.15608
8115.36,0.15558
8117.85,0.15601
8120.35,0.15609
8122.84,0.15687
8125.34,0.15723
8127.83,0.15757
8130.33,0.1578
8132.82,0.15801
8135.32,0.15781
8137.81,0.15791
8140.31,0.15795
8142.8,0.15817
8145.3,0.15771
8147.79,0.15783
8150.29,0.15805
8152.78,0.15765
8155.28,0.15818
8157.77,0.15838
8160.27,0.15829
8162.76,0.15794
8165.26,0.15762
8167.75,0.15764
8170.25,0.15837
8172.75,0.15819
8175.24,0.1581
8177.74,0.15738
8180.23,0.15625
8182.73,0.15499
8185.22,0.15375
8187.72,0.15372
8190.21,0.15347
8192.71,0.15324
8195.2,0.15199
8197.7,0.15189
8200.19,0.15133
8202.69,0.15171
8205.18,0.15214
8207.68,0.15266
8210.17,0.15293
8212.67,0.15393
8215.16,0.15393
8217.66,0.15444
8220.15,0.15474
8222.65,0.15553
8225.14,0.15556
8227.64,0.15642
8230.13,0.15683
8232.63,0.15704
8235.12,0.15677
8237.62,0.15669
8240.11,0.15636
8242.61,0.15693
8245.1,0.15688
8247.6,0.15662
8250.1,0.15614
8252.59,0.15595
8255.08,0.15534
8257.58,0.15596
8260.08,0.15629
8262.57,0.15662
8265.07,0.15749
8267.56,0.15721
8270.06,0.15729
8272.55,0.15694
8275.05,0.15627
8277.54,0.15605
8280.04,0.15607
8282.53,0.1559
8285.03,0.15572
8287.52,0.15533
8290.02,0.15502
8292.51,0.15452
8295.01,0.15381
8297.5,0.15382
8300.0,0.15355
8302.49,0.15318
8304.99,0.15194
8307.48,0.15166
8309.98,0.15136
8312.47,0.1515
8314.97,0.15256
8317.46,0.15311
8319.96,0.15345
8322.46,0.15283
8324.95,0.15194
8327.44,0.15058
8329.94,0.14983
8332.43,0.14921
8334.93,0.14934
8337.43,0.15012
8339.92,0.15013
8342.42,0.15062
8344.91,0.15039
8347.41,0.15066
8349.9,0.15078
8352.4,0.15107
8354.89,0.15136
8357.39,0.1518
8359.88,0.15183
8362.38,0.15129
8364.87,0.15104
8367.37,0.15129
8369.86,0.15172
8372.36,0.15176
8374.85,0.15191
8377.35,0.15135
8379.84,0.15058
8382.34,0.14869
8384.83,0.14758
8387.33,0.1474
8389.82,0.14733
8392.32,0.14851
8394.81,0.14952
8397.31,0.15074
8399.8,0.15188
8402.3,0.15228
8404.79,0.15298
8407.29,0.15298
8409.79,0.15257
8412.28,0.15251
8414.78,0.15165
8417.27,0.15153
8419.77,0.15066
8422.26,0.15042
8424.76,0.14963
8427.25,0.14932
8429.75,0.14839
8432.24,0.14776
8434.74,0.14676
8437.23,0.14608
8439.73,0.14568
8442.22,0.14601
8444.72,0.14714
8447.21,0.14804
8449.71,0.14842
8452.2,0.14822
8454.7,0.14848
8457.19,0.14782
8459.69,0.14751
8462.18,0.14717
8464.68,0.1461
8467.17,0.14564
8469.67,0.14482
8472.16,0.14492
8474.66,0.14546
8477.15,0.14714
8479.65,0.14697
8482.14,0.14752
8484.64,0.14721
8487.13,0.14732
8489.63,0.14619
8492.12,0.14375
8494.62,0.1405
8497.12,0.13615
8499.61,0.13386
8502.11,0.13365
8504.6,0.13608
8507.1,0.13903
8509.59,0.14194
8512.09,0.14286
8514.58,0.14225
8517.08,0.14198
8519.57,0.14172
8522.07,0.14296
8524.56,0.1433
8527.06,0.14323
8529.55,0.14293
8532.05,0.14103
8534.54,0.13721
8537.04,0.13143
8539.53,0.12458
8542.03,0.11871
8544.52,0.1165
8547.02,0.11866
8549.51,0.12463
8552.01,0.13146
8554.5,0.13718
8557.0,0.14124
8559.49,0.1436
8561.99,0.14479
8564.48,0.14532
8566.98,0.14575
8569.47,0.14601
8571.97,0.14548
8574.47,0.14581
8576.96,0.14625
8579.46,0.14623
8581.95,0.1464
8584.45,0.14667
8586.94,0.14691
8589.44,0.14681
8591.93,0.14661
8594.43,0.14703
8596.92,0.14678
8599.42,0.14662
8601.91,0.14675
8604.41,0.14652
8606.9,0.14674
8609.4,0.14628
8611.89,0.14561
8614.39,0.14603
8616.88,0.1458
8619.38,0.14614
8621.87,0.1459
8624.37,0.14621
8626.86,0.14625
8629.36,0.14675
8631.85,0.14719
8634.35,0.14761
8636.84,0.14797
8639.34,0.14832
8641.83,0.14831
8644.33,0.14774
8646.83,0.14767
8649.32,0.14683
8651.82,0.14483
8654.31,0.14194
8656.8,0.13715
8659.3,0.1313
8661.8,0.1256
8664.29,0.12315
8666.79,0.12427
8669.28,0.12844
8671.78,0.13388
8674.27,0.13815
8676.77,0.14135
8679.26,0.14265
8681.76,0.1433
8684.25,0.14321
8686.75,0.1427
8689.24,0.14205
8691.74,0.14197
8694.23,0.14266
8696.73,0.14377
8699.22,0.14431
8701.72,0.14513
8704.21,0.14516
8706.71,0.1455
8709.2,0.14534
8711.7,0.14502
8714.19,0.14478
8716.69,0.14578
8719.18,0.14624
8721.68,0.14701
8724.17,0.14758
8726.67,0.14768
8729.17,0.14752
8731.66,0.14772
8734.16,0.14686
8736.65,0.14686
8739.15,0.14668
8741.64,0.14664
8744.14,0.1469
8746.63,0.14742
8749.13,0.14677
8751.62,0.1468
8754.12,0.14649
8756.61,0.14627
8759.11,0.14653
8761.6,0.14683
8764.1,0.14631
8766.59,0.14647
8769.09,0.14638
8771.58,0.14616
8774.08,0.14622
8776.57,0.14624
8779.07,0.14706
8781.56,0.1477
8784.06,0.14799
8786.55,0.14786
8789.05,0.14798
8791.54,0.14761
8794.04,0.14669
8796.53,0.14633
8799.03,0.14542
8801.52,0.14435
8804.02,0.14275
8806.51,0.14136
8809.01,0.14116
8811.5,0.14185
8814.0,0.14344
8816.5,0.1455
8818.99,0.14624
8821.49,0.14625
8823.98,0.14604
8826.48,0.1458
8828.97,0.14616
8831.47,0.14706
8833.96,0.14816
8836.46,0.14835
8838.95,0.14844
8841.45,0.14844
8843.94,0.14891
8846.44,0.14979
8848.93,0.15031
8851.43,0.15011
8853.92,0.15028
8856.42,0.14971
8858.91,0.14825
8861.41,0.14697
8863.9,0.14513
8866.4,0.14398
8868.89,0.14322
8871.39,0.14324
8873.88,0.1434
8876.38,0.14397
8878.87,0.14427
8881.37,0.14458
8883.87,0.14504
8886.36,0.14525
8888.86,0.14542
8891.35,0.14545
8893.84,0.14553
8896.34,0.14528
8898.84,0.14491
8901.33,0.14571
8903.83,0.14544
8906.32,0.14528
8908.82,0.1453
8911.31,0.14512
8913.81,0.14452
8916.3,0.14407
8918.8,0.14364
8921.29,0.14339
8923.79,0.14315
8926.28,0.14301
8928.78,0.14236
8931.27,0.1429
8933.77,0.14296
8936.26,0.14298
8938.76,0.14271
8941.25,0.14272
8943.75,0.14202
8946.24,0.14172
8948.74,0.14194
8951.23,0.14244
8953.73,0.1431
8956.22,0.1436
8958.72,0.1444
8961.21,0.14494
8963.71,0.14437
8966.2,0.14442
8968.7,0.1441
8971.2,0.1437
8973.69,0.14363
8976.19,0.143
8978.68,0.14355
8981.18,0.14373
8983.67,0.14443
8986.17,0.14461
8988.66,0.14471
8991.16,0.14471
8993.65,0.14481
8996.15,0.14449
8998.64,0.14396
9001.14,0.14363
9003.63,0.14284
9006.13,0.14185
9008.62,0.14086
9011.12,0.13944
9013.61,0.13819
9016.11,0.13718
9018.6,0.13763
9021.1,0.13805
9023.59,0.13911
9026.09,0.13999
9028.58,0.14068
9031.08,0.14206
9033.57,0.14347
9036.07,0.14404
9038.56,0.14442
9041.06,0.14475
9043.55,0.14501
9046.05,0.14522
9048.54,0.14543
9051.04,0.1453
9053.54,0.14509
9056.03,0.14478
9058.53,0.14452
9061.02,0.14425
9063.52,0.14395
9066.01,0.14431
9068.51,0.14397
9071.0,0.14404
9073.5,0.14406
9075.99,0.1434
9078.49,0.14356
9080.98,0.14243
9083.48,0.14149
9085.97,0.1402
9088.47,0.13937
9090.96,0.13895
9093.46,0.13934
9095.95,0.14005
9098.45,0.1412
9100.94,0.14221
9103.44,0.14258
9105.93,0.14266
9108.43,0.14272
9110.92,0.14283
9113.42,0.14222
9115.91,0.1417
9118.41,0.14173
9120.9,0.1416
9123.4,0.14248
9125.89,0.14321
9128.39,0.1435
9130.88,0.14371
9133.38,0.1437
9135.88,0.14294
9138.37,0.14187
9140.87,0.14047
9143.36,0.13964
9145.86,0.13907
9148.35,0.13831
9150.85,0.13887
9153.34,0.13945
9155.84,0.13953
9158.33,0.13972
9160.83,0.13953
9163.32,0.13894
9165.82,0.13817
9168.31,0.13717
9170.81,0.13637
9173.3,0.13589
9175.8,0.13606
9178.29,0.13599
9180.79,0.13686
9183.28,0.1376
9185.78,0.13772
9188.27,0.13787
9190.77,0.13795
9193.26,0.13755
9195.76,0.13741
9198.25,0.13718
9200.75,0.13707
9203.24,0.13683
9205.74,0.13642
9208.24,0.13609
9210.73,0.13566
9213.23,0.13547
9215.72,0.13533
9218.22,0.13516
9220.71,0.13599
9223.21,0.13575
9225.7,0.13589
9228.2,0.13608
9230.69,0.13583
9233.19,0.13547
9235.68,0.13586
9238.18,0.13575
9240.67,0.13588
9243.17,0.13583
9245.66,0.13558
9248.16,0.13526
9250.65,0.13496
9253.15,0.13484
9255.64,0.13418
9258.14,0.13444
9260.63,0.13529
9263.13,0.13584
9265.62,0.13644
9268.12,0.13703
9270.61,0.13761
9273.11,0.13718
9275.6,0.13693
9278.1,0.13623
9280.59,0.13585
9283.09,0.135
9285.58,0.13482
9288.08,0.13431
9290.58,0.13407
9293.07,0.13354
9295.57,0.13361
9298.06,0.13355
9300.56,0.13377
9303.05,0.13401
9305.55,0.13418
9308.04,0.13437
9310.54,0.13468
9313.03,0.1341
9315.53,0.13428
9318.02,0.13388
9320.52,0.13353
9323.01,0.13372
9325.51,0.13378
9328.0,0.13401
9330.5,0.1342
9332.99,0.13436
9335.49,0.13466
9337.98,0.13433
9340.48,0.13429
9342.97,0.13426
9345.47,0.13401
9347.96,0.13352
9350.46,0.13294
9352.95,0.13206
9355.45,0.13119
9357.94,0.13091
9360.44,0.13041
9362.93,0.13039
9365.43,0.13047
9367.92,0.13078
9370.42,0.13074
9372.92,0.13087
9375.41,0.13096
9377.91,0.13082
9380.4,0.13077
9382.9,0.13087
9385.39,0.13068
9387.89,0.13071
9390.38,0.13072
9392.88,0.13076
9395.37,0.13057
9397.87,0.13068
9400.36,0.13032
9402.86,0.12963
9405.35,0.12913
9407.85,0.12825
9410.34,0.12757
9412.84,0.12699
9415.33,0.12691
9417.83,0.1271
9420.32,0.12748
9422.82,0.12872
9425.31,0.12936
9427.81,0.12962
9430.3,0.12954
9432.8,0.12935
9435.29,0.12882
9437.79,0.12872
9440.28,0.12834
9442.78,0.12817
9445.27,0.1281
9447.77,0.12834
9450.27,0.12831
9452.76,0.12863
9455.25,0.12883
9457.75,0.12924
9460.25,0.12978
9462.74,0.13033
9465.24,0.13056
9467.73,0.13084
9470.23,0.13121
9472.72,0.13104
9475.22,0.13123
9477.71,0.13141
9480.21,0.13133
9482.7,0.13127
9485.2,0.13162
9487.69,0.13144
9490.19,0.13184
9492.68,0.13185
9495.18,0.13221
9497.67,0.13215
9500.17,0.13214
9502.66,0.13225
9505.16,0.1322
9507.65,0.13246
9510.15,0.13247
9512.64,0.13247
9515.14,0.13274
9517.63,0.13278
9520.13,0.13307
9522.62,0.13331
9525.12,0.13357
9527.61,0.13373
9530.11,0.13339
9532.61,0.13299
9535.1,0.13279
9537.6,0.13288
9540.09,0.13198
9542.59,0.13114
9545.08,0.13033
9547.58,0.13004
9550.07,0.13013
9552.57,0.13057
9555.06,0.1319
9557.56,0.13275
9560.05,0.13307
9562.55,0.13347
9565.04,0.13333
9567.54,0.13291
9570.03,0.13232
9572.53,0.13162
9575.02,0.1318
9577.52,0.13153
9580.01,0.13169
9582.51,0.13202
9585.0,0.1326
9587.5,0.13251
9589.99,0.13274
9592.49,0.13278
9594.98,0.13198
9597.48,0.13142
9599.97,0.13099
9602.47,0.13057
9604.96,0.13079
9607.46,0.13105
9609.96,0.13156
9612.45,0.13201
9614.95,0.13207
9617.44,0.13236
9619.94,0.13224
9622.43,0.13177
9624.93,0.1318
9627.42,0.13162
9629.92,0.13126
9632.41,0.13103
9634.91,0.1305
9637.4,0.13008
9639.9,0.12922
9642.39,0.12924
9644.89,0.12901
9647.38,0.12933
9649.88,0.12916
9652.37,0.12889
9654.87,0.1294
9657.36,0.129
9659.86,0.1294
9662.35,0.12988
9664.85,0.1291
9667.34,0.12928
9669.84,0.1288
9672.33,0.12874
9674.83,0.12829
9677.32,0.12843
9679.82,0.12836
9682.31,0.12891
9684.81,0.12915
9687.3,0.12938
9689.8,0.12898
9692.29,0.12868
9694.79,0.12921
9697.29,0.12904
9699.78,0.12876
9702.28,0.12892
9704.77,0.1285
9707.27,0.1285
9709.76,0.12854
9712.26,0.12883
9714.75,0.12927
9717.25,0.12911
9719.74,0.12948
9722.24,0.12871
9724.73,0.12833
9727.23,0.12787
9729.72,0.12744
9732.22,0.12699
9734.71,0.12689
9737.21,0.12675
9739.7,0.1266
9742.2,0.12659
9744.69,0.12654
9747.19,0.12652
9749.68,0.12719
9752.18,0.12794
9754.67,0.12816
9757.17,0.12875
9759.66,0.12877
9762.16,0.12861
9764.65,0.1285
9767.15,0.12809
9769.64,0.12762
9772.14,0.1277
9774.64,0.12753
9777.13,0.12763
9779.63,0.12686
9782.12,0.12667
9784.62,0.1258
9787.11,0.12545
9789.61,0.12557
9792.1,0.12651
9794.6,0.1274
9797.09,0.12799
9799.59,0.1289
9802.08,0.12942
9804.58,0.12977
9807.07,0.12945
9809.57,0.12967
9812.06,0.12975
9814.56,0.12959
9817.05,0.12946
9819.55,0.12937
9822.04,0.12956
9824.54,0.12951
9827.03,0.12903
9829.53,0.12904
9832.02,0.12875
9834.52,0.12868
9837.01,0.12845
9839.51,0.12905
9842.0,0.12946
9844.5,0.12973
9847.0,0.12982
9849.49,0.1295
9851.99,0.12923
9854.48,0.12958
9856.98,0.12945
9859.47,0.12918
9861.97,0.12928
9864.46,0.12898
9866.96,0.12929
9869.45,0.12948
9871.95,0.12924
9874.44,0.12933
9876.94,0.12922
9879.43,0.1294
9881.93,0.12921
9884.42,0.12909
9886.92,0.12889
9889.41,0.12832
9891.91,0.12849
9894.4,0.128
9896.9,0.12785
9899.39,0.1276
9901.89,0.12737
9904.38,0.12706
9906.88,0.12713
9909.37,0.12657
9911.87,0.12678
9914.36,0.12634
9916.86,0.12647
9919.35,0.12651
9921.85,0.12654
9924.34,0.12643
9926.84,0.12624
9929.33,0.12639
9931.83,0.12653
9934.33,0.12688
9936.82,0.12678
9939.32,0.12712
9941.81,0.12746
9944.31,0.12718
9946.8,0.12708
9949.3,0.12713
9951.79,0.1274
9954.29,0.1273
9956.78,0.12758
9959.28,0.12782
9961.77,0.12788
9964.27,0.12758
9966.76,0.12804
9969.26,0.1279
9971.75,0.12781
9974.25,0.12775
9976.74,0.12814
9979.24,0.12755
9981.73,0.12732
9984.23,0.12753
9986.72,0.12734
9989.22,0.12721
9991.71,0.12707
9994.21,0.12668
9996.7,0.12661
9999.2,0.12641
10001.7,0.12621
10004.2,0.12634
10006.7,0.12634
10009.2,0.12671
10011.7,0.12685
10014.2,0.1274
10016.7,0.12754
10019.2,0.12784
10021.7,0.12814
10024.2,0.1282
10026.6,0.12791
10029.1,0.12746
10031.6,0.12714
10034.1,0.12668
10036.6,0.12637
10039.1,0.12608
10041.6,0.12593
10044.1,0.12613
10046.6,0.12566
10049.1,0.12574
10051.6,0.12496
10054.1,0.12486
10056.6,0.12481
10059.1,0.1245
10061.6,0.12462
10064.1,0.12506
10066.6,0.1252
10069.1,0.12536
10071.6,0.12598
10074.1,0.12614
10076.5,0.1264
10079.0,0.12652
10081.5,0.12623
10084.0,0.1262
10086.5,0.12628
10089.0,0.12661
10091.5,0.12684
10094.0,0.12695
10096.5,0.1275
10099.0,0.12754
10101.5,0.12776
10104.0,0.12744
10106.5,0.12765
10109.0,0.12715
10111.5,0.12698
10114.0,0.12638
10116.5,0.12645
10119.0,0.12596
10121.5,0.1261
10124.0,0.12601
10126.5,0.12639
10128.9,0.12607
10131.4,0.12602
10133.9,0.1264
10136.4,0.12534
10138.9,0.12558
10141.4,0.12515
10143.9,0.12465
10146.4,0.12429
10148.9,0.12463
10151.4,0.12469
10153.9,0.12446
10156.4,0.1249
10158.9,0.12482
10161.4,0.12544
10163.9,0.12527
10166.4,0.12563
10168.9,0.12498
10171.4,0.12499
10173.9,0.12514
10176.4,0.12515
10178.9,0.12562
10181.3,0.12507
10183.8,0.12516
10186.3,0.12502
10188.8,0.12486
10191.3,0.12435
10193.8,0.12419
10196.3,0.12433
10198.8,0.12388
10201.3,0.12427
10203.8,0.12431
10206.3,0.1244
10208.8,0.12441
10211.3,0.12455
10213.8,0.12406
10216.3,0.12351
10218.8,0.12367
10221.3,0.12335
10223.8,0.12374
10226.3,0.12368
10228.8,0.12421
10231.2,0.12424
10233.7,0.12449
10236.2,0.12435
10238.7,0.12448
10241.2,0.12448
10243.7,0.12441
10246.2,0.1245
10248.7,0.12428
10251.2,0.12441
10253.7,0.12388
10256.2,0.12381
10258.7,0.12342
10261.2,0.12364
10263.7,0.12321
10266.2,0.12301
10268.7,0.12308
10271.2,0.12344
10273.7,0.12339
10276.2,0.12318
10278.7,0.1237
10281.2,0.12331
10283.6,0.12348
10286.1,0.12318
10288.6,0.12311
10291.1,0.12316
10293.6,0.12351
10296.1,0.12282
10298.6,0.12325
10301.1,0.12319
10303.6,0.12334
10306.1,0.12324
10308.6,0.12344
10311.1,0.12359
10313.6,0.12349
10316.1,0.12361
10318.6,0.12334
10321.1,0.12283
10323.6,0.12215
10326.1,0.12184
10328.6,0.12134
10331.1,0.12084
10333.5,0.12095
10336.0,0.12025
10338.5,0.12032
10341.0,0.11987
10343.5,0.11973
10346.0,0.11975
10348.5,0.11984
10351.0,0.12052
10353.5,0.12126
10356.0,0.12195
10358.5,0.12211
10361.0,0.12263
10363.5,0.12238
10366.0,0.12263
10368.5,0.12225
10371.0,0.12185
10373.5,0.12152
10376.0,0.12129
10378.5,0.12142
10381.0,0.12114
10383.5,0.12145
10385.9,0.12154
10388.4,0.12137
10390.9,0.12132
10393.4,0.12052
10395.9,0.12035
10398.4,0.12017
10400.9,0.12002
10403.4,0.12056
10405.9,0.12089
10408.4,0.12151
10410.9,0.12161
10413.4,0.1219
10415.9,0.122
10418.4,0.12174
10420.9,0.12159
10423.4,0.12124
10425.9,0.12091
10428.4,0.12108
10430.9,0.12118
10433.4,0.12106
10435.9,0.12161
10438.3,0.12184
10440.8,0.12192
10443.3,0.12226
10445.8,0.12212
10448.3,0.12214
10450.8,0.12189
10453.3,0.12182
10455.8,0.12137
10458.3,0.12146
10460.8,0.12098
10463.3,0.12086
10465.8,0.12094
10468.3,0.12086
10470.8,0.12026
10473.3,0.12055
10475.8,0.12077
10478.3,0.12095
10480.8,0.12084
10483.3,0.12093
10485.8,0.12089
10488.2,0.12077
10490.7,0.12044
10493.2,0.1201
10495.7,0.1197
10498.2,0.11966
10500.7,0.11972
10503.2,0.11973
10505.7,0.11996
10508.2,0.11999
10510.7,0.12019
10513.2,0.12012
10515.7,0.12011
10518.2,0.11994
10520.7,0.12053
10523.2,0.12016
10525.7,0.12033
10528.2,0.12017
10530.7,0.12012
10533.2,0.11992
10535.7,0.11978
10538.2,0.11981
10540.6,0.12002
10543.1,0.12014
10545.6,0.12017
10548.1,0.12022
10550.6,0.11996
10553.1,0.12002
10555.6,0.11985
10558.1,0.12005
10560.6,0.11983
10563.1,0.1198
10565.6,0.12007
10568.1,0.11944
10570.6,0.11958
10573.1,0.11938
10575.6,0.11879
10578.1,0.11844
10580.6,0.11756
10583.1,0.11707
10585.6,0.11669
10588.1,0.11632
10590.6,0.11703
10593.0,0.11731
10595.5,0.11782
10598.0,0.11841
10600.5,0.1186
10603.0,0.11771
10605.5,0.11745
10608.0,0.11721
10610.5,0.11722
10613.0,0.11732
10615.5,0.11775
10618.0,0.11819
10620.5,0.11864
10623.0,0.11828
10625.5,0.11839
10628.0,0.11885
10630.5,0.11893
10633.0,0.11924
10635.5,0.11914
10638.0,0.11924
10640.5,0.11919
10642.9,0.11883
10645.4,0.11887
10647.9,0.11861
10650.4,0.11858
10652.9,0.11828
10655.4,0.11767
10657.9,0.11675
10660.4,0.11647
10662.9,0.11596
10665.4,0.11561
10667.9,0.11571
10670.4,0.11638
10672.9,0.11669
10675.4,0.11696
10677.9,0.11694
10680.4,0.1173
10682.9,0.11689
10685.4,0.11662
10687.9,0.11657
10690.4,0.11605
10692.9,0.1161
10695.3,0.1159
10697.8,0.11604
10700.3,0.11697
10702.8,0.11699
10705.3,0.11746
10707.8,0.11785
10710.3,0.11789
10712.8,0.11799
10715.3,0.11794
10717.8,0.11756
10720.3,0.11739
10722.8,0.11663
10725.3,0.1159
10727.8,0.11505
10730.3,0.11481
10732.8,0.11489
10735.3,0.11518
10737.8,0.11558
10740.3,0.11595
10742.8,0.11608
10745.3,0.11587
10747.7,0.11597
10750.2,0.11559
10752.7,0.11553
10755.2,0.11552
10757.7,0.11573
10760.2,0.11658
10762.7,0.1165
10765.2,0.11702
10767.7,0.11692
10770.2,0.11664
10772.7,0.11641
10775.2,0.11622
10777.7,0.11555
10780.2,0.11486
10782.7,0.11431
10785.2,0.1141
10787.7,0.11371
10790.2,0.11383
10792.7,0.11431
10795.2,0.11483
10797.6,0.11538
10800.1,0.11553
10802.6,0.11551
10805.1,0.11537
10807.6,0.11493
10810.1,0.11436
10812.6,0.11401
10815.1,0.11394
10817.6,0.11318
10820.1,0.11306
10822.6,0.11263
10825.1,0.11241
10827.6,0.11218
10830.1,0.11233
10832.6,0.11273
10835.1,0.11288
10837.6,0.11377
10840.1,0.1142
10842.6,0.11428
10845.1,0.11475
10847.6,0.11487
10850.0,0.11504
10852.5,0.11501
10855.0,0.11524
10857.5,0.11511
10860.0,0.11503
10862.5,0.1146
10865.0,0.11397
10867.5,0.11264
10870.0,0.11147
10872.5,0.11112
10875.0,0.11088
10877.5,0.11095
10880.0,0.11083
10882.5,0.11122
10885.0,0.11183
10887.5,0.11214
10890.0,0.11189
10892.5,0.11242
10895.0,0.11293
10897.5,0.11321
10900.0,0.11338
10902.4,0.1135
10904.9,0.11375
10907.4,0.11381
10909.9,0.11391
10912.4,0.11358
10914.9,0.11354
10917.4,0.11328
10919.9,0.11277
10922.4,0.11267
10924.9,0.11213
10927.4,0.11135
10929.9,0.11089
10932.4,0.11056
10934.9,0.11065
10937.4,0.11044
10939.9,0.11076
10942.4,0.11065
10944.9,0.11102
10947.4,0.1111
10949.9,0.11105
10952.3,0.11069
10954.8,0.1103
10957.3,0.10975
10959.8,0.10891
10962.3,0.10807
10964.8,0.10733
10967.3,0.10652
10969.8,0.10605
10972.3,0.1058
10974.8,0.10592
10977.3,0.10607
10979.8,0.10644
10982.3,0.10634
10984.8,0.10659
10987.3,0.10702
10989.8,0.10717
10992.3,0.10707
10994.8,0.10716
10997.3,0.1068
10999.8,0.10683
