wave,flux
3700.85,0.14396
3701.75,0.14181
3702.65,0.13761
3703.55,0.13226
3704.45,0.12633
3705.35,0.12104
3706.25,0.1177
3707.15,0.11707
3708.05,0.11748
3708.96,0.11987
3709.86,0.12188
3710.76,0.1254
3711.66,0.12897
3712.56,0.13296
3713.46,0.13794
3714.36,0.14302
3715.26,0.14585
3716.16,0.147
3717.06,0.1461
3717.96,0.1424
3718.86,0.135
3719.76,0.12694
3720.66,0.11924
3721.56,0.1133
3722.46,0.11135
3723.36,0.11462
3724.26,0.12014
3725.16,0.12657
3726.06,0.13273
3726.96,0.13638
3727.86,0.13813
3728.76,0.13879
3729.66,0.13831
3730.56,0.13599
3731.46,0.13177
3732.36,0.12567
3733.26,0.11793
3734.16,0.11005
3735.06,0.10407
3735.96,0.10128
3736.86,0.10287
3737.76,0.10838
3738.66,0.11621
3739.56,0.12404
3740.46,0.1314
3741.36,0.13616
3742.26,0.13847
3743.16,0.13683
3744.06,0.13383
3744.96,0.12825
3745.86,0.12292
3746.76,0.1165
3747.67,0.11104
3748.57,0.10662
3749.47,0.10369
3750.37,0.10428
3751.27,0.10924
3752.17,0.11704
3753.07,0.1272
3753.97,0.13597
3754.87,0.14363
3755.77,0.14762
3756.67,0.14741
3757.57,0.14481
3758.47,0.14047
3759.37,0.13762
3760.27,0.13605
3761.17,0.13699
3762.07,0.13928
3762.97,0.14153
3763.87,0.14317
3764.77,0.14444
3765.67,0.14411
3766.57,0.14304
3767.47,0.1405
3768.37,0.13762
3769.27,0.13495
3770.17,0.13388
3771.07,0.13382
3771.97,0.1356
3772.87,0.13956
3773.77,0.14405
3774.67,0.14917
3775.57,0.15328
3776.47,0.15706
3777.37,0.16015
3778.27,0.16291
3779.17,0.16603
3780.07,0.16902
3780.97,0.17291
3781.87,0.17464
3782.77,0.17604
3783.67,0.17499
3784.57,0.17362
3785.47,0.16992
3786.38,0.16604
3787.28,0.16096
3788.18,0.15756
3789.08,0.15516
3789.98,0.15385
3790.88,0.15265
3791.78,0.15164
3792.68,0.15
3793.58,0.14668
3794.48,0.14203
3795.38,0.13699
3796.28,0.13174
3797.18,0.12704
3798.08,0.12374
3798.98,0.12376
3799.88,0.12703
3800.78,0.13384
3801.68,0.14205
3802.58,0.15167
3803.48,0.1592
3804.38,0.16545
3805.28,0.16822
3806.18,0.16892
3807.08,0.17019
3807.98,0.17023
3808.88,0.17158
3809.78,0.17243
3810.68,0.17256
3811.58,0.17136
3812.48,0.16906
3813.38,0.16474
3814.28,0.16024
3815.18,0.15658
3816.08,0.15358
3816.98,0.15258
3817.88,0.15309
3818.78,0.15296
3819.68,0.15114
3820.58,0.15053
3821.48,0.14843
3822.38,0.14658
3823.28,0.14557
3824.18,0.14327
3825.09,0.14009
3825.99,0.13642
3826.89,0.13365
3827.79,0.13227
3828.69,0.13023
3829.59,0.1287
3830.49,0.12634
3831.39,0.12221
3832.29,0.11799
3833.19,0.11265
3834.09,0.10859
3834.99,0.10486
3835.89,0.10339
3836.79,0.10421
3837.69,0.10543
3838.59,0.10878
3839.49,0.11321
3840.39,0.11919
3841.29,0.12679
3842.19,0.13425
3843.09,0.14264
3843.99,0.14949
3844.89,0.15597
3845.79,0.16099
3846.69,0.16366
3847.59,0.16535
3848.49,0.16672
3849.39,0.16705
3850.29,0.16722
3851.19,0.16762
3852.09,0.16785
3852.99,0.16884
3853.89,0.16874
3854.79,0.16765
3855.69,0.16622
3856.59,0.16279
3857.49,0.15875
3858.39,0.15558
3859.29,0.15301
3860.19,0.15237
3861.09,0.15389
3861.99,0.15733
3862.9,0.16136
3863.8,0.16665
3864.7,0.16982
3865.6,0.17204
3866.5,0.17268
3867.4,0.17265
3868.3,0.17246
3869.2,0.17115
3870.1,0.16853
3871.0,0.16443
3871.9,0.16014
3872.8,0.15752
3873.7,0.15618
3874.6,0.1551
3875.5,0.15622
3876.4,0.15679
3877.3,0.15558
3878.2,0.15577
3879.1,0.15439
3880.0,0.15409
3880.9,0.15437
3881.8,0.15454
3882.7,0.15389
3883.6,0.15314
3884.5,0.14861
3885.4,0.14319
3886.3,0.13744
3887.2,0.13176
3888.1,0.12666
3889.0,0.12388
3889.9,0.12362
3890.8,0.12664
3891.7,0.13137
3892.6,0.13772
3893.5,0.14341
3894.4,0.14788
3895.3,0.15146
3896.2,0.15412
3897.1,0.1556
3898.0,0.15733
3898.9,0.15884
3899.8,0.16017
3900.7,0.16108
3901.6,0.16124
3902.51,0.16132
3903.41,0.16035
3904.31,0.15923
3905.21,0.1582
3906.11,0.15789
3907.01,0.15945
3907.91,0.16144
3908.81,0.16625
3909.71,0.16923
3910.61,0.17304
3911.51,0.17549
3912.41,0.17689
3913.31,0.17774
3914.21,0.17567
3915.11,0.17481
3916.01,0.17277
3916.91,0.17046
3917.81,0.16712
3918.71,0.16475
3919.61,0.16175
3920.51,0.15856
3921.41,0.1572
3922.31,0.15448
3923.21,0.15343
3924.11,0.15162
3925.01,0.14927
3925.91,0.1447
3926.81,0.13812
3927.71,0.12947
3928.61,0.11774
3929.51,0.10546
3930.41,0.093039
3931.31,0.079793
3932.21,0.068584
3933.11,0.059698
3934.01,0.054395
3934.91,0.053716
3935.81,0.057848
3936.71,0.065781
3937.61,0.076913
3938.51,0.09042
3939.42,0.10348
3940.32,0.11506
3941.22,0.12516
3942.12,0.13283
3943.02,0.13871
3943.92,0.14397
3944.82,0.14762
3945.72,0.15186
3946.62,0.15595
3947.52,0.15917
3948.42,0.16266
3949.32,0.16509
3950.22,0.16713
3951.12,0.1678
3952.02,0.16953
3952.92,0.17117
3953.82,0.17106
3954.72,0.17155
3955.62,0.17153
3956.52,0.17056
3957.42,0.16942
3958.32,0.16733
3959.22,0.16561
3960.12,0.16086
3961.02,0.1559
3961.92,0.14915
3962.82,0.14
3963.72,0.1295
3964.62,0.11793
3965.52,0.10613
3966.42,0.092808
3967.32,0.080352
3968.22,0.070445
3969.12,0.064425
3970.02,0.063036
3970.92,0.067434
3971.82,0.075332
3972.72,0.08729
3973.62,0.10097
3974.52,0.11473
3975.42,0.12722
3976.32,0.13877
3977.22,0.14864
3978.13,0.15706
3979.03,0.16507
3979.93,0.17039
3980.83,0.17511
3981.73,0.17736
3982.63,0.1789
3983.53,0.18063
3984.43,0.18173
3985.33,0.18299
3986.23,0.18434
3987.13,0.18716
3988.03,0.1881
3988.93,0.19086
3989.83,0.19218
3990.73,0.19351
3991.63,0.19424
3992.53,0.19578
3993.43,0.19598
3994.33,0.19485
3995.23,0.19373
3996.13,0.1915
3997.03,0.19007
3997.93,0.18956
3998.83,0.18899
3999.73,0.1903
4000.63,0.19363
4001.53,0.19535
4002.43,0.19704
4003.33,0.197
4004.23,0.1968
4005.13,0.19354
4006.03,0.1929
4006.93,0.19153
4007.83,0.19239
4008.73,0.19463
4009.63,0.19671
4010.53,0.19984
4011.43,0.20107
4012.33,0.20176
4013.23,0.20166
4014.13,0.20298
4015.03,0.2022
4015.93,0.20236
4016.84,0.20313
4017.74,0.20264
4018.64,0.2037
4019.54,0.20416
4020.44,0.20393
4021.34,0.20445
4022.24,0.20467
4023.14,0.20424
4024.04,0.20448
4024.94,0.20455
4025.84,0.20519
4026.74,0.2068
4027.64,0.20593
4028.54,0.20592
4029.44,0.20413
4030.34,0.20112
4031.24,0.19679
4032.14,0.1934
4033.04,0.19196
4033.94,0.19104
4034.84,0.19334
4035.74,0.19628
4036.64,0.20129
4037.54,0.20559
4038.44,0.20933
4039.34,0.21071
4040.24,0.21179
4041.14,0.21088
4042.04,0.2086
4042.94,0.2041
4043.84,0.20051
4044.74,0.19549
4045.64,0.19321
4046.54,0.19079
4047.44,0.19162
4048.34,0.19427
4049.24,0.19864
4050.14,0.20313
4051.04,0.206
4051.94,0.20711
4052.84,0.20792
4053.74,0.20651
4054.65,0.20673
4055.55,0.20431
4056.45,0.20265
4057.35,0.20324
4058.25,0.20157
4059.15,0.20304
4060.05,0.20267
4060.95,0.2027
4061.85,0.2012
4062.75,0.19927
4063.65,0.19612
4064.55,0.19443
4065.45,0.19322
4066.35,0.1939
4067.25,0.19579
4068.15,0.19934
4069.05,0.20043
4069.95,0.20175
4070.85,0.2021
4071.75,0.20196
4072.65,0.20037
4073.55,0.19947
4074.45,0.19821
4075.35,0.19611
4076.25,0.19345
4077.15,0.19169
4078.05,0.18972
4078.95,0.18883
4079.85,0.19073
4080.75,0.19414
4081.65,0.19806
4082.55,0.20148
4083.45,0.20379
4084.35,0.20425
4085.25,0.20596
4086.15,0.20755
4087.05,0.21007
4087.95,0.21238
4088.85,0.21443
4089.75,0.21647
4090.65,0.2176
4091.55,0.21704
4092.45,0.21636
4093.36,0.2133
4094.26,0.21205
4095.16,0.20811
4096.06,0.20416
4096.96,0.1991
4097.86,0.19374
4098.76,0.18676
4099.66,0.17968
4100.56,0.1726
4101.46,0.16609
4102.36,0.16283
4103.26,0.16233
4104.16,0.16541
4105.06,0.17244
4105.96,0.17949
4106.86,0.18641
4107.76,0.1917
4108.66,0.19649
4109.56,0.19896
4110.46,0.2005
4111.36,0.2025
4112.26,0.20384
4113.16,0.20731
4114.06,0.20832
4114.96,0.21046
4115.86,0.21219
4116.76,0.21172
4117.66,0.21162
4118.56,0.21028
4119.46,0.20862
4120.36,0.20782
4121.26,0.20676
4122.16,0.207
4123.06,0.20727
4123.96,0.20855
4124.86,0.20938
4125.76,0.20981
4126.66,0.21049
4127.56,0.21075
4128.46,0.20882
4129.36,0.20818
4130.26,0.20581
4131.17,0.20454
4132.06,0.20241
4132.97,0.20114
4133.87,0.20073
4134.77,0.20111
4135.67,0.2031
4136.57,0.2055
4137.47,0.20925
4138.37,0.21274
4139.27,0.21425
4140.17,0.21493
4141.07,0.21256
4141.97,0.21062
4142.87,0.20674
4143.77,0.20348
4144.67,0.20244
4145.57,0.20223
4146.47,0.20358
4147.37,0.20626
4148.27,0.20826
4149.17,0.21025
4150.07,0.21051
4150.97,0.20919
4151.87,0.20887
4152.77,0.20777
4153.67,0.20775
4154.57,0.20701
4155.47,0.20613
4156.37,0.20609
4157.27,0.20702
4158.17,0.20915
4159.07,0.21039
4159.97,0.21273
4160.87,0.21381
4161.77,0.21482
4162.67,0.21653
4163.57,0.21695
4164.47,0.21689
4165.37,0.21655
4166.27,0.21564
4167.17,0.21508
4168.07,0.21418
4168.98,0.21196
4169.88,0.20918
4170.78,0.20681
4171.68,0.20422
4172.58,0.20127
4173.48,0.19835
4174.38,0.19718
4175.28,0.19653
4176.18,0.19687
4177.08,0.20014
4177.98,0.20185
4178.88,0.20377
4179.78,0.20478
4180.68,0.20616
4181.58,0.20779
4182.48,0.20878
4183.38,0.20891
4184.28,0.20758
4185.18,0.20748
4186.08,0.20655
4186.98,0.20688
4187.88,0.20559
4188.78,0.20557
4189.68,0.20603
4190.58,0.20675
4191.48,0.20861
4192.38,0.21004
4193.28,0.21124
4194.18,0.21174
4195.08,0.21051
4195.98,0.20941
4196.88,0.20689
4197.78,0.20428
4198.68,0.20188
4199.58,0.19931
4200.48,0.19823
4201.38,0.19653
4202.28,0.19803
4203.18,0.19846
4204.08,0.20033
4204.98,0.20175
4205.88,0.20323
4206.79,0.20607
4207.69,0.20756
4208.59,0.20972
4209.49,0.2108
4210.39,0.21217
4211.29,0.21171
4212.19,0.21226
4213.09,0.21123
4213.99,0.20894
4214.89,0.20655
4215.79,0.20591
4216.69,0.20459
4217.59,0.20434
4218.49,0.20558
4219.39,0.20706
4220.29,0.20811
4221.19,0.20921
4222.09,0.20829
4222.99,0.20507
4223.89,0.20047
4224.79,0.19457
4225.69,0.18795
4226.59,0.18295
4227.49,0.18157
4228.39,0.1826
4229.29,0.18672
4230.19,0.19252
4231.09,0.19716
4231.99,0.20174
4232.89,0.20417
4233.79,0.20477
4234.69,0.20376
4235.59,0.20209
4236.49,0.20166
4237.39,0.20093
4238.29,0.2007
4239.19,0.20214
4240.09,0.20375
4240.99,0.20534
4241.89,0.20728
4242.79,0.20818
4243.69,0.20929
4244.59,0.21012
4245.5,0.21047
4246.4,0.2079
4247.3,0.20608
4248.2,0.20336
4249.1,0.20276
4250.0,0.20117
4250.9,0.20027
4251.8,0.20077
4252.7,0.20128
4253.6,0.20303
4254.5,0.20385
4255.4,0.20533
4256.3,0.2047
4257.2,0.20629
4258.1,0.20548
4259.0,0.20415
4259.9,0.20307
4260.8,0.20308
4261.7,0.20306
4262.6,0.20428
4263.5,0.20752
4264.4,0.21028
4265.3,0.21292
4266.2,0.21382
4267.1,0.21326
4268.0,0.21146
4268.9,0.20886
4269.8,0.20475
4270.7,0.20123
4271.6,0.19557
4272.5,0.19394
4273.4,0.1913
4274.3,0.19173
4275.2,0.19223
4276.1,0.19585
4277.0,0.19974
4277.9,0.20195
4278.8,0.2045
4279.7,0.20579
4280.6,0.20501
4281.5,0.20531
4282.4,0.20434
4283.31,0.20293
4284.21,0.2014
4285.11,0.19975
4286.01,0.19815
4286.91,0.19581
4287.81,0.19341
4288.71,0.18983
4289.61,0.18744
4290.51,0.18555
4291.41,0.18552
4292.31,0.18711
4293.21,0.18822
4294.11,0.18969
4295.01,0.19018
4295.91,0.18909
4296.81,0.18681
4297.71,0.18315
4298.61,0.17756
4299.51,0.17336
4300.41,0.16793
4301.31,0.166
4302.21,0.16348
4303.11,0.16255
4304.01,0.16243
4304.91,0.16333
4305.81,0.1626
4306.71,0.16253
4307.61,0.16226
4308.51,0.16154
4309.41,0.16151
4310.31,0.16223
4311.21,0.16474
4312.11,0.1686
4313.01,0.174
4313.91,0.18106
4314.81,0.18879
4315.71,0.19765
4316.61,0.20516
4317.51,0.21243
4318.41,0.21822
4319.31,0.22041
4320.21,0.22194
4321.12,0.21895
4322.02,0.21566
4322.92,0.2108
4323.82,0.2063
4324.72,0.2016
4325.62,0.19907
4326.52,0.19771
4327.42,0.19847
4328.32,0.20244
4329.22,0.20733
4330.12,0.21204
4331.02,0.21633
4331.92,0.2177
4332.82,0.21941
4333.72,0.21876
4334.62,0.21762
4335.52,0.21285
4336.42,0.20719
4337.32,0.19939
4338.22,0.19134
4339.12,0.183
4340.02,0.17635
4340.92,0.17117
4341.82,0.17032
4342.72,0.17441
4343.62,0.18043
4344.52,0.18777
4345.42,0.1955
4346.32,0.20244
4347.22,0.20733
4348.12,0.21159
4349.02,0.21326
4349.92,0.21265
4350.82,0.21251
4351.72,0.20925
4352.62,0.20881
4353.52,0.20829
4354.42,0.20906
4355.32,0.21086
4356.22,0.21288
4357.12,0.21476
4358.02,0.21664
4358.92,0.21845
4359.83,0.21929
4360.73,0.22076
4361.63,0.22251
4362.53,0.22328
4363.43,0.22531
4364.33,0.2263
4365.23,0.22643
4366.13,0.22639
4367.03,0.22531
4367.93,0.22372
4368.83,0.22272
4369.73,0.22074
4370.63,0.21883
4371.53,0.21755
4372.43,0.21635
4373.33,0.21395
4374.23,0.21312
4375.13,0.21244
4376.03,0.21218
4376.93,0.21304
4377.83,0.21413
4378.73,0.21555
4379.63,0.21625
4380.53,0.21564
4381.43,0.21322
4382.33,0.20996
4383.23,0.20531
4384.13,0.20095
4385.03,0.19864
4385.93,0.19872
4386.83,0.2005
4387.73,0.20356
4388.63,0.2063
4389.53,0.20973
4390.43,0.21289
4391.33,0.21351
4392.23,0.21526
4393.13,0.21657
4394.03,0.21714
4394.93,0.21773
4395.83,0.21766
4396.73,0.21739
4397.64,0.21852
4398.54,0.21909
4399.44,0.2189
4400.34,0.21821
4401.24,0.21825
4402.14,0.21637
4403.04,0.21558
4403.94,0.2146
4404.84,0.21331
4405.74,0.21219
4406.64,0.21196
4407.54,0.21278
4408.44,0.21351
4409.34,0.21666
4410.24,0.21888
4411.14,0.2219
4412.04,0.22431
4412.94,0.22438
4413.84,0.22515
4414.74,0.22462
4415.64,0.22258
4416.54,0.22223
4417.44,0.22273
4418.34,0.22237
4419.24,0.22491
4420.14,0.22612
4421.04,0.22744
4421.94,0.22862
4422.84,0.22764
4423.74,0.22891
4424.64,0.22799
4425.54,0.22707
4426.44,0.22663
4427.34,0.22601
4428.24,0.22701
4429.14,0.22627
4430.04,0.22545
4430.94,0.22666
4431.84,0.22611
4432.74,0.22507
4433.64,0.2236
4434.54,0.22342
4435.45,0.22338
4436.35,0.22262
4437.25,0.22446
4438.15,0.22697
4439.05,0.2285
4439.95,0.22997
4440.85,0.22933
4441.75,0.22756
4442.65,0.22784
4443.55,0.22579
4444.45,0.22494
4445.35,0.22482
4446.25,0.22657
4447.15,0.22828
4448.05,0.22909
4448.95,0.23028
4449.85,0.23056
4450.75,0.22884
4451.65,0.22839
4452.55,0.22725
4453.45,0.22477
4454.35,0.22213
4455.25,0.21973
4456.15,0.21855
4457.05,0.21744
4457.95,0.21695
4458.85,0.21641
4459.75,0.21764
4460.65,0.21758
4461.55,0.21877
4462.45,0.22082
4463.35,0.22145
4464.25,0.22317
4465.15,0.22462
4466.05,0.22645
4466.95,0.22698
4467.85,0.22672
4468.75,0.22612
4469.65,0.22762
4470.55,0.22842
4471.45,0.22905
4472.35,0.23233
4473.25,0.23435
4474.16,0.2357
4475.06,0.23873
4475.96,0.23929
4476.86,0.24087
4477.76,0.23959
4478.66,0.24007
4479.56,0.23873
4480.46,0.23655
4481.36,0.23415
4482.26,0.23383
4483.16,0.2331
4484.06,0.23459
4484.96,0.23479
4485.86,0.23588
4486.76,0.23721
4487.66,0.23701
4488.56,0.2373
4489.46,0.23546
4490.36,0.23516
4491.26,0.23403
4492.16,0.23367
4493.06,0.23456
4493.96,0.23496
4494.86,0.2348
4495.76,0.23485
4496.66,0.2353
4497.56,0.23581
4498.46,0.23632
4499.36,0.238
4500.26,0.23952
4501.16,0.24143
4502.06,0.24293
4502.96,0.24391
4503.86,0.24519
4504.76,0.24735
4505.66,0.24876
4506.56,0.24989
4507.46,0.24938
4508.36,0.25033
4509.26,0.24993
4510.17,0.24942
4511.06,0.24891
4511.97,0.24867
4512.87,0.24702
4513.77,0.24559
4514.67,0.24473
4515.57,0.24444
4516.47,0.24158
4517.37,0.24114
4518.27,0.24105
4519.17,0.23975
4520.07,0.23991
4520.97,0.2399
4521.87,0.23851
4522.77,0.23785
4523.67,0.23665
4524.57,0.23447
4525.47,0.23269
4526.37,0.2307
4527.27,0.2283
4528.17,0.22639
4529.07,0.22503
4529.97,0.22364
4530.87,0.22325
4531.77,0.22278
4532.67,0.22191
4533.57,0.22217
4534.47,0.22364
4535.37,0.22352
4536.27,0.2257
4537.17,0.22752
4538.07,0.23135
4538.97,0.23497
4539.87,0.23698
4540.77,0.23992
4541.67,0.23994
4542.57,0.24019
4543.47,0.23989
4544.37,0.23799
4545.27,0.23733
4546.17,0.23685
4547.07,0.23536
4547.97,0.23429
4548.88,0.23183
4549.77,0.2315
4550.68,0.23082
4551.58,0.22928
4552.48,0.22949
4553.38,0.22924
4554.28,0.22891
4555.18,0.23096
4556.08,0.23203
4556.98,0.23287
4557.88,0.23619
4558.78,0.23848
4559.68,0.24177
4560.58,0.24369
4561.48,0.24397
4562.38,0.24415
4563.28,0.24428
4564.18,0.24319
4565.08,0.24197
4565.98,0.24074
4566.88,0.24183
4567.78,0.24316
4568.68,0.24317
4569.58,0.24327
4570.48,0.24194
4571.38,0.24344
4572.28,0.24258
4573.18,0.2424
4574.08,0.2423
4574.98,0.24285
4575.88,0.24314
4576.78,0.24345
4577.68,0.24413
4578.58,0.24227
4579.48,0.2421
4580.38,0.23827
4581.28,0.23862
4582.18,0.23631
4583.08,0.23611
4583.98,0.23614
4584.88,0.23727
4585.78,0.23752
4586.69,0.23931
4587.58,0.24007
4588.49,0.24183
4589.39,0.24216
4590.29,0.24294
4591.19,0.24303
4592.09,0.24103
4592.99,0.24108
4593.89,0.24211
4594.79,0.2416
4595.69,0.24159
4596.59,0.2421
4597.49,0.24253
4598.39,0.24275
4599.29,0.24326
4600.19,0.24202
4601.09,0.24297
4601.99,0.2421
4602.89,0.24047
4603.79,0.24199
4604.69,0.24238
4605.59,0.24287
4606.49,0.24335
4607.39,0.24562
4608.29,0.24603
4609.19,0.24785
4610.09,0.24876
4610.99,0.2481
4611.89,0.24881
4612.79,0.24873
4613.69,0.24914
4614.59,0.24727
4615.49,0.24783
4616.39,0.24671
4617.29,0.24687
4618.19,0.24649
4619.09,0.2473
4619.99,0.24765
4620.89,0.24691
4621.79,0.24874
4622.69,0.24871
4623.59,0.24923
4624.5,0.24891
4625.4,0.24906
4626.3,0.24942
4627.2,0.24844
4628.1,0.24996
4629.0,0.24788
4629.9,0.24834
4630.8,0.24984
4631.7,0.24888
4632.6,0.2488
4633.5,0.24917
4634.4,0.24854
4635.3,0.24715
4636.2,0.24659
4637.1,0.24692
4638.0,0.24601
4638.9,0.24674
4639.8,0.24681
4640.7,0.24635
4641.6,0.24759
4642.5,0.24744
4643.4,0.2479
4644.3,0.24903
4645.2,0.24821
4646.1,0.24606
4647.0,0.24543
4647.9,0.24389
4648.8,0.24268
4649.7,0.2438
4650.6,0.24328
4651.5,0.2443
4652.4,0.2431
4653.3,0.24329
4654.2,0.24343
4655.1,0.24331
4656.0,0.2424
4656.9,0.24478
4657.8,0.24524
4658.7,0.24727
4659.6,0.24999
4660.5,0.24992
4661.4,0.25191
4662.3,0.25134
4663.21,0.24993
4664.11,0.2498
4665.01,0.24672
4665.91,0.24519
4666.81,0.24249
4667.71,0.24042
4668.61,0.2396
4669.51,0.23874
4670.41,0.23908
4671.31,0.23978
4672.21,0.24252
4673.11,0.24591
4674.01,0.24602
4674.91,0.24791
4675.81,0.24885
4676.71,0.2488
4677.61,0.2486
4678.51,0.24814
4679.41,0.24837
4680.31,0.24541
4681.21,0.24555
4682.11,0.24447
4683.01,0.24463
4683.91,0.24471
4684.81,0.24576
4685.71,0.24727
4686.61,0.24852
4687.51,0.25013
4688.41,0.24891
4689.31,0.24768
4690.21,0.24843
4691.11,0.2483
4692.01,0.24994
4692.91,0.25003
4693.81,0.25061
4694.71,0.25133
4695.61,0.25195
4696.51,0.25222
4697.41,0.25204
4698.31,0.25125
4699.21,0.24944
4700.12,0.24817
4701.02,0.24643
4701.92,0.24538
4702.82,0.24407
4703.72,0.24365
4704.62,0.24233
4705.52,0.24311
4706.42,0.24136
4707.32,0.24142
4708.22,0.24188
4709.12,0.24184
4710.02,0.24301
4710.92,0.24387
4711.82,0.24422
4712.72,0.24487
4713.62,0.24654
4714.52,0.24763
4715.42,0.24915
4716.32,0.24917
4717.22,0.25015
4718.12,0.25114
4719.02,0.25135
4719.92,0.25223
4720.82,0.25267
4721.72,0.25401
4722.62,0.25421
4723.52,0.25367
4724.42,0.25273
4725.32,0.25303
4726.22,0.25193
4727.12,0.25105
4728.02,0.24936
4728.92,0.2484
4729.82,0.24674
4730.72,0.24626
4731.62,0.24519
4732.52,0.24507
4733.42,0.24607
4734.32,0.24672
4735.22,0.24641
4736.12,0.24778
4737.02,0.24681
4737.92,0.24748
4738.83,0.24831
4739.73,0.24939
4740.63,0.24887
4741.53,0.24891
4742.43,0.2498
4743.33,0.25018
4744.23,0.25004
4745.13,0.25122
4746.03,0.25179
4746.93,0.253
4747.83,0.25267
4748.73,0.25323
4749.63,0.25306
4750.53,0.2535
4751.43,0.25237
4752.33,0.25293
4753.23,0.25146
4754.13,0.25066
4755.03,0.24976
4755.93,0.24743
4756.83,0.24842
4757.73,0.24719
4758.63,0.24736
4759.53,0.24718
4760.43,0.247
4761.33,0.24685
4762.23,0.24545
4763.13,0.2444
4764.03,0.24366
4764.93,0.24411
4765.83,0.24319
4766.73,0.24272
4767.63,0.24456
4768.53,0.24475
4769.43,0.24655
4770.33,0.24766
4771.23,0.24778
4772.13,0.24853
4773.03,0.24878
4773.93,0.25014
4774.83,0.24986
4775.73,0.24989
4776.64,0.2507
4777.54,0.25181
4778.44,0.25079
4779.34,0.25185
4780.24,0.25121
4781.14,0.2497
4782.04,0.24845
4782.94,0.24847
4783.84,0.24729
4784.74,0.24715
4785.64,0.24456
4786.54,0.24518
4787.44,0.24401
4788.34,0.24444
4789.24,0.24536
4790.14,0.24526
4791.04,0.24563
4791.94,0.24758
4792.84,0.24814
4793.74,0.25097
4794.64,0.25242
4795.54,0.25286
4796.44,0.25195
4797.34,0.25309
4798.24,0.25325
4799.14,0.25177
4800.04,0.25185
4800.94,0.25054
4801.84,0.2504
4802.74,0.25087
4803.64,0.25071
4804.54,0.25197
4805.44,0.25139
4806.34,0.24992
4807.24,0.25137
4808.14,0.25093
4809.04,0.25217
4809.94,0.25224
4810.84,0.25299
4811.74,0.25279
4812.64,0.25363
4813.54,0.25446
4814.45,0.25428
4815.35,0.25362
4816.25,0.25471
4817.15,0.25605
4818.05,0.25575
4818.95,0.25564
4819.85,0.25601
4820.75,0.25418
4821.65,0.2533
4822.55,0.25321
4823.45,0.25144
4824.35,0.2501
4825.25,0.25079
4826.15,0.25159
4827.05,0.25056
4827.95,0.25025
4828.85,0.25087
4829.75,0.24997
4830.65,0.25084
4831.55,0.25015
4832.45,0.25017
4833.35,0.25046
4834.25,0.25101
4835.15,0.2508
4836.05,0.2508
4836.95,0.25033
4837.85,0.25086
4838.75,0.24999
4839.65,0.24944
4840.55,0.24849
4841.45,0.24763
4842.35,0.24847
4843.25,0.24817
4844.15,0.24804
4845.05,0.24914
4845.95,0.24944
4846.85,0.24988
4847.75,0.24995
4848.65,0.24939
4849.55,0.2487
4850.45,0.24862
4851.35,0.24911
4852.26,0.24633
4853.16,0.2459
4854.06,0.24484
4854.96,0.24158
4855.86,0.23859
4856.76,0.23404
4857.66,0.22853
4858.56,0.22219
4859.46,0.21736
4860.36,0.21077
4861.26,0.20596
4862.16,0.20234
4863.06,0.20272
4863.96,0.20447
4864.86,0.20902
4865.76,0.21482
4866.66,0.22095
4867.56,0.22643
4868.46,0.23133
4869.36,0.23386
4870.26,0.23535
4871.16,0.23655
4872.06,0.23667
4872.96,0.23701
4873.86,0.23757
4874.76,0.2393
4875.66,0.24056
4876.56,0.24166
4877.46,0.24413
4878.36,0.2444
4879.26,0.24528
4880.16,0.24629
4881.06,0.24709
4881.96,0.24734
4882.86,0.24758
4883.76,0.24669
4884.66,0.24639
4885.56,0.24604
4886.46,0.24432
4887.36,0.24401
4888.26,0.24278
4889.17,0.2422
4890.07,0.24091
4890.97,0.24184
4891.87,0.2418
4892.77,0.24401
4893.67,0.24691
4894.57,0.2503
4895.47,0.25389
4896.37,0.25558
4897.27,0.25668
4898.17,0.25855
4899.07,0.25843
4899.97,0.25684
4900.87,0.25634
4901.77,0.25436
4902.67,0.25421
4903.57,0.2522
4904.47,0.25328
4905.37,0.25189
4906.27,0.25257
4907.17,0.25329
4908.07,0.25251
4908.97,0.25187
4909.87,0.2525
4910.77,0.24991
4911.67,0.2504
4912.57,0.25032
4913.47,0.25107
4914.37,0.25053
4915.27,0.25038
4916.17,0.25021
4917.07,0.24877
4917.97,0.2486
4918.87,0.24531
4919.77,0.2421
4920.67,0.23997
4921.57,0.2386
4922.47,0.23925
4923.37,0.23883
4924.27,0.24151
4925.17,0.24335
4926.07,0.24613
4926.98,0.24795
4927.88,0.25017
4928.78,0.25134
4929.68,0.25315
4930.58,0.25284
4931.48,0.25264
4932.38,0.25216
4933.28,0.25042
4934.18,0.2481
4935.08,0.24679
4935.98,0.24529
4936.88,0.24322
4937.78,0.24326
4938.68,0.24356
4939.58,0.24393
4940.48,0.24518
4941.38,0.24705
4942.28,0.24908
4943.18,0.25064
4944.08,0.25125
4944.98,0.25337
4945.88,0.25352
4946.78,0.25501
4947.68,0.25561
4948.58,0.25666
4949.48,0.25714
4950.38,0.2569
4951.28,0.25713
4952.18,0.25553
4953.08,0.25517
4953.98,0.25402
4954.88,0.25335
4955.78,0.24956
4956.68,0.24821
4957.58,0.24639
4958.48,0.24428
4959.38,0.24455
4960.28,0.24571
4961.18,0.24702
4962.08,0.24872
4962.98,0.25026
4963.88,0.24989
4964.79,0.25087
4965.69,0.25071
4966.59,0.25095
4967.49,0.2497
4968.39,0.24881
4969.29,0.24907
4970.19,0.25019
4971.09,0.25122
4971.99,0.24927
4972.89,0.2519
4973.79,0.25299
4974.69,0.25362
4975.59,0.25338
4976.49,0.25303
4977.39,0.25148
4978.29,0.25101
4979.19,0.24933
4980.09,0.24601
4980.99,0.24391
4981.89,0.24039
4982.79,0.23895
4983.69,0.23586
4984.59,0.23642
4985.49,0.23701
4986.39,0.23805
4987.29,0.23926
4988.19,0.24105
4989.09,0.24331
4989.99,0.24425
4990.89,0.24531
4991.79,0.24523
4992.69,0.24521
4993.59,0.24501
4994.49,0.24663
4995.39,0.24657
4996.29,0.24608
4997.19,0.24554
4998.09,0.24608
4998.99,0.24459
4999.89,0.24353
5000.79,0.24321
5001.7,0.24187
5002.6,0.24125
5003.5,0.24094
5004.4,0.2394
5005.3,0.24033
5006.2,0.23855
5007.1,0.23882
5008.0,0.23916
5008.9,0.23968
5009.8,0.2389
5010.7,0.23862
5011.6,0.23748
5012.5,0.23743
5013.4,0.23637
5014.3,0.23424
5015.2,0.23423
5016.1,0.23386
5017.0,0.23373
5017.9,0.23348
5018.8,0.23538
5019.7,0.23616
5020.6,0.2368
5021.5,0.23814
5022.4,0.23884
5023.3,0.23949
5024.2,0.24089
5025.1,0.24159
5026.0,0.24261
5026.9,0.2432
5027.8,0.24315
5028.7,0.24486
5029.6,0.24417
5030.5,0.24656
5031.4,0.24679
5032.3,0.24803
5033.2,0.24747
5034.1,0.24682
5035.0,0.24513
5035.9,0.24419
5036.8,0.24183
5037.7,0.23926
5038.6,0.23619
5039.5,0.23447
5040.41,0.23217
5041.31,0.23147
5042.21,0.23164
5043.11,0.23324
5044.01,0.2353
5044.91,0.23832
5045.81,0.23975
5046.71,0.24394
5047.61,0.24397
5048.51,0.24441
5049.41,0.24526
5050.31,0.24432
5051.21,0.24353
5052.11,0.24408
5053.01,0.24511
5053.91,0.24494
5054.81,0.24721
5055.71,0.2498
5056.61,0.25101
5057.51,0.25157
5058.41,0.25271
5059.31,0.25244
5060.21,0.25223
5061.11,0.25151
5062.01,0.25035
5062.91,0.249
5063.81,0.24757
5064.71,0.24563
5065.61,0.24432
5066.51,0.24261
5067.41,0.24297
5068.31,0.24282
5069.21,0.2422
5070.11,0.24314
5071.01,0.24342
5071.91,0.24295
5072.81,0.24331
5073.71,0.24425
5074.61,0.24349
5075.51,0.24331
5076.42,0.24158
5077.31,0.24164
5078.21,0.24043
5079.12,0.23953
5080.02,0.23736
5080.92,0.23589
5081.82,0.23569
5082.72,0.23506
5083.62,0.23728
5084.52,0.23711
5085.42,0.239
5086.32,0.23951
5087.22,0.24188
5088.12,0.2433
5089.02,0.24425
5089.92,0.24657
5090.82,0.24592
5091.72,0.24672
5092.62,0.24712
5093.52,0.24699
5094.42,0.24733
5095.32,0.24676
5096.22,0.24492
5097.12,0.24321
5098.02,0.24245
5098.92,0.24085
5099.82,0.24133
5100.72,0.24085
5101.62,0.24106
5102.52,0.24139
5103.42,0.24181
5104.32,0.24076
5105.22,0.24109
5106.12,0.24017
5107.02,0.23938
5107.92,0.2381
5108.82,0.23953
5109.72,0.23825
5110.62,0.23789
5111.52,0.23905
5112.42,0.23982
5113.32,0.24147
5114.22,0.24358
5115.12,0.24485
5116.03,0.24644
5116.93,0.24798
5117.83,0.24829
5118.73,0.24815
5119.63,0.24782
5120.53,0.24583
5121.43,0.2448
5122.33,0.24278
5123.23,0.24098
5124.13,0.23912
5125.03,0.23783
5125.93,0.23643
5126.83,0.23536
5127.73,0.23467
5128.63,0.23569
5129.53,0.23539
5130.43,0.23543
5131.33,0.23656
5132.23,0.23792
5133.13,0.23855
5134.03,0.23967
5134.93,0.24135
5135.83,0.24019
5136.73,0.2395
5137.63,0.23861
5138.53,0.23757
5139.43,0.23702
5140.33,0.23599
5141.23,0.23494
5142.13,0.23429
5143.03,0.23449
5143.93,0.23353
5144.83,0.23429
5145.73,0.23427
5146.63,0.23523
5147.53,0.23457
5148.43,0.23529
5149.33,0.23581
5150.23,0.23604
5151.13,0.23624
5152.03,0.23663
5152.94,0.23544
5153.84,0.23691
5154.74,0.23712
5155.64,0.23877
5156.54,0.23985
5157.44,0.2413
5158.34,0.2429
5159.24,0.24406
5160.14,0.24665
5161.04,0.24523
5161.94,0.24441
5162.84,0.24221
5163.74,0.23915
5164.64,0.23526
5165.54,0.23038
5166.44,0.22642
5167.34,0.22025
5168.24,0.2155
5169.14,0.21179
5170.04,0.20937
5170.94,0.20898
5171.84,0.20814
5172.74,0.20895
5173.64,0.21128
5174.54,0.21382
5175.44,0.21843
5176.34,0.22252
5177.24,0.2265
5178.14,0.22923
5179.04,0.23109
5179.94,0.23135
5180.84,0.22995
5181.74,0.22793
5182.64,0.2245
5183.54,0.22181
5184.44,0.21972
5185.34,0.2196
5186.24,0.22033
5187.14,0.2233
5188.04,0.22614
5188.94,0.22825
5189.84,0.23219
5190.75,0.23229
5191.65,0.23358
5192.55,0.23325
5193.45,0.23364
5194.35,0.23419
5195.25,0.23434
5196.15,0.23496
5197.05,0.23722
5197.95,0.23813
5198.85,0.23819
5199.75,0.2392
5200.65,0.24019
5201.55,0.23895
5202.45,0.23879
5203.35,0.23905
5204.25,0.23533
5205.15,0.23323
5206.05,0.22967
5206.95,0.22918
5207.85,0.22813
5208.75,0.22847
5209.65,0.22943
5210.55,0.23057
5211.45,0.23307
5212.35,0.23564
5213.25,0.23807
5214.15,0.24091
5215.05,0.24192
5215.95,0.24367
5216.85,0.24502
5217.75,0.24538
5218.65,0.24583
5219.55,0.2471
5220.45,0.24693
5221.35,0.24781
5222.25,0.24727
5223.15,0.24631
5224.05,0.2448
5224.95,0.24193
5225.85,0.2401
5226.75,0.23914
5227.66,0.23668
5228.56,0.23556
5229.46,0.23763
5230.36,0.23776
5231.26,0.24048
5232.16,0.24113
5233.06,0.24339
5233.96,0.24494
5234.86,0.24488
5235.76,0.24587
5236.66,0.24841
5237.56,0.24933
5238.46,0.24983
5239.36,0.25125
5240.26,0.25274
5241.16,0.25394
5242.06,0.25372
5242.96,0.25475
5243.86,0.25222
5244.76,0.25293
5245.66,0.25278
5246.56,0.25032
5247.46,0.24922
5248.36,0.24728
5249.26,0.24699
5250.16,0.24628
5251.06,0.24463
5251.96,0.24582
5252.86,0.24379
5253.76,0.24492
5254.66,0.24612
5255.56,0.24742
5256.46,0.24815
5257.36,0.24918
5258.26,0.24985
5259.16,0.2492
5260.06,0.24897
5260.96,0.24724
5261.86,0.24459
5262.76,0.24055
5263.66,0.238
5264.56,0.23417
5265.47,0.23168
5266.37,0.22997
5267.27,0.22792
5268.17,0.22634
5269.07,0.22623
5269.97,0.22702
5270.87,0.22698
5271.77,0.22843
5272.67,0.23103
5273.57,0.23334
5274.47,0.23635
5275.37,0.23963
5276.27,0.24149
5277.17,0.24414
5278.07,0.24638
5278.97,0.24801
5279.87,0.24939
5280.77,0.24928
5281.67,0.25031
5282.57,0.2499
5283.47,0.25036
5284.37,0.2496
5285.27,0.25033
5286.17,0.25149
5287.07,0.25282
5287.97,0.25536
5288.87,0.25583
5289.77,0.25761
5290.67,0.25827
5291.57,0.25778
5292.47,0.25637
5293.37,0.25619
5294.27,0.25533
5295.17,0.25416
5296.07,0.25046
5296.97,0.25008
5297.87,0.24791
5298.77,0.24715
5299.67,0.24662
5300.57,0.24606
5301.48,0.24716
5302.38,0.24819
5303.27,0.24986
5304.18,0.25123
5305.08,0.25246
5305.98,0.25375
5306.88,0.25498
5307.78,0.25658
5308.68,0.25735
5309.58,0.25689
5310.48,0.2582
5311.38,0.25853
5312.28,0.25877
5313.18,0.25725
5314.08,0.25739
5314.98,0.25727
5315.88,0.25569
5316.78,0.25579
5317.68,0.25544
5318.58,0.25406
5319.48,0.2531
5320.38,0.25271
5321.28,0.25228
5322.18,0.2512
5323.08,0.24951
5323.98,0.24728
5324.88,0.24571
5325.78,0.24318
5326.68,0.23981
5327.58,0.23884
5328.48,0.23736
5329.38,0.23651
5330.28,0.23696
5331.18,0.23831
5332.08,0.24052
5332.98,0.24377
5333.88,0.24595
5334.78,0.24767
5335.68,0.24993
5336.58,0.24973
5337.48,0.24999
5338.38,0.25079
5339.28,0.24964
5340.19,0.2489
5341.08,0.24821
5341.99,0.24855
5342.89,0.24836
5343.79,0.24861
5344.69,0.24803
5345.59,0.24898
5346.49,0.24943
5347.39,0.25007
5348.29,0.24993
5349.19,0.25062
5350.09,0.25068
5350.99,0.2514
5351.89,0.25218
5352.79,0.25334
5353.69,0.25513
5354.59,0.25652
5355.49,0.25653
5356.39,0.25897
5357.29,0.25893
5358.19,0.26135
5359.09,0.26177
5359.99,0.2609
5360.89,0.25923
5361.79,0.25772
5362.69,0.25754
5363.59,0.25552
5364.49,0.25454
5365.39,0.25175
5366.29,0.25247
5367.19,0.25064
5368.09,0.24956
5368.99,0.24737
5369.89,0.24745
5370.79,0.24587
5371.69,0.24557
5372.59,0.24663
5373.49,0.24722
5374.39,0.24903
5375.29,0.25104
5376.19,0.25287
5377.09,0.25426
5378.0,0.25549
5378.9,0.25577
5379.8,0.25592
5380.7,0.2571
5381.6,0.25573
5382.5,0.25524
5383.4,0.25485
5384.3,0.25471
5385.2,0.25376
5386.1,0.25446
5387.0,0.2542
5387.9,0.25323
5388.8,0.2536
5389.7,0.25254
5390.6,0.2532
5391.5,0.2518
5392.4,0.25163
5393.3,0.24842
5394.2,0.24771
5395.1,0.2472
5396.0,0.2474
5396.9,0.24532
5397.8,0.24362
5398.7,0.24482
5399.6,0.24546
5400.5,0.2452
5401.4,0.24572
5402.3,0.24585
5403.2,0.24464
5404.1,0.24342
5405.0,0.24339
5405.9,0.24237
5406.8,0.24184
5407.7,0.24115
5408.6,0.24163
5409.5,0.24258
5410.4,0.24411
5411.3,0.24458
5412.2,0.24617
5413.1,0.24794
5414.0,0.2496
5414.9,0.25025
5415.81,0.25145
5416.71,0.25195
5417.61,0.25333
5418.51,0.25397
5419.41,0.25362
5420.31,0.25316
5421.21,0.25391
5422.11,0.25262
5423.01,0.25286
5423.91,0.25248
5424.81,0.25086
5425.71,0.2507
5426.61,0.25037
5427.51,0.249
5428.41,0.24875
5429.31,0.24789
5430.21,0.24727
5431.11,0.24685
5432.01,0.24474
5432.91,0.24414
5433.81,0.24506
5434.71,0.24481
5435.61,0.24572
5436.51,0.24648
5437.41,0.24764
5438.31,0.24894
5439.21,0.25167
5440.11,0.25233
5441.01,0.25411
5441.91,0.25399
5442.81,0.25453
5443.71,0.25479
5444.61,0.25205
5445.51,0.24956
5446.41,0.25006
5447.31,0.24875
5448.21,0.24847
5449.11,0.24838
5450.01,0.24882
5450.91,0.24915
5451.81,0.2499
5452.72,0.24917
5453.62,0.25046
5454.52,0.25086
5455.42,0.24888
5456.32,0.24872
5457.22,0.24783
5458.12,0.24991
5459.02,0.24906
5459.92,0.25039
5460.82,0.24988
5461.72,0.2509
5462.62,0.25102
5463.52,0.2512
5464.42,0.25152
5465.32,0.25071
5466.22,0.25117
5467.12,0.25266
5468.02,0.25287
5468.92,0.25229
5469.82,0.25242
5470.72,0.25215
5471.62,0.25159
5472.52,0.25123
5473.42,0.24945
5474.32,0.24813
5475.22,0.24713
5476.12,0.2469
5477.02,0.24585
5477.92,0.24521
5478.82,0.24518
5479.72,0.24524
5480.62,0.24566
5481.52,0.24683
5482.42,0.24824
5483.32,0.24953
5484.22,0.24979
5485.12,0.25046
5486.02,0.25029
5486.92,0.25189
5487.82,0.25157
5488.72,0.25255
5489.62,0.25225
5490.53,0.25116
5491.43,0.25213
5492.33,0.25216
5493.23,0.25282
5494.13,0.25188
5495.03,0.25243
5495.93,0.25154
5496.83,0.25171
5497.73,0.25147
5498.63,0.25097
5499.53,0.25088
5500.43,0.25086
5501.33,0.24987
5502.23,0.24936
5503.13,0.24942
5504.03,0.25021
5504.93,0.24956
5505.83,0.24968
5506.73,0.2492
5507.63,0.2491
5508.53,0.24897
5509.43,0.24907
5510.33,0.2478
5511.23,0.24745
5512.13,0.24923
5513.03,0.24831
5513.93,0.24907
5514.83,0.24958
5515.73,0.24978
5516.63,0.25029
5517.53,0.25093
5518.43,0.25244
5519.33,0.25413
5520.23,0.25489
5521.13,0.25476
5522.03,0.25455
5522.93,0.25491
5523.83,0.2545
5524.73,0.25348
5525.63,0.25224
5526.54,0.25216
5527.44,0.25067
5528.33,0.24934
5529.24,0.24925
5530.14,0.24918
5531.04,0.24925
5531.94,0.25144
5532.84,0.25084
5533.74,0.25175
5534.64,0.25253
5535.54,0.25317
5536.44,0.25279
5537.34,0.25352
5538.24,0.25538
5539.14,0.25412
5540.04,0.25562
5540.94,0.25594
5541.84,0.25714
5542.74,0.25678
5543.64,0.25546
5544.54,0.25594
5545.44,0.2566
5546.34,0.25665
5547.24,0.25666
5548.14,0.25566
5549.04,0.25647
5549.94,0.25643
5550.84,0.25673
5551.74,0.25747
5552.64,0.25614
5553.54,0.25653
5554.44,0.25598
5555.34,0.2549
5556.24,0.25442
5557.14,0.25409
5558.04,0.25451
5558.94,0.25249
5559.84,0.25376
5560.74,0.25418
5561.64,0.25328
5562.54,0.25233
5563.44,0.25271
5564.34,0.25121
5565.25,0.24998
5566.15,0.2496
5567.05,0.24981
5567.95,0.249
5568.85,0.24926
5569.75,0.24755
5570.65,0.24823
5571.55,0.24801
5572.45,0.24874
5573.35,0.24869
5574.25,0.24812
5575.15,0.24903
5576.05,0.25019
5576.95,0.24937
5577.85,0.24999
5578.75,0.25048
5579.65,0.25098
5580.55,0.25157
5581.45,0.25101
5582.35,0.25149
5583.25,0.25016
5584.15,0.24933
5585.05,0.24808
5585.95,0.24713
5586.85,0.24588
5587.75,0.24352
5588.65,0.24286
5589.55,0.24194
5590.45,0.24196
5591.35,0.24067
5592.25,0.24136
5593.15,0.2421
5594.05,0.24197
5594.95,0.24376
5595.85,0.2441
5596.75,0.24549
5597.65,0.24533
5598.55,0.24579
5599.45,0.24451
5600.35,0.24467
5601.25,0.24473
5602.15,0.24593
5603.06,0.24587
5603.96,0.24717
5604.86,0.24778
5605.76,0.24979
5606.66,0.25058
5607.56,0.25261
5608.46,0.25403
5609.36,0.25618
5610.26,0.25475
5611.16,0.25547
5612.06,0.25431
5612.96,0.25461
5613.86,0.25317
5614.76,0.25138
5615.66,0.25036
5616.56,0.249
5617.46,0.24888
5618.36,0.2485
5619.26,0.24842
5620.16,0.24952
5621.06,0.25009
5621.96,0.25035
5622.86,0.25058
5623.76,0.25079
5624.66,0.25071
5625.56,0.25078
5626.46,0.25159
5627.36,0.25035
5628.26,0.25166
5629.16,0.25301
5630.06,0.25277
5630.96,0.25253
5631.86,0.25369
5632.76,0.25454
5633.66,0.25439
5634.56,0.25445
5635.46,0.25398
5636.36,0.25372
5637.26,0.25402
5638.16,0.25261
5639.06,0.25189
5639.96,0.25222
5640.86,0.25102
5641.77,0.25172
5642.67,0.2512
5643.57,0.25151
5644.47,0.2524
5645.37,0.25216
5646.27,0.25351
5647.17,0.25255
5648.07,0.25255
5648.97,0.25377
5649.87,0.25453
5650.77,0.25385
5651.67,0.25366
5652.57,0.25376
5653.47,0.25366
5654.37,0.2527
5655.27,0.25227
5656.17,0.25021
5657.07,0.24967
5657.97,0.24907
5658.87,0.24709
5659.77,0.24621
5660.67,0.24667
5661.57,0.24684
5662.47,0.24603
5663.37,0.24723
5664.27,0.24775
5665.17,0.24795
5666.07,0.24893
5666.97,0.24938
5667.87,0.2504
5668.77,0.25025
5669.67,0.25107
5670.57,0.25089
5671.47,0.25202
5672.37,0.25154
5673.27,0.25237
5674.17,0.25265
5675.07,0.25319
5675.97,0.25482
5676.88,0.25407
5677.77,0.25407
5678.68,0.25457
5679.58,0.25444
5680.48,0.25365
5681.38,0.25265
5682.28,0.25366
5683.18,0.25071
5684.08,0.25128
5684.98,0.25036
5685.88,0.24916
5686.78,0.25052
5687.68,0.24977
5688.58,0.25015
5689.48,0.25029
5690.38,0.25037
5691.28,0.25152
5692.18,0.25184
5693.08,0.25259
5693.98,0.25254
5694.88,0.25431
5695.78,0.25381
5696.68,0.2528
5697.58,0.25359
5698.48,0.25294
5699.38,0.25225
5700.28,0.25101
5701.18,0.24937
5702.08,0.24943
5702.98,0.24756
5703.88,0.24738
5704.78,0.24668
5705.68,0.24738
5706.58,0.24632
5707.48,0.24586
5708.38,0.24543
5709.28,0.24408
5710.18,0.243
5711.08,0.24426
5711.98,0.24513
5712.88,0.24474
5713.78,0.24542
5714.68,0.24683
5715.59,0.24878
5716.49,0.24916
5717.39,0.25082
5718.29,0.25142
5719.19,0.25236
5720.09,0.25475
5720.99,0.25291
5721.89,0.25389
5722.79,0.25444
5723.69,0.2551
5724.59,0.25489
5725.49,0.25395
5726.39,0.2541
5727.29,0.2537
5728.19,0.25264
5729.09,0.25373
5729.99,0.25253
5730.89,0.25274
5731.79,0.25306
5732.69,0.25206
5733.59,0.25305
5734.49,0.2537
5735.39,0.2538
5736.29,0.25329
5737.19,0.25402
5738.09,0.25333
5738.99,0.25434
5739.89,0.2526
5740.79,0.25444
5741.69,0.2532
5742.59,0.2527
5743.49,0.2532
5744.39,0.2531
5745.29,0.25451
5746.19,0.25341
5747.09,0.25315
5747.99,0.25254
5748.89,0.25252
5749.79,0.25256
5750.69,0.25174
5751.59,0.25204
5752.5,0.25138
5753.4,0.2505
5754.3,0.2513
5755.2,0.25058
5756.1,0.25028
5757.0,0.25089
5757.9,0.25088
5758.8,0.25143
5759.7,0.25126
5760.6,0.25124
5761.5,0.25281
5762.4,0.25141
5763.3,0.25191
5764.2,0.2518
5765.1,0.25244
5766.0,0.25184
5766.9,0.25278
5767.8,0.2543
5768.7,0.2532
5769.6,0.25452
5770.5,0.25365
5771.4,0.2545
5772.3,0.25337
5773.2,0.25256
5774.1,0.25419
5775.0,0.25227
5775.9,0.25214
5776.8,0.25143
5777.7,0.25166
5778.6,0.25209
5779.5,0.25169
5780.4,0.25124
5781.3,0.24922
5782.2,0.24869
5783.1,0.2493
5784.0,0.24778
5784.9,0.24811
5785.8,0.24702
5786.7,0.24763
5787.6,0.24748
5788.5,0.24833
5789.41,0.24819
5790.31,0.24985
5791.21,0.25074
5792.11,0.25068
5793.01,0.25076
5793.91,0.25097
5794.81,0.25184
5795.71,0.25261
5796.61,0.25189
5797.51,0.25171
5798.41,0.25407
5799.31,0.25312
5800.21,0.25357
5801.11,0.2534
5802.01,0.25361
5802.91,0.25342
5803.81,0.25447
5804.71,0.25306
5805.61,0.25371
5806.51,0.25304
5807.41,0.25302
5808.31,0.25245
5809.21,0.25384
5810.11,0.25242
5811.01,0.25331
5811.91,0.2528
5812.81,0.25287
5813.71,0.25389
5814.61,0.25371
5815.51,0.25315
5816.41,0.25443
5817.31,0.25401
5818.21,0.25441
5819.11,0.2543
5820.01,0.25437
5820.91,0.2546
5821.81,0.25497
5822.71,0.25626
5823.61,0.25556
5824.51,0.25584
5825.41,0.2559
5826.31,0.25705
5827.22,0.25515
5828.12,0.25619
5829.02,0.2548
5829.92,0.25573
5830.82,0.25595
5831.72,0.25624
5832.62,0.25632
5833.52,0.25532
5834.42,0.25433
5835.32,0.25545
5836.22,0.25561
5837.12,0.25534
5838.02,0.25429
5838.92,0.25505
5839.82,0.25547
5840.72,0.2564
5841.62,0.25427
5842.52,0.25564
5843.42,0.25467
5844.32,0.25419
5845.22,0.25328
5846.12,0.25363
5847.02,0.25411
5847.92,0.25381
5848.82,0.25332
5849.72,0.2531
5850.62,0.2519
5851.52,0.25173
5852.42,0.25023
5853.32,0.2504
5854.22,0.24833
5855.12,0.24824
5856.02,0.24776
5856.92,0.24761
5857.82,0.24718
5858.72,0.24668
5859.62,0.24653
5860.52,0.24709
5861.42,0.24678
5862.32,0.24729
5863.23,0.24851
5864.12,0.24888
5865.03,0.24868
5865.93,0.24907
5866.83,0.24898
5867.73,0.24916
5868.63,0.24968
5869.53,0.24996
5870.43,0.2511
5871.33,0.25013
5872.23,0.25191
5873.13,0.25179
5874.03,0.25222
5874.93,0.25189
5875.83,0.25184
5876.73,0.25112
5877.63,0.25041
5878.53,0.25025
5879.43,0.25015
5880.33,0.24962
5881.23,0.24916
5882.13,0.24862
5883.03,0.24787
5883.93,0.24549
5884.83,0.24488
5885.73,0.244
5886.63,0.24174
5887.53,0.23867
5888.43,0.23624
5889.33,0.23311
5890.23,0.22987
5891.13,0.22884
5892.03,0.22693
5892.93,0.22472
5893.83,0.22534
5894.73,0.22503
5895.63,0.22584
5896.53,0.22685
5897.43,0.22815
5898.33,0.23025
5899.23,0.23154
5900.13,0.23419
5901.04,0.23746
5901.94,0.23918
5902.83,0.24221
5903.74,0.24275
5904.64,0.2441
5905.54,0.24615
5906.44,0.24605
5907.34,0.24595
5908.24,0.24637
5909.14,0.24789
5910.04,0.24686
5910.94,0.24816
5911.84,0.24691
5912.74,0.24751
5913.64,0.24722
5914.54,0.24614
5915.44,0.24578
5916.34,0.24586
5917.24,0.24505
5918.14,0.24522
5919.04,0.24639
5919.94,0.24633
5920.84,0.2457
5921.74,0.24677
5922.64,0.24766
5923.54,0.24697
5924.44,0.24741
5925.34,0.2474
5926.24,0.24747
5927.14,0.24885
5928.04,0.24873
5928.94,0.24793
5929.84,0.24733
5930.74,0.24785
5931.64,0.24769
5932.54,0.24721
5933.44,0.24707
5934.34,0.24826
5935.24,0.24754
5936.14,0.24813
5937.04,0.24745
5937.94,0.2473
5938.85,0.24789
5939.75,0.24847
5940.65,0.24711
5941.55,0.24789
5942.45,0.24758
5943.35,0.24855
5944.25,0.2472
5945.15,0.24782
5946.05,0.24741
5946.95,0.24785
5947.85,0.24736
5948.75,0.24671
5949.65,0.24757
5950.55,0.24768
5951.45,0.24624
5952.35,0.24753
5953.25,0.24651
5954.15,0.24586
5955.05,0.24668
5955.95,0.24637
5956.85,0.2476
5957.75,0.24755
5958.65,0.24824
5959.55,0.24766
5960.45,0.24889
5961.35,0.24908
5962.25,0.24925
5963.15,0.24979
5964.05,0.24924
5964.95,0.25058
5965.85,0.25033
5966.75,0.25028
5967.65,0.25067
5968.55,0.25049
5969.45,0.25046
5970.35,0.24998
5971.25,0.251
5972.15,0.24995
5973.05,0.25069
5973.95,0.25083
5974.85,0.2498
5975.75,0.2491
5976.65,0.24952
5977.56,0.24919
5978.46,0.2486
5979.36,0.24771
5980.26,0.24763
5981.16,0.24822
5982.06,0.24674
5982.96,0.24662
5983.86,0.24885
5984.76,0.24642
5985.66,0.24782
5986.56,0.24801
5987.46,0.24744
5988.36,0.24791
5989.26,0.24749
5990.16,0.24804
5991.06,0.2488
5991.96,0.24878
5992.86,0.24849
5993.76,0.24868
5994.66,0.24932
5995.56,0.24878
5996.46,0.24908
5997.36,0.24946
5998.26,0.24913
5999.16,0.24923
6000.06,0.24915
6000.96,0.24792
6001.86,0.24776
6002.76,0.24942
6003.66,0.24805
6004.56,0.24758
6005.46,0.24801
6006.36,0.24773
6007.26,0.24619
6008.16,0.2466
6009.06,0.24667
6009.96,0.24674
6010.86,0.24615
6011.76,0.24553
6012.67,0.24686
6013.56,0.24666
6014.47,0.24678
6015.37,0.24674
6016.27,0.2464
6017.17,0.2469
6018.07,0.24735
6018.97,0.24455
6019.87,0.24612
6020.77,0.24484
6021.67,0.24533
6022.57,0.24558
6023.47,0.24481
6024.37,0.24591
6025.27,0.24595
6026.17,0.24653
6027.07,0.24728
6027.97,0.247
6028.87,0.24769
6029.77,0.24816
6030.67,0.24955
6031.57,0.24947
6032.47,0.24909
6033.37,0.24951
6034.27,0.25038
6035.17,0.25065
6036.07,0.2507
6036.97,0.24985
6037.87,0.25035
6038.77,0.25131
6039.67,0.24958
6040.57,0.25044
6041.47,0.24993
6042.37,0.24991
6043.27,0.25081
6044.17,0.25046
6045.07,0.25074
6045.97,0.25187
6046.87,0.25203
6047.77,0.25087
6048.67,0.2508
6049.57,0.25061
6050.47,0.25195
6051.38,0.25126
6052.28,0.25148
6053.18,0.25101
6054.08,0.25009
6054.98,0.25026
6055.88,0.25049
6056.78,0.2504
6057.68,0.24999
6058.58,0.24961
6059.48,0.24962
6060.38,0.2488
6061.28,0.24863
6062.18,0.24881
6063.08,0.24765
6063.98,0.24698
6064.88,0.24747
6065.78,0.24743
6066.68,0.24732
6067.58,0.24709
6068.48,0.24842
6069.38,0.24966
6070.28,0.24938
6071.18,0.25019
6072.08,0.25081
6072.98,0.25106
6073.88,0.25021
6074.78,0.2518
6075.68,0.25159
6076.58,0.25031
6077.48,0.25
6078.38,0.24976
6079.28,0.24896
6080.18,0.24952
6081.08,0.24796
6081.98,0.24837
6082.88,0.24813
6083.78,0.24743
6084.68,0.24699
6085.58,0.24766
6086.48,0.24706
6087.38,0.24655
6088.28,0.24728
6089.19,0.24718
6090.09,0.24687
6090.99,0.24721
6091.89,0.24779
6092.79,0.24746
6093.69,0.24689
6094.59,0.24788
6095.49,0.24841
6096.39,0.24822
6097.29,0.24727
6098.19,0.24816
6099.09,0.24637
6099.99,0.24603
6100.89,0.24528
6101.79,0.24451
6102.69,0.24472
6103.59,0.24531
6104.49,0.24374
6105.39,0.24399
6106.29,0.24378
6107.19,0.24316
6108.09,0.24495
6108.99,0.24562
6109.89,0.24687
6110.79,0.24712
6111.69,0.24744
6112.59,0.24653
6113.49,0.24807
6114.39,0.24816
6115.29,0.249
6116.19,0.24747
6117.09,0.24637
6117.99,0.2468
6118.89,0.24658
6119.79,0.24611
6120.69,0.24428
6121.59,0.24369
6122.49,0.24422
6123.39,0.24369
6124.29,0.24349
6125.19,0.24298
6126.1,0.24318
6127.0,0.24381
6127.9,0.24459
6128.8,0.2441
6129.7,0.24473
6130.6,0.24642
6131.5,0.24572
6132.4,0.24422
6133.3,0.24396
6134.2,0.24492
6135.1,0.24265
6136.0,0.24186
6136.9,0.24038
6137.8,0.24001
6138.7,0.23897
6139.6,0.23904
6140.5,0.23872
6141.4,0.23955
6142.3,0.23975
6143.2,0.24009
6144.1,0.2416
6145.0,0.2422
6145.9,0.24402
6146.8,0.24427
6147.7,0.24444
6148.6,0.24391
6149.5,0.2453
6150.4,0.24575
6151.3,0.24626
6152.2,0.24514
6153.1,0.24556
6154.0,0.24585
6154.9,0.24347
6155.8,0.24557
6156.7,0.24405
6157.6,0.24333
6158.5,0.24254
6159.4,0.24129
6160.3,0.23987
6161.2,0.23822
6162.1,0.23662
6163.01,0.23515
6163.91,0.23417
6164.81,0.2335
6165.71,0.2336
6166.61,0.23414
6167.51,0.23432
6168.41,0.23333
6169.31,0.23408
6170.21,0.23535
6171.11,0.23583
6172.01,0.23663
6172.91,0.23733
6173.81,0.23725
6174.71,0.23895
6175.61,0.23916
6176.51,0.24066
6177.41,0.24096
6178.31,0.24164
6179.21,0.24155
6180.11,0.24264
6181.01,0.24272
6181.91,0.24229
6182.81,0.24299
6183.71,0.24349
6184.61,0.24239
6185.51,0.24292
6186.41,0.24252
6187.31,0.24244
6188.21,0.24124
6189.11,0.24011
6190.01,0.24054
6190.91,0.23903
6191.81,0.23957
6192.71,0.23852
6193.61,0.23936
6194.51,0.23871
6195.41,0.23958
6196.31,0.24011
6197.21,0.24067
6198.11,0.24172
6199.01,0.24143
6199.92,0.24118
6200.82,0.24235
6201.72,0.24159
6202.62,0.24185
6203.52,0.24245
6204.42,0.24307
6205.32,0.24336
6206.22,0.24338
6207.12,0.2434
6208.02,0.24328
6208.92,0.24266
6209.82,0.24296
6210.72,0.24256
6211.62,0.24107
6212.52,0.24095
6213.42,0.24016
6214.32,0.23982
6215.22,0.23832
6216.12,0.23783
6217.02,0.23744
6217.92,0.23725
6218.82,0.23691
6219.72,0.23669
6220.62,0.23726
6221.52,0.23795
6222.42,0.23797
6223.32,0.23765
6224.22,0.23867
6225.12,0.23803
6226.02,0.2375
6226.92,0.238
6227.82,0.23842
6228.72,0.23773
6229.62,0.23703
6230.52,0.23619
6231.42,0.23605
6232.32,0.23604
6233.22,0.23509
6234.12,0.23639
6235.02,0.23602
6235.92,0.2368
6236.83,0.23648
6237.73,0.23784
6238.63,0.23796
6239.53,0.23658
6240.43,0.23786
6241.33,0.23637
6242.23,0.23676
6243.13,0.23567
6244.03,0.23545
6244.93,0.23514
6245.83,0.23548
6246.73,0.23507
6247.63,0.23572
6248.53,0.23553
6249.43,0.23605
6250.33,0.23503
6251.23,0.23476
6252.13,0.23481
6253.03,0.2338
6253.93,0.23324
6254.83,0.23303
6255.73,0.23181
6256.63,0.23124
6257.53,0.23165
6258.43,0.23258
6259.33,0.23292
6260.23,0.23202
6261.13,0.23371
6262.03,0.23364
6262.93,0.23387
6263.83,0.23548
6264.73,0.23504
6265.63,0.23586
6266.53,0.23681
6267.43,0.23776
6268.33,0.23771
6269.23,0.23916
6270.13,0.23859
6271.03,0.2385
6271.93,0.2397
6272.83,0.23839
6273.73,0.23981
6274.64,0.23963
6275.54,0.23896
6276.44,0.24004
6277.34,0.23875
6278.24,0.23983
6279.14,0.2386
6280.04,0.23788
6280.94,0.238
6281.84,0.23939
6282.74,0.2392
6283.64,0.23984
6284.54,0.23863
6285.44,0.23978
6286.34,0.23988
6287.24,0.24012
6288.14,0.24111
6289.04,0.24148
6289.94,0.24174
6290.84,0.24083
6291.74,0.2414
6292.64,0.24121
6293.54,0.24034
6294.44,0.24075
6295.34,0.23856
6296.24,0.23909
6297.14,0.23884
6298.04,0.23795
6298.94,0.23745
6299.84,0.23614
6300.74,0.23672
6301.64,0.23667
6302.54,0.23738
6303.44,0.23685
6304.34,0.2376
6305.24,0.23733
6306.14,0.23933
6307.04,0.23888
6307.94,0.23845
6308.84,0.2393
6309.74,0.23952
6310.64,0.24064
6311.54,0.2401
6312.45,0.23846
6313.35,0.239
6314.25,0.23893
6315.15,0.23851
6316.05,0.23843
6316.95,0.23707
6317.85,0.2368
6318.75,0.23676
6319.65,0.23649
6320.55,0.23693
6321.45,0.23835
6322.35,0.23825
6323.25,0.2386
6324.15,0.2391
6325.05,0.23924
6325.95,0.24015
6326.85,0.24054
6327.75,0.24055
6328.65,0.24086
6329.55,0.24151
6330.45,0.24032
6331.35,0.24143
6332.25,0.24229
6333.15,0.24043
6334.05,0.23989
6334.95,0.23968
6335.85,0.23959
6336.75,0.23893
6337.65,0.23942
6338.55,0.23902
6339.45,0.23924
6340.35,0.23852
6341.25,0.23802
6342.15,0.23914
6343.05,0.23978
6343.95,0.23976
6344.85,0.24027
6345.75,0.24001
6346.65,0.24021
6347.55,0.24036
6348.46,0.23981
6349.35,0.24045
6350.26,0.24022
6351.16,0.2403
6352.06,0.24011
6352.96,0.23921
6353.86,0.23971
6354.76,0.23911
6355.66,0.23959
6356.56,0.23823
6357.46,0.23806
6358.36,0.23655
6359.26,0.23787
6360.16,0.2358
6361.06,0.23671
6361.96,0.237
6362.86,0.23615
6363.76,0.23612
6364.66,0.23653
6365.56,0.23706
6366.46,0.23757
6367.36,0.23697
6368.26,0.23825
6369.16,0.23897
6370.06,0.23987
6370.96,0.23962
6371.86,0.23911
6372.76,0.24072
6373.66,0.24105
6374.56,0.24017
6375.46,0.23946
6376.36,0.23993
6377.26,0.24044
6378.16,0.24017
6379.06,0.23903
6379.96,0.23956
6380.86,0.23948
6381.76,0.23935
6382.66,0.2389
6383.56,0.23951
6384.46,0.2386
6385.36,0.23898
6386.27,0.23849
6387.17,0.23917
6388.07,0.23894
6388.97,0.2382
6389.87,0.23854
6390.77,0.23826
6391.67,0.23794
6392.57,0.23642
6393.47,0.23648
6394.37,0.23669
6395.27,0.23619
6396.17,0.23613
6397.07,0.23587
6397.97,0.23518
6398.87,0.23673
6399.77,0.23697
6400.67,0.23617
6401.57,0.23728
6402.47,0.23619
6403.37,0.23717
6404.27,0.2376
6405.17,0.23799
6406.07,0.23823
6406.97,0.23712
6407.87,0.23886
6408.77,0.23865
6409.67,0.23823
6410.57,0.23857
6411.47,0.23807
6412.37,0.23839
6413.27,0.23736
6414.17,0.2386
6415.07,0.23876
6415.97,0.23858
6416.87,0.239
6417.77,0.2374
6418.67,0.23911
6419.57,0.23944
6420.47,0.23735
6421.37,0.23803
6422.27,0.23847
6423.17,0.23798
6424.08,0.23882
6424.98,0.23964
6425.88,0.23883
6426.78,0.23989
6427.68,0.23958
6428.58,0.23913
6429.48,0.24014
6430.38,0.24021
6431.28,0.24009
6432.18,0.23894
6433.08,0.23873
6433.98,0.23879
6434.88,0.23887
6435.78,0.2378
6436.68,0.23833
6437.58,0.23859
6438.48,0.23888
6439.38,0.2381
6440.28,0.23845
6441.18,0.23821
6442.08,0.23799
6442.98,0.23911
6443.88,0.23976
6444.78,0.24
6445.68,0.2395
6446.58,0.23921
6447.48,0.23948
6448.38,0.23972
6449.28,0.23895
6450.18,0.23753
6451.08,0.238
6451.98,0.23701
6452.88,0.23693
6453.78,0.23695
6454.68,0.23739
6455.58,0.23692
6456.48,0.23762
6457.38,0.23688
6458.28,0.23643
6459.18,0.23746
6460.08,0.2365
6460.98,0.23612
6461.89,0.23448
6462.79,0.2348
6463.69,0.2346
6464.59,0.23549
6465.49,0.23565
6466.39,0.23501
6467.29,0.23551
6468.19,0.23626
6469.09,0.23703
6469.99,0.23661
6470.89,0.23759
6471.79,0.23671
6472.69,0.23637
6473.59,0.23738
6474.49,0.23712
6475.39,0.2363
6476.29,0.23621
6477.19,0.23668
6478.09,0.23703
6478.99,0.23572
6479.89,0.23525
6480.79,0.23591
6481.69,0.23574
6482.59,0.23549
6483.49,0.23499
6484.39,0.23427
6485.29,0.23554
6486.19,0.23499
6487.09,0.23478
6487.99,0.2349
6488.89,0.23498
6489.79,0.2338
6490.69,0.23337
6491.59,0.23179
6492.49,0.23042
6493.39,0.22944
6494.29,0.22747
6495.19,0.22575
6496.09,0.22424
6496.99,0.22365
6497.9,0.22338
6498.79,0.22494
6499.7,0.22471
6500.6,0.22601
6501.5,0.22652
6502.4,0.22826
6503.3,0.23088
6504.2,0.23145
6505.1,0.23206
6506.0,0.23239
6506.9,0.23422
6507.8,0.23483
6508.7,0.23532
6509.6,0.23658
6510.5,0.23567
6511.4,0.23494
6512.3,0.23487
6513.2,0.23519
6514.1,0.23389
6515.0,0.23418
6515.9,0.23386
6516.8,0.23328
6517.7,0.23331
6518.6,0.23369
6519.5,0.23288
6520.4,0.23331
6521.3,0.23363
6522.2,0.23331
6523.1,0.23391
6524.0,0.23457
6524.9,0.23421
6525.8,0.23446
6526.7,0.23546
6527.6,0.23361
6528.5,0.2351
6529.4,0.23446
6530.3,0.23469
6531.2,0.23354
6532.1,0.23404
6533.0,0.23426
6533.9,0.23345
6534.8,0.23392
6535.71,0.23376
6536.61,0.23453
6537.51,0.23316
6538.41,0.23418
6539.31,0.23408
6540.21,0.2338
6541.11,0.23422
6542.01,0.23236
6542.91,0.2331
6543.81,0.23131
6544.71,0.23124
6545.61,0.23126
6546.51,0.22984
6547.41,0.22993
6548.31,0.22817
6549.21,0.22857
6550.11,0.22791
6551.01,0.22679
6551.91,0.22769
6552.81,0.22691
6553.71,0.22577
6554.61,0.22466
6555.51,0.22251
6556.41,0.22077
6557.31,0.21809
6558.21,0.21642
6559.11,0.21222
6560.01,0.20857
6560.91,0.20371
6561.81,0.20014
6562.71,0.19737
6563.61,0.19564
6564.51,0.19429
6565.41,0.19534
6566.31,0.19664
6567.21,0.20006
6568.11,0.20246
6569.01,0.20707
6569.91,0.21076
6570.81,0.21427
6571.71,0.2181
6572.61,0.21926
6573.52,0.2212
6574.42,0.22373
6575.32,0.22349
6576.22,0.22446
6577.12,0.2262
6578.02,0.22697
6578.92,0.2276
6579.82,0.22807
6580.72,0.22875
6581.62,0.22924
6582.52,0.23066
6583.42,0.23097
6584.32,0.23112
6585.22,0.23105
6586.12,0.23199
6587.02,0.23219
6587.92,0.23095
6588.82,0.23169
6589.72,0.23121
6590.62,0.23023
6591.52,0.23023
6592.42,0.22922
6593.32,0.22915
6594.22,0.22961
6595.12,0.22848
6596.02,0.2285
6596.92,0.22917
6597.82,0.22992
6598.72,0.23069
6599.62,0.23035
6600.52,0.23099
6601.42,0.23119
6602.32,0.23211
6603.22,0.23141
6604.12,0.23191
6605.02,0.23212
6605.92,0.23188
6606.82,0.23145
6607.72,0.23143
6608.62,0.2317
6609.52,0.23066
6610.43,0.23099
6611.33,0.23101
6612.23,0.23093
6613.13,0.23142
6614.03,0.23243
6614.93,0.23251
6615.83,0.23376
6616.73,0.23214
6617.63,0.23393
6618.53,0.23331
6619.43,0.23253
6620.33,0.23331
6621.23,0.23325
6622.13,0.23275
6623.03,0.23392
6623.93,0.23337
6624.83,0.23336
6625.73,0.23339
6626.63,0.23303
6627.53,0.23343
6628.43,0.23231
6629.33,0.23274
6630.23,0.23187
6631.13,0.23143
6632.03,0.23228
6632.93,0.23161
6633.83,0.23205
6634.73,0.23164
6635.63,0.23187
6636.53,0.23178
6637.43,0.23275
6638.33,0.23267
6639.23,0.23254
6640.13,0.23242
6641.03,0.23111
6641.93,0.23131
6642.83,0.23209
6643.73,0.23098
6644.63,0.23114
6645.53,0.23063
6646.43,0.23143
6647.34,0.23206
6648.24,0.23183
6649.14,0.23126
6650.04,0.23142
6650.94,0.23216
6651.84,0.23244
6652.74,0.23195
6653.64,0.23334
6654.54,0.23294
6655.44,0.23251
6656.34,0.23308
6657.24,0.23237
6658.14,0.23203
6659.04,0.23221
6659.94,0.23128
6660.84,0.23171
6661.74,0.23065
6662.64,0.23153
6663.54,0.23048
6664.44,0.23043
6665.34,0.23055
6666.24,0.23015
6667.14,0.23083
6668.04,0.22958
6668.94,0.23094
6669.84,0.23009
6670.74,0.23085
6671.64,0.23129
6672.54,0.23167
6673.44,0.23132
6674.34,0.23126
6675.24,0.23012
6676.14,0.2304
6677.04,0.23015
6677.94,0.22948
6678.84,0.22871
6679.74,0.22839
6680.64,0.22938
6681.54,0.22914
6682.44,0.2293
6683.34,0.22966
6684.24,0.22909
6685.15,0.23028
6686.05,0.22997
6686.95,0.23119
6687.85,0.23065
6688.75,0.23072
6689.65,0.23052
6690.55,0.23042
6691.45,0.23163
6692.35,0.23104
6693.25,0.23135
6694.15,0.23046
6695.05,0.22975
6695.95,0.23053
6696.85,0.23086
6697.75,0.23008
6698.65,0.23075
6699.55,0.22977
6700.45,0.23077
6701.35,0.23015
6702.25,0.23063
6703.15,0.23067
6704.05,0.22899
6704.95,0.23024
6705.85,0.22968
6706.75,0.22992
6707.65,0.22927
6708.55,0.23003
6709.45,0.22885
6710.35,0.22939
6711.25,0.22867
6712.15,0.2292
6713.05,0.22931
6713.95,0.22836
6714.85,0.22694
6715.75,0.22689
6716.65,0.2273
6717.55,0.2272
6718.45,0.22667
6719.35,0.22646
6720.25,0.22629
6721.16,0.22639
6722.06,0.22619
6722.96,0.22766
6723.86,0.22721
6724.76,0.22749
6725.66,0.22839
6726.56,0.22789
6727.46,0.22711
6728.36,0.229
6729.26,0.22854
6730.16,0.2284
6731.06,0.22938
6731.96,0.22875
6732.86,0.22941
6733.76,0.22921
6734.66,0.22848
6735.56,0.22924
6736.46,0.22863
6737.36,0.22859
6738.26,0.22847
6739.16,0.2275
6740.06,0.22858
6740.96,0.229
6741.86,0.22816
6742.76,0.22752
6743.66,0.22727
6744.56,0.22758
6745.46,0.22741
6746.36,0.22712
6747.26,0.22616
6748.16,0.22713
6749.06,0.22629
6749.96,0.22604
6750.86,0.22645
6751.76,0.22649
6752.66,0.22598
6753.56,0.22694
6754.46,0.22723
6755.36,0.22664
6756.26,0.22675
6757.16,0.22814
6758.06,0.22774
6758.97,0.22791
6759.87,0.22854
6760.77,0.22872
6761.67,0.22883
6762.57,0.22859
6763.47,0.22898
6764.37,0.22801
6765.27,0.22748
6766.17,0.22834
6767.07,0.22712
6767.97,0.22759
6768.87,0.22633
6769.77,0.22723
6770.67,0.22707
6771.57,0.22531
6772.47,0.22609
6773.37,0.22703
6774.27,0.22723
6775.17,0.22748
6776.07,0.22705
6776.97,0.22759
6777.87,0.22738
6778.77,0.2273
6779.67,0.22757
6780.57,0.22813
6781.47,0.22799
6782.37,0.22761
6783.27,0.22743
6784.17,0.22708
6785.07,0.22751
6785.97,0.22698
6786.87,0.22777
6787.77,0.22678
6788.67,0.22623
6789.57,0.22658
6790.47,0.22619
6791.37,0.22575
6792.27,0.22607
6793.17,0.22754
6794.07,0.22656
6794.97,0.22672
6795.88,0.22703
6796.78,0.22587
6797.68,0.2275
6798.58,0.22627
6799.48,0.22731
6800.38,0.22707
6801.28,0.22674
6802.18,0.22648
6803.08,0.22672
6803.98,0.22634
6804.88,0.22717
6805.78,0.22672
6806.68,0.22642
6807.58,0.22624
6808.48,0.22632
6809.38,0.22588
6810.28,0.22561
6811.18,0.22564
6812.08,0.22528
6812.98,0.22662
6813.88,0.22457
6814.78,0.22534
6815.68,0.22546
6816.58,0.22592
6817.48,0.22679
6818.38,0.22563
6819.28,0.22641
6820.18,0.22716
6821.08,0.2266
6821.98,0.22656
6822.88,0.22606
6823.78,0.22609
6824.68,0.22716
6825.58,0.22537
6826.48,0.22603
6827.38,0.22699
6828.28,0.22748
6829.18,0.22752
6830.08,0.22641
6830.98,0.22613
6831.88,0.22588
6832.79,0.22646
6833.69,0.22626
6834.59,0.2253
6835.49,0.2263
6836.39,0.2258
6837.29,0.22582
6838.19,0.22515
6839.09,0.22521
6839.99,0.22529
6840.89,0.22475
6841.79,0.22357
6842.69,0.22415
6843.59,0.22408
6844.49,0.22354
6845.39,0.22365
6846.29,0.22372
6847.19,0.22368
6848.09,0.22456
6848.99,0.22412
6849.89,0.22386
6850.79,0.22487
6851.69,0.225
6852.59,0.22365
6853.49,0.22378
6854.39,0.2248
6855.29,0.22431
6856.19,0.22377
6857.09,0.22328
6857.99,0.22219
6858.89,0.22366
6859.79,0.22308
6860.69,0.22347
6861.59,0.22316
6862.49,0.22429
6863.39,0.22403
6864.29,0.22391
6865.19,0.22306
6866.09,0.22419
6866.99,0.22356
6867.89,0.22409
6868.79,0.22311
6869.7,0.22334
6870.6,0.22332
6871.5,0.22363
6872.4,0.22403
6873.3,0.22305
6874.2,0.22368
6875.1,0.22401
6876.0,0.22366
6876.9,0.22373
6877.8,0.22342
6878.7,0.22386
6879.6,0.2241
6880.5,0.2233
6881.4,0.22398
6882.3,0.22361
6883.2,0.22328
6884.1,0.22335
6885.0,0.22372
6885.9,0.22347
6886.8,0.22223
6887.7,0.22427
6888.6,0.22475
6889.5,0.22386
6890.4,0.22445
6891.3,0.22488
6892.2,0.22421
6893.1,0.22445
6894.0,0.22439
6894.9,0.22437
6895.8,0.22443
6896.7,0.22511
6897.6,0.22375
6898.5,0.22356
6899.4,0.22461
6900.3,0.22431
6901.2,0.22467
6902.1,0.2244
6903.0,0.22418
6903.9,0.22542
6904.8,0.22473
6905.7,0.22517
6906.6,0.22453
6907.51,0.22491
6908.41,0.22518
6909.31,0.2247
6910.21,0.22429
6911.11,0.22408
6912.01,0.22477
6912.91,0.2239
6913.81,0.22325
6914.71,0.22354
6915.61,0.22273
6916.51,0.22201
6917.41,0.22277
6918.31,0.22372
6919.21,0.22315
6920.11,0.22328
6921.01,0.22347
6921.91,0.22391
6922.81,0.22407
6923.71,0.22357
6924.61,0.22363
6925.51,0.22358
6926.41,0.22297
6927.31,0.22342
6928.21,0.22439
6929.11,0.2238
6930.01,0.2245
6930.91,0.22494
6931.81,0.22455
6932.71,0.22451
6933.61,0.22438
6934.51,0.22423
6935.41,0.22436
6936.31,0.22423
6937.21,0.22483
6938.11,0.22404
6939.01,0.22445
6939.91,0.22385
6940.81,0.22424
6941.71,0.22372
6942.61,0.22512
6943.52,0.22405
6944.42,0.22333
6945.31,0.22407
6946.22,0.22323
6947.12,0.22334
6948.02,0.22298
6948.92,0.22374
6949.82,0.22377
6950.72,0.22421
6951.62,0.22412
6952.52,0.223
6953.42,0.2239
6954.32,0.22432
6955.22,0.22375
6956.12,0.22434
6957.02,0.22471
6957.92,0.22485
6958.82,0.22473
6959.72,0.22411
6960.62,0.22524
6961.52,0.22473
6962.42,0.22506
6963.32,0.22515
6964.22,0.22576
6965.12,0.22501
6966.02,0.22587
6966.92,0.22625
6967.82,0.2259
6968.72,0.22552
6969.62,0.22539
6970.52,0.22513
6971.42,0.2257
6972.32,0.22443
6973.22,0.22411
6974.12,0.22407
6975.02,0.22334
6975.92,0.22358
6976.82,0.22318
6977.72,0.22232
6978.62,0.22192
6979.52,0.22062
6980.42,0.22161
6981.33,0.22202
6982.23,0.22126
6983.12,0.22172
6984.03,0.22245
6984.93,0.22203
6985.83,0.22308
6986.73,0.22317
6987.63,0.22305
6988.53,0.22353
6989.43,0.22332
6990.33,0.22348
6991.23,0.2241
6992.13,0.22404
6993.03,0.22329
6993.93,0.22383
6994.83,0.22379
6995.73,0.22294
6996.63,0.22431
6997.53,0.22355
6998.43,0.2241
6999.33,0.22279
7000.23,0.22402
7001.13,0.22281
7002.03,0.22336
7002.93,0.22362
7003.83,0.22262
7004.73,0.22235
7005.63,0.22334
7006.53,0.22324
7007.43,0.22259
7008.33,0.22251
7009.23,0.22321
7010.13,0.22261
7011.03,0.22286
7011.93,0.22251
7012.83,0.22272
7013.73,0.22287
7014.63,0.2215
7015.53,0.22199
7016.43,0.22137
7017.33,0.2214
7018.23,0.22261
7019.14,0.22162
7020.04,0.22155
7020.94,0.22197
7021.84,0.22207
7022.74,0.22242
7023.64,0.22151
7024.54,0.22216
7025.44,0.22242
7026.34,0.22161
7027.24,0.22268
7028.14,0.22281
7029.04,0.22278
7029.94,0.22191
7030.84,0.223
7031.74,0.22396
7032.64,0.2232
7033.54,0.22333
7034.44,0.22341
7035.34,0.22311
7036.24,0.22297
7037.14,0.22267
7038.04,0.22304
7038.94,0.22287
7039.84,0.22319
7040.74,0.22338
7041.64,0.22396
7042.54,0.22406
7043.44,0.22479
7044.34,0.22444
7045.24,0.22335
7046.14,0.22486
7047.04,0.2246
7047.94,0.22447
7048.84,0.22489
7049.74,0.22519
7050.64,0.22495
7051.54,0.22437
7052.44,0.22373
7053.34,0.224
7054.25,0.2242
7055.15,0.22306
7056.04,0.22257
7056.95,0.22224
7057.85,0.22278
7058.75,0.22259
7059.65,0.22256
7060.55,0.22246
7061.45,0.22288
7062.35,0.22157
7063.25,0.2217
7064.15,0.22239
7065.05,0.22201
7065.95,0.22164
7066.85,0.22262
7067.75,0.22216
7068.65,0.22227
7069.55,0.22232
7070.45,0.22275
7071.35,0.22348
7072.25,0.22281
7073.15,0.2228
7074.05,0.22383
7074.95,0.22346
7075.85,0.2241
7076.75,0.22316
7077.65,0.22387
7078.55,0.22351
7079.45,0.22396
7080.35,0.22367
7081.25,0.22304
7082.15,0.22219
7083.05,0.22147
7083.95,0.22105
7084.85,0.22073
7085.75,0.2193
7086.65,0.22079
7087.55,0.21807
7088.45,0.21891
7089.35,0.21784
7090.25,0.21683
7091.15,0.21759
7092.06,0.21717
7092.96,0.21726
7093.85,0.218
7094.76,0.2179
7095.66,0.21756
7096.56,0.21806
7097.46,0.21749
7098.36,0.21805
7099.26,0.21783
7100.16,0.21752
7101.06,0.21832
7101.96,0.21931
7102.86,0.2191
7103.76,0.21954
7104.66,0.21909
7105.56,0.2199
7106.46,0.21941
7107.36,0.2197
7108.26,0.22024
7109.16,0.21995
7110.06,0.2188
7110.96,0.22006
7111.86,0.21924
7112.76,0.21933
7113.66,0.21976
7114.56,0.21992
7115.46,0.21993
7116.36,0.22029
7117.26,0.21952
7118.16,0.2205
7119.06,0.21973
7119.96,0.21998
7120.86,0.21891
7121.76,0.2196
7122.66,0.22
7123.56,0.21941
7124.46,0.21919
7125.36,0.21823
7126.26,0.21811
7127.16,0.2173
7127.27,0.21818
7128.17,0.21709
7129.07,0.21754
7129.96,0.21719
7130.86,0.21712
7131.75,0.21701
7132.65,0.21662
7133.55,0.21708
7134.44,0.21775
7135.34,0.21621
7136.23,0.21782
7137.13,0.21758
7138.03,0.21686
7138.92,0.2183
7139.82,0.21784
7140.71,0.21753
7141.61,0.21843
7142.5,0.21792
7143.4,0.2182
7144.3,0.21761
7145.19,0.21683
7146.09,0.21795
7146.98,0.21675
7147.88,0.21632
7148.78,0.21709
7149.67,0.21602
7150.57,0.21704
7151.46,0.21717
7152.36,0.21747
7153.26,0.21761
7154.15,0.21784
7155.05,0.21906
7155.94,0.21868
7156.84,0.21875
7157.74,0.2195
7158.63,0.21932
7159.53,0.21923
7160.42,0.21866
7161.32,0.21946
7162.21,0.21874
7163.11,0.21945
7164.01,0.21863
7164.9,0.21943
7165.8,0.21904
7166.69,0.21899
7167.59,0.21908
7168.49,0.219
7169.38,0.21945
7170.28,0.22041
7171.17,0.2198
7172.07,0.22039
7172.96,0.22055
7173.86,0.22038
7174.76,0.22065
7175.65,0.22027
7176.55,0.22036
7177.44,0.22029
7178.34,0.22
7179.24,0.21957
7180.13,0.21867
7181.03,0.21883
7181.92,0.2178
7182.82,0.21777
7183.72,0.21895
7184.61,0.21775
7185.51,0.21724
7186.4,0.21703
7187.3,0.2175
7188.19,0.217
7189.09,0.21804
7189.99,0.21675
7190.88,0.2174
7191.78,0.21711
7192.67,0.21757
7193.57,0.21671
7194.47,0.21757
7195.36,0.21857
7196.26,0.218
7197.15,0.21767
7198.05,0.21749
7198.95,0.21814
7199.84,0.21829
7200.74,0.21802
7201.63,0.21721
7202.53,0.21763
7203.43,0.21773
7204.32,0.2178
7205.22,0.2173
7206.11,0.21692
7207.01,0.21672
7207.9,0.21721
7208.8,0.21666
7209.7,0.21769
7210.59,0.21715
7211.49,0.21782
7212.38,0.21813
7213.28,0.21779
7214.18,0.21814
7215.07,0.21768
7215.97,0.21786
7216.86,0.21891
7217.76,0.22034
7218.66,0.21942
7219.55,0.21951
7220.45,0.21951
7221.34,0.22023
7222.24,0.22084
7223.13,0.21976
7224.03,0.21967
7224.93,0.22122
7225.82,0.22073
7226.72,0.22085
7227.61,0.22142
7228.51,0.22096
7229.41,0.22086
7230.3,0.22186
7231.2,0.2212
7232.09,0.22172
7232.99,0.22128
7233.89,0.22093
7234.78,0.22105
7235.68,0.22211
7236.57,0.2221
7237.47,0.22042
7238.36,0.22144
7239.26,0.21977
7240.16,0.22028
7241.05,0.22008
7241.95,0.22049
7242.84,0.21952
7243.74,0.21939
7244.64,0.21936
7245.53,0.21995
7246.43,0.21927
7247.32,0.21969
7248.22,0.22011
7249.12,0.21912
7250.01,0.21987
7250.91,0.22061
7251.8,0.21914
7252.7,0.21951
7253.6,0.22005
7254.49,0.22037
7255.39,0.21924
7256.28,0.21996
7257.18,0.22012
7258.07,0.21978
7258.97,0.2197
7259.87,0.22084
7260.76,0.21986
7261.66,0.21996
7262.55,0.22068
7263.45,0.22008
7264.35,0.21992
7265.24,0.22038
7266.14,0.22039
7267.03,0.22018
7267.93,0.22119
7268.83,0.21986
7269.72,0.22073
7270.62,0.22126
7271.51,0.22125
7272.41,0.22189
7273.3,0.2206
7274.2,0.22037
7275.1,0.221
7275.99,0.22095
7276.89,0.22145
7277.78,0.22085
7278.68,0.22059
7279.58,0.21997
7280.47,0.22056
7281.37,0.21966
7282.26,0.21992
7283.16,0.21946
7284.06,0.21869
7284.95,0.21952
7285.85,0.21725
7286.74,0.21803
7287.64,0.21738
7288.53,0.21739
7289.43,0.21717
7290.33,0.21762
7291.22,0.21771
7292.12,0.21718
7293.01,0.21721
7293.91,0.21692
7294.81,0.21707
7295.7,0.21763
7296.6,0.21782
7297.49,0.21916
7298.39,0.21925
7299.29,0.21912
7300.18,0.21969
7301.08,0.21879
7301.97,0.22011
7302.87,0.2198
7303.76,0.21961
7304.66,0.21939
7305.56,0.21873
7306.45,0.21932
7307.35,0.21932
7308.24,0.21923
7309.14,0.21882
7310.04,0.21931
7310.93,0.21972
7311.83,0.21939
7312.72,0.21896
7313.62,0.21886
7314.52,0.21837
7315.41,0.21904
7316.31,0.21903
7317.2,0.21894
7318.1,0.21862
7318.99,0.21851
7319.89,0.21948
7320.79,0.21921
7321.68,0.21796
7322.58,0.21742
7323.47,0.21778
7324.37,0.21799
7325.27,0.21693
7326.16,0.21708
7327.06,0.21721
7327.95,0.21759
7328.85,0.21753
7329.75,0.21787
7330.64,0.21714
7331.54,0.21843
7332.43,0.21805
7333.33,0.21861
7334.22,0.21856
7335.12,0.2182
7336.02,0.21886
7336.91,0.2195
7337.81,0.21934
7338.7,0.21912
7339.6,0.21928
7340.5,0.22014
7341.39,0.21897
7342.29,0.21863
7343.18,0.21943
7344.08,0.2178
7344.98,0.21848
7345.87,0.21842
7346.77,0.21793
7347.66,0.21709
7348.56,0.21908
7349.45,0.21816
7350.35,0.21691
7351.25,0.21721
7352.14,0.21725
7353.04,0.21677
7353.93,0.21573
7354.83,0.21659
7355.73,0.2157
7356.62,0.2157
7357.52,0.21643
7358.41,0.2157
7359.31,0.21545
7360.21,0.21618
7361.1,0.21466
7362.0,0.21585
7362.89,0.21578
7363.79,0.2156
7364.69,0.21555
7365.58,0.2158
7366.48,0.21694
7367.37,0.21712
7368.27,0.21654
7369.16,0.21686
7370.06,0.21771
7370.96,0.21697
7371.85,0.21752
7372.75,0.21823
7373.64,0.21863
7374.54,0.21747
7375.44,0.21803
7376.33,0.21807
7377.23,0.21721
7378.12,0.21724
7379.02,0.21724
7379.92,0.21648
7380.81,0.21728
7381.71,0.21661
7382.6,0.21612
7383.5,0.21567
7384.39,0.21619
7385.29,0.21554
7386.19,0.21435
7387.08,0.21405
7387.98,0.21328
7388.87,0.21442
7389.77,0.21324
7390.67,0.21378
7391.56,0.21262
7392.46,0.21337
7393.35,0.21364
7394.25,0.21401
7395.15,0.21399
7396.04,0.21463
7396.94,0.21407
7397.83,0.21497
7398.73,0.21498
7399.62,0.21436
7400.52,0.21522
7401.42,0.21511
7402.31,0.21457
7403.21,0.21378
7404.1,0.21501
7405.0,0.21383
7405.9,0.21437
7406.79,0.21341
7407.69,0.21277
7408.58,0.21203
7409.48,0.21158
7410.38,0.211
7411.27,0.21138
7412.17,0.20926
7413.06,0.20923
7413.96,0.20873
7414.85,0.20788
7415.75,0.20814
7416.65,0.20699
7417.54,0.20777
7418.44,0.20827
7419.33,0.20732
7420.23,0.20835
7421.13,0.20929
7422.02,0.20877
7422.92,0.20992
7423.81,0.21034
7424.71,0.21079
7425.6,0.21128
7426.5,0.21266
7427.4,0.21347
7428.29,0.21275
7429.19,0.21349
7431.68,0.21499
7434.18,0.21543
7436.67,0.2167
7439.17,0.2156
7441.66,0.2152
7444.16,0.21514
7446.66,0.21484
7449.15,0.21436
7451.65,0.21542
7454.14,0.21566
7456.64,0.21586
7459.13,0.21599
7461.63,0.21574
7464.12,0.21484
7466.62,0.21556
7469.11,0.21547
7471.61,0.21657
7474.1,0.21583
7476.6,0.21603
7479.09,0.21548
7481.59,0.21479
7484.08,0.21543
7486.58,0.21463
7489.07,0.2148
7491.57,0.2132
7494.06,0.21313
7496.56,0.21429
7499.05,0.21361
7501.55,0.21384
7504.04,0.21419
7506.54,0.21432
7509.03,0.21376
7511.53,0.21376
7514.02,0.2136
7516.52,0.21347
7519.01,0.21468
7521.51,0.21429
7524.0,0.21414
7526.5,0.21316
7528.99,0.21361
7531.49,0.2136
7533.99,0.21444
7536.48,0.21434
7538.98,0.21438
7541.47,0.21505
7543.97,0.21456
7546.46,0.21393
7548.96,0.21409
7551.45,0.21389
7553.95,0.21366
7556.44,0.21354
7558.94,0.21307
7561.43,0.21323
7563.93,0.21276
7566.42,0.21318
7568.92,0.21279
7571.41,0.21286
7573.91,0.21263
7576.4,0.213
7578.9,0.21247
7581.39,0.21288
7583.89,0.21229
7586.38,0.21198
7588.88,0.21163
7591.37,0.21252
7593.87,0.21279
7596.36,0.21305
7598.86,0.21317
7601.35,0.21279
7603.85,0.21314
7606.34,0.21281
7608.84,0.21242
7611.33,0.21246
7613.83,0.21121
7616.33,0.21156
7618.82,0.21056
7621.32,0.21082
7623.81,0.21098
7626.31,0.212
7628.8,0.21224
7631.3,0.21256
7633.79,0.21206
7636.29,0.21306
7638.78,0.21223
7641.28,0.21217
7643.77,0.21198
7646.27,0.21199
7648.76,0.21125
7651.26,0.211
7653.75,0.21003
7656.25,0.2081
7658.74,0.20611
7661.24,0.20474
7663.73,0.20325
7666.23,0.20293
7668.72,0.20429
7671.22,0.20589
7673.71,0.20862
7676.21,0.20903
7678.7,0.21048
7681.2,0.21036
7683.69,0.21024
7686.19,0.20977
7688.69,0.21011
7691.18,0.20937
7693.68,0.20871
7696.17,0.20776
7698.67,0.20655
7701.16,0.20646
7703.66,0.20649
7706.15,0.20754
7708.65,0.20725
7711.14,0.20755
7713.64,0.20762
7716.13,0.20743
7718.63,0.20745
7721.12,0.20788
7723.62,0.20835
7726.11,0.20896
7728.61,0.20906
7731.1,0.20957
7733.6,0.2097
7736.09,0.21027
7738.59,0.21021
7741.08,0.20979
7743.58,0.20833
7746.07,0.20782
7748.57,0.20758
7751.06,0.20735
7753.56,0.20772
7756.05,0.2083
7758.55,0.20986
7761.04,0.21025
7763.54,0.21056
7766.03,0.21093
7768.53,0.21091
7771.03,0.21062
7773.52,0.21081
7776.02,0.21055
7778.51,0.21042
7781.01,0.20951
7783.5,0.20948
7786.0,0.20902
7788.49,0.20867
7790.99,0.2078
7793.48,0.20807
7795.98,0.20796
7798.47,0.20773
7800.97,0.20738
7803.46,0.20775
7805.96,0.20807
7808.45,0.20819
7810.95,0.20843
7813.44,0.20851
7815.94,0.20879
7818.43,0.20882
7820.93,0.20849
7823.42,0.20839
7825.92,0.20849
7828.41,0.20774
7830.91,0.20717
7833.4,0.20639
7835.9,0.20604
7838.39,0.20629
7840.89,0.20599
7843.38,0.20626
7845.88,0.20668
7848.38,0.20682
7850.87,0.20679
7853.37,0.20638
7855.86,0.20704
7858.36,0.20674
7860.85,0.20681
7863.35,0.20674
7865.84,0.20703
7868.34,0.20688
7870.83,0.20694
7873.33,0.20634
7875.82,0.20648
7878.32,0.20624
7880.81,0.20624
7883.31,0.20602
7885.8,0.20549
7888.3,0.20601
7890.79,0.20537
7893.29,0.20526
7895.78,0.20543
7898.28,0.20481
7900.77,0.20517
7903.27,0.20537
7905.76,0.20449
7908.26,0.20426
7910.75,0.20323
7913.25,0.20274
7915.74,0.20268
7918.24,0.20271
7920.73,0.20222
7923.23,0.2024
7925.73,0.20336
7928.22,0.20288
7930.71,0.20254
7933.21,0.20233
7935.71,0.20074
7938.2,0.20086
7940.7,0.20005
7943.19,0.19994
7945.69,0.19997
7948.18,0.19981
7950.68,0.20042
7953.17,0.20166
7955.67,0.20164
7958.16,0.20222
7960.66,0.20216
7963.15,0.20233
7965.65,0.20234
7968.14,0.20226
7970.64,0.20227
7973.13,0.20228
7975.63,0.20256
7978.12,0.2014
7980.62,0.20156
7983.11,0.20118
7985.61,0.20093
7988.1,0.20095
7990.6,0.20014
7993.09,0.2006
7995.59,0.20041
7998.08,0.19957
8000.58,0.19994
8003.07,0.20027
8005.57,0.20085
8008.06,0.20118
8010.56,0.20167
8013.06,0.20213
8015.55,0.20206
8018.05,0.20193
8020.54,0.2016
8023.04,0.2009
8025.53,0.20021
8028.03,0.19949
8030.52,0.19965
8033.02,0.20035
8035.51,0.20028
8038.01,0.20026
8040.5,0.20056
8043.0,0.19954
8045.49,0.19893
8047.99,0.19782
8050.48,0.19768
8052.98,0.1986
8055.47,0.19857
8057.97,0.19987
8060.46,0.19961
8062.96,0.19956
8065.45,0.19901
8067.95,0.19842
8070.44,0.19799
8072.94,0.19723
8075.43,0.19722
8077.93,0.19779
8080.42,0.19748
8082.92,0.19784
8085.41,0.19784
8087.91,0.19762
8090.4,0.19742
8092.9,0.19709
8095.4,0.19671
8097.89,0.19693
8100.39,0.19688
8102.88,0.19743
8105.38,0.19722
8107.87,0.19741
8110.37,0.19713
8112.86,0.19706
8115.36,0.19689
8117.85,0.19659
8120.35,0.19647
8122.84,0.19691
8125.34,0.1971
8127.83,0.19749
8130.33,0.1976
8132.82,0.19688
8135.32,0.19716
8137.81,0.19691
8140.31,0.19711
8142.8,0.19699
8145.3,0.1967
8147.79,0.19677
8150.29,0.19669
8152.78,0.19666
8155.28,0.1961
8157.77,0.19661
8160.27,0.19646
8162.76,0.1962
8165.26,0.19623
8167.75,0.19561
8170.25,0.19681
8172.75,0.19649
8175.24,0.19535
8177.74,0.19537
8180.23,0.1945
8182.73,0.19342
8185.22,0.19324
8187.72,0.19294
8190.21,0.19217
8192.71,0.19239
8195.2,0.1914
8197.7,0.19177
8200.19,0.19205
8202.69,0.19229
8205.18,0.19374
8207.68,0.19403
8210.17,0.19337
8212.67,0.19419
8215.16,0.19413
8217.66,0.19463
8220.15,0.1947
8222.65,0.19426
8225.14,0.19462
8227.64,0.19479
8230.13,0.19536
8232.63,0.19536
8235.12,0.19504
8237.62,0.19472
8240.11,0.19427
8242.61,0.19501
8245.1,0.19448
8247.6,0.19462
8250.1,0.19476
8252.59,0.19416
8255.08,0.19465
8257.58,0.19454
8260.08,0.19464
8262.57,0.19494
8265.07,0.19475
8267.56,0.19527
8270.06,0.19534
8272.55,0.19484
8275.05,0.19531
8277.54,0.19531
8280.04,0.19491
8282.53,0.19462
8285.03,0.19445
8287.52,0.19558
8290.02,0.19454
8292.51,0.19398
8295.01,0.19408
8297.5,0.19376
8300.0,0.19379
8302.49,0.19359
8304.99,0.19325
8307.48,0.1931
8309.98,0.19274
8312.47,0.19206
8314.97,0.19325
8317.46,0.19381
8319.96,0.1936
8322.46,0.1924
8324.95,0.1914
8327.44,0.19079
8329.94,0.18963
8332.43,0.18986
8334.93,0.19013
8337.43,0.19081
8339.92,0.19087
8342.42,0.19122
8344.91,0.19164
8347.41,0.19142
8349.9,0.19141
8352.4,0.19192
8354.89,0.19185
8357.39,0.19228
8359.88,0.19185
8362.38,0.19127
8364.87,0.1908
8367.37,0.19077
8369.86,0.19147
8372.36,0.1913
8374.85,0.19076
8377.35,0.19087
8379.84,0.18987
8382.34,0.18842
8384.83,0.18793
8387.33,0.18727
8389.82,0.18763
8392.32,0.1885
8394.81,0.18935
8397.31,0.18986
8399.8,0.19071
8402.3,0.19082
8404.79,0.19115
8407.29,0.19105
8409.79,0.1908
8412.28,0.1904
8414.78,0.19018
8417.27,0.19021
8419.77,0.18996
8422.26,0.18993
8424.76,0.18942
8427.25,0.18849
8429.75,0.18843
8432.24,0.18782
8434.74,0.1865
8437.23,0.18627
8439.73,0.18661
8442.22,0.18763
8444.72,0.18849
8447.21,0.18975
8449.71,0.19001
8452.2,0.19022
8454.7,0.19041
8457.19,0.19013
8459.69,0.18999
8462.18,0.18956
8464.68,0.18808
8467.17,0.18742
8469.67,0.18685
8472.16,0.1869
8474.66,0.18713
8477.15,0.18821
8479.65,0.18835
8482.14,0.18886
8484.64,0.18921
8487.13,0.18782
8489.63,0.1866
8492.12,0.18421
8494.62,0.18107
8497.12,0.17666
8499.61,0.17428
8502.11,0.17434
8504.6,0.17661
8507.1,0.17975
8509.59,0.18225
8512.09,0.18334
8514.58,0.18375
8517.08,0.1836
8519.57,0.18432
8522.07,0.18506
8524.56,0.18543
8527.06,0.18507
8529.55,0.18458
8532.05,0.18199
8534.54,0.17827
8537.04,0.17165
8539.53,0.16367
8542.03,0.15733
8544.52,0.15405
8547.02,0.15689
8549.51,0.16308
8552.01,0.17048
8554.5,0.17685
8557.0,0.1807
8559.49,0.18266
8561.99,0.18433
8564.48,0.18465
8566.98,0.18485
8569.47,0.18519
8571.97,0.18555
8574.47,0.18488
8576.96,0.18512
8579.46,0.18535
8581.95,0.1847
8584.45,0.18487
8586.94,0.18484
8589.44,0.18491
8591.93,0.18413
8594.43,0.18419
8596.92,0.18332
8599.42,0.18311
8601.91,0.18313
8604.41,0.1832
8606.9,0.18338
8609.4,0.1829
8611.89,0.18268
8614.39,0.18261
8616.88,0.18225
8619.38,0.18244
8621.87,0.18255
8624.37,0.18222
8626.86,0.18274
8629.36,0.18321
8631.85,0.18393
8634.35,0.18398
8636.84,0.1842
8639.34,0.18399
8641.83,0.18417
8644.33,0.18415
8646.83,0.18305
8649.32,0.1826
8651.82,0.18023
8654.31,0.17679
8656.8,0.1716
8659.3,0.16554
8661.8,0.15895
8664.29,0.15694
8666.79,0.15781
8669.28,0.16298
8671.78,0.16834
8674.27,0.17347
8676.77,0.1765
8679.26,0.17835
8681.76,0.17975
8684.25,0.17975
8686.75,0.17925
8689.24,0.17859
8691.74,0.17862
8694.23,0.17858
8696.73,0.17977
8699.22,0.18021
8701.72,0.18055
8704.21,0.18149
8706.71,0.18111
8709.2,0.18085
8711.7,0.18081
8714.19,0.1803
8716.69,0.181
8719.18,0.18074
8721.68,0.18159
8724.17,0.18177
8726.67,0.18208
8729.17,0.18176
8731.66,0.18122
8734.16,0.18071
8736.65,0.18046
8739.15,0.1801
8741.64,0.1796
8744.14,0.17904
8746.63,0.17792
8749.13,0.17739
8751.62,0.17695
8754.12,0.1766
8756.61,0.17689
8759.11,0.17743
8761.6,0.17783
8764.1,0.17857
8766.59,0.17883
8769.09,0.17931
8771.58,0.17917
8774.08,0.17924
8776.57,0.1795
8779.07,0.17928
8781.56,0.18003
8784.06,0.18005
8786.55,0.17976
8789.05,0.18
8791.54,0.17911
8794.04,0.17902
8796.53,0.17867
8799.03,0.17825
8801.52,0.17714
8804.02,0.17611
8806.51,0.17481
8809.01,0.17444
8811.5,0.17539
8814.0,0.17637
8816.5,0.17729
8818.99,0.17811
8821.49,0.17798
8823.98,0.17769
8826.48,0.17752
8828.97,0.17827
8831.47,0.17881
8833.96,0.17925
8836.46,0.17898
8838.95,0.17887
8841.45,0.17904
8843.94,0.17934
8846.44,0.17927
8848.93,0.17939
8851.43,0.17929
8853.92,0.17953
8856.42,0.1791
8858.91,0.17799
8861.41,0.1769
8863.9,0.17619
8866.4,0.17595
8868.89,0.17617
8871.39,0.17675
8873.88,0.17752
8876.38,0.17888
8878.87,0.1793
8881.37,0.17937
8883.87,0.17964
8886.36,0.18023
8888.86,0.17954
8891.35,0.17961
8893.84,0.17939
8896.34,0.17894
8898.84,0.17964
8901.33,0.17923
8903.83,0.17885
8906.32,0.179
8908.82,0.17817
8911.31,0.1778
8913.81,0.1779
8916.3,0.1772
8918.8,0.17686
8921.29,0.17658
8923.79,0.1765
8926.28,0.17613
8928.78,0.17529
8931.27,0.17579
8933.77,0.17604
8936.26,0.17568
8938.76,0.1765
8941.25,0.17641
8943.75,0.17646
8946.24,0.17586
8948.74,0.1764
8951.23,0.17648
8953.73,0.17676
8956.22,0.17737
8958.72,0.17755
8961.21,0.17777
8963.71,0.17721
8966.2,0.17732
8968.7,0.17664
8971.2,0.17661
8973.69,0.17582
8976.19,0.17578
8978.68,0.17579
8981.18,0.17588
8983.67,0.17603
8986.17,0.17625
8988.66,0.17631
8991.16,0.17625
8993.65,0.17569
8996.15,0.17515
8998.64,0.17454
9001.14,0.17355
9003.63,0.17233
9006.13,0.17129
9008.62,0.17046
9011.12,0.16912
9013.61,0.16787
9016.11,0.16767
9018.6,0.16771
9021.1,0.16894
9023.59,0.17019
9026.09,0.17107
9028.58,0.1718
9031.08,0.1733
9033.57,0.17417
9036.07,0.17448
9038.56,0.17457
9041.06,0.17523
9043.55,0.17479
9046.05,0.17526
9048.54,0.17485
9051.04,0.1752
9053.54,0.17433
9056.03,0.1744
9058.53,0.17429
9061.02,0.1737
9063.52,0.17305
9066.01,0.17285
9068.51,0.17284
9071.0,0.17348
9073.5,0.17298
9075.99,0.17285
9078.49,0.17236
9080.98,0.17183
9083.48,0.17069
9085.97,0.17031
9088.47,0.16935
9090.96,0.16921
9093.46,0.16893
9095.95,0.16985
9098.45,0.17021
9100.94,0.17098
9103.44,0.17104
9105.93,0.17146
9108.43,0.17164
9110.92,0.17113
9113.42,0.17079
9115.91,0.17084
9118.41,0.17052
9120.9,0.1704
9123.4,0.17061
9125.89,0.17093
9128.39,0.17126
9130.88,0.17086
9133.38,0.17091
9135.88,0.171
9138.37,0.17049
9140.87,0.17022
9143.36,0.16926
9145.86,0.16929
9148.35,0.16883
9150.85,0.16949
9153.34,0.16887
9155.84,0.16955
9158.33,0.16941
9160.83,0.16951
9163.32,0.16919
9165.82,0.16876
9168.31,0.16799
9170.81,0.16736
9173.3,0.16722
9175.8,0.16735
9178.29,0.16724
9180.79,0.16757
9183.28,0.16786
9185.78,0.16796
9188.27,0.16821
9190.77,0.1678
9193.26,0.16795
9195.76,0.16776
9198.25,0.16748
9200.75,0.16789
9203.24,0.16723
9205.74,0.16734
9208.24,0.16726
9210.73,0.16669
9213.23,0.16558
9215.72,0.16554
9218.22,0.16529
9220.71,0.16569
9223.21,0.16531
9225.7,0.1642
9228.2,0.16409
9230.69,0.16339
9233.19,0.16375
9235.68,0.1642
9238.18,0.16446
9240.67,0.16536
9243.17,0.16589
9245.66,0.16599
9248.16,0.16629
9250.65,0.16569
9253.15,0.16536
9255.64,0.16519
9258.14,0.16511
9260.63,0.16497
9263.13,0.1656
9265.62,0.16642
9268.12,0.16618
9270.61,0.1662
9273.11,0.16616
9275.6,0.16599
9278.1,0.16545
9280.59,0.1651
9283.09,0.165
9285.58,0.16539
9288.08,0.16463
9290.58,0.16466
9293.07,0.16401
9295.57,0.1648
9298.06,0.16437
9300.56,0.16428
9303.05,0.16454
9305.55,0.16434
9308.04,0.16438
9310.54,0.16404
9313.03,0.16426
9315.53,0.16434
9318.02,0.16442
9320.52,0.16417
9323.01,0.16428
9325.51,0.16386
9328.0,0.16425
9330.5,0.16414
9332.99,0.16407
9335.49,0.16459
9337.98,0.16461
9340.48,0.16405
9342.97,0.16424
9345.47,0.16369
9347.96,0.16394
9350.46,0.16339
9352.95,0.1628
9355.45,0.1627
9357.94,0.16222
9360.44,0.16168
9362.93,0.16149
9365.43,0.16167
9367.92,0.16167
9370.42,0.16153
9372.92,0.16172
9375.41,0.16147
9377.91,0.16199
9380.4,0.16205
9382.9,0.16201
9385.39,0.16174
9387.89,0.16192
9390.38,0.16201
9392.88,0.16178
9395.37,0.16169
9397.87,0.16148
9400.36,0.16101
9402.86,0.16062
9405.35,0.16004
9407.85,0.15936
9410.34,0.15912
9412.84,0.15861
9415.33,0.15805
9417.83,0.15876
9420.32,0.15907
9422.82,0.15967
9425.31,0.16008
9427.81,0.16058
9430.3,0.15998
9432.8,0.16016
9435.29,0.16015
9437.79,0.15946
9440.28,0.15951
9442.78,0.15928
9445.27,0.15969
9447.77,0.15939
9450.27,0.15939
9452.76,0.159
9455.25,0.15958
9457.75,0.15974
9460.25,0.15996
9462.74,0.16003
9465.24,0.16012
9467.73,0.16012
9470.23,0.15976
9472.72,0.16023
9475.22,0.16018
9477.71,0.16016
9480.21,0.15996
9482.7,0.16052
9485.2,0.15995
9487.69,0.15999
9490.19,0.16004
9492.68,0.1601
9495.18,0.1599
9497.67,0.16017
9500.17,0.16014
9502.66,0.16
9505.16,0.15994
9507.65,0.15993
9510.15,0.15988
9512.64,0.16029
9515.14,0.15981
9517.63,0.15957
9520.13,0.16024
9522.62,0.16011
9525.12,0.16002
9527.61,0.1602
9530.11,0.15988
9532.61,0.1591
9535.1,0.15858
9537.6,0.15783
9540.09,0.15709
9542.59,0.15578
9545.08,0.15481
9547.58,0.15464
9550.07,0.15445
9552.57,0.15544
9555.06,0.15673
9557.56,0.15698
9560.05,0.15844
9562.55,0.15861
9565.04,0.1585
9567.54,0.15858
9570.03,0.15842
9572.53,0.15813
9575.02,0.1578
9577.52,0.15787
9580.01,0.15794
9582.51,0.15829
9585.0,0.15826
9587.5,0.15831
9589.99,0.15822
9592.49,0.15797
9594.98,0.15747
9597.48,0.15739
9599.97,0.15671
9602.47,0.15664
9604.96,0.15666
9607.46,0.15697
9609.96,0.1576
9612.45,0.15763
9614.95,0.1576
9617.44,0.15773
9619.94,0.15708
9622.43,0.15687
9624.93,0.15701
9627.42,0.15661
9629.92,0.15663
9632.41,0.15627
9634.91,0.15574
9637.4,0.15518
9639.9,0.15504
9642.39,0.15454
9644.89,0.15418
9647.38,0.15461
9649.88,0.15502
9652.37,0.155
9654.87,0.15465
9657.36,0.15502
9659.86,0.15506
9662.35,0.15503
9664.85,0.15573
9667.34,0.15503
9669.84,0.15471
9672.33,0.15452
9674.83,0.15424
9677.32,0.15433
9679.82,0.15409
9682.31,0.15381
9684.81,0.15453
9687.3,0.15406
9689.8,0.15456
9692.29,0.15452
9694.79,0.15403
9697.29,0.15413
9699.78,0.15416
9702.28,0.1539
9704.77,0.15356
9707.27,0.15366
9709.76,0.15319
9712.26,0.15372
9714.75,0.15366
9717.25,0.15387
9719.74,0.15393
9722.24,0.15372
9724.73,0.15339
9727.23,0.15325
9729.72,0.15288
9732.22,0.15263
9734.71,0.15295
9737.21,0.15268
9739.7,0.15297
9742.2,0.15281
9744.69,0.15264
9747.19,0.15262
9749.68,0.15265
9752.18,0.15294
9754.67,0.15356
9757.17,0.15358
9759.66,0.15371
9762.16,0.15368
9764.65,0.15311
9767.15,0.15313
9769.64,0.15265
9772.14,0.15244
9774.64,0.15269
9777.13,0.15237
9779.63,0.15194
9782.12,0.15142
9784.62,0.15077
9787.11,0.15056
9789.61,0.15093
9792.1,0.15114
9794.6,0.15162
9797.09,0.15213
9799.59,0.15251
9802.08,0.15281
9804.58,0.153
9807.07,0.153
9809.57,0.15323
9812.06,0.1532
9814.56,0.15311
9817.05,0.15317
9819.55,0.15346
9822.04,0.1535
9824.54,0.15313
9827.03,0.15302
9829.53,0.15335
9832.02,0.15277
9834.52,0.15267
9837.01,0.15245
9839.51,0.15275
9842.0,0.15283
9844.5,0.15289
9847.0,0.15307
9849.49,0.15276
9851.99,0.15274
9854.48,0.15243
9856.98,0.15223
9859.47,0.15203
9861.97,0.15204
9864.46,0.15211
9866.96,0.15205
9869.45,0.15183
9871.95,0.15178
9874.44,0.1515
9876.94,0.15223
9879.43,0.15194
9881.93,0.15142
9884.42,0.15147
9886.92,0.15161
9889.41,0.15076
9891.91,0.15112
9894.4,0.15074
9896.9,0.15065
9899.39,0.15075
9901.89,0.15102
9904.38,0.15083
9906.88,0.15063
9909.37,0.15045
9911.87,0.15057
9914.36,0.15034
9916.86,0.1501
9919.35,0.15025
9921.85,0.15013
9924.34,0.14983
9926.84,0.14984
9929.33,0.14936
9931.83,0.14979
9934.33,0.15015
9936.82,0.14993
9939.32,0.14968
9941.81,0.14981
9944.31,0.15001
9946.8,0.14972
9949.3,0.1498
9951.79,0.14959
9954.29,0.1499
9956.78,0.15043
9959.28,0.15019
9961.77,0.14997
9964.27,0.15022
9966.76,0.14983
9969.26,0.15012
9971.75,0.14985
9974.25,0.14982
9976.74,0.14984
9979.24,0.14979
9981.73,0.14951
9984.23,0.14964
9986.72,0.14958
9989.22,0.14933
9991.71,0.14908
9994.21,0.14932
9996.7,0.14868
9999.2,0.14936
10001.7,0.1491
10004.2,0.14929
10006.7,0.14928
10009.2,0.14901
10011.7,0.14921
10014.2,0.14931
10016.7,0.14912
10019.2,0.14975
10021.7,0.14975
10024.2,0.14942
10026.6,0.14968
10029.1,0.14907
10031.6,0.14842
10034.1,0.1482
10036.6,0.14801
10039.1,0.14745
10041.6,0.14696
10044.1,0.1465
10046.6,0.14578
10049.1,0.14522
10051.6,0.14507
10054.1,0.14524
10056.6,0.14534
10059.1,0.14553
10061.6,0.14578
10064.1,0.14637
10066.6,0.14725
10069.1,0.14691
10071.6,0.14736
10074.1,0.14748
10076.5,0.14742
10079.0,0.14775
10081.5,0.14766
10084.0,0.14738
10086.5,0.14756
10089.0,0.14784
10091.5,0.14782
10094.0,0.14787
10096.5,0.1477
10099.0,0.148
10101.5,0.14801
10104.0,0.14787
10106.5,0.14753
10109.0,0.14739
10111.5,0.14721
10114.0,0.14683
10116.5,0.14676
10119.0,0.14677
10121.5,0.14672
10124.0,0.14634
10126.5,0.14672
10128.9,0.14627
10131.4,0.14664
10133.9,0.14616
10136.4,0.1459
10138.9,0.1458
10141.4,0.14525
10143.9,0.14525
10146.4,0.1456
10148.9,0.14528
10151.4,0.14515
10153.9,0.14573
10156.4,0.1455
10158.9,0.14532
10161.4,0.14555
10163.9,0.14537
10166.4,0.1454
10168.9,0.14518
10171.4,0.14539
10173.9,0.14517
10176.4,0.14545
10178.9,0.14522
10181.3,0.14494
10183.8,0.1453
10186.3,0.14495
10188.8,0.14493
10191.3,0.14462
10193.8,0.14507
10196.3,0.14436
10198.8,0.14438
10201.3,0.14469
10203.8,0.14459
10206.3,0.14467
10208.8,0.14409
10211.3,0.14428
10213.8,0.14382
10216.3,0.14368
10218.8,0.14343
10221.3,0.14346
10223.8,0.14343
10226.3,0.14386
10228.8,0.144
10231.2,0.14373
10233.7,0.14377
10236.2,0.14352
10238.7,0.14385
10241.2,0.14376
10243.7,0.1438
10246.2,0.14374
10248.7,0.14349
10251.2,0.14346
10253.7,0.14338
10256.2,0.14336
10258.7,0.14308
10261.2,0.14308
10263.7,0.14293
10266.2,0.14276
10268.7,0.14289
10271.2,0.14234
10273.7,0.14267
10276.2,0.14297
10278.7,0.14264
10281.2,0.1427
10283.6,0.14252
10286.1,0.14228
10288.6,0.14248
10291.1,0.14209
10293.6,0.14247
10296.1,0.14224
10298.6,0.14221
10301.1,0.14237
10303.6,0.14244
10306.1,0.14235
10308.6,0.14203
10311.1,0.14223
10313.6,0.14205
10316.1,0.1424
10318.6,0.1418
10321.1,0.14167
10323.6,0.14113
10326.1,0.14064
10328.6,0.1407
10331.1,0.14012
10333.5,0.14008
10336.0,0.14022
10338.5,0.14007
10341.0,0.13972
10343.5,0.1396
10346.0,0.13977
10348.5,0.13976
10351.0,0.1397
10353.5,0.14027
10356.0,0.14093
10358.5,0.14098
10361.0,0.14121
10363.5,0.14092
10366.0,0.14087
10368.5,0.14027
10371.0,0.14054
10373.5,0.14031
10376.0,0.14014
10378.5,0.14006
10381.0,0.1398
10383.5,0.1403
10385.9,0.14024
10388.4,0.13997
10390.9,0.13977
10393.4,0.13972
10395.9,0.13938
10398.4,0.13905
10400.9,0.1391
10403.4,0.13944
10405.9,0.1395
10408.4,0.13973
10410.9,0.13975
10413.4,0.13994
10415.9,0.14007
10418.4,0.13984
10420.9,0.13958
10423.4,0.13955
10425.9,0.13912
10428.4,0.13919
10430.9,0.13941
10433.4,0.13991
10435.9,0.13965
10438.3,0.13987
10440.8,0.13963
10443.3,0.13976
10445.8,0.13931
10448.3,0.13938
10450.8,0.13938
10453.3,0.13907
10455.8,0.13914
10458.3,0.13855
10460.8,0.13854
10463.3,0.13852
10465.8,0.13869
10468.3,0.1382
10470.8,0.13846
10473.3,0.13832
10475.8,0.13802
10478.3,0.13815
10480.8,0.13867
10483.3,0.1388
10485.8,0.13812
10488.2,0.13805
10490.7,0.13804
10493.2,0.13792
10495.7,0.13744
10498.2,0.13754
10500.7,0.13734
10503.2,0.13756
10505.7,0.13724
10508.2,0.13743
10510.7,0.13787
10513.2,0.13765
10515.7,0.13774
10518.2,0.13738
10520.7,0.13755
10523.2,0.13752
10525.7,0.13765
10528.2,0.13764
10530.7,0.13734
10533.2,0.13711
10535.7,0.1371
10538.2,0.13728
10540.6,0.13757
10543.1,0.13717
10545.6,0.13716
10548.1,0.13726
10550.6,0.13716
10553.1,0.13733
10555.6,0.13702
10558.1,0.13678
10560.6,0.13685
10563.1,0.13688
10565.6,0.13653
10568.1,0.13688
10570.6,0.13624
10573.1,0.13599
10575.6,0.13598
10578.1,0.13551
10580.6,0.13517
10583.1,0.13467
10585.6,0.13425
10588.1,0.13427
10590.6,0.13385
10593.0,0.13448
10595.5,0.13466
10598.0,0.13497
10600.5,0.13488
10603.0,0.13465
10605.5,0.13449
10608.0,0.1344
10610.5,0.13434
10613.0,0.13421
10615.5,0.1347
10618.0,0.13522
10620.5,0.13497
10623.0,0.13483
10625.5,0.13539
10628.0,0.13522
10630.5,0.13517
10633.0,0.13513
10635.5,0.13526
10638.0,0.13515
10640.5,0.13575
10642.9,0.13543
10645.4,0.1352
10647.9,0.13518
10650.4,0.1348
10652.9,0.13461
10655.4,0.13461
10657.9,0.1338
10660.4,0.13335
10662.9,0.13328
10665.4,0.13313
10667.9,0.13304
10670.4,0.1334
10672.9,0.1339
10675.4,0.13399
10677.9,0.13401
10680.4,0.13374
10682.9,0.13349
10685.4,0.13315
10687.9,0.13289
10690.4,0.13217
10692.9,0.13213
10695.3,0.13237
10697.8,0.13249
10700.3,0.13262
10702.8,0.13312
10705.3,0.1335
10707.8,0.13365
10710.3,0.13367
10712.8,0.13375
10715.3,0.13365
10717.8,0.13365
10720.3,0.13321
10722.8,0.13323
10725.3,0.13239
10727.8,0.13167
10730.3,0.13163
10732.8,0.13167
10735.3,0.13182
10737.8,0.13191
10740.3,0.13193
10742.8,0.13229
10745.3,0.13213
10747.7,0.13191
10750.2,0.13188
10752.7,0.13131
10755.2,0.13157
10757.7,0.13192
10760.2,0.13198
10762.7,0.13176
10765.2,0.13225
10767.7,0.13279
10770.2,0.1324
10772.7,0.1323
10775.2,0.1316
10777.7,0.13176
10780.2,0.13129
10782.7,0.13066
10785.2,0.13055
10787.7,0.13009
10790.2,0.1302
10792.7,0.13026
10795.2,0.13083
10797.6,0.1313
10800.1,0.13113
10802.6,0.13136
10805.1,0.13107
10807.6,0.13092
10810.1,0.13054
10812.6,0.13012
10815.1,0.13005
10817.6,0.1296
10820.1,0.1297
10822.6,0.12934
10825.1,0.12922
10827.6,0.12882
10830.1,0.12877
10832.6,0.12862
10835.1,0.129
10837.6,0.12968
10840.1,0.1298
10842.6,0.12988
10845.1,0.13004
10847.6,0.13014
10850.0,0.13048
10852.5,0.13023
10855.0,0.13046
10857.5,0.13025
10860.0,0.13017
10862.5,0.12959
10865.0,0.12872
10867.5,0.12854
10870.0,0.12776
10872.5,0.12799
10875.0,0.12765
10877.5,0.12793
10880.0,0.12768
10882.5,0.12812
10885.0,0.12831
10887.5,0.12841
10890.0,0.12873
10892.5,0.12881
10895.0,0.12897
10897.5,0.12889
10900.0,0.12942
10902.4,0.12951
10904.9,0.12934
10907.4,0.12956
10909.9,0.12913
10912.4,0.12885
10914.9,0.12882
10917.4,0.12839
10919.9,0.12815
10922.4,0.12807
10924.9,0.12775
10927.4,0.12721
10929.9,0.12709
10932.4,0.1263
10934.9,0.12594
10937.4,0.12533
10939.9,0.12517
10942.4,0.12504
10944.9,0.1254
10947.4,0.12618
10949.9,0.12628
10952.3,0.1266
10954.8,0.12615
10957.3,0.12606
10959.8,0.12575
10962.3,0.12542
10964.8,0.12492
10967.3,0.1249
10969.8,0.12457
10972.3,0.12462
10974.8,0.12445
10977.3,0.12427
10979.8,0.1242
10982.3,0.12431
10984.8,0.12424
10987.3,0.12478
10989.8,0.12465
10992.3,0.12483
10994.8,0.12511
10997.3,0.12523
10999.8,0.12498
