wave,flux
3700.85,0.20858
3701.75,0.20556
3702.65,0.19873
3703.55,0.18942
3704.45,0.17944
3705.35,0.16978
3706.25,0.16338
3707.15,0.15993
3708.05,0.16029
3708.96,0.16287
3709.86,0.16804
3710.76,0.1737
3711.66,0.18205
3712.56,0.19144
3713.46,0.20012
3714.36,0.20688
3715.26,0.21091
3716.16,0.21089
3717.06,0.20714
3717.96,0.19884
3718.86,0.18752
3719.76,0.17318
3720.66,0.1614
3721.56,0.15246
3722.46,0.14996
3723.36,0.15484
3724.26,0.165
3725.16,0.17371
3726.06,0.18311
3726.96,0.18874
3727.86,0.19096
3728.76,0.19123
3729.66,0.18876
3730.56,0.18547
3731.46,0.17881
3732.36,0.16823
3733.26,0.15614
3734.16,0.1444
3735.06,0.13513
3735.96,0.13119
3736.86,0.1331
3737.76,0.14051
3738.66,0.15278
3739.56,0.16536
3740.46,0.17736
3741.36,0.18504
3742.26,0.18719
3743.16,0.18405
3744.06,0.17716
3744.96,0.16934
3745.86,0.16039
3746.76,0.15186
3747.67,0.14318
3748.57,0.138
3749.47,0.13452
3750.37,0.13642
3751.27,0.14491
3752.17,0.15709
3753.07,0.17162
3753.97,0.18582
3754.87,0.19763
3755.77,0.20221
3756.67,0.20148
3757.57,0.19699
3758.47,0.18918
3759.37,0.18284
3760.27,0.18051
3761.17,0.18075
3762.07,0.18455
3762.97,0.18716
3763.87,0.18957
3764.77,0.19071
3765.67,0.1894
3766.57,0.18906
3767.47,0.18509
3768.37,0.18388
3769.27,0.18154
3770.17,0.1807
3771.07,0.18276
3771.97,0.18621
3772.87,0.19345
3773.77,0.19965
3774.67,0.20599
3775.57,0.21186
3776.47,0.21634
3777.37,0.21975
3778.27,0.22327
3779.17,0.22849
3780.07,0.23357
3780.97,0.23839
3781.87,0.24259
3782.77,0.24363
3783.67,0.24384
3784.57,0.2406
3785.47,0.23372
3786.38,0.22584
3787.28,0.21858
3788.18,0.2101
3789.08,0.20363
3789.98,0.20024
3790.88,0.19972
3791.78,0.1972
3792.68,0.19454
3793.58,0.19067
3794.48,0.1853
3795.38,0.17828
3796.28,0.17014
3797.18,0.16458
3798.08,0.16126
3798.98,0.16017
3799.88,0.16533
3800.78,0.17486
3801.68,0.18731
3802.58,0.20051
3803.48,0.21153
3804.38,0.22069
3805.28,0.22578
3806.18,0.22699
3807.08,0.22699
3807.98,0.22709
3808.88,0.22966
3809.78,0.23191
3810.68,0.23439
3811.58,0.23298
3812.48,0.22645
3813.38,0.22088
3814.28,0.21211
3815.18,0.20426
3816.08,0.19945
3816.98,0.19654
3817.88,0.196
3818.78,0.19529
3819.68,0.19295
3820.58,0.19071
3821.48,0.18797
3822.38,0.18612
3823.28,0.18349
3824.18,0.17984
3825.09,0.17445
3825.99,0.16909
3826.89,0.16434
3827.79,0.16062
3828.69,0.15861
3829.59,0.15669
3830.49,0.15418
3831.39,0.15064
3832.29,0.14615
3833.19,0.13929
3834.09,0.13429
3834.99,0.13052
3835.89,0.1294
3836.79,0.12963
3837.69,0.13163
3838.59,0.13467
3839.49,0.14026
3840.39,0.14776
3841.29,0.15693
3842.19,0.16867
3843.09,0.1806
3843.99,0.19206
3844.89,0.19997
3845.79,0.20803
3846.69,0.21264
3847.59,0.21495
3848.49,0.21633
3849.39,0.21797
3850.29,0.21772
3851.19,0.21839
3852.09,0.21917
3852.99,0.22027
3853.89,0.21903
3854.79,0.21793
3855.69,0.21403
3856.59,0.20889
3857.49,0.2038
3858.39,0.19892
3859.29,0.19552
3860.19,0.19459
3861.09,0.1962
3861.99,0.20205
3862.9,0.21083
3863.8,0.21752
3864.7,0.22294
3865.6,0.22493
3866.5,0.22545
3867.4,0.22449
3868.3,0.22234
3869.2,0.21902
3870.1,0.21331
3871.0,0.20961
3871.9,0.20507
3872.8,0.20038
3873.7,0.20076
3874.6,0.20306
3875.5,0.20453
3876.4,0.20753
3877.3,0.20618
3878.2,0.20528
3879.1,0.20222
3880.0,0.20055
3880.9,0.19934
3881.8,0.19829
3882.7,0.19755
3883.6,0.19356
3884.5,0.1908
3885.4,0.18582
3886.3,0.1788
3887.2,0.17166
3888.1,0.16703
3889.0,0.16448
3889.9,0.16674
3890.8,0.17247
3891.7,0.18024
3892.6,0.19
3893.5,0.19874
3894.4,0.20482
3895.3,0.21021
3896.2,0.21321
3897.1,0.21697
3898.0,0.21876
3898.9,0.22124
3899.8,0.22201
3900.7,0.22506
3901.6,0.22556
3902.51,0.22408
3903.41,0.22384
3904.31,0.22261
3905.21,0.21994
3906.11,0.21963
3907.01,0.22192
3907.91,0.22481
3908.81,0.23173
3909.71,0.23916
3910.61,0.24562
3911.51,0.25112
3912.41,0.25297
3913.31,0.25339
3914.21,0.25306
3915.11,0.251
3916.01,0.24811
3916.91,0.24295
3917.81,0.23848
3918.71,0.23326
3919.61,0.22792
3920.51,0.22334
3921.41,0.2189
3922.31,0.21497
3923.21,0.21346
3924.11,0.21028
3925.01,0.20716
3925.91,0.20099
3926.81,0.19091
3927.71,0.17757
3928.61,0.16186
3929.51,0.14473
3930.41,0.12717
3931.31,0.11049
3932.21,0.095405
3933.11,0.083884
3934.01,0.077174
3934.91,0.076208
3935.81,0.080747
3936.71,0.091583
3937.61,0.10591
3938.51,0.12322
3939.42,0.1408
3940.32,0.15579
3941.22,0.16976
3942.12,0.17965
3943.02,0.18724
3943.92,0.19334
3944.82,0.20016
3945.72,0.20704
3946.62,0.21422
3947.52,0.22106
3948.42,0.22724
3949.32,0.23228
3950.22,0.23589
3951.12,0.23887
3952.02,0.2412
3952.92,0.24395
3953.82,0.24462
3954.72,0.24496
3955.62,0.24403
3956.52,0.24172
3957.42,0.24056
3958.32,0.23641
3959.22,0.23155
3960.12,0.22444
3961.02,0.21491
3961.92,0.20268
3962.82,0.18878
3963.72,0.17348
3964.62,0.15829
3965.52,0.1421
3966.42,0.12554
3967.32,0.11003
3968.22,0.097568
3969.12,0.089842
3970.02,0.087982
3970.92,0.092826
3971.82,0.10379
3972.72,0.11855
3973.62,0.13621
3974.52,0.15358
3975.42,0.17238
3976.32,0.18875
3977.22,0.2043
3978.13,0.21916
3979.03,0.23111
3979.93,0.2408
3980.83,0.24851
3981.73,0.25388
3982.63,0.25684
3983.53,0.25828
3984.43,0.2612
3985.33,0.26244
3986.23,0.26548
3987.13,0.26927
3988.03,0.27326
3988.93,0.27528
3989.83,0.27861
3990.73,0.27949
3991.63,0.28373
3992.53,0.28463
3993.43,0.28563
3994.33,0.28488
3995.23,0.28408
3996.13,0.28118
3997.03,0.27745
3997.93,0.27748
3998.83,0.27917
3999.73,0.28215
4000.63,0.28579
4001.53,0.29027
4002.43,0.29331
4003.33,0.29224
4004.23,0.28902
4005.13,0.28671
4006.03,0.28041
4006.93,0.27866
4007.83,0.2799
4008.73,0.28248
4009.63,0.28795
4010.53,0.29327
4011.43,0.2971
4012.33,0.30027
4013.23,0.30198
4014.13,0.30228
4015.03,0.30295
4015.93,0.30401
4016.84,0.30499
4017.74,0.30443
4018.64,0.30606
4019.54,0.30637
4020.44,0.30739
4021.34,0.30777
4022.24,0.30791
4023.14,0.30626
4024.04,0.30608
4024.94,0.30539
4025.84,0.30818
4026.74,0.31044
4027.64,0.30951
4028.54,0.30929
4029.44,0.30494
4030.34,0.29859
4031.24,0.2921
4032.14,0.28535
4033.04,0.28
4033.94,0.28005
4034.84,0.28193
4035.74,0.28955
4036.64,0.29735
4037.54,0.30659
4038.44,0.31238
4039.34,0.31721
4040.24,0.31802
4041.14,0.31588
4042.04,0.31085
4042.94,0.30357
4043.84,0.29557
4044.74,0.28732
4045.64,0.27816
4046.54,0.27594
4047.44,0.27807
4048.34,0.28304
4049.24,0.29155
4050.14,0.30094
4051.04,0.30623
4051.94,0.30857
4052.84,0.30853
4053.74,0.30668
4054.65,0.30234
4055.55,0.29777
4056.45,0.29444
4057.35,0.29182
4058.25,0.29178
4059.15,0.29092
4060.05,0.29114
4060.95,0.29091
4061.85,0.28891
4062.75,0.28724
4063.65,0.28303
4064.55,0.28022
4065.45,0.2786
4066.35,0.28066
4067.25,0.28515
4068.15,0.29044
4069.05,0.29335
4069.95,0.29544
4070.85,0.29624
4071.75,0.29585
4072.65,0.2933
4073.55,0.2919
4074.45,0.29108
4075.35,0.28599
4076.25,0.28276
4077.15,0.27824
4078.05,0.2755
4078.95,0.27708
4079.85,0.28089
4080.75,0.28774
4081.65,0.29419
4082.55,0.29712
4083.45,0.30271
4084.35,0.30309
4085.25,0.30489
4086.15,0.30801
4087.05,0.31098
4087.95,0.31575
4088.85,0.32039
4089.75,0.3231
4090.65,0.32355
4091.55,0.32216
4092.45,0.32037
4093.36,0.31631
4094.26,0.31056
4095.16,0.30451
4096.06,0.29742
4096.96,0.28921
4097.86,0.28032
4098.76,0.27047
4099.66,0.26015
4100.56,0.24899
4101.46,0.24051
4102.36,0.2358
4103.26,0.23588
4104.16,0.24172
4105.06,0.25071
4105.96,0.26341
4106.86,0.27377
4107.76,0.28315
4108.66,0.28956
4109.56,0.29304
4110.46,0.29445
4111.36,0.29658
4112.26,0.29944
4113.16,0.30307
4114.06,0.30656
4114.96,0.31045
4115.86,0.31285
4116.76,0.31468
4117.66,0.31441
4118.56,0.31272
4119.46,0.30983
4120.36,0.30912
4121.26,0.30685
4122.16,0.30619
4123.06,0.30621
4123.96,0.30858
4124.86,0.30855
4125.76,0.3109
4126.66,0.31168
4127.56,0.3084
4128.46,0.30584
4129.36,0.30305
4130.26,0.30011
4131.17,0.29672
4132.06,0.29272
4132.97,0.2908
4133.87,0.29038
4134.77,0.29415
4135.67,0.29726
4136.57,0.30309
4137.47,0.31035
4138.37,0.31524
4139.27,0.31985
4140.17,0.31795
4141.07,0.31446
4141.97,0.31047
4142.87,0.30378
4143.77,0.29692
4144.67,0.2953
4145.57,0.29509
4146.47,0.29803
4147.37,0.30032
4148.27,0.3046
4149.17,0.30792
4150.07,0.30695
4150.97,0.30585
4151.87,0.30414
4152.77,0.30247
4153.67,0.30134
4154.57,0.29971
4155.47,0.29809
4156.37,0.29978
4157.27,0.30077
4158.17,0.30348
4159.07,0.30647
4159.97,0.31095
4160.87,0.31633
4161.77,0.3195
4162.67,0.32161
4163.57,0.32195
4164.47,0.32306
4165.37,0.32175
4166.27,0.32075
4167.17,0.31639
4168.07,0.31345
4168.98,0.31126
4169.88,0.30794
4170.78,0.30308
4171.68,0.29799
4172.58,0.29336
4173.48,0.28824
4174.38,0.28486
4175.28,0.28401
4176.18,0.28516
4177.08,0.28926
4177.98,0.29051
4178.88,0.29424
4179.78,0.29707
4180.68,0.2998
4181.58,0.30113
4182.48,0.30414
4183.38,0.30288
4184.28,0.3034
4185.18,0.30535
4186.08,0.30509
4186.98,0.304
4187.88,0.30239
4188.78,0.30318
4189.68,0.30502
4190.58,0.3053
4191.48,0.3084
4192.38,0.31009
4193.28,0.31403
4194.18,0.31254
4195.08,0.31125
4195.98,0.30763
4196.88,0.3026
4197.78,0.29756
4198.68,0.29256
4199.58,0.28986
4200.48,0.28526
4201.38,0.2867
4202.28,0.28874
4203.18,0.29095
4204.08,0.2944
4204.98,0.29818
4205.88,0.30269
4206.79,0.30838
4207.69,0.31317
4208.59,0.31626
4209.49,0.31863
4210.39,0.32078
4211.29,0.32187
4212.19,0.31925
4213.09,0.31747
4213.99,0.31482
4214.89,0.3121
4215.79,0.30971
4216.69,0.30958
4217.59,0.31022
4218.49,0.31355
4219.39,0.317
4220.29,0.32073
4221.19,0.32171
4222.09,0.31936
4222.99,0.31188
4223.89,0.30171
4224.79,0.29031
4225.69,0.27794
4226.59,0.26658
4227.49,0.26438
4228.39,0.26477
4229.29,0.27371
4230.19,0.28578
4231.09,0.29665
4231.99,0.3046
4232.89,0.30834
4233.79,0.30867
4234.69,0.30757
4235.59,0.30456
4236.49,0.30164
4237.39,0.30026
4238.29,0.30032
4239.19,0.30153
4240.09,0.30403
4240.99,0.30897
4241.89,0.31385
4242.79,0.31791
4243.69,0.32054
4244.59,0.32326
4245.5,0.32236
4246.4,0.32054
4247.3,0.31561
4248.2,0.31113
4249.1,0.30508
4250.0,0.30217
4250.9,0.29996
4251.8,0.3002
4252.7,0.30139
4253.6,0.30278
4254.5,0.30327
4255.4,0.30626
4256.3,0.30738
4257.2,0.30743
4258.1,0.30669
4259.0,0.30639
4259.9,0.30188
4260.8,0.30128
4261.7,0.30048
4262.6,0.30541
4263.5,0.31019
4264.4,0.31897
4265.3,0.32399
4266.2,0.32552
4267.1,0.32628
4268.0,0.32122
4268.9,0.31546
4269.8,0.30512
4270.7,0.29679
4271.6,0.28831
4272.5,0.28167
4273.4,0.27743
4274.3,0.27771
4275.2,0.282
4276.1,0.28788
4277.0,0.2964
4277.9,0.30294
4278.8,0.30956
4279.7,0.31135
4280.6,0.31347
4281.5,0.31095
4282.4,0.30935
4283.31,0.30598
4284.21,0.30564
4285.11,0.30268
4286.01,0.29945
4286.91,0.29392
4287.81,0.29017
4288.71,0.28402
4289.61,0.28113
4290.51,0.27878
4291.41,0.27814
4292.31,0.28002
4293.21,0.28275
4294.11,0.28716
4295.01,0.28741
4295.91,0.28429
4296.81,0.2809
4297.71,0.27273
4298.61,0.26446
4299.51,0.25356
4300.41,0.24557
4301.31,0.23958
4302.21,0.2362
4303.11,0.23572
4304.01,0.23462
4304.91,0.23525
4305.81,0.23575
4306.71,0.234
4307.61,0.23208
4308.51,0.23121
4309.41,0.23099
4310.31,0.23322
4311.21,0.24073
4312.11,0.249
4313.01,0.25965
4313.91,0.27261
4314.81,0.28708
4315.71,0.30295
4316.61,0.31776
4317.51,0.33028
4318.41,0.33878
4319.31,0.34299
4320.21,0.34347
4321.12,0.33884
4322.02,0.33055
4322.92,0.32024
4323.82,0.30862
4324.72,0.3002
4325.62,0.29156
4326.52,0.28785
4327.42,0.29172
4328.32,0.30016
4329.22,0.30948
4330.12,0.31911
4331.02,0.32623
4331.92,0.33162
4332.82,0.33379
4333.72,0.33337
4334.62,0.33158
4335.52,0.32675
4336.42,0.31585
4337.32,0.3026
4338.22,0.289
4339.12,0.27425
4340.02,0.26164
4340.92,0.25567
4341.82,0.25515
4342.72,0.25979
4343.62,0.26891
4344.52,0.28052
4345.42,0.29343
4346.32,0.30476
4347.22,0.31415
4348.12,0.3195
4349.02,0.32299
4349.92,0.32227
4350.82,0.31984
4351.72,0.31816
4352.62,0.31386
4353.52,0.31161
4354.42,0.31261
4355.32,0.31714
4356.22,0.32274
4357.12,0.3252
4358.02,0.33019
4358.92,0.3312
4359.83,0.3355
4360.73,0.33702
4361.63,0.34192
4362.53,0.34665
4363.43,0.3488
4364.33,0.3514
4365.23,0.35146
4366.13,0.35245
4367.03,0.34926
4367.93,0.34692
4368.83,0.3434
4369.73,0.339
4370.63,0.33531
4371.53,0.33119
4372.43,0.32981
4373.33,0.32809
4374.23,0.32524
4375.13,0.32263
4376.03,0.3215
4376.93,0.32292
4377.83,0.32729
4378.73,0.32953
4379.63,0.33038
4380.53,0.32826
4381.43,0.32179
4382.33,0.31196
4383.23,0.30196
4384.13,0.29355
4385.03,0.28827
4385.93,0.28828
4386.83,0.29114
4387.73,0.29834
4388.63,0.30552
4389.53,0.31018
4390.43,0.31698
4391.33,0.32019
4392.23,0.32147
4393.13,0.32524
4394.03,0.32738
4394.93,0.33042
4395.83,0.33208
4396.73,0.33335
4397.64,0.33642
4398.54,0.33687
4399.44,0.33723
4400.34,0.33516
4401.24,0.33191
4402.14,0.32871
4403.04,0.32347
4403.94,0.32157
4404.84,0.31693
4405.74,0.31566
4406.64,0.31546
4407.54,0.31711
4408.44,0.31963
4409.34,0.32551
4410.24,0.33404
4411.14,0.33975
4412.04,0.34606
4412.94,0.34712
4413.84,0.34645
4414.74,0.34545
4415.64,0.34248
4416.54,0.3404
4417.44,0.33913
4418.34,0.34272
4419.24,0.34471
4420.14,0.34783
4421.04,0.35179
4421.94,0.35215
4422.84,0.35116
4423.74,0.34924
4424.64,0.35021
4425.54,0.34836
4426.44,0.34731
4427.34,0.34872
4428.24,0.34802
4429.14,0.34808
4430.04,0.34781
4430.94,0.3465
4431.84,0.34656
4432.74,0.34277
4433.64,0.34064
4434.54,0.33874
4435.45,0.33792
4436.35,0.33985
4437.25,0.3421
4438.15,0.34664
4439.05,0.35011
4439.95,0.3532
4440.85,0.35315
4441.75,0.35106
4442.65,0.34978
4443.55,0.34871
4444.45,0.34828
4445.35,0.34743
4446.25,0.35173
4447.15,0.35456
4448.05,0.35889
4448.95,0.35897
4449.85,0.361
4450.75,0.35872
4451.65,0.35665
4452.55,0.35264
4453.45,0.34777
4454.35,0.34044
4455.25,0.33548
4456.15,0.33235
4457.05,0.32732
4457.95,0.32566
4458.85,0.325
4459.75,0.32339
4460.65,0.32382
4461.55,0.32592
4462.45,0.32961
4463.35,0.3311
4464.25,0.33516
4465.15,0.33941
4466.05,0.34363
4466.95,0.34647
4467.85,0.34675
4468.75,0.34658
4469.65,0.34792
4470.55,0.34936
4471.45,0.35212
4472.35,0.35778
4473.25,0.36122
4474.16,0.36625
4475.06,0.37087
4475.96,0.37448
4476.86,0.37547
4477.76,0.37606
4478.66,0.37391
4479.56,0.37048
4480.46,0.36598
4481.36,0.35995
4482.26,0.35931
4483.16,0.35885
4484.06,0.3596
4484.96,0.36337
4485.86,0.36758
4486.76,0.37014
4487.66,0.36924
4488.56,0.36853
4489.46,0.36792
4490.36,0.36295
4491.26,0.36306
4492.16,0.36149
4493.06,0.36126
4493.96,0.35945
4494.86,0.36117
4495.76,0.3604
4496.66,0.36197
4497.56,0.36264
4498.46,0.36557
4499.36,0.36953
4500.26,0.37438
4501.16,0.37611
4502.06,0.38039
4502.96,0.38413
4503.86,0.38797
4504.76,0.39041
4505.66,0.39438
4506.56,0.39655
4507.46,0.39662
4508.36,0.39516
4509.26,0.39567
4510.17,0.39299
4511.06,0.39067
4511.97,0.3881
4512.87,0.38787
4513.77,0.38484
4514.67,0.38349
4515.57,0.37997
4516.47,0.37908
4517.37,0.37717
4518.27,0.37638
4519.17,0.37675
4520.07,0.37719
4520.97,0.37723
4521.87,0.37595
4522.77,0.37346
4523.67,0.37148
4524.57,0.36586
4525.47,0.36035
4526.37,0.35315
4527.27,0.34769
4528.17,0.34541
4529.07,0.34012
4529.97,0.338
4530.87,0.33735
4531.77,0.33898
4532.67,0.33922
4533.57,0.34108
4534.47,0.34226
4535.37,0.34425
4536.27,0.34857
4537.17,0.3539
4538.07,0.35965
4538.97,0.36502
4539.87,0.36865
4540.77,0.37107
4541.67,0.37195
4542.57,0.37157
4543.47,0.37199
4544.37,0.37167
4545.27,0.36898
4546.17,0.36698
4547.07,0.36478
4547.97,0.36287
4548.88,0.36062
4549.77,0.35811
4550.68,0.35777
4551.58,0.35629
4552.48,0.35693
4553.38,0.35572
4554.28,0.35687
4555.18,0.35901
4556.08,0.36213
4556.98,0.36473
4557.88,0.36877
4558.78,0.37344
4559.68,0.37994
4560.58,0.37991
4561.48,0.3824
4562.38,0.38158
4563.28,0.37988
4564.18,0.377
4565.08,0.37986
4565.98,0.37589
4566.88,0.37776
4567.78,0.3776
4568.68,0.38039
4569.58,0.38048
4570.48,0.38124
4571.38,0.38201
4572.28,0.38021
4573.18,0.38042
4574.08,0.38184
4574.98,0.3833
4575.88,0.38332
4576.78,0.3833
4577.68,0.38103
4578.58,0.37926
4579.48,0.37599
4580.38,0.37264
4581.28,0.36951
4582.18,0.36576
4583.08,0.36359
4583.98,0.3633
4584.88,0.36561
4585.78,0.36535
4586.69,0.36919
4587.58,0.37154
4588.49,0.37507
4589.39,0.37674
4590.29,0.37738
4591.19,0.37733
4592.09,0.37656
4592.99,0.37519
4593.89,0.37356
4594.79,0.36998
4595.69,0.36998
4596.59,0.37016
4597.49,0.37096
4598.39,0.37122
4599.29,0.37126
4600.19,0.37218
4601.09,0.37317
4601.99,0.37189
4602.89,0.37354
4603.79,0.37445
4604.69,0.37387
4605.59,0.37647
4606.49,0.38014
4607.39,0.38254
4608.29,0.38718
4609.19,0.38937
4610.09,0.39277
4610.99,0.39358
4611.89,0.39437
4612.79,0.39381
4613.69,0.39232
4614.59,0.3898
4615.49,0.39183
4616.39,0.3903
4617.29,0.39067
4618.19,0.38877
4619.09,0.38997
4619.99,0.3904
4620.89,0.39201
4621.79,0.39274
4622.69,0.39334
4623.59,0.39268
4624.5,0.39252
4625.4,0.39339
4626.3,0.39377
4627.2,0.39303
4628.1,0.39081
4629.0,0.39121
4629.9,0.39132
4630.8,0.39022
4631.7,0.3901
4632.6,0.38915
4633.5,0.38783
4634.4,0.38811
4635.3,0.3831
4636.2,0.38168
4637.1,0.38052
4638.0,0.37802
4638.9,0.37818
4639.8,0.37691
4640.7,0.37732
4641.6,0.37812
4642.5,0.37922
4643.4,0.37788
4644.3,0.3771
4645.2,0.37592
4646.1,0.37194
4647.0,0.36702
4647.9,0.36683
4648.8,0.36865
4649.7,0.36894
4650.6,0.36949
4651.5,0.37262
4652.4,0.37401
4653.3,0.37649
4654.2,0.37692
4655.1,0.3769
4656.0,0.37726
4656.9,0.37885
4657.8,0.38094
4658.7,0.38444
4659.6,0.38831
4660.5,0.39244
4661.4,0.39272
4662.3,0.39317
4663.21,0.38919
4664.11,0.38329
4665.01,0.37736
4665.91,0.36926
4666.81,0.36517
4667.71,0.36192
4668.61,0.35891
4669.51,0.35705
4670.41,0.36101
4671.31,0.36357
4672.21,0.36805
4673.11,0.37461
4674.01,0.37756
4674.91,0.38067
4675.81,0.3828
4676.71,0.38412
4677.61,0.38332
4678.51,0.38313
4679.41,0.38008
4680.31,0.37951
4681.21,0.37702
4682.11,0.37597
4683.01,0.37569
4683.91,0.37735
4684.81,0.37859
4685.71,0.38081
4686.61,0.38048
4687.51,0.38108
4688.41,0.38135
4689.31,0.3819
4690.21,0.38182
4691.11,0.38192
4692.01,0.38254
4692.91,0.3824
4693.81,0.38374
4694.71,0.38629
4695.61,0.38704
4696.51,0.38836
4697.41,0.38646
4698.31,0.38293
4699.21,0.38157
4700.12,0.37757
4701.02,0.37436
4701.92,0.37301
4702.82,0.36898
4703.72,0.37106
4704.62,0.36724
4705.52,0.36778
4706.42,0.36828
4707.32,0.36826
4708.22,0.36852
4709.12,0.37011
4710.02,0.37035
4710.92,0.37182
4711.82,0.37309
4712.72,0.37682
4713.62,0.37942
4714.52,0.38186
4715.42,0.38228
4716.32,0.38618
4717.22,0.38665
4718.12,0.38989
4719.02,0.39313
4719.92,0.39632
4720.82,0.39759
4721.72,0.39895
4722.62,0.39896
4723.52,0.40079
4724.42,0.39787
4725.32,0.39487
4726.22,0.39324
4727.12,0.38947
4728.02,0.38438
4728.92,0.37973
4729.82,0.37515
4730.72,0.37396
4731.62,0.37558
4732.52,0.37382
4733.42,0.37727
4734.32,0.37956
4735.22,0.38032
4736.12,0.38453
4737.02,0.38395
4737.92,0.38555
4738.83,0.38684
4739.73,0.38752
4740.63,0.38785
4741.53,0.38799
4742.43,0.39045
4743.33,0.39322
4744.23,0.39259
4745.13,0.39233
4746.03,0.39443
4746.93,0.39602
4747.83,0.39664
4748.73,0.39701
4749.63,0.3977
4750.53,0.3982
4751.43,0.39636
4752.33,0.39478
4753.23,0.39332
4754.13,0.38954
4755.03,0.39036
4755.93,0.38679
4756.83,0.38621
4757.73,0.38509
4758.63,0.3858
4759.53,0.38402
4760.43,0.38448
4761.33,0.38108
4762.23,0.37938
4763.13,0.37748
4764.03,0.37381
4764.93,0.37126
4765.83,0.37105
4766.73,0.36983
4767.63,0.3724
4768.53,0.37361
4769.43,0.37575
4770.33,0.37818
4771.23,0.38324
4772.13,0.38309
4773.03,0.38707
4773.93,0.38877
4774.83,0.39046
4775.73,0.39255
4776.64,0.39493
4777.54,0.39641
4778.44,0.39434
4779.34,0.3951
4780.24,0.39443
4781.14,0.3919
4782.04,0.39004
4782.94,0.38647
4783.84,0.38453
4784.74,0.38424
4785.64,0.37948
4786.54,0.37968
4787.44,0.37874
4788.34,0.37834
4789.24,0.37838
4790.14,0.37994
4791.04,0.38352
4791.94,0.38515
4792.84,0.38895
4793.74,0.39291
4794.64,0.39559
4795.54,0.39755
4796.44,0.39821
4797.34,0.39692
4798.24,0.39796
4799.14,0.39522
4800.04,0.39205
4800.94,0.39236
4801.84,0.39059
4802.74,0.39106
4803.64,0.39226
4804.54,0.39041
4805.44,0.39079
4806.34,0.3885
4807.24,0.39057
4808.14,0.38846
4809.04,0.38662
4809.94,0.38711
4810.84,0.38745
4811.74,0.39036
4812.64,0.38986
4813.54,0.39366
4814.45,0.3933
4815.35,0.39614
4816.25,0.39734
4817.15,0.3989
4818.05,0.40191
4818.95,0.40131
4819.85,0.40312
4820.75,0.40166
4821.65,0.3992
4822.55,0.39592
4823.45,0.39283
4824.35,0.39105
4825.25,0.38909
4826.15,0.38879
4827.05,0.38961
4827.95,0.38871
4828.85,0.38861
4829.75,0.38705
4830.65,0.38741
4831.55,0.38467
4832.45,0.38617
4833.35,0.38798
4834.25,0.38531
4835.15,0.38679
4836.05,0.38738
4836.95,0.38857
4837.85,0.38715
4838.75,0.38658
4839.65,0.38614
4840.55,0.38361
4841.45,0.38095
4842.35,0.38133
4843.25,0.38132
4844.15,0.38292
4845.05,0.38175
4845.95,0.38292
4846.85,0.38368
4847.75,0.38418
4848.65,0.38488
4849.55,0.38175
4850.45,0.38269
4851.35,0.3792
4852.26,0.3766
4853.16,0.37436
4854.06,0.37027
4854.96,0.36564
4855.86,0.35917
4856.76,0.35242
4857.66,0.34475
4858.56,0.3337
4859.46,0.32544
4860.36,0.31676
4861.26,0.30921
4862.16,0.30358
4863.06,0.30463
4863.96,0.3083
4864.86,0.314
4865.76,0.32242
4866.66,0.3329
4867.56,0.33955
4868.46,0.34818
4869.36,0.3511
4870.26,0.35372
4871.16,0.35453
4872.06,0.35493
4872.96,0.35612
4873.86,0.35715
4874.76,0.35874
4875.66,0.36258
4876.56,0.36658
4877.46,0.37029
4878.36,0.3737
4879.26,0.37527
4880.16,0.37872
4881.06,0.3795
4881.96,0.38066
4882.86,0.37967
4883.76,0.37748
4884.66,0.37611
4885.56,0.37512
4886.46,0.37091
4887.36,0.36794
4888.26,0.36641
4889.17,0.36387
4890.07,0.36392
4890.97,0.36649
4891.87,0.36947
4892.77,0.37388
4893.67,0.37871
4894.57,0.38533
4895.47,0.39323
4896.37,0.39887
4897.27,0.40228
4898.17,0.40351
4899.07,0.40357
4899.97,0.40301
4900.87,0.40083
4901.77,0.39777
4902.67,0.39738
4903.57,0.39471
4904.47,0.39539
4905.37,0.39466
4906.27,0.39311
4907.17,0.39546
4908.07,0.39403
4908.97,0.39161
4909.87,0.38804
4910.77,0.38753
4911.67,0.3841
4912.57,0.3859
4913.47,0.38647
4914.37,0.387
4915.27,0.38872
4916.17,0.38663
4917.07,0.38389
4917.97,0.38016
4918.87,0.37452
4919.77,0.36759
4920.67,0.36316
4921.57,0.3612
4922.47,0.36009
4923.37,0.36426
4924.27,0.36784
4925.17,0.37219
4926.07,0.37654
4926.98,0.38307
4927.88,0.38744
4928.78,0.39334
4929.68,0.39584
4930.58,0.39767
4931.48,0.39644
4932.38,0.39634
4933.28,0.39133
4934.18,0.38801
4935.08,0.38517
4935.98,0.37998
4936.88,0.37835
4937.78,0.37538
4938.68,0.37428
4939.58,0.37708
4940.48,0.37791
4941.38,0.37996
4942.28,0.38473
4943.18,0.39167
4944.08,0.39446
4944.98,0.39866
4945.88,0.40118
4946.78,0.40069
4947.68,0.40322
4948.58,0.4053
4949.48,0.4052
4950.38,0.40598
4951.28,0.40576
4952.18,0.40596
4953.08,0.40141
4953.98,0.39967
4954.88,0.394
4955.78,0.38759
4956.68,0.38221
4957.58,0.37794
4958.48,0.3769
4959.38,0.37509
4960.28,0.37705
4961.18,0.38083
4962.08,0.38408
4962.98,0.38775
4963.88,0.38871
4964.79,0.38621
4965.69,0.38742
4966.59,0.38388
4967.49,0.38318
4968.39,0.38149
4969.29,0.38181
4970.19,0.38206
4971.09,0.38249
4971.99,0.38716
4972.89,0.38867
4973.79,0.39028
4974.69,0.39004
4975.59,0.39219
4976.49,0.39237
4977.39,0.3892
4978.29,0.3874
4979.19,0.38213
4980.09,0.37727
4980.99,0.37074
4981.89,0.36722
4982.79,0.36266
4983.69,0.35902
4984.59,0.35702
4985.49,0.36013
4986.39,0.36138
4987.29,0.36506
4988.19,0.37062
4989.09,0.37343
4989.99,0.37597
4990.89,0.37696
4991.79,0.3791
4992.69,0.38028
4993.59,0.38104
4994.49,0.38085
4995.39,0.38316
4996.29,0.38142
4997.19,0.38077
4998.09,0.37982
4998.99,0.37789
4999.89,0.37458
5000.79,0.3718
5001.7,0.36991
5002.6,0.36683
5003.5,0.36209
5004.4,0.36117
5005.3,0.36019
5006.2,0.36118
5007.1,0.36092
5008.0,0.36145
5008.9,0.36202
5009.8,0.36365
5010.7,0.36202
5011.6,0.36135
5012.5,0.35924
5013.4,0.35754
5014.3,0.3543
5015.2,0.35248
5016.1,0.35083
5017.0,0.35312
5017.9,0.35281
5018.8,0.35559
5019.7,0.35542
5020.6,0.35869
5021.5,0.35844
5022.4,0.36156
5023.3,0.36481
5024.2,0.36439
5025.1,0.36676
5026.0,0.36792
5026.9,0.37009
5027.8,0.37244
5028.7,0.37473
5029.6,0.37464
5030.5,0.37822
5031.4,0.38203
5032.3,0.38274
5033.2,0.38346
5034.1,0.3827
5035.0,0.38186
5035.9,0.37871
5036.8,0.37404
5037.7,0.3673
5038.6,0.36146
5039.5,0.35745
5040.41,0.3541
5041.31,0.35342
5042.21,0.35383
5043.11,0.35489
5044.01,0.36018
5044.91,0.3672
5045.81,0.37228
5046.71,0.37698
5047.61,0.37961
5048.51,0.37941
5049.41,0.379
5050.31,0.37715
5051.21,0.37629
5052.11,0.37584
5053.01,0.37622
5053.91,0.37835
5054.81,0.38144
5055.71,0.38486
5056.61,0.38905
5057.51,0.39162
5058.41,0.39462
5059.31,0.39595
5060.21,0.39492
5061.11,0.39598
5062.01,0.39358
5062.91,0.392
5063.81,0.38919
5064.71,0.38384
5065.61,0.38129
5066.51,0.37802
5067.41,0.37515
5068.31,0.37557
5069.21,0.37451
5070.11,0.37498
5071.01,0.37399
5071.91,0.37747
5072.81,0.37632
5073.71,0.37696
5074.61,0.37591
5075.51,0.37493
5076.42,0.37382
5077.31,0.37142
5078.21,0.36823
5079.12,0.36624
5080.02,0.36059
5080.92,0.3584
5081.82,0.35826
5082.72,0.35831
5083.62,0.3602
5084.52,0.36276
5085.42,0.36603
5086.32,0.37094
5087.22,0.37268
5088.12,0.37771
5089.02,0.37968
5089.92,0.38233
5090.82,0.38377
5091.72,0.3847
5092.62,0.38604
5093.52,0.38534
5094.42,0.38427
5095.32,0.38346
5096.22,0.38075
5097.12,0.37746
5098.02,0.37302
5098.92,0.37165
5099.82,0.36823
5100.72,0.36976
5101.62,0.3699
5102.52,0.37028
5103.42,0.37233
5104.32,0.37262
5105.22,0.37155
5106.12,0.37078
5107.02,0.36914
5107.92,0.36755
5108.82,0.36721
5109.72,0.36802
5110.62,0.36817
5111.52,0.36929
5112.42,0.3709
5113.32,0.37404
5114.22,0.37827
5115.12,0.38139
5116.03,0.38401
5116.93,0.38627
5117.83,0.38777
5118.73,0.38882
5119.63,0.38586
5120.53,0.38468
5121.43,0.37989
5122.33,0.37466
5123.23,0.37268
5124.13,0.36702
5125.03,0.36316
5125.93,0.36227
5126.83,0.35821
5127.73,0.35921
5128.63,0.35995
5129.53,0.36008
5130.43,0.36117
5131.33,0.36374
5132.23,0.36525
5133.13,0.36887
5134.03,0.37105
5134.93,0.37047
5135.83,0.37129
5136.73,0.37035
5137.63,0.36842
5138.53,0.3677
5139.43,0.36489
5140.33,0.36237
5141.23,0.36119
5142.13,0.36087
5143.03,0.35981
5143.93,0.35918
5144.83,0.35868
5145.73,0.3581
5146.63,0.35903
5147.53,0.35904
5148.43,0.36128
5149.33,0.36041
5150.23,0.35955
5151.13,0.35991
5152.03,0.35851
5152.94,0.36025
5153.84,0.36109
5154.74,0.36402
5155.64,0.36671
5156.54,0.36983
5157.44,0.37351
5158.34,0.37512
5159.24,0.37862
5160.14,0.3797
5161.04,0.37848
5161.94,0.37669
5162.84,0.37165
5163.74,0.36645
5164.64,0.35563
5165.54,0.34735
5166.44,0.33473
5167.34,0.32753
5168.24,0.31657
5169.14,0.31069
5170.04,0.30502
5170.94,0.30101
5171.84,0.30105
5172.74,0.30312
5173.64,0.30817
5174.54,0.31467
5175.44,0.32332
5176.34,0.33004
5177.24,0.33829
5178.14,0.34359
5179.04,0.34844
5179.94,0.34811
5180.84,0.3435
5181.74,0.34065
5182.64,0.33461
5183.54,0.32742
5184.44,0.32446
5185.34,0.32424
5186.24,0.32651
5187.14,0.33217
5188.04,0.33883
5188.94,0.34477
5189.84,0.3498
5190.75,0.35324
5191.65,0.35424
5192.55,0.35442
5193.45,0.3538
5194.35,0.3543
5195.25,0.35402
5196.15,0.35616
5197.05,0.35915
5197.95,0.36137
5198.85,0.36532
5199.75,0.36765
5200.65,0.36785
5201.55,0.36789
5202.45,0.36708
5203.35,0.36407
5204.25,0.36086
5205.15,0.3569
5206.05,0.35148
5206.95,0.34775
5207.85,0.34622
5208.75,0.34516
5209.65,0.34671
5210.55,0.34865
5211.45,0.35225
5212.35,0.35867
5213.25,0.36432
5214.15,0.36714
5215.05,0.37014
5215.95,0.37198
5216.85,0.37349
5217.75,0.37602
5218.65,0.37608
5219.55,0.37932
5220.45,0.37733
5221.35,0.37828
5222.25,0.37826
5223.15,0.37441
5224.05,0.37147
5224.95,0.36743
5225.85,0.36024
5226.75,0.35767
5227.66,0.35656
5228.56,0.35455
5229.46,0.35708
5230.36,0.36
5231.26,0.36435
5232.16,0.36646
5233.06,0.36913
5233.96,0.37182
5234.86,0.37476
5235.76,0.37615
5236.66,0.37745
5237.56,0.38191
5238.46,0.38483
5239.36,0.38694
5240.26,0.38807
5241.16,0.38943
5242.06,0.39007
5242.96,0.39161
5243.86,0.39057
5244.76,0.39061
5245.66,0.38805
5246.56,0.38497
5247.46,0.38237
5248.36,0.37817
5249.26,0.37536
5250.16,0.37321
5251.06,0.37235
5251.96,0.37134
5252.86,0.37181
5253.76,0.37301
5254.66,0.37651
5255.56,0.37716
5256.46,0.37973
5257.36,0.38189
5258.26,0.38417
5259.16,0.3838
5260.06,0.3823
5260.96,0.37895
5261.86,0.3755
5262.76,0.36748
5263.66,0.35925
5264.56,0.35331
5265.47,0.34639
5266.37,0.3415
5267.27,0.33854
5268.17,0.33351
5269.07,0.33425
5269.97,0.33514
5270.87,0.33562
5271.77,0.33937
5272.67,0.34448
5273.57,0.34994
5274.47,0.35729
5275.37,0.36268
5276.27,0.36708
5277.17,0.37164
5278.07,0.37679
5278.97,0.37884
5279.87,0.38075
5280.77,0.38306
5281.67,0.38214
5282.57,0.38124
5283.47,0.38197
5284.37,0.3829
5285.27,0.38609
5286.17,0.38845
5287.07,0.39286
5287.97,0.39422
5288.87,0.39889
5289.77,0.40152
5290.67,0.40227
5291.57,0.40328
5292.47,0.40263
5293.37,0.39863
5294.27,0.39775
5295.17,0.39239
5296.07,0.3887
5296.97,0.38366
5297.87,0.3822
5298.77,0.37796
5299.67,0.37669
5300.57,0.37653
5301.48,0.3794
5302.38,0.38213
5303.27,0.3853
5304.18,0.38923
5305.08,0.39402
5305.98,0.3959
5306.88,0.40024
5307.78,0.4016
5308.68,0.40321
5309.58,0.40416
5310.48,0.40514
5311.38,0.40424
5312.28,0.40522
5313.18,0.40507
5314.08,0.40262
5314.98,0.40227
5315.88,0.39976
5316.78,0.39836
5317.68,0.39638
5318.58,0.39546
5319.48,0.39386
5320.38,0.3926
5321.28,0.39139
5322.18,0.38847
5323.08,0.38599
5323.98,0.38113
5324.88,0.37845
5325.78,0.37192
5326.68,0.36807
5327.58,0.3633
5328.48,0.3591
5329.38,0.35826
5330.28,0.3602
5331.18,0.36271
5332.08,0.36757
5332.98,0.3728
5333.88,0.37881
5334.78,0.38072
5335.68,0.38604
5336.58,0.38604
5337.48,0.38785
5338.38,0.38728
5339.28,0.38657
5340.19,0.38561
5341.08,0.38324
5341.99,0.38186
5342.89,0.38132
5343.79,0.38329
5344.69,0.38336
5345.59,0.38358
5346.49,0.38701
5347.39,0.38653
5348.29,0.38446
5349.19,0.38782
5350.09,0.38768
5350.99,0.38913
5351.89,0.39182
5352.79,0.39534
5353.69,0.39833
5354.59,0.40118
5355.49,0.40459
5356.39,0.40689
5357.29,0.40832
5358.19,0.40968
5359.09,0.41027
5359.99,0.4102
5360.89,0.41026
5361.79,0.40691
5362.69,0.40295
5363.59,0.40071
5364.49,0.39605
5365.39,0.39347
5366.29,0.3883
5367.19,0.38603
5368.09,0.38385
5368.99,0.3801
5369.89,0.37727
5370.79,0.37756
5371.69,0.37653
5372.59,0.37693
5373.49,0.38104
5374.39,0.38303
5375.29,0.38773
5376.19,0.39189
5377.09,0.39564
5378.0,0.39797
5378.9,0.39685
5379.8,0.39906
5380.7,0.39996
5381.6,0.39897
5382.5,0.39788
5383.4,0.39789
5384.3,0.39634
5385.2,0.3954
5386.1,0.39567
5387.0,0.39588
5387.9,0.3928
5388.8,0.39237
5389.7,0.38911
5390.6,0.38668
5391.5,0.38654
5392.4,0.38292
5393.3,0.38137
5394.2,0.38055
5395.1,0.37659
5396.0,0.37519
5396.9,0.3763
5397.8,0.37487
5398.7,0.37393
5399.6,0.37392
5400.5,0.37456
5401.4,0.37519
5402.3,0.37435
5403.2,0.3736
5404.1,0.37212
5405.0,0.37018
5405.9,0.36663
5406.8,0.36709
5407.7,0.36457
5408.6,0.36518
5409.5,0.36792
5410.4,0.37039
5411.3,0.37141
5412.2,0.37512
5413.1,0.3787
5414.0,0.38198
5414.9,0.38619
5415.81,0.38898
5416.71,0.3908
5417.61,0.392
5418.51,0.39424
5419.41,0.39499
5420.31,0.3936
5421.21,0.39346
5422.11,0.39205
5423.01,0.39332
5423.91,0.39052
5424.81,0.39005
5425.71,0.39118
5426.61,0.3882
5427.51,0.38673
5428.41,0.38674
5429.31,0.38293
5430.21,0.38235
5431.11,0.38033
5432.01,0.37699
5432.91,0.37688
5433.81,0.37747
5434.71,0.37648
5435.61,0.37767
5436.51,0.38019
5437.41,0.38347
5438.31,0.38615
5439.21,0.38973
5440.11,0.39538
5441.01,0.39544
5441.91,0.39825
5442.81,0.39898
5443.71,0.39475
5444.61,0.3928
5445.51,0.39088
5446.41,0.38792
5447.31,0.38504
5448.21,0.38258
5449.11,0.38129
5450.01,0.38082
5450.91,0.38113
5451.81,0.38391
5452.72,0.38346
5453.62,0.3825
5454.52,0.38246
5455.42,0.38202
5456.32,0.38155
5457.22,0.37978
5458.12,0.38047
5459.02,0.38207
5459.92,0.38151
5460.82,0.38409
5461.72,0.3848
5462.62,0.38305
5463.52,0.38469
5464.42,0.38271
5465.32,0.38324
5466.22,0.3853
5467.12,0.38479
5468.02,0.38387
5468.92,0.38701
5469.82,0.38446
5470.72,0.38383
5471.62,0.38454
5472.52,0.38294
5473.42,0.37806
5474.32,0.37738
5475.22,0.37544
5476.12,0.37324
5477.02,0.37023
5477.92,0.37058
5478.82,0.37006
5479.72,0.37
5480.62,0.37258
5481.52,0.37238
5482.42,0.37464
5483.32,0.37727
5484.22,0.37883
5485.12,0.38122
5486.02,0.38394
5486.92,0.3842
5487.82,0.38461
5488.72,0.3855
5489.62,0.38428
5490.53,0.38461
5491.43,0.3868
5492.33,0.3872
5493.23,0.3857
5494.13,0.3856
5495.03,0.38743
5495.93,0.38628
5496.83,0.38707
5497.73,0.38674
5498.63,0.38524
5499.53,0.38526
5500.43,0.38487
5501.33,0.38398
5502.23,0.3832
5503.13,0.38342
5504.03,0.38195
5504.93,0.38067
5505.83,0.37995
5506.73,0.3796
5507.63,0.37834
5508.53,0.38043
5509.43,0.37952
5510.33,0.37857
5511.23,0.37792
5512.13,0.37751
5513.03,0.37671
5513.93,0.37687
5514.83,0.37741
5515.73,0.37949
5516.63,0.38035
5517.53,0.38316
5518.43,0.38604
5519.33,0.38774
5520.23,0.3912
5521.13,0.39218
5522.03,0.39273
5522.93,0.39143
5523.83,0.39254
5524.73,0.39073
5525.63,0.388
5526.54,0.3861
5527.44,0.38371
5528.33,0.37979
5529.24,0.38157
5530.14,0.38135
5531.04,0.38136
5531.94,0.3834
5532.84,0.38296
5533.74,0.38313
5534.64,0.3847
5535.54,0.38565
5536.44,0.38732
5537.34,0.38693
5538.24,0.39005
5539.14,0.39153
5540.04,0.39102
5540.94,0.39238
5541.84,0.3925
5542.74,0.39285
5543.64,0.39359
5544.54,0.39397
5545.44,0.39353
5546.34,0.39327
5547.24,0.39311
5548.14,0.39391
5549.04,0.39321
5549.94,0.39715
5550.84,0.39632
5551.74,0.3969
5552.64,0.39539
5553.54,0.3945
5554.44,0.39374
5555.34,0.3932
5556.24,0.39215
5557.14,0.39249
5558.04,0.39185
5558.94,0.38923
5559.84,0.38811
5560.74,0.3883
5561.64,0.38578
5562.54,0.38602
5563.44,0.38431
5564.34,0.38249
5565.25,0.38432
5566.15,0.38154
5567.05,0.3813
5567.95,0.38141
5568.85,0.3803
5569.75,0.38018
5570.65,0.37995
5571.55,0.38179
5572.45,0.37989
5573.35,0.38188
5574.25,0.38152
5575.15,0.38488
5576.05,0.38416
5576.95,0.3858
5577.85,0.3877
5578.75,0.38696
5579.65,0.38625
5580.55,0.38807
5581.45,0.38872
5582.35,0.38679
5583.25,0.38627
5584.15,0.38221
5585.05,0.37936
5585.95,0.37719
5586.85,0.37431
5587.75,0.37014
5588.65,0.36928
5589.55,0.36689
5590.45,0.36476
5591.35,0.36685
5592.25,0.36661
5593.15,0.36828
5594.05,0.37093
5594.95,0.37003
5595.85,0.37167
5596.75,0.3733
5597.65,0.3747
5598.55,0.37335
5599.45,0.37477
5600.35,0.37443
5601.25,0.37381
5602.15,0.37408
5603.06,0.37325
5603.96,0.37527
5604.86,0.37874
5605.76,0.38241
5606.66,0.38513
5607.56,0.38825
5608.46,0.39109
5609.36,0.39357
5610.26,0.39518
5611.16,0.39373
5612.06,0.39062
5612.96,0.38903
5613.86,0.38811
5614.76,0.38343
5615.66,0.38227
5616.56,0.38068
5617.46,0.37899
5618.36,0.37764
5619.26,0.37845
5620.16,0.37825
5621.06,0.37795
5621.96,0.38035
5622.86,0.38048
5623.76,0.38063
5624.66,0.37996
5625.56,0.37892
5626.46,0.38127
5627.36,0.3812
5628.26,0.38421
5629.16,0.38464
5630.06,0.38603
5630.96,0.38738
5631.86,0.38715
5632.76,0.38876
5633.66,0.38873
5634.56,0.38916
5635.46,0.38834
5636.36,0.38677
5637.26,0.38368
5638.16,0.38352
5639.06,0.38192
5639.96,0.38178
5640.86,0.38026
5641.77,0.38036
5642.67,0.37965
5643.57,0.37932
5644.47,0.38015
5645.37,0.38211
5646.27,0.38357
5647.17,0.38527
5648.07,0.38335
5648.97,0.38417
5649.87,0.38697
5650.77,0.38511
5651.67,0.386
5652.57,0.38522
5653.47,0.38519
5654.37,0.38501
5655.27,0.38069
5656.17,0.37939
5657.07,0.37759
5657.97,0.37583
5658.87,0.37372
5659.77,0.37154
5660.67,0.37114
5661.57,0.37116
5662.47,0.37138
5663.37,0.37401
5664.27,0.37415
5665.17,0.37594
5666.07,0.37759
5666.97,0.37851
5667.87,0.3793
5668.77,0.38026
5669.67,0.3822
5670.57,0.38182
5671.47,0.38493
5672.37,0.3865
5673.27,0.38735
5674.17,0.38967
5675.07,0.38992
5675.97,0.39128
5676.88,0.39377
5677.77,0.39213
5678.68,0.39262
5679.58,0.39105
5680.48,0.38882
5681.38,0.38948
5682.28,0.38687
5683.18,0.38454
5684.08,0.38489
5684.98,0.38208
5685.88,0.38213
5686.78,0.38104
5687.68,0.38132
5688.58,0.38061
5689.48,0.38279
5690.38,0.382
5691.28,0.3841
5692.18,0.38534
5693.08,0.38841
5693.98,0.38895
5694.88,0.38729
5695.78,0.38827
5696.68,0.38923
5697.58,0.38673
5698.48,0.38602
5699.38,0.38337
5700.28,0.38353
5701.18,0.38315
5702.08,0.37983
5702.98,0.37975
5703.88,0.37847
5704.78,0.376
5705.68,0.37486
5706.58,0.37262
5707.48,0.372
5708.38,0.37009
5709.28,0.36841
5710.18,0.36767
5711.08,0.36815
5711.98,0.36884
5712.88,0.37019
5713.78,0.37284
5714.68,0.3754
5715.59,0.38102
5716.49,0.38177
5717.39,0.38341
5718.29,0.38726
5719.19,0.38899
5720.09,0.39158
5720.99,0.39367
5721.89,0.39562
5722.79,0.39467
5723.69,0.39285
5724.59,0.39571
5725.49,0.39502
5726.39,0.3938
5727.29,0.39381
5728.19,0.392
5729.09,0.39188
5729.99,0.39123
5730.89,0.39008
5731.79,0.39118
5732.69,0.39065
5733.59,0.39109
5734.49,0.3921
5735.39,0.39217
5736.29,0.39193
5737.19,0.39433
5738.09,0.39289
5738.99,0.393
5739.89,0.3933
5740.79,0.39314
5741.69,0.39291
5742.59,0.39284
5743.49,0.39334
5744.39,0.39343
5745.29,0.39447
5746.19,0.39287
5747.09,0.39539
5747.99,0.39318
5748.89,0.39269
5749.79,0.39111
5750.69,0.39025
5751.59,0.38894
5752.5,0.38793
5753.4,0.38821
5754.3,0.38586
5755.2,0.38445
5756.1,0.38746
5757.0,0.38656
5757.9,0.38722
5758.8,0.38822
5759.7,0.38867
5760.6,0.38853
5761.5,0.38902
5762.4,0.38776
5763.3,0.38868
5764.2,0.38754
5765.1,0.3882
5766.0,0.3901
5766.9,0.39217
5767.8,0.39225
5768.7,0.39281
5769.6,0.39324
5770.5,0.39641
5771.4,0.39519
5772.3,0.39302
5773.2,0.39462
5774.1,0.39256
5775.0,0.39085
5775.9,0.39019
5776.8,0.39189
5777.7,0.38984
5778.6,0.38679
5779.5,0.38613
5780.4,0.38461
5781.3,0.37939
5782.2,0.37669
5783.1,0.37702
5784.0,0.37424
5784.9,0.37501
5785.8,0.37321
5786.7,0.37556
5787.6,0.37872
5788.5,0.3787
5789.41,0.38271
5790.31,0.3816
5791.21,0.38431
5792.11,0.38517
5793.01,0.38657
5793.91,0.38747
5794.81,0.38799
5795.71,0.39019
5796.61,0.39117
5797.51,0.39261
5798.41,0.39339
5799.31,0.39391
5800.21,0.39471
5801.11,0.39465
5802.01,0.39577
5802.91,0.39535
5803.81,0.39675
5804.71,0.39645
5805.61,0.39697
5806.51,0.39278
5807.41,0.39584
5808.31,0.39651
5809.21,0.39385
5810.11,0.39432
5811.01,0.39458
5811.91,0.3941
5812.81,0.39328
5813.71,0.39331
5814.61,0.39452
5815.51,0.39347
5816.41,0.39309
5817.31,0.39473
5818.21,0.39475
5819.11,0.39598
5820.01,0.39418
5820.91,0.39563
5821.81,0.39628
5822.71,0.39683
5823.61,0.39821
5824.51,0.39918
5825.41,0.39989
5826.31,0.40025
5827.22,0.39883
5828.12,0.39906
5829.02,0.39937
5829.92,0.40185
5830.82,0.39873
5831.72,0.39916
5832.62,0.39889
5833.52,0.39869
5834.42,0.39837
5835.32,0.39825
5836.22,0.39875
5837.12,0.39784
5838.02,0.39874
5838.92,0.39815
5839.82,0.39752
5840.72,0.39693
5841.62,0.39774
5842.52,0.39869
5843.42,0.39824
5844.32,0.39748
5845.22,0.39868
5846.12,0.39662
5847.02,0.39412
5847.92,0.3938
5848.82,0.39372
5849.72,0.39272
5850.62,0.39056
5851.52,0.38882
5852.42,0.3868
5853.32,0.3838
5854.22,0.38019
5855.12,0.38034
5856.02,0.37856
5856.92,0.37557
5857.82,0.37636
5858.72,0.37589
5859.62,0.37624
5860.52,0.37555
5861.42,0.37715
5862.32,0.37852
5863.23,0.37885
5864.12,0.38105
5865.03,0.38355
5865.93,0.38226
5866.83,0.38465
5867.73,0.38495
5868.63,0.38546
5869.53,0.38582
5870.43,0.38836
5871.33,0.38686
5872.23,0.3891
5873.13,0.38967
5874.03,0.38795
5874.93,0.3896
5875.83,0.38825
5876.73,0.38841
5877.63,0.38706
5878.53,0.3869
5879.43,0.38566
5880.33,0.38295
5881.23,0.38113
5882.13,0.38086
5883.03,0.38062
5883.93,0.37797
5884.83,0.37368
5885.73,0.37072
5886.63,0.36765
5887.53,0.36218
5888.43,0.35502
5889.33,0.35066
5890.23,0.3437
5891.13,0.33905
5892.03,0.33647
5892.93,0.3345
5893.83,0.33139
5894.73,0.33379
5895.63,0.33472
5896.53,0.33696
5897.43,0.33852
5898.33,0.34388
5899.23,0.34705
5900.13,0.35319
5901.04,0.35563
5901.94,0.36193
5902.83,0.36614
5903.74,0.37077
5904.64,0.3721
5905.54,0.37532
5906.44,0.3785
5907.34,0.37818
5908.24,0.37784
5909.14,0.37867
5910.04,0.37976
5910.94,0.37904
5911.84,0.37908
5912.74,0.37894
5913.64,0.37818
5914.54,0.37631
5915.44,0.37553
5916.34,0.37463
5917.24,0.3749
5918.14,0.37551
5919.04,0.37436
5919.94,0.37667
5920.84,0.37829
5921.74,0.37979
5922.64,0.38012
5923.54,0.38022
5924.44,0.37944
5925.34,0.38044
5926.24,0.38085
5927.14,0.38013
5928.04,0.37977
5928.94,0.38098
5929.84,0.38028
5930.74,0.37918
5931.64,0.37826
5932.54,0.38094
5933.44,0.37965
5934.34,0.37902
5935.24,0.381
5936.14,0.38048
5937.04,0.37961
5937.94,0.38099
5938.85,0.38018
5939.75,0.38021
5940.65,0.38136
5941.55,0.38101
5942.45,0.38133
5943.35,0.38065
5944.25,0.38143
5945.15,0.38242
5946.05,0.38028
5946.95,0.3806
5947.85,0.37922
5948.75,0.38095
5949.65,0.37909
5950.55,0.37886
5951.45,0.37892
5952.35,0.37685
5953.25,0.3779
5954.15,0.37806
5955.05,0.3777
5955.95,0.37755
5956.85,0.37741
5957.75,0.3772
5958.65,0.3793
5959.55,0.38061
5960.45,0.3831
5961.35,0.38204
5962.25,0.3819
5963.15,0.38408
5964.05,0.3855
5964.95,0.38487
5965.85,0.38427
5966.75,0.38537
5967.65,0.38521
5968.55,0.38681
5969.45,0.38659
5970.35,0.38694
5971.25,0.38507
5972.15,0.38463
5973.05,0.38618
5973.95,0.38507
5974.85,0.38465
5975.75,0.38293
5976.65,0.38271
5977.56,0.38233
5978.46,0.38087
5979.36,0.3811
5980.26,0.38097
5981.16,0.37887
5982.06,0.38017
5982.96,0.37914
5983.86,0.37791
5984.76,0.37818
5985.66,0.37787
5986.56,0.37632
5987.46,0.37839
5988.36,0.37766
5989.26,0.38123
5990.16,0.37916
5991.06,0.38133
5991.96,0.3828
5992.86,0.38323
5993.76,0.3837
5994.66,0.38382
5995.56,0.38357
5996.46,0.38261
5997.36,0.38213
5998.26,0.38271
5999.16,0.38384
6000.06,0.38222
6000.96,0.38122
6001.86,0.38136
6002.76,0.37947
6003.66,0.37971
6004.56,0.3777
6005.46,0.37709
6006.36,0.37735
6007.26,0.37665
6008.16,0.37674
6009.06,0.37568
6009.96,0.37783
6010.86,0.37573
6011.76,0.37562
6012.67,0.37615
6013.56,0.37648
6014.47,0.37704
6015.37,0.37671
6016.27,0.3764
6017.17,0.37598
6018.07,0.3761
6018.97,0.37527
6019.87,0.37539
6020.77,0.37578
6021.67,0.37442
6022.57,0.37519
6023.47,0.37462
6024.37,0.37566
6025.27,0.37573
6026.17,0.37851
6027.07,0.37887
6027.97,0.37876
6028.87,0.38212
6029.77,0.38289
6030.67,0.3835
6031.57,0.385
6032.47,0.38453
6033.37,0.38621
6034.27,0.38804
6035.17,0.3884
6036.07,0.38816
6036.97,0.38707
6037.87,0.3879
6038.77,0.3872
6039.67,0.38812
6040.57,0.38801
6041.47,0.38862
6042.37,0.38864
6043.27,0.38871
6044.17,0.38978
6045.07,0.38774
6045.97,0.38935
6046.87,0.38975
6047.77,0.39162
6048.67,0.39137
6049.57,0.39177
6050.47,0.39039
6051.38,0.39093
6052.28,0.38955
6053.18,0.38806
6054.08,0.38743
6054.98,0.38858
6055.88,0.387
6056.78,0.38452
6057.68,0.38843
6058.58,0.3844
6059.48,0.38622
6060.38,0.38494
6061.28,0.38439
6062.18,0.3841
6063.08,0.38444
6063.98,0.38356
6064.88,0.38308
6065.78,0.38257
6066.68,0.38322
6067.58,0.38304
6068.48,0.38596
6069.38,0.38582
6070.28,0.38766
6071.18,0.38811
6072.08,0.38985
6072.98,0.39179
6073.88,0.3913
6074.78,0.39115
6075.68,0.39117
6076.58,0.38856
6077.48,0.38874
6078.38,0.38729
6079.28,0.38635
6080.18,0.38445
6081.08,0.38248
6081.98,0.38062
6082.88,0.38158
6083.78,0.3789
6084.68,0.3812
6085.58,0.3789
6086.48,0.37931
6087.38,0.37934
6088.28,0.38002
6089.19,0.3806
6090.09,0.38018
6090.99,0.37954
6091.89,0.37884
6092.79,0.38135
6093.69,0.38087
6094.59,0.38168
6095.49,0.38257
6096.39,0.38065
6097.29,0.38177
6098.19,0.38288
6099.09,0.38237
6099.99,0.38096
6100.89,0.37941
6101.79,0.37788
6102.69,0.37767
6103.59,0.37679
6104.49,0.37658
6105.39,0.37545
6106.29,0.37559
6107.19,0.37553
6108.09,0.37782
6108.99,0.37959
6109.89,0.38281
6110.79,0.38226
6111.69,0.38201
6112.59,0.38275
6113.49,0.38296
6114.39,0.38537
6115.29,0.38443
6116.19,0.384
6117.09,0.38337
6117.99,0.38312
6118.89,0.38294
6119.79,0.37952
6120.69,0.37788
6121.59,0.37865
6122.49,0.37765
6123.39,0.37508
6124.29,0.37598
6125.19,0.37505
6126.1,0.37574
6127.0,0.37658
6127.9,0.37737
6128.8,0.37796
6129.7,0.37652
6130.6,0.37898
6131.5,0.37849
6132.4,0.37762
6133.3,0.37712
6134.2,0.37574
6135.1,0.37357
6136.0,0.37067
6136.9,0.36973
6137.8,0.36898
6138.7,0.3664
6139.6,0.36705
6140.5,0.36606
6141.4,0.36625
6142.3,0.37068
6143.2,0.37178
6144.1,0.3737
6145.0,0.37605
6145.9,0.37737
6146.8,0.37815
6147.7,0.37764
6148.6,0.37771
6149.5,0.37689
6150.4,0.37749
6151.3,0.37799
6152.2,0.37609
6153.1,0.37784
6154.0,0.37647
6154.9,0.37521
6155.8,0.37482
6156.7,0.3716
6157.6,0.36873
6158.5,0.36931
6159.4,0.3663
6160.3,0.36301
6161.2,0.35994
6162.1,0.35767
6163.01,0.35526
6163.91,0.35204
6164.81,0.35159
6165.71,0.35108
6166.61,0.35001
6167.51,0.35283
6168.41,0.35126
6169.31,0.35213
6170.21,0.35287
6171.11,0.3555
6172.01,0.35669
6172.91,0.35668
6173.81,0.35773
6174.71,0.36005
6175.61,0.36106
6176.51,0.36332
6177.41,0.36509
6178.31,0.36505
6179.21,0.36665
6180.11,0.36837
6181.01,0.36824
6181.91,0.3695
6182.81,0.36908
6183.71,0.37106
6184.61,0.37127
6185.51,0.36699
6186.41,0.36839
6187.31,0.36582
6188.21,0.36424
6189.11,0.36238
6190.01,0.36137
6190.91,0.36035
6191.81,0.3586
6192.71,0.3602
6193.61,0.36051
6194.51,0.35974
6195.41,0.36182
6196.31,0.36347
6197.21,0.36323
6198.11,0.36628
6199.01,0.36573
6199.92,0.36727
6200.82,0.36682
6201.72,0.36692
6202.62,0.3671
6203.52,0.36888
6204.42,0.36883
6205.32,0.37093
6206.22,0.37191
6207.12,0.37326
6208.02,0.37129
6208.92,0.37099
6209.82,0.3695
6210.72,0.36973
6211.62,0.3687
6212.52,0.36647
6213.42,0.3639
6214.32,0.3618
6215.22,0.36043
6216.12,0.35833
6217.02,0.3568
6217.92,0.35763
6218.82,0.35464
6219.72,0.35407
6220.62,0.35695
6221.52,0.35594
6222.42,0.35608
6223.32,0.35654
6224.22,0.35798
6225.12,0.3569
6226.02,0.3585
6226.92,0.35641
6227.82,0.35564
6228.72,0.35516
6229.62,0.35402
6230.52,0.35466
6231.42,0.35375
6232.32,0.35368
6233.22,0.3535
6234.12,0.35496
6235.02,0.35494
6235.92,0.35544
6236.83,0.35702
6237.73,0.35897
6238.63,0.35657
6239.53,0.35734
6240.43,0.35548
6241.33,0.35707
6242.23,0.35431
6243.13,0.35236
6244.03,0.35218
6244.93,0.35183
6245.83,0.35196
6246.73,0.35109
6247.63,0.35258
6248.53,0.35162
6249.43,0.35352
6250.33,0.35313
6251.23,0.35241
6252.13,0.35082
6253.03,0.35092
6253.93,0.3499
6254.83,0.34864
6255.73,0.34735
6256.63,0.34585
6257.53,0.34587
6258.43,0.3454
6259.33,0.34719
6260.23,0.34551
6261.13,0.34834
6262.03,0.34959
6262.93,0.35219
6263.83,0.35295
6264.73,0.35568
6265.63,0.35783
6266.53,0.35832
6267.43,0.36097
6268.33,0.36096
6269.23,0.36129
6270.13,0.36096
6271.03,0.36249
6271.93,0.36206
6272.83,0.3626
6273.73,0.36355
6274.64,0.36359
6275.54,0.36342
6276.44,0.36308
6277.34,0.36539
6278.24,0.36312
6279.14,0.36384
6280.04,0.36319
6280.94,0.36121
6281.84,0.36134
6282.74,0.36268
6283.64,0.36404
6284.54,0.36326
6285.44,0.36375
6286.34,0.36564
6287.24,0.36648
6288.14,0.36733
6289.04,0.36885
6289.94,0.36923
6290.84,0.36917
6291.74,0.36759
6292.64,0.36742
6293.54,0.36616
6294.44,0.36427
6295.34,0.3658
6296.24,0.36358
6297.14,0.36272
6298.04,0.361
6298.94,0.35895
6299.84,0.35954
6300.74,0.35802
6301.64,0.35769
6302.54,0.35937
6303.44,0.3594
6304.34,0.35893
6305.24,0.36155
6306.14,0.36261
6307.04,0.36299
6307.94,0.36315
6308.84,0.36512
6309.74,0.36603
6310.64,0.36552
6311.54,0.36507
6312.45,0.3647
6313.35,0.36314
6314.25,0.36332
6315.15,0.36142
6316.05,0.3605
6316.95,0.3603
6317.85,0.3595
6318.75,0.35849
6319.65,0.35864
6320.55,0.35899
6321.45,0.36042
6322.35,0.36096
6323.25,0.36304
6324.15,0.36354
6325.05,0.36434
6325.95,0.36624
6326.85,0.36713
6327.75,0.36829
6328.65,0.36727
6329.55,0.36837
6330.45,0.36987
6331.35,0.36835
6332.25,0.36824
6333.15,0.36868
6334.05,0.36762
6334.95,0.36609
6335.85,0.36651
6336.75,0.36468
6337.65,0.3658
6338.55,0.36481
6339.45,0.36489
6340.35,0.36376
6341.25,0.36502
6342.15,0.36543
6343.05,0.36363
6343.95,0.36692
6344.85,0.36608
6345.75,0.36557
6346.65,0.36586
6347.55,0.36571
6348.46,0.36728
6349.35,0.36837
6350.26,0.36754
6351.16,0.36775
6352.06,0.36729
6352.96,0.36776
6353.86,0.36611
6354.76,0.36553
6355.66,0.364
6356.56,0.36193
6357.46,0.36279
6358.36,0.36033
6359.26,0.35767
6360.16,0.35621
6361.06,0.35492
6361.96,0.35663
6362.86,0.35485
6363.76,0.35644
6364.66,0.35559
6365.56,0.35883
6366.46,0.35843
6367.36,0.3614
6368.26,0.36305
6369.16,0.36392
6370.06,0.36626
6370.96,0.36811
6371.86,0.37022
6372.76,0.3708
6373.66,0.37067
6374.56,0.37097
6375.46,0.37072
6376.36,0.37231
6377.26,0.37123
6378.16,0.37101
6379.06,0.36912
6379.96,0.37055
6380.86,0.37053
6381.76,0.36965
6382.66,0.37011
6383.56,0.36927
6384.46,0.37075
6385.36,0.37036
6386.27,0.36811
6387.17,0.37022
6388.07,0.36929
6388.97,0.36963
6389.87,0.36892
6390.77,0.36818
6391.67,0.3671
6392.57,0.36719
6393.47,0.36415
6394.37,0.36372
6395.27,0.36408
6396.17,0.36457
6397.07,0.36376
6397.97,0.36479
6398.87,0.36404
6399.77,0.36406
6400.67,0.36466
6401.57,0.36417
6402.47,0.36389
6403.37,0.36463
6404.27,0.36576
6405.17,0.36576
6406.07,0.36702
6406.97,0.36652
6407.87,0.36877
6408.77,0.36616
6409.67,0.36585
6410.57,0.36696
6411.47,0.36697
6412.37,0.36741
6413.27,0.36516
6414.17,0.36624
6415.07,0.36584
6415.97,0.36508
6416.87,0.36579
6417.77,0.36517
6418.67,0.36496
6419.57,0.36538
6420.47,0.36583
6421.37,0.36442
6422.27,0.36754
6423.17,0.36628
6424.08,0.36683
6424.98,0.36772
6425.88,0.36752
6426.78,0.36959
6427.68,0.36949
6428.58,0.36905
6429.48,0.36916
6430.38,0.36783
6431.28,0.36857
6432.18,0.36768
6433.08,0.36819
6433.98,0.36735
6434.88,0.36839
6435.78,0.36884
6436.68,0.36861
6437.58,0.36892
6438.48,0.36843
6439.38,0.36896
6440.28,0.37104
6441.18,0.37034
6442.08,0.37097
6442.98,0.37171
6443.88,0.37309
6444.78,0.37355
6445.68,0.37321
6446.58,0.37166
6447.48,0.37236
6448.38,0.37136
6449.28,0.36839
6450.18,0.36719
6451.08,0.36563
6451.98,0.36422
6452.88,0.36494
6453.78,0.3657
6454.68,0.36358
6455.58,0.36614
6456.48,0.36564
6457.38,0.36663
6458.28,0.36873
6459.18,0.3681
6460.08,0.36856
6460.98,0.36607
6461.89,0.36744
6462.79,0.36713
6463.69,0.36797
6464.59,0.36515
6465.49,0.36634
6466.39,0.36765
6467.29,0.36842
6468.19,0.3687
6469.09,0.36846
6469.99,0.36962
6470.89,0.36932
6471.79,0.36924
6472.69,0.36848
6473.59,0.36979
6474.49,0.36823
6475.39,0.36689
6476.29,0.36649
6477.19,0.36532
6478.09,0.36568
6478.99,0.36541
6479.89,0.36477
6480.79,0.36363
6481.69,0.36349
6482.59,0.36235
6483.49,0.36194
6484.39,0.36186
6485.29,0.36143
6486.19,0.36351
6487.09,0.36089
6487.99,0.35983
6488.89,0.36166
6489.79,0.35913
6490.69,0.35701
6491.59,0.35406
6492.49,0.35235
6493.39,0.34886
6494.29,0.3453
6495.19,0.34362
6496.09,0.34155
6496.99,0.3384
6497.9,0.3368
6498.79,0.33718
6499.7,0.34095
6500.6,0.34149
6501.5,0.34268
6502.4,0.34607
6503.3,0.34966
6504.2,0.35228
6505.1,0.35579
6506.0,0.35691
6506.9,0.35988
6507.8,0.36224
6508.7,0.36121
6509.6,0.36181
6510.5,0.36293
6511.4,0.36211
6512.3,0.36242
6513.2,0.36025
6514.1,0.3619
6515.0,0.36053
6515.9,0.36063
6516.8,0.36012
6517.7,0.3603
6518.6,0.35939
6519.5,0.35885
6520.4,0.35888
6521.3,0.3601
6522.2,0.35988
6523.1,0.36026
6524.0,0.3613
6524.9,0.35926
6525.8,0.3621
6526.7,0.36181
6527.6,0.36073
6528.5,0.36182
6529.4,0.36126
6530.3,0.36217
6531.2,0.36136
6532.1,0.36203
6533.0,0.36113
6533.9,0.36366
6534.8,0.36272
6535.71,0.36239
6536.61,0.36204
6537.51,0.36221
6538.41,0.36394
6539.31,0.36291
6540.21,0.36077
6541.11,0.36139
6542.01,0.36041
6542.91,0.36056
6543.81,0.35895
6544.71,0.35833
6545.61,0.35705
6546.51,0.35523
6547.41,0.35435
6548.31,0.35267
6549.21,0.3511
6550.11,0.35105
6551.01,0.34966
6551.91,0.34897
6552.81,0.34737
6553.71,0.34464
6554.61,0.3434
6555.51,0.34017
6556.41,0.33737
6557.31,0.33312
6558.21,0.32821
6559.11,0.32326
6560.01,0.31806
6560.91,0.31066
6561.81,0.30575
6562.71,0.30078
6563.61,0.298
6564.51,0.2965
6565.41,0.29849
6566.31,0.30059
6567.21,0.30469
6568.11,0.30957
6569.01,0.31514
6569.91,0.32111
6570.81,0.3267
6571.71,0.3298
6572.61,0.33423
6573.52,0.33626
6574.42,0.33968
6575.32,0.34092
6576.22,0.34281
6577.12,0.34558
6578.02,0.34657
6578.92,0.3485
6579.82,0.3493
6580.72,0.3502
6581.62,0.35233
6582.52,0.35281
6583.42,0.35384
6584.32,0.35435
6585.22,0.3543
6586.12,0.35575
6587.02,0.35472
6587.92,0.35421
6588.82,0.35439
6589.72,0.35441
6590.62,0.35468
6591.52,0.35335
6592.42,0.3521
6593.32,0.35238
6594.22,0.35093
6595.12,0.3506
6596.02,0.34904
6596.92,0.35129
6597.82,0.35037
6598.72,0.35178
6599.62,0.35275
6600.52,0.35454
6601.42,0.35426
6602.32,0.35294
6603.22,0.35353
6604.12,0.3558
6605.02,0.35636
6605.92,0.35539
6606.82,0.35448
6607.72,0.35413
6608.62,0.35412
6609.52,0.35392
6610.43,0.35394
6611.33,0.35482
6612.23,0.35485
6613.13,0.35438
6614.03,0.35497
6614.93,0.35693
6615.83,0.3569
6616.73,0.35767
6617.63,0.35848
6618.53,0.35885
6619.43,0.35938
6620.33,0.35949
6621.23,0.36046
6622.13,0.3594
6623.03,0.35721
6623.93,0.35845
6624.83,0.35856
6625.73,0.35639
6626.63,0.35649
6627.53,0.35614
6628.43,0.3552
6629.33,0.35504
6630.23,0.35518
6631.13,0.35479
6632.03,0.35205
6632.93,0.35347
6633.83,0.35234
6634.73,0.35128
6635.63,0.35262
6636.53,0.3532
6637.43,0.35244
6638.33,0.35261
6639.23,0.35197
6640.13,0.35328
6641.03,0.35329
6641.93,0.35405
6642.83,0.3529
6643.73,0.35238
6644.63,0.35301
6645.53,0.35246
6646.43,0.35335
6647.34,0.35364
6648.24,0.3536
6649.14,0.35346
6650.04,0.35417
6650.94,0.35514
6651.84,0.35193
6652.74,0.3537
6653.64,0.35477
6654.54,0.35465
6655.44,0.35457
6656.34,0.35432
6657.24,0.3541
6658.14,0.35346
6659.04,0.3528
6659.94,0.35119
6660.84,0.35182
6661.74,0.35003
6662.64,0.35084
6663.54,0.3497
6664.44,0.34947
6665.34,0.34769
6666.24,0.34802
6667.14,0.34964
6668.04,0.35002
6668.94,0.35056
6669.84,0.35112
6670.74,0.35208
6671.64,0.35284
6672.54,0.35167
6673.44,0.35273
6674.34,0.35265
6675.24,0.35094
6676.14,0.35152
6677.04,0.34998
6677.94,0.34988
6678.84,0.34636
6679.74,0.34754
6680.64,0.3458
6681.54,0.34713
6682.44,0.348
6683.34,0.34802
6684.24,0.34915
6685.15,0.34967
6686.05,0.34988
6686.95,0.35097
6687.85,0.35039
6688.75,0.34995
6689.65,0.35164
6690.55,0.35243
6691.45,0.34868
6692.35,0.35123
6693.25,0.35095
6694.15,0.3504
6695.05,0.35004
6695.95,0.35024
6696.85,0.34975
6697.75,0.34905
6698.65,0.34759
6699.55,0.34777
6700.45,0.34966
6701.35,0.34891
6702.25,0.3506
6703.15,0.34856
6704.05,0.34972
6704.95,0.34874
6705.85,0.34881
6706.75,0.34753
6707.65,0.3482
6708.55,0.3492
6709.45,0.3485
6710.35,0.3482
6711.25,0.34731
6712.15,0.34657
6713.05,0.34603
6713.95,0.34404
6714.85,0.3458
6715.75,0.34342
6716.65,0.34087
6717.55,0.34076
6718.45,0.34151
6719.35,0.34101
6720.25,0.34087
6721.16,0.34027
6722.06,0.34189
6722.96,0.34071
6723.86,0.34335
6724.76,0.34416
6725.66,0.34447
6726.56,0.34547
6727.46,0.34521
6728.36,0.34701
6729.26,0.34736
6730.16,0.34747
6731.06,0.34666
6731.96,0.34664
6732.86,0.34789
6733.76,0.34869
6734.66,0.34728
6735.56,0.34677
6736.46,0.34861
6737.36,0.34743
6738.26,0.3466
6739.16,0.34595
6740.06,0.34553
6740.96,0.34531
6741.86,0.34419
6742.76,0.34407
6743.66,0.34393
6744.56,0.34377
6745.46,0.34295
6746.36,0.34294
6747.26,0.34346
6748.16,0.34282
6749.06,0.34275
6749.96,0.34295
6750.86,0.34239
6751.76,0.3417
6752.66,0.34179
6753.56,0.34255
6754.46,0.34321
6755.36,0.34401
6756.26,0.34408
6757.16,0.34468
6758.06,0.34658
6758.97,0.34641
6759.87,0.34712
6760.77,0.34763
6761.67,0.34828
6762.57,0.34908
6763.47,0.34913
6764.37,0.34775
6765.27,0.34755
6766.17,0.34599
6767.07,0.34645
6767.97,0.34632
6768.87,0.3456
6769.77,0.3454
6770.67,0.34595
6771.57,0.34546
6772.47,0.34567
6773.37,0.34719
6774.27,0.34699
6775.17,0.34754
6776.07,0.34766
6776.97,0.34802
6777.87,0.34877
6778.77,0.34932
6779.67,0.34923
6780.57,0.34864
6781.47,0.34772
6782.37,0.34643
6783.27,0.34638
6784.17,0.3461
6785.07,0.34577
6785.97,0.34473
6786.87,0.34375
6787.77,0.34279
6788.67,0.34326
6789.57,0.3445
6790.47,0.34408
6791.37,0.34432
6792.27,0.3434
6793.17,0.34466
6794.07,0.3452
6794.97,0.34506
6795.88,0.34473
6796.78,0.34571
6797.68,0.34537
6798.58,0.34491
6799.48,0.34599
6800.38,0.34588
6801.28,0.34793
6802.18,0.3474
6803.08,0.34814
6803.98,0.34733
6804.88,0.34682
6805.78,0.34528
6806.68,0.34649
6807.58,0.34662
6808.48,0.34609
6809.38,0.34588
6810.28,0.34669
6811.18,0.34639
6812.08,0.34647
6812.98,0.34616
6813.88,0.34519
6814.78,0.34488
6815.68,0.34548
6816.58,0.34525
6817.48,0.34407
6818.38,0.34715
6819.28,0.34601
6820.18,0.34703
6821.08,0.34765
6821.98,0.34781
6822.88,0.34751
6823.78,0.34715
6824.68,0.34857
6825.58,0.34895
6826.48,0.34749
6827.38,0.34816
6828.28,0.34804
6829.18,0.34648
6830.08,0.34739
6830.98,0.34802
6831.88,0.34821
6832.79,0.34738
6833.69,0.34719
6834.59,0.34717
6835.49,0.34862
6836.39,0.34734
6837.29,0.34562
6838.19,0.34593
6839.09,0.34442
6839.99,0.34366
6840.89,0.34401
6841.79,0.34135
6842.69,0.34197
6843.59,0.34149
6844.49,0.34177
6845.39,0.3424
6846.29,0.34397
6847.19,0.34384
6848.09,0.34473
6848.99,0.34437
6849.89,0.34442
6850.79,0.34638
6851.69,0.34552
6852.59,0.34478
6853.49,0.34489
6854.39,0.34463
6855.29,0.34387
6856.19,0.34301
6857.09,0.34348
6857.99,0.34187
6858.89,0.3416
6859.79,0.34091
6860.69,0.34084
6861.59,0.34324
6862.49,0.3432
6863.39,0.34167
6864.29,0.34245
6865.19,0.34196
6866.09,0.34219
6866.99,0.34164
6867.89,0.34289
6868.79,0.34301
6869.7,0.34262
6870.6,0.34341
6871.5,0.34237
6872.4,0.34363
6873.3,0.34276
6874.2,0.3447
6875.1,0.34379
6876.0,0.34351
6876.9,0.34479
6877.8,0.345
6878.7,0.34404
6879.6,0.34553
6880.5,0.34547
6881.4,0.34426
6882.3,0.34427
6883.2,0.34593
6884.1,0.34492
6885.0,0.34576
6885.9,0.34511
6886.8,0.34598
6887.7,0.34671
6888.6,0.34746
6889.5,0.34595
6890.4,0.34782
6891.3,0.3488
6892.2,0.34886
6893.1,0.34793
6894.0,0.34915
6894.9,0.34873
6895.8,0.34781
6896.7,0.35059
6897.6,0.34942
6898.5,0.34944
6899.4,0.34886
6900.3,0.34985
6901.2,0.34954
6902.1,0.35004
6903.0,0.34984
6903.9,0.34996
6904.8,0.35051
6905.7,0.35213
6906.6,0.35129
6907.51,0.35123
6908.41,0.35067
6909.31,0.35201
6910.21,0.3514
6911.11,0.35151
6912.01,0.34972
6912.91,0.34974
6913.81,0.34866
6914.71,0.34828
6915.61,0.34798
6916.51,0.34752
6917.41,0.34794
6918.31,0.34548
6919.21,0.34699
6920.11,0.34588
6921.01,0.34713
6921.91,0.34861
6922.81,0.34785
6923.71,0.34741
6924.61,0.34741
6925.51,0.34681
6926.41,0.34857
6927.31,0.34936
6928.21,0.34729
6929.11,0.3468
6930.01,0.34884
6930.91,0.34827
6931.81,0.34861
6932.71,0.3496
6933.61,0.34838
6934.51,0.34862
6935.41,0.34872
6936.31,0.34868
6937.21,0.34983
6938.11,0.34804
6939.01,0.35027
6939.91,0.34827
6940.81,0.34843
6941.71,0.34977
6942.61,0.34814
6943.52,0.34755
6944.42,0.34827
6945.31,0.34675
6946.22,0.34654
6947.12,0.34564
6948.02,0.34677
6948.92,0.34688
6949.82,0.34791
6950.72,0.34661
6951.62,0.34589
6952.52,0.34575
6953.42,0.34735
6954.32,0.3461
6955.22,0.34729
6956.12,0.34771
6957.02,0.34865
6957.92,0.34761
6958.82,0.34991
6959.72,0.3494
6960.62,0.34967
6961.52,0.35114
6962.42,0.35175
6963.32,0.35093
6964.22,0.3498
6965.12,0.35163
6966.02,0.35217
6966.92,0.35185
6967.82,0.35222
6968.72,0.35121
6969.62,0.35075
6970.52,0.35181
6971.42,0.35089
6972.32,0.34941
6973.22,0.35112
6974.12,0.35004
6975.02,0.3471
6975.92,0.34622
6976.82,0.34574
6977.72,0.3446
6978.62,0.34379
6979.52,0.34381
6980.42,0.34378
6981.33,0.34293
6982.23,0.3451
6983.12,0.34592
6984.03,0.34571
6984.93,0.34714
6985.83,0.34793
6986.73,0.3495
6987.63,0.34954
6988.53,0.35051
6989.43,0.35047
6990.33,0.35111
6991.23,0.35144
6992.13,0.35059
6993.03,0.35166
6993.93,0.35085
6994.83,0.34896
6995.73,0.35062
6996.63,0.35042
6997.53,0.34976
6998.43,0.34998
6999.33,0.35018
7000.23,0.34963
7001.13,0.34897
7002.03,0.34879
7002.93,0.34803
7003.83,0.34788
7004.73,0.34598
7005.63,0.34795
7006.53,0.34833
7007.43,0.34806
7008.33,0.34788
7009.23,0.3473
7010.13,0.34831
7011.03,0.34716
7011.93,0.34699
7012.83,0.348
7013.73,0.34718
7014.63,0.3462
7015.53,0.34344
7016.43,0.34572
7017.33,0.34404
7018.23,0.34528
7019.14,0.34462
7020.04,0.34666
7020.94,0.34637
7021.84,0.34625
7022.74,0.34611
7023.64,0.34521
7024.54,0.34556
7025.44,0.34679
7026.34,0.34807
7027.24,0.34664
7028.14,0.34588
7029.04,0.34785
7029.94,0.34759
7030.84,0.34805
7031.74,0.34809
7032.64,0.34731
7033.54,0.34892
7034.44,0.34885
7035.34,0.34811
7036.24,0.34816
7037.14,0.34884
7038.04,0.35049
7038.94,0.34963
7039.84,0.35065
7040.74,0.35195
7041.64,0.35085
7042.54,0.3517
7043.44,0.35485
7044.34,0.35471
7045.24,0.35661
7046.14,0.35522
7047.04,0.35624
7047.94,0.35476
7048.84,0.35473
7049.74,0.35486
7050.64,0.35397
7051.54,0.35212
7052.44,0.35116
7053.34,0.34906
7054.25,0.34634
7055.15,0.34632
7056.04,0.34362
7056.95,0.34191
7057.85,0.34006
7058.75,0.33995
7059.65,0.33917
7060.55,0.33926
7061.45,0.33877
7062.35,0.33832
7063.25,0.33671
7064.15,0.3367
7065.05,0.337
7065.95,0.33543
7066.85,0.33674
7067.75,0.33601
7068.65,0.33656
7069.55,0.33675
7070.45,0.33817
7071.35,0.33775
7072.25,0.33801
7073.15,0.33991
7074.05,0.33978
7074.95,0.34136
7075.85,0.34144
7076.75,0.34159
7077.65,0.33986
7078.55,0.34095
7079.45,0.34197
7080.35,0.34
7081.25,0.33898
7082.15,0.33935
7083.05,0.33798
7083.95,0.33751
7084.85,0.3339
7085.75,0.33366
7086.65,0.33134
7087.55,0.32986
7088.45,0.32804
7089.35,0.32693
7090.25,0.32759
7091.15,0.32404
7092.06,0.32306
7092.96,0.32384
7093.85,0.3241
7094.76,0.32345
7095.66,0.32335
7096.56,0.32399
7097.46,0.32491
7098.36,0.32523
7099.26,0.32602
7100.16,0.3265
7101.06,0.32739
7101.96,0.32769
7102.86,0.32921
7103.76,0.32758
7104.66,0.32937
7105.56,0.32945
7106.46,0.33077
7107.36,0.33008
7108.26,0.32933
7109.16,0.33027
7110.06,0.33006
7110.96,0.33
7111.86,0.32968
7112.76,0.33004
7113.66,0.33079
7114.56,0.33069
7115.46,0.33052
7116.36,0.33132
7117.26,0.3318
7118.16,0.33175
7119.06,0.33143
7119.96,0.33048
7120.86,0.33204
7121.76,0.33119
7122.66,0.3308
7123.56,0.33133
7124.46,0.32841
7125.36,0.32868
7126.26,0.32737
7127.16,0.3277
7127.27,0.32623
7128.17,0.3246
7129.07,0.32542
7129.96,0.3236
7130.86,0.32303
7131.75,0.32492
7132.65,0.32445
7133.55,0.32288
7134.44,0.32611
7135.34,0.32452
7136.23,0.32556
7137.13,0.32602
7138.03,0.32546
7138.92,0.3272
7139.82,0.32747
7140.71,0.32663
7141.61,0.32713
7142.5,0.32761
7143.4,0.32694
7144.3,0.32623
7145.19,0.32675
7146.09,0.32517
7146.98,0.32436
7147.88,0.32709
7148.78,0.32677
7149.67,0.32693
7150.57,0.32727
7151.46,0.32742
7152.36,0.3266
7153.26,0.32901
7154.15,0.32902
7155.05,0.32876
7155.94,0.32846
7156.84,0.3303
7157.74,0.32999
7158.63,0.33129
7159.53,0.32878
7160.42,0.33053
7161.32,0.33053
7162.21,0.32837
7163.11,0.32875
7164.01,0.32873
7164.9,0.32917
7165.8,0.32926
7166.69,0.32897
7167.59,0.32887
7168.49,0.33045
7169.38,0.33101
7170.28,0.3297
7171.17,0.33211
7172.07,0.33212
7172.96,0.33285
7173.86,0.3334
7174.76,0.3333
7175.65,0.3335
7176.55,0.3336
7177.44,0.33259
7178.34,0.33235
7179.24,0.33232
7180.13,0.33137
7181.03,0.33068
7181.92,0.33059
7182.82,0.32922
7183.72,0.32898
7184.61,0.32899
7185.51,0.3287
7186.4,0.32683
7187.3,0.328
7188.19,0.32725
7189.09,0.3281
7189.99,0.32703
7190.88,0.32783
7191.78,0.32782
7192.67,0.32841
7193.57,0.32909
7194.47,0.32832
7195.36,0.32827
7196.26,0.32888
7197.15,0.33019
7198.05,0.33016
7198.95,0.32881
7199.84,0.32898
7200.74,0.32952
7201.63,0.33082
7202.53,0.32892
7203.43,0.3297
7204.32,0.32827
7205.22,0.32837
7206.11,0.32772
7207.01,0.32953
7207.9,0.32604
7208.8,0.32904
7209.7,0.32878
7210.59,0.32878
7211.49,0.32886
7212.38,0.3295
7213.28,0.3307
7214.18,0.33038
7215.07,0.33144
7215.97,0.33178
7216.86,0.33353
7217.76,0.33392
7218.66,0.33312
7219.55,0.33341
7220.45,0.33345
7221.34,0.33503
7222.24,0.33519
7223.13,0.33482
7224.03,0.33406
7224.93,0.33689
7225.82,0.33579
7226.72,0.33693
7227.61,0.33865
7228.51,0.33922
7229.41,0.33882
7230.3,0.33951
7231.2,0.34043
7232.09,0.3418
7232.99,0.33946
7233.89,0.34049
7234.78,0.34003
7235.68,0.3396
7236.57,0.34115
7237.47,0.3401
7238.36,0.3392
7239.26,0.34031
7240.16,0.34039
7241.05,0.33948
7241.95,0.33917
7242.84,0.33999
7243.74,0.33883
7244.64,0.33863
7245.53,0.3384
7246.43,0.33863
7247.32,0.33933
7248.22,0.33873
7249.12,0.33808
7250.01,0.33808
7250.91,0.33968
7251.8,0.34052
7252.7,0.33956
7253.6,0.33874
7254.49,0.33838
7255.39,0.33946
7256.28,0.34151
7257.18,0.34057
7258.07,0.34009
7258.97,0.34027
7259.87,0.34153
7260.76,0.33999
7261.66,0.33961
7262.55,0.33889
7263.45,0.33986
7264.35,0.33977
7265.24,0.343
7266.14,0.34139
7267.03,0.34182
7267.93,0.34149
7268.83,0.34179
7269.72,0.34342
7270.62,0.34318
7271.51,0.34216
7272.41,0.34279
7273.3,0.34324
7274.2,0.34273
7275.1,0.34212
7275.99,0.34186
7276.89,0.34302
7277.78,0.34118
7278.68,0.34099
7279.58,0.34087
7280.47,0.34122
7281.37,0.33941
7282.26,0.33967
7283.16,0.33831
7284.06,0.33821
7284.95,0.33807
7285.85,0.33627
7286.74,0.33503
7287.64,0.3354
7288.53,0.33659
7289.43,0.33473
7290.33,0.33629
7291.22,0.33534
7292.12,0.33436
7293.01,0.33579
7293.91,0.33574
7294.81,0.33777
7295.7,0.33847
7296.6,0.33957
7297.49,0.33936
7298.39,0.34117
7299.29,0.3411
7300.18,0.34121
7301.08,0.34127
7301.97,0.34151
7302.87,0.34467
7303.76,0.34352
7304.66,0.34293
7305.56,0.34367
7306.45,0.34204
7307.35,0.34214
7308.24,0.3427
7309.14,0.34122
7310.04,0.34085
7310.93,0.342
7311.83,0.34142
7312.72,0.34245
7313.62,0.34277
7314.52,0.34213
7315.41,0.34238
7316.31,0.34128
7317.2,0.34361
7318.1,0.34336
7318.99,0.34235
7319.89,0.34216
7320.79,0.34243
7321.68,0.34206
7322.58,0.34151
7323.47,0.34015
7324.37,0.34217
7325.27,0.3401
7326.16,0.34209
7327.06,0.34061
7327.95,0.34256
7328.85,0.3422
7329.75,0.3416
7330.64,0.3426
7331.54,0.34389
7332.43,0.34355
7333.33,0.34487
7334.22,0.34455
7335.12,0.34555
7336.02,0.34577
7336.91,0.34644
7337.81,0.34764
7338.7,0.34729
7339.6,0.34808
7340.5,0.34769
7341.39,0.34676
7342.29,0.34667
7343.18,0.34657
7344.08,0.34626
7344.98,0.34705
7345.87,0.34472
7346.77,0.3452
7347.66,0.34586
7348.56,0.34496
7349.45,0.3457
7350.35,0.34302
7351.25,0.34282
7352.14,0.34392
7353.04,0.3421
7353.93,0.33928
7354.83,0.34085
7355.73,0.34023
7356.62,0.34031
7357.52,0.34002
7358.41,0.33988
7359.31,0.33971
7360.21,0.3389
7361.1,0.33921
7362.0,0.33844
7362.89,0.33983
7363.79,0.34011
7364.69,0.3408
7365.58,0.34137
7366.48,0.3434
7367.37,0.34452
7368.27,0.34314
7369.16,0.34452
7370.06,0.34284
7370.96,0.34543
7371.85,0.34688
7372.75,0.34566
7373.64,0.34737
7374.54,0.34626
7375.44,0.34769
7376.33,0.34879
7377.23,0.34774
7378.12,0.34751
7379.02,0.34688
7379.92,0.34748
7380.81,0.34686
7381.71,0.34516
7382.6,0.34616
7383.5,0.34355
7384.39,0.34389
7385.29,0.34148
7386.19,0.3404
7387.08,0.33968
7387.98,0.33891
7388.87,0.33892
7389.77,0.33887
7390.67,0.33875
7391.56,0.3396
7392.46,0.33913
7393.35,0.33908
7394.25,0.33985
7395.15,0.33973
7396.04,0.34059
7396.94,0.34183
7397.83,0.34149
7398.73,0.3439
7399.62,0.34447
7400.52,0.34253
7401.42,0.34257
7402.31,0.34294
7403.21,0.34235
7404.1,0.34283
7405.0,0.34204
7405.9,0.34143
7406.79,0.34123
7407.69,0.34115
7408.58,0.33954
7409.48,0.338
7410.38,0.33568
7411.27,0.33471
7412.17,0.33276
7413.06,0.33217
7413.96,0.33131
7414.85,0.32945
7415.75,0.3289
7416.65,0.3276
7417.54,0.32737
7418.44,0.33039
7419.33,0.32815
7420.23,0.32779
7421.13,0.33015
7422.02,0.33063
7422.92,0.33331
7423.81,0.33369
7424.71,0.33699
7425.6,0.33678
7426.5,0.33921
7427.4,0.33916
7428.29,0.34022
7429.19,0.34196
7431.68,0.34478
7434.18,0.34774
7436.67,0.34703
7439.17,0.34518
7441.66,0.34493
7444.16,0.34392
7446.66,0.34382
7449.15,0.34438
7451.65,0.3454
7454.14,0.34713
7456.64,0.34919
7459.13,0.34564
7461.63,0.34583
7464.12,0.34511
7466.62,0.34537
7469.11,0.34559
7471.61,0.34702
7474.1,0.34614
7476.6,0.34554
7479.09,0.34569
7481.59,0.3472
7484.08,0.34559
7486.58,0.34583
7489.07,0.34397
7491.57,0.34361
7494.06,0.34336
7496.56,0.34204
7499.05,0.34331
7501.55,0.34636
7504.04,0.34633
7506.54,0.3462
7509.03,0.34681
7511.53,0.34461
7514.02,0.34447
7516.52,0.34598
7519.01,0.34674
7521.51,0.34699
7524.0,0.34619
7526.5,0.34572
7528.99,0.34579
7531.49,0.3467
7533.99,0.34703
7536.48,0.34868
7538.98,0.34766
7541.47,0.34868
7543.97,0.34896
7546.46,0.34737
7548.96,0.34639
7551.45,0.3468
7553.95,0.34567
7556.44,0.34524
7558.94,0.34578
7561.43,0.34626
7563.93,0.34669
7566.42,0.34613
7568.92,0.34679
7571.41,0.34561
7573.91,0.34585
7576.4,0.34577
7578.9,0.34467
7581.39,0.34419
7583.89,0.34247
7586.38,0.34045
7588.88,0.33959
7591.37,0.33811
7593.87,0.3387
7596.36,0.33904
7598.86,0.33857
7601.35,0.33798
7603.85,0.33711
7606.34,0.33807
7608.84,0.33685
7611.33,0.33754
7613.83,0.33666
7616.33,0.33478
7618.82,0.33438
7621.32,0.33424
7623.81,0.3348
7626.31,0.33502
7628.8,0.33574
7631.3,0.33621
7633.79,0.33588
7636.29,0.33588
7638.78,0.33689
7641.28,0.33596
7643.77,0.33586
7646.27,0.33568
7648.76,0.33578
7651.26,0.33394
7653.75,0.3309
7656.25,0.3282
7658.74,0.32497
7661.24,0.32085
7663.73,0.31769
7666.23,0.31712
7668.72,0.31854
7671.22,0.32156
7673.71,0.32486
7676.21,0.32743
7678.7,0.32796
7681.2,0.32821
7683.69,0.32826
7686.19,0.3294
7688.69,0.32789
7691.18,0.32705
7693.68,0.32642
7696.17,0.3251
7698.67,0.32367
7701.16,0.3246
7703.66,0.32452
7706.15,0.32454
7708.65,0.32511
7711.14,0.32345
7713.64,0.32259
7716.13,0.32106
7718.63,0.32204
7721.12,0.32396
7723.62,0.3257
7726.11,0.32619
7728.61,0.32735
7731.1,0.32823
7733.6,0.3296
7736.09,0.33107
7738.59,0.33165
7741.08,0.32994
7743.58,0.32772
7746.07,0.32496
7748.57,0.32278
7751.06,0.32194
7753.56,0.32341
7756.05,0.32505
7758.55,0.32745
7761.04,0.3291
7763.54,0.3289
7766.03,0.33023
7768.53,0.33084
7771.03,0.33218
7773.52,0.33279
7776.02,0.33222
7778.51,0.33244
7781.01,0.33073
7783.5,0.32982
7786.0,0.32762
7788.49,0.32725
7790.99,0.32646
7793.48,0.32707
7795.98,0.32688
7798.47,0.32697
7800.97,0.32704
7803.46,0.32776
7805.96,0.3281
7808.45,0.32864
7810.95,0.32866
7813.44,0.3298
7815.94,0.33019
7818.43,0.33149
7820.93,0.33155
7823.42,0.33077
7825.92,0.33041
7828.41,0.32751
7830.91,0.32643
7833.4,0.32418
7835.9,0.32333
7838.39,0.32212
7840.89,0.32494
7843.38,0.32541
7845.88,0.32576
7848.38,0.32642
7850.87,0.32593
7853.37,0.32621
7855.86,0.32667
7858.36,0.32631
7860.85,0.32687
7863.35,0.32784
7865.84,0.32766
7868.34,0.32771
7870.83,0.32593
7873.33,0.32618
7875.82,0.3253
7878.32,0.32491
7880.81,0.32539
7883.31,0.32583
7885.8,0.32545
7888.3,0.32594
7890.79,0.32582
7893.29,0.32505
7895.78,0.32475
7898.28,0.32356
7900.77,0.32325
7903.27,0.32272
7905.76,0.32214
7908.26,0.32073
7910.75,0.31912
7913.25,0.31752
7915.74,0.31577
7918.24,0.31583
7920.73,0.31633
7923.23,0.31735
7925.73,0.31834
7928.22,0.31812
7930.71,0.31763
7933.21,0.31637
7935.71,0.31573
7938.2,0.31442
7940.7,0.31316
7943.19,0.31246
7945.69,0.31204
7948.18,0.31317
7950.68,0.31553
7953.17,0.31757
7955.67,0.31894
7958.16,0.31992
7960.66,0.32021
7963.15,0.32162
7965.65,0.3214
7968.14,0.32269
7970.64,0.32397
7973.13,0.32294
7975.63,0.32294
7978.12,0.32206
7980.62,0.32041
7983.11,0.32071
7985.61,0.32044
7988.1,0.31997
7990.6,0.31916
7993.09,0.31882
7995.59,0.3179
7998.08,0.31702
8000.58,0.31755
8003.07,0.3181
8005.57,0.32076
8008.06,0.32159
8010.56,0.32409
8013.06,0.32468
8015.55,0.32569
8018.05,0.325
8020.54,0.32478
8023.04,0.32194
8025.53,0.31959
8028.03,0.31895
8030.52,0.31898
8033.02,0.32148
8035.51,0.32226
8038.01,0.32365
8040.5,0.32321
8043.0,0.32261
8045.49,0.31859
8047.99,0.3179
8050.48,0.31781
8052.98,0.31958
8055.47,0.32008
8057.97,0.32112
8060.46,0.32179
8062.96,0.32251
8065.45,0.32175
8067.95,0.31906
8070.44,0.31843
8072.94,0.31654
8075.43,0.31624
8077.93,0.31699
8080.42,0.31659
8082.92,0.31839
8085.41,0.31791
8087.91,0.31629
8090.4,0.31552
8092.9,0.3148
8095.4,0.3141
8097.89,0.31345
8100.39,0.31492
8102.88,0.31639
8105.38,0.31743
8107.87,0.31713
8110.37,0.31697
8112.86,0.31587
8115.36,0.31467
8117.85,0.3156
8120.35,0.31624
8122.84,0.31664
8125.34,0.31789
8127.83,0.31856
8130.33,0.31884
8132.82,0.31866
8135.32,0.31842
8137.81,0.31846
8140.31,0.31856
8142.8,0.31832
8145.3,0.31772
8147.79,0.31776
8150.29,0.31716
8152.78,0.31809
8155.28,0.31854
8157.77,0.31832
8160.27,0.31758
8162.76,0.31701
8165.26,0.3169
8167.75,0.31807
8170.25,0.31822
8172.75,0.31905
8175.24,0.31851
8177.74,0.31674
8180.23,0.31523
8182.73,0.31345
8185.22,0.31106
8187.72,0.31078
8190.21,0.31103
8192.71,0.3098
8195.2,0.30886
8197.7,0.30802
8200.19,0.30733
8202.69,0.30786
8205.18,0.30903
8207.68,0.31041
8210.17,0.31001
8212.67,0.31134
8215.16,0.31141
8217.66,0.31195
8220.15,0.31213
8222.65,0.31419
8225.14,0.31486
8227.64,0.31563
8230.13,0.31597
8232.63,0.31612
8235.12,0.31532
8237.62,0.31575
8240.11,0.31623
8242.61,0.31485
8245.1,0.3154
8247.6,0.31509
8250.1,0.31447
8252.59,0.31383
8255.08,0.3131
8257.58,0.31367
8260.08,0.3141
8262.57,0.31565
8265.07,0.31687
8267.56,0.31619
8270.06,0.31667
8272.55,0.31499
8275.05,0.31569
8277.54,0.31576
8280.04,0.31379
8282.53,0.31474
8285.03,0.31434
8287.52,0.31333
8290.02,0.31374
8292.51,0.31193
8295.01,0.31134
8297.5,0.31092
8300.0,0.31058
8302.49,0.30927
8304.99,0.30876
8307.48,0.30693
8309.98,0.30677
8312.47,0.30802
8314.97,0.30905
8317.46,0.30991
8319.96,0.3095
8322.46,0.30896
8324.95,0.30639
8327.44,0.30426
8329.94,0.30312
8332.43,0.30233
8334.93,0.30187
8337.43,0.30259
8339.92,0.30347
8342.42,0.30378
8344.91,0.30531
8347.41,0.30497
8349.9,0.30519
8352.4,0.30581
8354.89,0.30639
8357.39,0.30675
8359.88,0.30663
8362.38,0.30576
8364.87,0.30587
8367.37,0.30574
8369.86,0.3065
8372.36,0.30698
8374.85,0.30696
8377.35,0.30612
8379.84,0.30469
8382.34,0.30153
8384.83,0.29959
8387.33,0.29905
8389.82,0.29886
8392.32,0.30071
8394.81,0.30313
8397.31,0.30532
8399.8,0.30634
8402.3,0.30701
8404.79,0.30795
8407.29,0.30811
8409.79,0.30729
8412.28,0.30684
8414.78,0.30642
8417.27,0.30513
8419.77,0.3042
8422.26,0.30384
8424.76,0.30311
8427.25,0.3013
8429.75,0.30118
8432.24,0.29985
8434.74,0.2981
8437.23,0.29686
8439.73,0.29612
8442.22,0.2972
8444.72,0.29952
8447.21,0.30125
8449.71,0.30152
8452.2,0.30159
8454.7,0.30146
8457.19,0.30137
8459.69,0.3006
8462.18,0.2994
8464.68,0.29781
8467.17,0.29646
8469.67,0.29548
8472.16,0.29541
8474.66,0.29684
8477.15,0.29912
8479.65,0.30009
8482.14,0.2999
8484.64,0.30052
8487.13,0.29848
8489.63,0.29681
8492.12,0.29224
8494.62,0.28528
8497.12,0.27749
8499.61,0.27271
8502.11,0.27208
8504.6,0.27669
8507.1,0.28326
8509.59,0.2879
8512.09,0.29035
8514.58,0.29023
8517.08,0.29034
8519.57,0.28996
8522.07,0.29075
8524.56,0.29155
8527.06,0.29228
8529.55,0.29054
8532.05,0.28659
8534.54,0.27994
8537.04,0.267
8539.53,0.25328
8542.03,0.24155
8544.52,0.23641
8547.02,0.24101
8549.51,0.25353
8552.01,0.26641
8554.5,0.27763
8557.0,0.28598
8559.49,0.29016
8561.99,0.29242
8564.48,0.29338
8566.98,0.29408
8569.47,0.29462
8571.97,0.29461
8574.47,0.29454
8576.96,0.29523
8579.46,0.2952
8581.95,0.29623
8584.45,0.29575
8586.94,0.2957
8589.44,0.29581
8591.93,0.29629
8594.43,0.29509
8596.92,0.29525
8599.42,0.29452
8601.91,0.29441
8604.41,0.29417
8606.9,0.29378
8609.4,0.29374
8611.89,0.29278
8614.39,0.29358
8616.88,0.29242
8619.38,0.29261
8621.87,0.29293
8624.37,0.29279
8626.86,0.29374
8629.36,0.29421
8631.85,0.29476
8634.35,0.29537
8636.84,0.29632
8639.34,0.29722
8641.83,0.29749
8644.33,0.29657
8646.83,0.29544
8649.32,0.29448
8651.82,0.28974
8654.31,0.28323
8656.8,0.27454
8659.3,0.2629
8661.8,0.25231
8664.29,0.24731
8666.79,0.24872
8669.28,0.25754
8671.78,0.26799
8674.27,0.27598
8676.77,0.28234
8679.26,0.28597
8681.76,0.28688
8684.25,0.28716
8686.75,0.28614
8689.24,0.28561
8691.74,0.28585
8694.23,0.28639
8696.73,0.28738
8699.22,0.28928
8701.72,0.29019
8704.21,0.29125
8706.71,0.29121
8709.2,0.29052
8711.7,0.2904
8714.19,0.29035
8716.69,0.29087
8719.18,0.29209
8721.68,0.29263
8724.17,0.29444
8726.67,0.29475
8729.17,0.29489
8731.66,0.29408
8734.16,0.29314
8736.65,0.2924
8739.15,0.29191
8741.64,0.29268
8744.14,0.29215
8746.63,0.29152
8749.13,0.29073
8751.62,0.28934
8754.12,0.28888
8756.61,0.28962
8759.11,0.29055
8761.6,0.29083
8764.1,0.29102
8766.59,0.29094
8769.09,0.29117
8771.58,0.2901
8774.08,0.29011
8776.57,0.29126
8779.07,0.29174
8781.56,0.29288
8784.06,0.29308
8786.55,0.29411
8789.05,0.29317
8791.54,0.29198
8794.04,0.29077
8796.53,0.29021
8799.03,0.28865
8801.52,0.28652
8804.02,0.28417
8806.51,0.28168
8809.01,0.28067
8811.5,0.28244
8814.0,0.28543
8816.5,0.28858
8818.99,0.28958
8821.49,0.28929
8823.98,0.28938
8826.48,0.28841
8828.97,0.2899
8831.47,0.29138
8833.96,0.29254
8836.46,0.29237
8838.95,0.29284
8841.45,0.29247
8843.94,0.29353
8846.44,0.29423
8848.93,0.29568
8851.43,0.29617
8853.92,0.29599
8856.42,0.2942
8858.91,0.2926
8861.41,0.28945
8863.9,0.28667
8866.4,0.2854
8868.89,0.28428
8871.39,0.2856
8873.88,0.28653
8876.38,0.28748
8878.87,0.28832
8881.37,0.28923
8883.87,0.28951
8886.36,0.28922
8888.86,0.28995
8891.35,0.28986
8893.84,0.28993
8896.34,0.29042
8898.84,0.29024
8901.33,0.29001
8903.83,0.2911
8906.32,0.28979
8908.82,0.28854
8911.31,0.28872
8913.81,0.28813
8916.3,0.28693
8918.8,0.28621
8921.29,0.28507
8923.79,0.28439
8926.28,0.28375
8928.78,0.283
8931.27,0.28365
8933.77,0.28385
8936.26,0.28512
8938.76,0.28459
8941.25,0.28388
8943.75,0.28373
8946.24,0.28415
8948.74,0.28343
8951.23,0.28423
8953.73,0.28613
8956.22,0.28695
8958.72,0.28849
8961.21,0.28808
8963.71,0.28803
8966.2,0.28729
8968.7,0.28691
8971.2,0.28623
8973.69,0.28552
8976.19,0.28481
8978.68,0.28523
8981.18,0.28515
8983.67,0.28621
8986.17,0.28638
8988.66,0.2864
8991.16,0.28701
8993.65,0.28665
8996.15,0.28623
8998.64,0.28525
9001.14,0.28384
9003.63,0.28238
9006.13,0.28038
9008.62,0.27773
9011.12,0.27436
9013.61,0.27149
9016.11,0.26957
9018.6,0.27045
9021.1,0.2723
9023.59,0.27357
9026.09,0.27626
9028.58,0.27809
9031.08,0.28095
9033.57,0.28273
9036.07,0.28362
9038.56,0.28521
9041.06,0.28598
9043.55,0.28629
9046.05,0.28637
9048.54,0.28668
9051.04,0.28679
9053.54,0.28616
9056.03,0.28548
9058.53,0.28448
9061.02,0.28372
9063.52,0.28314
9066.01,0.28271
9068.51,0.28272
9071.0,0.2839
9073.5,0.28328
9075.99,0.28314
9078.49,0.28204
9080.98,0.27965
9083.48,0.27813
9085.97,0.27616
9088.47,0.27415
9090.96,0.27336
9093.46,0.27413
9095.95,0.27587
9098.45,0.27719
9100.94,0.2797
9103.44,0.28071
9105.93,0.28084
9108.43,0.28053
9110.92,0.28003
9113.42,0.2789
9115.91,0.27825
9118.41,0.27881
9120.9,0.2782
9123.4,0.28
9125.89,0.28038
9128.39,0.28175
9130.88,0.28214
9133.38,0.2816
9135.88,0.28132
9138.37,0.27904
9140.87,0.27624
9143.36,0.27443
9145.86,0.27321
9148.35,0.27294
9150.85,0.27376
9153.34,0.27388
9155.84,0.27375
9158.33,0.27467
9160.83,0.27458
9163.32,0.27363
9165.82,0.27152
9168.31,0.26928
9170.81,0.26844
9173.3,0.26745
9175.8,0.26747
9178.29,0.26837
9180.79,0.26817
9183.28,0.27006
9185.78,0.27043
9188.27,0.27048
9190.77,0.26966
9193.26,0.26962
9195.76,0.26922
9198.25,0.26908
9200.75,0.26841
9203.24,0.26847
9205.74,0.26821
9208.24,0.26685
9210.73,0.2656
9213.23,0.26475
9215.72,0.26475
9218.22,0.26544
9220.71,0.26492
9223.21,0.26555
9225.7,0.26493
9228.2,0.26456
9230.69,0.26384
9233.19,0.26313
9235.68,0.2642
9238.18,0.26469
9240.67,0.26583
9243.17,0.26517
9245.66,0.26599
9248.16,0.26594
9250.65,0.2645
9253.15,0.26425
9255.64,0.26478
9258.14,0.26368
9260.63,0.26445
9263.13,0.26574
9265.62,0.26769
9268.12,0.2688
9270.61,0.26957
9273.11,0.2699
9275.6,0.26869
9278.1,0.26693
9280.59,0.26699
9283.09,0.26575
9285.58,0.26448
9288.08,0.26442
9290.58,0.2637
9293.07,0.2636
9295.57,0.26272
9298.06,0.26343
9300.56,0.26343
9303.05,0.2642
9305.55,0.26474
9308.04,0.26474
9310.54,0.26509
9313.03,0.26419
9315.53,0.26414
9318.02,0.26416
9320.52,0.26374
9323.01,0.26374
9325.51,0.26375
9328.0,0.26382
9330.5,0.26437
9332.99,0.26452
9335.49,0.26542
9337.98,0.2652
9340.48,0.26535
9342.97,0.26449
9345.47,0.26375
9347.96,0.26278
9350.46,0.26193
9352.95,0.26049
9355.45,0.25951
9357.94,0.25764
9360.44,0.25749
9362.93,0.25698
9365.43,0.25758
9367.92,0.25784
9370.42,0.25818
9372.92,0.25855
9375.41,0.25816
9377.91,0.25793
9380.4,0.25822
9382.9,0.2577
9385.39,0.25757
9387.89,0.25699
9390.38,0.25747
9392.88,0.25758
9395.37,0.25808
9397.87,0.25658
9400.36,0.25642
9402.86,0.25481
9405.35,0.25416
9407.85,0.25264
9410.34,0.25187
9412.84,0.24969
9415.33,0.24911
9417.83,0.25006
9420.32,0.25156
9422.82,0.25318
9425.31,0.25404
9427.81,0.25436
9430.3,0.25413
9432.8,0.25377
9435.29,0.2535
9437.79,0.25305
9440.28,0.25278
9442.78,0.25222
9445.27,0.25231
9447.77,0.25231
9450.27,0.25221
9452.76,0.25317
9455.25,0.25388
9457.75,0.25454
9460.25,0.25519
9462.74,0.25571
9465.24,0.25721
9467.73,0.25719
9470.23,0.25747
9472.72,0.25713
9475.22,0.25725
9477.71,0.25696
9480.21,0.25725
9482.7,0.25698
9485.2,0.25681
9487.69,0.25788
9490.19,0.25779
9492.68,0.25841
9495.18,0.25893
9497.67,0.25807
9500.17,0.25847
9502.66,0.25873
9505.16,0.25876
9507.65,0.25765
9510.15,0.25871
9512.64,0.25872
9515.14,0.2582
9517.63,0.25876
9520.13,0.25966
9522.62,0.25972
9525.12,0.26047
9527.61,0.25936
9530.11,0.25971
9532.61,0.25849
9535.1,0.25715
9537.6,0.25657
9540.09,0.25523
9542.59,0.25252
9545.08,0.25134
9547.58,0.25054
9550.07,0.251
9552.57,0.25232
9555.06,0.25396
9557.56,0.25642
9560.05,0.2583
9562.55,0.25842
9565.04,0.25894
9567.54,0.25818
9570.03,0.25744
9572.53,0.25657
9575.02,0.25604
9577.52,0.256
9580.01,0.25653
9582.51,0.25698
9585.0,0.25784
9587.5,0.25724
9589.99,0.25804
9592.49,0.25737
9594.98,0.25635
9597.48,0.25624
9599.97,0.25432
9602.47,0.25464
9604.96,0.25448
9607.46,0.25477
9609.96,0.25513
9612.45,0.25662
9614.95,0.25655
9617.44,0.25664
9619.94,0.25635
9622.43,0.25585
9624.93,0.25545
9627.42,0.25519
9629.92,0.2546
9632.41,0.25417
9634.91,0.254
9637.4,0.25297
9639.9,0.25224
9642.39,0.25081
9644.89,0.25107
9647.38,0.25104
9649.88,0.25199
9652.37,0.25148
9654.87,0.25091
9657.36,0.25145
9659.86,0.2512
9662.35,0.25116
9664.85,0.25115
9667.34,0.25144
9669.84,0.25122
9672.33,0.25102
9674.83,0.25047
9677.32,0.24943
9679.82,0.24984
9682.31,0.25037
9684.81,0.25083
9687.3,0.25118
9689.8,0.25018
9692.29,0.25005
9694.79,0.2508
9697.29,0.25037
9699.78,0.25057
9702.28,0.25008
9704.77,0.24915
9707.27,0.24994
9709.76,0.25019
9712.26,0.25012
9714.75,0.25105
9717.25,0.25124
9719.74,0.25063
9722.24,0.2505
9724.73,0.24962
9727.23,0.2488
9729.72,0.24839
9732.22,0.24767
9734.71,0.24749
9737.21,0.24744
9739.7,0.24665
9742.2,0.2464
9744.69,0.24623
9747.19,0.24716
9749.68,0.24808
9752.18,0.24858
9754.67,0.24944
9757.17,0.25012
9759.66,0.25014
9762.16,0.24989
9764.65,0.24997
9767.15,0.2488
9769.64,0.2482
9772.14,0.24813
9774.64,0.24795
9777.13,0.24791
9779.63,0.2467
9782.12,0.2465
9784.62,0.24523
9787.11,0.24417
9789.61,0.24512
9792.1,0.24591
9794.6,0.24784
9797.09,0.24913
9799.59,0.2495
9802.08,0.25028
9804.58,0.25067
9807.07,0.25135
9809.57,0.25113
9812.06,0.25109
9814.56,0.25121
9817.05,0.25184
9819.55,0.25132
9822.04,0.25087
9824.54,0.25125
9827.03,0.25088
9829.53,0.25036
9832.02,0.24986
9834.52,0.25005
9837.01,0.24997
9839.51,0.25036
9842.0,0.25049
9844.5,0.25095
9847.0,0.25144
9849.49,0.25094
9851.99,0.25065
9854.48,0.25074
9856.98,0.25025
9859.47,0.25036
9861.97,0.25007
9864.46,0.24964
9866.96,0.2502
9869.45,0.24978
9871.95,0.24951
9874.44,0.24975
9876.94,0.25034
9879.43,0.25006
9881.93,0.24963
9884.42,0.24993
9886.92,0.24884
9889.41,0.24792
9891.91,0.24775
9894.4,0.24821
9896.9,0.24825
9899.39,0.24745
9901.89,0.24723
9904.38,0.24682
9906.88,0.24642
9909.37,0.24664
9911.87,0.24637
9914.36,0.24613
9916.86,0.24581
9919.35,0.24636
9921.85,0.24533
9924.34,0.2454
9926.84,0.24597
9929.33,0.24509
9931.83,0.24542
9934.33,0.24579
9936.82,0.24641
9939.32,0.24657
9941.81,0.24639
9944.31,0.24621
9946.8,0.24634
9949.3,0.24556
9951.79,0.24576
9954.29,0.24597
9956.78,0.24658
9959.28,0.24665
9961.77,0.24708
9964.27,0.24719
9966.76,0.24753
9969.26,0.2471
9971.75,0.24643
9974.25,0.24713
9976.74,0.24642
9979.24,0.24646
9981.73,0.24695
9984.23,0.24668
9986.72,0.24616
9989.22,0.24585
9991.71,0.24594
9994.21,0.24495
9996.7,0.24433
9999.2,0.24466
10001.7,0.24408
10004.2,0.2439
10006.7,0.24527
10009.2,0.24426
10011.7,0.24571
10014.2,0.24583
10016.7,0.24648
10019.2,0.24711
10021.7,0.24695
10024.2,0.24725
10026.6,0.24688
10029.1,0.24581
10031.6,0.2451
10034.1,0.24408
10036.6,0.24369
10039.1,0.24215
10041.6,0.24236
10044.1,0.2407
10046.6,0.24028
10049.1,0.23916
10051.6,0.23827
10054.1,0.23845
10056.6,0.23794
10059.1,0.23922
10061.6,0.23942
10064.1,0.24005
10066.6,0.24086
10069.1,0.24129
10071.6,0.24289
10074.1,0.24328
10076.5,0.24319
10079.0,0.24308
10081.5,0.24258
10084.0,0.24268
10086.5,0.24289
10089.0,0.24344
10091.5,0.24411
10094.0,0.24409
10096.5,0.24512
10099.0,0.24517
10101.5,0.24537
10104.0,0.24461
10106.5,0.24441
10109.0,0.24406
10111.5,0.24371
10114.0,0.24326
10116.5,0.24287
10119.0,0.24248
10121.5,0.24219
10124.0,0.24233
10126.5,0.24255
10128.9,0.24261
10131.4,0.24226
10133.9,0.24221
10136.4,0.24171
10138.9,0.24115
10141.4,0.24068
10143.9,0.24008
10146.4,0.23949
10148.9,0.23982
10151.4,0.23905
10153.9,0.23932
10156.4,0.23972
10158.9,0.24104
10161.4,0.24146
10163.9,0.24188
10166.4,0.24067
10168.9,0.24051
10171.4,0.2405
10173.9,0.24101
10176.4,0.24069
10178.9,0.24031
10181.3,0.24048
10183.8,0.24073
10186.3,0.24012
10188.8,0.23945
10191.3,0.23915
10193.8,0.2383
10196.3,0.23826
10198.8,0.23865
10201.3,0.23833
10203.8,0.23912
10206.3,0.2387
10208.8,0.23853
10211.3,0.23802
10213.8,0.23844
10216.3,0.23714
10218.8,0.23644
10221.3,0.23589
10223.8,0.23745
10226.3,0.23732
10228.8,0.23824
10231.2,0.23803
10233.7,0.23845
10236.2,0.23895
10238.7,0.23886
10241.2,0.23848
10243.7,0.2385
10246.2,0.23792
10248.7,0.23821
10251.2,0.23809
10253.7,0.23757
10256.2,0.2382
10258.7,0.23775
10261.2,0.23716
10263.7,0.23639
10266.2,0.23649
10268.7,0.23669
10271.2,0.23675
10273.7,0.2361
10276.2,0.23676
10278.7,0.23675
10281.2,0.23692
10283.6,0.2358
10286.1,0.23645
10288.6,0.23614
10291.1,0.23624
10293.6,0.23569
10296.1,0.23534
10298.6,0.2354
10301.1,0.23578
10303.6,0.23591
10306.1,0.23612
10308.6,0.23624
10311.1,0.23646
10313.6,0.23612
10316.1,0.23657
10318.6,0.23584
10321.1,0.23497
10323.6,0.23375
10326.1,0.23252
10328.6,0.23212
10331.1,0.23158
10333.5,0.23073
10336.0,0.23079
10338.5,0.23081
10341.0,0.23051
10343.5,0.23042
10346.0,0.23007
10348.5,0.23059
10351.0,0.23136
10353.5,0.23193
10356.0,0.23313
10358.5,0.23411
10361.0,0.23433
10363.5,0.23482
10366.0,0.23387
10368.5,0.23318
10371.0,0.23251
10373.5,0.23182
10376.0,0.23196
10378.5,0.2314
10381.0,0.23209
10383.5,0.23168
10385.9,0.23204
10388.4,0.23236
10390.9,0.23175
10393.4,0.23116
10395.9,0.23045
10398.4,0.23026
10400.9,0.22969
10403.4,0.23046
10405.9,0.23104
10408.4,0.23191
10410.9,0.23256
10413.4,0.23272
10415.9,0.23304
10418.4,0.23232
10420.9,0.23182
10423.4,0.23063
10425.9,0.23127
10428.4,0.23096
10430.9,0.23118
10433.4,0.23153
10435.9,0.23202
10438.3,0.23188
10440.8,0.23233
10443.3,0.23213
10445.8,0.23284
10448.3,0.23215
10450.8,0.23164
10453.3,0.23092
10455.8,0.23071
10458.3,0.23051
10460.8,0.23033
10463.3,0.23046
10465.8,0.23093
10468.3,0.2303
10470.8,0.23001
10473.3,0.22956
10475.8,0.23045
10478.3,0.23002
10480.8,0.2301
10483.3,0.2303
10485.8,0.23006
10488.2,0.22987
10490.7,0.22959
10493.2,0.22915
10495.7,0.22831
10498.2,0.22849
10500.7,0.22809
10503.2,0.22811
10505.7,0.22899
10508.2,0.22886
10510.7,0.22905
10513.2,0.22861
10515.7,0.22938
10518.2,0.22864
10520.7,0.22899
10523.2,0.22911
10525.7,0.22863
10528.2,0.22891
10530.7,0.22878
10533.2,0.22815
10535.7,0.22839
10538.2,0.22843
10540.6,0.22856
10543.1,0.22873
10545.6,0.22918
10548.1,0.22902
10550.6,0.22854
10553.1,0.22863
10555.6,0.22804
10558.1,0.2283
10560.6,0.22781
10563.1,0.22789
10565.6,0.22764
10568.1,0.22775
10570.6,0.22756
10573.1,0.22742
10575.6,0.22667
10578.1,0.22559
10580.6,0.22421
10583.1,0.22307
10585.6,0.22174
10588.1,0.22199
10590.6,0.2226
10593.0,0.22332
10595.5,0.22472
10598.0,0.22492
10600.5,0.22452
10603.0,0.22424
10605.5,0.22414
10608.0,0.2233
10610.5,0.22304
10613.0,0.22381
10615.5,0.22378
10618.0,0.22431
10620.5,0.22491
10623.0,0.22465
10625.5,0.22605
10628.0,0.22568
10630.5,0.22559
10633.0,0.226
10635.5,0.22564
10638.0,0.22606
10640.5,0.22626
10642.9,0.22614
10645.4,0.2257
10647.9,0.22558
10650.4,0.22478
10652.9,0.22426
10655.4,0.22284
10657.9,0.22273
10660.4,0.22154
10662.9,0.22015
10665.4,0.22023
10667.9,0.22056
10670.4,0.22098
10672.9,0.22145
10675.4,0.22237
10677.9,0.22244
10680.4,0.22208
10682.9,0.221
10685.4,0.2214
10687.9,0.21989
10690.4,0.2189
10692.9,0.21899
10695.3,0.2194
10697.8,0.22058
10700.3,0.2208
10702.8,0.22229
10705.3,0.2227
10707.8,0.22354
10710.3,0.22317
10712.8,0.22347
10715.3,0.22308
10717.8,0.22349
10720.3,0.22207
10722.8,0.22166
10725.3,0.21968
10727.8,0.21866
10730.3,0.21771
10732.8,0.21822
10735.3,0.21866
10737.8,0.21863
10740.3,0.22024
10742.8,0.22059
10745.3,0.21979
10747.7,0.2194
10750.2,0.21898
10752.7,0.21874
10755.2,0.21919
10757.7,0.21942
10760.2,0.21988
10762.7,0.22121
10765.2,0.22077
10767.7,0.22131
10770.2,0.22128
10772.7,0.22087
10775.2,0.22062
10777.7,0.21947
10780.2,0.21803
10782.7,0.21675
10785.2,0.21618
10787.7,0.21559
10790.2,0.21619
10792.7,0.21675
10795.2,0.21825
10797.6,0.21837
10800.1,0.21973
10802.6,0.21972
10805.1,0.21896
10807.6,0.21825
10810.1,0.21692
10812.6,0.21619
10815.1,0.21528
10817.6,0.21475
10820.1,0.21501
10822.6,0.21373
10825.1,0.21326
10827.6,0.21288
10830.1,0.21292
10832.6,0.21331
10835.1,0.21423
10837.6,0.21542
10840.1,0.21655
10842.6,0.21689
10845.1,0.21716
10847.6,0.21648
10850.0,0.21735
10852.5,0.2181
10855.0,0.21786
10857.5,0.21794
10860.0,0.21737
10862.5,0.21638
10865.0,0.21467
10867.5,0.2129
10870.0,0.21149
10872.5,0.21067
10875.0,0.20977
10877.5,0.21008
10880.0,0.2106
10882.5,0.21126
10885.0,0.21153
10887.5,0.21216
10890.0,0.21221
10892.5,0.21264
10895.0,0.21389
10897.5,0.21342
10900.0,0.21439
10902.4,0.21484
10904.9,0.21526
10907.4,0.215
10909.9,0.2147
10912.4,0.21458
10914.9,0.21408
10917.4,0.21335
10919.9,0.21246
10922.4,0.21187
10924.9,0.21089
10927.4,0.20981
10929.9,0.20911
10932.4,0.20735
10934.9,0.20698
10937.4,0.20665
10939.9,0.20675
10942.4,0.20712
10944.9,0.20739
10947.4,0.20797
10949.9,0.20804
10952.3,0.20813
10954.8,0.20777
10957.3,0.20726
10959.8,0.20567
10962.3,0.20397
10964.8,0.20262
10967.3,0.20115
10969.8,0.20056
10972.3,0.19984
10974.8,0.20077
10977.3,0.20045
10979.8,0.20118
10982.3,0.2017
10984.8,0.20122
10987.3,0.20219
10989.8,0.20315
10992.3,0.20295
10994.8,0.20249
10997.3,0.20302
10999.8,0.20261
