wave,flux
3700.85,0.30993
3701.75,0.30688
3702.65,0.29727
3703.55,0.27986
3704.45,0.2645
3705.35,0.24989
3706.25,0.23915
3707.15,0.23268
3708.05,0.23291
3708.96,0.23739
3709.86,0.24477
3710.76,0.2559
3711.66,0.26985
3712.56,0.28443
3713.46,0.29855
3714.36,0.30999
3715.26,0.31515
3716.16,0.31445
3717.06,0.30799
3717.96,0.2945
3718.86,0.27456
3719.76,0.25357
3720.66,0.23496
3721.56,0.2204
3722.46,0.21845
3723.36,0.22593
3724.26,0.23975
3725.16,0.25519
3726.06,0.26792
3726.96,0.27582
3727.86,0.27707
3728.76,0.27757
3729.66,0.27393
3730.56,0.26724
3731.46,0.25569
3732.36,0.24044
3733.26,0.22269
3734.16,0.20465
3735.06,0.19138
3735.96,0.18788
3736.86,0.19254
3737.76,0.20509
3738.66,0.22369
3739.56,0.24394
3740.46,0.26066
3741.36,0.27238
3742.26,0.27432
3743.16,0.26825
3744.06,0.25851
3744.96,0.24337
3745.86,0.22949
3746.76,0.21561
3747.67,0.2049
3748.57,0.1958
3749.47,0.19301
3750.37,0.19667
3751.27,0.21006
3752.17,0.22951
3753.07,0.2537
3753.97,0.27538
3754.87,0.29338
3755.77,0.30139
3756.67,0.29912
3757.57,0.29095
3758.47,0.27769
3759.37,0.2684
3760.27,0.26326
3761.17,0.26408
3762.07,0.26853
3762.97,0.27069
3763.87,0.27324
3764.77,0.27361
3765.67,0.2725
3766.57,0.26957
3767.47,0.26588
3768.37,0.26129
3769.27,0.25849
3770.17,0.25974
3771.07,0.26394
3771.97,0.27221
3772.87,0.2817
3773.77,0.29304
3774.67,0.305
3775.57,0.31016
3776.47,0.31825
3777.37,0.32599
3778.27,0.33238
3779.17,0.33987
3780.07,0.3489
3780.97,0.35484
3781.87,0.36192
3782.77,0.36686
3783.67,0.36402
3784.57,0.36044
3785.47,0.34924
3786.38,0.33677
3787.28,0.31996
3788.18,0.30617
3789.08,0.2956
3789.98,0.28868
3790.88,0.28529
3791.78,0.28219
3792.68,0.27865
3793.58,0.27255
3794.48,0.26313
3795.38,0.25201
3796.28,0.2414
3797.18,0.23126
3798.08,0.22636
3798.98,0.22671
3799.88,0.23445
3800.78,0.24796
3801.68,0.26657
3802.58,0.28705
3803.48,0.30354
3804.38,0.31558
3805.28,0.32135
3806.18,0.32575
3807.08,0.32707
3807.98,0.32889
3808.88,0.33357
3809.78,0.3361
3810.68,0.34021
3811.58,0.33804
3812.48,0.33175
3813.38,0.31983
3814.28,0.30625
3815.18,0.29381
3816.08,0.28436
3816.98,0.28149
3817.88,0.27884
3818.78,0.27854
3819.68,0.27532
3820.58,0.27161
3821.48,0.26689
3822.38,0.26304
3823.28,0.25956
3824.18,0.25278
3825.09,0.24681
3825.99,0.23728
3826.89,0.23037
3827.79,0.22512
3828.69,0.22237
3829.59,0.22019
3830.49,0.21759
3831.39,0.21347
3832.29,0.20693
3833.19,0.19895
3834.09,0.19074
3834.99,0.18661
3835.89,0.18391
3836.79,0.18514
3837.69,0.18906
3838.59,0.19476
3839.49,0.20145
3840.39,0.21247
3841.29,0.22554
3842.19,0.24094
3843.09,0.25617
3843.99,0.27189
3844.89,0.28459
3845.79,0.2941
3846.69,0.30039
3847.59,0.30561
3848.49,0.3073
3849.39,0.30994
3850.29,0.3103
3851.19,0.31018
3852.09,0.31171
3852.99,0.31196
3853.89,0.30972
3854.79,0.30697
3855.69,0.30261
3856.59,0.29625
3857.49,0.28974
3858.39,0.28177
3859.29,0.27739
3860.19,0.27646
3861.09,0.28069
3861.99,0.29035
3862.9,0.30139
3863.8,0.31232
3864.7,0.31962
3865.6,0.32245
3866.5,0.32134
3867.4,0.31775
3868.3,0.314
3869.2,0.30756
3870.1,0.30091
3871.0,0.29374
3871.9,0.28893
3872.8,0.28785
3873.7,0.28988
3874.6,0.29578
3875.5,0.30284
3876.4,0.30664
3877.3,0.30547
3878.2,0.30115
3879.1,0.2974
3880.0,0.29097
3880.9,0.28855
3881.8,0.28545
3882.7,0.28393
3883.6,0.28034
3884.5,0.27575
3885.4,0.2681
3886.3,0.25779
3887.2,0.247
3888.1,0.24044
3889.0,0.23849
3889.9,0.24206
3890.8,0.25318
3891.7,0.26798
3892.6,0.28446
3893.5,0.29901
3894.4,0.30992
3895.3,0.3191
3896.2,0.32424
3897.1,0.33007
3898.0,0.33357
3898.9,0.33688
3899.8,0.33871
3900.7,0.34071
3901.6,0.34266
3902.51,0.34245
3903.41,0.3391
3904.31,0.33611
3905.21,0.33297
3906.11,0.332
3907.01,0.33714
3907.91,0.34615
3908.81,0.35755
3909.71,0.36926
3910.61,0.37977
3911.51,0.38905
3912.41,0.39418
3913.31,0.39542
3914.21,0.3926
3915.11,0.38952
3916.01,0.38512
3916.91,0.37871
3917.81,0.37081
3918.71,0.36173
3919.61,0.3522
3920.51,0.34358
3921.41,0.33703
3922.31,0.3315
3923.21,0.32981
3924.11,0.32612
3925.01,0.32005
3925.91,0.30936
3926.81,0.29511
3927.71,0.27369
3928.61,0.24885
3929.51,0.22203
3930.41,0.19501
3931.31,0.16982
3932.21,0.14595
3933.11,0.12882
3934.01,0.11926
3934.91,0.11773
3935.81,0.12635
3936.71,0.14305
3937.61,0.16622
3938.51,0.19244
3939.42,0.21835
3940.32,0.2417
3941.22,0.26079
3942.12,0.27615
3943.02,0.28682
3943.92,0.29384
3944.82,0.30333
3945.72,0.31498
3946.62,0.32636
3947.52,0.33766
3948.42,0.34962
3949.32,0.35725
3950.22,0.36529
3951.12,0.37071
3952.02,0.37375
3952.92,0.37775
3953.82,0.37809
3954.72,0.37942
3955.62,0.37844
3956.52,0.37323
3957.42,0.36974
3958.32,0.36406
3959.22,0.3562
3960.12,0.347
3961.02,0.33144
3961.92,0.31083
3962.82,0.28779
3963.72,0.26482
3964.62,0.24009
3965.52,0.21522
3966.42,0.19103
3967.32,0.16833
3968.22,0.14995
3969.12,0.13844
3970.02,0.13638
3970.92,0.14366
3971.82,0.15981
3972.72,0.18305
3973.62,0.20878
3974.52,0.23663
3975.42,0.26286
3976.32,0.28856
3977.22,0.3129
3978.13,0.33512
3979.03,0.35573
3979.93,0.37244
3980.83,0.38774
3981.73,0.39512
3982.63,0.40015
3983.53,0.40189
3984.43,0.40607
3985.33,0.40849
3986.23,0.41377
3987.13,0.41749
3988.03,0.42492
3988.93,0.43005
3989.83,0.43583
3990.73,0.44145
3991.63,0.4432
3992.53,0.44993
3993.43,0.45292
3994.33,0.45241
3995.23,0.44887
3996.13,0.44466
3997.03,0.44282
3997.93,0.44475
3998.83,0.44644
3999.73,0.45313
4000.63,0.46127
4001.53,0.46942
4002.43,0.47241
4003.33,0.47264
4004.23,0.46416
4005.13,0.4577
4006.03,0.45095
4006.93,0.44686
4007.83,0.44785
4008.73,0.45202
4009.63,0.45925
4010.53,0.4707
4011.43,0.47599
4012.33,0.47954
4013.23,0.48339
4014.13,0.48518
4015.03,0.48758
4015.93,0.48789
4016.84,0.49083
4017.74,0.49375
4018.64,0.49557
4019.54,0.49825
4020.44,0.50096
4021.34,0.50068
4022.24,0.50117
4023.14,0.49707
4024.04,0.49312
4024.94,0.49279
4025.84,0.49503
4026.74,0.49495
4027.64,0.49563
4028.54,0.4908
4029.44,0.48508
4030.34,0.47307
4031.24,0.4585
4032.14,0.44068
4033.04,0.432
4033.94,0.42918
4034.84,0.43533
4035.74,0.44746
4036.64,0.46345
4037.54,0.4809
4038.44,0.49412
4039.34,0.50268
4040.24,0.50671
4041.14,0.50315
4042.04,0.49754
4042.94,0.48377
4043.84,0.46924
4044.74,0.45384
4045.64,0.43857
4046.54,0.43094
4047.44,0.4329
4048.34,0.44476
4049.24,0.46062
4050.14,0.47464
4051.04,0.48639
4051.94,0.49066
4052.84,0.48534
4053.74,0.48365
4054.65,0.47267
4055.55,0.463
4056.45,0.45487
4057.35,0.44898
4058.25,0.4469
4059.15,0.44723
4060.05,0.44865
4060.95,0.44955
4061.85,0.44756
4062.75,0.44196
4063.65,0.43408
4064.55,0.42892
4065.45,0.42791
4066.35,0.43486
4067.25,0.43829
4068.15,0.44808
4069.05,0.45573
4069.95,0.45868
4070.85,0.46109
4071.75,0.458
4072.65,0.45593
4073.55,0.45343
4074.45,0.44947
4075.35,0.44366
4076.25,0.43527
4077.15,0.43282
4078.05,0.43077
4078.95,0.43018
4079.85,0.43792
4080.75,0.45004
4081.65,0.46243
4082.55,0.47315
4083.45,0.47726
4084.35,0.47969
4085.25,0.48183
4086.15,0.48272
4087.05,0.48898
4087.95,0.4952
4088.85,0.50256
4089.75,0.5014
4090.65,0.50367
4091.55,0.50207
4092.45,0.49662
4093.36,0.48608
4094.26,0.4759
4095.16,0.4641
4096.06,0.45162
4096.96,0.43553
4097.86,0.41928
4098.76,0.40117
4099.66,0.38331
4100.56,0.36807
4101.46,0.35618
4102.36,0.34891
4103.26,0.35085
4104.16,0.36053
4105.06,0.3753
4105.96,0.39632
4106.86,0.41427
4107.76,0.42911
4108.66,0.44024
4109.56,0.446
4110.46,0.45003
4111.36,0.45515
4112.26,0.45907
4113.16,0.46194
4114.06,0.4715
4114.96,0.47891
4115.86,0.48589
4116.76,0.48764
4117.66,0.48735
4118.56,0.48534
4119.46,0.48053
4120.36,0.47605
4121.26,0.47354
4122.16,0.47372
4123.06,0.47326
4123.96,0.4757
4124.86,0.47702
4125.76,0.4787
4126.66,0.47774
4127.56,0.47307
4128.46,0.47114
4129.36,0.46604
4130.26,0.46111
4131.17,0.45294
4132.06,0.45046
4132.97,0.44505
4133.87,0.44543
4134.77,0.45173
4135.67,0.46162
4136.57,0.47192
4137.47,0.48388
4138.37,0.49263
4139.27,0.49632
4140.17,0.49877
4141.07,0.49343
4141.97,0.48358
4142.87,0.4725
4143.77,0.46225
4144.67,0.45469
4145.57,0.45477
4146.47,0.45536
4147.37,0.46347
4148.27,0.46863
4149.17,0.47017
4150.07,0.46807
4150.97,0.46662
4151.87,0.46187
4152.77,0.46208
4153.67,0.45624
4154.57,0.45386
4155.47,0.45132
4156.37,0.44997
4157.27,0.45294
4158.17,0.45856
4159.07,0.4649
4159.97,0.47301
4160.87,0.47947
4161.77,0.48741
4162.67,0.49428
4163.57,0.4982
4164.47,0.49853
4165.37,0.49572
4166.27,0.49343
4167.17,0.48756
4168.07,0.48353
4168.98,0.47553
4169.88,0.47334
4170.78,0.46288
4171.68,0.45606
4172.58,0.44775
4173.48,0.44013
4174.38,0.43266
4175.28,0.43381
4176.18,0.43454
4177.08,0.43624
4177.98,0.43914
4178.88,0.44231
4179.78,0.44695
4180.68,0.45048
4181.58,0.45551
4182.48,0.45665
4183.38,0.46152
4184.28,0.46394
4185.18,0.46781
4186.08,0.46855
4186.98,0.46938
4187.88,0.46769
4188.78,0.46867
4189.68,0.47207
4190.58,0.47603
4191.48,0.48062
4192.38,0.48484
4193.28,0.48888
4194.18,0.4883
4195.08,0.48539
4195.98,0.47565
4196.88,0.46643
4197.78,0.45559
4198.68,0.44572
4199.58,0.44188
4200.48,0.44112
4201.38,0.44002
4202.28,0.4415
4203.18,0.44934
4204.08,0.45559
4204.98,0.46335
4205.88,0.47375
4206.79,0.48388
4207.69,0.49129
4208.59,0.49626
4209.49,0.49874
4210.39,0.50133
4211.29,0.50189
4212.19,0.50005
4213.09,0.49797
4213.99,0.49231
4214.89,0.48666
4215.79,0.48322
4216.69,0.48264
4217.59,0.48772
4218.49,0.49345
4219.39,0.50515
4220.29,0.50854
4221.19,0.51234
4222.09,0.50939
4222.99,0.49752
4223.89,0.47948
4224.79,0.45505
4225.69,0.43457
4226.59,0.41567
4227.49,0.4089
4228.39,0.41286
4229.29,0.42634
4230.19,0.44712
4231.09,0.46615
4231.99,0.48044
4232.89,0.48829
4233.79,0.48893
4234.69,0.48565
4235.59,0.4829
4236.49,0.47599
4237.39,0.47566
4238.29,0.47308
4239.19,0.47869
4240.09,0.4838
4240.99,0.49178
4241.89,0.50253
4242.79,0.50842
4243.69,0.517
4244.59,0.52321
4245.5,0.52588
4246.4,0.52135
4247.3,0.51317
4248.2,0.50291
4249.1,0.49364
4250.0,0.48624
4250.9,0.4808
4251.8,0.47768
4252.7,0.47541
4253.6,0.48221
4254.5,0.48402
4255.4,0.48544
4256.3,0.4875
4257.2,0.48908
4258.1,0.48963
4259.0,0.48356
4259.9,0.48094
4260.8,0.47884
4261.7,0.47949
4262.6,0.48738
4263.5,0.50023
4264.4,0.51495
4265.3,0.52764
4266.2,0.53002
4267.1,0.53135
4268.0,0.52425
4268.9,0.51114
4269.8,0.49014
4270.7,0.47361
4271.6,0.45557
4272.5,0.44209
4273.4,0.43632
4274.3,0.43684
4275.2,0.44346
4276.1,0.45549
4277.0,0.47097
4277.9,0.485
4278.8,0.4959
4279.7,0.50433
4280.6,0.50687
4281.5,0.50649
4282.4,0.50406
4283.31,0.49837
4284.21,0.49508
4285.11,0.49035
4286.01,0.48487
4286.91,0.47833
4287.81,0.46941
4288.71,0.46052
4289.61,0.45106
4290.51,0.44499
4291.41,0.44381
4292.31,0.4449
4293.21,0.45284
4294.11,0.45651
4295.01,0.46136
4295.91,0.46022
4296.81,0.45368
4297.71,0.44302
4298.61,0.42784
4299.51,0.41319
4300.41,0.39913
4301.31,0.38806
4302.21,0.38098
4303.11,0.3811
4304.01,0.38147
4304.91,0.38082
4305.81,0.37997
4306.71,0.37609
4307.61,0.3741
4308.51,0.37324
4309.41,0.37422
4310.31,0.37928
4311.21,0.39277
4312.11,0.40574
4313.01,0.4253
4313.91,0.4471
4314.81,0.46692
4315.71,0.49057
4316.61,0.51294
4317.51,0.52947
4318.41,0.54487
4319.31,0.55172
4320.21,0.55348
4321.12,0.54564
4322.02,0.52826
4322.92,0.51263
4323.82,0.49384
4324.72,0.4741
4325.62,0.45991
4326.52,0.4533
4327.42,0.45871
4328.32,0.46771
4329.22,0.48496
4330.12,0.50329
4331.02,0.51372
4331.92,0.52459
4332.82,0.52763
4333.72,0.52889
4334.62,0.52334
4335.52,0.51289
4336.42,0.4937
4337.32,0.47405
4338.22,0.44695
4339.12,0.4208
4340.02,0.40102
4340.92,0.38908
4341.82,0.38672
4342.72,0.3938
4343.62,0.40856
4344.52,0.428
4345.42,0.45054
4346.32,0.47232
4347.22,0.48961
4348.12,0.50191
4349.02,0.5095
4349.92,0.51375
4350.82,0.50623
4351.72,0.50447
4352.62,0.49705
4353.52,0.492
4354.42,0.49512
4355.32,0.50087
4356.22,0.50933
4357.12,0.51815
4358.02,0.52686
4358.92,0.53319
4359.83,0.53967
4360.73,0.54382
4361.63,0.54965
4362.53,0.55844
4363.43,0.5659
4364.33,0.57272
4365.23,0.57204
4366.13,0.57612
4367.03,0.57135
4367.93,0.56498
4368.83,0.55657
4369.73,0.55243
4370.63,0.5429
4371.53,0.53962
4372.43,0.53584
4373.33,0.52673
4374.23,0.52221
4375.13,0.51858
4376.03,0.518
4376.93,0.5204
4377.83,0.52696
4378.73,0.52921
4379.63,0.53065
4380.53,0.52553
4381.43,0.51276
4382.33,0.49469
4383.23,0.47443
4384.13,0.4597
4385.03,0.44843
4385.93,0.449
4386.83,0.45313
4387.73,0.46402
4388.63,0.47788
4389.53,0.48849
4390.43,0.49738
4391.33,0.50476
4392.23,0.50952
4393.13,0.51369
4394.03,0.51764
4394.93,0.52517
4395.83,0.52777
4396.73,0.53526
4397.64,0.53913
4398.54,0.54212
4399.44,0.54295
4400.34,0.53848
4401.24,0.53181
4402.14,0.52097
4403.04,0.51184
4403.94,0.50534
4404.84,0.49738
4405.74,0.49013
4406.64,0.4901
4407.54,0.49606
4408.44,0.50366
4409.34,0.51281
4410.24,0.5277
4411.14,0.53843
4412.04,0.5485
4412.94,0.55502
4413.84,0.55315
4414.74,0.54965
4415.64,0.54493
4416.54,0.53875
4417.44,0.54092
4418.34,0.54249
4419.24,0.5471
4420.14,0.5563
4421.04,0.55986
4421.94,0.5633
4422.84,0.55912
4423.74,0.55446
4424.64,0.55334
4425.54,0.55398
4426.44,0.55546
4427.34,0.55805
4428.24,0.55687
4429.14,0.5552
4430.04,0.55475
4430.94,0.55134
4431.84,0.54872
4432.74,0.54396
4433.64,0.54012
4434.54,0.53399
4435.45,0.53292
4436.35,0.53366
4437.25,0.54199
4438.15,0.54639
4439.05,0.5547
4439.95,0.5585
4440.85,0.56112
4441.75,0.55931
4442.65,0.55463
4443.55,0.5512
4444.45,0.55363
4445.35,0.55726
4446.25,0.56209
4447.15,0.57078
4448.05,0.57542
4448.95,0.58103
4449.85,0.58264
4450.75,0.57851
4451.65,0.57429
4452.55,0.56694
4453.45,0.55373
4454.35,0.54311
4455.25,0.52994
4456.15,0.51955
4457.05,0.51168
4457.95,0.50612
4458.85,0.5023
4459.75,0.50041
4460.65,0.50442
4461.55,0.50741
4462.45,0.50984
4463.35,0.51572
4464.25,0.52511
4465.15,0.53166
4466.05,0.53805
4466.95,0.54362
4467.85,0.5461
4468.75,0.54826
4469.65,0.55178
4470.55,0.55328
4471.45,0.55809
4472.35,0.56659
4473.25,0.57514
4474.16,0.58343
4475.06,0.59562
4475.96,0.59911
4476.86,0.60244
4477.76,0.60232
4478.66,0.59698
4479.56,0.58602
4480.46,0.57654
4481.36,0.56573
4482.26,0.56203
4483.16,0.55946
4484.06,0.5653
4484.96,0.57483
4485.86,0.5836
4486.76,0.59006
4487.66,0.59043
4488.56,0.58869
4489.46,0.58135
4490.36,0.57438
4491.26,0.57161
4492.16,0.56781
4493.06,0.5651
4493.96,0.56582
4494.86,0.56576
4495.76,0.56645
4496.66,0.56812
4497.56,0.57228
4498.46,0.57994
4499.36,0.58642
4500.26,0.5938
4501.16,0.60091
4502.06,0.61076
4502.96,0.61389
4503.86,0.62215
4504.76,0.63011
4505.66,0.634
4506.56,0.63698
4507.46,0.63647
4508.36,0.6356
4509.26,0.63324
4510.17,0.63014
4511.06,0.62753
4511.97,0.62599
4512.87,0.61931
4513.77,0.61293
4514.67,0.60816
4515.57,0.60297
4516.47,0.59828
4517.37,0.59669
4518.27,0.5997
4519.17,0.60123
4520.07,0.60101
4520.97,0.60304
4521.87,0.60106
4522.77,0.60118
4523.67,0.59313
4524.57,0.58248
4525.47,0.57202
4526.37,0.55881
4527.27,0.54888
4528.17,0.53701
4529.07,0.52758
4529.97,0.52618
4530.87,0.52428
4531.77,0.52387
4532.67,0.52663
4533.57,0.52827
4534.47,0.5379
4535.37,0.54107
4536.27,0.55078
4537.17,0.56204
4538.07,0.56883
4538.97,0.57894
4539.87,0.5865
4540.77,0.58611
4541.67,0.58649
4542.57,0.58752
4543.47,0.58525
4544.37,0.58541
4545.27,0.5814
4546.17,0.58032
4547.07,0.57312
4547.97,0.57351
4548.88,0.56726
4549.77,0.56328
4550.68,0.5626
4551.58,0.5618
4552.48,0.55926
4553.38,0.55954
4554.28,0.55888
4555.18,0.56665
4556.08,0.56826
4556.98,0.57597
4557.88,0.58464
4558.78,0.59539
4559.68,0.60374
4560.58,0.60934
4561.48,0.61248
4562.38,0.61174
4563.28,0.61035
4564.18,0.60578
4565.08,0.59979
4565.98,0.59561
4566.88,0.59802
4567.78,0.59823
4568.68,0.59992
4569.58,0.60603
4570.48,0.60947
4571.38,0.60986
4572.28,0.60781
4573.18,0.60723
4574.08,0.60996
4574.98,0.61182
4575.88,0.60951
4576.78,0.61087
4577.68,0.60682
4578.58,0.59952
4579.48,0.59188
4580.38,0.58489
4581.28,0.57593
4582.18,0.5709
4583.08,0.56589
4583.98,0.56403
4584.88,0.56432
4585.78,0.57185
4586.69,0.57275
4587.58,0.58036
4588.49,0.58601
4589.39,0.58972
4590.29,0.59137
4591.19,0.59374
4592.09,0.59252
4592.99,0.5857
4593.89,0.58329
4594.79,0.57766
4595.69,0.57616
4596.59,0.57345
4597.49,0.57255
4598.39,0.57454
4599.29,0.57417
4600.19,0.57729
4601.09,0.57843
4601.99,0.57682
4602.89,0.58139
4603.79,0.58159
4604.69,0.58557
4605.59,0.58872
4606.49,0.59642
4607.39,0.60446
4608.29,0.60898
4609.19,0.61808
4610.09,0.62369
4610.99,0.62259
4611.89,0.6241
4612.79,0.62387
4613.69,0.62361
4614.59,0.61946
4615.49,0.61792
4616.39,0.62028
4617.29,0.61996
4618.19,0.61968
4619.09,0.62195
4619.99,0.62034
4620.89,0.62395
4621.79,0.62431
4622.69,0.62155
4623.59,0.62665
4624.5,0.62406
4625.4,0.62374
4626.3,0.62145
4627.2,0.62162
4628.1,0.62073
4629.0,0.62079
4629.9,0.62018
4630.8,0.61929
4631.7,0.6186
4632.6,0.61434
4633.5,0.61353
4634.4,0.60975
4635.3,0.60756
4636.2,0.59867
4637.1,0.59483
4638.0,0.58976
4638.9,0.58988
4639.8,0.58645
4640.7,0.58519
4641.6,0.58582
4642.5,0.58231
4643.4,0.58186
4644.3,0.57758
4645.2,0.57329
4646.1,0.56587
4647.0,0.56111
4647.9,0.55589
4648.8,0.55519
4649.7,0.55972
4650.6,0.56492
4651.5,0.57035
4652.4,0.57676
4653.3,0.5829
4654.2,0.58798
4655.1,0.58716
4656.0,0.59102
4656.9,0.5931
4657.8,0.59558
4658.7,0.60473
4659.6,0.6075
4660.5,0.61392
4661.4,0.61544
4662.3,0.60958
4663.21,0.60325
4664.11,0.59211
4665.01,0.57651
4665.91,0.5661
4666.81,0.55186
4667.71,0.54659
4668.61,0.54356
4669.51,0.54209
4670.41,0.54541
4671.31,0.55396
4672.21,0.5634
4673.11,0.57203
4674.01,0.58298
4674.91,0.58878
4675.81,0.59059
4676.71,0.59356
4677.61,0.59367
4678.51,0.58934
4679.41,0.5876
4680.31,0.58407
4681.21,0.58077
4682.11,0.58135
4683.01,0.58099
4683.91,0.58247
4684.81,0.586
4685.71,0.5875
4686.61,0.58839
4687.51,0.5891
4688.41,0.58934
4689.31,0.58796
4690.21,0.58688
4691.11,0.58615
4692.01,0.58567
4692.91,0.58599
4693.81,0.58714
4694.71,0.58939
4695.61,0.5919
4696.51,0.59039
4697.41,0.5897
4698.31,0.58308
4699.21,0.57689
4700.12,0.57137
4701.02,0.56834
4701.92,0.56179
4702.82,0.55832
4703.72,0.55835
4704.62,0.5592
4705.52,0.56062
4706.42,0.56191
4707.32,0.56574
4708.22,0.56637
4709.12,0.56622
4710.02,0.56888
4710.92,0.57207
4711.82,0.5752
4712.72,0.5771
4713.62,0.58087
4714.52,0.58533
4715.42,0.58698
4716.32,0.59275
4717.22,0.59679
4718.12,0.60811
4719.02,0.61521
4719.92,0.61939
4720.82,0.6246
4721.72,0.6295
4722.62,0.62955
4723.52,0.62915
4724.42,0.62821
4725.32,0.62445
4726.22,0.61842
4727.12,0.60976
4728.02,0.59943
4728.92,0.58764
4729.82,0.57818
4730.72,0.57346
4731.62,0.57071
4732.52,0.57071
4733.42,0.57512
4734.32,0.57984
4735.22,0.58465
4736.12,0.58839
4737.02,0.59294
4737.92,0.5952
4738.83,0.60017
4739.73,0.60056
4740.63,0.60473
4741.53,0.60629
4742.43,0.6095
4743.33,0.61414
4744.23,0.61544
4745.13,0.61505
4746.03,0.61804
4746.93,0.62071
4747.83,0.62081
4748.73,0.62418
4749.63,0.62351
4750.53,0.62048
4751.43,0.61783
4752.33,0.61245
4753.23,0.60655
4754.13,0.60599
4755.03,0.60356
4755.93,0.60193
4756.83,0.60047
4757.73,0.60012
4758.63,0.59992
4759.53,0.6048
4760.43,0.59877
4761.33,0.59899
4762.23,0.59419
4763.13,0.58836
4764.03,0.58191
4764.93,0.57671
4765.83,0.5741
4766.73,0.57151
4767.63,0.57518
4768.53,0.57757
4769.43,0.58403
4770.33,0.58993
4771.23,0.59511
4772.13,0.60064
4773.03,0.60929
4773.93,0.61066
4774.83,0.61663
4775.73,0.62206
4776.64,0.62465
4777.54,0.62912
4778.44,0.62928
4779.34,0.62741
4780.24,0.62822
4781.14,0.6237
4782.04,0.62314
4782.94,0.61532
4783.84,0.60964
4784.74,0.60308
4785.64,0.59906
4786.54,0.59824
4787.44,0.59595
4788.34,0.59451
4789.24,0.59647
4790.14,0.59951
4791.04,0.60272
4791.94,0.6085
4792.84,0.61286
4793.74,0.6212
4794.64,0.6306
4795.54,0.63393
4796.44,0.63452
4797.34,0.63423
4798.24,0.62934
4799.14,0.62689
4800.04,0.61915
4800.94,0.62176
4801.84,0.6205
4802.74,0.61853
4803.64,0.61803
4804.54,0.61832
4805.44,0.61714
4806.34,0.61532
4807.24,0.61252
4808.14,0.6098
4809.04,0.60738
4809.94,0.61018
4810.84,0.60957
4811.74,0.61181
4812.64,0.61345
4813.54,0.61678
4814.45,0.62097
4815.35,0.62271
4816.25,0.62834
4817.15,0.63203
4818.05,0.63333
4818.95,0.63687
4819.85,0.63991
4820.75,0.63653
4821.65,0.63181
4822.55,0.62801
4823.45,0.62018
4824.35,0.61573
4825.25,0.6112
4826.15,0.60828
4827.05,0.60801
4827.95,0.60904
4828.85,0.61061
4829.75,0.60861
4830.65,0.60574
4831.55,0.60483
4832.45,0.60556
4833.35,0.60426
4834.25,0.6052
4835.15,0.60727
4836.05,0.60628
4836.95,0.60742
4837.85,0.60362
4838.75,0.60048
4839.65,0.59875
4840.55,0.59628
4841.45,0.5943
4842.35,0.59166
4843.25,0.59076
4844.15,0.59143
4845.05,0.59171
4845.95,0.59218
4846.85,0.59237
4847.75,0.59143
4848.65,0.59136
4849.55,0.59021
4850.45,0.58809
4851.35,0.58165
4852.26,0.57791
4853.16,0.57168
4854.06,0.56481
4854.96,0.55569
4855.86,0.54035
4856.76,0.53024
4857.66,0.51305
4858.56,0.49834
4859.46,0.48172
4860.36,0.46866
4861.26,0.45575
4862.16,0.44904
4863.06,0.44804
4863.96,0.45377
4864.86,0.46392
4865.76,0.4801
4866.66,0.49321
4867.56,0.5075
4868.46,0.51753
4869.36,0.52526
4870.26,0.52769
4871.16,0.52859
4872.06,0.52982
4872.96,0.53112
4873.86,0.53468
4874.76,0.53977
4875.66,0.54636
4876.56,0.55478
4877.46,0.56512
4878.36,0.57113
4879.26,0.58062
4880.16,0.58501
4881.06,0.58853
4881.96,0.5893
4882.86,0.58677
4883.76,0.58213
4884.66,0.57526
4885.56,0.57158
4886.46,0.56387
4887.36,0.55965
4888.26,0.55813
4889.17,0.55111
4890.07,0.54894
4890.97,0.55581
4891.87,0.55936
4892.77,0.56599
4893.67,0.57956
4894.57,0.59195
4895.47,0.60503
4896.37,0.6172
4897.27,0.62405
4898.17,0.62999
4899.07,0.6283
4899.97,0.62892
4900.87,0.6232
4901.77,0.62177
4902.67,0.61492
4903.57,0.61564
4904.47,0.61531
4905.37,0.6143
4906.27,0.61311
4907.17,0.6129
4908.07,0.61064
4908.97,0.60727
4909.87,0.60104
4910.77,0.59638
4911.67,0.59199
4912.57,0.59284
4913.47,0.59692
4914.37,0.59839
4915.27,0.59847
4916.17,0.5978
4917.07,0.59434
4917.97,0.58328
4918.87,0.57295
4919.77,0.5597
4920.67,0.55289
4921.57,0.54678
4922.47,0.54572
4923.37,0.54826
4924.27,0.55844
4925.17,0.56423
4926.07,0.57854
4926.98,0.58615
4927.88,0.59628
4928.78,0.60444
4929.68,0.6145
4930.58,0.61371
4931.48,0.61625
4932.38,0.61451
4933.28,0.61015
4934.18,0.5988
4935.08,0.59491
4935.98,0.58877
4936.88,0.58376
4937.78,0.57606
4938.68,0.57461
4939.58,0.57417
4940.48,0.57706
4941.38,0.58323
4942.28,0.59217
4943.18,0.59909
4944.08,0.6035
4944.98,0.61225
4945.88,0.6139
4946.78,0.61867
4947.68,0.62205
4948.58,0.62441
4949.48,0.62956
4950.38,0.62748
4951.28,0.62625
4952.18,0.6271
4953.08,0.62374
4953.98,0.61631
4954.88,0.6087
4955.78,0.59917
4956.68,0.59126
4957.58,0.58442
4958.48,0.58005
4959.38,0.58289
4960.28,0.58453
4961.18,0.5908
4962.08,0.5966
4962.98,0.60475
4963.88,0.60685
4964.79,0.60468
4965.69,0.60408
4966.59,0.59914
4967.49,0.5958
4968.39,0.59353
4969.29,0.59144
4970.19,0.59287
4971.09,0.59478
4971.99,0.60021
4972.89,0.60618
4973.79,0.6082
4974.69,0.61238
4975.59,0.61394
4976.49,0.61141
4977.39,0.60711
4978.29,0.59802
4979.19,0.59193
4980.09,0.58095
4980.99,0.57237
4981.89,0.55852
4982.79,0.55362
4983.69,0.54646
4984.59,0.54191
4985.49,0.54567
4986.39,0.55166
4987.29,0.55662
4988.19,0.56762
4989.09,0.57318
4989.99,0.57818
4990.89,0.58601
4991.79,0.58773
4992.69,0.58669
4993.59,0.59147
4994.49,0.58956
4995.39,0.58896
4996.29,0.58913
4997.19,0.58572
4998.09,0.58655
4998.99,0.58327
4999.89,0.57552
5000.79,0.57221
5001.7,0.5662
5002.6,0.55607
5003.5,0.54871
5004.4,0.5461
5005.3,0.54316
5006.2,0.5421
5007.1,0.54255
5008.0,0.54418
5008.9,0.54585
5009.8,0.5477
5010.7,0.54868
5011.6,0.54799
5012.5,0.54514
5013.4,0.54045
5014.3,0.53894
5015.2,0.53292
5016.1,0.52892
5017.0,0.53046
5017.9,0.52989
5018.8,0.53107
5019.7,0.53354
5020.6,0.53752
5021.5,0.53874
5022.4,0.54319
5023.3,0.54966
5024.2,0.554
5025.1,0.55783
5026.0,0.56251
5026.9,0.56356
5027.8,0.56428
5028.7,0.56986
5029.6,0.57326
5030.5,0.5807
5031.4,0.58237
5032.3,0.58578
5033.2,0.58944
5034.1,0.59076
5035.0,0.58929
5035.9,0.5848
5036.8,0.57494
5037.7,0.567
5038.6,0.55776
5039.5,0.54719
5040.41,0.53991
5041.31,0.53805
5042.21,0.5394
5043.11,0.54332
5044.01,0.55394
5044.91,0.56411
5045.81,0.56893
5046.71,0.57698
5047.61,0.58102
5048.51,0.58212
5049.41,0.57945
5050.31,0.57859
5051.21,0.57105
5052.11,0.57168
5053.01,0.57215
5053.91,0.57748
5054.81,0.58277
5055.71,0.58817
5056.61,0.59428
5057.51,0.60088
5058.41,0.60448
5059.31,0.60949
5060.21,0.61504
5061.11,0.61218
5062.01,0.61468
5062.91,0.61277
5063.81,0.60584
5064.71,0.59911
5065.61,0.59123
5066.51,0.58383
5067.41,0.58044
5068.31,0.57567
5069.21,0.57323
5070.11,0.57413
5071.01,0.57289
5071.91,0.57308
5072.81,0.57606
5073.71,0.57685
5074.61,0.57365
5075.51,0.57217
5076.42,0.57163
5077.31,0.56807
5078.21,0.56241
5079.12,0.55819
5080.02,0.55224
5080.92,0.54492
5081.82,0.54308
5082.72,0.54294
5083.62,0.54429
5084.52,0.54759
5085.42,0.5541
5086.32,0.55951
5087.22,0.56786
5088.12,0.57479
5089.02,0.57926
5089.92,0.58359
5090.82,0.58893
5091.72,0.5919
5092.62,0.59272
5093.52,0.59315
5094.42,0.59139
5095.32,0.58822
5096.22,0.58213
5097.12,0.57562
5098.02,0.56931
5098.92,0.56364
5099.82,0.55692
5100.72,0.55841
5101.62,0.55609
5102.52,0.56204
5103.42,0.56591
5104.32,0.56826
5105.22,0.57002
5106.12,0.57043
5107.02,0.56929
5107.92,0.56641
5108.82,0.56368
5109.72,0.56311
5110.62,0.56201
5111.52,0.56423
5112.42,0.57186
5113.32,0.57453
5114.22,0.57851
5115.12,0.58551
5116.03,0.59131
5116.93,0.5951
5117.83,0.59899
5118.73,0.59873
5119.63,0.59808
5120.53,0.5931
5121.43,0.58523
5122.33,0.58041
5123.23,0.57284
5124.13,0.56197
5125.03,0.55409
5125.93,0.5493
5126.83,0.54555
5127.73,0.54425
5128.63,0.54647
5129.53,0.5471
5130.43,0.54951
5131.33,0.55112
5132.23,0.55784
5133.13,0.56227
5134.03,0.56614
5134.93,0.56725
5135.83,0.56652
5136.73,0.56539
5137.63,0.56693
5138.53,0.5608
5139.43,0.55754
5140.33,0.55521
5141.23,0.55052
5142.13,0.549
5143.03,0.54936
5143.93,0.54707
5144.83,0.54687
5145.73,0.5471
5146.63,0.54513
5147.53,0.54797
5148.43,0.54687
5149.33,0.54567
5150.23,0.54657
5151.13,0.5471
5152.03,0.54796
5152.94,0.54873
5153.84,0.54972
5154.74,0.55618
5155.64,0.55694
5156.54,0.56047
5157.44,0.56583
5158.34,0.5707
5159.24,0.57533
5160.14,0.57257
5161.04,0.57087
5161.94,0.56657
5162.84,0.55748
5163.74,0.54481
5164.64,0.52937
5165.54,0.51475
5166.44,0.49776
5167.34,0.48064
5168.24,0.46765
5169.14,0.45804
5170.04,0.44975
5170.94,0.44746
5171.84,0.44764
5172.74,0.45205
5173.64,0.45972
5174.54,0.46958
5175.44,0.48232
5176.34,0.49784
5177.24,0.50928
5178.14,0.52095
5179.04,0.52539
5179.94,0.52907
5180.84,0.52598
5181.74,0.51574
5182.64,0.5047
5183.54,0.49682
5184.44,0.48933
5185.34,0.48837
5186.24,0.49303
5187.14,0.50133
5188.04,0.51001
5188.94,0.52244
5189.84,0.52914
5190.75,0.53533
5191.65,0.53842
5192.55,0.53717
5193.45,0.53775
5194.35,0.53688
5195.25,0.5369
5196.15,0.53817
5197.05,0.54138
5197.95,0.545
5198.85,0.55003
5199.75,0.55346
5200.65,0.55658
5201.55,0.55804
5202.45,0.55549
5203.35,0.5528
5204.25,0.54591
5205.15,0.53869
5206.05,0.5317
5206.95,0.52452
5207.85,0.51823
5208.75,0.51986
5209.65,0.51976
5210.55,0.52308
5211.45,0.53203
5212.35,0.54022
5213.25,0.54866
5214.15,0.55628
5215.05,0.56071
5215.95,0.56116
5216.85,0.56669
5217.75,0.5684
5218.65,0.5691
5219.55,0.57445
5220.45,0.57462
5221.35,0.57639
5222.25,0.57395
5223.15,0.57141
5224.05,0.56333
5224.95,0.55358
5225.85,0.54587
5226.75,0.53708
5227.66,0.53025
5228.56,0.53196
5229.46,0.53452
5230.36,0.53844
5231.26,0.54414
5232.16,0.55084
5233.06,0.55409
5233.96,0.55894
5234.86,0.56439
5235.76,0.56663
5236.66,0.57357
5237.56,0.57743
5238.46,0.58165
5239.36,0.58609
5240.26,0.59337
5241.16,0.59717
5242.06,0.59776
5242.96,0.59744
5243.86,0.59747
5244.76,0.59481
5245.66,0.59445
5246.56,0.58792
5247.46,0.58729
5248.36,0.58001
5249.26,0.57527
5250.16,0.57109
5251.06,0.57061
5251.96,0.57019
5252.86,0.56645
5253.76,0.56913
5254.66,0.57434
5255.56,0.57785
5256.46,0.58086
5257.36,0.58379
5258.26,0.58788
5259.16,0.5885
5260.06,0.58619
5260.96,0.57675
5261.86,0.56774
5262.76,0.55408
5263.66,0.54142
5264.56,0.52731
5265.47,0.51286
5266.37,0.50284
5267.27,0.49644
5268.17,0.49113
5269.07,0.4903
5269.97,0.48757
5270.87,0.4928
5271.77,0.49872
5272.67,0.50938
5273.57,0.51824
5274.47,0.52878
5275.37,0.537
5276.27,0.54977
5277.17,0.55958
5278.07,0.56611
5278.97,0.5726
5279.87,0.5754
5280.77,0.5776
5281.67,0.58008
5282.57,0.57971
5283.47,0.57788
5284.37,0.57868
5285.27,0.58466
5286.17,0.59013
5287.07,0.59548
5287.97,0.60651
5288.87,0.61296
5289.77,0.61979
5290.67,0.62439
5291.57,0.62263
5292.47,0.62533
5293.37,0.61947
5294.27,0.61402
5295.17,0.60568
5296.07,0.59955
5296.97,0.59316
5297.87,0.58243
5298.77,0.57785
5299.67,0.57432
5300.57,0.57506
5301.48,0.576
5302.38,0.58154
5303.27,0.59013
5304.18,0.59713
5305.08,0.60597
5305.98,0.61172
5306.88,0.61504
5307.78,0.61998
5308.68,0.62252
5309.58,0.62176
5310.48,0.62529
5311.38,0.62583
5312.28,0.62744
5313.18,0.62529
5314.08,0.62167
5314.98,0.61734
5315.88,0.61128
5316.78,0.61002
5317.68,0.60785
5318.58,0.60555
5319.48,0.60226
5320.38,0.59962
5321.28,0.59567
5322.18,0.59372
5323.08,0.58973
5323.98,0.58122
5324.88,0.57338
5325.78,0.56445
5326.68,0.55319
5327.58,0.54679
5328.48,0.54065
5329.38,0.53828
5330.28,0.53935
5331.18,0.54504
5332.08,0.5547
5332.98,0.56252
5333.88,0.5729
5334.78,0.58221
5335.68,0.58952
5336.58,0.59247
5337.48,0.59708
5338.38,0.59533
5339.28,0.5911
5340.19,0.58823
5341.08,0.58314
5341.99,0.58241
5342.89,0.5842
5343.79,0.58484
5344.69,0.58448
5345.59,0.58776
5346.49,0.58745
5347.39,0.59
5348.29,0.58873
5349.19,0.5908
5350.09,0.59459
5350.99,0.59691
5351.89,0.60319
5352.79,0.60933
5353.69,0.61612
5354.59,0.62219
5355.49,0.62722
5356.39,0.63267
5357.29,0.63755
5358.19,0.6396
5359.09,0.6419
5359.99,0.63827
5360.89,0.63671
5361.79,0.63006
5362.69,0.62456
5363.59,0.61741
5364.49,0.61188
5365.39,0.60519
5366.29,0.59723
5367.19,0.59074
5368.09,0.58493
5368.99,0.57957
5369.89,0.57265
5370.79,0.57349
5371.69,0.57091
5372.59,0.57117
5373.49,0.577
5374.39,0.58082
5375.29,0.5895
5376.19,0.59837
5377.09,0.60216
5378.0,0.60637
5378.9,0.61072
5379.8,0.61056
5380.7,0.61083
5381.6,0.60956
5382.5,0.61074
5383.4,0.60763
5384.3,0.60468
5385.2,0.6033
5386.1,0.60354
5387.0,0.60147
5387.9,0.59948
5388.8,0.59767
5389.7,0.59458
5390.6,0.58865
5391.5,0.58964
5392.4,0.58159
5393.3,0.57934
5394.2,0.57538
5395.1,0.57174
5396.0,0.56811
5396.9,0.5697
5397.8,0.5643
5398.7,0.56646
5399.6,0.56618
5400.5,0.56679
5401.4,0.56685
5402.3,0.56293
5403.2,0.56207
5404.1,0.55946
5405.0,0.55431
5405.9,0.54941
5406.8,0.54597
5407.7,0.54605
5408.6,0.54582
5409.5,0.54975
5410.4,0.55569
5411.3,0.56047
5412.2,0.56635
5413.1,0.57389
5414.0,0.58108
5414.9,0.5884
5415.81,0.59276
5416.71,0.59625
5417.61,0.60288
5418.51,0.60299
5419.41,0.60391
5420.31,0.6021
5421.21,0.60158
5422.11,0.59796
5423.01,0.59752
5423.91,0.59498
5424.81,0.59462
5425.71,0.5921
5426.61,0.59248
5427.51,0.5906
5428.41,0.58734
5429.31,0.58473
5430.21,0.58112
5431.11,0.57978
5432.01,0.57404
5432.91,0.57122
5433.81,0.56907
5434.71,0.56987
5435.61,0.57106
5436.51,0.57677
5437.41,0.57864
5438.31,0.58708
5439.21,0.59604
5440.11,0.60228
5441.01,0.6099
5441.91,0.61292
5442.81,0.6121
5443.71,0.61127
5444.61,0.60809
5445.51,0.5994
5446.41,0.59475
5447.31,0.58841
5448.21,0.58685
5449.11,0.58303
5450.01,0.58356
5450.91,0.58573
5451.81,0.58521
5452.72,0.58698
5453.62,0.58602
5454.52,0.5826
5455.42,0.58337
5456.32,0.58035
5457.22,0.58189
5458.12,0.58182
5459.02,0.5842
5459.92,0.5855
5460.82,0.58704
5461.72,0.58964
5462.62,0.5861
5463.52,0.58594
5464.42,0.58823
5465.32,0.58465
5466.22,0.58687
5467.12,0.58587
5468.02,0.58721
5468.92,0.58658
5469.82,0.58875
5470.72,0.5882
5471.62,0.58829
5472.52,0.5823
5473.42,0.5804
5474.32,0.57475
5475.22,0.57152
5476.12,0.56482
5477.02,0.56234
5477.92,0.55985
5478.82,0.56051
5479.72,0.5578
5480.62,0.56192
5481.52,0.5623
5482.42,0.56851
5483.32,0.57046
5484.22,0.57319
5485.12,0.57907
5486.02,0.58204
5486.92,0.58186
5487.82,0.58561
5488.72,0.58492
5489.62,0.58504
5490.53,0.584
5491.43,0.58384
5492.33,0.58625
5493.23,0.58506
5494.13,0.58862
5495.03,0.58526
5495.93,0.58783
5496.83,0.58588
5497.73,0.58638
5498.63,0.58778
5499.53,0.58345
5500.43,0.58541
5501.33,0.58413
5502.23,0.58332
5503.13,0.58209
5504.03,0.57695
5504.93,0.57707
5505.83,0.57522
5506.73,0.5723
5507.63,0.57544
5508.53,0.57041
5509.43,0.57285
5510.33,0.5716
5511.23,0.57131
5512.13,0.56775
5513.03,0.57026
5513.93,0.5708
5514.83,0.56912
5515.73,0.57132
5516.63,0.57914
5517.53,0.5817
5518.43,0.58357
5519.33,0.59102
5520.23,0.59189
5521.13,0.59548
5522.03,0.59852
5522.93,0.59803
5523.83,0.59674
5524.73,0.59474
5525.63,0.58797
5526.54,0.58522
5527.44,0.57937
5528.33,0.58
5529.24,0.57572
5530.14,0.5771
5531.04,0.57722
5531.94,0.57837
5532.84,0.58185
5533.74,0.58282
5534.64,0.58399
5535.54,0.58363
5536.44,0.58744
5537.34,0.58783
5538.24,0.58941
5539.14,0.59099
5540.04,0.59547
5540.94,0.5947
5541.84,0.59829
5542.74,0.59718
5543.64,0.59762
5544.54,0.59922
5545.44,0.60134
5546.34,0.59841
5547.24,0.60026
5548.14,0.60069
5549.04,0.60417
5549.94,0.6055
5550.84,0.60593
5551.74,0.60397
5552.64,0.60543
5553.54,0.60467
5554.44,0.60371
5555.34,0.6025
5556.24,0.59761
5557.14,0.60145
5558.04,0.59491
5558.94,0.59245
5559.84,0.59435
5560.74,0.59154
5561.64,0.58758
5562.54,0.59021
5563.44,0.58465
5564.34,0.58212
5565.25,0.58233
5566.15,0.58034
5567.05,0.58019
5567.95,0.5794
5568.85,0.57749
5569.75,0.57705
5570.65,0.57839
5571.55,0.57886
5572.45,0.57854
5573.35,0.58068
5574.25,0.58298
5575.15,0.58401
5576.05,0.58694
5576.95,0.58778
5577.85,0.59014
5578.75,0.59247
5579.65,0.58978
5580.55,0.5917
5581.45,0.59307
5582.35,0.58692
5583.25,0.58689
5584.15,0.581
5585.05,0.57518
5585.95,0.56781
5586.85,0.56135
5587.75,0.55712
5588.65,0.5518
5589.55,0.54919
5590.45,0.54698
5591.35,0.54951
5592.25,0.55214
5593.15,0.55368
5594.05,0.55732
5594.95,0.5645
5595.85,0.56199
5596.75,0.56813
5597.65,0.56948
5598.55,0.56757
5599.45,0.56794
5600.35,0.56672
5601.25,0.56445
5602.15,0.56381
5603.06,0.56524
5603.96,0.57069
5604.86,0.57501
5605.76,0.5793
5606.66,0.58641
5607.56,0.59287
5608.46,0.59943
5609.36,0.60222
5610.26,0.60234
5611.16,0.60219
5612.06,0.60221
5612.96,0.59789
5613.86,0.59388
5614.76,0.58642
5615.66,0.58065
5616.56,0.57535
5617.46,0.57423
5618.36,0.57065
5619.26,0.56906
5620.16,0.56918
5621.06,0.5681
5621.96,0.5713
5622.86,0.5724
5623.76,0.57166
5624.66,0.56944
5625.56,0.57213
5626.46,0.57264
5627.36,0.57392
5628.26,0.57375
5629.16,0.57975
5630.06,0.58386
5630.96,0.58759
5631.86,0.59014
5632.76,0.59299
5633.66,0.59164
5634.56,0.5883
5635.46,0.58601
5636.36,0.58397
5637.26,0.58179
5638.16,0.57683
5639.06,0.57605
5639.96,0.57497
5640.86,0.57387
5641.77,0.57239
5642.67,0.57129
5643.57,0.57095
5644.47,0.57332
5645.37,0.57547
5646.27,0.57763
5647.17,0.58104
5648.07,0.5802
5648.97,0.57818
5649.87,0.58232
5650.77,0.5831
5651.67,0.58397
5652.57,0.58287
5653.47,0.58261
5654.37,0.57817
5655.27,0.57595
5656.17,0.5722
5657.07,0.56736
5657.97,0.56492
5658.87,0.56142
5659.77,0.558
5660.67,0.55735
5661.57,0.55748
5662.47,0.5591
5663.37,0.56138
5664.27,0.56411
5665.17,0.56606
5666.07,0.5682
5666.97,0.57244
5667.87,0.57529
5668.77,0.57742
5669.67,0.58045
5670.57,0.58105
5671.47,0.58126
5672.37,0.5863
5673.27,0.58927
5674.17,0.59306
5675.07,0.59671
5675.97,0.59789
5676.88,0.60037
5677.77,0.59898
5678.68,0.59591
5679.58,0.59536
5680.48,0.59264
5681.38,0.59013
5682.28,0.5861
5683.18,0.58522
5684.08,0.57993
5684.98,0.57626
5685.88,0.57413
5686.78,0.57494
5687.68,0.57739
5688.58,0.57496
5689.48,0.57523
5690.38,0.57885
5691.28,0.57971
5692.18,0.58533
5693.08,0.58792
5693.98,0.59088
5694.88,0.59003
5695.78,0.59072
5696.68,0.58997
5697.58,0.59178
5698.48,0.58584
5699.38,0.58237
5700.28,0.58092
5701.18,0.57783
5702.08,0.57722
5702.98,0.57037
5703.88,0.56939
5704.78,0.56583
5705.68,0.56237
5706.58,0.56034
5707.48,0.5579
5708.38,0.5548
5709.28,0.55143
5710.18,0.5498
5711.08,0.54921
5711.98,0.55358
5712.88,0.55452
5713.78,0.56099
5714.68,0.56658
5715.59,0.57179
5716.49,0.57859
5717.39,0.58466
5718.29,0.58744
5719.19,0.59306
5720.09,0.59691
5720.99,0.60059
5721.89,0.60505
5722.79,0.60406
5723.69,0.60605
5724.59,0.60565
5725.49,0.60525
5726.39,0.60562
5727.29,0.60568
5728.19,0.60252
5729.09,0.60031
5729.99,0.60006
5730.89,0.59829
5731.79,0.59862
5732.69,0.59724
5733.59,0.59786
5734.49,0.59738
5735.39,0.59909
5736.29,0.6027
5737.19,0.59979
5738.09,0.59868
5738.99,0.60102
5739.89,0.60113
5740.79,0.60078
5741.69,0.59991
5742.59,0.59988
5743.49,0.6019
5744.39,0.60023
5745.29,0.5976
5746.19,0.59824
5747.09,0.5994
5747.99,0.59852
5748.89,0.59341
5749.79,0.59254
5750.69,0.59237
5751.59,0.5899
5752.5,0.5885
5753.4,0.58655
5754.3,0.58397
5755.2,0.58497
5756.1,0.58171
5757.0,0.58316
5757.9,0.58301
5758.8,0.58335
5759.7,0.58724
5760.6,0.58465
5761.5,0.58286
5762.4,0.58523
5763.3,0.5858
5764.2,0.58586
5765.1,0.58987
5766.0,0.59099
5766.9,0.59428
5767.8,0.59658
5768.7,0.6019
5769.6,0.60097
5770.5,0.60352
5771.4,0.60101
5772.3,0.60354
5773.2,0.59979
5774.1,0.5986
5775.0,0.59774
5775.9,0.5971
5776.8,0.59237
5777.7,0.59195
5778.6,0.58659
5779.5,0.58363
5780.4,0.57747
5781.3,0.57451
5782.2,0.56387
5783.1,0.56289
5784.0,0.55834
5784.9,0.55605
5785.8,0.55717
5786.7,0.55957
5787.6,0.56149
5788.5,0.56487
5789.41,0.57105
5790.31,0.57221
5791.21,0.57666
5792.11,0.57987
5793.01,0.58625
5793.91,0.58579
5794.81,0.59051
5795.71,0.59347
5796.61,0.59415
5797.51,0.59632
5798.41,0.59687
5799.31,0.59781
5800.21,0.5995
5801.11,0.60021
5802.01,0.60188
5802.91,0.60095
5803.81,0.6049
5804.71,0.60293
5805.61,0.60151
5806.51,0.60045
5807.41,0.59825
5808.31,0.5951
5809.21,0.59971
5810.11,0.59748
5811.01,0.59815
5811.91,0.59625
5812.81,0.59822
5813.71,0.59835
5814.61,0.59525
5815.51,0.59542
5816.41,0.60028
5817.31,0.59656
5818.21,0.5998
5819.11,0.60254
5820.01,0.60212
5820.91,0.60447
5821.81,0.60687
5822.71,0.61026
5823.61,0.61063
5824.51,0.60952
5825.41,0.61019
5826.31,0.61121
5827.22,0.61112
5828.12,0.6102
5829.02,0.61025
5829.92,0.60941
5830.82,0.61037
5831.72,0.60938
5832.62,0.61021
5833.52,0.60857
5834.42,0.60659
5835.32,0.60388
5836.22,0.60461
5837.12,0.6041
5838.02,0.60356
5838.92,0.60308
5839.82,0.60511
5840.72,0.60775
5841.62,0.60654
5842.52,0.60774
5843.42,0.60767
5844.32,0.60499
5845.22,0.60474
5846.12,0.6039
5847.02,0.60318
5847.92,0.60139
5848.82,0.59903
5849.72,0.59388
5850.62,0.59395
5851.52,0.59115
5852.42,0.58854
5853.32,0.58478
5854.22,0.58073
5855.12,0.57841
5856.02,0.57458
5856.92,0.57342
5857.82,0.5721
5858.72,0.57045
5859.62,0.56922
5860.52,0.56823
5861.42,0.57271
5862.32,0.57222
5863.23,0.57422
5864.12,0.57844
5865.03,0.57872
5865.93,0.58157
5866.83,0.58104
5867.73,0.58561
5868.63,0.5841
5869.53,0.58987
5870.43,0.58996
5871.33,0.59203
5872.23,0.59526
5873.13,0.59346
5874.03,0.59387
5874.93,0.59338
5875.83,0.5937
5876.73,0.59117
5877.63,0.58813
5878.53,0.58651
5879.43,0.58211
5880.33,0.58201
5881.23,0.57687
5882.13,0.57662
5883.03,0.57353
5883.93,0.57143
5884.83,0.56005
5885.73,0.55382
5886.63,0.54662
5887.53,0.53406
5888.43,0.52297
5889.33,0.51122
5890.23,0.4987
5891.13,0.4903
5892.03,0.48389
5892.93,0.47728
5893.83,0.47547
5894.73,0.47573
5895.63,0.4796
5896.53,0.4826
5897.43,0.49022
5898.33,0.49976
5899.23,0.50732
5900.13,0.51937
5901.04,0.53106
5901.94,0.54108
5902.83,0.54565
5903.74,0.55689
5904.64,0.56046
5905.54,0.56563
5906.44,0.57013
5907.34,0.57363
5908.24,0.57671
5909.14,0.57609
5910.04,0.57674
5910.94,0.57635
5911.84,0.57731
5912.74,0.57402
5913.64,0.57442
5914.54,0.57105
5915.44,0.5729
5916.34,0.5696
5917.24,0.56959
5918.14,0.56963
5919.04,0.57124
5919.94,0.5725
5920.84,0.57551
5921.74,0.57619
5922.64,0.57794
5923.54,0.579
5924.44,0.58031
5925.34,0.58117
5926.24,0.5796
5927.14,0.58203
5928.04,0.57844
5928.94,0.57822
5929.84,0.5767
5930.74,0.57805
5931.64,0.57713
5932.54,0.57608
5933.44,0.57516
5934.34,0.57885
5935.24,0.57723
5936.14,0.57651
5937.04,0.57896
5937.94,0.58026
5938.85,0.582
5939.75,0.58193
5940.65,0.58285
5941.55,0.58184
5942.45,0.57962
5943.35,0.58088
5944.25,0.58054
5945.15,0.57908
5946.05,0.58202
5946.95,0.58019
5947.85,0.57911
5948.75,0.58012
5949.65,0.57873
5950.55,0.57809
5951.45,0.57631
5952.35,0.57543
5953.25,0.57344
5954.15,0.5736
5955.05,0.57432
5955.95,0.57493
5956.85,0.5739
5957.75,0.57574
5958.65,0.57665
5959.55,0.5773
5960.45,0.5794
5961.35,0.57774
5962.25,0.58037
5963.15,0.58184
5964.05,0.5837
5964.95,0.58467
5965.85,0.58627
5966.75,0.58746
5967.65,0.58727
5968.55,0.58807
5969.45,0.59066
5970.35,0.58972
5971.25,0.58972
5972.15,0.59157
5973.05,0.5875
5973.95,0.58807
5974.85,0.58813
5975.75,0.58228
5976.65,0.58478
5977.56,0.57853
5978.46,0.57743
5979.36,0.57734
5980.26,0.57566
5981.16,0.57596
5982.06,0.57258
5982.96,0.57417
5983.86,0.56945
5984.76,0.57067
5985.66,0.5724
5986.56,0.57045
5987.46,0.56973
5988.36,0.56996
5989.26,0.57287
5990.16,0.5722
5991.06,0.57511
5991.96,0.57576
5992.86,0.57844
5993.76,0.5802
5994.66,0.57864
5995.56,0.57711
5996.46,0.57642
5997.36,0.57744
5998.26,0.57837
5999.16,0.5747
6000.06,0.57519
6000.96,0.57442
6001.86,0.57469
6002.76,0.57119
6003.66,0.57157
6004.56,0.57119
6005.46,0.56975
6006.36,0.57108
6007.26,0.56822
6008.16,0.56497
6009.06,0.56793
6009.96,0.56696
6010.86,0.5668
6011.76,0.56528
6012.67,0.56649
6013.56,0.56527
6014.47,0.56712
6015.37,0.56475
6016.27,0.56607
6017.17,0.56478
6018.07,0.56179
6018.97,0.5617
6019.87,0.56183
6020.77,0.56286
6021.67,0.56197
6022.57,0.56279
6023.47,0.56495
6024.37,0.56646
6025.27,0.56539
6026.17,0.56734
6027.07,0.5722
6027.97,0.57268
6028.87,0.57818
6029.77,0.58177
6030.67,0.58169
6031.57,0.583
6032.47,0.58755
6033.37,0.58782
6034.27,0.58935
6035.17,0.58757
6036.07,0.58865
6036.97,0.59052
6037.87,0.59211
6038.77,0.58944
6039.67,0.58938
6040.57,0.59039
6041.47,0.5907
6042.37,0.59022
6043.27,0.5891
6044.17,0.5907
6045.07,0.59163
6045.97,0.594
6046.87,0.59295
6047.77,0.59158
6048.67,0.59512
6049.57,0.59454
6050.47,0.59312
6051.38,0.59169
6052.28,0.59073
6053.18,0.58916
6054.08,0.58589
6054.98,0.58399
6055.88,0.58294
6056.78,0.58248
6057.68,0.58152
6058.58,0.58087
6059.48,0.57993
6060.38,0.58184
6061.28,0.57872
6062.18,0.58026
6063.08,0.5794
6063.98,0.57846
6064.88,0.57806
6065.78,0.57845
6066.68,0.58023
6067.58,0.58161
6068.48,0.58531
6069.38,0.58704
6070.28,0.58957
6071.18,0.59307
6072.08,0.59365
6072.98,0.5961
6073.88,0.59428
6074.78,0.59475
6075.68,0.59443
6076.58,0.59052
6077.48,0.58942
6078.38,0.58608
6079.28,0.58451
6080.18,0.57967
6081.08,0.57792
6081.98,0.57639
6082.88,0.57386
6083.78,0.57426
6084.68,0.57202
6085.58,0.57301
6086.48,0.57187
6087.38,0.57326
6088.28,0.57069
6089.19,0.57003
6090.09,0.57099
6090.99,0.56952
6091.89,0.56944
6092.79,0.57235
6093.69,0.57229
6094.59,0.57021
6095.49,0.5729
6096.39,0.57304
6097.29,0.57171
6098.19,0.57594
6099.09,0.57299
6099.99,0.57427
6100.89,0.57026
6101.79,0.56791
6102.69,0.56579
6103.59,0.56214
6104.49,0.56406
6105.39,0.56204
6106.29,0.56247
6107.19,0.56504
6108.09,0.56636
6108.99,0.5706
6109.89,0.57336
6110.79,0.57667
6111.69,0.57683
6112.59,0.57758
6113.49,0.57986
6114.39,0.58126
6115.29,0.58002
6116.19,0.57949
6117.09,0.57949
6117.99,0.57631
6118.89,0.57551
6119.79,0.57008
6120.69,0.56962
6121.59,0.56891
6122.49,0.56407
6123.39,0.56468
6124.29,0.56297
6125.19,0.56254
6126.1,0.56352
6127.0,0.56461
6127.9,0.56509
6128.8,0.56718
6129.7,0.56617
6130.6,0.56662
6131.5,0.56713
6132.4,0.56766
6133.3,0.5668
6134.2,0.56211
6135.1,0.55931
6136.0,0.55612
6136.9,0.55481
6137.8,0.54853
6138.7,0.54899
6139.6,0.54844
6140.5,0.5476
6141.4,0.5506
6142.3,0.55529
6143.2,0.55835
6144.1,0.56231
6145.0,0.56526
6145.9,0.56813
6146.8,0.56829
6147.7,0.57059
6148.6,0.57136
6149.5,0.57025
6150.4,0.56768
6151.3,0.56662
6152.2,0.56535
6153.1,0.56472
6154.0,0.56312
6154.9,0.563
6155.8,0.55992
6156.7,0.5561
6157.6,0.55303
6158.5,0.54969
6159.4,0.54673
6160.3,0.54133
6161.2,0.53459
6162.1,0.53231
6163.01,0.5284
6163.91,0.52406
6164.81,0.52247
6165.71,0.52315
6166.61,0.52297
6167.51,0.52389
6168.41,0.52517
6169.31,0.52813
6170.21,0.52952
6171.11,0.53275
6172.01,0.53252
6172.91,0.53425
6173.81,0.5393
6174.71,0.5417
6175.61,0.54442
6176.51,0.54711
6177.41,0.54853
6178.31,0.55116
6179.21,0.55221
6180.11,0.55439
6181.01,0.55901
6181.91,0.55792
6182.81,0.55842
6183.71,0.55769
6184.61,0.55645
6185.51,0.55494
6186.41,0.55291
6187.31,0.55019
6188.21,0.5503
6189.11,0.54669
6190.01,0.54276
6190.91,0.54288
6191.81,0.53733
6192.71,0.54143
6193.61,0.54078
6194.51,0.54317
6195.41,0.54325
6196.31,0.54536
6197.21,0.54853
6198.11,0.55197
6199.01,0.55512
6199.92,0.55277
6200.82,0.55493
6201.72,0.55745
6202.62,0.55772
6203.52,0.5579
6204.42,0.55955
6205.32,0.5606
6206.22,0.56119
6207.12,0.5636
6208.02,0.55918
6208.92,0.56088
6209.82,0.55912
6210.72,0.55397
6211.62,0.5523
6212.52,0.54636
6213.42,0.54415
6214.32,0.53904
6215.22,0.53688
6216.12,0.53395
6217.02,0.53212
6217.92,0.52852
6218.82,0.52878
6219.72,0.52727
6220.62,0.5295
6221.52,0.53063
6222.42,0.53067
6223.32,0.53184
6224.22,0.53227
6225.12,0.53356
6226.02,0.53325
6226.92,0.53506
6227.82,0.53379
6228.72,0.53204
6229.62,0.53142
6230.52,0.52772
6231.42,0.52895
6232.32,0.52791
6233.22,0.52892
6234.12,0.52957
6235.02,0.52929
6235.92,0.5313
6236.83,0.53152
6237.73,0.53402
6238.63,0.53151
6239.53,0.53285
6240.43,0.53082
6241.33,0.52932
6242.23,0.52689
6243.13,0.52537
6244.03,0.52253
6244.93,0.52206
6245.83,0.52351
6246.73,0.52161
6247.63,0.52231
6248.53,0.52198
6249.43,0.52657
6250.33,0.52474
6251.23,0.52419
6252.13,0.52284
6253.03,0.52281
6253.93,0.51833
6254.83,0.51868
6255.73,0.51515
6256.63,0.51285
6257.53,0.51312
6258.43,0.51514
6259.33,0.51555
6260.23,0.51689
6261.13,0.51954
6262.03,0.52347
6262.93,0.52832
6263.83,0.53117
6264.73,0.53284
6265.63,0.53615
6266.53,0.53745
6267.43,0.53794
6268.33,0.54067
6269.23,0.5406
6270.13,0.54338
6271.03,0.54488
6271.93,0.54458
6272.83,0.54495
6273.73,0.54408
6274.64,0.54714
6275.54,0.54494
6276.44,0.54673
6277.34,0.54577
6278.24,0.54392
6279.14,0.5444
6280.04,0.54298
6280.94,0.54327
6281.84,0.54602
6282.74,0.54612
6283.64,0.54756
6284.54,0.54877
6285.44,0.54821
6286.34,0.5537
6287.24,0.55105
6288.14,0.5545
6289.04,0.554
6289.94,0.55551
6290.84,0.55243
6291.74,0.55584
6292.64,0.55101
6293.54,0.55078
6294.44,0.54795
6295.34,0.54545
6296.24,0.54273
6297.14,0.54319
6298.04,0.53957
6298.94,0.53953
6299.84,0.53637
6300.74,0.53559
6301.64,0.53432
6302.54,0.53517
6303.44,0.53499
6304.34,0.53921
6305.24,0.53707
6306.14,0.54163
6307.04,0.54211
6307.94,0.54352
6308.84,0.54506
6309.74,0.54653
6310.64,0.5476
6311.54,0.54534
6312.45,0.54338
6313.35,0.54151
6314.25,0.53862
6315.15,0.53561
6316.05,0.53523
6316.95,0.53137
6317.85,0.52887
6318.75,0.52852
6319.65,0.52976
6320.55,0.53209
6321.45,0.53393
6322.35,0.53468
6323.25,0.5363
6324.15,0.54071
6325.05,0.54392
6325.95,0.54623
6326.85,0.54761
6327.75,0.55068
6328.65,0.55331
6329.55,0.5537
6330.45,0.55165
6331.35,0.55225
6332.25,0.55134
6333.15,0.55025
6334.05,0.54774
6334.95,0.54563
6335.85,0.54218
6336.75,0.54145
6337.65,0.54056
6338.55,0.53772
6339.45,0.53869
6340.35,0.53865
6341.25,0.53807
6342.15,0.5351
6343.05,0.53722
6343.95,0.53939
6344.85,0.53723
6345.75,0.5394
6346.65,0.53821
6347.55,0.53938
6348.46,0.54176
6349.35,0.54231
6350.26,0.54302
6351.16,0.5438
6352.06,0.54583
6352.96,0.54737
6353.86,0.54537
6354.76,0.54211
6355.66,0.53978
6356.56,0.53844
6357.46,0.53496
6358.36,0.53001
6359.26,0.52694
6360.16,0.52494
6361.06,0.52278
6361.96,0.51811
6362.86,0.51806
6363.76,0.51621
6364.66,0.5198
6365.56,0.52216
6366.46,0.52393
6367.36,0.52876
6368.26,0.53275
6369.16,0.53635
6370.06,0.54146
6370.96,0.54404
6371.86,0.54639
6372.76,0.54874
6373.66,0.54951
6374.56,0.55153
6375.46,0.55432
6376.36,0.55438
6377.26,0.55377
6378.16,0.55542
6379.06,0.55364
6379.96,0.55326
6380.86,0.55127
6381.76,0.55112
6382.66,0.55178
6383.56,0.55269
6384.46,0.55109
6385.36,0.5529
6386.27,0.55054
6387.17,0.55382
6388.07,0.55499
6388.97,0.55309
6389.87,0.55179
6390.77,0.55151
6391.67,0.55009
6392.57,0.54971
6393.47,0.54751
6394.37,0.54558
6395.27,0.54438
6396.17,0.54542
6397.07,0.54194
6397.97,0.54047
6398.87,0.54358
6399.77,0.54199
6400.67,0.54445
6401.57,0.54104
6402.47,0.54449
6403.37,0.54489
6404.27,0.54511
6405.17,0.54561
6406.07,0.5463
6406.97,0.54425
6407.87,0.54372
6408.77,0.54523
6409.67,0.54486
6410.57,0.54095
6411.47,0.54191
6412.37,0.54178
6413.27,0.54137
6414.17,0.53826
6415.07,0.54122
6415.97,0.54036
6416.87,0.53951
6417.77,0.5399
6418.67,0.54091
6419.57,0.54018
6420.47,0.53977
6421.37,0.54084
6422.27,0.54249
6423.17,0.54128
6424.08,0.54537
6424.98,0.5462
6425.88,0.54889
6426.78,0.54869
6427.68,0.55052
6428.58,0.55273
6429.48,0.55145
6430.38,0.54942
6431.28,0.54911
6432.18,0.5457
6433.08,0.54731
6433.98,0.54498
6434.88,0.54598
6435.78,0.54733
6436.68,0.54695
6437.58,0.54816
6438.48,0.54755
6439.38,0.54887
6440.28,0.54895
6441.18,0.55121
6442.08,0.55253
6442.98,0.55363
6443.88,0.55616
6444.78,0.55643
6445.68,0.55667
6446.58,0.55608
6447.48,0.5556
6448.38,0.55082
6449.28,0.54442
6450.18,0.54391
6451.08,0.54376
6451.98,0.53989
6452.88,0.54069
6453.78,0.53736
6454.68,0.53842
6455.58,0.53931
6456.48,0.54123
6457.38,0.54325
6458.28,0.54304
6459.18,0.5451
6460.08,0.54693
6460.98,0.54404
6461.89,0.54394
6462.79,0.5438
6463.69,0.54193
6464.59,0.5457
6465.49,0.54408
6466.39,0.54483
6467.29,0.54499
6468.19,0.54825
6469.09,0.54566
6469.99,0.54907
6470.89,0.5477
6471.79,0.54974
6472.69,0.55037
6473.59,0.54769
6474.49,0.55056
6475.39,0.55025
6476.29,0.54893
6477.19,0.54961
6478.09,0.54754
6478.99,0.54616
6479.89,0.54556
6480.79,0.54384
6481.69,0.54386
6482.59,0.54245
6483.49,0.54228
6484.39,0.54069
6485.29,0.5413
6486.19,0.53962
6487.09,0.53837
6487.99,0.53871
6488.89,0.5374
6489.79,0.53436
6490.69,0.53019
6491.59,0.52649
6492.49,0.52264
6493.39,0.51746
6494.29,0.50937
6495.19,0.50693
6496.09,0.50034
6496.99,0.5005
6497.9,0.49742
6498.79,0.49929
6499.7,0.50078
6500.6,0.50577
6501.5,0.50856
6502.4,0.51511
6503.3,0.51774
6504.2,0.52526
6505.1,0.52834
6506.0,0.53145
6506.9,0.53622
6507.8,0.53764
6508.7,0.53975
6509.6,0.53964
6510.5,0.54002
6511.4,0.54142
6512.3,0.54107
6513.2,0.54203
6514.1,0.53894
6515.0,0.54088
6515.9,0.53769
6516.8,0.53642
6517.7,0.53746
6518.6,0.53536
6519.5,0.53373
6520.4,0.53595
6521.3,0.53471
6522.2,0.53634
6523.1,0.53714
6524.0,0.53985
6524.9,0.53898
6525.8,0.53727
6526.7,0.53947
6527.6,0.53668
6528.5,0.53692
6529.4,0.53993
6530.3,0.54011
6531.2,0.54088
6532.1,0.53942
6533.0,0.5382
6533.9,0.53876
6534.8,0.53789
6535.71,0.54055
6536.61,0.54024
6537.51,0.53995
6538.41,0.54245
6539.31,0.5414
6540.21,0.54016
6541.11,0.53933
6542.01,0.53927
6542.91,0.5374
6543.81,0.53537
6544.71,0.53199
6545.61,0.53022
6546.51,0.52509
6547.41,0.52579
6548.31,0.52389
6549.21,0.52221
6550.11,0.51868
6551.01,0.51829
6551.91,0.51511
6552.81,0.51312
6553.71,0.507
6554.61,0.50385
6555.51,0.49993
6556.41,0.49207
6557.31,0.48768
6558.21,0.47873
6559.11,0.47131
6560.01,0.46191
6560.91,0.45283
6561.81,0.44548
6562.71,0.43866
6563.61,0.43483
6564.51,0.43073
6565.41,0.43412
6566.31,0.43712
6567.21,0.44318
6568.11,0.45095
6569.01,0.45962
6569.91,0.46733
6570.81,0.47629
6571.71,0.48239
6572.61,0.48852
6573.52,0.49215
6574.42,0.49719
6575.32,0.49817
6576.22,0.50299
6577.12,0.50595
6578.02,0.50548
6578.92,0.5109
6579.82,0.51117
6580.72,0.51586
6581.62,0.51462
6582.52,0.51806
6583.42,0.51954
6584.32,0.51979
6585.22,0.52029
6586.12,0.52179
6587.02,0.52379
6587.92,0.52466
6588.82,0.52393
6589.72,0.521
6590.62,0.5211
6591.52,0.51985
6592.42,0.51717
6593.32,0.51781
6594.22,0.51361
6595.12,0.51524
6596.02,0.51516
6596.92,0.51598
6597.82,0.51487
6598.72,0.51596
6599.62,0.51801
6600.52,0.51992
6601.42,0.5215
6602.32,0.52271
6603.22,0.5251
6604.12,0.52375
6605.02,0.52518
6605.92,0.52357
6606.82,0.52289
6607.72,0.52241
6608.62,0.52281
6609.52,0.52114
6610.43,0.52141
6611.33,0.52313
6612.23,0.522
6613.13,0.52425
6614.03,0.5252
6614.93,0.5287
6615.83,0.52629
6616.73,0.52942
6617.63,0.53302
6618.53,0.53296
6619.43,0.53431
6620.33,0.53376
6621.23,0.53348
6622.13,0.53163
6623.03,0.53088
6623.93,0.53013
6624.83,0.53052
6625.73,0.52826
6626.63,0.52685
6627.53,0.5229
6628.43,0.5248
6629.33,0.52286
6630.23,0.5211
6631.13,0.52148
6632.03,0.51936
6632.93,0.51731
6633.83,0.51754
6634.73,0.51584
6635.63,0.51526
6636.53,0.51549
6637.43,0.51572
6638.33,0.51624
6639.23,0.51778
6640.13,0.51802
6641.03,0.5191
6641.93,0.51956
6642.83,0.52209
6643.73,0.51957
6644.63,0.51792
6645.53,0.52076
6646.43,0.51901
6647.34,0.52182
6648.24,0.5202
6649.14,0.52154
6650.04,0.52079
6650.94,0.52293
6651.84,0.52141
6652.74,0.52138
6653.64,0.52219
6654.54,0.52185
6655.44,0.52069
6656.34,0.52164
6657.24,0.52135
6658.14,0.51897
6659.04,0.51936
6659.94,0.51722
6660.84,0.51589
6661.74,0.51373
6662.64,0.51282
6663.54,0.51114
6664.44,0.50974
6665.34,0.50956
6666.24,0.5101
6667.14,0.5117
6668.04,0.51084
6668.94,0.51158
6669.84,0.51281
6670.74,0.51523
6671.64,0.51697
6672.54,0.51597
6673.44,0.51722
6674.34,0.51805
6675.24,0.51817
6676.14,0.51613
6677.04,0.5137
6677.94,0.51482
6678.84,0.51286
6679.74,0.51104
6680.64,0.51231
6681.54,0.51357
6682.44,0.51111
6683.34,0.51224
6684.24,0.51531
6685.15,0.51446
6686.05,0.51588
6686.95,0.51696
6687.85,0.51774
6688.75,0.51862
6689.65,0.51807
6690.55,0.51973
6691.45,0.51861
6692.35,0.51796
6693.25,0.51592
6694.15,0.51396
6695.05,0.51515
6695.95,0.51442
6696.85,0.51244
6697.75,0.51145
6698.65,0.51165
6699.55,0.51028
6700.45,0.51178
6701.35,0.50955
6702.25,0.51099
6703.15,0.51207
6704.05,0.50997
6704.95,0.51077
6705.85,0.51111
6706.75,0.51202
6707.65,0.51125
6708.55,0.51001
6709.45,0.50913
6710.35,0.51034
6711.25,0.50905
6712.15,0.50711
6713.05,0.50368
6713.95,0.50356
6714.85,0.50116
6715.75,0.50013
6716.65,0.49914
6717.55,0.49765
6718.45,0.49689
6719.35,0.49874
6720.25,0.49806
6721.16,0.50004
6722.06,0.50082
6722.96,0.50378
6723.86,0.50211
6724.76,0.50597
6725.66,0.50629
6726.56,0.50666
6727.46,0.50545
6728.36,0.50913
6729.26,0.5077
6730.16,0.5102
6731.06,0.51198
6731.96,0.51135
6732.86,0.51024
6733.76,0.51098
6734.66,0.51032
6735.56,0.50962
6736.46,0.50904
6737.36,0.50752
6738.26,0.50811
6739.16,0.50727
6740.06,0.50617
6740.96,0.50445
6741.86,0.504
6742.76,0.50509
6743.66,0.50575
6744.56,0.5036
6745.46,0.50195
6746.36,0.50061
6747.26,0.50034
6748.16,0.49844
6749.06,0.5
6749.96,0.50081
6750.86,0.4999
6751.76,0.49876
6752.66,0.49769
6753.56,0.50028
6754.46,0.50233
6755.36,0.50479
6756.26,0.5054
6757.16,0.50697
6758.06,0.50614
6758.97,0.50816
6759.87,0.5094
6760.77,0.51038
6761.67,0.51132
6762.57,0.51107
6763.47,0.5104
6764.37,0.51012
6765.27,0.50871
6766.17,0.50934
6767.07,0.50688
6767.97,0.50872
6768.87,0.50637
6769.77,0.50609
6770.67,0.5073
6771.57,0.50704
6772.47,0.50723
6773.37,0.50842
6774.27,0.51099
6775.17,0.5113
6776.07,0.51228
6776.97,0.51521
6777.87,0.51456
6778.77,0.51376
6779.67,0.51677
6780.57,0.51203
6781.47,0.51281
6782.37,0.51181
6783.27,0.50938
6784.17,0.50682
6785.07,0.50719
6785.97,0.50352
6786.87,0.50204
6787.77,0.50188
6788.67,0.50112
6789.57,0.50411
6790.47,0.50441
6791.37,0.5033
6792.27,0.50433
6793.17,0.50247
6794.07,0.50558
6794.97,0.50332
6795.88,0.50609
6796.78,0.50508
6797.68,0.50382
6798.58,0.50757
6799.48,0.50586
6800.38,0.50572
6801.28,0.50705
6802.18,0.50594
6803.08,0.50673
6803.98,0.50674
6804.88,0.5081
6805.78,0.507
6806.68,0.50696
6807.58,0.50924
6808.48,0.50839
6809.38,0.50754
6810.28,0.50612
6811.18,0.50647
6812.08,0.50862
6812.98,0.50835
6813.88,0.50939
6814.78,0.50634
6815.68,0.50549
6816.58,0.50769
6817.48,0.50635
6818.38,0.50895
6819.28,0.50953
6820.18,0.50873
6821.08,0.50799
6821.98,0.50978
6822.88,0.51121
6823.78,0.50801
6824.68,0.5109
6825.58,0.51273
6826.48,0.51092
6827.38,0.50858
6828.28,0.51012
6829.18,0.50974
6830.08,0.51002
6830.98,0.51099
6831.88,0.51039
6832.79,0.50691
6833.69,0.50898
6834.59,0.50849
6835.49,0.50788
6836.39,0.50738
6837.29,0.50767
6838.19,0.50498
6839.09,0.50332
6839.99,0.49945
6840.89,0.49836
6841.79,0.49456
6842.69,0.496
6843.59,0.49803
6844.49,0.4952
6845.39,0.49523
6846.29,0.49955
6847.19,0.49979
6848.09,0.50162
6848.99,0.50302
6849.89,0.50428
6850.79,0.50328
6851.69,0.50417
6852.59,0.50338
6853.49,0.50315
6854.39,0.50154
6855.29,0.50059
6856.19,0.49917
6857.09,0.49953
6857.99,0.49823
6858.89,0.49776
6859.79,0.4957
6860.69,0.49691
6861.59,0.49764
6862.49,0.49754
6863.39,0.49676
6864.29,0.49773
6865.19,0.49792
6866.09,0.50066
6866.99,0.50003
6867.89,0.49833
6868.79,0.49904
6869.7,0.4991
6870.6,0.49884
6871.5,0.5019
6872.4,0.49887
6873.3,0.50031
6874.2,0.49726
6875.1,0.49964
6876.0,0.49771
6876.9,0.50169
6877.8,0.50061
6878.7,0.50211
6879.6,0.50172
6880.5,0.50188
6881.4,0.50277
6882.3,0.50393
6883.2,0.50269
6884.1,0.50148
6885.0,0.50144
6885.9,0.50384
6886.8,0.50427
6887.7,0.50356
6888.6,0.50705
6889.5,0.50845
6890.4,0.5098
6891.3,0.51009
6892.2,0.51188
6893.1,0.51061
6894.0,0.51291
6894.9,0.51386
6895.8,0.51251
6896.7,0.51199
6897.6,0.51187
6898.5,0.51113
6899.4,0.51245
6900.3,0.51363
6901.2,0.5126
6902.1,0.51483
6903.0,0.51427
6903.9,0.51405
6904.8,0.51356
6905.7,0.51412
6906.6,0.51252
6907.51,0.515
6908.41,0.51536
6909.31,0.51289
6910.21,0.51402
6911.11,0.51389
6912.01,0.50998
6912.91,0.51259
6913.81,0.51068
6914.71,0.50894
6915.61,0.50838
6916.51,0.50808
6917.41,0.50778
6918.31,0.50549
6919.21,0.50828
6920.11,0.5077
6921.01,0.50709
6921.91,0.5075
6922.81,0.50627
6923.71,0.50706
6924.61,0.50736
6925.51,0.5059
6926.41,0.50621
6927.31,0.5055
6928.21,0.5065
6929.11,0.50583
6930.01,0.50508
6930.91,0.50811
6931.81,0.50672
6932.71,0.50763
6933.61,0.50533
6934.51,0.50886
6935.41,0.5062
6936.31,0.50831
6937.21,0.50792
6938.11,0.5073
6939.01,0.51028
6939.91,0.5106
6940.81,0.50906
6941.71,0.5082
6942.61,0.50678
6943.52,0.50786
6944.42,0.50682
6945.31,0.50669
6946.22,0.50432
6947.12,0.50513
6948.02,0.50276
6948.92,0.50197
6949.82,0.50327
6950.72,0.50123
6951.62,0.50344
6952.52,0.50215
6953.42,0.50512
6954.32,0.50269
6955.22,0.50644
6956.12,0.50591
6957.02,0.50405
6957.92,0.50591
6958.82,0.50498
6959.72,0.50787
6960.62,0.50993
6961.52,0.50918
6962.42,0.50978
6963.32,0.51044
6964.22,0.51261
6965.12,0.51286
6966.02,0.51045
6966.92,0.51132
6967.82,0.51168
6968.72,0.50995
6969.62,0.51187
6970.52,0.5113
6971.42,0.5102
6972.32,0.50866
6973.22,0.50706
6974.12,0.50739
6975.02,0.50358
6975.92,0.50147
6976.82,0.50051
6977.72,0.4994
6978.62,0.49857
6979.52,0.49576
6980.42,0.49816
6981.33,0.49802
6982.23,0.49886
6983.12,0.49851
6984.03,0.502
6984.93,0.50305
6985.83,0.50512
6986.73,0.51003
6987.63,0.5108
6988.53,0.5125
6989.43,0.51246
6990.33,0.51268
6991.23,0.512
6992.13,0.51256
6993.03,0.51168
6993.93,0.51169
6994.83,0.51203
6995.73,0.50952
6996.63,0.51064
6997.53,0.51167
6998.43,0.51194
6999.33,0.50732
7000.23,0.50685
7001.13,0.50694
7002.03,0.50239
7002.93,0.50573
7003.83,0.50464
7004.73,0.50146
7005.63,0.50266
7006.53,0.50249
7007.43,0.50153
7008.33,0.50241
7009.23,0.5018
7010.13,0.50062
7011.03,0.50254
7011.93,0.50222
7012.83,0.50059
7013.73,0.49978
7014.63,0.50002
7015.53,0.49951
7016.43,0.50051
7017.33,0.49807
7018.23,0.49908
7019.14,0.49849
7020.04,0.49796
7020.94,0.49887
7021.84,0.50035
7022.74,0.50143
7023.64,0.50067
7024.54,0.50034
7025.44,0.49952
7026.34,0.5018
7027.24,0.4989
7028.14,0.50048
7029.04,0.49831
7029.94,0.50311
7030.84,0.50279
7031.74,0.50065
7032.64,0.50127
7033.54,0.50301
7034.44,0.50474
7035.34,0.50518
7036.24,0.50466
7037.14,0.50382
7038.04,0.50704
7038.94,0.50773
7039.84,0.5062
7040.74,0.50975
7041.64,0.51054
7042.54,0.51452
7043.44,0.51509
7044.34,0.51743
7045.24,0.52005
7046.14,0.51928
7047.04,0.5203
7047.94,0.51979
7048.84,0.51861
7049.74,0.519
7050.64,0.51556
7051.54,0.51584
7052.44,0.50914
7053.34,0.50752
7054.25,0.50397
7055.15,0.50153
7056.04,0.49793
7056.95,0.49492
7057.85,0.49205
7058.75,0.49015
7059.65,0.48828
7060.55,0.48684
7061.45,0.48496
7062.35,0.48358
7063.25,0.48397
7064.15,0.48423
7065.05,0.48436
7065.95,0.48292
7066.85,0.48203
7067.75,0.48269
7068.65,0.48407
7069.55,0.48335
7070.45,0.48328
7071.35,0.48448
7072.25,0.48758
7073.15,0.48671
7074.05,0.48842
7074.95,0.49065
7075.85,0.48984
7076.75,0.49061
7077.65,0.49247
7078.55,0.49269
7079.45,0.49245
7080.35,0.49162
7081.25,0.48886
7082.15,0.4892
7083.05,0.48589
7083.95,0.48367
7084.85,0.48024
7085.75,0.4772
7086.65,0.47458
7087.55,0.47203
7088.45,0.47124
7089.35,0.46806
7090.25,0.46545
7091.15,0.4659
7092.06,0.46349
7092.96,0.46359
7093.85,0.46511
7094.76,0.46503
7095.66,0.46411
7096.56,0.4666
7097.46,0.46542
7098.36,0.46735
7099.26,0.46441
7100.16,0.46696
7101.06,0.46703
7101.96,0.4687
7102.86,0.4681
7103.76,0.47001
7104.66,0.47042
7105.56,0.46998
7106.46,0.46961
7107.36,0.4699
7108.26,0.46857
7109.16,0.46867
7110.06,0.46831
7110.96,0.46793
7111.86,0.46794
7112.76,0.46764
7113.66,0.46833
7114.56,0.46513
7115.46,0.4646
7116.36,0.46714
7117.26,0.46807
7118.16,0.46607
7119.06,0.46824
7119.96,0.46765
7120.86,0.46736
7121.76,0.46636
7122.66,0.46625
7123.56,0.46786
7124.46,0.46425
7125.36,0.46601
7126.26,0.46407
7127.16,0.46437
7127.27,0.46224
7128.17,0.46317
7129.07,0.46275
7129.96,0.46222
7130.86,0.46162
7131.75,0.4595
7132.65,0.46159
7133.55,0.46248
7134.44,0.46172
7135.34,0.46101
7136.23,0.46508
7137.13,0.46464
7138.03,0.46818
7138.92,0.46832
7139.82,0.46708
7140.71,0.46848
7141.61,0.46795
7142.5,0.4701
7143.4,0.4682
7144.3,0.46716
7145.19,0.46591
7146.09,0.46686
7146.98,0.46554
7147.88,0.46702
7148.78,0.46485
7149.67,0.46429
7150.57,0.46556
7151.46,0.46856
7152.36,0.46763
7153.26,0.46876
7154.15,0.46973
7155.05,0.47054
7155.94,0.47192
7156.84,0.47284
7157.74,0.47265
7158.63,0.47329
7159.53,0.47219
7160.42,0.47153
7161.32,0.47027
7162.21,0.47024
7163.11,0.46671
7164.01,0.46845
7164.9,0.46712
7165.8,0.46569
7166.69,0.46796
7167.59,0.468
7168.49,0.4669
7169.38,0.46839
7170.28,0.4707
7171.17,0.47171
7172.07,0.47296
7172.96,0.47456
7173.86,0.47349
7174.76,0.4754
7175.65,0.47623
7176.55,0.474
7177.44,0.47256
7178.34,0.47203
7179.24,0.46926
7180.13,0.4703
7181.03,0.46731
7181.92,0.46562
7182.82,0.4663
7183.72,0.46401
7184.61,0.46523
7185.51,0.46296
7186.4,0.46342
7187.3,0.46253
7188.19,0.46065
7189.09,0.46008
7189.99,0.45962
7190.88,0.45881
7191.78,0.46002
7192.67,0.46089
7193.57,0.45957
7194.47,0.46058
7195.36,0.46144
7196.26,0.46148
7197.15,0.46562
7198.05,0.46396
7198.95,0.46486
7199.84,0.46637
7200.74,0.46712
7201.63,0.46592
7202.53,0.46777
7203.43,0.4671
7204.32,0.46764
7205.22,0.46679
7206.11,0.46565
7207.01,0.46535
7207.9,0.46533
7208.8,0.46489
7209.7,0.46447
7210.59,0.46614
7211.49,0.46503
7212.38,0.46618
7213.28,0.46691
7214.18,0.46546
7215.07,0.46817
7215.97,0.46988
7216.86,0.47094
7217.76,0.46839
7218.66,0.47062
7219.55,0.47257
7220.45,0.47253
7221.34,0.47288
7222.24,0.47335
7223.13,0.47392
7224.03,0.4733
7224.93,0.47425
7225.82,0.47447
7226.72,0.47581
7227.61,0.47674
7228.51,0.47733
7229.41,0.48008
7230.3,0.47951
7231.2,0.48126
7232.09,0.48298
7232.99,0.482
7233.89,0.48323
7234.78,0.4836
7235.68,0.48385
7236.57,0.48243
7237.47,0.48509
7238.36,0.48288
7239.26,0.48202
7240.16,0.48325
7241.05,0.48208
7241.95,0.48148
7242.84,0.48182
7243.74,0.48079
7244.64,0.48078
7245.53,0.481
7246.43,0.48188
7247.32,0.48157
7248.22,0.48315
7249.12,0.48124
7250.01,0.48011
7250.91,0.48187
7251.8,0.48061
7252.7,0.4813
7253.6,0.48263
7254.49,0.48177
7255.39,0.48048
7256.28,0.48251
7257.18,0.48086
7258.07,0.48162
7258.97,0.48159
7259.87,0.48154
7260.76,0.48214
7261.66,0.48317
7262.55,0.48296
7263.45,0.48172
7264.35,0.48251
7265.24,0.48317
7266.14,0.48503
7267.03,0.48305
7267.93,0.48362
7268.83,0.48469
7269.72,0.48446
7270.62,0.48732
7271.51,0.48522
7272.41,0.48489
7273.3,0.48628
7274.2,0.48392
7275.1,0.4835
7275.99,0.48298
7276.89,0.48219
7277.78,0.48314
7278.68,0.48167
7279.58,0.48144
7280.47,0.47907
7281.37,0.47758
7282.26,0.47509
7283.16,0.47279
7284.06,0.47221
7284.95,0.47429
7285.85,0.47152
7286.74,0.46949
7287.64,0.47041
7288.53,0.4687
7289.43,0.46805
7290.33,0.46854
7291.22,0.4682
7292.12,0.47022
7293.01,0.47127
7293.91,0.47362
7294.81,0.47539
7295.7,0.47444
7296.6,0.4778
7297.49,0.4794
7298.39,0.47973
7299.29,0.48012
7300.18,0.48401
7301.08,0.48386
7301.97,0.48351
7302.87,0.48502
7303.76,0.48466
7304.66,0.48522
7305.56,0.48416
7306.45,0.48313
7307.35,0.48485
7308.24,0.48325
7309.14,0.48318
7310.04,0.48477
7310.93,0.48327
7311.83,0.48476
7312.72,0.48609
7313.62,0.48401
7314.52,0.48215
7315.41,0.48598
7316.31,0.48528
7317.2,0.48699
7318.1,0.48662
7318.99,0.48524
7319.89,0.48738
7320.79,0.48627
7321.68,0.48673
7322.58,0.48541
7323.47,0.48514
7324.37,0.4833
7325.27,0.4862
7326.16,0.48502
7327.06,0.48412
7327.95,0.48447
7328.85,0.48441
7329.75,0.48586
7330.64,0.48755
7331.54,0.48908
7332.43,0.48902
7333.33,0.48874
7334.22,0.49014
7335.12,0.49035
7336.02,0.49276
7336.91,0.49335
7337.81,0.49677
7338.7,0.49565
7339.6,0.49572
7340.5,0.49765
7341.39,0.4971
7342.29,0.49797
7343.18,0.49727
7344.08,0.49766
7344.98,0.49604
7345.87,0.49614
7346.77,0.49492
7347.66,0.49531
7348.56,0.49086
7349.45,0.49218
7350.35,0.49163
7351.25,0.48957
7352.14,0.48786
7353.04,0.48801
7353.93,0.48671
7354.83,0.48514
7355.73,0.48487
7356.62,0.48419
7357.52,0.48445
7358.41,0.48434
7359.31,0.48369
7360.21,0.48473
7361.1,0.4844
7362.0,0.48465
7362.89,0.48405
7363.79,0.48504
7364.69,0.48799
7365.58,0.48937
7366.48,0.48915
7367.37,0.48854
7368.27,0.49215
7369.16,0.49408
7370.06,0.49629
7370.96,0.49689
7371.85,0.49677
7372.75,0.4965
7373.64,0.4983
7374.54,0.50173
7375.44,0.50005
7376.33,0.50034
7377.23,0.50107
7378.12,0.50036
7379.02,0.50027
7379.92,0.50015
7380.81,0.49798
7381.71,0.49675
7382.6,0.49522
7383.5,0.49451
7384.39,0.49223
7385.29,0.49123
7386.19,0.48906
7387.08,0.48563
7387.98,0.48507
7388.87,0.48442
7389.77,0.48374
7390.67,0.48379
7391.56,0.48469
7392.46,0.48557
7393.35,0.48707
7394.25,0.48871
7395.15,0.48722
7396.04,0.49091
7396.94,0.49378
7397.83,0.4926
7398.73,0.49553
7399.62,0.49399
7400.52,0.4952
7401.42,0.49664
7402.31,0.49625
7403.21,0.4984
7404.1,0.49725
7405.0,0.4945
7405.9,0.49573
7406.79,0.4939
7407.69,0.49374
7408.58,0.49319
7409.48,0.48991
7410.38,0.48808
7411.27,0.48409
7412.17,0.4839
7413.06,0.48043
7413.96,0.47658
7414.85,0.47524
7415.75,0.47569
7416.65,0.47397
7417.54,0.47428
7418.44,0.47101
7419.33,0.47318
7420.23,0.47511
7421.13,0.47635
7422.02,0.47899
7422.92,0.47963
7423.81,0.48095
7424.71,0.48307
7425.6,0.48525
7426.5,0.48919
7427.4,0.49314
7428.29,0.49398
7429.19,0.49492
7431.68,0.49818
7434.18,0.50214
7436.67,0.50401
7439.17,0.5014
7441.66,0.49951
7444.16,0.49724
7446.66,0.49566
7449.15,0.49802
7451.65,0.50126
7454.14,0.50409
7456.64,0.50331
7459.13,0.50199
7461.63,0.50049
7464.12,0.50022
7466.62,0.50023
7469.11,0.5013
7471.61,0.50225
7474.1,0.50401
7476.6,0.50024
7479.09,0.49862
7481.59,0.50078
7484.08,0.50136
7486.58,0.50183
7489.07,0.49988
7491.57,0.49983
7494.06,0.49536
7496.56,0.49643
7499.05,0.49757
7501.55,0.50121
7504.04,0.50262
7506.54,0.50221
7509.03,0.50168
7511.53,0.49984
7514.02,0.50376
7516.52,0.50438
7519.01,0.50663
7521.51,0.50796
7524.0,0.50628
7526.5,0.50477
7528.99,0.5057
7531.49,0.50646
7533.99,0.5086
7536.48,0.5102
7538.98,0.51121
7541.47,0.51185
7543.97,0.5109
7546.46,0.5096
7548.96,0.50868
7551.45,0.5086
7553.95,0.508
7556.44,0.50671
7558.94,0.50752
7561.43,0.50785
7563.93,0.50746
7566.42,0.50869
7568.92,0.50561
7571.41,0.50523
7573.91,0.50591
7576.4,0.50646
7578.9,0.50576
7581.39,0.50345
7583.89,0.49849
7586.38,0.49363
7588.88,0.48955
7591.37,0.4858
7593.87,0.48375
7596.36,0.48203
7598.86,0.48128
7601.35,0.47991
7603.85,0.47817
7606.34,0.47791
7608.84,0.47876
7611.33,0.47919
7613.83,0.47822
7616.33,0.47688
7618.82,0.47566
7621.32,0.47615
7623.81,0.47804
7626.31,0.47948
7628.8,0.47967
7631.3,0.48055
7633.79,0.47985
7636.29,0.47832
7638.78,0.47869
7641.28,0.48035
7643.77,0.47999
7646.27,0.47994
7648.76,0.47914
7651.26,0.4752
7653.75,0.46996
7656.25,0.46394
7658.74,0.45731
7661.24,0.45273
7663.73,0.44805
7666.23,0.44754
7668.72,0.44847
7671.22,0.45468
7673.71,0.45905
7676.21,0.46332
7678.7,0.46412
7681.2,0.46493
7683.69,0.4645
7686.19,0.4646
7688.69,0.46234
7691.18,0.46197
7693.68,0.46071
7696.17,0.459
7698.67,0.45944
7701.16,0.46029
7703.66,0.46144
7706.15,0.46032
7708.65,0.4597
7711.14,0.45578
7713.64,0.45334
7716.13,0.45152
7718.63,0.4523
7721.12,0.45536
7723.62,0.4584
7726.11,0.46016
7728.61,0.4627
7731.1,0.46478
7733.6,0.46732
7736.09,0.46814
7738.59,0.46899
7741.08,0.46668
7743.58,0.46279
7746.07,0.45784
7748.57,0.45373
7751.06,0.45358
7753.56,0.45456
7756.05,0.45846
7758.55,0.46195
7761.04,0.46462
7763.54,0.46638
7766.03,0.46803
7768.53,0.46986
7771.03,0.46989
7773.52,0.47018
7776.02,0.47026
7778.51,0.46876
7781.01,0.46729
7783.5,0.46557
7786.0,0.46505
7788.49,0.46272
7790.99,0.46393
7793.48,0.46382
7795.98,0.46289
7798.47,0.46404
7800.97,0.46326
7803.46,0.46244
7805.96,0.46394
7808.45,0.4649
7810.95,0.4664
7813.44,0.46666
7815.94,0.4688
7818.43,0.47158
7820.93,0.47179
7823.42,0.47165
7825.92,0.46804
7828.41,0.46604
7830.91,0.4626
7833.4,0.45808
7835.9,0.45448
7838.39,0.45503
7840.89,0.45743
7843.38,0.45967
7845.88,0.46256
7848.38,0.46152
7850.87,0.46021
7853.37,0.45981
7855.86,0.46037
7858.36,0.46097
7860.85,0.46177
7863.35,0.46419
7865.84,0.46487
7868.34,0.46397
7870.83,0.46071
7873.33,0.45962
7875.82,0.45699
7878.32,0.45564
7880.81,0.45572
7883.31,0.45575
7885.8,0.45664
7888.3,0.4573
7890.79,0.45698
7893.29,0.45429
7895.78,0.45309
7898.28,0.4515
7900.77,0.45083
7903.27,0.45091
7905.76,0.45006
7908.26,0.44893
7910.75,0.44512
7913.25,0.4432
7915.74,0.43932
7918.24,0.43882
7920.73,0.43867
7923.23,0.44124
7925.73,0.44221
7928.22,0.44218
7930.71,0.44205
7933.21,0.44025
7935.71,0.43889
7938.2,0.43648
7940.7,0.43433
7943.19,0.43375
7945.69,0.4336
7948.18,0.4349
7950.68,0.43824
7953.17,0.44324
7955.67,0.44577
7958.16,0.44769
7960.66,0.44785
7963.15,0.45227
7965.65,0.45113
7968.14,0.45397
7970.64,0.45406
7973.13,0.45511
7975.63,0.45517
7978.12,0.45368
7980.62,0.45346
7983.11,0.45235
7985.61,0.45101
7988.1,0.451
7990.6,0.44953
7993.09,0.44794
7995.59,0.44633
7998.08,0.4462
8000.58,0.44466
8003.07,0.44814
8005.57,0.45148
8008.06,0.45374
8010.56,0.45741
8013.06,0.45761
8015.55,0.46048
8018.05,0.46028
8020.54,0.45791
8023.04,0.45614
8025.53,0.45289
8028.03,0.45072
8030.52,0.45024
8033.02,0.45493
8035.51,0.45832
8038.01,0.46075
8040.5,0.46052
8043.0,0.45791
8045.49,0.45242
8047.99,0.45019
8050.48,0.45008
8052.98,0.45226
8055.47,0.45474
8057.97,0.4574
8060.46,0.45994
8062.96,0.4595
8065.45,0.45768
8067.95,0.45396
8070.44,0.45079
8072.94,0.44901
8075.43,0.44761
8077.93,0.44986
8080.42,0.44984
8082.92,0.44993
8085.41,0.45033
8087.91,0.44805
8090.4,0.44695
8092.9,0.44429
8095.4,0.44361
8097.89,0.44307
8100.39,0.44378
8102.88,0.44668
8105.38,0.44796
8107.87,0.44801
8110.37,0.44972
8112.86,0.4485
8115.36,0.44838
8117.85,0.44838
8120.35,0.44935
8122.84,0.45154
8125.34,0.45499
8127.83,0.45483
8130.33,0.4562
8132.82,0.45727
8135.32,0.45768
8137.81,0.45818
8140.31,0.45818
8142.8,0.4563
8145.3,0.45607
8147.79,0.45655
8150.29,0.4567
8152.78,0.45699
8155.28,0.45776
8157.77,0.45905
8160.27,0.45684
8162.76,0.45699
8165.26,0.45817
8167.75,0.45924
8170.25,0.45948
8172.75,0.45951
8175.24,0.46023
8177.74,0.45789
8180.23,0.45469
8182.73,0.45163
8185.22,0.44803
8187.72,0.44783
8190.21,0.44801
8192.71,0.44647
8195.2,0.44369
8197.7,0.44021
8200.19,0.43849
8202.69,0.43795
8205.18,0.43763
8207.68,0.43789
8210.17,0.43827
8212.67,0.43958
8215.16,0.43946
8217.66,0.44126
8220.15,0.44382
8222.65,0.44606
8225.14,0.45037
8227.64,0.45093
8230.13,0.45362
8232.63,0.45318
8235.12,0.45328
8237.62,0.45259
8240.11,0.45218
8242.61,0.45268
8245.1,0.45257
8247.6,0.45176
8250.1,0.45009
8252.59,0.44843
8255.08,0.44771
8257.58,0.44801
8260.08,0.45021
8262.57,0.45224
8265.07,0.45205
8267.56,0.4534
8270.06,0.45156
8272.55,0.44859
8275.05,0.44838
8277.54,0.44644
8280.04,0.44703
8282.53,0.44767
8285.03,0.44607
8287.52,0.44477
8290.02,0.44245
8292.51,0.44044
8295.01,0.43851
8297.5,0.43742
8300.0,0.43548
8302.49,0.43397
8304.99,0.43231
8307.48,0.43154
8309.98,0.43028
8312.47,0.43062
8314.97,0.43363
8317.46,0.43616
8319.96,0.4368
8322.46,0.43574
8324.95,0.43357
8327.44,0.42986
8329.94,0.42855
8332.43,0.42561
8334.93,0.42417
8337.43,0.42455
8339.92,0.42507
8342.42,0.42574
8344.91,0.42711
8347.41,0.42544
8349.9,0.42807
8352.4,0.42916
8354.89,0.43179
8357.39,0.43235
8359.88,0.43282
8362.38,0.43257
8364.87,0.43207
8367.37,0.43242
8369.86,0.43417
8372.36,0.43405
8374.85,0.43428
8377.35,0.43278
8379.84,0.43077
8382.34,0.42682
8384.83,0.4233
8387.33,0.42148
8389.82,0.42028
8392.32,0.42411
8394.81,0.4282
8397.31,0.43207
8399.8,0.43453
8402.3,0.43543
8404.79,0.43675
8407.29,0.43686
8409.79,0.43689
8412.28,0.43663
8414.78,0.43465
8417.27,0.43211
8419.77,0.43056
8422.26,0.42794
8424.76,0.42579
8427.25,0.42512
8429.75,0.42263
8432.24,0.42193
8434.74,0.4196
8437.23,0.41641
8439.73,0.41508
8442.22,0.41463
8444.72,0.41665
8447.21,0.41719
8449.71,0.41875
8452.2,0.41931
8454.7,0.41869
8457.19,0.41942
8459.69,0.41863
8462.18,0.41714
8464.68,0.41469
8467.17,0.41162
8469.67,0.40948
8472.16,0.41003
8474.66,0.41181
8477.15,0.41431
8479.65,0.41589
8482.14,0.41812
8484.64,0.41651
8487.13,0.4156
8489.63,0.41321
8492.12,0.40742
8494.62,0.39508
8497.12,0.38405
8499.61,0.3752
8502.11,0.37565
8504.6,0.38186
8507.1,0.39275
8509.59,0.40024
8512.09,0.40335
8514.58,0.40405
8517.08,0.40303
8519.57,0.40238
8522.07,0.40232
8524.56,0.40348
8527.06,0.40478
8529.55,0.40137
8532.05,0.39661
8534.54,0.38637
8537.04,0.36952
8539.53,0.34844
8542.03,0.33134
8544.52,0.32418
8547.02,0.33033
8549.51,0.34727
8552.01,0.36741
8554.5,0.38549
8557.0,0.3971
8559.49,0.40449
8561.99,0.40755
8564.48,0.41033
8566.98,0.41213
8569.47,0.41175
8571.97,0.41277
8574.47,0.41366
8576.96,0.41366
8579.46,0.41427
8581.95,0.41314
8584.45,0.41351
8586.94,0.41365
8589.44,0.41341
8591.93,0.41289
8594.43,0.411
8596.92,0.40996
8599.42,0.40916
8601.91,0.40929
8604.41,0.41056
8606.9,0.41093
8609.4,0.41153
8611.89,0.41097
8614.39,0.41179
8616.88,0.41268
8619.38,0.41418
8621.87,0.41522
8624.37,0.41665
8626.86,0.41808
8629.36,0.41976
8631.85,0.42009
8634.35,0.42157
8636.84,0.42202
8639.34,0.42284
8641.83,0.42193
8644.33,0.42042
8646.83,0.41957
8649.32,0.41519
8651.82,0.40916
8654.31,0.39901
8656.8,0.38617
8659.3,0.36832
8661.8,0.35173
8664.29,0.34376
8666.79,0.34526
8669.28,0.35801
8671.78,0.37383
8674.27,0.3864
8676.77,0.39652
8679.26,0.40163
8681.76,0.40495
8684.25,0.4054
8686.75,0.40434
8689.24,0.4054
8691.74,0.40479
8694.23,0.40704
8696.73,0.40927
8699.22,0.41185
8701.72,0.41314
8704.21,0.41508
8706.71,0.41591
8709.2,0.41565
8711.7,0.41472
8714.19,0.41598
8716.69,0.41787
8719.18,0.41956
8721.68,0.42241
8724.17,0.42409
8726.67,0.42538
8729.17,0.42405
8731.66,0.42292
8734.16,0.4208
8736.65,0.41939
8739.15,0.41817
8741.64,0.41661
8744.14,0.415
8746.63,0.41513
8749.13,0.41295
8751.62,0.41277
8754.12,0.41297
8756.61,0.41446
8759.11,0.41613
8761.6,0.41627
8764.1,0.41889
8766.59,0.41963
8769.09,0.4201
8771.58,0.42088
8774.08,0.42013
8776.57,0.42124
8779.07,0.42277
8781.56,0.4257
8784.06,0.42705
8786.55,0.42873
8789.05,0.42766
8791.54,0.42682
8794.04,0.42358
8796.53,0.42277
8799.03,0.42153
8801.52,0.41897
8804.02,0.41396
8806.51,0.41098
8809.01,0.40828
8811.5,0.41171
8814.0,0.41723
8816.5,0.42275
8818.99,0.42549
8821.49,0.42438
8823.98,0.42444
8826.48,0.42482
8828.97,0.42643
8831.47,0.42928
8833.96,0.43023
8836.46,0.43031
8838.95,0.43044
8841.45,0.43098
8843.94,0.4324
8846.44,0.43301
8848.93,0.43378
8851.43,0.43399
8853.92,0.43168
8856.42,0.4279
8858.91,0.41866
8861.41,0.41128
8863.9,0.40333
8866.4,0.39853
8868.89,0.39679
8871.39,0.39726
8873.88,0.39987
8876.38,0.40201
8878.87,0.40397
8881.37,0.40564
8883.87,0.4073
8886.36,0.4087
8888.86,0.40967
8891.35,0.41016
8893.84,0.41048
8896.34,0.41133
8898.84,0.41149
8901.33,0.41161
8903.83,0.41305
8906.32,0.41358
8908.82,0.41136
8911.31,0.41141
8913.81,0.41027
8916.3,0.40878
8918.8,0.40802
8921.29,0.4066
8923.79,0.40624
8926.28,0.40455
8928.78,0.40439
8931.27,0.40573
8933.77,0.4063
8936.26,0.40585
8938.76,0.40647
8941.25,0.40469
8943.75,0.4035
8946.24,0.40102
8948.74,0.40168
8951.23,0.40191
8953.73,0.40513
8956.22,0.40806
8958.72,0.40961
8961.21,0.40977
8963.71,0.40932
8966.2,0.40884
8968.7,0.40749
8971.2,0.40739
8973.69,0.40553
8976.19,0.40744
8978.68,0.40805
8981.18,0.40913
8983.67,0.41035
8986.17,0.41106
8988.66,0.41157
8991.16,0.41262
8993.65,0.4114
8996.15,0.41079
8998.64,0.40836
9001.14,0.40688
9003.63,0.40336
9006.13,0.40039
9008.62,0.39457
9011.12,0.3879
9013.61,0.38359
9016.11,0.38021
9018.6,0.38037
9021.1,0.38368
9023.59,0.38778
9026.09,0.39238
9028.58,0.39785
9031.08,0.40124
9033.57,0.40509
9036.07,0.40837
9038.56,0.41105
9041.06,0.41258
9043.55,0.41362
9046.05,0.41459
9048.54,0.41434
9051.04,0.41549
9053.54,0.41566
9056.03,0.41353
9058.53,0.41309
9061.02,0.41177
9063.52,0.41039
9066.01,0.41073
9068.51,0.41167
9071.0,0.41274
9073.5,0.41247
9075.99,0.41234
9078.49,0.40968
9080.98,0.40694
9083.48,0.40385
9085.97,0.40034
9088.47,0.39798
9090.96,0.39578
9093.46,0.39543
9095.95,0.39897
9098.45,0.40117
9100.94,0.40375
9103.44,0.40547
9105.93,0.40563
9108.43,0.40514
9110.92,0.40398
9113.42,0.40283
9115.91,0.40165
9118.41,0.40214
9120.9,0.40212
9123.4,0.40569
9125.89,0.40845
9128.39,0.41084
9130.88,0.41222
9133.38,0.41097
9135.88,0.40923
9138.37,0.4067
9140.87,0.40058
9143.36,0.39747
9145.86,0.39486
9148.35,0.39393
9150.85,0.39488
9153.34,0.39725
9155.84,0.39826
9158.33,0.39801
9160.83,0.39746
9163.32,0.39614
9165.82,0.39274
9168.31,0.38972
9170.81,0.38574
9173.3,0.38425
9175.8,0.38371
9178.29,0.38562
9180.79,0.38908
9183.28,0.39157
9185.78,0.39336
9188.27,0.39227
9190.77,0.39237
9193.26,0.39195
9195.76,0.39065
9198.25,0.38987
9200.75,0.38862
9203.24,0.38708
9205.74,0.38626
9208.24,0.38307
9210.73,0.38088
9213.23,0.37797
9215.72,0.37638
9218.22,0.37564
9220.71,0.37631
9223.21,0.3757
9225.7,0.37323
9228.2,0.37275
9230.69,0.37106
9233.19,0.37104
9235.68,0.37122
9238.18,0.37319
9240.67,0.37369
9243.17,0.37573
9245.66,0.37603
9248.16,0.3765
9250.65,0.37577
9253.15,0.37594
9255.64,0.37526
9258.14,0.37596
9260.63,0.37754
9263.13,0.37904
9265.62,0.38453
9268.12,0.38585
9270.61,0.38685
9273.11,0.38762
9275.6,0.38766
9278.1,0.38629
9280.59,0.38329
9283.09,0.38188
9285.58,0.37999
9288.08,0.37842
9290.58,0.37757
9293.07,0.37593
9295.57,0.37566
9298.06,0.3759
9300.56,0.37692
9303.05,0.37816
9305.55,0.37863
9308.04,0.37932
9310.54,0.37912
9313.03,0.37825
9315.53,0.37772
9318.02,0.37767
9320.52,0.37773
9323.01,0.37669
9325.51,0.37786
9328.0,0.3786
9330.5,0.37902
9332.99,0.38038
9335.49,0.38163
9337.98,0.3827
9340.48,0.38202
9342.97,0.38134
9345.47,0.3801
9347.96,0.37801
9350.46,0.37486
9352.95,0.37367
9355.45,0.37128
9357.94,0.36997
9360.44,0.36902
9362.93,0.36765
9365.43,0.36903
9367.92,0.37102
9370.42,0.37054
9372.92,0.37078
9375.41,0.37011
9377.91,0.37069
9380.4,0.3703
9382.9,0.36856
9385.39,0.36782
9387.89,0.36745
9390.38,0.36711
9392.88,0.36659
9395.37,0.36658
9397.87,0.36619
9400.36,0.36572
9402.86,0.3635
9405.35,0.36133
9407.85,0.35857
9410.34,0.35534
9412.84,0.35371
9415.33,0.35263
9417.83,0.35384
9420.32,0.35654
9422.82,0.35904
9425.31,0.36219
9427.81,0.36247
9430.3,0.36364
9432.8,0.36186
9435.29,0.36126
9437.79,0.35887
9440.28,0.35879
9442.78,0.35885
9445.27,0.35832
9447.77,0.3592
9450.27,0.35961
9452.76,0.36105
9455.25,0.36255
9457.75,0.363
9460.25,0.36519
9462.74,0.36647
9465.24,0.36799
9467.73,0.36843
9470.23,0.36868
9472.72,0.36956
9475.22,0.37054
9477.71,0.37208
9480.21,0.3707
9482.7,0.37094
9485.2,0.37125
9487.69,0.37351
9490.19,0.3733
9492.68,0.37505
9495.18,0.37544
9497.67,0.37507
9500.17,0.3737
9502.66,0.37437
9505.16,0.37433
9507.65,0.37426
9510.15,0.37455
9512.64,0.37531
9515.14,0.37563
9517.63,0.3761
9520.13,0.37693
9522.62,0.37805
9525.12,0.37679
9527.61,0.37713
9530.11,0.37518
9532.61,0.37539
9535.1,0.37289
9537.6,0.37208
9540.09,0.36872
9542.59,0.36588
9545.08,0.36251
9547.58,0.36063
9550.07,0.36096
9552.57,0.36343
9555.06,0.36749
9557.56,0.37107
9560.05,0.37487
9562.55,0.37672
9565.04,0.37748
9567.54,0.37676
9570.03,0.37481
9572.53,0.37397
9575.02,0.37348
9577.52,0.37276
9580.01,0.3739
9582.51,0.37487
9585.0,0.37688
9587.5,0.37735
9589.99,0.37867
9592.49,0.37859
9594.98,0.37811
9597.48,0.37612
9599.97,0.37378
9602.47,0.37238
9604.96,0.37297
9607.46,0.37339
9609.96,0.37464
9612.45,0.37576
9614.95,0.3772
9617.44,0.37731
9619.94,0.37693
9622.43,0.37569
9624.93,0.37531
9627.42,0.37489
9629.92,0.37375
9632.41,0.37376
9634.91,0.37285
9637.4,0.37149
9639.9,0.37035
9642.39,0.36947
9644.89,0.36915
9647.38,0.36942
9649.88,0.36871
9652.37,0.3666
9654.87,0.36695
9657.36,0.36571
9659.86,0.3667
9662.35,0.36673
9664.85,0.36618
9667.34,0.36675
9669.84,0.36697
9672.33,0.36683
9674.83,0.36654
9677.32,0.3655
9679.82,0.36712
9682.31,0.36803
9684.81,0.36872
9687.3,0.36964
9689.8,0.36845
9692.29,0.36728
9694.79,0.36813
9697.29,0.36831
9699.78,0.36833
9702.28,0.36818
9704.77,0.36825
9707.27,0.36824
9709.76,0.36873
9712.26,0.37049
9714.75,0.37098
9717.25,0.37161
9719.74,0.37027
9722.24,0.36782
9724.73,0.36585
9727.23,0.36337
9729.72,0.36074
9732.22,0.35918
9734.71,0.35772
9737.21,0.35572
9739.7,0.35497
9742.2,0.35405
9744.69,0.35501
9747.19,0.35604
9749.68,0.35726
9752.18,0.35946
9754.67,0.36073
9757.17,0.36214
9759.66,0.36263
9762.16,0.36201
9764.65,0.36092
9767.15,0.36014
9769.64,0.36066
9772.14,0.35996
9774.64,0.36
9777.13,0.35968
9779.63,0.35921
9782.12,0.35744
9784.62,0.35604
9787.11,0.35548
9789.61,0.35528
9792.1,0.35765
9794.6,0.36078
9797.09,0.36408
9799.59,0.36467
9802.08,0.36613
9804.58,0.36656
9807.07,0.36651
9809.57,0.36452
9812.06,0.36554
9814.56,0.36478
9817.05,0.36515
9819.55,0.36382
9822.04,0.36425
9824.54,0.36279
9827.03,0.36197
9829.53,0.36235
9832.02,0.36086
9834.52,0.36039
9837.01,0.36296
9839.51,0.36228
9842.0,0.36442
9844.5,0.36461
9847.0,0.36448
9849.49,0.36535
9851.99,0.36551
9854.48,0.36458
9856.98,0.36483
9859.47,0.36519
9861.97,0.36409
9864.46,0.36476
9866.96,0.36431
9869.45,0.36505
9871.95,0.36536
9874.44,0.36594
9876.94,0.36729
9879.43,0.36679
9881.93,0.36596
9884.42,0.36474
9886.92,0.36496
9889.41,0.36322
9891.91,0.36232
9894.4,0.36167
9896.9,0.36027
9899.39,0.35923
9901.89,0.35846
9904.38,0.35815
9906.88,0.35711
9909.37,0.35704
9911.87,0.35714
9914.36,0.35699
9916.86,0.35663
9919.35,0.3565
9921.85,0.35613
9924.34,0.35563
9926.84,0.35537
9929.33,0.35493
9931.83,0.35543
9934.33,0.35694
9936.82,0.35765
9939.32,0.35897
9941.81,0.35801
9944.31,0.35804
9946.8,0.35868
9949.3,0.3584
9951.79,0.35819
9954.29,0.3592
9956.78,0.36001
9959.28,0.36132
9961.77,0.36225
9964.27,0.36233
9966.76,0.36288
9969.26,0.36336
9971.75,0.36292
9974.25,0.36353
9976.74,0.36258
9979.24,0.36122
9981.73,0.36071
9984.23,0.36056
9986.72,0.3609
9989.22,0.35961
9991.71,0.35875
9994.21,0.35899
9996.7,0.3577
9999.2,0.35728
10001.7,0.35684
10004.2,0.35744
10006.7,0.35781
10009.2,0.35815
10011.7,0.35987
10014.2,0.35938
10016.7,0.36154
10019.2,0.36182
10021.7,0.36252
10024.2,0.36132
10026.6,0.36107
10029.1,0.35945
10031.6,0.35753
10034.1,0.35532
10036.6,0.35384
10039.1,0.35233
10041.6,0.35165
10044.1,0.34967
10046.6,0.34745
10049.1,0.34625
10051.6,0.34486
10054.1,0.34478
10056.6,0.34606
10059.1,0.34629
10061.6,0.34788
10064.1,0.3505
10066.6,0.35217
10069.1,0.354
10071.6,0.35472
10074.1,0.35729
10076.5,0.35664
10079.0,0.35681
10081.5,0.35618
10084.0,0.35668
10086.5,0.35696
10089.0,0.3568
10091.5,0.3585
10094.0,0.36038
10096.5,0.3608
10099.0,0.3624
10101.5,0.36341
10104.0,0.36389
10106.5,0.36365
10109.0,0.36201
10111.5,0.36167
10114.0,0.36048
10116.5,0.36068
10119.0,0.36053
10121.5,0.36016
10124.0,0.3597
10126.5,0.3599
10128.9,0.3598
10131.4,0.36008
10133.9,0.35871
10136.4,0.35808
10138.9,0.35779
10141.4,0.35588
10143.9,0.35522
10146.4,0.35354
10148.9,0.35426
10151.4,0.3543
10153.9,0.35335
10156.4,0.35434
10158.9,0.35594
10161.4,0.35647
10163.9,0.35636
10166.4,0.35584
10168.9,0.35541
10171.4,0.35573
10173.9,0.35602
10176.4,0.3565
10178.9,0.35749
10181.3,0.35685
10183.8,0.35667
10186.3,0.35657
10188.8,0.35589
10191.3,0.35411
10193.8,0.35371
10196.3,0.35317
10198.8,0.35327
10201.3,0.35373
10203.8,0.35447
10206.3,0.3559
10208.8,0.35499
10211.3,0.35551
10213.8,0.35462
10216.3,0.35289
10218.8,0.35258
10221.3,0.35272
10223.8,0.35217
10226.3,0.35308
10228.8,0.35452
10231.2,0.35586
10233.7,0.35618
10236.2,0.3554
10238.7,0.35598
10241.2,0.35692
10243.7,0.35682
10246.2,0.357
10248.7,0.35652
10251.2,0.35525
10253.7,0.35604
10256.2,0.35363
10258.7,0.35382
10261.2,0.35249
10263.7,0.35214
10266.2,0.35288
10268.7,0.35161
10271.2,0.35195
10273.7,0.35354
10276.2,0.35343
10278.7,0.35223
10281.2,0.35321
10283.6,0.35393
10286.1,0.35358
10288.6,0.35278
10291.1,0.35293
10293.6,0.3526
10296.1,0.35241
10298.6,0.35255
10301.1,0.35183
10303.6,0.35335
10306.1,0.35311
10308.6,0.35239
10311.1,0.35354
10313.6,0.3536
10316.1,0.35345
10318.6,0.35299
10321.1,0.35221
10323.6,0.3509
10326.1,0.34883
10328.6,0.34727
10331.1,0.3462
10333.5,0.34482
10336.0,0.34525
10338.5,0.34494
10341.0,0.34466
10343.5,0.34366
10346.0,0.3434
10348.5,0.34392
10351.0,0.34534
10353.5,0.34745
10356.0,0.34816
10358.5,0.35099
10361.0,0.35192
10363.5,0.35091
10366.0,0.35101
10368.5,0.3504
10371.0,0.34893
10373.5,0.34829
10376.0,0.34798
10378.5,0.34712
10381.0,0.34642
10383.5,0.34769
10385.9,0.34866
10388.4,0.34795
10390.9,0.34816
10393.4,0.3456
10395.9,0.34506
10398.4,0.34426
10400.9,0.34472
10403.4,0.34605
10405.9,0.34596
10408.4,0.34841
10410.9,0.34943
10413.4,0.3509
10415.9,0.35038
10418.4,0.34937
10420.9,0.34884
10423.4,0.34814
10425.9,0.34755
10428.4,0.34675
10430.9,0.34756
10433.4,0.34793
10435.9,0.34866
10438.3,0.34933
10440.8,0.35041
10443.3,0.35094
10445.8,0.35101
10448.3,0.35075
10450.8,0.34938
10453.3,0.34874
10455.8,0.34695
10458.3,0.345
10460.8,0.34539
10463.3,0.34462
10465.8,0.34462
10468.3,0.34323
10470.8,0.34361
10473.3,0.34463
10475.8,0.34404
10478.3,0.34573
10480.8,0.34595
10483.3,0.3466
10485.8,0.34631
10488.2,0.34635
10490.7,0.34407
10493.2,0.34454
10495.7,0.34345
10498.2,0.34284
10500.7,0.34253
10503.2,0.34324
10505.7,0.34294
10508.2,0.34331
10510.7,0.34361
10513.2,0.34321
10515.7,0.34402
10518.2,0.34404
10520.7,0.34407
10523.2,0.34564
10525.7,0.3441
10528.2,0.34309
10530.7,0.34407
10533.2,0.34252
10535.7,0.34161
10538.2,0.34238
10540.6,0.34288
10543.1,0.34271
10545.6,0.34317
10548.1,0.34333
10550.6,0.34214
10553.1,0.34166
10555.6,0.3422
10558.1,0.34164
10560.6,0.34204
10563.1,0.34212
10565.6,0.34225
10568.1,0.34123
10570.6,0.34165
10573.1,0.34125
10575.6,0.33952
10578.1,0.33739
10580.6,0.33603
10583.1,0.33272
10585.6,0.3319
10588.1,0.33136
10590.6,0.33314
10593.0,0.33479
10595.5,0.33707
10598.0,0.338
10600.5,0.33842
10603.0,0.33726
10605.5,0.33603
10608.0,0.33505
10610.5,0.33485
10613.0,0.33603
10615.5,0.3372
10618.0,0.33767
10620.5,0.33855
10623.0,0.33885
10625.5,0.33966
10628.0,0.33973
10630.5,0.33998
10633.0,0.34091
10635.5,0.34239
10638.0,0.34178
10640.5,0.34198
10642.9,0.34205
10645.4,0.34118
10647.9,0.33975
10650.4,0.33962
10652.9,0.33751
10655.4,0.33756
10657.9,0.33412
10660.4,0.33327
10662.9,0.33161
10665.4,0.33153
10667.9,0.33123
10670.4,0.33209
10672.9,0.33353
10675.4,0.33524
10677.9,0.33437
10680.4,0.3342
10682.9,0.33238
10685.4,0.33061
10687.9,0.32998
10690.4,0.3282
10692.9,0.32921
10695.3,0.32863
10697.8,0.3304
10700.3,0.33175
10702.8,0.33443
10705.3,0.33614
10707.8,0.33725
10710.3,0.33749
10712.8,0.33828
10715.3,0.33767
10717.8,0.33804
10720.3,0.33682
10722.8,0.33413
10725.3,0.33159
10727.8,0.33047
10730.3,0.32876
10732.8,0.32834
10735.3,0.32962
10737.8,0.33084
10740.3,0.33288
10742.8,0.33294
10745.3,0.33175
10747.7,0.33175
10750.2,0.33059
10752.7,0.33077
10755.2,0.33081
10757.7,0.3322
10760.2,0.33443
10762.7,0.33581
10765.2,0.33692
10767.7,0.33681
10770.2,0.33589
10772.7,0.33476
10775.2,0.33264
10777.7,0.33102
10780.2,0.32887
10782.7,0.32629
10785.2,0.32549
10787.7,0.32558
10790.2,0.32567
10792.7,0.32672
10795.2,0.32832
10797.6,0.33009
10800.1,0.33143
10802.6,0.3314
10805.1,0.33117
10807.6,0.32884
10810.1,0.32715
10812.6,0.32572
10815.1,0.32369
10817.6,0.32299
10820.1,0.3216
10822.6,0.32082
10825.1,0.32014
10827.6,0.31851
10830.1,0.31886
10832.6,0.31938
10835.1,0.32161
10837.6,0.32338
10840.1,0.32613
10842.6,0.32745
10845.1,0.32718
10847.6,0.32894
10850.0,0.32974
10852.5,0.33053
10855.0,0.33071
10857.5,0.33077
10860.0,0.32987
10862.5,0.32737
10865.0,0.32455
10867.5,0.32064
10870.0,0.31684
10872.5,0.31442
10875.0,0.3134
10877.5,0.31424
10880.0,0.31453
10882.5,0.31627
10885.0,0.31596
10887.5,0.3172
10890.0,0.31816
10892.5,0.31878
10895.0,0.32137
10897.5,0.32189
10900.0,0.32304
10902.4,0.32435
10904.9,0.32443
10907.4,0.32473
10909.9,0.32423
10912.4,0.32412
10914.9,0.32353
10917.4,0.32189
10919.9,0.32055
10922.4,0.31762
10924.9,0.31527
10927.4,0.3125
10929.9,0.3092
10932.4,0.30772
10934.9,0.30656
10937.4,0.30505
10939.9,0.30495
10942.4,0.30646
10944.9,0.30724
10947.4,0.30844
10949.9,0.30927
10952.3,0.30964
10954.8,0.30993
10957.3,0.30702
10959.8,0.3056
10962.3,0.30279
10964.8,0.29926
10967.3,0.29715
10969.8,0.29574
10972.3,0.29489
10974.8,0.29612
10977.3,0.29627
10979.8,0.29649
10982.3,0.298
10984.8,0.2985
10987.3,0.29957
10989.8,0.30084
10992.3,0.30017
10994.8,0.30056
10997.3,0.29966
10999.8,0.3002
