wave,flux
3700.85,0.19507
3701.75,0.1925
3702.65,0.18643
3703.55,0.17534
3704.45,0.1649
3705.35,0.15473
3706.25,0.14752
3707.15,0.14339
3708.05,0.14345
3708.96,0.14679
3709.86,0.15191
3710.76,0.15918
3711.66,0.16856
3712.56,0.17841
3713.46,0.18702
3714.36,0.19402
3715.26,0.197
3716.16,0.19589
3717.06,0.19092
3717.96,0.18105
3718.86,0.16772
3719.76,0.15471
3720.66,0.14233
3721.56,0.1342
3722.46,0.13358
3723.36,0.13855
3724.26,0.14705
3725.16,0.1568
3726.06,0.16444
3726.96,0.16989
3727.86,0.17119
3728.76,0.17034
3729.66,0.16874
3730.56,0.16507
3731.46,0.15787
3732.36,0.14914
3733.26,0.13751
3734.16,0.12617
3735.06,0.11778
3735.96,0.11382
3736.86,0.11544
3737.76,0.12272
3738.66,0.13338
3739.56,0.14642
3740.46,0.15694
3741.36,0.16404
3742.26,0.16542
3743.16,0.16184
3744.06,0.15512
3744.96,0.14723
3745.86,0.1377
3746.76,0.13017
3747.67,0.12288
3748.57,0.11841
3749.47,0.11716
3750.37,0.11967
3751.27,0.12878
3752.17,0.14095
3753.07,0.15576
3753.97,0.16818
3754.87,0.17835
3755.77,0.18246
3756.67,0.18109
3757.57,0.17546
3758.47,0.16649
3759.37,0.16118
3760.27,0.1576
3761.17,0.15847
3762.07,0.16101
3762.97,0.16311
3763.87,0.16541
3764.77,0.16626
3765.67,0.16589
3766.57,0.16455
3767.47,0.16351
3768.37,0.16286
3769.27,0.16237
3770.17,0.16427
3771.07,0.16714
3771.97,0.17215
3772.87,0.17819
3773.77,0.18426
3774.67,0.18949
3775.57,0.1942
3776.47,0.19663
3777.37,0.19938
3778.27,0.20206
3779.17,0.20802
3780.07,0.21174
3780.97,0.21531
3781.87,0.21881
3782.77,0.22097
3783.67,0.22036
3784.57,0.21666
3785.47,0.21002
3786.38,0.20191
3787.28,0.19238
3788.18,0.18488
3789.08,0.17843
3789.98,0.17462
3790.88,0.17342
3791.78,0.17249
3792.68,0.17107
3793.58,0.16742
3794.48,0.16264
3795.38,0.15676
3796.28,0.15111
3797.18,0.14632
3798.08,0.14338
3798.98,0.14295
3799.88,0.14813
3800.78,0.15582
3801.68,0.16698
3802.58,0.17774
3803.48,0.18922
3804.38,0.1958
3805.28,0.19986
3806.18,0.20097
3807.08,0.20051
3807.98,0.20059
3808.88,0.20152
3809.78,0.20359
3810.68,0.20483
3811.58,0.20437
3812.48,0.19941
3813.38,0.19189
3814.28,0.18333
3815.18,0.17532
3816.08,0.16955
3816.98,0.16657
3817.88,0.16472
3818.78,0.16393
3819.68,0.16168
3820.58,0.15877
3821.48,0.15629
3822.38,0.15423
3823.28,0.15207
3824.18,0.14895
3825.09,0.14451
3825.99,0.1394
3826.89,0.13526
3827.79,0.13168
3828.69,0.13107
3829.59,0.13019
3830.49,0.12949
3831.39,0.12694
3832.29,0.12314
3833.19,0.1189
3834.09,0.11513
3834.99,0.11293
3835.89,0.11226
3836.79,0.11275
3837.69,0.11449
3838.59,0.11677
3839.49,0.12049
3840.39,0.12585
3841.29,0.13363
3842.19,0.14357
3843.09,0.15415
3843.99,0.16415
3844.89,0.17198
3845.79,0.17776
3846.69,0.18222
3847.59,0.18501
3848.49,0.1853
3849.39,0.18561
3850.29,0.18505
3851.19,0.18543
3852.09,0.18651
3852.99,0.18529
3853.89,0.18523
3854.79,0.18245
3855.69,0.17874
3856.59,0.17419
3857.49,0.16957
3858.39,0.16472
3859.29,0.16126
3860.19,0.16041
3861.09,0.16315
3861.99,0.16942
3862.9,0.17646
3863.8,0.18352
3864.7,0.18864
3865.6,0.1907
3866.5,0.18994
3867.4,0.18876
3868.3,0.18648
3869.2,0.18294
3870.1,0.17823
3871.0,0.17402
3871.9,0.17043
3872.8,0.16817
3873.7,0.16958
3874.6,0.17263
3875.5,0.17613
3876.4,0.17862
3877.3,0.17833
3878.2,0.17631
3879.1,0.1738
3880.0,0.17145
3880.9,0.16974
3881.8,0.16952
3882.7,0.16901
3883.6,0.16745
3884.5,0.16487
3885.4,0.16167
3886.3,0.15673
3887.2,0.15135
3888.1,0.14767
3889.0,0.1467
3889.9,0.15006
3890.8,0.15695
3891.7,0.16614
3892.6,0.17512
3893.5,0.18252
3894.4,0.18775
3895.3,0.19172
3896.2,0.19428
3897.1,0.19635
3898.0,0.19798
3898.9,0.19968
3899.8,0.20133
3900.7,0.20187
3901.6,0.20172
3902.51,0.20146
3903.41,0.19933
3904.31,0.19678
3905.21,0.19498
3906.11,0.19473
3907.01,0.19768
3907.91,0.20219
3908.81,0.20914
3909.71,0.21722
3910.61,0.22264
3911.51,0.22797
3912.41,0.22976
3913.31,0.23078
3914.21,0.23038
3915.11,0.22762
3916.01,0.22466
3916.91,0.22088
3917.81,0.21626
3918.71,0.21022
3919.61,0.20396
3920.51,0.19873
3921.41,0.19391
3922.31,0.19013
3923.21,0.1873
3924.11,0.18589
3925.01,0.18198
3925.91,0.17587
3926.81,0.16683
3927.71,0.15543
3928.61,0.14064
3929.51,0.12509
3930.41,0.10958
3931.31,0.094784
3932.21,0.081926
3933.11,0.072352
3934.01,0.067032
3934.91,0.066295
3935.81,0.070683
3936.71,0.08019
3937.61,0.092876
3938.51,0.10765
3939.42,0.12286
3940.32,0.13655
3941.22,0.1481
3942.12,0.15709
3943.02,0.16358
3943.92,0.16906
3944.82,0.17534
3945.72,0.18195
3946.62,0.18949
3947.52,0.19682
3948.42,0.2031
3949.32,0.20863
3950.22,0.21525
3951.12,0.21762
3952.02,0.22019
3952.92,0.22167
3953.82,0.2233
3954.72,0.22242
3955.62,0.22233
3956.52,0.21991
3957.42,0.218
3958.32,0.21454
3959.22,0.21107
3960.12,0.20357
3961.02,0.19371
3961.92,0.18157
3962.82,0.16782
3963.72,0.1536
3964.62,0.13923
3965.52,0.12466
3966.42,0.11019
3967.32,0.097091
3968.22,0.086316
3969.12,0.08016
3970.02,0.079228
3970.92,0.083876
3971.82,0.094251
3972.72,0.10763
3973.62,0.12336
3974.52,0.14019
3975.42,0.15634
3976.32,0.17201
3977.22,0.18687
3978.13,0.20063
3979.03,0.212
3979.93,0.22273
3980.83,0.22986
3981.73,0.23411
3982.63,0.23794
3983.53,0.239
3984.43,0.24041
3985.33,0.242
3986.23,0.24626
3987.13,0.24892
3988.03,0.25171
3988.93,0.25545
3989.83,0.25805
3990.73,0.26067
3991.63,0.26435
3992.53,0.26424
3993.43,0.26588
3994.33,0.26549
3995.23,0.26431
3996.13,0.26146
3997.03,0.26053
3997.93,0.25903
3998.83,0.2612
3999.73,0.26406
4000.63,0.26973
4001.53,0.27375
4002.43,0.2759
4003.33,0.27648
4004.23,0.27148
4005.13,0.26571
4006.03,0.2616
4006.93,0.25935
4007.83,0.25964
4008.73,0.26523
4009.63,0.26862
4010.53,0.27533
4011.43,0.27814
4012.33,0.28138
4013.23,0.28421
4014.13,0.28539
4015.03,0.28526
4015.93,0.2868
4016.84,0.28657
4017.74,0.28761
4018.64,0.28828
4019.54,0.28984
4020.44,0.29173
4021.34,0.2901
4022.24,0.29015
4023.14,0.28847
4024.04,0.28908
4024.94,0.28915
4025.84,0.28887
4026.74,0.29109
4027.64,0.29173
4028.54,0.29201
4029.44,0.28563
4030.34,0.27883
4031.24,0.27045
4032.14,0.26198
4033.04,0.25582
4033.94,0.25503
4034.84,0.25873
4035.74,0.26458
4036.64,0.27471
4037.54,0.28447
4038.44,0.29163
4039.34,0.2976
4040.24,0.29729
4041.14,0.29702
4042.04,0.2929
4042.94,0.28429
4043.84,0.27398
4044.74,0.26511
4045.64,0.25607
4046.54,0.25225
4047.44,0.25446
4048.34,0.26002
4049.24,0.27026
4050.14,0.28152
4051.04,0.28567
4051.94,0.28893
4052.84,0.28888
4053.74,0.28415
4054.65,0.28141
4055.55,0.27515
4056.45,0.27203
4057.35,0.2684
4058.25,0.26733
4059.15,0.26669
4060.05,0.26717
4060.95,0.26746
4061.85,0.26465
4062.75,0.26161
4063.65,0.25707
4064.55,0.25429
4065.45,0.25384
4066.35,0.25679
4067.25,0.26203
4068.15,0.26622
4069.05,0.27148
4069.95,0.27436
4070.85,0.27315
4071.75,0.27274
4072.65,0.27189
4073.55,0.26907
4074.45,0.26872
4075.35,0.26604
4076.25,0.26225
4077.15,0.25891
4078.05,0.25657
4078.95,0.25882
4079.85,0.26246
4080.75,0.27005
4081.65,0.2785
4082.55,0.28209
4083.45,0.28578
4084.35,0.28725
4085.25,0.28831
4086.15,0.29017
4087.05,0.29511
4087.95,0.29931
4088.85,0.30405
4089.75,0.30571
4090.65,0.30724
4091.55,0.30446
4092.45,0.30352
4093.36,0.2989
4094.26,0.29396
4095.16,0.28755
4096.06,0.27976
4096.96,0.27229
4097.86,0.26343
4098.76,0.25437
4099.66,0.24466
4100.56,0.2354
4101.46,0.22721
4102.36,0.22414
4103.26,0.22456
4104.16,0.22987
4105.06,0.23964
4105.96,0.24947
4106.86,0.25994
4107.76,0.26907
4108.66,0.27387
4109.56,0.27582
4110.46,0.27827
4111.36,0.2792
4112.26,0.28212
4113.16,0.2848
4114.06,0.28809
4114.96,0.29295
4115.86,0.29496
4116.76,0.29559
4117.66,0.29492
4118.56,0.29233
4119.46,0.29044
4120.36,0.28846
4121.26,0.28736
4122.16,0.287
4123.06,0.28625
4123.96,0.28767
4124.86,0.28962
4125.76,0.28981
4126.66,0.28901
4127.56,0.28747
4128.46,0.28524
4129.36,0.2821
4130.26,0.27773
4131.17,0.27428
4132.06,0.27115
4132.97,0.26804
4133.87,0.26717
4134.77,0.2706
4135.67,0.27597
4136.57,0.28244
4137.47,0.28891
4138.37,0.29424
4139.27,0.29698
4140.17,0.29775
4141.07,0.29385
4141.97,0.28807
4142.87,0.28156
4143.77,0.27497
4144.67,0.27159
4145.57,0.27109
4146.47,0.27389
4147.37,0.27622
4148.27,0.28051
4149.17,0.28289
4150.07,0.28181
4150.97,0.28073
4151.87,0.27946
4152.77,0.27758
4153.67,0.27557
4154.57,0.27396
4155.47,0.27402
4156.37,0.27387
4157.27,0.27434
4158.17,0.27969
4159.07,0.28282
4159.97,0.28676
4160.87,0.29237
4161.77,0.29733
4162.67,0.2992
4163.57,0.30068
4164.47,0.30178
4165.37,0.30041
4166.27,0.29598
4167.17,0.29408
4168.07,0.28979
4168.98,0.28816
4169.88,0.2845
4170.78,0.28054
4171.68,0.27584
4172.58,0.27081
4173.48,0.26616
4174.38,0.26274
4175.28,0.26137
4176.18,0.26287
4177.08,0.26481
4177.98,0.26876
4178.88,0.2697
4179.78,0.27225
4180.68,0.27446
4181.58,0.27527
4182.48,0.27821
4183.38,0.27989
4184.28,0.28139
4185.18,0.28109
4186.08,0.28196
4186.98,0.28062
4187.88,0.28188
4188.78,0.28066
4189.68,0.28226
4190.58,0.28504
4191.48,0.28725
4192.38,0.29076
4193.28,0.29166
4194.18,0.29203
4195.08,0.29004
4195.98,0.28433
4196.88,0.27987
4197.78,0.27237
4198.68,0.26802
4199.58,0.26469
4200.48,0.26352
4201.38,0.26389
4202.28,0.26498
4203.18,0.26852
4204.08,0.27249
4204.98,0.27809
4205.88,0.28349
4206.79,0.28891
4207.69,0.29365
4208.59,0.29787
4209.49,0.29962
4210.39,0.30149
4211.29,0.30177
4212.19,0.30063
4213.09,0.29842
4213.99,0.29531
4214.89,0.29186
4215.79,0.28989
4216.69,0.28853
4217.59,0.29095
4218.49,0.29512
4219.39,0.30082
4220.29,0.30444
4221.19,0.30548
4222.09,0.30292
4222.99,0.29484
4223.89,0.28256
4224.79,0.26823
4225.69,0.25493
4226.59,0.24401
4227.49,0.24041
4228.39,0.24365
4229.29,0.25146
4230.19,0.26357
4231.09,0.27671
4231.99,0.28486
4232.89,0.2897
4233.79,0.29056
4234.69,0.28894
4235.59,0.28665
4236.49,0.28326
4237.39,0.28078
4238.29,0.28349
4239.19,0.28525
4240.09,0.2879
4240.99,0.29191
4241.89,0.29718
4242.79,0.30287
4243.69,0.3078
4244.59,0.30897
4245.5,0.31082
4246.4,0.3089
4247.3,0.30379
4248.2,0.29753
4249.1,0.29235
4250.0,0.28676
4250.9,0.28362
4251.8,0.28171
4252.7,0.28176
4253.6,0.28288
4254.5,0.28569
4255.4,0.28694
4256.3,0.2878
4257.2,0.28954
4258.1,0.28999
4259.0,0.28753
4259.9,0.28452
4260.8,0.28341
4261.7,0.28365
4262.6,0.2888
4263.5,0.29605
4264.4,0.30342
4265.3,0.3101
4266.2,0.31501
4267.1,0.31328
4268.0,0.30825
4268.9,0.30054
4269.8,0.28967
4270.7,0.27866
4271.6,0.26827
4272.5,0.26091
4273.4,0.25657
4274.3,0.25718
4275.2,0.26155
4276.1,0.26963
4277.0,0.27691
4277.9,0.28601
4278.8,0.294
4279.7,0.29689
4280.6,0.29801
4281.5,0.29808
4282.4,0.29626
4283.31,0.29503
4284.21,0.29138
4285.11,0.28888
4286.01,0.28627
4286.91,0.28088
4287.81,0.27632
4288.71,0.27061
4289.61,0.26523
4290.51,0.26387
4291.41,0.26359
4292.31,0.26418
4293.21,0.26813
4294.11,0.26985
4295.01,0.27225
4295.91,0.27207
4296.81,0.26753
4297.71,0.25923
4298.61,0.24965
4299.51,0.23969
4300.41,0.23141
4301.31,0.2251
4302.21,0.22126
4303.11,0.22044
4304.01,0.21987
4304.91,0.21997
4305.81,0.21851
4306.71,0.21692
4307.61,0.21486
4308.51,0.21369
4309.41,0.21364
4310.31,0.21638
4311.21,0.22359
4312.11,0.23397
4313.01,0.24642
4313.91,0.26135
4314.81,0.27675
4315.71,0.29315
4316.61,0.30765
4317.51,0.32041
4318.41,0.33108
4319.31,0.3367
4320.21,0.33559
4321.12,0.33061
4322.02,0.32175
4322.92,0.31091
4323.82,0.29722
4324.72,0.2844
4325.62,0.27651
4326.52,0.27392
4327.42,0.27868
4328.32,0.28597
4329.22,0.29718
4330.12,0.3081
4331.02,0.31814
4331.92,0.32465
4332.82,0.32678
4333.72,0.3276
4334.62,0.3257
4335.52,0.31996
4336.42,0.31101
4337.32,0.29936
4338.22,0.28212
4339.12,0.26861
4340.02,0.25737
4340.92,0.24977
4341.82,0.24977
4342.72,0.25441
4343.62,0.26345
4344.52,0.27678
4345.42,0.28961
4346.32,0.29948
4347.22,0.30899
4348.12,0.31307
4349.02,0.31717
4349.92,0.31764
4350.82,0.31361
4351.72,0.30938
4352.62,0.30643
4353.52,0.30348
4354.42,0.30352
4355.32,0.30706
4356.22,0.31187
4357.12,0.31522
4358.02,0.32151
4358.92,0.32511
4359.83,0.32803
4360.73,0.33043
4361.63,0.3329
4362.53,0.33634
4363.43,0.3408
4364.33,0.34453
4365.23,0.34678
4366.13,0.34682
4367.03,0.34399
4367.93,0.34082
4368.83,0.3366
4369.73,0.33054
4370.63,0.32721
4371.53,0.32474
4372.43,0.32153
4373.33,0.31667
4374.23,0.31515
4375.13,0.31256
4376.03,0.31074
4376.93,0.31296
4377.83,0.31554
4378.73,0.31677
4379.63,0.31913
4380.53,0.31501
4381.43,0.30791
4382.33,0.29801
4383.23,0.28522
4384.13,0.27362
4385.03,0.26991
4385.93,0.26943
4386.83,0.27322
4387.73,0.27908
4388.63,0.2886
4389.53,0.29492
4390.43,0.30082
4391.33,0.30418
4392.23,0.3086
4393.13,0.31128
4394.03,0.31371
4394.93,0.31736
4395.83,0.32002
4396.73,0.32354
4397.64,0.32687
4398.54,0.32825
4399.44,0.32941
4400.34,0.32528
4401.24,0.32195
4402.14,0.31702
4403.04,0.31059
4403.94,0.30552
4404.84,0.30196
4405.74,0.29793
4406.64,0.2965
4407.54,0.29827
4408.44,0.30281
4409.34,0.31081
4410.24,0.32024
4411.14,0.32659
4412.04,0.33308
4412.94,0.33669
4413.84,0.33541
4414.74,0.33305
4415.64,0.33228
4416.54,0.32912
4417.44,0.32876
4418.34,0.33136
4419.24,0.33525
4420.14,0.33934
4421.04,0.34108
4421.94,0.34202
4422.84,0.34174
4423.74,0.34019
4424.64,0.33822
4425.54,0.33573
4426.44,0.33715
4427.34,0.33741
4428.24,0.33786
4429.14,0.33763
4430.04,0.3378
4430.94,0.33473
4431.84,0.3333
4432.74,0.33168
4433.64,0.32867
4434.54,0.32483
4435.45,0.32566
4436.35,0.32648
4437.25,0.3301
4438.15,0.33449
4439.05,0.33984
4439.95,0.3423
4440.85,0.34485
4441.75,0.3411
4442.65,0.33953
4443.55,0.33673
4444.45,0.33754
4445.35,0.34235
4446.25,0.34303
4447.15,0.34871
4448.05,0.35227
4448.95,0.35393
4449.85,0.35381
4450.75,0.35339
4451.65,0.34921
4452.55,0.34411
4453.45,0.34002
4454.35,0.333
4455.25,0.32553
4456.15,0.31884
4457.05,0.31457
4457.95,0.31155
4458.85,0.3099
4459.75,0.30918
4460.65,0.30988
4461.55,0.31153
4462.45,0.31366
4463.35,0.31835
4464.25,0.32299
4465.15,0.32906
4466.05,0.33153
4466.95,0.33436
4467.85,0.3349
4468.75,0.33653
4469.65,0.33961
4470.55,0.34152
4471.45,0.34309
4472.35,0.34836
4473.25,0.35446
4474.16,0.35984
4475.06,0.36389
4475.96,0.36863
4476.86,0.37069
4477.76,0.37063
4478.66,0.3684
4479.56,0.36352
4480.46,0.3579
4481.36,0.35246
4482.26,0.34999
4483.16,0.34814
4484.06,0.35173
4484.96,0.3566
4485.86,0.35914
4486.76,0.36353
4487.66,0.36313
4488.56,0.36169
4489.46,0.35902
4490.36,0.35523
4491.26,0.35245
4492.16,0.35099
4493.06,0.35047
4493.96,0.35015
4494.86,0.34908
4495.76,0.3491
4496.66,0.35127
4497.56,0.35315
4498.46,0.35691
4499.36,0.36067
4500.26,0.36528
4501.16,0.36939
4502.06,0.37243
4502.96,0.37876
4503.86,0.3844
4504.76,0.38689
4505.66,0.39112
4506.56,0.39137
4507.46,0.39156
4508.36,0.39027
4509.26,0.39113
4510.17,0.38866
4511.06,0.38756
4511.97,0.38259
4512.87,0.37986
4513.77,0.37759
4514.67,0.37484
4515.57,0.37321
4516.47,0.37024
4517.37,0.36923
4518.27,0.36951
4519.17,0.37026
4520.07,0.36978
4520.97,0.37193
4521.87,0.37086
4522.77,0.36823
4523.67,0.36468
4524.57,0.3611
4525.47,0.35271
4526.37,0.34637
4527.27,0.33808
4528.17,0.33263
4529.07,0.32758
4529.97,0.3257
4530.87,0.32498
4531.77,0.32469
4532.67,0.32705
4533.57,0.32826
4534.47,0.33215
4535.37,0.3352
4536.27,0.34118
4537.17,0.34433
4538.07,0.3517
4538.97,0.35895
4539.87,0.36207
4540.77,0.36374
4541.67,0.36489
4542.57,0.36434
4543.47,0.3653
4544.37,0.36166
4545.27,0.36033
4546.17,0.35756
4547.07,0.35689
4547.97,0.35516
4548.88,0.3527
4549.77,0.35039
4550.68,0.34996
4551.58,0.34901
4552.48,0.3487
4553.38,0.3484
4554.28,0.34927
4555.18,0.3508
4556.08,0.35486
4556.98,0.35862
4557.88,0.36445
4558.78,0.36979
4559.68,0.3741
4560.58,0.3778
4561.48,0.37825
4562.38,0.37716
4563.28,0.37722
4564.18,0.37461
4565.08,0.37107
4565.98,0.37163
4566.88,0.37084
4567.78,0.3723
4568.68,0.37501
4569.58,0.37603
4570.48,0.37638
4571.38,0.37633
4572.28,0.37505
4573.18,0.37564
4574.08,0.37718
4574.98,0.37887
4575.88,0.37858
4576.78,0.37727
4577.68,0.3769
4578.58,0.37247
4579.48,0.36858
4580.38,0.36387
4581.28,0.35996
4582.18,0.35824
4583.08,0.35476
4583.98,0.3545
4584.88,0.35617
4585.78,0.35833
4586.69,0.36116
4587.58,0.36372
4588.49,0.367
4589.39,0.36905
4590.29,0.3707
4591.19,0.36965
4592.09,0.3685
4592.99,0.3669
4593.89,0.36576
4594.79,0.36139
4595.69,0.36023
4596.59,0.35971
4597.49,0.3597
4598.39,0.36025
4599.29,0.36087
4600.19,0.36126
4601.09,0.3617
4601.99,0.36353
4602.89,0.36335
4603.79,0.36396
4604.69,0.36569
4605.59,0.3691
4606.49,0.3731
4607.39,0.37664
4608.29,0.37968
4609.19,0.38404
4610.09,0.38762
4610.99,0.3874
4611.89,0.38853
4612.79,0.38925
4613.69,0.38877
4614.59,0.3874
4615.49,0.38756
4616.39,0.38681
4617.29,0.38598
4618.19,0.38922
4619.09,0.38732
4619.99,0.38724
4620.89,0.38872
4621.79,0.38844
4622.69,0.38912
4623.59,0.3893
4624.5,0.38835
4625.4,0.39075
4626.3,0.38718
4627.2,0.38842
4628.1,0.38719
4629.0,0.38717
4629.9,0.38636
4630.8,0.38615
4631.7,0.3851
4632.6,0.3848
4633.5,0.38345
4634.4,0.38002
4635.3,0.37702
4636.2,0.37404
4637.1,0.37246
4638.0,0.36901
4638.9,0.36781
4639.8,0.36806
4640.7,0.36579
4641.6,0.3679
4642.5,0.3655
4643.4,0.36688
4644.3,0.36523
4645.2,0.36114
4646.1,0.35781
4647.0,0.3551
4647.9,0.35299
4648.8,0.3527
4649.7,0.35384
4650.6,0.35704
4651.5,0.36109
4652.4,0.36453
4653.3,0.36789
4654.2,0.36575
4655.1,0.3688
4656.0,0.37002
4656.9,0.37075
4657.8,0.37616
4658.7,0.37888
4659.6,0.38367
4660.5,0.38616
4661.4,0.38648
4662.3,0.38399
4663.21,0.38055
4664.11,0.37298
4665.01,0.36752
4665.91,0.36007
4666.81,0.35021
4667.71,0.34716
4668.61,0.34332
4669.51,0.34449
4670.41,0.34693
4671.31,0.35302
4672.21,0.3569
4673.11,0.36216
4674.01,0.36664
4674.91,0.36871
4675.81,0.37162
4676.71,0.37406
4677.61,0.37343
4678.51,0.37185
4679.41,0.36837
4680.31,0.36878
4681.21,0.36766
4682.11,0.36572
4683.01,0.36612
4683.91,0.36592
4684.81,0.36913
4685.71,0.36928
4686.61,0.37065
4687.51,0.3722
4688.41,0.37043
4689.31,0.37046
4690.21,0.37146
4691.11,0.36988
4692.01,0.37015
4692.91,0.37018
4693.81,0.37307
4694.71,0.37386
4695.61,0.37458
4696.51,0.37617
4697.41,0.37304
4698.31,0.37148
4699.21,0.36942
4700.12,0.36423
4701.02,0.36079
4701.92,0.35881
4702.82,0.35682
4703.72,0.3552
4704.62,0.35621
4705.52,0.35681
4706.42,0.35648
4707.32,0.35792
4708.22,0.3564
4709.12,0.3579
4710.02,0.3615
4710.92,0.36069
4711.82,0.36426
4712.72,0.36453
4713.62,0.36799
4714.52,0.36876
4715.42,0.37385
4716.32,0.37551
4717.22,0.37841
4718.12,0.38178
4719.02,0.38504
4719.92,0.39036
4720.82,0.39377
4721.72,0.39455
4722.62,0.39543
4723.52,0.39543
4724.42,0.39384
4725.32,0.39021
4726.22,0.38676
4727.12,0.38257
4728.02,0.37767
4728.92,0.37088
4729.82,0.3652
4730.72,0.36293
4731.62,0.36251
4732.52,0.36419
4733.42,0.36741
4734.32,0.3694
4735.22,0.3726
4736.12,0.3755
4737.02,0.37761
4737.92,0.37852
4738.83,0.37999
4739.73,0.38086
4740.63,0.3824
4741.53,0.38216
4742.43,0.38238
4743.33,0.38511
4744.23,0.38653
4745.13,0.38917
4746.03,0.38895
4746.93,0.39137
4747.83,0.39203
4748.73,0.39256
4749.63,0.39309
4750.53,0.39316
4751.43,0.39108
4752.33,0.3885
4753.23,0.3866
4754.13,0.38384
4755.03,0.38038
4755.93,0.38064
4756.83,0.37965
4757.73,0.37975
4758.63,0.37879
4759.53,0.37982
4760.43,0.37722
4761.33,0.37555
4762.23,0.37161
4763.13,0.36854
4764.03,0.3656
4764.93,0.36054
4765.83,0.36094
4766.73,0.36071
4767.63,0.36188
4768.53,0.36364
4769.43,0.36606
4770.33,0.37067
4771.23,0.3737
4772.13,0.37769
4773.03,0.37989
4773.93,0.3831
4774.83,0.38633
4775.73,0.38758
4776.64,0.39082
4777.54,0.39191
4778.44,0.39434
4779.34,0.39351
4780.24,0.39221
4781.14,0.38938
4782.04,0.38647
4782.94,0.38263
4783.84,0.38049
4784.74,0.37894
4785.64,0.37545
4786.54,0.37511
4787.44,0.37366
4788.34,0.37419
4789.24,0.37304
4790.14,0.37412
4791.04,0.37879
4791.94,0.3801
4792.84,0.3863
4793.74,0.39033
4794.64,0.3939
4795.54,0.39622
4796.44,0.39698
4797.34,0.39563
4798.24,0.39431
4799.14,0.39192
4800.04,0.39089
4800.94,0.39004
4801.84,0.3908
4802.74,0.38852
4803.64,0.3891
4804.54,0.38764
4805.44,0.38853
4806.34,0.38535
4807.24,0.38495
4808.14,0.38353
4809.04,0.3821
4809.94,0.38236
4810.84,0.38284
4811.74,0.3846
4812.64,0.38526
4813.54,0.38899
4814.45,0.39073
4815.35,0.39297
4816.25,0.3927
4817.15,0.39723
4818.05,0.39879
4818.95,0.40001
4819.85,0.40116
4820.75,0.39974
4821.65,0.39535
4822.55,0.39278
4823.45,0.38924
4824.35,0.38832
4825.25,0.38749
4826.15,0.38388
4827.05,0.38469
4827.95,0.38433
4828.85,0.38601
4829.75,0.38358
4830.65,0.382
4831.55,0.38271
4832.45,0.38208
4833.35,0.3835
4834.25,0.38292
4835.15,0.3826
4836.05,0.38298
4836.95,0.38446
4837.85,0.38392
4838.75,0.38226
4839.65,0.37989
4840.55,0.37906
4841.45,0.37656
4842.35,0.37664
4843.25,0.37777
4844.15,0.37665
4845.05,0.37743
4845.95,0.37961
4846.85,0.38045
4847.75,0.3803
4848.65,0.37966
4849.55,0.37804
4850.45,0.37719
4851.35,0.37626
4852.26,0.37219
4853.16,0.37054
4854.06,0.36522
4854.96,0.36149
4855.86,0.3553
4856.76,0.34739
4857.66,0.33892
4858.56,0.32939
4859.46,0.32072
4860.36,0.31266
4861.26,0.30544
4862.16,0.30169
4863.06,0.30031
4863.96,0.30382
4864.86,0.31111
4865.76,0.31963
4866.66,0.32953
4867.56,0.33541
4868.46,0.34212
4869.36,0.34377
4870.26,0.34709
4871.16,0.34611
4872.06,0.34582
4872.96,0.34605
4873.86,0.34685
4874.76,0.35213
4875.66,0.35494
4876.56,0.35941
4877.46,0.36335
4878.36,0.36813
4879.26,0.37229
4880.16,0.37528
4881.06,0.37666
4881.96,0.37447
4882.86,0.37395
4883.76,0.3727
4884.66,0.36999
4885.56,0.36653
4886.46,0.36224
4887.36,0.35971
4888.26,0.35657
4889.17,0.35614
4890.07,0.35505
4890.97,0.35666
4891.87,0.3573
4892.77,0.36461
4893.67,0.37086
4894.57,0.37937
4895.47,0.38678
4896.37,0.39333
4897.27,0.40013
4898.17,0.40138
4899.07,0.40235
4899.97,0.39858
4900.87,0.3982
4901.77,0.39565
4902.67,0.39305
4903.57,0.39145
4904.47,0.39215
4905.37,0.39166
4906.27,0.3912
4907.17,0.39083
4908.07,0.38793
4908.97,0.38652
4909.87,0.38289
4910.77,0.38083
4911.67,0.37975
4912.57,0.38039
4913.47,0.38031
4914.37,0.38194
4915.27,0.38165
4916.17,0.38087
4917.07,0.37818
4917.97,0.37163
4918.87,0.36662
4919.77,0.35891
4920.67,0.35375
4921.57,0.35043
4922.47,0.35144
4923.37,0.35286
4924.27,0.35697
4925.17,0.36493
4926.07,0.36929
4926.98,0.37777
4927.88,0.38343
4928.78,0.38862
4929.68,0.39248
4930.58,0.39499
4931.48,0.39443
4932.38,0.39222
4933.28,0.38941
4934.18,0.38665
4935.08,0.38173
4935.98,0.37839
4936.88,0.37322
4937.78,0.37247
4938.68,0.36926
4939.58,0.36979
4940.48,0.3713
4941.38,0.37716
4942.28,0.37971
4943.18,0.38617
4944.08,0.39048
4944.98,0.39612
4945.88,0.39667
4946.78,0.40048
4947.68,0.40344
4948.58,0.40377
4949.48,0.40375
4950.38,0.4039
4951.28,0.4053
4952.18,0.40302
4953.08,0.39901
4953.98,0.39563
4954.88,0.39056
4955.78,0.38337
4956.68,0.37778
4957.58,0.37186
4958.48,0.36915
4959.38,0.36854
4960.28,0.371
4961.18,0.37525
4962.08,0.38009
4962.98,0.38211
4963.88,0.38418
4964.79,0.38394
4965.69,0.38126
4966.59,0.37995
4967.49,0.37768
4968.39,0.3762
4969.29,0.37602
4970.19,0.37796
4971.09,0.38007
4971.99,0.38184
4972.89,0.38542
4973.79,0.38618
4974.69,0.38878
4975.59,0.38868
4976.49,0.3892
4977.39,0.38452
4978.29,0.38161
4979.19,0.37552
4980.09,0.37092
4980.99,0.3649
4981.89,0.35866
4982.79,0.35398
4983.69,0.34894
4984.59,0.34975
4985.49,0.35056
4986.39,0.35302
4987.29,0.358
4988.19,0.36218
4989.09,0.36595
4989.99,0.37064
4990.89,0.37218
4991.79,0.37326
4992.69,0.37774
4993.59,0.37619
4994.49,0.37637
4995.39,0.37757
4996.29,0.37676
4997.19,0.37684
4998.09,0.37344
4998.99,0.3726
4999.89,0.36877
5000.79,0.36446
5001.7,0.36151
5002.6,0.35862
5003.5,0.35531
5004.4,0.35208
5005.3,0.35066
5006.2,0.35028
5007.1,0.34901
5008.0,0.35055
5008.9,0.35102
5009.8,0.35191
5010.7,0.35165
5011.6,0.35283
5012.5,0.34941
5013.4,0.34689
5014.3,0.34425
5015.2,0.34203
5016.1,0.3416
5017.0,0.34127
5017.9,0.34231
5018.8,0.34409
5019.7,0.34508
5020.6,0.3474
5021.5,0.35057
5022.4,0.35192
5023.3,0.35429
5024.2,0.35579
5025.1,0.35861
5026.0,0.36076
5026.9,0.36234
5027.8,0.36451
5028.7,0.36652
5029.6,0.3688
5030.5,0.37242
5031.4,0.37507
5032.3,0.37806
5033.2,0.37887
5034.1,0.37873
5035.0,0.37613
5035.9,0.37293
5036.8,0.36784
5037.7,0.36159
5038.6,0.35744
5039.5,0.3516
5040.41,0.34599
5041.31,0.34385
5042.21,0.34506
5043.11,0.34841
5044.01,0.35296
5044.91,0.3602
5045.81,0.36733
5046.71,0.37094
5047.61,0.37163
5048.51,0.37386
5049.41,0.37132
5050.31,0.37055
5051.21,0.37034
5052.11,0.36829
5053.01,0.36867
5053.91,0.37155
5054.81,0.3751
5055.71,0.37798
5056.61,0.38141
5057.51,0.38785
5058.41,0.38942
5059.31,0.3908
5060.21,0.39331
5061.11,0.39243
5062.01,0.39199
5062.91,0.39115
5063.81,0.38676
5064.71,0.38003
5065.61,0.37801
5066.51,0.37424
5067.41,0.37067
5068.31,0.36764
5069.21,0.36877
5070.11,0.3677
5071.01,0.36815
5071.91,0.36959
5072.81,0.37098
5073.71,0.36939
5074.61,0.36854
5075.51,0.36951
5076.42,0.36695
5077.31,0.36381
5078.21,0.36126
5079.12,0.35774
5080.02,0.35437
5080.92,0.35108
5081.82,0.34985
5082.72,0.34951
5083.62,0.35115
5084.52,0.35396
5085.42,0.35882
5086.32,0.36146
5087.22,0.36753
5088.12,0.37059
5089.02,0.37413
5089.92,0.37723
5090.82,0.37957
5091.72,0.38207
5092.62,0.38179
5093.52,0.38247
5094.42,0.38259
5095.32,0.37921
5096.22,0.37658
5097.12,0.37246
5098.02,0.36724
5098.92,0.36426
5099.82,0.36259
5100.72,0.36164
5101.62,0.3607
5102.52,0.36263
5103.42,0.36479
5104.32,0.36433
5105.22,0.3647
5106.12,0.36593
5107.02,0.36424
5107.92,0.36173
5108.82,0.36104
5109.72,0.36085
5110.62,0.3602
5111.52,0.36239
5112.42,0.36503
5113.32,0.36884
5114.22,0.37275
5115.12,0.37669
5116.03,0.37897
5116.93,0.38081
5117.83,0.38439
5118.73,0.38365
5119.63,0.3841
5120.53,0.38084
5121.43,0.37595
5122.33,0.37255
5123.23,0.36688
5124.13,0.36062
5125.03,0.35594
5125.93,0.35369
5126.83,0.35269
5127.73,0.35097
5128.63,0.3515
5129.53,0.3554
5130.43,0.35395
5131.33,0.35757
5132.23,0.35967
5133.13,0.36178
5134.03,0.36333
5134.93,0.36418
5135.83,0.36693
5136.73,0.3646
5137.63,0.36404
5138.53,0.36162
5139.43,0.35974
5140.33,0.35718
5141.23,0.35491
5142.13,0.35373
5143.03,0.35081
5143.93,0.35251
5144.83,0.35208
5145.73,0.35243
5146.63,0.35192
5147.53,0.35328
5148.43,0.35283
5149.33,0.35183
5150.23,0.35161
5151.13,0.35258
5152.03,0.35404
5152.94,0.3531
5153.84,0.35531
5154.74,0.35827
5155.64,0.36018
5156.54,0.363
5157.44,0.36765
5158.34,0.37045
5159.24,0.37331
5160.14,0.37427
5161.04,0.37232
5161.94,0.36884
5162.84,0.36526
5163.74,0.35667
5164.64,0.34778
5165.54,0.33436
5166.44,0.32398
5167.34,0.31262
5168.24,0.30159
5169.14,0.2955
5170.04,0.29044
5170.94,0.28753
5171.84,0.28687
5172.74,0.28922
5173.64,0.29341
5174.54,0.29981
5175.44,0.30972
5176.34,0.31876
5177.24,0.32618
5178.14,0.3331
5179.04,0.33768
5179.94,0.33662
5180.84,0.33452
5181.74,0.32906
5182.64,0.32132
5183.54,0.31494
5184.44,0.31326
5185.34,0.31212
5186.24,0.31649
5187.14,0.32181
5188.04,0.32763
5188.94,0.33534
5189.84,0.3416
5190.75,0.34646
5191.65,0.34747
5192.55,0.34642
5193.45,0.34597
5194.35,0.34689
5195.25,0.34701
5196.15,0.34987
5197.05,0.35094
5197.95,0.3553
5198.85,0.35774
5199.75,0.36042
5200.65,0.36292
5201.55,0.36238
5202.45,0.36104
5203.35,0.35678
5204.25,0.35307
5205.15,0.34744
5206.05,0.3411
5206.95,0.33953
5207.85,0.33423
5208.75,0.33455
5209.65,0.3358
5210.55,0.33983
5211.45,0.34434
5212.35,0.35106
5213.25,0.35403
5214.15,0.36028
5215.05,0.36353
5215.95,0.36505
5216.85,0.36757
5217.75,0.36851
5218.65,0.37081
5219.55,0.37195
5220.45,0.37289
5221.35,0.3738
5222.25,0.37134
5223.15,0.36933
5224.05,0.36416
5224.95,0.35922
5225.85,0.35561
5226.75,0.35035
5227.66,0.34709
5228.56,0.34671
5229.46,0.34853
5230.36,0.35328
5231.26,0.35614
5232.16,0.36048
5233.06,0.36272
5233.96,0.36474
5234.86,0.36878
5235.76,0.37151
5236.66,0.37377
5237.56,0.37749
5238.46,0.37972
5239.36,0.38115
5240.26,0.38606
5241.16,0.38781
5242.06,0.38916
5242.96,0.38876
5243.86,0.38641
5244.76,0.38567
5245.66,0.38315
5246.56,0.38034
5247.46,0.37771
5248.36,0.37397
5249.26,0.37065
5250.16,0.36834
5251.06,0.36844
5251.96,0.36532
5252.86,0.36752
5253.76,0.36816
5254.66,0.37094
5255.56,0.37469
5256.46,0.37572
5257.36,0.37831
5258.26,0.37885
5259.16,0.38073
5260.06,0.3797
5260.96,0.37497
5261.86,0.37069
5262.76,0.36138
5263.66,0.35239
5264.56,0.34554
5265.47,0.33581
5266.37,0.33083
5267.27,0.32376
5268.17,0.32164
5269.07,0.3198
5269.97,0.32121
5270.87,0.3239
5271.77,0.328
5272.67,0.33375
5273.57,0.3398
5274.47,0.34541
5275.37,0.35396
5276.27,0.3591
5277.17,0.36506
5278.07,0.37043
5278.97,0.37513
5279.87,0.37703
5280.77,0.37676
5281.67,0.37874
5282.57,0.37808
5283.47,0.37886
5284.37,0.37981
5285.27,0.38167
5286.17,0.38502
5287.07,0.38966
5287.97,0.39441
5288.87,0.39744
5289.77,0.40212
5290.67,0.40305
5291.57,0.40377
5292.47,0.40202
5293.37,0.40141
5294.27,0.39811
5295.17,0.39276
5296.07,0.38937
5296.97,0.3841
5297.87,0.37879
5298.77,0.37432
5299.67,0.37373
5300.57,0.37325
5301.48,0.37571
5302.38,0.37834
5303.27,0.38354
5304.18,0.38762
5305.08,0.39367
5305.98,0.39781
5306.88,0.40012
5307.78,0.40229
5308.68,0.40645
5309.58,0.40614
5310.48,0.40713
5311.38,0.4081
5312.28,0.40798
5313.18,0.40574
5314.08,0.40388
5314.98,0.40267
5315.88,0.39919
5316.78,0.39996
5317.68,0.39646
5318.58,0.39467
5319.48,0.39278
5320.38,0.39192
5321.28,0.38917
5322.18,0.38603
5323.08,0.38373
5323.98,0.37865
5324.88,0.37379
5325.78,0.36691
5326.68,0.36194
5327.58,0.35827
5328.48,0.35342
5329.38,0.35268
5330.28,0.35339
5331.18,0.35609
5332.08,0.36299
5332.98,0.36772
5333.88,0.37372
5334.78,0.37989
5335.68,0.38412
5336.58,0.38641
5337.48,0.38583
5338.38,0.38581
5339.28,0.38546
5340.19,0.38338
5341.08,0.38033
5341.99,0.38021
5342.89,0.37924
5343.79,0.381
5344.69,0.38179
5345.59,0.38228
5346.49,0.38385
5347.39,0.38508
5348.29,0.38536
5349.19,0.38637
5350.09,0.38691
5350.99,0.38965
5351.89,0.39335
5352.79,0.39473
5353.69,0.40009
5354.59,0.40481
5355.49,0.40719
5356.39,0.41049
5357.29,0.41459
5358.19,0.41561
5359.09,0.41528
5359.99,0.41327
5360.89,0.41001
5361.79,0.40937
5362.69,0.40442
5363.59,0.40131
5364.49,0.3975
5365.39,0.39411
5366.29,0.38755
5367.19,0.38645
5368.09,0.38158
5368.99,0.3783
5369.89,0.3752
5370.79,0.3722
5371.69,0.37293
5372.59,0.37287
5373.49,0.37817
5374.39,0.38262
5375.29,0.38543
5376.19,0.39139
5377.09,0.39567
5378.0,0.39909
5378.9,0.40029
5379.8,0.39978
5380.7,0.40087
5381.6,0.39986
5382.5,0.3977
5383.4,0.39799
5384.3,0.39725
5385.2,0.39491
5386.1,0.39419
5387.0,0.39357
5387.9,0.39406
5388.8,0.39309
5389.7,0.39021
5390.6,0.38492
5391.5,0.38507
5392.4,0.38121
5393.3,0.37897
5394.2,0.3767
5395.1,0.37438
5396.0,0.37316
5396.9,0.37171
5397.8,0.36984
5398.7,0.371
5399.6,0.37224
5400.5,0.37081
5401.4,0.37154
5402.3,0.37113
5403.2,0.36979
5404.1,0.36651
5405.0,0.3658
5405.9,0.36181
5406.8,0.36047
5407.7,0.36002
5408.6,0.36063
5409.5,0.36123
5410.4,0.36459
5411.3,0.36797
5412.2,0.37107
5413.1,0.37685
5414.0,0.38239
5414.9,0.38629
5415.81,0.38783
5416.71,0.39195
5417.61,0.39246
5418.51,0.3966
5419.41,0.39482
5420.31,0.39509
5421.21,0.39506
5422.11,0.3927
5423.01,0.39285
5423.91,0.39312
5424.81,0.3904
5425.71,0.38979
5426.61,0.38827
5427.51,0.38871
5428.41,0.38567
5429.31,0.38395
5430.21,0.3809
5431.11,0.37944
5432.01,0.37635
5432.91,0.37406
5433.81,0.37445
5434.71,0.37459
5435.61,0.37368
5436.51,0.37878
5437.41,0.3796
5438.31,0.38449
5439.21,0.38888
5440.11,0.39456
5441.01,0.39717
5441.91,0.40055
5442.81,0.40142
5443.71,0.39925
5444.61,0.39819
5445.51,0.39268
5446.41,0.3883
5447.31,0.38423
5448.21,0.38177
5449.11,0.38135
5450.01,0.38148
5450.91,0.38199
5451.81,0.38306
5452.72,0.38197
5453.62,0.38116
5454.52,0.37947
5455.42,0.37974
5456.32,0.3787
5457.22,0.37899
5458.12,0.3795
5459.02,0.38203
5459.92,0.38158
5460.82,0.38348
5461.72,0.38288
5462.62,0.38205
5463.52,0.38367
5464.42,0.38313
5465.32,0.38297
5466.22,0.38305
5467.12,0.38487
5468.02,0.38369
5468.92,0.3839
5469.82,0.38359
5470.72,0.38411
5471.62,0.38277
5472.52,0.38117
5473.42,0.37748
5474.32,0.37412
5475.22,0.37183
5476.12,0.36932
5477.02,0.36767
5477.92,0.36607
5478.82,0.36641
5479.72,0.36601
5480.62,0.36852
5481.52,0.36962
5482.42,0.37193
5483.32,0.37466
5484.22,0.37738
5485.12,0.38057
5486.02,0.38079
5486.92,0.38171
5487.82,0.38294
5488.72,0.38525
5489.62,0.38332
5490.53,0.38409
5491.43,0.38555
5492.33,0.38553
5493.23,0.38508
5494.13,0.38482
5495.03,0.38528
5495.93,0.38532
5496.83,0.38522
5497.73,0.38593
5498.63,0.38361
5499.53,0.38401
5500.43,0.38618
5501.33,0.38356
5502.23,0.38149
5503.13,0.38154
5504.03,0.38083
5504.93,0.3791
5505.83,0.37835
5506.73,0.37793
5507.63,0.37681
5508.53,0.37634
5509.43,0.37608
5510.33,0.37558
5511.23,0.3737
5512.13,0.37436
5513.03,0.37441
5513.93,0.3747
5514.83,0.37471
5515.73,0.37548
5516.63,0.37967
5517.53,0.38149
5518.43,0.38491
5519.33,0.38788
5520.23,0.38998
5521.13,0.39112
5522.03,0.39315
5522.93,0.39262
5523.83,0.39299
5524.73,0.39098
5525.63,0.3877
5526.54,0.38701
5527.44,0.38289
5528.33,0.38184
5529.24,0.37971
5530.14,0.37984
5531.04,0.37968
5531.94,0.38108
5532.84,0.3818
5533.74,0.38293
5534.64,0.38408
5535.54,0.3869
5536.44,0.38517
5537.34,0.3868
5538.24,0.38889
5539.14,0.3887
5540.04,0.39053
5540.94,0.39201
5541.84,0.39185
5542.74,0.39294
5543.64,0.39353
5544.54,0.39344
5545.44,0.39271
5546.34,0.39404
5547.24,0.39523
5548.14,0.39548
5549.04,0.39722
5549.94,0.39722
5550.84,0.39806
5551.74,0.39889
5552.64,0.39872
5553.54,0.39831
5554.44,0.39518
5555.34,0.39521
5556.24,0.39415
5557.14,0.39129
5558.04,0.39035
5558.94,0.39048
5559.84,0.38884
5560.74,0.38836
5561.64,0.38797
5562.54,0.38699
5563.44,0.38555
5564.34,0.38482
5565.25,0.38243
5566.15,0.3811
5567.05,0.3818
5567.95,0.38022
5568.85,0.38011
5569.75,0.3801
5570.65,0.38063
5571.55,0.38058
5572.45,0.38117
5573.35,0.38275
5574.25,0.38252
5575.15,0.38453
5576.05,0.38556
5576.95,0.3853
5577.85,0.38747
5578.75,0.389
5579.65,0.38926
5580.55,0.38934
5581.45,0.3875
5582.35,0.38815
5583.25,0.38592
5584.15,0.38347
5585.05,0.37889
5585.95,0.3753
5586.85,0.37223
5587.75,0.36841
5588.65,0.36579
5589.55,0.36202
5590.45,0.36136
5591.35,0.36278
5592.25,0.36242
5593.15,0.36611
5594.05,0.36831
5594.95,0.37004
5595.85,0.37264
5596.75,0.37291
5597.65,0.3743
5598.55,0.37508
5599.45,0.37435
5600.35,0.37215
5601.25,0.37326
5602.15,0.37054
5603.06,0.37456
5603.96,0.37506
5604.86,0.37866
5605.76,0.38173
5606.66,0.38558
5607.56,0.39098
5608.46,0.39122
5609.36,0.3946
5610.26,0.39605
5611.16,0.39436
5612.06,0.39406
5612.96,0.39346
5613.86,0.3895
5614.76,0.38669
5615.66,0.38234
5616.56,0.37934
5617.46,0.37737
5618.36,0.37696
5619.26,0.37712
5620.16,0.37545
5621.06,0.37669
5621.96,0.37721
5622.86,0.37609
5623.76,0.37721
5624.66,0.37649
5625.56,0.37839
5626.46,0.37793
5627.36,0.37961
5628.26,0.38065
5629.16,0.38337
5630.06,0.38475
5630.96,0.38658
5631.86,0.38723
5632.76,0.38945
5633.66,0.39019
5634.56,0.38962
5635.46,0.38771
5636.36,0.38503
5637.26,0.38404
5638.16,0.38244
5639.06,0.38038
5639.96,0.37964
5640.86,0.37844
5641.77,0.37741
5642.67,0.37808
5643.57,0.37659
5644.47,0.3794
5645.37,0.37934
5646.27,0.38098
5647.17,0.38179
5648.07,0.38341
5648.97,0.38279
5649.87,0.38432
5650.77,0.38608
5651.67,0.38569
5652.57,0.3855
5653.47,0.38426
5654.37,0.38268
5655.27,0.3805
5656.17,0.37985
5657.07,0.37594
5657.97,0.37318
5658.87,0.37202
5659.77,0.36801
5660.67,0.37018
5661.57,0.37139
5662.47,0.36944
5663.37,0.37244
5664.27,0.37536
5665.17,0.37477
5666.07,0.3764
5666.97,0.37738
5667.87,0.38032
5668.77,0.38126
5669.67,0.38264
5670.57,0.38274
5671.47,0.38575
5672.37,0.3868
5673.27,0.38885
5674.17,0.38978
5675.07,0.39321
5675.97,0.39343
5676.88,0.39387
5677.77,0.39403
5678.68,0.39354
5679.58,0.39111
5680.48,0.39077
5681.38,0.38998
5682.28,0.38851
5683.18,0.38566
5684.08,0.38303
5684.98,0.38217
5685.88,0.38186
5686.78,0.38122
5687.68,0.37958
5688.58,0.38247
5689.48,0.38248
5690.38,0.38374
5691.28,0.3848
5692.18,0.38711
5693.08,0.38765
5693.98,0.38961
5694.88,0.38936
5695.78,0.39049
5696.68,0.38954
5697.58,0.38829
5698.48,0.3869
5699.38,0.38478
5700.28,0.38449
5701.18,0.38151
5702.08,0.37912
5702.98,0.37749
5703.88,0.37727
5704.78,0.37508
5705.68,0.37357
5706.58,0.37069
5707.48,0.36833
5708.38,0.36818
5709.28,0.36677
5710.18,0.3659
5711.08,0.36657
5711.98,0.36774
5712.88,0.3679
5713.78,0.3725
5714.68,0.37618
5715.59,0.37782
5716.49,0.38279
5717.39,0.38673
5718.29,0.38955
5719.19,0.39165
5720.09,0.39419
5720.99,0.39642
5721.89,0.39838
5722.79,0.39905
5723.69,0.40085
5724.59,0.40039
5725.49,0.39985
5726.39,0.39841
5727.29,0.39773
5728.19,0.39821
5729.09,0.39654
5729.99,0.39581
5730.89,0.39508
5731.79,0.39601
5732.69,0.39483
5733.59,0.39538
5734.49,0.39615
5735.39,0.3967
5736.29,0.39534
5737.19,0.39725
5738.09,0.39598
5738.99,0.398
5739.89,0.39727
5740.79,0.39804
5741.69,0.39749
5742.59,0.39784
5743.49,0.39686
5744.39,0.39701
5745.29,0.39642
5746.19,0.39682
5747.09,0.39779
5747.99,0.39607
5748.89,0.39647
5749.79,0.39482
5750.69,0.39373
5751.59,0.39314
5752.5,0.39015
5753.4,0.38868
5754.3,0.38823
5755.2,0.38824
5756.1,0.38941
5757.0,0.39041
5757.9,0.39111
5758.8,0.39019
5759.7,0.39012
5760.6,0.39095
5761.5,0.38982
5762.4,0.38858
5763.3,0.38974
5764.2,0.38953
5765.1,0.39004
5766.0,0.39233
5766.9,0.39332
5767.8,0.39698
5768.7,0.39827
5769.6,0.39897
5770.5,0.40029
5771.4,0.40052
5772.3,0.39872
5773.2,0.39944
5774.1,0.39699
5775.0,0.39556
5775.9,0.39493
5776.8,0.39363
5777.7,0.39136
5778.6,0.38898
5779.5,0.38762
5780.4,0.38525
5781.3,0.38267
5782.2,0.37927
5783.1,0.37588
5784.0,0.37559
5784.9,0.37367
5785.8,0.37303
5786.7,0.3731
5787.6,0.37674
5788.5,0.37816
5789.41,0.3785
5790.31,0.38323
5791.21,0.38388
5792.11,0.38767
5793.01,0.38771
5793.91,0.39109
5794.81,0.39123
5795.71,0.39361
5796.61,0.39483
5797.51,0.39718
5798.41,0.39767
5799.31,0.39743
5800.21,0.39859
5801.11,0.40053
5802.01,0.40078
5802.91,0.40067
5803.81,0.39977
5804.71,0.40152
5805.61,0.3993
5806.51,0.39884
5807.41,0.39813
5808.31,0.39867
5809.21,0.39773
5810.11,0.39715
5811.01,0.40145
5811.91,0.39775
5812.81,0.399
5813.71,0.3978
5814.61,0.3975
5815.51,0.39773
5816.41,0.39684
5817.31,0.39602
5818.21,0.39661
5819.11,0.39819
5820.01,0.39887
5820.91,0.40182
5821.81,0.40163
5822.71,0.40298
5823.61,0.40348
5824.51,0.40503
5825.41,0.40489
5826.31,0.40413
5827.22,0.40568
5828.12,0.40639
5829.02,0.40483
5829.92,0.40428
5830.82,0.40377
5831.72,0.40511
5832.62,0.40419
5833.52,0.40321
5834.42,0.40142
5835.32,0.40316
5836.22,0.40224
5837.12,0.39996
5838.02,0.40261
5838.92,0.40064
5839.82,0.40163
5840.72,0.40101
5841.62,0.40285
5842.52,0.40193
5843.42,0.40268
5844.32,0.40254
5845.22,0.40273
5846.12,0.4015
5847.02,0.40046
5847.92,0.39916
5848.82,0.39764
5849.72,0.39516
5850.62,0.39297
5851.52,0.39032
5852.42,0.38902
5853.32,0.38737
5854.22,0.38439
5855.12,0.38354
5856.02,0.38039
5856.92,0.3774
5857.82,0.37793
5858.72,0.37734
5859.62,0.37822
5860.52,0.37702
5861.42,0.37889
5862.32,0.37992
5863.23,0.38218
5864.12,0.38177
5865.03,0.38382
5865.93,0.38544
5866.83,0.38701
5867.73,0.38856
5868.63,0.3878
5869.53,0.38863
5870.43,0.39115
5871.33,0.39097
5872.23,0.39181
5873.13,0.39266
5874.03,0.39224
5874.93,0.39123
5875.83,0.39286
5876.73,0.38963
5877.63,0.39046
5878.53,0.38796
5879.43,0.38564
5880.33,0.38529
5881.23,0.38387
5882.13,0.38247
5883.03,0.37926
5883.93,0.37798
5884.83,0.37277
5885.73,0.36992
5886.63,0.36406
5887.53,0.35875
5888.43,0.35084
5889.33,0.34377
5890.23,0.33656
5891.13,0.33001
5892.03,0.32516
5892.93,0.3226
5893.83,0.32113
5894.73,0.32131
5895.63,0.32229
5896.53,0.32587
5897.43,0.33025
5898.33,0.33573
5899.23,0.34022
5900.13,0.34619
5901.04,0.35318
5901.94,0.35987
5902.83,0.366
5903.74,0.36903
5904.64,0.3742
5905.54,0.37551
5906.44,0.37785
5907.34,0.37965
5908.24,0.38048
5909.14,0.37994
5910.04,0.38055
5910.94,0.38188
5911.84,0.38026
5912.74,0.38171
5913.64,0.38058
5914.54,0.38092
5915.44,0.37698
5916.34,0.37816
5917.24,0.37812
5918.14,0.37833
5919.04,0.37938
5919.94,0.38015
5920.84,0.3806
5921.74,0.38087
5922.64,0.38331
5923.54,0.38114
5924.44,0.38333
5925.34,0.38458
5926.24,0.38421
5927.14,0.38232
5928.04,0.38369
5928.94,0.38192
5929.84,0.38291
5930.74,0.38298
5931.64,0.38117
5932.54,0.38163
5933.44,0.38196
5934.34,0.38321
5935.24,0.38174
5936.14,0.38309
5937.04,0.38489
5937.94,0.38438
5938.85,0.38448
5939.75,0.38338
5940.65,0.38477
5941.55,0.38622
5942.45,0.3858
5943.35,0.3851
5944.25,0.38326
5945.15,0.38297
5946.05,0.3843
5946.95,0.38566
5947.85,0.38404
5948.75,0.38318
5949.65,0.38319
5950.55,0.3821
5951.45,0.38266
5952.35,0.38343
5953.25,0.38031
5954.15,0.38047
5955.05,0.38027
5955.95,0.37958
5956.85,0.38103
5957.75,0.38059
5958.65,0.3825
5959.55,0.38169
5960.45,0.38446
5961.35,0.38518
5962.25,0.38598
5963.15,0.38724
5964.05,0.38913
5964.95,0.39062
5965.85,0.38871
5966.75,0.39046
5967.65,0.39139
5968.55,0.39138
5969.45,0.3927
5970.35,0.39187
5971.25,0.39167
5972.15,0.39097
5973.05,0.39091
5973.95,0.3897
5974.85,0.38938
5975.75,0.38672
5976.65,0.38609
5977.56,0.38693
5978.46,0.38572
5979.36,0.38376
5980.26,0.38318
5981.16,0.38232
5982.06,0.38218
5982.96,0.3823
5983.86,0.37961
5984.76,0.37988
5985.66,0.3812
5986.56,0.38107
5987.46,0.38104
5988.36,0.38119
5989.26,0.38124
5990.16,0.38309
5991.06,0.38533
5991.96,0.3849
5992.86,0.38561
5993.76,0.38671
5994.66,0.38692
5995.56,0.38696
5996.46,0.38664
5997.36,0.38604
5998.26,0.38536
5999.16,0.38587
6000.06,0.38433
6000.96,0.38254
6001.86,0.38335
6002.76,0.38146
6003.66,0.38183
6004.56,0.38017
6005.46,0.38252
6006.36,0.38065
6007.26,0.37785
6008.16,0.37971
6009.06,0.37921
6009.96,0.37769
6010.86,0.37793
6011.76,0.37959
6012.67,0.37895
6013.56,0.37796
6014.47,0.37944
6015.37,0.37786
6016.27,0.37685
6017.17,0.37872
6018.07,0.37718
6018.97,0.37867
6019.87,0.37711
6020.77,0.3771
6021.67,0.37524
6022.57,0.3778
6023.47,0.37694
6024.37,0.37814
6025.27,0.38101
6026.17,0.38045
6027.07,0.38357
6027.97,0.38525
6028.87,0.38729
6029.77,0.38862
6030.67,0.38833
6031.57,0.39092
6032.47,0.39163
6033.37,0.39268
6034.27,0.39309
6035.17,0.39414
6036.07,0.39417
6036.97,0.394
6037.87,0.39414
6038.77,0.39343
6039.67,0.39496
6040.57,0.39397
6041.47,0.39386
6042.37,0.39494
6043.27,0.3941
6044.17,0.39454
6045.07,0.39652
6045.97,0.3972
6046.87,0.39658
6047.77,0.39669
6048.67,0.39777
6049.57,0.39811
6050.47,0.39816
6051.38,0.39719
6052.28,0.39553
6053.18,0.39507
6054.08,0.39428
6054.98,0.39258
6055.88,0.38933
6056.78,0.3913
6057.68,0.39078
6058.58,0.38982
6059.48,0.39014
6060.38,0.39072
6061.28,0.38924
6062.18,0.38887
6063.08,0.38808
6063.98,0.38764
6064.88,0.38795
6065.78,0.38705
6066.68,0.38915
6067.58,0.38871
6068.48,0.39154
6069.38,0.39285
6070.28,0.39342
6071.18,0.39412
6072.08,0.39665
6072.98,0.39844
6073.88,0.39852
6074.78,0.39983
6075.68,0.39872
6076.58,0.39774
6077.48,0.39394
6078.38,0.39199
6079.28,0.39231
6080.18,0.38907
6081.08,0.38807
6081.98,0.38798
6082.88,0.38538
6083.78,0.38443
6084.68,0.38301
6085.58,0.38309
6086.48,0.38395
6087.38,0.3832
6088.28,0.38346
6089.19,0.38561
6090.09,0.38334
6090.99,0.38413
6091.89,0.38489
6092.79,0.38384
6093.69,0.38436
6094.59,0.38473
6095.49,0.38527
6096.39,0.38602
6097.29,0.38645
6098.19,0.38616
6099.09,0.38493
6099.99,0.38564
6100.89,0.38271
6101.79,0.38314
6102.69,0.38086
6103.59,0.38032
6104.49,0.37962
6105.39,0.38213
6106.29,0.38002
6107.19,0.37956
6108.09,0.38449
6108.99,0.38441
6109.89,0.38608
6110.79,0.38965
6111.69,0.38807
6112.59,0.38874
6113.49,0.39026
6114.39,0.38995
6115.29,0.38904
6116.19,0.38918
6117.09,0.38846
6117.99,0.38814
6118.89,0.38724
6119.79,0.3855
6120.69,0.38326
6121.59,0.38212
6122.49,0.3795
6123.39,0.37801
6124.29,0.37752
6125.19,0.37722
6126.1,0.37887
6127.0,0.3806
6127.9,0.38154
6128.8,0.38151
6129.7,0.38409
6130.6,0.38398
6131.5,0.38209
6132.4,0.38181
6133.3,0.38103
6134.2,0.37808
6135.1,0.37776
6136.0,0.37469
6136.9,0.37291
6137.8,0.37143
6138.7,0.36804
6139.6,0.3695
6140.5,0.37223
6141.4,0.37116
6142.3,0.37426
6143.2,0.37784
6144.1,0.38011
6145.0,0.38065
6145.9,0.38217
6146.8,0.3841
6147.7,0.38505
6148.6,0.38451
6149.5,0.38522
6150.4,0.38261
6151.3,0.38167
6152.2,0.38041
6153.1,0.3815
6154.0,0.37978
6154.9,0.37737
6155.8,0.37795
6156.7,0.37519
6157.6,0.37332
6158.5,0.37135
6159.4,0.36863
6160.3,0.36465
6161.2,0.36027
6162.1,0.35814
6163.01,0.35411
6163.91,0.35264
6164.81,0.3515
6165.71,0.35059
6166.61,0.35051
6167.51,0.3524
6168.41,0.35198
6169.31,0.35402
6170.21,0.35479
6171.11,0.35668
6172.01,0.35848
6172.91,0.35925
6173.81,0.36133
6174.71,0.36188
6175.61,0.36604
6176.51,0.36641
6177.41,0.36751
6178.31,0.36838
6179.21,0.37163
6180.11,0.37091
6181.01,0.37289
6181.91,0.37376
6182.81,0.37398
6183.71,0.3746
6184.61,0.37274
6185.51,0.37237
6186.41,0.37183
6187.31,0.36836
6188.21,0.36718
6189.11,0.3667
6190.01,0.36242
6190.91,0.36315
6191.81,0.36247
6192.71,0.36087
6193.61,0.36166
6194.51,0.36302
6195.41,0.3638
6196.31,0.36539
6197.21,0.36721
6198.11,0.36798
6199.01,0.36933
6199.92,0.36901
6200.82,0.3703
6201.72,0.37237
6202.62,0.37249
6203.52,0.37107
6204.42,0.37444
6205.32,0.37394
6206.22,0.37592
6207.12,0.37584
6208.02,0.37452
6208.92,0.37609
6209.82,0.37475
6210.72,0.37325
6211.62,0.36911
6212.52,0.36848
6213.42,0.36455
6214.32,0.36302
6215.22,0.36101
6216.12,0.35901
6217.02,0.35642
6217.92,0.35612
6218.82,0.35537
6219.72,0.35508
6220.62,0.35454
6221.52,0.35744
6222.42,0.35637
6223.32,0.35753
6224.22,0.35782
6225.12,0.35683
6226.02,0.35816
6226.92,0.35948
6227.82,0.35785
6228.72,0.35701
6229.62,0.35587
6230.52,0.3535
6231.42,0.35475
6232.32,0.35391
6233.22,0.35521
6234.12,0.35461
6235.02,0.3564
6235.92,0.35601
6236.83,0.35787
6237.73,0.35711
6238.63,0.35917
6239.53,0.35708
6240.43,0.35669
6241.33,0.35492
6242.23,0.3542
6243.13,0.35344
6244.03,0.35311
6244.93,0.35147
6245.83,0.35051
6246.73,0.35266
6247.63,0.35242
6248.53,0.35295
6249.43,0.35369
6250.33,0.35388
6251.23,0.35295
6252.13,0.35201
6253.03,0.3514
6253.93,0.34898
6254.83,0.34947
6255.73,0.34793
6256.63,0.34599
6257.53,0.34621
6258.43,0.34669
6259.33,0.34529
6260.23,0.34759
6261.13,0.34905
6262.03,0.3508
6262.93,0.3527
6263.83,0.35651
6264.73,0.35722
6265.63,0.3589
6266.53,0.35966
6267.43,0.36201
6268.33,0.36336
6269.23,0.36295
6270.13,0.3629
6271.03,0.36457
6271.93,0.36395
6272.83,0.36579
6273.73,0.36608
6274.64,0.36605
6275.54,0.36608
6276.44,0.36711
6277.34,0.36786
6278.24,0.36706
6279.14,0.36626
6280.04,0.36731
6280.94,0.36534
6281.84,0.36508
6282.74,0.36801
6283.64,0.36692
6284.54,0.36699
6285.44,0.3687
6286.34,0.36985
6287.24,0.36985
6288.14,0.37249
6289.04,0.37352
6289.94,0.37328
6290.84,0.37243
6291.74,0.37327
6292.64,0.37229
6293.54,0.37109
6294.44,0.36929
6295.34,0.36789
6296.24,0.36572
6297.14,0.36604
6298.04,0.3628
6298.94,0.36155
6299.84,0.36169
6300.74,0.36052
6301.64,0.36091
6302.54,0.36088
6303.44,0.36143
6304.34,0.36272
6305.24,0.36315
6306.14,0.36448
6307.04,0.36626
6307.94,0.36705
6308.84,0.36788
6309.74,0.37006
6310.64,0.36976
6311.54,0.36831
6312.45,0.36767
6313.35,0.36713
6314.25,0.36554
6315.15,0.36442
6316.05,0.36287
6316.95,0.36037
6317.85,0.36099
6318.75,0.36099
6319.65,0.35962
6320.55,0.36163
6321.45,0.36161
6322.35,0.36497
6323.25,0.36608
6324.15,0.36613
6325.05,0.36845
6325.95,0.36996
6326.85,0.37119
6327.75,0.37315
6328.65,0.37309
6329.55,0.3731
6330.45,0.37337
6331.35,0.37473
6332.25,0.37281
6333.15,0.37286
6334.05,0.36992
6334.95,0.37012
6335.85,0.36819
6336.75,0.36848
6337.65,0.36809
6338.55,0.36565
6339.45,0.3661
6340.35,0.36587
6341.25,0.36661
6342.15,0.36683
6343.05,0.36652
6343.95,0.36891
6344.85,0.36804
6345.75,0.36848
6346.65,0.36841
6347.55,0.36999
6348.46,0.37026
6349.35,0.37028
6350.26,0.37112
6351.16,0.37283
6352.06,0.37181
6352.96,0.37135
6353.86,0.36982
6354.76,0.36859
6355.66,0.36716
6356.56,0.3648
6357.46,0.36525
6358.36,0.36044
6359.26,0.35804
6360.16,0.35774
6361.06,0.3563
6361.96,0.35569
6362.86,0.35455
6363.76,0.35659
6364.66,0.35518
6365.56,0.35733
6366.46,0.36012
6367.36,0.36131
6368.26,0.36429
6369.16,0.36624
6370.06,0.36883
6370.96,0.36963
6371.86,0.37299
6372.76,0.3743
6373.66,0.37604
6374.56,0.37558
6375.46,0.37731
6376.36,0.37812
6377.26,0.37762
6378.16,0.37635
6379.06,0.37511
6379.96,0.3757
6380.86,0.37369
6381.76,0.3757
6382.66,0.37506
6383.56,0.37495
6384.46,0.37484
6385.36,0.37432
6386.27,0.37435
6387.17,0.3754
6388.07,0.3758
6388.97,0.3752
6389.87,0.37425
6390.77,0.37424
6391.67,0.37328
6392.57,0.37102
6393.47,0.37132
6394.37,0.36999
6395.27,0.36917
6396.17,0.36954
6397.07,0.36884
6397.97,0.3684
6398.87,0.37048
6399.77,0.37021
6400.67,0.36926
6401.57,0.36998
6402.47,0.37086
6403.37,0.37014
6404.27,0.37105
6405.17,0.37302
6406.07,0.37376
6406.97,0.37197
6407.87,0.37296
6408.77,0.37153
6409.67,0.37274
6410.57,0.37155
6411.47,0.37085
6412.37,0.3706
6413.27,0.37025
6414.17,0.37064
6415.07,0.36914
6415.97,0.37021
6416.87,0.36989
6417.77,0.3702
6418.67,0.36951
6419.57,0.36944
6420.47,0.36925
6421.37,0.3683
6422.27,0.36996
6423.17,0.36956
6424.08,0.37282
6424.98,0.37192
6425.88,0.37413
6426.78,0.37495
6427.68,0.37613
6428.58,0.37486
6429.48,0.37563
6430.38,0.37343
6431.28,0.37417
6432.18,0.37494
6433.08,0.37229
6433.98,0.37306
6434.88,0.37199
6435.78,0.37409
6436.68,0.37442
6437.58,0.37363
6438.48,0.3745
6439.38,0.37464
6440.28,0.37576
6441.18,0.37629
6442.08,0.37816
6442.98,0.37846
6443.88,0.37967
6444.78,0.38191
6445.68,0.38002
6446.58,0.37862
6447.48,0.37875
6448.38,0.37724
6449.28,0.37587
6450.18,0.37175
6451.08,0.37084
6451.98,0.3696
6452.88,0.36815
6453.78,0.36723
6454.68,0.3702
6455.58,0.37056
6456.48,0.37206
6457.38,0.37502
6458.28,0.37504
6459.18,0.3741
6460.08,0.37444
6460.98,0.3739
6461.89,0.37469
6462.79,0.373
6463.69,0.37182
6464.59,0.37319
6465.49,0.37272
6466.39,0.37352
6467.29,0.37516
6468.19,0.37585
6469.09,0.37517
6469.99,0.37451
6470.89,0.37538
6471.79,0.37651
6472.69,0.37569
6473.59,0.37494
6474.49,0.37522
6475.39,0.3769
6476.29,0.37485
6477.19,0.37501
6478.09,0.37364
6478.99,0.37362
6479.89,0.37193
6480.79,0.3708
6481.69,0.36969
6482.59,0.37015
6483.49,0.36928
6484.39,0.36832
6485.29,0.36884
6486.19,0.36744
6487.09,0.3685
6487.99,0.36669
6488.89,0.36739
6489.79,0.36472
6490.69,0.3644
6491.59,0.35855
6492.49,0.35641
6493.39,0.35389
6494.29,0.35066
6495.19,0.34567
6496.09,0.34298
6496.99,0.34177
6497.9,0.34084
6498.79,0.34038
6499.7,0.34163
6500.6,0.34413
6501.5,0.34727
6502.4,0.35131
6503.3,0.35565
6504.2,0.35798
6505.1,0.36029
6506.0,0.36279
6506.9,0.36535
6507.8,0.36697
6508.7,0.36805
6509.6,0.36901
6510.5,0.36959
6511.4,0.36881
6512.3,0.36996
6513.2,0.36844
6514.1,0.36884
6515.0,0.36796
6515.9,0.36791
6516.8,0.36663
6517.7,0.36717
6518.6,0.36631
6519.5,0.36627
6520.4,0.3667
6521.3,0.36743
6522.2,0.36712
6523.1,0.36658
6524.0,0.36961
6524.9,0.36956
6525.8,0.3684
6526.7,0.36991
6527.6,0.36928
6528.5,0.37064
6529.4,0.3687
6530.3,0.36824
6531.2,0.36937
6532.1,0.3689
6533.0,0.36887
6533.9,0.37119
6534.8,0.3706
6535.71,0.37071
6536.61,0.37043
6537.51,0.37238
6538.41,0.37088
6539.31,0.37123
6540.21,0.37243
6541.11,0.37146
6542.01,0.37063
6542.91,0.3687
6543.81,0.36741
6544.71,0.36685
6545.61,0.36584
6546.51,0.36336
6547.41,0.36187
6548.31,0.36057
6549.21,0.35994
6550.11,0.35906
6551.01,0.35671
6551.91,0.35555
6552.81,0.35399
6553.71,0.35183
6554.61,0.34862
6555.51,0.34604
6556.41,0.34369
6557.31,0.33994
6558.21,0.33548
6559.11,0.33072
6560.01,0.32358
6560.91,0.31833
6561.81,0.31229
6562.71,0.30788
6563.61,0.30471
6564.51,0.30386
6565.41,0.30484
6566.31,0.30651
6567.21,0.31155
6568.11,0.3163
6569.01,0.32205
6569.91,0.32873
6570.81,0.33284
6571.71,0.33667
6572.61,0.33966
6573.52,0.34298
6574.42,0.34362
6575.32,0.34723
6576.22,0.34824
6577.12,0.35076
6578.02,0.35173
6578.92,0.35295
6579.82,0.35564
6580.72,0.35701
6581.62,0.35797
6582.52,0.35849
6583.42,0.36001
6584.32,0.35874
6585.22,0.36162
6586.12,0.36179
6587.02,0.36217
6587.92,0.3615
6588.82,0.3616
6589.72,0.36006
6590.62,0.361
6591.52,0.35842
6592.42,0.35997
6593.32,0.35642
6594.22,0.35653
6595.12,0.35522
6596.02,0.35492
6596.92,0.35714
6597.82,0.35624
6598.72,0.35554
6599.62,0.35714
6600.52,0.35852
6601.42,0.36052
6602.32,0.36022
6603.22,0.36256
6604.12,0.36112
6605.02,0.36015
6605.92,0.3602
6606.82,0.36096
6607.72,0.35829
6608.62,0.36016
6609.52,0.35968
6610.43,0.35746
6611.33,0.35906
6612.23,0.35962
6613.13,0.36133
6614.03,0.36201
6614.93,0.36242
6615.83,0.36302
6616.73,0.36611
6617.63,0.36499
6618.53,0.36685
6619.43,0.36577
6620.33,0.36558
6621.23,0.36539
6622.13,0.36561
6623.03,0.36382
6623.93,0.3634
6624.83,0.36297
6625.73,0.36265
6626.63,0.35975
6627.53,0.36022
6628.43,0.3599
6629.33,0.35889
6630.23,0.35768
6631.13,0.35791
6632.03,0.35635
6632.93,0.35618
6633.83,0.35665
6634.73,0.35512
6635.63,0.35455
6636.53,0.35574
6637.43,0.3558
6638.33,0.35615
6639.23,0.35833
6640.13,0.35668
6641.03,0.35738
6641.93,0.35784
6642.83,0.35753
6643.73,0.35658
6644.63,0.35839
6645.53,0.35636
6646.43,0.358
6647.34,0.35842
6648.24,0.35797
6649.14,0.35864
6650.04,0.35799
6650.94,0.35647
6651.84,0.35799
6652.74,0.35915
6653.64,0.3597
6654.54,0.35792
6655.44,0.35921
6656.34,0.3586
6657.24,0.35747
6658.14,0.35635
6659.04,0.35822
6659.94,0.35704
6660.84,0.35686
6661.74,0.35588
6662.64,0.35357
6663.54,0.35343
6664.44,0.35109
6665.34,0.3527
6666.24,0.35178
6667.14,0.35218
6668.04,0.35436
6668.94,0.35318
6669.84,0.35404
6670.74,0.35523
6671.64,0.35542
6672.54,0.35595
6673.44,0.35829
6674.34,0.35663
6675.24,0.35533
6676.14,0.35466
6677.04,0.35422
6677.94,0.35418
6678.84,0.3519
6679.74,0.35225
6680.64,0.35084
6681.54,0.35033
6682.44,0.35153
6683.34,0.35286
6684.24,0.3517
6685.15,0.35316
6686.05,0.35413
6686.95,0.35472
6687.85,0.35585
6688.75,0.35588
6689.65,0.35527
6690.55,0.35603
6691.45,0.35459
6692.35,0.35493
6693.25,0.35483
6694.15,0.3537
6695.05,0.35328
6695.95,0.35244
6696.85,0.35172
6697.75,0.35216
6698.65,0.35214
6699.55,0.35194
6700.45,0.35286
6701.35,0.35214
6702.25,0.35125
6703.15,0.35322
6704.05,0.35265
6704.95,0.35287
6705.85,0.35271
6706.75,0.35205
6707.65,0.35279
6708.55,0.35261
6709.45,0.35049
6710.35,0.35183
6711.25,0.35149
6712.15,0.34962
6713.05,0.34905
6713.95,0.34704
6714.85,0.34752
6715.75,0.3452
6716.65,0.34395
6717.55,0.34338
6718.45,0.34312
6719.35,0.34229
6720.25,0.34339
6721.16,0.34257
6722.06,0.34434
6722.96,0.34472
6723.86,0.34638
6724.76,0.34876
6725.66,0.34835
6726.56,0.34749
6727.46,0.34861
6728.36,0.34946
6729.26,0.35023
6730.16,0.34935
6731.06,0.3505
6731.96,0.35209
6732.86,0.35231
6733.76,0.35172
6734.66,0.35201
6735.56,0.35085
6736.46,0.35197
6737.36,0.35034
6738.26,0.3484
6739.16,0.34846
6740.06,0.34856
6740.96,0.34869
6741.86,0.34773
6742.76,0.34695
6743.66,0.34606
6744.56,0.34591
6745.46,0.34568
6746.36,0.34642
6747.26,0.34489
6748.16,0.34553
6749.06,0.34649
6749.96,0.34461
6750.86,0.34338
6751.76,0.34437
6752.66,0.34586
6753.56,0.34487
6754.46,0.34495
6755.36,0.34679
6756.26,0.34699
6757.16,0.34895
6758.06,0.34985
6758.97,0.34916
6759.87,0.35226
6760.77,0.35271
6761.67,0.35226
6762.57,0.35228
6763.47,0.35115
6764.37,0.3515
6765.27,0.35232
6766.17,0.3509
6767.07,0.35073
6767.97,0.3506
6768.87,0.3487
6769.77,0.34981
6770.67,0.34977
6771.57,0.34987
6772.47,0.35056
6773.37,0.35086
6774.27,0.35205
6775.17,0.35191
6776.07,0.35334
6776.97,0.3544
6777.87,0.35374
6778.77,0.3531
6779.67,0.3546
6780.57,0.35411
6781.47,0.35392
6782.37,0.35286
6783.27,0.35209
6784.17,0.35012
6785.07,0.34845
6785.97,0.3477
6786.87,0.34785
6787.77,0.34672
6788.67,0.34622
6789.57,0.34619
6790.47,0.34775
6791.37,0.34758
6792.27,0.34762
6793.17,0.34865
6794.07,0.3483
6794.97,0.34802
6795.88,0.34921
6796.78,0.34935
6797.68,0.35029
6798.58,0.35004
6799.48,0.3505
6800.38,0.34978
6801.28,0.35178
6802.18,0.35162
6803.08,0.35156
6803.98,0.35225
6804.88,0.35195
6805.78,0.35181
6806.68,0.351
6807.58,0.35204
6808.48,0.35069
6809.38,0.35198
6810.28,0.35098
6811.18,0.3502
6812.08,0.34961
6812.98,0.35127
6813.88,0.35066
6814.78,0.34988
6815.68,0.35124
6816.58,0.35096
6817.48,0.34998
6818.38,0.35078
6819.28,0.35187
6820.18,0.35052
6821.08,0.35085
6821.98,0.35173
6822.88,0.35121
6823.78,0.35195
6824.68,0.35255
6825.58,0.35248
6826.48,0.3529
6827.38,0.35402
6828.28,0.35221
6829.18,0.35204
6830.08,0.35254
6830.98,0.35248
6831.88,0.35304
6832.79,0.35201
6833.69,0.35169
6834.59,0.35324
6835.49,0.3515
6836.39,0.35117
6837.29,0.3501
6838.19,0.34953
6839.09,0.34795
6839.99,0.34815
6840.89,0.34765
6841.79,0.34595
6842.69,0.34487
6843.59,0.34552
6844.49,0.34507
6845.39,0.34534
6846.29,0.34625
6847.19,0.34723
6848.09,0.34769
6848.99,0.34832
6849.89,0.35021
6850.79,0.34953
6851.69,0.35052
6852.59,0.34928
6853.49,0.34854
6854.39,0.34926
6855.29,0.34924
6856.19,0.34684
6857.09,0.34583
6857.99,0.3463
6858.89,0.34499
6859.79,0.34524
6860.69,0.34412
6861.59,0.3448
6862.49,0.3449
6863.39,0.34584
6864.29,0.34717
6865.19,0.34611
6866.09,0.34627
6866.99,0.34689
6867.89,0.34661
6868.79,0.34644
6869.7,0.3473
6870.6,0.34714
6871.5,0.34686
6872.4,0.34636
6873.3,0.34691
6874.2,0.34654
6875.1,0.34779
6876.0,0.34731
6876.9,0.34801
6877.8,0.34805
6878.7,0.34879
6879.6,0.34866
6880.5,0.34936
6881.4,0.34981
6882.3,0.34963
6883.2,0.34868
6884.1,0.34952
6885.0,0.34998
6885.9,0.35262
6886.8,0.35176
6887.7,0.35027
6888.6,0.35326
6889.5,0.35414
6890.4,0.35315
6891.3,0.35554
6892.2,0.35508
6893.1,0.35492
6894.0,0.35585
6894.9,0.35722
6895.8,0.35435
6896.7,0.35658
6897.6,0.35659
6898.5,0.3561
6899.4,0.356
6900.3,0.3577
6901.2,0.35726
6902.1,0.35694
6903.0,0.35682
6903.9,0.35883
6904.8,0.35841
6905.7,0.3588
6906.6,0.35646
6907.51,0.35782
6908.41,0.35807
6909.31,0.3575
6910.21,0.35782
6911.11,0.35808
6912.01,0.35596
6912.91,0.35562
6913.81,0.35534
6914.71,0.35378
6915.61,0.35346
6916.51,0.35382
6917.41,0.35303
6918.31,0.35278
6919.21,0.35292
6920.11,0.35388
6921.01,0.3543
6921.91,0.35393
6922.81,0.35419
6923.71,0.35292
6924.61,0.35199
6925.51,0.35332
6926.41,0.3537
6927.31,0.35243
6928.21,0.35184
6929.11,0.35385
6930.01,0.35397
6930.91,0.35351
6931.81,0.35366
6932.71,0.35495
6933.61,0.35395
6934.51,0.35473
6935.41,0.35587
6936.31,0.35494
6937.21,0.35511
6938.11,0.35589
6939.01,0.35513
6939.91,0.35505
6940.81,0.35663
6941.71,0.35483
6942.61,0.35647
6943.52,0.35443
6944.42,0.35331
6945.31,0.35315
6946.22,0.35403
6947.12,0.35383
6948.02,0.35285
6948.92,0.35202
6949.82,0.3512
6950.72,0.35217
6951.62,0.3527
6952.52,0.35193
6953.42,0.35258
6954.32,0.3526
6955.22,0.35387
6956.12,0.3545
6957.02,0.35515
6957.92,0.35544
6958.82,0.35506
6959.72,0.35657
6960.62,0.35854
6961.52,0.35704
6962.42,0.35803
6963.32,0.35971
6964.22,0.35882
6965.12,0.36007
6966.02,0.35968
6966.92,0.35933
6967.82,0.35864
6968.72,0.35942
6969.62,0.35852
6970.52,0.35911
6971.42,0.35911
6972.32,0.35866
6973.22,0.35754
6974.12,0.35588
6975.02,0.35513
6975.92,0.35363
6976.82,0.35355
6977.72,0.35161
6978.62,0.34992
6979.52,0.34967
6980.42,0.34881
6981.33,0.34969
6982.23,0.35074
6983.12,0.35199
6984.03,0.35499
6984.93,0.35606
6985.83,0.35651
6986.73,0.35693
6987.63,0.35634
6988.53,0.35848
6989.43,0.35999
6990.33,0.35928
6991.23,0.3603
6992.13,0.3586
6993.03,0.35962
6993.93,0.3602
6994.83,0.35843
6995.73,0.35968
6996.63,0.35857
6997.53,0.3592
6998.43,0.35885
6999.33,0.3579
7000.23,0.357
7001.13,0.35568
7002.03,0.35614
7002.93,0.35406
7003.83,0.35484
7004.73,0.35554
7005.63,0.35423
7006.53,0.35492
7007.43,0.35346
7008.33,0.35442
7009.23,0.35422
7010.13,0.35593
7011.03,0.35357
7011.93,0.35372
7012.83,0.3536
7013.73,0.3526
7014.63,0.35185
7015.53,0.35102
7016.43,0.35228
7017.33,0.35155
7018.23,0.35183
7019.14,0.35227
7020.04,0.35143
7020.94,0.3526
7021.84,0.35277
7022.74,0.35312
7023.64,0.35196
7024.54,0.35297
7025.44,0.35348
7026.34,0.35356
7027.24,0.35395
7028.14,0.35446
7029.04,0.35372
7029.94,0.35481
7030.84,0.35412
7031.74,0.35392
7032.64,0.35536
7033.54,0.35541
7034.44,0.35755
7035.34,0.35861
7036.24,0.35527
7037.14,0.3573
7038.04,0.35715
7038.94,0.35923
7039.84,0.35949
7040.74,0.35971
7041.64,0.35998
7042.54,0.36216
7043.44,0.36263
7044.34,0.363
7045.24,0.36453
7046.14,0.36484
7047.04,0.36501
7047.94,0.36598
7048.84,0.36621
7049.74,0.36641
7050.64,0.36302
7051.54,0.36156
7052.44,0.35885
7053.34,0.3579
7054.25,0.35474
7055.15,0.35189
7056.04,0.3495
7056.95,0.34885
7057.85,0.34528
7058.75,0.34401
7059.65,0.34478
7060.55,0.34227
7061.45,0.34116
7062.35,0.33956
7063.25,0.34059
7064.15,0.3412
7065.05,0.33951
7065.95,0.33863
7066.85,0.3395
7067.75,0.33871
7068.65,0.34075
7069.55,0.33953
7070.45,0.34032
7071.35,0.34121
7072.25,0.34142
7073.15,0.34186
7074.05,0.34248
7074.95,0.34403
7075.85,0.34415
7076.75,0.34497
7077.65,0.34576
7078.55,0.34639
7079.45,0.34585
7080.35,0.3458
7081.25,0.34551
7082.15,0.34366
7083.05,0.34259
7083.95,0.34175
7084.85,0.33856
7085.75,0.33593
7086.65,0.33314
7087.55,0.33211
7088.45,0.32992
7089.35,0.32618
7090.25,0.3275
7091.15,0.32756
7092.06,0.32549
7092.96,0.32604
7093.85,0.32541
7094.76,0.32474
7095.66,0.3243
7096.56,0.32604
7097.46,0.32546
7098.36,0.3264
7099.26,0.32752
7100.16,0.32845
7101.06,0.328
7101.96,0.32846
7102.86,0.33009
7103.76,0.33101
7104.66,0.33016
7105.56,0.32972
7106.46,0.33194
7107.36,0.33099
7108.26,0.33153
7109.16,0.32971
7110.06,0.33149
7110.96,0.33103
7111.86,0.33102
7112.76,0.32925
7113.66,0.3299
7114.56,0.33199
7115.46,0.3312
7116.36,0.33121
7117.26,0.33295
7118.16,0.33246
7119.06,0.33097
7119.96,0.33231
7120.86,0.33224
7121.76,0.33109
7122.66,0.33197
7123.56,0.32833
7124.46,0.32993
7125.36,0.32881
7126.26,0.32742
7127.16,0.32637
7127.27,0.32559
7128.17,0.32634
7129.07,0.32526
7129.96,0.32445
7130.86,0.32332
7131.75,0.3227
7132.65,0.32398
7133.55,0.32361
7134.44,0.32458
7135.34,0.32617
7136.23,0.32562
7137.13,0.32588
7138.03,0.32801
7138.92,0.32764
7139.82,0.32891
7140.71,0.32842
7141.61,0.32833
7142.5,0.32824
7143.4,0.32828
7144.3,0.32791
7145.19,0.32758
7146.09,0.32789
7146.98,0.32731
7147.88,0.32647
7148.78,0.3291
7149.67,0.32823
7150.57,0.32808
7151.46,0.32817
7152.36,0.32887
7153.26,0.32998
7154.15,0.33019
7155.05,0.33112
7155.94,0.33138
7156.84,0.33225
7157.74,0.33252
7158.63,0.33317
7159.53,0.33191
7160.42,0.33155
7161.32,0.33162
7162.21,0.33225
7163.11,0.32986
7164.01,0.3274
7164.9,0.3305
7165.8,0.32838
7166.69,0.33009
7167.59,0.32987
7168.49,0.33091
7169.38,0.33098
7170.28,0.33199
7171.17,0.33456
7172.07,0.33487
7172.96,0.33458
7173.86,0.33481
7174.76,0.33551
7175.65,0.33415
7176.55,0.33361
7177.44,0.33282
7178.34,0.33447
7179.24,0.33309
7180.13,0.33307
7181.03,0.33148
7181.92,0.33049
7182.82,0.32897
7183.72,0.33043
7184.61,0.32866
7185.51,0.33002
7186.4,0.32892
7187.3,0.3289
7188.19,0.32852
7189.09,0.3281
7189.99,0.32878
7190.88,0.3277
7191.78,0.32717
7192.67,0.32676
7193.57,0.32919
7194.47,0.33032
7195.36,0.33016
7196.26,0.32983
7197.15,0.32941
7198.05,0.33028
7198.95,0.3306
7199.84,0.33013
7200.74,0.33156
7201.63,0.32883
7202.53,0.32999
7203.43,0.32904
7204.32,0.3303
7205.22,0.32986
7206.11,0.3292
7207.01,0.32932
7207.9,0.33025
7208.8,0.32906
7209.7,0.32985
7210.59,0.33024
7211.49,0.33052
7212.38,0.33064
7213.28,0.33072
7214.18,0.33172
7215.07,0.33341
7215.97,0.33304
7216.86,0.3338
7217.76,0.33353
7218.66,0.33568
7219.55,0.33582
7220.45,0.33638
7221.34,0.33601
7222.24,0.33656
7223.13,0.33696
7224.03,0.33743
7224.93,0.33944
7225.82,0.33841
7226.72,0.33844
7227.61,0.33882
7228.51,0.34069
7229.41,0.34067
7230.3,0.34253
7231.2,0.34176
7232.09,0.34323
7232.99,0.34292
7233.89,0.34373
7234.78,0.34339
7235.68,0.34277
7236.57,0.34297
7237.47,0.34221
7238.36,0.34331
7239.26,0.34177
7240.16,0.3412
7241.05,0.34322
7241.95,0.34273
7242.84,0.34063
7243.74,0.34231
7244.64,0.34177
7245.53,0.34194
7246.43,0.34167
7247.32,0.34257
7248.22,0.34251
7249.12,0.34203
7250.01,0.34266
7250.91,0.34325
7251.8,0.34264
7252.7,0.3431
7253.6,0.34268
7254.49,0.34329
7255.39,0.34263
7256.28,0.34393
7257.18,0.34355
7258.07,0.34343
7258.97,0.34323
7259.87,0.34382
7260.76,0.3441
7261.66,0.34459
7262.55,0.3452
7263.45,0.34394
7264.35,0.34332
7265.24,0.34497
7266.14,0.34373
7267.03,0.34567
7267.93,0.34594
7268.83,0.34778
7269.72,0.34614
7270.62,0.34794
7271.51,0.34671
7272.41,0.34799
7273.3,0.3465
7274.2,0.34731
7275.1,0.34691
7275.99,0.34636
7276.89,0.34714
7277.78,0.34609
7278.68,0.34465
7279.58,0.3444
7280.47,0.34346
7281.37,0.34382
7282.26,0.3423
7283.16,0.34005
7284.06,0.34115
7284.95,0.33906
7285.85,0.33857
7286.74,0.33724
7287.64,0.33863
7288.53,0.33771
7289.43,0.338
7290.33,0.33654
7291.22,0.33801
7292.12,0.33852
7293.01,0.33852
7293.91,0.33938
7294.81,0.34084
7295.7,0.34162
7296.6,0.34309
7297.49,0.34388
7298.39,0.34427
7299.29,0.34531
7300.18,0.34642
7301.08,0.34741
7301.97,0.34714
7302.87,0.34744
7303.76,0.34958
7304.66,0.34876
7305.56,0.3469
7306.45,0.34889
7307.35,0.3473
7308.24,0.34825
7309.14,0.34785
7310.04,0.34668
7310.93,0.34785
7311.83,0.34789
7312.72,0.34888
7313.62,0.34892
7314.52,0.34766
7315.41,0.34849
7316.31,0.34903
7317.2,0.34912
7318.1,0.34824
7318.99,0.34941
7319.89,0.34848
7320.79,0.34887
7321.68,0.34652
7322.58,0.34873
7323.47,0.34759
7324.37,0.34693
7325.27,0.3472
7326.16,0.34656
7327.06,0.34805
7327.95,0.34801
7328.85,0.34888
7329.75,0.34976
7330.64,0.34882
7331.54,0.34993
7332.43,0.35082
7333.33,0.35332
7334.22,0.35182
7335.12,0.35285
7336.02,0.35539
7336.91,0.35424
7337.81,0.35376
7338.7,0.35579
7339.6,0.35644
7340.5,0.35714
7341.39,0.35601
7342.29,0.35772
7343.18,0.35577
7344.08,0.35555
7344.98,0.35451
7345.87,0.35408
7346.77,0.35423
7347.66,0.35383
7348.56,0.35396
7349.45,0.3522
7350.35,0.35241
7351.25,0.35259
7352.14,0.35041
7353.04,0.34951
7353.93,0.349
7354.83,0.34744
7355.73,0.34646
7356.62,0.34684
7357.52,0.34776
7358.41,0.34631
7359.31,0.34693
7360.21,0.34844
7361.1,0.34769
7362.0,0.3472
7362.89,0.34916
7363.79,0.34969
7364.69,0.35058
7365.58,0.34994
7366.48,0.35008
7367.37,0.35165
7368.27,0.35391
7369.16,0.3534
7370.06,0.35637
7370.96,0.35598
7371.85,0.35752
7372.75,0.35754
7373.64,0.3574
7374.54,0.35862
7375.44,0.35898
7376.33,0.3584
7377.23,0.3593
7378.12,0.35904
7379.02,0.35823
7379.92,0.3569
7380.81,0.35827
7381.71,0.35841
7382.6,0.35432
7383.5,0.35441
7384.39,0.35303
7385.29,0.35219
7386.19,0.35129
7387.08,0.34967
7387.98,0.34882
7388.87,0.34785
7389.77,0.34814
7390.67,0.34861
7391.56,0.34865
7392.46,0.34965
7393.35,0.3493
7394.25,0.35031
7395.15,0.35172
7396.04,0.35407
7396.94,0.35265
7397.83,0.35284
7398.73,0.35379
7399.62,0.35477
7400.52,0.35411
7401.42,0.3553
7402.31,0.355
7403.21,0.3551
7404.1,0.35583
7405.0,0.35463
7405.9,0.35326
7406.79,0.3535
7407.69,0.35271
7408.58,0.35125
7409.48,0.35069
7410.38,0.34929
7411.27,0.3474
7412.17,0.3455
7413.06,0.34261
7413.96,0.34237
7414.85,0.33936
7415.75,0.34021
7416.65,0.33827
7417.54,0.33805
7418.44,0.33909
7419.33,0.34081
7420.23,0.34086
7421.13,0.34188
7422.02,0.34137
7422.92,0.34279
7423.81,0.34479
7424.71,0.34782
7425.6,0.3481
7426.5,0.35045
7427.4,0.35192
7428.29,0.354
7429.19,0.35513
7431.68,0.35756
7434.18,0.35904
7436.67,0.35895
7439.17,0.35792
7441.66,0.35701
7444.16,0.35669
7446.66,0.35702
7449.15,0.3576
7451.65,0.35724
7454.14,0.361
7456.64,0.36167
7459.13,0.36161
7461.63,0.3594
7464.12,0.35943
7466.62,0.35957
7469.11,0.36148
7471.61,0.36048
7474.1,0.35991
7476.6,0.36097
7479.09,0.35971
7481.59,0.35933
7484.08,0.35913
7486.58,0.35978
7489.07,0.3589
7491.57,0.3584
7494.06,0.35667
7496.56,0.35569
7499.05,0.3561
7501.55,0.35881
7504.04,0.36112
7506.54,0.36047
7509.03,0.36002
7511.53,0.35964
7514.02,0.36071
7516.52,0.36227
7519.01,0.36304
7521.51,0.36329
7524.0,0.36253
7526.5,0.36152
7528.99,0.36131
7531.49,0.36228
7533.99,0.36355
7536.48,0.36511
7538.98,0.36482
7541.47,0.36516
7543.97,0.36527
7546.46,0.36324
7548.96,0.36296
7551.45,0.36414
7553.95,0.36309
7556.44,0.36265
7558.94,0.36239
7561.43,0.36232
7563.93,0.36243
7566.42,0.36223
7568.92,0.36269
7571.41,0.363
7573.91,0.36231
7576.4,0.36239
7578.9,0.36266
7581.39,0.35972
7583.89,0.3583
7586.38,0.35363
7588.88,0.35121
7591.37,0.34961
7593.87,0.34792
7596.36,0.34759
7598.86,0.34771
7601.35,0.34633
7603.85,0.34524
7606.34,0.34636
7608.84,0.34614
7611.33,0.34636
7613.83,0.34539
7616.33,0.34365
7618.82,0.34254
7621.32,0.34401
7623.81,0.34447
7626.31,0.34514
7628.8,0.34518
7631.3,0.34507
7633.79,0.34535
7636.29,0.34406
7638.78,0.34427
7641.28,0.34506
7643.77,0.34551
7646.27,0.34486
7648.76,0.34407
7651.26,0.34278
7653.75,0.34034
7656.25,0.33601
7658.74,0.33155
7661.24,0.32719
7663.73,0.32435
7666.23,0.32353
7668.72,0.3242
7671.22,0.32756
7673.71,0.33018
7676.21,0.33223
7678.7,0.33413
7681.2,0.33458
7683.69,0.33491
7686.19,0.33506
7688.69,0.33386
7691.18,0.33395
7693.68,0.33307
7696.17,0.33112
7698.67,0.33091
7701.16,0.33091
7703.66,0.33134
7706.15,0.33215
7708.65,0.33074
7711.14,0.32864
7713.64,0.32731
7716.13,0.32623
7718.63,0.32783
7721.12,0.32952
7723.62,0.33094
7726.11,0.33231
7728.61,0.33338
7731.1,0.33623
7733.6,0.33759
7736.09,0.33928
7738.59,0.33959
7741.08,0.3384
7743.58,0.33527
7746.07,0.33202
7748.57,0.32901
7751.06,0.32753
7753.56,0.32871
7756.05,0.33088
7758.55,0.33358
7761.04,0.33518
7763.54,0.33757
7766.03,0.33796
7768.53,0.33892
7771.03,0.33944
7773.52,0.34026
7776.02,0.34113
7778.51,0.33997
7781.01,0.33816
7783.5,0.33715
7786.0,0.33588
7788.49,0.33503
7790.99,0.33433
7793.48,0.33453
7795.98,0.33435
7798.47,0.33428
7800.97,0.33487
7803.46,0.33489
7805.96,0.33607
7808.45,0.33685
7810.95,0.33721
7813.44,0.33776
7815.94,0.34002
7818.43,0.34005
7820.93,0.34048
7823.42,0.33987
7825.92,0.33891
7828.41,0.3369
7830.91,0.33427
7833.4,0.33116
7835.9,0.32957
7838.39,0.32992
7840.89,0.33166
7843.38,0.33331
7845.88,0.33376
7848.38,0.33432
7850.87,0.3347
7853.37,0.33426
7855.86,0.33464
7858.36,0.33444
7860.85,0.33564
7863.35,0.33623
7865.84,0.33626
7868.34,0.33645
7870.83,0.33497
7873.33,0.33365
7875.82,0.33371
7878.32,0.3324
7880.81,0.33221
7883.31,0.33293
7885.8,0.33364
7888.3,0.33393
7890.79,0.33352
7893.29,0.33321
7895.78,0.33181
7898.28,0.33147
7900.77,0.33056
7903.27,0.33025
7905.76,0.32823
7908.26,0.32801
7910.75,0.32556
7913.25,0.32301
7915.74,0.32207
7918.24,0.32239
7920.73,0.32183
7923.23,0.32285
7925.73,0.32467
7928.22,0.32458
7930.71,0.32466
7933.21,0.32362
7935.71,0.32237
7938.2,0.32034
7940.7,0.31925
7943.19,0.31897
7945.69,0.31789
7948.18,0.31954
7950.68,0.32178
7953.17,0.3239
7955.67,0.32664
7958.16,0.32853
7960.66,0.32849
7963.15,0.3293
7965.65,0.32974
7968.14,0.33111
7970.64,0.33229
7973.13,0.33337
7975.63,0.33284
7978.12,0.33199
7980.62,0.33093
7983.11,0.33003
7985.61,0.32997
7988.1,0.3293
7990.6,0.32937
7993.09,0.32754
7995.59,0.3274
7998.08,0.32659
8000.58,0.32701
8003.07,0.32795
8005.57,0.33057
8008.06,0.33217
8010.56,0.33471
8013.06,0.33666
8015.55,0.33724
8018.05,0.33677
8020.54,0.33532
8023.04,0.3331
8025.53,0.33174
8028.03,0.3292
8030.52,0.32934
8033.02,0.33235
8035.51,0.33499
8038.01,0.33701
8040.5,0.33685
8043.0,0.33471
8045.49,0.33215
8047.99,0.3297
8050.48,0.32932
8052.98,0.3302
8055.47,0.33295
8057.97,0.3337
8060.46,0.33534
8062.96,0.33537
8065.45,0.33423
8067.95,0.33161
8070.44,0.32955
8072.94,0.32824
8075.43,0.32779
8077.93,0.32884
8080.42,0.32944
8082.92,0.32976
8085.41,0.32914
8087.91,0.32895
8090.4,0.32788
8092.9,0.32616
8095.4,0.32531
8097.89,0.32543
8100.39,0.32605
8102.88,0.32711
8105.38,0.32839
8107.87,0.32875
8110.37,0.32875
8112.86,0.32838
8115.36,0.3285
8117.85,0.32758
8120.35,0.32817
8122.84,0.32988
8125.34,0.33216
8127.83,0.33208
8130.33,0.33349
8132.82,0.33286
8135.32,0.3322
8137.81,0.33254
8140.31,0.33328
8142.8,0.33246
8145.3,0.33189
8147.79,0.33277
8150.29,0.33191
8152.78,0.33336
8155.28,0.33403
8157.77,0.33281
8160.27,0.3331
8162.76,0.33283
8165.26,0.33295
8167.75,0.33273
8170.25,0.33394
8172.75,0.33455
8175.24,0.33407
8177.74,0.33296
8180.23,0.33034
8182.73,0.3275
8185.22,0.32661
8187.72,0.32484
8190.21,0.32545
8192.71,0.32412
8195.2,0.322
8197.7,0.32152
8200.19,0.31969
8202.69,0.3202
8205.18,0.31972
8207.68,0.322
8210.17,0.32211
8212.67,0.32312
8215.16,0.32358
8217.66,0.32434
8220.15,0.32478
8222.65,0.32722
8225.14,0.32798
8227.64,0.33006
8230.13,0.33191
8232.63,0.33108
8235.12,0.33109
8237.62,0.33033
8240.11,0.3307
8242.61,0.33067
8245.1,0.32958
8247.6,0.32997
8250.1,0.32804
8252.59,0.32787
8255.08,0.32721
8257.58,0.32734
8260.08,0.32817
8262.57,0.32993
8265.07,0.3315
8267.56,0.33116
8270.06,0.33095
8272.55,0.3284
8275.05,0.32852
8277.54,0.32809
8280.04,0.32834
8282.53,0.32815
8285.03,0.3272
8287.52,0.32634
8290.02,0.32566
8292.51,0.32422
8295.01,0.32335
8297.5,0.3223
8300.0,0.32154
8302.49,0.31961
8304.99,0.3188
8307.48,0.31768
8309.98,0.31725
8312.47,0.31813
8314.97,0.31936
8317.46,0.32019
8319.96,0.32102
8322.46,0.31976
8324.95,0.31932
8327.44,0.31615
8329.94,0.31416
8332.43,0.31297
8334.93,0.31238
8337.43,0.31328
8339.92,0.31426
8342.42,0.31477
8344.91,0.315
8347.41,0.31475
8349.9,0.31532
8352.4,0.31591
8354.89,0.31719
8357.39,0.31745
8359.88,0.31785
8362.38,0.31801
8364.87,0.31716
8367.37,0.31749
8369.86,0.31806
8372.36,0.31862
8374.85,0.31888
8377.35,0.31779
8379.84,0.31516
8382.34,0.31267
8384.83,0.30951
8387.33,0.30918
8389.82,0.30971
8392.32,0.31135
8394.81,0.31457
8397.31,0.31761
8399.8,0.31922
8402.3,0.31983
8404.79,0.32029
8407.29,0.32089
8409.79,0.32086
8412.28,0.32016
8414.78,0.31929
8417.27,0.31724
8419.77,0.31637
8422.26,0.31476
8424.76,0.31396
8427.25,0.313
8429.75,0.31141
8432.24,0.31088
8434.74,0.30807
8437.23,0.3067
8439.73,0.30551
8442.22,0.30615
8444.72,0.30849
8447.21,0.30905
8449.71,0.31009
8452.2,0.31032
8454.7,0.30975
8457.19,0.30907
8459.69,0.3086
8462.18,0.30806
8464.68,0.30548
8467.17,0.30407
8469.67,0.30337
8472.16,0.3024
8474.66,0.30497
8477.15,0.3074
8479.65,0.30858
8482.14,0.30933
8484.64,0.30863
8487.13,0.30818
8489.63,0.30622
8492.12,0.30083
8494.62,0.29253
8497.12,0.28453
8499.61,0.27869
8502.11,0.27851
8504.6,0.28371
8507.1,0.29052
8509.59,0.29628
8512.09,0.29873
8514.58,0.29759
8517.08,0.29762
8519.57,0.29775
8522.07,0.29721
8524.56,0.29896
8527.06,0.29886
8529.55,0.29778
8532.05,0.29385
8534.54,0.28621
8537.04,0.27364
8539.53,0.25865
8542.03,0.24592
8544.52,0.24099
8547.02,0.24533
8549.51,0.25877
8552.01,0.27357
8554.5,0.28554
8557.0,0.2939
8559.49,0.29925
8561.99,0.30192
8564.48,0.30251
8566.98,0.30404
8569.47,0.30402
8571.97,0.30464
8574.47,0.30407
8576.96,0.30464
8579.46,0.30524
8581.95,0.3056
8584.45,0.30487
8586.94,0.30604
8589.44,0.30564
8591.93,0.30644
8594.43,0.30596
8596.92,0.30536
8599.42,0.30597
8601.91,0.30503
8604.41,0.3048
8606.9,0.30502
8609.4,0.30499
8611.89,0.30449
8614.39,0.30355
8616.88,0.30373
8619.38,0.30454
8621.87,0.30495
8624.37,0.30546
8626.86,0.30594
8629.36,0.30771
8631.85,0.30861
8634.35,0.30869
8636.84,0.30925
8639.34,0.3106
8641.83,0.31021
8644.33,0.3097
8646.83,0.30885
8649.32,0.30607
8651.82,0.30245
8654.31,0.29557
8656.8,0.28581
8659.3,0.27213
8661.8,0.26102
8664.29,0.25555
8666.79,0.25737
8669.28,0.2674
8671.78,0.2779
8674.27,0.28743
8676.77,0.29348
8679.26,0.29761
8681.76,0.29901
8684.25,0.29904
8686.75,0.29815
8689.24,0.29719
8691.74,0.29715
8694.23,0.29781
8696.73,0.30034
8699.22,0.30163
8701.72,0.30279
8704.21,0.30384
8706.71,0.304
8709.2,0.3037
8711.7,0.30371
8714.19,0.30479
8716.69,0.3054
8719.18,0.30658
8721.68,0.30792
8724.17,0.30868
8726.67,0.31027
8729.17,0.31003
8731.66,0.30865
8734.16,0.30784
8736.65,0.30765
8739.15,0.30726
8741.64,0.30763
8744.14,0.30732
8746.63,0.30633
8749.13,0.30594
8751.62,0.30539
8754.12,0.30558
8756.61,0.30559
8759.11,0.30638
8761.6,0.30706
8764.1,0.30703
8766.59,0.30647
8769.09,0.30686
8771.58,0.30653
8774.08,0.30674
8776.57,0.30717
8779.07,0.30854
8781.56,0.30977
8784.06,0.31006
8786.55,0.31074
8789.05,0.30999
8791.54,0.30862
8794.04,0.30808
8796.53,0.30741
8799.03,0.30434
8801.52,0.30318
8804.02,0.29949
8806.51,0.29717
8809.01,0.29621
8811.5,0.29756
8814.0,0.30227
8816.5,0.30566
8818.99,0.30708
8821.49,0.30745
8823.98,0.30667
8826.48,0.30657
8828.97,0.30773
8831.47,0.30888
8833.96,0.31035
8836.46,0.31026
8838.95,0.31205
8841.45,0.31166
8843.94,0.31211
8846.44,0.3128
8848.93,0.31503
8851.43,0.31586
8853.92,0.31501
8856.42,0.31329
8858.91,0.30997
8861.41,0.30601
8863.9,0.30214
8866.4,0.29863
8868.89,0.29765
8871.39,0.29689
8873.88,0.29887
8876.38,0.29971
8878.87,0.30016
8881.37,0.30071
8883.87,0.30209
8886.36,0.30224
8888.86,0.30328
8891.35,0.30299
8893.84,0.30384
8896.34,0.30336
8898.84,0.30373
8901.33,0.30353
8903.83,0.30393
8906.32,0.30285
8908.82,0.30216
8911.31,0.30229
8913.81,0.30133
8916.3,0.30001
8918.8,0.29918
8921.29,0.29869
8923.79,0.29773
8926.28,0.29782
8928.78,0.29719
8931.27,0.29748
8933.77,0.29843
8936.26,0.29817
8938.76,0.2982
8941.25,0.29719
8943.75,0.29587
8946.24,0.29568
8948.74,0.29541
8951.23,0.29717
8953.73,0.29863
8956.22,0.29977
8958.72,0.30048
8961.21,0.3019
8963.71,0.30161
8966.2,0.30015
8968.7,0.29986
8971.2,0.2992
8973.69,0.29883
8976.19,0.29937
8978.68,0.29982
8981.18,0.30013
8983.67,0.30074
8986.17,0.30147
8988.66,0.30217
8991.16,0.30307
8993.65,0.30234
8996.15,0.30182
8998.64,0.30088
9001.14,0.30011
9003.63,0.29822
9006.13,0.29635
9008.62,0.29242
9011.12,0.28898
9013.61,0.28642
9016.11,0.28472
9018.6,0.28369
9021.1,0.28589
9023.59,0.28801
9026.09,0.29083
9028.58,0.29311
9031.08,0.29557
9033.57,0.29736
9036.07,0.30056
9038.56,0.30133
9041.06,0.30238
9043.55,0.30247
9046.05,0.30306
9048.54,0.30452
9051.04,0.30351
9053.54,0.30289
9056.03,0.30301
9058.53,0.30148
9061.02,0.3017
9063.52,0.30051
9066.01,0.29965
9068.51,0.3002
9071.0,0.3011
9073.5,0.30062
9075.99,0.30067
9078.49,0.29949
9080.98,0.29786
9083.48,0.29509
9085.97,0.29195
9088.47,0.29062
9090.96,0.28959
9093.46,0.28943
9095.95,0.29114
9098.45,0.29418
9100.94,0.29633
9103.44,0.29691
9105.93,0.29695
9108.43,0.29617
9110.92,0.29645
9113.42,0.29553
9115.91,0.29427
9118.41,0.29461
9120.9,0.29427
9123.4,0.29585
9125.89,0.29701
9128.39,0.29868
9130.88,0.30003
9133.38,0.2991
9135.88,0.29776
9138.37,0.29507
9140.87,0.29215
9143.36,0.28994
9145.86,0.28833
9148.35,0.28782
9150.85,0.28744
9153.34,0.28871
9155.84,0.2901
9158.33,0.29009
9160.83,0.28975
9163.32,0.28871
9165.82,0.28607
9168.31,0.28379
9170.81,0.28221
9173.3,0.28005
9175.8,0.28038
9178.29,0.2815
9180.79,0.28392
9183.28,0.28465
9185.78,0.2866
9188.27,0.28608
9190.77,0.28591
9193.26,0.28495
9195.76,0.28391
9198.25,0.28359
9200.75,0.28351
9203.24,0.28356
9205.74,0.2823
9208.24,0.28178
9210.73,0.27996
9213.23,0.27902
9215.72,0.27867
9218.22,0.27805
9220.71,0.27892
9223.21,0.27976
9225.7,0.27919
9228.2,0.27846
9230.69,0.27789
9233.19,0.27799
9235.68,0.27856
9238.18,0.2788
9240.67,0.27962
9243.17,0.2796
9245.66,0.27935
9248.16,0.27898
9250.65,0.2785
9253.15,0.27798
9255.64,0.27708
9258.14,0.27754
9260.63,0.27837
9263.13,0.28032
9265.62,0.28239
9268.12,0.28361
9270.61,0.2847
9273.11,0.28455
9275.6,0.28394
9278.1,0.28249
9280.59,0.28132
9283.09,0.27974
9285.58,0.27919
9288.08,0.27701
9290.58,0.27669
9293.07,0.27595
9295.57,0.27592
9298.06,0.27663
9300.56,0.27657
9303.05,0.27761
9305.55,0.27742
9308.04,0.27822
9310.54,0.27857
9313.03,0.2779
9315.53,0.2779
9318.02,0.27699
9320.52,0.27735
9323.01,0.27702
9325.51,0.27713
9328.0,0.27762
9330.5,0.27812
9332.99,0.27873
9335.49,0.27951
9337.98,0.2793
9340.48,0.27916
9342.97,0.2784
9345.47,0.27794
9347.96,0.2762
9350.46,0.27454
9352.95,0.27312
9355.45,0.27193
9357.94,0.26999
9360.44,0.26995
9362.93,0.26955
9365.43,0.27013
9367.92,0.27038
9370.42,0.27109
9372.92,0.27085
9375.41,0.27137
9377.91,0.27085
9380.4,0.2708
9382.9,0.26967
9385.39,0.2694
9387.89,0.26968
9390.38,0.26939
9392.88,0.26949
9395.37,0.26927
9397.87,0.26924
9400.36,0.26842
9402.86,0.26698
9405.35,0.26546
9407.85,0.26377
9410.34,0.26187
9412.84,0.26049
9415.33,0.25996
9417.83,0.26107
9420.32,0.26281
9422.82,0.26438
9425.31,0.26636
9427.81,0.26693
9430.3,0.26671
9432.8,0.26584
9435.29,0.26543
9437.79,0.26481
9440.28,0.26379
9442.78,0.26368
9445.27,0.26334
9447.77,0.26374
9450.27,0.2639
9452.76,0.26516
9455.25,0.26579
9457.75,0.26703
9460.25,0.26774
9462.74,0.26823
9465.24,0.26945
9467.73,0.2708
9470.23,0.2706
9472.72,0.27077
9475.22,0.27101
9477.71,0.27139
9480.21,0.27169
9482.7,0.272
9485.2,0.27109
9487.69,0.27202
9490.19,0.27259
9492.68,0.27283
9495.18,0.27301
9497.67,0.27357
9500.17,0.27348
9502.66,0.27392
9505.16,0.27464
9507.65,0.27385
9510.15,0.27391
9512.64,0.27394
9515.14,0.27415
9517.63,0.27562
9520.13,0.27555
9522.62,0.27639
9525.12,0.27608
9527.61,0.27634
9530.11,0.27584
9532.61,0.27438
9535.1,0.27409
9537.6,0.27323
9540.09,0.27167
9542.59,0.2691
9545.08,0.26722
9547.58,0.26638
9550.07,0.26743
9552.57,0.26908
9555.06,0.27136
9557.56,0.27325
9560.05,0.27494
9562.55,0.27591
9565.04,0.27557
9567.54,0.27464
9570.03,0.27393
9572.53,0.27246
9575.02,0.27229
9577.52,0.27267
9580.01,0.27205
9582.51,0.2735
9585.0,0.27377
9587.5,0.27453
9589.99,0.27478
9592.49,0.27513
9594.98,0.2744
9597.48,0.27298
9599.97,0.27096
9602.47,0.27029
9604.96,0.27037
9607.46,0.27143
9609.96,0.27262
9612.45,0.2738
9614.95,0.27349
9617.44,0.27372
9619.94,0.27348
9622.43,0.27263
9624.93,0.27203
9627.42,0.27237
9629.92,0.27211
9632.41,0.27184
9634.91,0.2707
9637.4,0.26924
9639.9,0.26876
9642.39,0.2678
9644.89,0.26789
9647.38,0.26743
9649.88,0.2676
9652.37,0.26662
9654.87,0.2666
9657.36,0.26721
9659.86,0.26701
9662.35,0.26675
9664.85,0.26779
9667.34,0.26763
9669.84,0.26709
9672.33,0.26686
9674.83,0.26622
9677.32,0.26638
9679.82,0.26607
9682.31,0.26696
9684.81,0.26715
9687.3,0.26787
9689.8,0.26715
9692.29,0.26681
9694.79,0.26699
9697.29,0.2665
9699.78,0.26711
9702.28,0.26713
9704.77,0.26612
9707.27,0.26656
9709.76,0.26752
9712.26,0.26789
9714.75,0.26808
9717.25,0.26879
9719.74,0.2675
9722.24,0.26738
9724.73,0.26612
9727.23,0.26442
9729.72,0.26328
9732.22,0.26234
9734.71,0.262
9737.21,0.26151
9739.7,0.26084
9742.2,0.26065
9744.69,0.26096
9747.19,0.26144
9749.68,0.26273
9752.18,0.26388
9754.67,0.26532
9757.17,0.26522
9759.66,0.26548
9762.16,0.26573
9764.65,0.26497
9767.15,0.2643
9769.64,0.26437
9772.14,0.26305
9774.64,0.26303
9777.13,0.26265
9779.63,0.26281
9782.12,0.26095
9784.62,0.26031
9787.11,0.25946
9789.61,0.25944
9792.1,0.26131
9794.6,0.26309
9797.09,0.26512
9799.59,0.26561
9802.08,0.26717
9804.58,0.26791
9807.07,0.26744
9809.57,0.26793
9812.06,0.26852
9814.56,0.26806
9817.05,0.26835
9819.55,0.26801
9822.04,0.26781
9824.54,0.26726
9827.03,0.26628
9829.53,0.26661
9832.02,0.26665
9834.52,0.2662
9837.01,0.26509
9839.51,0.2667
9842.0,0.26739
9844.5,0.26753
9847.0,0.26778
9849.49,0.26773
9851.99,0.26762
9854.48,0.2677
9856.98,0.26768
9859.47,0.26752
9861.97,0.26765
9864.46,0.26764
9866.96,0.26672
9869.45,0.26743
9871.95,0.26727
9874.44,0.26728
9876.94,0.2678
9879.43,0.26724
9881.93,0.26727
9884.42,0.26678
9886.92,0.26624
9889.41,0.26557
9891.91,0.26504
9894.4,0.26445
9896.9,0.26434
9899.39,0.26371
9901.89,0.26336
9904.38,0.2627
9906.88,0.26275
9909.37,0.26266
9911.87,0.26191
9914.36,0.26192
9916.86,0.26171
9919.35,0.26165
9921.85,0.26144
9924.34,0.26161
9926.84,0.2615
9929.33,0.26145
9931.83,0.26123
9934.33,0.26177
9936.82,0.26212
9939.32,0.26315
9941.81,0.2622
9944.31,0.26243
9946.8,0.26258
9949.3,0.26215
9951.79,0.26167
9954.29,0.26313
9956.78,0.26362
9959.28,0.26409
9961.77,0.26372
9964.27,0.26496
9966.76,0.2645
9969.26,0.26492
9971.75,0.26556
9974.25,0.26472
9976.74,0.26519
9979.24,0.26442
9981.73,0.26331
9984.23,0.26398
9986.72,0.26313
9989.22,0.26361
9991.71,0.263
9994.21,0.26228
9996.7,0.26175
9999.2,0.26071
10001.7,0.2611
10004.2,0.26142
10006.7,0.26137
10009.2,0.26141
10011.7,0.26248
10014.2,0.26329
10016.7,0.26397
10019.2,0.26511
10021.7,0.26566
10024.2,0.26566
10026.6,0.26441
10029.1,0.26358
10031.6,0.2624
10034.1,0.26163
10036.6,0.2603
10039.1,0.26014
10041.6,0.2601
10044.1,0.25882
10046.6,0.25788
10049.1,0.25704
10051.6,0.25592
10054.1,0.25534
10056.6,0.25523
10059.1,0.25556
10061.6,0.2566
10064.1,0.25794
10066.6,0.25882
10069.1,0.25963
10071.6,0.26025
10074.1,0.26024
10076.5,0.26125
10079.0,0.26099
10081.5,0.2609
10084.0,0.26067
10086.5,0.26088
10089.0,0.26168
10091.5,0.2612
10094.0,0.26267
10096.5,0.26349
10099.0,0.26389
10101.5,0.26395
10104.0,0.26437
10106.5,0.26444
10109.0,0.26332
10111.5,0.26217
10114.0,0.262
10116.5,0.26165
10119.0,0.261
10121.5,0.26071
10124.0,0.26156
10126.5,0.26151
10128.9,0.2618
10131.4,0.26095
10133.9,0.26096
10136.4,0.26092
10138.9,0.26007
10141.4,0.2586
10143.9,0.25814
10146.4,0.25814
10148.9,0.25791
10151.4,0.25746
10153.9,0.2581
10156.4,0.25807
10158.9,0.259
10161.4,0.25923
10163.9,0.25924
10166.4,0.2595
10168.9,0.25943
10171.4,0.25942
10173.9,0.25947
10176.4,0.25988
10178.9,0.25886
10181.3,0.2596
10183.8,0.25974
10186.3,0.25887
10188.8,0.25816
10191.3,0.25776
10193.8,0.2571
10196.3,0.25686
10198.8,0.25675
10201.3,0.25709
10203.8,0.25746
10206.3,0.25812
10208.8,0.25784
10211.3,0.25749
10213.8,0.2564
10216.3,0.25614
10218.8,0.25547
10221.3,0.2556
10223.8,0.25562
10226.3,0.25585
10228.8,0.25705
10231.2,0.25706
10233.7,0.25798
10236.2,0.25766
10238.7,0.25805
10241.2,0.25871
10243.7,0.25868
10246.2,0.25829
10248.7,0.25782
10251.2,0.25789
10253.7,0.25679
10256.2,0.25683
10258.7,0.25649
10261.2,0.25589
10263.7,0.25497
10266.2,0.2555
10268.7,0.255
10271.2,0.25565
10273.7,0.25558
10276.2,0.25536
10278.7,0.25563
10281.2,0.2552
10283.6,0.25574
10286.1,0.25564
10288.6,0.25568
10291.1,0.25498
10293.6,0.25537
10296.1,0.2556
10298.6,0.2551
10301.1,0.25535
10303.6,0.25474
10306.1,0.25492
10308.6,0.25572
10311.1,0.25605
10313.6,0.25597
10316.1,0.25565
10318.6,0.25552
10321.1,0.25452
10323.6,0.25323
10326.1,0.25155
10328.6,0.25055
10331.1,0.25
10333.5,0.24914
10336.0,0.24923
10338.5,0.24913
10341.0,0.24894
10343.5,0.24845
10346.0,0.24862
10348.5,0.2491
10351.0,0.25023
10353.5,0.2518
10356.0,0.25219
10358.5,0.25376
10361.0,0.2538
10363.5,0.25403
10366.0,0.25373
10368.5,0.2528
10371.0,0.25201
10373.5,0.25193
10376.0,0.2507
10378.5,0.25065
10381.0,0.2506
10383.5,0.25074
10385.9,0.25197
10388.4,0.25116
10390.9,0.25102
10393.4,0.25032
10395.9,0.24904
10398.4,0.24854
10400.9,0.2488
10403.4,0.24906
10405.9,0.25009
10408.4,0.25137
10410.9,0.25252
10413.4,0.25254
10415.9,0.25241
10418.4,0.25263
10420.9,0.25189
10423.4,0.25114
10425.9,0.25046
10428.4,0.25045
10430.9,0.25084
10433.4,0.25098
10435.9,0.25182
10438.3,0.25176
10440.8,0.25319
10443.3,0.25247
10445.8,0.25256
10448.3,0.25259
10450.8,0.25196
10453.3,0.25167
10455.8,0.25076
10458.3,0.25015
10460.8,0.24997
10463.3,0.24961
10465.8,0.25003
10468.3,0.24921
10470.8,0.24901
10473.3,0.24939
10475.8,0.24953
10478.3,0.24984
10480.8,0.25044
10483.3,0.24994
10485.8,0.25009
10488.2,0.24999
10490.7,0.24992
10493.2,0.24902
10495.7,0.24816
10498.2,0.24751
10500.7,0.24745
10503.2,0.24706
10505.7,0.24747
10508.2,0.24828
10510.7,0.24879
10513.2,0.24826
10515.7,0.24871
10518.2,0.24838
10520.7,0.24894
10523.2,0.24918
10525.7,0.24866
10528.2,0.24841
10530.7,0.2482
10533.2,0.24762
10535.7,0.24751
10538.2,0.24799
10540.6,0.24807
10543.1,0.24819
10545.6,0.24872
10548.1,0.24839
10550.6,0.24809
10553.1,0.2475
10555.6,0.24727
10558.1,0.24747
10560.6,0.2481
10563.1,0.24728
10565.6,0.24707
10568.1,0.24726
10570.6,0.24715
10573.1,0.24636
10575.6,0.24592
10578.1,0.24493
10580.6,0.24295
10583.1,0.24194
10585.6,0.24109
10588.1,0.24015
10590.6,0.24115
10593.0,0.2425
10595.5,0.24376
10598.0,0.24482
10600.5,0.24431
10603.0,0.24389
10605.5,0.24282
10608.0,0.24239
10610.5,0.24222
10613.0,0.24314
10615.5,0.24317
10618.0,0.24399
10620.5,0.24486
10623.0,0.2446
10625.5,0.24515
10628.0,0.24568
10630.5,0.24534
10633.0,0.24535
10635.5,0.24667
10638.0,0.24645
10640.5,0.24733
10642.9,0.24651
10645.4,0.24629
10647.9,0.24516
10650.4,0.245
10652.9,0.24389
10655.4,0.24275
10657.9,0.2413
10660.4,0.24002
10662.9,0.23938
10665.4,0.23882
10667.9,0.23897
10670.4,0.24014
10672.9,0.24055
10675.4,0.24136
10677.9,0.242
10680.4,0.24146
10682.9,0.24016
10685.4,0.23968
10687.9,0.23869
10690.4,0.23832
10692.9,0.23805
10695.3,0.23835
10697.8,0.23918
10700.3,0.24066
10702.8,0.24158
10705.3,0.24289
10707.8,0.24282
10710.3,0.24337
10712.8,0.24346
10715.3,0.24398
10717.8,0.24317
10720.3,0.24255
10722.8,0.24097
10725.3,0.23942
10727.8,0.23833
10730.3,0.23647
10732.8,0.23632
10735.3,0.23768
10737.8,0.23856
10740.3,0.23878
10742.8,0.2396
10745.3,0.23931
10747.7,0.23926
10750.2,0.2384
10752.7,0.23855
10755.2,0.23877
10757.7,0.23935
10760.2,0.24026
10762.7,0.2411
10765.2,0.24178
10767.7,0.24158
10770.2,0.24152
10772.7,0.2408
10775.2,0.23976
10777.7,0.23795
10780.2,0.23694
10782.7,0.23624
10785.2,0.23478
10787.7,0.23481
10790.2,0.23467
10792.7,0.23553
10795.2,0.23714
10797.6,0.23815
10800.1,0.23885
10802.6,0.23847
10805.1,0.23812
10807.6,0.23758
10810.1,0.23645
10812.6,0.23544
10815.1,0.2341
10817.6,0.23327
10820.1,0.23245
10822.6,0.23198
10825.1,0.23121
10827.6,0.23066
10830.1,0.23112
10832.6,0.23171
10835.1,0.23302
10837.6,0.23415
10840.1,0.23515
10842.6,0.2363
10845.1,0.23674
10847.6,0.23762
10850.0,0.23734
10852.5,0.23801
10855.0,0.238
10857.5,0.23837
10860.0,0.23763
10862.5,0.23563
10865.0,0.2344
10867.5,0.23237
10870.0,0.22994
10872.5,0.22839
10875.0,0.22735
10877.5,0.22792
10880.0,0.22817
10882.5,0.22888
10885.0,0.22927
10887.5,0.2298
10890.0,0.23059
10892.5,0.2314
10895.0,0.23225
10897.5,0.23276
10900.0,0.23386
10902.4,0.23437
10904.9,0.23415
10907.4,0.23448
10909.9,0.23479
10912.4,0.23467
10914.9,0.23353
10917.4,0.2332
10919.9,0.23161
10922.4,0.23113
10924.9,0.22967
10927.4,0.2277
10929.9,0.22614
10932.4,0.22502
10934.9,0.2241
10937.4,0.22421
10939.9,0.22427
10942.4,0.22499
10944.9,0.22588
10947.4,0.22608
10949.9,0.22684
10952.3,0.22647
10954.8,0.22543
10957.3,0.22433
10959.8,0.2228
10962.3,0.22008
10964.8,0.21816
10967.3,0.21702
10969.8,0.21544
10972.3,0.21556
10974.8,0.21497
10977.3,0.21588
10979.8,0.21681
10982.3,0.21642
10984.8,0.21745
10987.3,0.21851
10989.8,0.21814
10992.3,0.21855
10994.8,0.21824
10997.3,0.21796
10999.8,0.21776
