wave,flux
3700.85,0.49052
3701.75,0.48507
3702.65,0.47314
3703.55,0.45753
3704.45,0.44076
3705.35,0.43037
3706.25,0.42442
3707.15,0.42604
3708.05,0.43093
3708.96,0.43655
3709.86,0.43892
3710.76,0.44197
3711.66,0.44552
3712.56,0.45108
3713.46,0.46629
3714.36,0.47898
3715.26,0.49546
3716.16,0.51085
3717.06,0.51484
3717.96,0.5057
3718.86,0.48767
3719.76,0.46459
3720.66,0.43714
3721.56,0.41603
3722.46,0.40668
3723.36,0.41311
3724.26,0.42982
3725.16,0.45198
3726.06,0.47697
3726.96,0.49526
3727.86,0.50521
3728.76,0.51177
3729.66,0.5096
3730.56,0.49842
3731.46,0.48201
3732.36,0.45632
3733.26,0.42618
3734.16,0.39631
3735.06,0.37885
3735.96,0.37512
3736.86,0.38631
3737.76,0.41127
3738.66,0.4409
3739.56,0.47815
3740.46,0.50506
3741.36,0.52421
3742.26,0.53394
3743.16,0.53224
3744.06,0.5192
3744.96,0.50514
3745.86,0.48594
3746.76,0.46064
3747.67,0.43244
3748.57,0.41068
3749.47,0.38827
3750.37,0.38283
3751.27,0.38832
3752.17,0.41261
3753.07,0.44407
3753.97,0.47877
3754.87,0.51041
3755.77,0.53347
3756.67,0.54907
3757.57,0.55027
3758.47,0.5458
3759.37,0.54302
3760.27,0.54566
3761.17,0.54646
3762.07,0.55121
3762.97,0.55419
3763.87,0.56037
3764.77,0.55537
3765.67,0.5482
3766.57,0.53276
3767.47,0.5144
3768.37,0.49263
3769.27,0.47073
3770.17,0.45242
3771.07,0.44502
3771.97,0.44651
3772.87,0.46257
3773.77,0.4844
3774.67,0.50862
3775.57,0.53378
3776.47,0.55998
3777.37,0.58014
3778.27,0.6013
3779.17,0.62093
3780.07,0.64324
3780.97,0.65691
3781.87,0.66818
3782.77,0.67313
3783.67,0.6731
3784.57,0.67255
3785.47,0.66233
3786.38,0.65041
3787.28,0.6353
3788.18,0.62387
3789.08,0.61132
3789.98,0.60078
3790.88,0.58984
3791.78,0.57908
3792.68,0.56065
3793.58,0.53983
3794.48,0.51391
3795.38,0.48696
3796.28,0.45486
3797.18,0.43027
3798.08,0.41404
3798.98,0.41399
3799.88,0.42343
3800.78,0.45163
3801.68,0.48722
3802.58,0.52522
3803.48,0.56001
3804.38,0.58911
3805.28,0.61222
3806.18,0.62571
3807.08,0.63894
3807.98,0.65187
3808.88,0.66033
3809.78,0.6722
3810.68,0.68067
3811.58,0.68405
3812.48,0.68511
3813.38,0.67701
3814.28,0.67034
3815.18,0.66501
3816.08,0.66305
3816.98,0.66081
3817.88,0.66647
3818.78,0.66726
3819.68,0.66252
3820.58,0.65862
3821.48,0.65203
3822.38,0.64429
3823.28,0.63512
3824.18,0.62405
3825.09,0.61102
3825.99,0.59699
3826.89,0.58077
3827.79,0.56834
3828.69,0.55476
3829.59,0.54007
3830.49,0.52063
3831.39,0.49496
3832.29,0.4649
3833.19,0.43607
3834.09,0.40862
3834.99,0.38567
3835.89,0.3756
3836.79,0.37548
3837.69,0.3868
3838.59,0.4043
3839.49,0.43216
3840.39,0.46237
3841.29,0.49528
3842.19,0.5278
3843.09,0.55865
3843.99,0.58801
3844.89,0.61082
3845.79,0.63043
3846.69,0.64833
3847.59,0.65796
3848.49,0.66932
3849.39,0.67889
3850.29,0.68643
3851.19,0.69167
3852.09,0.69772
3852.99,0.70449
3853.89,0.71024
3854.79,0.71713
3855.69,0.71377
3856.59,0.71069
3857.49,0.70675
3858.39,0.70229
3859.29,0.69885
3860.19,0.70098
3861.09,0.70596
3861.99,0.71428
3862.9,0.72461
3863.8,0.73248
3864.7,0.73924
3865.6,0.73925
3866.5,0.7426
3867.4,0.74121
3868.3,0.73794
3869.2,0.73127
3870.1,0.7258
3871.0,0.71757
3871.9,0.70854
3872.8,0.69923
3873.7,0.68841
3874.6,0.68549
3875.5,0.68179
3876.4,0.6764
3877.3,0.66773
3878.2,0.65666
3879.1,0.64831
3880.0,0.63678
3880.9,0.6285
3881.8,0.61746
3882.7,0.60847
3883.6,0.59368
3884.5,0.57328
3885.4,0.54452
3886.3,0.51391
3887.2,0.48431
3888.1,0.45674
3889.0,0.43525
3889.9,0.42916
3890.8,0.43778
3891.7,0.45743
3892.6,0.48446
3893.5,0.51529
3894.4,0.54218
3895.3,0.56561
3896.2,0.58741
3897.1,0.60227
3898.0,0.61952
3898.9,0.63346
3899.8,0.64455
3900.7,0.6574
3901.6,0.66757
3902.51,0.67475
3903.41,0.68159
3904.31,0.68659
3905.21,0.68771
3906.11,0.69245
3907.01,0.69912
3907.91,0.70941
3908.81,0.72324
3909.71,0.73709
3910.61,0.75289
3911.51,0.7587
3912.41,0.763
3913.31,0.76419
3914.21,0.75928
3915.11,0.75806
3916.01,0.75273
3916.91,0.74605
3917.81,0.74275
3918.71,0.73874
3919.61,0.73106
3920.51,0.72922
3921.41,0.72444
3922.31,0.72737
3923.21,0.7228
3924.11,0.72374
3925.01,0.71587
3925.91,0.70402
3926.81,0.68879
3927.71,0.66473
3928.61,0.63347
3929.51,0.59413
3930.41,0.54568
3931.31,0.49516
3932.21,0.44658
3933.11,0.40149
3934.01,0.3745
3934.91,0.3686
3935.81,0.38675
3936.71,0.42402
3937.61,0.47319
3938.51,0.52497
3939.42,0.5771
3940.32,0.62029
3941.22,0.65184
3942.12,0.6733
3943.02,0.68972
3943.92,0.70018
3944.82,0.70719
3945.72,0.71682
3946.62,0.72148
3947.52,0.72736
3948.42,0.73021
3949.32,0.7298
3950.22,0.73187
3951.12,0.72887
3952.02,0.72811
3952.92,0.72926
3953.82,0.72888
3954.72,0.72791
3955.62,0.72194
3956.52,0.71458
3957.42,0.70732
3958.32,0.69623
3959.22,0.68567
3960.12,0.66931
3961.02,0.6493
3961.92,0.62345
3962.82,0.59795
3963.72,0.55955
3964.62,0.51635
3965.52,0.47337
3966.42,0.42459
3967.32,0.37487
3968.22,0.33356
3969.12,0.30296
3970.02,0.28966
3970.92,0.295
3971.82,0.32024
3972.72,0.35693
3973.62,0.40351
3974.52,0.45125
3975.42,0.49887
3976.32,0.53841
3977.22,0.57853
3978.13,0.61184
3979.03,0.64083
3979.93,0.66288
3980.83,0.68256
3981.73,0.6931
3982.63,0.70613
3983.53,0.7136
3984.43,0.72408
3985.33,0.73371
3986.23,0.73919
3987.13,0.74859
3988.03,0.75946
3988.93,0.76873
3989.83,0.77496
3990.73,0.78357
3991.63,0.79417
3992.53,0.79755
3993.43,0.80033
3994.33,0.7999
3995.23,0.79958
3996.13,0.79482
3997.03,0.79072
3997.93,0.78954
3998.83,0.79263
3999.73,0.79604
4000.63,0.80696
4001.53,0.81428
4002.43,0.81778
4003.33,0.81858
4004.23,0.81973
4005.13,0.8123
4006.03,0.80857
4006.93,0.81228
4007.83,0.81032
4008.73,0.82
4009.63,0.82661
4010.53,0.83338
4011.43,0.83731
4012.33,0.83948
4013.23,0.84315
4014.13,0.83942
4015.03,0.84301
4015.93,0.84607
4016.84,0.84711
4017.74,0.84886
4018.64,0.85153
4019.54,0.84976
4020.44,0.85188
4021.34,0.85967
4022.24,0.85819
4023.14,0.8545
4024.04,0.85525
4024.94,0.8556
4025.84,0.85749
4026.74,0.85792
4027.64,0.86223
4028.54,0.86008
4029.44,0.85365
4030.34,0.84333
4031.24,0.8354
4032.14,0.82506
4033.04,0.81481
4033.94,0.81834
4034.84,0.82253
4035.74,0.83844
4036.64,0.84828
4037.54,0.85773
4038.44,0.86745
4039.34,0.87394
4040.24,0.87512
4041.14,0.86769
4042.04,0.86102
4042.94,0.85374
4043.84,0.84618
4044.74,0.83557
4045.64,0.82452
4046.54,0.82237
4047.44,0.8232
4048.34,0.83146
4049.24,0.83827
4050.14,0.84565
4051.04,0.85396
4051.94,0.85599
4052.84,0.85361
4053.74,0.85068
4054.65,0.84581
4055.55,0.84198
4056.45,0.83638
4057.35,0.83453
4058.25,0.83597
4059.15,0.83628
4060.05,0.83371
4060.95,0.84099
4061.85,0.83509
4062.75,0.82762
4063.65,0.82306
4064.55,0.81704
4065.45,0.81321
4066.35,0.8135
4067.25,0.81833
4068.15,0.82146
4069.05,0.82574
4069.95,0.83068
4070.85,0.82976
4071.75,0.82823
4072.65,0.82373
4073.55,0.81688
4074.45,0.81367
4075.35,0.80473
4076.25,0.79546
4077.15,0.783
4078.05,0.77646
4078.95,0.77448
4079.85,0.77689
4080.75,0.78242
4081.65,0.78888
4082.55,0.79803
4083.45,0.7999
4084.35,0.79922
4085.25,0.79682
4086.15,0.79721
4087.05,0.79898
4087.95,0.80188
4088.85,0.80098
4089.75,0.80082
4090.65,0.80056
4091.55,0.79315
4092.45,0.78343
4093.36,0.76622
4094.26,0.75442
4095.16,0.73532
4096.06,0.71166
4096.96,0.6874
4097.86,0.66148
4098.76,0.62938
4099.66,0.59569
4100.56,0.56439
4101.46,0.53907
4102.36,0.52396
4103.26,0.52311
4104.16,0.5361
4105.06,0.55962
4105.96,0.59102
4106.86,0.62291
4107.76,0.65261
4108.66,0.67676
4109.56,0.69557
4110.46,0.7107
4111.36,0.7241
4112.26,0.73599
4113.16,0.75115
4114.06,0.76166
4114.96,0.77658
4115.86,0.78313
4116.76,0.79008
4117.66,0.79369
4118.56,0.79761
4119.46,0.79263
4120.36,0.79195
4121.26,0.79546
4122.16,0.79932
4123.06,0.79849
4123.96,0.80694
4124.86,0.81392
4125.76,0.81864
4126.66,0.81742
4127.56,0.81631
4128.46,0.81807
4129.36,0.81527
4130.26,0.81144
4131.17,0.80833
4132.06,0.80451
4132.97,0.80417
4133.87,0.80414
4134.77,0.80862
4135.67,0.81527
4136.57,0.82203
4137.47,0.8356
4138.37,0.84268
4139.27,0.84768
4140.17,0.8499
4141.07,0.84812
4141.97,0.84265
4142.87,0.83409
4143.77,0.82383
4144.67,0.82606
4145.57,0.82181
4146.47,0.82767
4147.37,0.82997
4148.27,0.83965
4149.17,0.84143
4150.07,0.84117
4150.97,0.84021
4151.87,0.83825
4152.77,0.83769
4153.67,0.83107
4154.57,0.83138
4155.47,0.82938
4156.37,0.82925
4157.27,0.83325
4158.17,0.8331
4159.07,0.8403
4159.97,0.84679
4160.87,0.85433
4161.77,0.85296
4162.67,0.86112
4163.57,0.86322
4164.47,0.8621
4165.37,0.85719
4166.27,0.86073
4167.17,0.85677
4168.07,0.85255
4168.98,0.84852
4169.88,0.84287
4170.78,0.83619
4171.68,0.82402
4172.58,0.81782
4173.48,0.80898
4174.38,0.8033
4175.28,0.80439
4176.18,0.80461
4177.08,0.80656
4177.98,0.81332
4178.88,0.81856
4179.78,0.82635
4180.68,0.82679
4181.58,0.83066
4182.48,0.83247
4183.38,0.83611
4184.28,0.83912
4185.18,0.83658
4186.08,0.83799
4186.98,0.83693
4187.88,0.83132
4188.78,0.8364
4189.68,0.83436
4190.58,0.83952
4191.48,0.84455
4192.38,0.84663
4193.28,0.84885
4194.18,0.84611
4195.08,0.85191
4195.98,0.84129
4196.88,0.83187
4197.78,0.82907
4198.68,0.81959
4199.58,0.81749
4200.48,0.81362
4201.38,0.80909
4202.28,0.81349
4203.18,0.81248
4204.08,0.81741
4204.98,0.82692
4205.88,0.82789
4206.79,0.8314
4207.69,0.84072
4208.59,0.84697
4209.49,0.84743
4210.39,0.84554
4211.29,0.84876
4212.19,0.84698
4213.09,0.84401
4213.99,0.84375
4214.89,0.83598
4215.79,0.83287
4216.69,0.83144
4217.59,0.82679
4218.49,0.83164
4219.39,0.83579
4220.29,0.84099
4221.19,0.84285
4222.09,0.84198
4222.99,0.83066
4223.89,0.81879
4224.79,0.8081
4225.69,0.78812
4226.59,0.77847
4227.49,0.7704
4228.39,0.77581
4229.29,0.78459
4230.19,0.80052
4231.09,0.81668
4231.99,0.82427
4232.89,0.82818
4233.79,0.83017
4234.69,0.82578
4235.59,0.82311
4236.49,0.81822
4237.39,0.81675
4238.29,0.82045
4239.19,0.81805
4240.09,0.82407
4240.99,0.82848
4241.89,0.83258
4242.79,0.83648
4243.69,0.84121
4244.59,0.84164
4245.5,0.84034
4246.4,0.83423
4247.3,0.82786
4248.2,0.8212
4249.1,0.81402
4250.0,0.81352
4250.9,0.81169
4251.8,0.81517
4252.7,0.8202
4253.6,0.82189
4254.5,0.82668
4255.4,0.83094
4256.3,0.83378
4257.2,0.83489
4258.1,0.83144
4259.0,0.83193
4259.9,0.82706
4260.8,0.82062
4261.7,0.82303
4262.6,0.82549
4263.5,0.83283
4264.4,0.84106
4265.3,0.84849
4266.2,0.84635
4267.1,0.84715
4268.0,0.84501
4268.9,0.83529
4269.8,0.82433
4270.7,0.81329
4271.6,0.79853
4272.5,0.79624
4273.4,0.79017
4274.3,0.78788
4275.2,0.79314
4276.1,0.79976
4277.0,0.81284
4277.9,0.81519
4278.8,0.82277
4279.7,0.82124
4280.6,0.82552
4281.5,0.81912
4282.4,0.81776
4283.31,0.81546
4284.21,0.80769
4285.11,0.80417
4286.01,0.80094
4286.91,0.79185
4287.81,0.78441
4288.71,0.779
4289.61,0.76811
4290.51,0.76488
4291.41,0.76593
4292.31,0.76654
4293.21,0.77091
4294.11,0.77682
4295.01,0.77367
4295.91,0.77221
4296.81,0.76863
4297.71,0.75499
4298.61,0.74327
4299.51,0.72838
4300.41,0.71336
4301.31,0.70852
4302.21,0.70353
4303.11,0.70484
4304.01,0.70412
4304.91,0.70485
4305.81,0.70594
4306.71,0.7065
4307.61,0.70756
4308.51,0.70237
4309.41,0.70277
4310.31,0.70355
4311.21,0.71052
4312.11,0.71577
4313.01,0.72645
4313.91,0.73801
4314.81,0.75372
4315.71,0.76593
4316.61,0.78257
4317.51,0.79637
4318.41,0.80606
4319.31,0.81205
4320.21,0.81179
4321.12,0.80936
4322.02,0.79347
4322.92,0.78075
4323.82,0.76509
4324.72,0.75177
4325.62,0.74121
4326.52,0.73409
4327.42,0.7346
4328.32,0.73776
4329.22,0.74242
4330.12,0.74803
4331.02,0.74891
4331.92,0.75168
4332.82,0.74343
4333.72,0.73328
4334.62,0.71952
4335.52,0.70352
4336.42,0.6766
4337.32,0.64517
4338.22,0.61231
4339.12,0.57885
4340.02,0.55326
4340.92,0.53659
4341.82,0.53085
4342.72,0.54434
4343.62,0.5642
4344.52,0.59547
4345.42,0.62222
4346.32,0.65536
4347.22,0.67979
4348.12,0.69666
4349.02,0.70947
4349.92,0.71961
4350.82,0.72557
4351.72,0.72753
4352.62,0.73029
4353.52,0.73292
4354.42,0.74009
4355.32,0.75301
4356.22,0.76575
4357.12,0.77399
4358.02,0.78295
4358.92,0.79262
4359.83,0.79902
4360.73,0.8007
4361.63,0.80794
4362.53,0.81589
4363.43,0.82185
4364.33,0.82642
4365.23,0.82606
4366.13,0.82925
4367.03,0.83069
4367.93,0.82418
4368.83,0.82267
4369.73,0.8189
4370.63,0.81452
4371.53,0.81257
4372.43,0.81138
4373.33,0.80486
4374.23,0.80184
4375.13,0.80294
4376.03,0.79902
4376.93,0.8067
4377.83,0.81632
4378.73,0.81827
4379.63,0.825
4380.53,0.82713
4381.43,0.82046
4382.33,0.8087
4383.23,0.80197
4384.13,0.78544
4385.03,0.77924
4385.93,0.77584
4386.83,0.7838
4387.73,0.7917
4388.63,0.79913
4389.53,0.8079
4390.43,0.81431
4391.33,0.81842
4392.23,0.81944
4393.13,0.81975
4394.03,0.82211
4394.93,0.82124
4395.83,0.82482
4396.73,0.82443
4397.64,0.82651
4398.54,0.82528
4399.44,0.82876
4400.34,0.8247
4401.24,0.82301
4402.14,0.82543
4403.04,0.82316
4403.94,0.82103
4404.84,0.81957
4405.74,0.81859
4406.64,0.81868
4407.54,0.8204
4408.44,0.82382
4409.34,0.82445
4410.24,0.83173
4411.14,0.83854
4412.04,0.84625
4412.94,0.84608
4413.84,0.84904
4414.74,0.83927
4415.64,0.83452
4416.54,0.83456
4417.44,0.83303
4418.34,0.83389
4419.24,0.83591
4420.14,0.84217
4421.04,0.84553
4421.94,0.84629
4422.84,0.84772
4423.74,0.84854
4424.64,0.84891
4425.54,0.84943
4426.44,0.84833
4427.34,0.84675
4428.24,0.84416
4429.14,0.84904
4430.04,0.84541
4430.94,0.84281
4431.84,0.84385
4432.74,0.83716
4433.64,0.83695
4434.54,0.83607
4435.45,0.83324
4436.35,0.83313
4437.25,0.83764
4438.15,0.84131
4439.05,0.84848
4439.95,0.85008
4440.85,0.84908
4441.75,0.84834
4442.65,0.84124
4443.55,0.83496
4444.45,0.83004
4445.35,0.83276
4446.25,0.83358
4447.15,0.83884
4448.05,0.84466
4448.95,0.84646
4449.85,0.84754
4450.75,0.84899
4451.65,0.84519
4452.55,0.84188
4453.45,0.83717
4454.35,0.83165
4455.25,0.82484
4456.15,0.81784
4457.05,0.81654
4457.95,0.81282
4458.85,0.81432
4459.75,0.81591
4460.65,0.82109
4461.55,0.81921
4462.45,0.82325
4463.35,0.82383
4464.25,0.83088
4465.15,0.83292
4466.05,0.83461
4466.95,0.83508
4467.85,0.83066
4468.75,0.83069
4469.65,0.8359
4470.55,0.8324
4471.45,0.83762
4472.35,0.84417
4473.25,0.85249
4474.16,0.85865
4475.06,0.86488
4475.96,0.87293
4476.86,0.8734
4477.76,0.87158
4478.66,0.86972
4479.56,0.86316
4480.46,0.85346
4481.36,0.84807
4482.26,0.84944
4483.16,0.84716
4484.06,0.8481
4484.96,0.853
4485.86,0.85707
4486.76,0.85459
4487.66,0.85658
4488.56,0.8619
4489.46,0.85564
4490.36,0.85477
4491.26,0.85271
4492.16,0.85271
4493.06,0.85172
4493.96,0.85278
4494.86,0.85652
4495.76,0.85486
4496.66,0.85907
4497.56,0.85971
4498.46,0.85967
4499.36,0.86499
4500.26,0.86804
4501.16,0.87031
4502.06,0.87364
4502.96,0.8754
4503.86,0.88129
4504.76,0.88564
4505.66,0.88912
4506.56,0.89182
4507.46,0.89473
4508.36,0.89385
4509.26,0.88583
4510.17,0.88529
4511.06,0.88745
4511.97,0.88308
4512.87,0.88363
4513.77,0.88011
4514.67,0.87487
4515.57,0.87647
4516.47,0.87454
4517.37,0.86357
4518.27,0.86817
4519.17,0.86219
4520.07,0.86015
4520.97,0.85903
4521.87,0.8586
4522.77,0.8565
4523.67,0.85388
4524.57,0.84694
4525.47,0.84397
4526.37,0.83788
4527.27,0.83227
4528.17,0.82737
4529.07,0.82014
4529.97,0.8199
4530.87,0.81912
4531.77,0.81442
4532.67,0.81493
4533.57,0.8158
4534.47,0.81858
4535.37,0.81597
4536.27,0.8229
4537.17,0.83222
4538.07,0.83334
4538.97,0.84641
4539.87,0.85547
4540.77,0.85792
4541.67,0.86093
4542.57,0.85995
4543.47,0.85892
4544.37,0.85493
4545.27,0.85382
4546.17,0.84736
4547.07,0.84278
4547.97,0.83954
4548.88,0.83743
4549.77,0.83084
4550.68,0.82887
4551.58,0.82433
4552.48,0.82537
4553.38,0.82223
4554.28,0.82549
4555.18,0.82654
4556.08,0.82988
4556.98,0.8354
4557.88,0.84051
4558.78,0.84868
4559.68,0.85802
4560.58,0.86114
4561.48,0.86397
4562.38,0.86126
4563.28,0.86332
4564.18,0.85947
4565.08,0.85841
4565.98,0.85885
4566.88,0.85727
4567.78,0.86533
4568.68,0.86074
4569.58,0.86519
4570.48,0.86024
4571.38,0.86333
4572.28,0.85718
4573.18,0.85732
4574.08,0.8609
4574.98,0.8613
4575.88,0.86024
4576.78,0.8624
4577.68,0.86083
4578.58,0.86134
4579.48,0.8553
4580.38,0.85231
4581.28,0.84781
4582.18,0.84377
4583.08,0.84309
4583.98,0.83926
4584.88,0.8408
4585.78,0.84545
4586.69,0.85059
4587.58,0.85278
4588.49,0.85245
4589.39,0.85743
4590.29,0.85694
4591.19,0.85613
4592.09,0.85259
4592.99,0.85725
4593.89,0.85632
4594.79,0.85496
4595.69,0.86025
4596.59,0.86026
4597.49,0.85748
4598.39,0.86193
4599.29,0.8597
4600.19,0.86009
4601.09,0.8604
4601.99,0.85936
4602.89,0.85949
4603.79,0.85575
4604.69,0.86028
4605.59,0.85604
4606.49,0.86508
4607.39,0.86496
4608.29,0.86642
4609.19,0.87593
4610.09,0.8738
4610.99,0.87626
4611.89,0.87556
4612.79,0.87283
4613.69,0.87311
4614.59,0.86671
4615.49,0.87112
4616.39,0.86719
4617.29,0.86894
4618.19,0.86546
4619.09,0.86775
4619.99,0.86819
4620.89,0.86969
4621.79,0.8705
4622.69,0.87127
4623.59,0.87503
4624.5,0.87517
4625.4,0.87591
4626.3,0.87633
4627.2,0.87499
4628.1,0.87503
4629.0,0.87209
4629.9,0.86867
4630.8,0.87038
4631.7,0.8708
4632.6,0.86563
4633.5,0.86531
4634.4,0.86626
4635.3,0.86563
4636.2,0.86365
4637.1,0.86457
4638.0,0.86329
4638.9,0.86091
4639.8,0.86266
4640.7,0.8649
4641.6,0.86706
4642.5,0.86732
4643.4,0.8665
4644.3,0.86677
4645.2,0.86489
4646.1,0.86447
4647.0,0.86331
4647.9,0.85985
4648.8,0.85316
4649.7,0.85563
4650.6,0.85963
4651.5,0.85545
4652.4,0.86026
4653.3,0.8561
4654.2,0.85518
4655.1,0.85238
4656.0,0.85962
4656.9,0.85521
4657.8,0.85697
4658.7,0.86571
4659.6,0.87138
4660.5,0.87444
4661.4,0.87652
4662.3,0.87808
4663.21,0.87259
4664.11,0.86948
4665.01,0.86113
4665.91,0.8586
4666.81,0.84809
4667.71,0.84758
4668.61,0.84208
4669.51,0.83641
4670.41,0.84204
4671.31,0.84364
4672.21,0.84849
4673.11,0.85285
4674.01,0.86008
4674.91,0.85936
4675.81,0.86733
4676.71,0.8635
4677.61,0.86529
4678.51,0.86055
4679.41,0.86416
4680.31,0.86027
4681.21,0.85657
4682.11,0.85723
4683.01,0.85578
4683.91,0.85526
4684.81,0.85843
4685.71,0.85982
4686.61,0.86269
4687.51,0.86466
4688.41,0.86244
4689.31,0.86183
4690.21,0.86478
4691.11,0.86489
4692.01,0.8646
4692.91,0.86768
4693.81,0.86815
4694.71,0.87311
4695.61,0.86916
4696.51,0.87336
4697.41,0.87311
4698.31,0.8676
4699.21,0.86584
4700.12,0.85833
4701.02,0.85869
4701.92,0.85391
4702.82,0.84865
4703.72,0.84919
4704.62,0.84494
4705.52,0.84464
4706.42,0.84492
4707.32,0.8418
4708.22,0.84412
4709.12,0.84381
4710.02,0.8464
4710.92,0.84812
4711.82,0.85142
4712.72,0.85606
4713.62,0.85514
4714.52,0.85702
4715.42,0.86135
4716.32,0.86258
4717.22,0.86213
4718.12,0.86775
4719.02,0.86648
4719.92,0.86752
4720.82,0.87054
4721.72,0.87053
4722.62,0.87511
4723.52,0.87352
4724.42,0.87073
4725.32,0.87145
4726.22,0.8689
4727.12,0.86598
4728.02,0.86006
4728.92,0.85567
4729.82,0.85466
4730.72,0.8524
4731.62,0.85576
4732.52,0.85228
4733.42,0.85241
4734.32,0.85402
4735.22,0.85496
4736.12,0.85332
4737.02,0.85293
4737.92,0.85541
4738.83,0.85379
4739.73,0.8606
4740.63,0.85781
4741.53,0.85934
4742.43,0.86205
4743.33,0.86001
4744.23,0.86399
4745.13,0.86425
4746.03,0.86946
4746.93,0.86732
4747.83,0.86758
4748.73,0.87027
4749.63,0.87008
4750.53,0.86793
4751.43,0.86608
4752.33,0.86932
4753.23,0.86554
4754.13,0.8633
4755.03,0.85881
4755.93,0.85749
4756.83,0.85634
4757.73,0.85466
4758.63,0.85385
4759.53,0.8561
4760.43,0.85075
4761.33,0.84742
4762.23,0.84598
4763.13,0.84192
4764.03,0.83962
4764.93,0.83586
4765.83,0.8385
4766.73,0.83477
4767.63,0.84025
4768.53,0.84048
4769.43,0.85105
4770.33,0.85024
4771.23,0.84751
4772.13,0.84964
4773.03,0.852
4773.93,0.85451
4774.83,0.85826
4775.73,0.85762
4776.64,0.85884
4777.54,0.86588
4778.44,0.86253
4779.34,0.85791
4780.24,0.85549
4781.14,0.85727
4782.04,0.85435
4782.94,0.85091
4783.84,0.84983
4784.74,0.84864
4785.64,0.84411
4786.54,0.84326
4787.44,0.84391
4788.34,0.83885
4789.24,0.83949
4790.14,0.84289
4791.04,0.8454
4791.94,0.84849
4792.84,0.84934
4793.74,0.85728
4794.64,0.85983
4795.54,0.85931
4796.44,0.859
4797.34,0.86261
4798.24,0.85406
4799.14,0.85747
4800.04,0.85176
4800.94,0.85089
4801.84,0.85195
4802.74,0.85377
4803.64,0.84673
4804.54,0.85514
4805.44,0.8496
4806.34,0.85237
4807.24,0.8505
4808.14,0.84731
4809.04,0.84884
4809.94,0.84816
4810.84,0.85077
4811.74,0.85287
4812.64,0.85416
4813.54,0.85402
4814.45,0.85696
4815.35,0.85737
4816.25,0.85902
4817.15,0.85966
4818.05,0.85725
4818.95,0.86308
4819.85,0.8573
4820.75,0.85408
4821.65,0.85419
4822.55,0.84975
4823.45,0.8426
4824.35,0.8435
4825.25,0.83887
4826.15,0.83647
4827.05,0.84026
4827.95,0.83486
4828.85,0.83687
4829.75,0.83667
4830.65,0.83564
4831.55,0.83701
4832.45,0.83229
4833.35,0.82982
4834.25,0.82835
4835.15,0.82843
4836.05,0.82867
4836.95,0.82691
4837.85,0.82503
4838.75,0.81998
4839.65,0.81657
4840.55,0.8172
4841.45,0.81048
4842.35,0.8106
4843.25,0.81112
4844.15,0.8074
4845.05,0.80627
4845.95,0.80542
4846.85,0.80146
4847.75,0.79634
4848.65,0.79328
4849.55,0.79375
4850.45,0.78497
4851.35,0.77826
4852.26,0.77291
4853.16,0.76125
4854.06,0.75293
4854.96,0.7402
4855.86,0.72569
4856.76,0.70939
4857.66,0.68827
4858.56,0.66568
4859.46,0.64242
4860.36,0.61962
4861.26,0.59989
4862.16,0.59029
4863.06,0.59106
4863.96,0.59668
4864.86,0.61534
4865.76,0.63488
4866.66,0.65783
4867.56,0.68066
4868.46,0.69943
4869.36,0.71282
4870.26,0.72407
4871.16,0.73259
4872.06,0.74049
4872.96,0.75004
4873.86,0.75061
4874.76,0.76047
4875.66,0.76391
4876.56,0.77112
4877.46,0.77813
4878.36,0.78391
4879.26,0.79512
4880.16,0.79581
4881.06,0.80112
4881.96,0.80191
4882.86,0.80666
4883.76,0.80784
4884.66,0.804
4885.56,0.80916
4886.46,0.8055
4887.36,0.80289
4888.26,0.80791
4889.17,0.80046
4890.07,0.80387
4890.97,0.80365
4891.87,0.80532
4892.77,0.81504
4893.67,0.82088
4894.57,0.82912
4895.47,0.83882
4896.37,0.8482
4897.27,0.85045
4898.17,0.85312
4899.07,0.84858
4899.97,0.85502
4900.87,0.84348
4901.77,0.84495
4902.67,0.84513
4903.57,0.83983
4904.47,0.83854
4905.37,0.84344
4906.27,0.83916
4907.17,0.83891
4908.07,0.83803
4908.97,0.83781
4909.87,0.83474
4910.77,0.82994
4911.67,0.83191
4912.57,0.83208
4913.47,0.83147
4914.37,0.83415
4915.27,0.83519
4916.17,0.8349
4917.07,0.82902
4917.97,0.82488
4918.87,0.81906
4919.77,0.81377
4920.67,0.81051
4921.57,0.80443
4922.47,0.80511
4923.37,0.80702
4924.27,0.80899
4925.17,0.81134
4926.07,0.82182
4926.98,0.82339
4927.88,0.83005
4928.78,0.83675
4929.68,0.84026
4930.58,0.83925
4931.48,0.83986
4932.38,0.84279
4933.28,0.8315
4934.18,0.82472
4935.08,0.82283
4935.98,0.81814
4936.88,0.81559
4937.78,0.81603
4938.68,0.81471
4939.58,0.81745
4940.48,0.82143
4941.38,0.82624
4942.28,0.83286
4943.18,0.83623
4944.08,0.83861
4944.98,0.84207
4945.88,0.8439
4946.78,0.84692
4947.68,0.84695
4948.58,0.84761
4949.48,0.8493
4950.38,0.84919
4951.28,0.84919
4952.18,0.851
4953.08,0.84864
4953.98,0.84507
4954.88,0.83669
4955.78,0.83522
4956.68,0.82758
4957.58,0.82385
4958.48,0.81979
4959.38,0.82274
4960.28,0.82418
4961.18,0.8278
4962.08,0.83235
4962.98,0.83404
4963.88,0.83436
4964.79,0.83245
4965.69,0.83726
4966.59,0.83261
4967.49,0.83233
4968.39,0.82982
4969.29,0.83226
4970.19,0.82943
4971.09,0.83226
4971.99,0.83209
4972.89,0.83628
4973.79,0.84002
4974.69,0.83935
4975.59,0.83924
4976.49,0.83911
4977.39,0.83649
4978.29,0.83241
4979.19,0.82505
4980.09,0.82183
4980.99,0.81483
4981.89,0.80612
4982.79,0.8022
4983.69,0.79643
4984.59,0.79566
4985.49,0.79629
4986.39,0.80139
4987.29,0.80481
4988.19,0.80789
4989.09,0.8138
4989.99,0.81317
4990.89,0.81647
4991.79,0.82227
4992.69,0.81876
4993.59,0.82151
4994.49,0.81986
4995.39,0.8218
4996.29,0.82084
4997.19,0.8217
4998.09,0.8167
4998.99,0.82068
4999.89,0.81576
5000.79,0.81323
5001.7,0.80932
5002.6,0.8109
5003.5,0.80559
5004.4,0.80244
5005.3,0.79971
5006.2,0.80533
5007.1,0.79898
5008.0,0.80082
5008.9,0.80125
5009.8,0.80458
5010.7,0.80093
5011.6,0.79843
5012.5,0.79638
5013.4,0.79303
5014.3,0.78767
5015.2,0.78606
5016.1,0.78444
5017.0,0.78642
5017.9,0.78732
5018.8,0.78639
5019.7,0.79419
5020.6,0.79172
5021.5,0.79255
5022.4,0.79641
5023.3,0.80016
5024.2,0.80404
5025.1,0.80714
5026.0,0.81034
5026.9,0.80897
5027.8,0.81269
5028.7,0.81276
5029.6,0.81717
5030.5,0.8182
5031.4,0.82291
5032.3,0.81978
5033.2,0.82266
5034.1,0.81911
5035.0,0.81711
5035.9,0.81182
5036.8,0.80687
5037.7,0.79914
5038.6,0.79098
5039.5,0.78405
5040.41,0.78178
5041.31,0.78223
5042.21,0.77938
5043.11,0.78367
5044.01,0.78953
5044.91,0.79391
5045.81,0.8008
5046.71,0.81041
5047.61,0.81476
5048.51,0.8157
5049.41,0.81384
5050.31,0.81115
5051.21,0.80826
5052.11,0.81014
5053.01,0.81112
5053.91,0.81214
5054.81,0.81999
5055.71,0.82308
5056.61,0.826
5057.51,0.83102
5058.41,0.83172
5059.31,0.83187
5060.21,0.82907
5061.11,0.83012
5062.01,0.83122
5062.91,0.82243
5063.81,0.81997
5064.71,0.81926
5065.61,0.81172
5066.51,0.80849
5067.41,0.80893
5068.31,0.80865
5069.21,0.80977
5070.11,0.80742
5071.01,0.80539
5071.91,0.80552
5072.81,0.80584
5073.71,0.80531
5074.61,0.80754
5075.51,0.80655
5076.42,0.80378
5077.31,0.80011
5078.21,0.79893
5079.12,0.79277
5080.02,0.78979
5080.92,0.78564
5081.82,0.78578
5082.72,0.78312
5083.62,0.78627
5084.52,0.79115
5085.42,0.79233
5086.32,0.79874
5087.22,0.80471
5088.12,0.80683
5089.02,0.80793
5089.92,0.81179
5090.82,0.81481
5091.72,0.81712
5092.62,0.81682
5093.52,0.81181
5094.42,0.81161
5095.32,0.81225
5096.22,0.80945
5097.12,0.80382
5098.02,0.79997
5098.92,0.79603
5099.82,0.79854
5100.72,0.79514
5101.62,0.79648
5102.52,0.79772
5103.42,0.79815
5104.32,0.80039
5105.22,0.80099
5106.12,0.79811
5107.02,0.79738
5107.92,0.79422
5108.82,0.79139
5109.72,0.79147
5110.62,0.79392
5111.52,0.79274
5112.42,0.79487
5113.32,0.79895
5114.22,0.8021
5115.12,0.8099
5116.03,0.81204
5116.93,0.8144
5117.83,0.81729
5118.73,0.81961
5119.63,0.81252
5120.53,0.81038
5121.43,0.80949
5122.33,0.80357
5123.23,0.79692
5124.13,0.79398
5125.03,0.78914
5125.93,0.78478
5126.83,0.78193
5127.73,0.77974
5128.63,0.78206
5129.53,0.78281
5130.43,0.78488
5131.33,0.78459
5132.23,0.78563
5133.13,0.7883
5134.03,0.79112
5134.93,0.79193
5135.83,0.79585
5136.73,0.78733
5137.63,0.79003
5138.53,0.78465
5139.43,0.78351
5140.33,0.78139
5141.23,0.77922
5142.13,0.77739
5143.03,0.77611
5143.93,0.77829
5144.83,0.77671
5145.73,0.78097
5146.63,0.77891
5147.53,0.77811
5148.43,0.78502
5149.33,0.77809
5150.23,0.78077
5151.13,0.78166
5152.03,0.77899
5152.94,0.78018
5153.84,0.78177
5154.74,0.78138
5155.64,0.78559
5156.54,0.79124
5157.44,0.79717
5158.34,0.79666
5159.24,0.79851
5160.14,0.80073
5161.04,0.80019
5161.94,0.79947
5162.84,0.79101
5163.74,0.78448
5164.64,0.77238
5165.54,0.76306
5166.44,0.75519
5167.34,0.73984
5168.24,0.7227
5169.14,0.71626
5170.04,0.71062
5170.94,0.70776
5171.84,0.70715
5172.74,0.71261
5173.64,0.71711
5174.54,0.72456
5175.44,0.73443
5176.34,0.74525
5177.24,0.76021
5178.14,0.76343
5179.04,0.77252
5179.94,0.77331
5180.84,0.77186
5181.74,0.76497
5182.64,0.75206
5183.54,0.74846
5184.44,0.73905
5185.34,0.74162
5186.24,0.74279
5187.14,0.74418
5188.04,0.75226
5188.94,0.75518
5189.84,0.76676
5190.75,0.76838
5191.65,0.76654
5192.55,0.7657
5193.45,0.7684
5194.35,0.7652
5195.25,0.76706
5196.15,0.76645
5197.05,0.77193
5197.95,0.77519
5198.85,0.77691
5199.75,0.77959
5200.65,0.78161
5201.55,0.77978
5202.45,0.78163
5203.35,0.7766
5204.25,0.77372
5205.15,0.76769
5206.05,0.76533
5206.95,0.75743
5207.85,0.75804
5208.75,0.75746
5209.65,0.75868
5210.55,0.76516
5211.45,0.76946
5212.35,0.77094
5213.25,0.77747
5214.15,0.78618
5215.05,0.78772
5215.95,0.78492
5216.85,0.79168
5217.75,0.79169
5218.65,0.79183
5219.55,0.79505
5220.45,0.79705
5221.35,0.79976
5222.25,0.79805
5223.15,0.79091
5224.05,0.78893
5224.95,0.78108
5225.85,0.77319
5226.75,0.77215
5227.66,0.76569
5228.56,0.75819
5229.46,0.76605
5230.36,0.76851
5231.26,0.77374
5232.16,0.77627
5233.06,0.78278
5233.96,0.78185
5234.86,0.78515
5235.76,0.7887
5236.66,0.79297
5237.56,0.79515
5238.46,0.79625
5239.36,0.80243
5240.26,0.80447
5241.16,0.80405
5242.06,0.80605
5242.96,0.80662
5243.86,0.80663
5244.76,0.80392
5245.66,0.80375
5246.56,0.7977
5247.46,0.79611
5248.36,0.79511
5249.26,0.7902
5250.16,0.78526
5251.06,0.78964
5251.96,0.78414
5252.86,0.78581
5253.76,0.78626
5254.66,0.78922
5255.56,0.78994
5256.46,0.79326
5257.36,0.79564
5258.26,0.79914
5259.16,0.79574
5260.06,0.79379
5260.96,0.78719
5261.86,0.78241
5262.76,0.77423
5263.66,0.76342
5264.56,0.75717
5265.47,0.74959
5266.37,0.74119
5267.27,0.73936
5268.17,0.73812
5269.07,0.73809
5269.97,0.73713
5270.87,0.74122
5271.77,0.74275
5272.67,0.74648
5273.57,0.75268
5274.47,0.76183
5275.37,0.76642
5276.27,0.77189
5277.17,0.77946
5278.07,0.78198
5278.97,0.78516
5279.87,0.78687
5280.77,0.78837
5281.67,0.79093
5282.57,0.79084
5283.47,0.78901
5284.37,0.79103
5285.27,0.79117
5286.17,0.79676
5287.07,0.79787
5287.97,0.8063
5288.87,0.80803
5289.77,0.81423
5290.67,0.81461
5291.57,0.81628
5292.47,0.81238
5293.37,0.81428
5294.27,0.80763
5295.17,0.80433
5296.07,0.79869
5296.97,0.79359
5297.87,0.78816
5298.77,0.78011
5299.67,0.78148
5300.57,0.78214
5301.48,0.78385
5302.38,0.78609
5303.27,0.79122
5304.18,0.7931
5305.08,0.80013
5305.98,0.80088
5306.88,0.80493
5307.78,0.80257
5308.68,0.80764
5309.58,0.8105
5310.48,0.808
5311.38,0.80972
5312.28,0.81144
5313.18,0.80905
5314.08,0.8044
5314.98,0.80282
5315.88,0.80245
5316.78,0.80037
5317.68,0.79937
5318.58,0.79718
5319.48,0.79547
5320.38,0.79324
5321.28,0.79078
5322.18,0.79351
5323.08,0.78451
5323.98,0.78283
5324.88,0.77654
5325.78,0.76921
5326.68,0.76687
5327.58,0.76104
5328.48,0.7585
5329.38,0.75778
5330.28,0.7553
5331.18,0.76034
5332.08,0.76358
5332.98,0.77018
5333.88,0.7761
5334.78,0.77745
5335.68,0.78287
5336.58,0.78552
5337.48,0.78861
5338.38,0.7845
5339.28,0.78521
5340.19,0.7844
5341.08,0.78392
5341.99,0.78132
5342.89,0.78055
5343.79,0.78253
5344.69,0.78421
5345.59,0.78429
5346.49,0.78541
5347.39,0.78867
5348.29,0.78771
5349.19,0.78682
5350.09,0.78895
5350.99,0.79086
5351.89,0.78813
5352.79,0.79348
5353.69,0.7955
5354.59,0.80309
5355.49,0.80733
5356.39,0.80628
5357.29,0.81023
5358.19,0.81231
5359.09,0.81297
5359.99,0.80982
5360.89,0.80961
5361.79,0.80657
5362.69,0.80034
5363.59,0.79794
5364.49,0.79411
5365.39,0.79179
5366.29,0.78815
5367.19,0.7833
5368.09,0.78136
5368.99,0.77644
5369.89,0.77671
5370.79,0.77036
5371.69,0.77183
5372.59,0.77663
5373.49,0.77786
5374.39,0.78434
5375.29,0.78757
5376.19,0.79547
5377.09,0.79611
5378.0,0.79473
5378.9,0.79483
5379.8,0.79611
5380.7,0.7979
5381.6,0.79198
5382.5,0.79402
5383.4,0.79124
5384.3,0.79186
5385.2,0.79027
5386.1,0.79355
5387.0,0.79053
5387.9,0.78966
5388.8,0.7895
5389.7,0.78924
5390.6,0.78735
5391.5,0.78302
5392.4,0.78159
5393.3,0.77831
5394.2,0.77476
5395.1,0.77497
5396.0,0.76778
5396.9,0.76907
5397.8,0.77034
5398.7,0.76654
5399.6,0.77095
5400.5,0.76666
5401.4,0.77043
5402.3,0.76512
5403.2,0.76716
5404.1,0.7647
5405.0,0.76137
5405.9,0.76158
5406.8,0.758
5407.7,0.75873
5408.6,0.75666
5409.5,0.76246
5410.4,0.7616
5411.3,0.76421
5412.2,0.76812
5413.1,0.77263
5414.0,0.77764
5414.9,0.77924
5415.81,0.78176
5416.71,0.78307
5417.61,0.78694
5418.51,0.78493
5419.41,0.78568
5420.31,0.78609
5421.21,0.78514
5422.11,0.78347
5423.01,0.78393
5423.91,0.77993
5424.81,0.77998
5425.71,0.78149
5426.61,0.77648
5427.51,0.77856
5428.41,0.77679
5429.31,0.77644
5430.21,0.77215
5431.11,0.76651
5432.01,0.76806
5432.91,0.7656
5433.81,0.76655
5434.71,0.76307
5435.61,0.76543
5436.51,0.77011
5437.41,0.77115
5438.31,0.77736
5439.21,0.78053
5440.11,0.78292
5441.01,0.78641
5441.91,0.78878
5442.81,0.78888
5443.71,0.78567
5444.61,0.78106
5445.51,0.78053
5446.41,0.77398
5447.31,0.77463
5448.21,0.77197
5449.11,0.77168
5450.01,0.77178
5450.91,0.77594
5451.81,0.77659
5452.72,0.77528
5453.62,0.77361
5454.52,0.77507
5455.42,0.77615
5456.32,0.77247
5457.22,0.77175
5458.12,0.77531
5459.02,0.77158
5459.92,0.77292
5460.82,0.77607
5461.72,0.77462
5462.62,0.77533
5463.52,0.77362
5464.42,0.77451
5465.32,0.77646
5466.22,0.77767
5467.12,0.77916
5468.02,0.7792
5468.92,0.78068
5469.82,0.77973
5470.72,0.77892
5471.62,0.77632
5472.52,0.77519
5473.42,0.77177
5474.32,0.7701
5475.22,0.76405
5476.12,0.76145
5477.02,0.75933
5477.92,0.75674
5478.82,0.75877
5479.72,0.76146
5480.62,0.75981
5481.52,0.76238
5482.42,0.76356
5483.32,0.76754
5484.22,0.76827
5485.12,0.77093
5486.02,0.77364
5486.92,0.77358
5487.82,0.77469
5488.72,0.77688
5489.62,0.7744
5490.53,0.77663
5491.43,0.77563
5492.33,0.77598
5493.23,0.77517
5494.13,0.77668
5495.03,0.77411
5495.93,0.77426
5496.83,0.7751
5497.73,0.7739
5498.63,0.77359
5499.53,0.77169
5500.43,0.77463
5501.33,0.77327
5502.23,0.77185
5503.13,0.7683
5504.03,0.76805
5504.93,0.76998
5505.83,0.76755
5506.73,0.76976
5507.63,0.76992
5508.53,0.76823
5509.43,0.76759
5510.33,0.76511
5511.23,0.76473
5512.13,0.76304
5513.03,0.7666
5513.93,0.76589
5514.83,0.76377
5515.73,0.76675
5516.63,0.77125
5517.53,0.77268
5518.43,0.77507
5519.33,0.77929
5520.23,0.7791
5521.13,0.77997
5522.03,0.77968
5522.93,0.78204
5523.83,0.77963
5524.73,0.77755
5525.63,0.77287
5526.54,0.7692
5527.44,0.76683
5528.33,0.7646
5529.24,0.76442
5530.14,0.76312
5531.04,0.76615
5531.94,0.76563
5532.84,0.76828
5533.74,0.76498
5534.64,0.7684
5535.54,0.77152
5536.44,0.77177
5537.34,0.77173
5538.24,0.77522
5539.14,0.77456
5540.04,0.78047
5540.94,0.78038
5541.84,0.77753
5542.74,0.78068
5543.64,0.78009
5544.54,0.77983
5545.44,0.77976
5546.34,0.77785
5547.24,0.78176
5548.14,0.77911
5549.04,0.78423
5549.94,0.78244
5550.84,0.77916
5551.74,0.77849
5552.64,0.77895
5553.54,0.77562
5554.44,0.77614
5555.34,0.77986
5556.24,0.77404
5557.14,0.77579
5558.04,0.77601
5558.94,0.77504
5559.84,0.77147
5560.74,0.77477
5561.64,0.77264
5562.54,0.77003
5563.44,0.77007
5564.34,0.76621
5565.25,0.76683
5566.15,0.76279
5567.05,0.76502
5567.95,0.76171
5568.85,0.75694
5569.75,0.76056
5570.65,0.75818
5571.55,0.75742
5572.45,0.75776
5573.35,0.76035
5574.25,0.75783
5575.15,0.76116
5576.05,0.75976
5576.95,0.76506
5577.85,0.76294
5578.75,0.76883
5579.65,0.76778
5580.55,0.76541
5581.45,0.76793
5582.35,0.7655
5583.25,0.76411
5584.15,0.75972
5585.05,0.75548
5585.95,0.7554
5586.85,0.75098
5587.75,0.74639
5588.65,0.74151
5589.55,0.74159
5590.45,0.73996
5591.35,0.74055
5592.25,0.74071
5593.15,0.74384
5594.05,0.74574
5594.95,0.74906
5595.85,0.74822
5596.75,0.75104
5597.65,0.74989
5598.55,0.75146
5599.45,0.7487
5600.35,0.75044
5601.25,0.74966
5602.15,0.74779
5603.06,0.75097
5603.96,0.75029
5604.86,0.75698
5605.76,0.75914
5606.66,0.76072
5607.56,0.76577
5608.46,0.77047
5609.36,0.76934
5610.26,0.7677
5611.16,0.77285
5612.06,0.77164
5612.96,0.76734
5613.86,0.76666
5614.76,0.76324
5615.66,0.7607
5616.56,0.75749
5617.46,0.75903
5618.36,0.75546
5619.26,0.75433
5620.16,0.75689
5621.06,0.75673
5621.96,0.76073
5622.86,0.76081
5623.76,0.75977
5624.66,0.75918
5625.56,0.75948
5626.46,0.75817
5627.36,0.76185
5628.26,0.76308
5629.16,0.76516
5630.06,0.76553
5630.96,0.76661
5631.86,0.76824
5632.76,0.7712
5633.66,0.76823
5634.56,0.76659
5635.46,0.76743
5636.36,0.76648
5637.26,0.76034
5638.16,0.76048
5639.06,0.76033
5639.96,0.75794
5640.86,0.76147
5641.77,0.75883
5642.67,0.76186
5643.57,0.76247
5644.47,0.75842
5645.37,0.75927
5646.27,0.75968
5647.17,0.76328
5648.07,0.7637
5648.97,0.76303
5649.87,0.7638
5650.77,0.76464
5651.67,0.76415
5652.57,0.76634
5653.47,0.76122
5654.37,0.76118
5655.27,0.75958
5656.17,0.75769
5657.07,0.75309
5657.97,0.74968
5658.87,0.74597
5659.77,0.74542
5660.67,0.74181
5661.57,0.7396
5662.47,0.7429
5663.37,0.74512
5664.27,0.74738
5665.17,0.75046
5666.07,0.75078
5666.97,0.75087
5667.87,0.75386
5668.77,0.7507
5669.67,0.75662
5670.57,0.75544
5671.47,0.75652
5672.37,0.76083
5673.27,0.75931
5674.17,0.76306
5675.07,0.76428
5675.97,0.76738
5676.88,0.76313
5677.77,0.76162
5678.68,0.76334
5679.58,0.76335
5680.48,0.76387
5681.38,0.75898
5682.28,0.7573
5683.18,0.75861
5684.08,0.7537
5684.98,0.75351
5685.88,0.74955
5686.78,0.74831
5687.68,0.7486
5688.58,0.74866
5689.48,0.74947
5690.38,0.75466
5691.28,0.75899
5692.18,0.75773
5693.08,0.75629
5693.98,0.75905
5694.88,0.75741
5695.78,0.75783
5696.68,0.75862
5697.58,0.75745
5698.48,0.75515
5699.38,0.75376
5700.28,0.75052
5701.18,0.75253
5702.08,0.74876
5702.98,0.74612
5703.88,0.74574
5704.78,0.74413
5705.68,0.74245
5706.58,0.74065
5707.48,0.73835
5708.38,0.74051
5709.28,0.73352
5710.18,0.73322
5711.08,0.7341
5711.98,0.73074
5712.88,0.73615
5713.78,0.74144
5714.68,0.74237
5715.59,0.74436
5716.49,0.74859
5717.39,0.74976
5718.29,0.75366
5719.19,0.75977
5720.09,0.75823
5720.99,0.76154
5721.89,0.75821
5722.79,0.75948
5723.69,0.76228
5724.59,0.76197
5725.49,0.76049
5726.39,0.76135
5727.29,0.76024
5728.19,0.75836
5729.09,0.7569
5729.99,0.75767
5730.89,0.75819
5731.79,0.75658
5732.69,0.75668
5733.59,0.75733
5734.49,0.75949
5735.39,0.75587
5736.29,0.75904
5737.19,0.75714
5738.09,0.75934
5738.99,0.75772
5739.89,0.76161
5740.79,0.75656
5741.69,0.75792
5742.59,0.75713
5743.49,0.75399
5744.39,0.75617
5745.29,0.75966
5746.19,0.75669
5747.09,0.75516
5747.99,0.75485
5748.89,0.75352
5749.79,0.75238
5750.69,0.75201
5751.59,0.75112
5752.5,0.75061
5753.4,0.74845
5754.3,0.74646
5755.2,0.74685
5756.1,0.74855
5757.0,0.75257
5757.9,0.74938
5758.8,0.75047
5759.7,0.7486
5760.6,0.75017
5761.5,0.75005
5762.4,0.75019
5763.3,0.74855
5764.2,0.74946
5765.1,0.74981
5766.0,0.74982
5766.9,0.75553
5767.8,0.75365
5768.7,0.7531
5769.6,0.75322
5770.5,0.75541
5771.4,0.75617
5772.3,0.75456
5773.2,0.75516
5774.1,0.75234
5775.0,0.75305
5775.9,0.74909
5776.8,0.75093
5777.7,0.74779
5778.6,0.74582
5779.5,0.74653
5780.4,0.74662
5781.3,0.74044
5782.2,0.74056
5783.1,0.73631
5784.0,0.73945
5784.9,0.73949
5785.8,0.73524
5786.7,0.73787
5787.6,0.73962
5788.5,0.7383
5789.41,0.74271
5790.31,0.74537
5791.21,0.74275
5792.11,0.74798
5793.01,0.74623
5793.91,0.75082
5794.81,0.74873
5795.71,0.74637
5796.61,0.74762
5797.51,0.7489
5798.41,0.75089
5799.31,0.74999
5800.21,0.7526
5801.11,0.75387
5802.01,0.75094
5802.91,0.75139
5803.81,0.75133
5804.71,0.7517
5805.61,0.75392
5806.51,0.75163
5807.41,0.75328
5808.31,0.7526
5809.21,0.75383
5810.11,0.75317
5811.01,0.75132
5811.91,0.75281
5812.81,0.75304
5813.71,0.7506
5814.61,0.75625
5815.51,0.75381
5816.41,0.75419
5817.31,0.75568
5818.21,0.75302
5819.11,0.75404
5820.01,0.75545
5820.91,0.75401
5821.81,0.75876
5822.71,0.75507
5823.61,0.75711
5824.51,0.75826
5825.41,0.75753
5826.31,0.75722
5827.22,0.75776
5828.12,0.76198
5829.02,0.75833
5829.92,0.75898
5830.82,0.76257
5831.72,0.75726
5832.62,0.75803
5833.52,0.76189
5834.42,0.75782
5835.32,0.75891
5836.22,0.75774
5837.12,0.75874
5838.02,0.75353
5838.92,0.75614
5839.82,0.75511
5840.72,0.75901
5841.62,0.75459
5842.52,0.75279
5843.42,0.75589
5844.32,0.75342
5845.22,0.75355
5846.12,0.75185
5847.02,0.75073
5847.92,0.74957
5848.82,0.75017
5849.72,0.74756
5850.62,0.74773
5851.52,0.74412
5852.42,0.74017
5853.32,0.74271
5854.22,0.73602
5855.12,0.73553
5856.02,0.73236
5856.92,0.73194
5857.82,0.73203
5858.72,0.73293
5859.62,0.72928
5860.52,0.73477
5861.42,0.73506
5862.32,0.73427
5863.23,0.737
5864.12,0.73919
5865.03,0.73885
5865.93,0.73795
5866.83,0.74114
5867.73,0.74049
5868.63,0.74094
5869.53,0.74579
5870.43,0.74426
5871.33,0.7464
5872.23,0.7466
5873.13,0.74348
5874.03,0.74672
5874.93,0.74767
5875.83,0.7444
5876.73,0.74447
5877.63,0.74554
5878.53,0.74396
5879.43,0.74037
5880.33,0.7391
5881.23,0.73934
5882.13,0.73735
5883.03,0.73634
5883.93,0.7353
5884.83,0.73066
5885.73,0.72639
5886.63,0.72066
5887.53,0.71557
5888.43,0.70869
5889.33,0.70358
5890.23,0.69596
5891.13,0.69052
5892.03,0.68647
5892.93,0.6833
5893.83,0.68411
5894.73,0.68464
5895.63,0.68386
5896.53,0.6893
5897.43,0.69003
5898.33,0.69344
5899.23,0.70043
5900.13,0.70363
5901.04,0.70882
5901.94,0.71646
5902.83,0.72095
5903.74,0.72415
5904.64,0.72745
5905.54,0.73003
5906.44,0.72905
5907.34,0.7312
5908.24,0.73309
5909.14,0.73301
5910.04,0.73256
5910.94,0.73138
5911.84,0.72958
5912.74,0.73191
5913.64,0.73093
5914.54,0.7273
5915.44,0.72843
5916.34,0.72785
5917.24,0.72726
5918.14,0.72552
5919.04,0.72555
5919.94,0.72569
5920.84,0.72863
5921.74,0.73143
5922.64,0.72679
5923.54,0.73232
5924.44,0.73118
5925.34,0.73218
5926.24,0.73204
5927.14,0.73027
5928.04,0.73127
5928.94,0.72823
5929.84,0.73146
5930.74,0.73355
5931.64,0.72749
5932.54,0.72949
5933.44,0.72895
5934.34,0.7298
5935.24,0.73391
5936.14,0.7341
5937.04,0.72737
5937.94,0.73013
5938.85,0.72794
5939.75,0.72964
5940.65,0.72932
5941.55,0.73215
5942.45,0.72931
5943.35,0.7306
5944.25,0.73165
5945.15,0.72708
5946.05,0.72688
5946.95,0.72813
5947.85,0.72563
5948.75,0.7264
5949.65,0.72858
5950.55,0.72564
5951.45,0.7275
5952.35,0.72826
5953.25,0.72496
5954.15,0.72415
5955.05,0.72655
5955.95,0.72593
5956.85,0.72617
5957.75,0.72689
5958.65,0.72804
5959.55,0.72825
5960.45,0.72732
5961.35,0.73497
5962.25,0.7318
5963.15,0.7347
5964.05,0.73091
5964.95,0.73396
5965.85,0.73698
5966.75,0.73774
5967.65,0.73407
5968.55,0.73592
5969.45,0.7348
5970.35,0.73393
5971.25,0.73415
5972.15,0.73755
5973.05,0.73446
5973.95,0.73417
5974.85,0.73213
5975.75,0.73021
5976.65,0.73054
5977.56,0.73018
5978.46,0.72745
5979.36,0.72753
5980.26,0.72979
5981.16,0.72937
5982.06,0.72756
5982.96,0.72745
5983.86,0.72541
5984.76,0.72414
5985.66,0.7258
5986.56,0.72411
5987.46,0.72534
5988.36,0.72589
5989.26,0.72493
5990.16,0.72341
5991.06,0.72782
5991.96,0.7249
5992.86,0.72565
5993.76,0.72946
5994.66,0.72787
5995.56,0.72859
5996.46,0.72976
5997.36,0.72851
5998.26,0.7283
5999.16,0.72966
6000.06,0.72621
6000.96,0.72707
6001.86,0.72653
6002.76,0.7263
6003.66,0.72541
6004.56,0.72466
6005.46,0.72201
6006.36,0.72286
6007.26,0.72186
6008.16,0.71716
6009.06,0.71813
6009.96,0.72096
6010.86,0.71662
6011.76,0.71804
6012.67,0.71907
6013.56,0.71991
6014.47,0.72089
6015.37,0.71745
6016.27,0.72081
6017.17,0.72157
6018.07,0.71849
6018.97,0.71844
6019.87,0.71804
6020.77,0.71769
6021.67,0.71688
6022.57,0.71538
6023.47,0.71546
6024.37,0.71521
6025.27,0.71665
6026.17,0.71864
6027.07,0.72209
6027.97,0.7203
6028.87,0.72409
6029.77,0.72301
6030.67,0.72316
6031.57,0.72263
6032.47,0.72679
6033.37,0.72924
6034.27,0.72887
6035.17,0.72859
6036.07,0.72738
6036.97,0.7307
6037.87,0.72847
6038.77,0.72937
6039.67,0.72933
6040.57,0.7276
6041.47,0.72931
6042.37,0.72801
6043.27,0.72699
6044.17,0.72785
6045.07,0.72769
6045.97,0.73166
6046.87,0.73038
6047.77,0.72978
6048.67,0.72922
6049.57,0.73132
6050.47,0.73088
6051.38,0.72934
6052.28,0.72685
6053.18,0.72426
6054.08,0.72673
6054.98,0.72623
6055.88,0.72487
6056.78,0.72517
6057.68,0.72279
6058.58,0.7228
6059.48,0.72439
6060.38,0.72387
6061.28,0.72449
6062.18,0.72055
6063.08,0.72063
6063.98,0.71904
6064.88,0.71847
6065.78,0.72055
6066.68,0.71907
6067.58,0.71945
6068.48,0.71895
6069.38,0.72594
6070.28,0.72394
6071.18,0.72467
6072.08,0.72369
6072.98,0.7275
6073.88,0.72997
6074.78,0.72748
6075.68,0.7282
6076.58,0.72452
6077.48,0.72298
6078.38,0.721
6079.28,0.72331
6080.18,0.72134
6081.08,0.71882
6081.98,0.72019
6082.88,0.71805
6083.78,0.7164
6084.68,0.71349
6085.58,0.71548
6086.48,0.71842
6087.38,0.71116
6088.28,0.71433
6089.19,0.71524
6090.09,0.71586
6090.99,0.71494
6091.89,0.71707
6092.79,0.71637
6093.69,0.71808
6094.59,0.71476
6095.49,0.71597
6096.39,0.71921
6097.29,0.71667
6098.19,0.71734
6099.09,0.7146
6099.99,0.7178
6100.89,0.71321
6101.79,0.71298
6102.69,0.70976
6103.59,0.70858
6104.49,0.7089
6105.39,0.70898
6106.29,0.70704
6107.19,0.70955
6108.09,0.70741
6108.99,0.71105
6109.89,0.71336
6110.79,0.71315
6111.69,0.71611
6112.59,0.71631
6113.49,0.71871
6114.39,0.71589
6115.29,0.71773
6116.19,0.71809
6117.09,0.71857
6117.99,0.71636
6118.89,0.71562
6119.79,0.71334
6120.69,0.71173
6121.59,0.70961
6122.49,0.70835
6123.39,0.70897
6124.29,0.70667
6125.19,0.70349
6126.1,0.70819
6127.0,0.70921
6127.9,0.70681
6128.8,0.70934
6129.7,0.70864
6130.6,0.7099
6131.5,0.71049
6132.4,0.7088
6133.3,0.70712
6134.2,0.70404
6135.1,0.70114
6136.0,0.70143
6136.9,0.69438
6137.8,0.69675
6138.7,0.69403
6139.6,0.69356
6140.5,0.69468
6141.4,0.69238
6142.3,0.69701
6143.2,0.69958
6144.1,0.70292
6145.0,0.70118
6145.9,0.70369
6146.8,0.70632
6147.7,0.70754
6148.6,0.70682
6149.5,0.70876
6150.4,0.70936
6151.3,0.71082
6152.2,0.70778
6153.1,0.71118
6154.0,0.71261
6154.9,0.70763
6155.8,0.70854
6156.7,0.70367
6157.6,0.70467
6158.5,0.70358
6159.4,0.70223
6160.3,0.69826
6161.2,0.69443
6162.1,0.68659
6163.01,0.68991
6163.91,0.68681
6164.81,0.68481
6165.71,0.68453
6166.61,0.68267
6167.51,0.68253
6168.41,0.68472
6169.31,0.6846
6170.21,0.68793
6171.11,0.68641
6172.01,0.68552
6172.91,0.68865
6173.81,0.68938
6174.71,0.69069
6175.61,0.69401
6176.51,0.69606
6177.41,0.69563
6178.31,0.6978
6179.21,0.70016
6180.11,0.6984
6181.01,0.70249
6181.91,0.70172
6182.81,0.70295
6183.71,0.70229
6184.61,0.70252
6185.51,0.70136
6186.41,0.70281
6187.31,0.70006
6188.21,0.69865
6189.11,0.69719
6190.01,0.6952
6190.91,0.6924
6191.81,0.69135
6192.71,0.69089
6193.61,0.69182
6194.51,0.69168
6195.41,0.69546
6196.31,0.6956
6197.21,0.69653
6198.11,0.69832
6199.01,0.69654
6199.92,0.69732
6200.82,0.70027
6201.72,0.69939
6202.62,0.70175
6203.52,0.70332
6204.42,0.69964
6205.32,0.70042
6206.22,0.70284
6207.12,0.70503
6208.02,0.70498
6208.92,0.70274
6209.82,0.7007
6210.72,0.7023
6211.62,0.69599
6212.52,0.69571
6213.42,0.6952
6214.32,0.69249
6215.22,0.68696
6216.12,0.68653
6217.02,0.68608
6217.92,0.68742
6218.82,0.68698
6219.72,0.68657
6220.62,0.68517
6221.52,0.68756
6222.42,0.6878
6223.32,0.68774
6224.22,0.69212
6225.12,0.68808
6226.02,0.68788
6226.92,0.68898
6227.82,0.68647
6228.72,0.68866
6229.62,0.68528
6230.52,0.68453
6231.42,0.68399
6232.32,0.68322
6233.22,0.68189
6234.12,0.68295
6235.02,0.68128
6235.92,0.68441
6236.83,0.68627
6237.73,0.68584
6238.63,0.68588
6239.53,0.68987
6240.43,0.68845
6241.33,0.6864
6242.23,0.68442
6243.13,0.68537
6244.03,0.68058
6244.93,0.67916
6245.83,0.68068
6246.73,0.68095
6247.63,0.68066
6248.53,0.68155
6249.43,0.67998
6250.33,0.67977
6251.23,0.67944
6252.13,0.67762
6253.03,0.67654
6253.93,0.67364
6254.83,0.67277
6255.73,0.67391
6256.63,0.66865
6257.53,0.67136
6258.43,0.6732
6259.33,0.67222
6260.23,0.67435
6261.13,0.67665
6262.03,0.67714
6262.93,0.67716
6263.83,0.68022
6264.73,0.68232
6265.63,0.68231
6266.53,0.68485
6267.43,0.68417
6268.33,0.68646
6269.23,0.68678
6270.13,0.68831
6271.03,0.68798
6271.93,0.68975
6272.83,0.68868
6273.73,0.68677
6274.64,0.69073
6275.54,0.68618
6276.44,0.69067
6277.34,0.68918
6278.24,0.68793
6279.14,0.68685
6280.04,0.68678
6280.94,0.68914
6281.84,0.68442
6282.74,0.68654
6283.64,0.68748
6284.54,0.68747
6285.44,0.68877
6286.34,0.68652
6287.24,0.68767
6288.14,0.69248
6289.04,0.69198
6289.94,0.69366
6290.84,0.69226
6291.74,0.69113
6292.64,0.69157
6293.54,0.68909
6294.44,0.68864
6295.34,0.68573
6296.24,0.6852
6297.14,0.68201
6298.04,0.68094
6298.94,0.68065
6299.84,0.67889
6300.74,0.67946
6301.64,0.67927
6302.54,0.67997
6303.44,0.67871
6304.34,0.67995
6305.24,0.68062
6306.14,0.68228
6307.04,0.68497
6307.94,0.68617
6308.84,0.68559
6309.74,0.68707
6310.64,0.68964
6311.54,0.68622
6312.45,0.68464
6313.35,0.68717
6314.25,0.68093
6315.15,0.68207
6316.05,0.68014
6316.95,0.67843
6317.85,0.67563
6318.75,0.67684
6319.65,0.67925
6320.55,0.67754
6321.45,0.6788
6322.35,0.68189
6323.25,0.68196
6324.15,0.68
6325.05,0.68545
6325.95,0.68527
6326.85,0.68732
6327.75,0.68548
6328.65,0.68816
6329.55,0.68685
6330.45,0.686
6331.35,0.68756
6332.25,0.68956
6333.15,0.68768
6334.05,0.68624
6334.95,0.68206
6335.85,0.68262
6336.75,0.68106
6337.65,0.68116
6338.55,0.67995
6339.45,0.68187
6340.35,0.68162
6341.25,0.68166
6342.15,0.68116
6343.05,0.68256
6343.95,0.68431
6344.85,0.68152
6345.75,0.68405
6346.65,0.68593
6347.55,0.68325
6348.46,0.68421
6349.35,0.68358
6350.26,0.6841
6351.16,0.68413
6352.06,0.68284
6352.96,0.68228
6353.86,0.68402
6354.76,0.68076
6355.66,0.67918
6356.56,0.68075
6357.46,0.67652
6358.36,0.67549
6359.26,0.67454
6360.16,0.67329
6361.06,0.67355
6361.96,0.67264
6362.86,0.67201
6363.76,0.67218
6364.66,0.67139
6365.56,0.67246
6366.46,0.6733
6367.36,0.67375
6368.26,0.67828
6369.16,0.67766
6370.06,0.67823
6370.96,0.68021
6371.86,0.68171
6372.76,0.68502
6373.66,0.68261
6374.56,0.68524
6375.46,0.68296
6376.36,0.68488
6377.26,0.68133
6378.16,0.68033
6379.06,0.6825
6379.96,0.6824
6380.86,0.68315
6381.76,0.6807
6382.66,0.67857
6383.56,0.67863
6384.46,0.6811
6385.36,0.68221
6386.27,0.68108
6387.17,0.68212
6388.07,0.67973
6388.97,0.67954
6389.87,0.67916
6390.77,0.67978
6391.67,0.68025
6392.57,0.67721
6393.47,0.67777
6394.37,0.67429
6395.27,0.67139
6396.17,0.67142
6397.07,0.67431
6397.97,0.67109
6398.87,0.66915
6399.77,0.67248
6400.67,0.67348
6401.57,0.67386
6402.47,0.67485
6403.37,0.67734
6404.27,0.67451
6405.17,0.67582
6406.07,0.67715
6406.97,0.67818
6407.87,0.67787
6408.77,0.67835
6409.67,0.67414
6410.57,0.67691
6411.47,0.67304
6412.37,0.67477
6413.27,0.67593
6414.17,0.67495
6415.07,0.67374
6415.97,0.67828
6416.87,0.67641
6417.77,0.6744
6418.67,0.67478
6419.57,0.67507
6420.47,0.67346
6421.37,0.67235
6422.27,0.67519
6423.17,0.67445
6424.08,0.67489
6424.98,0.67784
6425.88,0.67711
6426.78,0.67786
6427.68,0.67912
6428.58,0.67787
6429.48,0.67811
6430.38,0.67842
6431.28,0.67302
6432.18,0.67493
6433.08,0.67507
6433.98,0.67414
6434.88,0.67437
6435.78,0.67407
6436.68,0.67372
6437.58,0.6747
6438.48,0.6717
6439.38,0.67358
6440.28,0.6718
6441.18,0.6733
6442.08,0.67365
6442.98,0.67537
6443.88,0.67487
6444.78,0.67898
6445.68,0.67832
6446.58,0.67729
6447.48,0.67498
6448.38,0.67513
6449.28,0.67453
6450.18,0.67123
6451.08,0.66849
6451.98,0.67107
6452.88,0.66839
6453.78,0.66871
6454.68,0.67047
6455.58,0.66709
6456.48,0.66861
6457.38,0.66829
6458.28,0.66646
6459.18,0.66664
6460.08,0.6668
6460.98,0.66478
6461.89,0.66262
6462.79,0.66415
6463.69,0.66339
6464.59,0.66446
6465.49,0.66231
6466.39,0.66219
6467.29,0.66521
6468.19,0.6667
6469.09,0.66695
6469.99,0.66922
6470.89,0.66681
6471.79,0.66839
6472.69,0.6671
6473.59,0.6669
6474.49,0.66482
6475.39,0.66491
6476.29,0.66539
6477.19,0.66577
6478.09,0.66712
6478.99,0.66436
6479.89,0.66239
6480.79,0.66383
6481.69,0.6623
6482.59,0.66509
6483.49,0.66295
6484.39,0.66279
6485.29,0.66165
6486.19,0.6644
6487.09,0.66052
6487.99,0.66212
6488.89,0.65692
6489.79,0.65833
6490.69,0.65611
6491.59,0.65194
6492.49,0.64664
6493.39,0.64318
6494.29,0.64044
6495.19,0.63556
6496.09,0.63283
6496.99,0.63075
6497.9,0.63277
6498.79,0.63258
6499.7,0.63426
6500.6,0.63632
6501.5,0.63636
6502.4,0.64438
6503.3,0.64684
6504.2,0.64902
6505.1,0.65306
6506.0,0.65528
6506.9,0.65773
6507.8,0.66009
6508.7,0.6589
6509.6,0.65848
6510.5,0.66157
6511.4,0.65785
6512.3,0.6576
6513.2,0.65904
6514.1,0.65613
6515.0,0.65711
6515.9,0.65462
6516.8,0.65058
6517.7,0.65251
6518.6,0.65186
6519.5,0.65063
6520.4,0.65114
6521.3,0.6515
6522.2,0.65196
6523.1,0.65106
6524.0,0.65274
6524.9,0.65342
6525.8,0.65355
6526.7,0.65099
6527.6,0.6529
6528.5,0.6516
6529.4,0.65307
6530.3,0.65131
6531.2,0.65011
6532.1,0.64946
6533.0,0.64896
6533.9,0.64958
6534.8,0.64909
6535.71,0.6496
6536.61,0.64766
6537.51,0.64987
6538.41,0.64857
6539.31,0.64777
6540.21,0.64669
6541.11,0.64334
6542.01,0.642
6542.91,0.64423
6543.81,0.63834
6544.71,0.63774
6545.61,0.63484
6546.51,0.63298
6547.41,0.63095
6548.31,0.62939
6549.21,0.62528
6550.11,0.62325
6551.01,0.62032
6551.91,0.6198
6552.81,0.6156
6553.71,0.61202
6554.61,0.60591
6555.51,0.60193
6556.41,0.59561
6557.31,0.5865
6558.21,0.57645
6559.11,0.56356
6560.01,0.55171
6560.91,0.53929
6561.81,0.52901
6562.71,0.52183
6563.61,0.51532
6564.51,0.51344
6565.41,0.51268
6566.31,0.51866
6567.21,0.52537
6568.11,0.53874
6569.01,0.54709
6569.91,0.55983
6570.81,0.57228
6571.71,0.57949
6572.61,0.58919
6573.52,0.59645
6574.42,0.60149
6575.32,0.60619
6576.22,0.6109
6577.12,0.61365
6578.02,0.61789
6578.92,0.62187
6579.82,0.62249
6580.72,0.62527
6581.62,0.62565
6582.52,0.62957
6583.42,0.63066
6584.32,0.63337
6585.22,0.63199
6586.12,0.63595
6587.02,0.63464
6587.92,0.63454
6588.82,0.63478
6589.72,0.63515
6590.62,0.63557
6591.52,0.63242
6592.42,0.63365
6593.32,0.63225
6594.22,0.63302
6595.12,0.63353
6596.02,0.63567
6596.92,0.63548
6597.82,0.63594
6598.72,0.63592
6599.62,0.63714
6600.52,0.6379
6601.42,0.63984
6602.32,0.64105
6603.22,0.6432
6604.12,0.64116
6605.02,0.64145
6605.92,0.64191
6606.82,0.64128
6607.72,0.64049
6608.62,0.64248
6609.52,0.64113
6610.43,0.6425
6611.33,0.64192
6612.23,0.64181
6613.13,0.64232
6614.03,0.64336
6614.93,0.64518
6615.83,0.64505
6616.73,0.64598
6617.63,0.6461
6618.53,0.64638
6619.43,0.64679
6620.33,0.6528
6621.23,0.64859
6622.13,0.64979
6623.03,0.64771
6623.93,0.65138
6624.83,0.64321
6625.73,0.64624
6626.63,0.6459
6627.53,0.64581
6628.43,0.64493
6629.33,0.64508
6630.23,0.64515
6631.13,0.646
6632.03,0.64378
6632.93,0.64486
6633.83,0.64312
6634.73,0.64233
6635.63,0.64403
6636.53,0.64332
6637.43,0.64189
6638.33,0.64594
6639.23,0.64349
6640.13,0.64473
6641.03,0.64143
6641.93,0.64153
6642.83,0.64381
6643.73,0.64503
6644.63,0.64307
6645.53,0.64417
6646.43,0.64081
6647.34,0.6438
6648.24,0.64269
6649.14,0.64461
6650.04,0.64494
6650.94,0.64435
6651.84,0.64444
6652.74,0.64651
6653.64,0.64811
6654.54,0.64543
6655.44,0.6446
6656.34,0.64564
6657.24,0.64285
6658.14,0.64392
6659.04,0.64417
6659.94,0.64239
6660.84,0.64264
6661.74,0.64157
6662.64,0.63968
6663.54,0.63982
6664.44,0.63919
6665.34,0.63798
6666.24,0.6405
6667.14,0.64204
6668.04,0.63999
6668.94,0.64028
6669.84,0.64467
6670.74,0.64131
6671.64,0.64192
6672.54,0.64385
6673.44,0.64197
6674.34,0.64247
6675.24,0.63922
6676.14,0.63918
6677.04,0.63933
6677.94,0.63615
6678.84,0.63486
6679.74,0.63853
6680.64,0.63465
6681.54,0.63572
6682.44,0.6349
6683.34,0.6395
6684.24,0.6383
6685.15,0.63802
6686.05,0.6389
6686.95,0.64224
6687.85,0.64023
6688.75,0.64101
6689.65,0.64071
6690.55,0.64101
6691.45,0.64089
6692.35,0.64106
6693.25,0.63945
6694.15,0.63957
6695.05,0.63973
6695.95,0.63916
6696.85,0.63726
6697.75,0.63663
6698.65,0.63865
6699.55,0.64053
6700.45,0.6394
6701.35,0.6375
6702.25,0.63843
6703.15,0.63763
6704.05,0.63714
6704.95,0.6382
6705.85,0.63835
6706.75,0.63637
6707.65,0.63469
6708.55,0.63644
6709.45,0.63421
6710.35,0.63765
6711.25,0.63526
6712.15,0.63433
6713.05,0.63346
6713.95,0.6335
6714.85,0.63213
6715.75,0.63407
6716.65,0.63191
6717.55,0.62895
6718.45,0.6272
6719.35,0.63082
6720.25,0.62925
6721.16,0.62972
6722.06,0.63013
6722.96,0.63148
6723.86,0.63073
6724.76,0.63078
6725.66,0.63491
6726.56,0.63373
6727.46,0.63503
6728.36,0.63406
6729.26,0.63596
6730.16,0.63454
6731.06,0.63361
6731.96,0.63439
6732.86,0.63477
6733.76,0.63479
6734.66,0.63507
6735.56,0.63263
6736.46,0.63695
6737.36,0.63312
6738.26,0.6342
6739.16,0.6331
6740.06,0.63273
6740.96,0.63081
6741.86,0.63086
6742.76,0.63273
6743.66,0.63165
6744.56,0.63188
6745.46,0.63053
6746.36,0.6315
6747.26,0.62908
6748.16,0.62768
6749.06,0.62722
6749.96,0.6281
6750.86,0.62888
6751.76,0.63031
6752.66,0.62879
6753.56,0.6284
6754.46,0.62805
6755.36,0.62907
6756.26,0.62756
6757.16,0.63181
6758.06,0.62913
6758.97,0.63266
6759.87,0.63497
6760.77,0.63303
6761.67,0.63253
6762.57,0.63148
6763.47,0.63664
6764.37,0.6334
6765.27,0.62978
6766.17,0.6299
6767.07,0.62972
6767.97,0.62877
6768.87,0.62713
6769.77,0.62719
6770.67,0.62832
6771.57,0.62889
6772.47,0.62747
6773.37,0.62809
6774.27,0.62781
6775.17,0.63053
6776.07,0.6311
6776.97,0.63258
6777.87,0.6335
6778.77,0.63219
6779.67,0.63228
6780.57,0.63243
6781.47,0.63357
6782.37,0.63018
6783.27,0.62973
6784.17,0.63117
6785.07,0.63017
6785.97,0.62734
6786.87,0.62898
6787.77,0.62832
6788.67,0.62465
6789.57,0.62879
6790.47,0.6266
6791.37,0.63099
6792.27,0.62633
6793.17,0.62969
6794.07,0.63008
6794.97,0.62786
6795.88,0.62777
6796.78,0.62723
6797.68,0.62999
6798.58,0.62884
6799.48,0.62924
6800.38,0.62853
6801.28,0.62993
6802.18,0.62914
6803.08,0.63125
6803.98,0.62932
6804.88,0.62785
6805.78,0.62768
6806.68,0.6291
6807.58,0.62681
6808.48,0.62934
6809.38,0.6294
6810.28,0.62578
6811.18,0.62597
6812.08,0.62688
6812.98,0.6269
6813.88,0.62444
6814.78,0.62595
6815.68,0.62458
6816.58,0.62603
6817.48,0.62593
6818.38,0.62434
6819.28,0.62582
6820.18,0.62715
6821.08,0.6258
6821.98,0.6246
6822.88,0.62713
6823.78,0.62633
6824.68,0.62567
6825.58,0.62515
6826.48,0.62751
6827.38,0.62747
6828.28,0.62929
6829.18,0.62555
6830.08,0.62459
6830.98,0.62547
6831.88,0.62513
6832.79,0.62492
6833.69,0.62482
6834.59,0.62476
6835.49,0.62589
6836.39,0.62249
6837.29,0.62566
6838.19,0.62527
6839.09,0.62115
6839.99,0.62109
6840.89,0.62116
6841.79,0.6178
6842.69,0.62008
6843.59,0.61867
6844.49,0.61875
6845.39,0.6226
6846.29,0.62045
6847.19,0.61988
6848.09,0.6192
6848.99,0.62157
6849.89,0.62351
6850.79,0.62191
6851.69,0.62235
6852.59,0.62069
6853.49,0.62091
6854.39,0.6193
6855.29,0.61975
6856.19,0.62085
6857.09,0.61889
6857.99,0.62038
6858.89,0.61961
6859.79,0.61671
6860.69,0.62116
6861.59,0.62172
6862.49,0.62024
6863.39,0.61902
6864.29,0.62015
6865.19,0.61903
6866.09,0.62272
6866.99,0.62244
6867.89,0.61748
6868.79,0.62094
6869.7,0.62335
6870.6,0.62076
6871.5,0.62127
6872.4,0.62002
6873.3,0.62199
6874.2,0.62091
6875.1,0.61759
6876.0,0.62005
6876.9,0.62018
6877.8,0.62177
6878.7,0.62149
6879.6,0.61936
6880.5,0.62259
6881.4,0.61986
6882.3,0.61975
6883.2,0.61954
6884.1,0.61977
6885.0,0.61968
6885.9,0.61836
6886.8,0.62434
6887.7,0.62014
6888.6,0.62096
6889.5,0.62163
6890.4,0.62029
6891.3,0.619
6892.2,0.62167
6893.1,0.6224
6894.0,0.62004
6894.9,0.62049
6895.8,0.62147
6896.7,0.62055
6897.6,0.62023
6898.5,0.61965
6899.4,0.62001
6900.3,0.62094
6901.2,0.6198
6902.1,0.61919
6903.0,0.62252
6903.9,0.62012
6904.8,0.62366
6905.7,0.62432
6906.6,0.62097
6907.51,0.62221
6908.41,0.62105
6909.31,0.62071
6910.21,0.6213
6911.11,0.61894
6912.01,0.61847
6912.91,0.6205
6913.81,0.61617
6914.71,0.61836
6915.61,0.61654
6916.51,0.61656
6917.41,0.61458
6918.31,0.61288
6919.21,0.61511
6920.11,0.61607
6921.01,0.61488
6921.91,0.61526
6922.81,0.61737
6923.71,0.61796
6924.61,0.61857
6925.51,0.61871
6926.41,0.6149
6927.31,0.61941
6928.21,0.62012
6929.11,0.61598
6930.01,0.61543
6930.91,0.61992
6931.81,0.62071
6932.71,0.61887
6933.61,0.62008
6934.51,0.61745
6935.41,0.61617
6936.31,0.61737
6937.21,0.6174
6938.11,0.61639
6939.01,0.61652
6939.91,0.61892
6940.81,0.61801
6941.71,0.61683
6942.61,0.61706
6943.52,0.61525
6944.42,0.6193
6945.31,0.61368
6946.22,0.61355
6947.12,0.61529
6948.02,0.61223
6948.92,0.61661
6949.82,0.61454
6950.72,0.61415
6951.62,0.61541
6952.52,0.61719
6953.42,0.61214
6954.32,0.61511
6955.22,0.61541
6956.12,0.61486
6957.02,0.61317
6957.92,0.61463
6958.82,0.61829
6959.72,0.61668
6960.62,0.61578
6961.52,0.61666
6962.42,0.61611
6963.32,0.61729
6964.22,0.61578
6965.12,0.61654
6966.02,0.61716
6966.92,0.61667
6967.82,0.61605
6968.72,0.61582
6969.62,0.61541
6970.52,0.61467
6971.42,0.61539
6972.32,0.61562
6973.22,0.61422
6974.12,0.6127
6975.02,0.61359
6975.92,0.60774
6976.82,0.60973
6977.72,0.61076
6978.62,0.6089
6979.52,0.60733
6980.42,0.60876
6981.33,0.60657
6982.23,0.60688
6983.12,0.60585
6984.03,0.60715
6984.93,0.61043
6985.83,0.61143
6986.73,0.61098
6987.63,0.61048
6988.53,0.61353
6989.43,0.61419
6990.33,0.61114
6991.23,0.61047
6992.13,0.61548
6993.03,0.61367
6993.93,0.61113
6994.83,0.61261
6995.73,0.61183
6996.63,0.61098
6997.53,0.61172
6998.43,0.61016
6999.33,0.61108
7000.23,0.61079
7001.13,0.6086
7002.03,0.6109
7002.93,0.60989
7003.83,0.6106
7004.73,0.61059
7005.63,0.60952
7006.53,0.60805
7007.43,0.60848
7008.33,0.60829
7009.23,0.60913
7010.13,0.60995
7011.03,0.6085
7011.93,0.60685
7012.83,0.6072
7013.73,0.61042
7014.63,0.608
7015.53,0.60667
7016.43,0.60839
7017.33,0.60678
7018.23,0.60872
7019.14,0.60521
7020.04,0.60587
7020.94,0.60728
7021.84,0.60366
7022.74,0.60773
7023.64,0.60693
7024.54,0.60675
7025.44,0.60791
7026.34,0.60676
7027.24,0.60677
7028.14,0.60841
7029.04,0.60922
7029.94,0.60713
7030.84,0.60833
7031.74,0.60864
7032.64,0.60771
7033.54,0.60857
7034.44,0.60671
7035.34,0.6096
7036.24,0.60644
7037.14,0.60592
7038.04,0.60857
7038.94,0.60852
7039.84,0.60745
7040.74,0.61037
7041.64,0.61076
7042.54,0.61024
7043.44,0.61017
7044.34,0.61027
7045.24,0.61261
7046.14,0.61347
7047.04,0.61218
7047.94,0.61188
7048.84,0.61218
7049.74,0.61114
7050.64,0.60993
7051.54,0.61188
7052.44,0.60887
7053.34,0.60969
7054.25,0.60946
7055.15,0.60856
7056.04,0.6072
7056.95,0.60565
7057.85,0.60693
7058.75,0.60523
7059.65,0.60893
7060.55,0.60425
7061.45,0.60559
7062.35,0.60553
7063.25,0.60659
7064.15,0.60429
7065.05,0.6055
7065.95,0.60615
7066.85,0.606
7067.75,0.60308
7068.65,0.60338
7069.55,0.60657
7070.45,0.60684
7071.35,0.60351
7072.25,0.60439
7073.15,0.60589
7074.05,0.60604
7074.95,0.60873
7075.85,0.60705
7076.75,0.60934
7077.65,0.60803
7078.55,0.60599
7079.45,0.60745
7080.35,0.60879
7081.25,0.60338
7082.15,0.605
7083.05,0.60113
7083.95,0.60062
7084.85,0.59863
7085.75,0.59618
7086.65,0.59356
7087.55,0.59313
7088.45,0.59183
7089.35,0.58909
7090.25,0.5921
7091.15,0.58717
7092.06,0.58864
7092.96,0.59062
7093.85,0.5893
7094.76,0.58923
7095.66,0.58926
7096.56,0.58939
7097.46,0.59058
7098.36,0.59234
7099.26,0.59184
7100.16,0.59072
7101.06,0.59507
7101.96,0.59362
7102.86,0.59619
7103.76,0.59551
7104.66,0.59625
7105.56,0.59828
7106.46,0.59922
7107.36,0.59712
7108.26,0.59996
7109.16,0.5983
7110.06,0.59745
7110.96,0.59704
7111.86,0.59812
7112.76,0.59809
7113.66,0.59776
7114.56,0.59915
7115.46,0.60017
7116.36,0.59752
7117.26,0.5987
7118.16,0.59504
7119.06,0.59873
7119.96,0.59941
7120.86,0.59637
7121.76,0.59931
7122.66,0.59601
7123.56,0.59603
7124.46,0.5946
7125.36,0.59299
7126.26,0.59193
7127.16,0.59431
7127.27,0.59538
7128.17,0.59297
7129.07,0.59147
7129.96,0.59403
7130.86,0.59343
7131.75,0.59026
7132.65,0.59032
7133.55,0.58827
7134.44,0.59024
7135.34,0.59246
7136.23,0.58887
7137.13,0.59228
7138.03,0.59141
7138.92,0.59125
7139.82,0.59094
7140.71,0.59034
7141.61,0.58788
7142.5,0.58894
7143.4,0.58983
7144.3,0.58672
7145.19,0.58986
7146.09,0.58526
7146.98,0.58766
7147.88,0.58632
7148.78,0.58453
7149.67,0.58337
7150.57,0.58413
7151.46,0.58502
7152.36,0.58642
7153.26,0.58727
7154.15,0.58699
7155.05,0.58768
7155.94,0.58885
7156.84,0.59139
7157.74,0.59179
7158.63,0.59216
7159.53,0.59228
7160.42,0.59573
7161.32,0.59538
7162.21,0.59979
7163.11,0.60024
7164.01,0.60086
7164.9,0.60281
7165.8,0.60569
7166.69,0.60495
7167.59,0.60928
7168.49,0.61011
7169.38,0.61117
7170.28,0.61325
7171.17,0.61413
7172.07,0.61573
7172.96,0.61247
7173.86,0.61492
7174.76,0.61301
7175.65,0.6154
7176.55,0.61318
7177.44,0.61414
7178.34,0.61372
7179.24,0.61076
7180.13,0.61136
7181.03,0.6113
7181.92,0.60769
7182.82,0.60941
7183.72,0.60734
7184.61,0.60578
7185.51,0.60453
7186.4,0.60809
7187.3,0.60549
7188.19,0.60571
7189.09,0.6076
7189.99,0.606
7190.88,0.60588
7191.78,0.60767
7192.67,0.60447
7193.57,0.60607
7194.47,0.60605
7195.36,0.60542
7196.26,0.60859
7197.15,0.60914
7198.05,0.60653
7198.95,0.60954
7199.84,0.60785
7200.74,0.6075
7201.63,0.60739
7202.53,0.60674
7203.43,0.60518
7204.32,0.60675
7205.22,0.60332
7206.11,0.60575
7207.01,0.60734
7207.9,0.60503
7208.8,0.60514
7209.7,0.60449
7210.59,0.60442
7211.49,0.60256
7212.38,0.60669
7213.28,0.60388
7214.18,0.60708
7215.07,0.60928
7215.97,0.61067
7216.86,0.60836
7217.76,0.60706
7218.66,0.60918
7219.55,0.6098
7220.45,0.6113
7221.34,0.60884
7222.24,0.60945
7223.13,0.60764
7224.03,0.61131
7224.93,0.61154
7225.82,0.61211
7226.72,0.61032
7227.61,0.61196
7228.51,0.6113
7229.41,0.61301
7230.3,0.61383
7231.2,0.61374
7232.09,0.61324
7232.99,0.61587
7233.89,0.6138
7234.78,0.61501
7235.68,0.61257
7236.57,0.61295
7237.47,0.61371
7238.36,0.6141
7239.26,0.61256
7240.16,0.61279
7241.05,0.61092
7241.95,0.61116
7242.84,0.61156
7243.74,0.60943
7244.64,0.60973
7245.53,0.60799
7246.43,0.60789
7247.32,0.60886
7248.22,0.60806
7249.12,0.60885
7250.01,0.60928
7250.91,0.60812
7251.8,0.60718
7252.7,0.60721
7253.6,0.60892
7254.49,0.60825
7255.39,0.60917
7256.28,0.60822
7257.18,0.61096
7258.07,0.60684
7258.97,0.60884
7259.87,0.60572
7260.76,0.60816
7261.66,0.60902
7262.55,0.60934
7263.45,0.60811
7264.35,0.60576
7265.24,0.6076
7266.14,0.60872
7267.03,0.60746
7267.93,0.60595
7268.83,0.60786
7269.72,0.60667
7270.62,0.60899
7271.51,0.60866
7272.41,0.60687
7273.3,0.61014
7274.2,0.60697
7275.1,0.60756
7275.99,0.60634
7276.89,0.60846
7277.78,0.60913
7278.68,0.60678
7279.58,0.60738
7280.47,0.6042
7281.37,0.60571
7282.26,0.60513
7283.16,0.60225
7284.06,0.60146
7284.95,0.6003
7285.85,0.60359
7286.74,0.59935
7287.64,0.59741
7288.53,0.59835
7289.43,0.59726
7290.33,0.59801
7291.22,0.59892
7292.12,0.59635
7293.01,0.59643
7293.91,0.59817
7294.81,0.59671
7295.7,0.59852
7296.6,0.60031
7297.49,0.59911
7298.39,0.60184
7299.29,0.60032
7300.18,0.60073
7301.08,0.60253
7301.97,0.60414
7302.87,0.60267
7303.76,0.6008
7304.66,0.60254
7305.56,0.60231
7306.45,0.6006
7307.35,0.60155
7308.24,0.60258
7309.14,0.59888
7310.04,0.60075
7310.93,0.60053
7311.83,0.60159
7312.72,0.60182
7313.62,0.60013
7314.52,0.60188
7315.41,0.59846
7316.31,0.60214
7317.2,0.60029
7318.1,0.60023
7318.99,0.60074
7319.89,0.59865
7320.79,0.59671
7321.68,0.59989
7322.58,0.59955
7323.47,0.59667
7324.37,0.59343
7325.27,0.59718
7326.16,0.59307
7327.06,0.59513
7327.95,0.59245
7328.85,0.5952
7329.75,0.59647
7330.64,0.59605
7331.54,0.59346
7332.43,0.59676
7333.33,0.59568
7334.22,0.59562
7335.12,0.59644
7336.02,0.59859
7336.91,0.59859
7337.81,0.59763
7338.7,0.59912
7339.6,0.59915
7340.5,0.59807
7341.39,0.59745
7342.29,0.59801
7343.18,0.59561
7344.08,0.59548
7344.98,0.59516
7345.87,0.59716
7346.77,0.59252
7347.66,0.59438
7348.56,0.59406
7349.45,0.59241
7350.35,0.59411
7351.25,0.59031
7352.14,0.5912
7353.04,0.59105
7353.93,0.59099
7354.83,0.58935
7355.73,0.58726
7356.62,0.58994
7357.52,0.58783
7358.41,0.58588
7359.31,0.58766
7360.21,0.58567
7361.1,0.58637
7362.0,0.58843
7362.89,0.58415
7363.79,0.58705
7364.69,0.58567
7365.58,0.58697
7366.48,0.58415
7367.37,0.58807
7368.27,0.5879
7369.16,0.58763
7370.06,0.58878
7370.96,0.58806
7371.85,0.58671
7372.75,0.58755
7373.64,0.59032
7374.54,0.58849
7375.44,0.58866
7376.33,0.58979
7377.23,0.58961
7378.12,0.58862
7379.02,0.58855
7379.92,0.58521
7380.81,0.58234
7381.71,0.58411
7382.6,0.5854
7383.5,0.58327
7384.39,0.5834
7385.29,0.5805
7386.19,0.57911
7387.08,0.57863
7387.98,0.57848
7388.87,0.57888
7389.77,0.57605
7390.67,0.57355
7391.56,0.57497
7392.46,0.57526
7393.35,0.57564
7394.25,0.57738
7395.15,0.57747
7396.04,0.57783
7396.94,0.57687
7397.83,0.57897
7398.73,0.5768
7399.62,0.57953
7400.52,0.57894
7401.42,0.57762
7402.31,0.57637
7403.21,0.57993
7404.1,0.57652
7405.0,0.57558
7405.9,0.57663
7406.79,0.57447
7407.69,0.57146
7408.58,0.56981
7409.48,0.56809
7410.38,0.56584
7411.27,0.56363
7412.17,0.56347
7413.06,0.56051
7413.96,0.55905
7414.85,0.55767
7415.75,0.55642
7416.65,0.55595
7417.54,0.55549
7418.44,0.55509
7419.33,0.55746
7420.23,0.55528
7421.13,0.55922
7422.02,0.56234
7422.92,0.55933
7423.81,0.56408
7424.71,0.56455
7425.6,0.56572
7426.5,0.566
7427.4,0.57034
7428.29,0.57148
7429.19,0.57143
7431.68,0.57425
7434.18,0.57908
7436.67,0.57779
7439.17,0.58004
7441.66,0.57713
7444.16,0.57662
7446.66,0.57196
7449.15,0.57484
7451.65,0.577
7454.14,0.57642
7456.64,0.579
7459.13,0.57833
7461.63,0.57585
7464.12,0.57693
7466.62,0.57906
7469.11,0.57685
7471.61,0.58013
7474.1,0.57519
7476.6,0.57598
7479.09,0.5754
7481.59,0.5762
7484.08,0.57784
7486.58,0.57393
7489.07,0.57395
7491.57,0.57194
7494.06,0.57157
7496.56,0.56986
7499.05,0.5708
7501.55,0.57297
7504.04,0.57278
7506.54,0.57346
7509.03,0.57249
7511.53,0.5699
7514.02,0.56991
7516.52,0.57222
7519.01,0.57165
7521.51,0.57108
7524.0,0.57021
7526.5,0.57055
7528.99,0.56915
7531.49,0.5722
7533.99,0.57123
7536.48,0.57137
7538.98,0.57243
7541.47,0.57155
7543.97,0.57154
7546.46,0.57174
7548.96,0.57018
7551.45,0.57116
7553.95,0.56907
7556.44,0.56782
7558.94,0.56784
7561.43,0.56799
7563.93,0.56758
7566.42,0.56861
7568.92,0.5684
7571.41,0.56716
7573.91,0.56826
7576.4,0.56816
7578.9,0.56678
7581.39,0.5653
7583.89,0.56406
7586.38,0.56411
7588.88,0.56373
7591.37,0.56467
7593.87,0.56463
7596.36,0.56739
7598.86,0.56673
7601.35,0.56442
7603.85,0.56426
7606.34,0.56482
7608.84,0.56369
7611.33,0.56318
7613.83,0.56165
7616.33,0.56044
7618.82,0.55915
7621.32,0.55979
7623.81,0.56129
7626.31,0.56088
7628.8,0.56269
7631.3,0.56447
7633.79,0.56516
7636.29,0.56364
7638.78,0.56283
7641.28,0.56362
7643.77,0.56279
7646.27,0.56276
7648.76,0.5602
7651.26,0.55917
7653.75,0.55653
7656.25,0.55296
7658.74,0.54924
7661.24,0.54454
7663.73,0.54218
7666.23,0.5424
7668.72,0.54457
7671.22,0.54914
7673.71,0.55356
7676.21,0.55529
7678.7,0.55808
7681.2,0.558
7683.69,0.55706
7686.19,0.55613
7688.69,0.55554
7691.18,0.55512
7693.68,0.55395
7696.17,0.55063
7698.67,0.54929
7701.16,0.54813
7703.66,0.55047
7706.15,0.55118
7708.65,0.55131
7711.14,0.55139
7713.64,0.54905
7716.13,0.54767
7718.63,0.5499
7721.12,0.55144
7723.62,0.55097
7726.11,0.55256
7728.61,0.5525
7731.1,0.5541
7733.6,0.55566
7736.09,0.55647
7738.59,0.55458
7741.08,0.55501
7743.58,0.55277
7746.07,0.55102
7748.57,0.54826
7751.06,0.54652
7753.56,0.54823
7756.05,0.55359
7758.55,0.55359
7761.04,0.55451
7763.54,0.55512
7766.03,0.55634
7768.53,0.55517
7771.03,0.55581
7773.52,0.55532
7776.02,0.55387
7778.51,0.55359
7781.01,0.55229
7783.5,0.55107
7786.0,0.55115
7788.49,0.54829
7790.99,0.5497
7793.48,0.54941
7795.98,0.54699
7798.47,0.54834
7800.97,0.5474
7803.46,0.54823
7805.96,0.54874
7808.45,0.54856
7810.95,0.54758
7813.44,0.54791
7815.94,0.54943
7818.43,0.55113
7820.93,0.54973
7823.42,0.54969
7825.92,0.54962
7828.41,0.5458
7830.91,0.54508
7833.4,0.54311
7835.9,0.54204
7838.39,0.54116
7840.89,0.54359
7843.38,0.54366
7845.88,0.54373
7848.38,0.54409
7850.87,0.54217
7853.37,0.5433
7855.86,0.5429
7858.36,0.54317
7860.85,0.5444
7863.35,0.54361
7865.84,0.54327
7868.34,0.54454
7870.83,0.54266
7873.33,0.54432
7875.82,0.5425
7878.32,0.5426
7880.81,0.54101
7883.31,0.54218
7885.8,0.54132
7888.3,0.5416
7890.79,0.54047
7893.29,0.54035
7895.78,0.54033
7898.28,0.53997
7900.77,0.53913
7903.27,0.53965
7905.76,0.53748
7908.26,0.53664
7910.75,0.53475
7913.25,0.53125
7915.74,0.53136
7918.24,0.53219
7920.73,0.5316
7923.23,0.5346
7925.73,0.53276
7928.22,0.53286
7930.71,0.53013
7933.21,0.52908
7935.71,0.52836
7938.2,0.52699
7940.7,0.52539
7943.19,0.52441
7945.69,0.52442
7948.18,0.52383
7950.68,0.52653
7953.17,0.52983
7955.67,0.53008
7958.16,0.53037
7960.66,0.5306
7963.15,0.5318
7965.65,0.53089
7968.14,0.53024
7970.64,0.53032
7973.13,0.52972
7975.63,0.53013
7978.12,0.52877
7980.62,0.52841
7983.11,0.52778
7985.61,0.52659
7988.1,0.52632
7990.6,0.52624
7993.09,0.52465
7995.59,0.52357
7998.08,0.52516
8000.58,0.52482
8003.07,0.5247
8005.57,0.52609
8008.06,0.52695
8010.56,0.52825
8013.06,0.5292
8015.55,0.52987
8018.05,0.52864
8020.54,0.52941
8023.04,0.52699
8025.53,0.52402
8028.03,0.52381
8030.52,0.52324
8033.02,0.52416
8035.51,0.52422
8038.01,0.52484
8040.5,0.52489
8043.0,0.52243
8045.49,0.52055
8047.99,0.51849
8050.48,0.51815
8052.98,0.5198
8055.47,0.52055
8057.97,0.52174
8060.46,0.52403
8062.96,0.5223
8065.45,0.52105
8067.95,0.52042
8070.44,0.5184
8072.94,0.51797
8075.43,0.51736
8077.93,0.51797
8080.42,0.51811
8082.92,0.51654
8085.41,0.51716
8087.91,0.5151
8090.4,0.51634
8092.9,0.51571
8095.4,0.51429
8097.89,0.51535
8100.39,0.51546
8102.88,0.51566
8105.38,0.51648
8107.87,0.51598
8110.37,0.51586
8112.86,0.51613
8115.36,0.51577
8117.85,0.51485
8120.35,0.51468
8122.84,0.5157
8125.34,0.51441
8127.83,0.51508
8130.33,0.51532
8132.82,0.51707
8135.32,0.5146
8137.81,0.51505
8140.31,0.5145
8142.8,0.51421
8145.3,0.51411
8147.79,0.51464
8150.29,0.51367
8152.78,0.51278
8155.28,0.51284
8157.77,0.51485
8160.27,0.51336
8162.76,0.51207
8165.26,0.51307
8167.75,0.5133
8170.25,0.51329
8172.75,0.51225
8175.24,0.5125
8177.74,0.51018
8180.23,0.50892
8182.73,0.50577
8185.22,0.50584
8187.72,0.50541
8190.21,0.50382
8192.71,0.50453
8195.2,0.50192
8197.7,0.50144
8200.19,0.50191
8202.69,0.50341
8205.18,0.50434
8207.68,0.50504
8210.17,0.50554
8212.67,0.50577
8215.16,0.50609
8217.66,0.5056
8220.15,0.50667
8222.65,0.5063
8225.14,0.50626
8227.64,0.50878
8230.13,0.50754
8232.63,0.50836
8235.12,0.50785
8237.62,0.50701
8240.11,0.50643
8242.61,0.50658
8245.1,0.50584
8247.6,0.50562
8250.1,0.50545
8252.59,0.5065
8255.08,0.50495
8257.58,0.50605
8260.08,0.50751
8262.57,0.50719
8265.07,0.50724
8267.56,0.50764
8270.06,0.50718
8272.55,0.50687
8275.05,0.50626
8277.54,0.50615
8280.04,0.50636
8282.53,0.50621
8285.03,0.50681
8287.52,0.50545
8290.02,0.50437
8292.51,0.50484
8295.01,0.50292
8297.5,0.50494
8300.0,0.50247
8302.49,0.50139
8304.99,0.50033
8307.48,0.50038
8309.98,0.49998
8312.47,0.50006
8314.97,0.49968
8317.46,0.50164
8319.96,0.49993
8322.46,0.49977
8324.95,0.49751
8327.44,0.49542
8329.94,0.49266
8332.43,0.49298
8334.93,0.49355
8337.43,0.49254
8339.92,0.49474
8342.42,0.49484
8344.91,0.49573
8347.41,0.49683
8349.9,0.49626
8352.4,0.49631
8354.89,0.49729
8357.39,0.49735
8359.88,0.49665
8362.38,0.4957
8364.87,0.49551
8367.37,0.4946
8369.86,0.49497
8372.36,0.49578
8374.85,0.49575
8377.35,0.49443
8379.84,0.49209
8382.34,0.49073
8384.83,0.48838
8387.33,0.4879
8389.82,0.4877
8392.32,0.48981
8394.81,0.49076
8397.31,0.4923
8399.8,0.49368
8402.3,0.49392
8404.79,0.49557
8407.29,0.49516
8409.79,0.49433
8412.28,0.49329
8414.78,0.49256
8417.27,0.49152
8419.77,0.49137
8422.26,0.49126
8424.76,0.49154
8427.25,0.48962
8429.75,0.48736
8432.24,0.48544
8434.74,0.4844
8437.23,0.48377
8439.73,0.48509
8442.22,0.48566
8444.72,0.48752
8447.21,0.48953
8449.71,0.49083
8452.2,0.48997
8454.7,0.49065
8457.19,0.49077
8459.69,0.4895
8462.18,0.48779
8464.68,0.48485
8467.17,0.48402
8469.67,0.48168
8472.16,0.48235
8474.66,0.48265
8477.15,0.48481
8479.65,0.48617
8482.14,0.48711
8484.64,0.48778
8487.13,0.4853
8489.63,0.483
8492.12,0.47623
8494.62,0.46717
8497.12,0.45743
8499.61,0.45023
8502.11,0.44974
8504.6,0.4565
8507.1,0.46317
8509.59,0.46901
8512.09,0.47201
8514.58,0.47305
8517.08,0.47382
8519.57,0.47594
8522.07,0.47574
8524.56,0.47743
8527.06,0.47835
8529.55,0.47514
8532.05,0.46969
8534.54,0.46204
8537.04,0.44494
8539.53,0.42438
8542.03,0.40773
8544.52,0.40101
8547.02,0.40658
8549.51,0.42187
8552.01,0.43972
8554.5,0.45452
8557.0,0.46522
8559.49,0.47116
8561.99,0.47364
8564.48,0.47497
8566.98,0.4762
8569.47,0.4779
8571.97,0.47751
8574.47,0.47756
8576.96,0.47649
8579.46,0.47799
8581.95,0.47773
8584.45,0.47557
8586.94,0.47484
8589.44,0.47354
8591.93,0.47212
8594.43,0.47027
8596.92,0.46746
8599.42,0.46594
8601.91,0.46596
8604.41,0.46651
8606.9,0.46689
8609.4,0.4685
8611.89,0.46859
8614.39,0.46868
8616.88,0.47021
8619.38,0.47019
8621.87,0.46971
8624.37,0.47045
8626.86,0.47167
8629.36,0.47174
8631.85,0.47277
8634.35,0.47365
8636.84,0.47381
8639.34,0.47422
8641.83,0.47406
8644.33,0.47215
8646.83,0.47137
8649.32,0.46728
8651.82,0.46287
8654.31,0.45314
8656.8,0.44077
8659.3,0.42414
8661.8,0.40938
8664.29,0.4006
8666.79,0.40282
8669.28,0.41509
8671.78,0.4303
8674.27,0.44229
8676.77,0.45171
8679.26,0.45791
8681.76,0.46086
8684.25,0.46161
8686.75,0.46265
8689.24,0.46146
8691.74,0.46196
8694.23,0.46256
8696.73,0.46436
8699.22,0.4659
8701.72,0.46614
8704.21,0.46728
8706.71,0.46728
8709.2,0.46603
8711.7,0.46584
8714.19,0.46595
8716.69,0.46589
8719.18,0.4675
8721.68,0.46732
8724.17,0.46768
8726.67,0.46789
8729.17,0.46791
8731.66,0.46569
8734.16,0.46441
8736.65,0.46254
8739.15,0.46009
8741.64,0.45745
8744.14,0.45496
8746.63,0.45127
8749.13,0.44775
8751.62,0.44533
8754.12,0.44507
8756.61,0.4461
8759.11,0.44945
8761.6,0.45284
8764.1,0.45492
8766.59,0.45789
8769.09,0.45963
8771.58,0.46118
8774.08,0.46191
8776.57,0.46133
8779.07,0.4627
8781.56,0.46219
8784.06,0.4633
8786.55,0.46349
8789.05,0.46226
8791.54,0.46137
8794.04,0.46064
8796.53,0.46011
8799.03,0.45969
8801.52,0.45844
8804.02,0.45543
8806.51,0.45167
8809.01,0.45104
8811.5,0.45214
8814.0,0.45534
8816.5,0.45791
8818.99,0.45914
8821.49,0.45971
8823.98,0.45792
8826.48,0.45792
8828.97,0.45859
8831.47,0.46037
8833.96,0.46067
8836.46,0.46002
8838.95,0.46121
8841.45,0.4595
8843.94,0.45907
8846.44,0.46002
8848.93,0.45877
8851.43,0.4587
8853.92,0.45504
8856.42,0.4525
8858.91,0.44754
8861.41,0.44446
8863.9,0.44061
8866.4,0.43944
8868.89,0.4415
8871.39,0.44416
8873.88,0.44814
8876.38,0.45109
8878.87,0.45417
8881.37,0.45661
8883.87,0.45795
8886.36,0.45823
8888.86,0.45889
8891.35,0.45922
8893.84,0.4601
8896.34,0.45943
8898.84,0.45965
8901.33,0.45908
8903.83,0.45897
8906.32,0.45941
8908.82,0.45799
8911.31,0.45575
8913.81,0.4556
8916.3,0.45484
8918.8,0.45497
8921.29,0.45284
8923.79,0.45179
8926.28,0.45213
8928.78,0.45101
8931.27,0.45324
8933.77,0.45223
8936.26,0.45387
8938.76,0.45289
8941.25,0.45229
8943.75,0.4522
8946.24,0.45191
8948.74,0.45204
8951.23,0.45292
8953.73,0.45391
8956.22,0.45406
8958.72,0.45552
8961.21,0.45561
8963.71,0.45526
8966.2,0.45448
8968.7,0.45236
8971.2,0.45188
8973.69,0.45078
8976.19,0.45037
8978.68,0.45049
8981.18,0.45088
8983.67,0.44957
8986.17,0.45106
8988.66,0.45135
8991.16,0.45123
8993.65,0.44863
8996.15,0.44741
8998.64,0.44385
9001.14,0.44109
9003.63,0.43829
9006.13,0.43389
9008.62,0.43003
9011.12,0.42405
9013.61,0.41969
9016.11,0.41894
9018.6,0.41791
9021.1,0.42147
9023.59,0.42679
9026.09,0.43038
9028.58,0.43439
9031.08,0.4387
9033.57,0.44136
9036.07,0.44299
9038.56,0.44459
9041.06,0.4457
9043.55,0.44639
9046.05,0.44757
9048.54,0.44694
9051.04,0.44776
9053.54,0.44655
9056.03,0.44545
9058.53,0.4437
9061.02,0.44239
9063.52,0.44255
9066.01,0.4418
9068.51,0.4429
9071.0,0.44291
9073.5,0.44379
9075.99,0.44314
9078.49,0.44173
9080.98,0.44072
9083.48,0.43734
9085.97,0.43553
9088.47,0.43407
9090.96,0.43222
9093.46,0.4334
9095.95,0.43376
9098.45,0.43584
9100.94,0.43716
9103.44,0.44004
9105.93,0.43968
9108.43,0.4397
9110.92,0.43968
9113.42,0.43829
9115.91,0.43828
9118.41,0.43614
9120.9,0.43708
9123.4,0.43844
9125.89,0.43799
9128.39,0.43964
9130.88,0.4409
9133.38,0.43932
9135.88,0.43918
9138.37,0.438
9140.87,0.43582
9143.36,0.43401
9145.86,0.43375
9148.35,0.43217
9150.85,0.4332
9153.34,0.43361
9155.84,0.43346
9158.33,0.43377
9160.83,0.43431
9163.32,0.43343
9165.82,0.43181
9168.31,0.42934
9170.81,0.42873
9173.3,0.4282
9175.8,0.42691
9178.29,0.42838
9180.79,0.42761
9183.28,0.42872
9185.78,0.42938
9188.27,0.42926
9190.77,0.4291
9193.26,0.42775
9195.76,0.4266
9198.25,0.42771
9200.75,0.42597
9203.24,0.42652
9205.74,0.42537
9208.24,0.42363
9210.73,0.42183
9213.23,0.41959
9215.72,0.41679
9218.22,0.41656
9220.71,0.41382
9223.21,0.41257
9225.7,0.40854
9228.2,0.40634
9230.69,0.40563
9233.19,0.40556
9235.68,0.40693
9238.18,0.41083
9240.67,0.41391
9243.17,0.41639
9245.66,0.41778
9248.16,0.41907
9250.65,0.41836
9253.15,0.41864
9255.64,0.41894
9258.14,0.41877
9260.63,0.4193
9263.13,0.42093
9265.62,0.42164
9268.12,0.42263
9270.61,0.42355
9273.11,0.42443
9275.6,0.42271
9278.1,0.42317
9280.59,0.42126
9283.09,0.42137
9285.58,0.42033
9288.08,0.41949
9290.58,0.41981
9293.07,0.41918
9295.57,0.41897
9298.06,0.41987
9300.56,0.42055
9303.05,0.42034
9305.55,0.42005
9308.04,0.42021
9310.54,0.41989
9313.03,0.41878
9315.53,0.42011
9318.02,0.41989
9320.52,0.41914
9323.01,0.41952
9325.51,0.42032
9328.0,0.4199
9330.5,0.42043
9332.99,0.42035
9335.49,0.42072
9337.98,0.42081
9340.48,0.41998
9342.97,0.41967
9345.47,0.4194
9347.96,0.41935
9350.46,0.41744
9352.95,0.41652
9355.45,0.41503
9357.94,0.41513
9360.44,0.41355
9362.93,0.41421
9365.43,0.41322
9367.92,0.4128
9370.42,0.41401
9372.92,0.41355
9375.41,0.41393
9377.91,0.41349
9380.4,0.41362
9382.9,0.41453
9385.39,0.4139
9387.89,0.41449
9390.38,0.41387
9392.88,0.41307
9395.37,0.41346
9397.87,0.4124
9400.36,0.41118
9402.86,0.41
9405.35,0.4084
9407.85,0.40566
9410.34,0.40461
9412.84,0.40354
9415.33,0.40313
9417.83,0.40428
9420.32,0.40518
9422.82,0.40772
9425.31,0.40828
9427.81,0.4088
9430.3,0.40903
9432.8,0.40857
9435.29,0.40698
9437.79,0.40758
9440.28,0.40604
9442.78,0.40658
9445.27,0.40538
9447.77,0.40593
9450.27,0.40697
9452.76,0.40667
9455.25,0.40721
9457.75,0.40685
9460.25,0.40789
9462.74,0.4083
9465.24,0.40755
9467.73,0.4084
9470.23,0.40768
9472.72,0.40788
9475.22,0.40778
9477.71,0.40693
9480.21,0.407
9482.7,0.4076
9485.2,0.4077
9487.69,0.40738
9490.19,0.40684
9492.68,0.40787
9495.18,0.40695
9497.67,0.40602
9500.17,0.40623
9502.66,0.40544
9505.16,0.40587
9507.65,0.40478
9510.15,0.40494
9512.64,0.40452
9515.14,0.40573
9517.63,0.40467
9520.13,0.40456
9522.62,0.40515
9525.12,0.4044
9527.61,0.40313
9530.11,0.40114
9532.61,0.39988
9535.1,0.39718
9537.6,0.39408
9540.09,0.39036
9542.59,0.38663
9545.08,0.38294
9547.58,0.38176
9550.07,0.38153
9552.57,0.38471
9555.06,0.38855
9557.56,0.39215
9560.05,0.39542
9562.55,0.39737
9565.04,0.39807
9567.54,0.39852
9570.03,0.39897
9572.53,0.3989
9575.02,0.39949
9577.52,0.39885
9580.01,0.39996
9582.51,0.39991
9585.0,0.40083
9587.5,0.40079
9589.99,0.4005
9592.49,0.39938
9594.98,0.39953
9597.48,0.3992
9599.97,0.39775
9602.47,0.39607
9604.96,0.39639
9607.46,0.39705
9609.96,0.39806
9612.45,0.39837
9614.95,0.39944
9617.44,0.39851
9619.94,0.39769
9622.43,0.39856
9624.93,0.39764
9627.42,0.39748
9629.92,0.39708
9632.41,0.3972
9634.91,0.39551
9637.4,0.39527
9639.9,0.39396
9642.39,0.39375
9644.89,0.39366
9647.38,0.39434
9649.88,0.39399
9652.37,0.39353
9654.87,0.39368
9657.36,0.39295
9659.86,0.39335
9662.35,0.39378
9664.85,0.39453
9667.34,0.39336
9669.84,0.39332
9672.33,0.39303
9674.83,0.39276
9677.32,0.39214
9679.82,0.39225
9682.31,0.39227
9684.81,0.39298
9687.3,0.39327
9689.8,0.39196
9692.29,0.3922
9694.79,0.39143
9697.29,0.39319
9699.78,0.39245
9702.28,0.39168
9704.77,0.3912
9707.27,0.39001
9709.76,0.3904
9712.26,0.39134
9714.75,0.38967
9717.25,0.39125
9719.74,0.39106
9722.24,0.39087
9724.73,0.38972
9727.23,0.38915
9729.72,0.38924
9732.22,0.38874
9734.71,0.38873
9737.21,0.38861
9739.7,0.38715
9742.2,0.38732
9744.69,0.38703
9747.19,0.38762
9749.68,0.38756
9752.18,0.38763
9754.67,0.38909
9757.17,0.38992
9759.66,0.38957
9762.16,0.38798
9764.65,0.3878
9767.15,0.38821
9769.64,0.38801
9772.14,0.38659
9774.64,0.38701
9777.13,0.38708
9779.63,0.38664
9782.12,0.38437
9784.62,0.38389
9787.11,0.38272
9789.61,0.38353
9792.1,0.38414
9794.6,0.38517
9797.09,0.38701
9799.59,0.38698
9802.08,0.38804
9804.58,0.3876
9807.07,0.387
9809.57,0.38829
9812.06,0.38867
9814.56,0.38776
9817.05,0.38739
9819.55,0.3879
9822.04,0.38829
9824.54,0.38806
9827.03,0.38628
9829.53,0.38724
9832.02,0.38729
9834.52,0.38634
9837.01,0.38624
9839.51,0.38684
9842.0,0.38692
9844.5,0.38661
9847.0,0.38685
9849.49,0.3858
9851.99,0.38544
9854.48,0.38579
9856.98,0.38515
9859.47,0.38507
9861.97,0.38532
9864.46,0.3842
9866.96,0.38449
9869.45,0.38458
9871.95,0.38488
9874.44,0.3845
9876.94,0.38418
9879.43,0.38382
9881.93,0.38366
9884.42,0.3835
9886.92,0.38259
9889.41,0.3823
9891.91,0.38117
9894.4,0.38128
9896.9,0.38124
9899.39,0.3827
9901.89,0.38198
9904.38,0.38036
9906.88,0.38108
9909.37,0.38154
9911.87,0.38155
9914.36,0.3809
9916.86,0.38003
9919.35,0.38053
9921.85,0.37925
9924.34,0.3801
9926.84,0.37905
9929.33,0.37957
9931.83,0.37889
9934.33,0.37803
9936.82,0.37986
9939.32,0.37846
9941.81,0.37865
9944.31,0.37854
9946.8,0.37844
9949.3,0.3793
9951.79,0.3786
9954.29,0.37914
9956.78,0.37909
9959.28,0.37865
9961.77,0.37869
9964.27,0.37946
9966.76,0.37872
9969.26,0.37867
9971.75,0.37871
9974.25,0.37861
9976.74,0.37788
9979.24,0.37801
9981.73,0.37871
9984.23,0.37673
9986.72,0.37605
9989.22,0.37694
9991.71,0.37516
9994.21,0.37683
9996.7,0.37565
9999.2,0.37517
10001.7,0.37512
10004.2,0.3752
10006.7,0.37466
10009.2,0.37608
10011.7,0.3753
10014.2,0.37499
10016.7,0.3757
10019.2,0.37577
10021.7,0.37533
10024.2,0.37459
10026.6,0.37502
10029.1,0.37335
10031.6,0.37155
10034.1,0.37031
10036.6,0.36773
10039.1,0.36622
10041.6,0.36336
10044.1,0.36143
10046.6,0.35784
10049.1,0.35675
10051.6,0.35464
10054.1,0.35479
10056.6,0.35657
10059.1,0.35862
10061.6,0.3613
10064.1,0.36393
10066.6,0.36524
10069.1,0.36629
10071.6,0.36857
10074.1,0.3684
10076.5,0.36911
10079.0,0.36943
10081.5,0.36998
10084.0,0.36989
10086.5,0.3702
10089.0,0.37034
10091.5,0.37156
10094.0,0.3718
10096.5,0.37153
10099.0,0.37099
10101.5,0.3724
10104.0,0.36984
10106.5,0.37134
10109.0,0.37119
10111.5,0.37012
10114.0,0.37
10116.5,0.36943
10119.0,0.36865
10121.5,0.36927
10124.0,0.36823
10126.5,0.36816
10128.9,0.36828
10131.4,0.36803
10133.9,0.36811
10136.4,0.36765
10138.9,0.3675
10141.4,0.36673
10143.9,0.36591
10146.4,0.36558
10148.9,0.36627
10151.4,0.36583
10153.9,0.36592
10156.4,0.36637
10158.9,0.36602
10161.4,0.36592
10163.9,0.36642
10166.4,0.36575
10168.9,0.36612
10171.4,0.36603
10173.9,0.36542
10176.4,0.36537
10178.9,0.36499
10181.3,0.3661
10183.8,0.36627
10186.3,0.36489
10188.8,0.36416
10191.3,0.36446
10193.8,0.36395
10196.3,0.3634
10198.8,0.36436
10201.3,0.36365
10203.8,0.36363
10206.3,0.36367
10208.8,0.36363
10211.3,0.36262
10213.8,0.36272
10216.3,0.36131
10218.8,0.36178
10221.3,0.36105
10223.8,0.36126
10226.3,0.3613
10228.8,0.36201
10231.2,0.36198
10233.7,0.36234
10236.2,0.36182
10238.7,0.36139
10241.2,0.36157
10243.7,0.36063
10246.2,0.3618
10248.7,0.36143
10251.2,0.36079
10253.7,0.36021
10256.2,0.36135
10258.7,0.36092
10261.2,0.36002
10263.7,0.35961
10266.2,0.35908
10268.7,0.35905
10271.2,0.35897
10273.7,0.359
10276.2,0.35912
10278.7,0.35878
10281.2,0.35817
10283.6,0.35771
10286.1,0.35867
10288.6,0.3574
10291.1,0.35804
10293.6,0.35791
10296.1,0.35752
10298.6,0.35769
10301.1,0.35796
10303.6,0.35823
10306.1,0.35757
10308.6,0.35801
10311.1,0.35772
10313.6,0.35731
10316.1,0.35749
10318.6,0.3579
10321.1,0.35644
10323.6,0.35501
10326.1,0.35386
10328.6,0.35185
10331.1,0.35183
10333.5,0.35174
10336.0,0.3523
10338.5,0.35202
10341.0,0.35233
10343.5,0.35192
10346.0,0.3506
10348.5,0.35212
10351.0,0.35322
10353.5,0.35323
10356.0,0.35327
10358.5,0.35489
10361.0,0.35431
10363.5,0.3538
10366.0,0.35309
10368.5,0.35214
10371.0,0.3528
10373.5,0.3512
10376.0,0.3513
10378.5,0.35107
10381.0,0.35133
10383.5,0.35108
10385.9,0.35116
10388.4,0.35125
10390.9,0.3504
10393.4,0.35001
10395.9,0.35072
10398.4,0.35036
10400.9,0.34881
10403.4,0.34986
10405.9,0.35013
10408.4,0.3503
10410.9,0.35076
10413.4,0.3505
10415.9,0.35043
10418.4,0.35087
10420.9,0.3501
10423.4,0.35021
10425.9,0.34871
10428.4,0.34925
10430.9,0.35093
10433.4,0.35031
10435.9,0.3499
10438.3,0.35032
10440.8,0.34985
10443.3,0.35019
10445.8,0.35035
10448.3,0.35074
10450.8,0.34833
10453.3,0.34833
10455.8,0.34817
10458.3,0.3462
10460.8,0.34715
10463.3,0.34708
10465.8,0.34722
10468.3,0.34656
10470.8,0.34638
10473.3,0.34744
10475.8,0.3473
10478.3,0.34723
10480.8,0.3474
10483.3,0.34638
10485.8,0.34636
10488.2,0.34619
10490.7,0.34608
10493.2,0.34539
10495.7,0.34472
10498.2,0.34419
10500.7,0.34439
10503.2,0.34314
10505.7,0.34444
10508.2,0.34425
10510.7,0.34495
10513.2,0.34578
10515.7,0.34449
10518.2,0.34492
10520.7,0.34421
10523.2,0.3441
10525.7,0.34496
10528.2,0.3441
10530.7,0.34348
10533.2,0.34353
10535.7,0.34331
10538.2,0.34334
10540.6,0.34345
10543.1,0.34376
10545.6,0.34445
10548.1,0.3447
10550.6,0.34435
10553.1,0.34333
10555.6,0.3432
10558.1,0.34334
10560.6,0.34241
10563.1,0.34271
10565.6,0.3428
10568.1,0.34223
10570.6,0.34215
10573.1,0.34247
10575.6,0.3406
10578.1,0.34042
10580.6,0.33829
10583.1,0.33702
10585.6,0.33508
10588.1,0.33488
10590.6,0.33548
10593.0,0.33677
10595.5,0.33718
10598.0,0.33686
10600.5,0.33754
10603.0,0.33685
10605.5,0.33634
10608.0,0.33618
10610.5,0.33638
10613.0,0.33687
10615.5,0.3374
10618.0,0.33791
10620.5,0.3382
10623.0,0.338
10625.5,0.33766
10628.0,0.33756
10630.5,0.33749
10633.0,0.33804
10635.5,0.33778
10638.0,0.33808
10640.5,0.33821
10642.9,0.33897
10645.4,0.33823
10647.9,0.33848
10650.4,0.33768
10652.9,0.33631
10655.4,0.33596
10657.9,0.33461
10660.4,0.33327
10662.9,0.33283
10665.4,0.33247
10667.9,0.33356
10670.4,0.33353
10672.9,0.33438
10675.4,0.33438
10677.9,0.33448
10680.4,0.33326
10682.9,0.33181
10685.4,0.33037
10687.9,0.32994
10690.4,0.32878
10692.9,0.3279
10695.3,0.3292
10697.8,0.32925
10700.3,0.33089
10702.8,0.33225
10705.3,0.33246
10707.8,0.33296
10710.3,0.33415
10712.8,0.3338
10715.3,0.33415
10717.8,0.33264
10720.3,0.33258
10722.8,0.33188
10725.3,0.33053
10727.8,0.32842
10730.3,0.32769
10732.8,0.32838
10735.3,0.32919
10737.8,0.32922
10740.3,0.32997
10742.8,0.33042
10745.3,0.32867
10747.7,0.32857
10750.2,0.32841
10752.7,0.32714
10755.2,0.32778
10757.7,0.32817
10760.2,0.3288
10762.7,0.32993
10765.2,0.32976
10767.7,0.32986
10770.2,0.32913
10772.7,0.32896
10775.2,0.32967
10777.7,0.32793
10780.2,0.32727
10782.7,0.32577
10785.2,0.32494
10787.7,0.32479
10790.2,0.32432
10792.7,0.32477
10795.2,0.32558
10797.6,0.32688
10800.1,0.32714
10802.6,0.32763
10805.1,0.32663
10807.6,0.32597
10810.1,0.32466
10812.6,0.32452
10815.1,0.32408
10817.6,0.32328
10820.1,0.32204
10822.6,0.32145
10825.1,0.32053
10827.6,0.32023
10830.1,0.31959
10832.6,0.3206
10835.1,0.32022
10837.6,0.32238
10840.1,0.32282
10842.6,0.323
10845.1,0.32333
10847.6,0.32324
10850.0,0.32367
10852.5,0.32341
10855.0,0.32441
10857.5,0.32424
10860.0,0.32303
10862.5,0.32255
10865.0,0.32035
10867.5,0.3183
10870.0,0.31767
10872.5,0.31623
10875.0,0.31653
10877.5,0.31658
10880.0,0.31745
10882.5,0.31808
10885.0,0.3177
10887.5,0.31834
10890.0,0.31943
10892.5,0.31852
10895.0,0.31984
10897.5,0.31926
10900.0,0.31964
10902.4,0.32049
10904.9,0.32094
10907.4,0.3195
10909.9,0.31901
10912.4,0.31819
10914.9,0.31808
10917.4,0.3164
10919.9,0.31584
10922.4,0.31552
10924.9,0.31342
10927.4,0.31175
10929.9,0.3107
10932.4,0.30897
10934.9,0.30607
10937.4,0.30429
10939.9,0.30412
10942.4,0.30486
10944.9,0.30463
10947.4,0.3062
10949.9,0.30795
10952.3,0.30904
10954.8,0.30931
10957.3,0.30916
10959.8,0.308
10962.3,0.30774
10964.8,0.30736
10967.3,0.30607
10969.8,0.30701
10972.3,0.30731
10974.8,0.30634
10977.3,0.30594
10979.8,0.30671
10982.3,0.30665
10984.8,0.30663
10987.3,0.3083
10989.8,0.30885
10992.3,0.30927
10994.8,0.3099
10997.3,0.30925
10999.8,0.30953
