wave,flux
3700.85,0.0432
3701.75,0.041996
3702.65,0.039985
3703.55,0.036859
3704.45,0.033559
3705.35,0.030384
3706.25,0.027892
3707.15,0.026425
3708.05,0.026199
3708.96,0.02706
3709.86,0.02907
3710.76,0.032092
3711.66,0.03573
3712.56,0.039071
3713.46,0.041687
3714.36,0.04338
3715.26,0.04286
3716.16,0.040842
3717.06,0.037763
3717.96,0.033653
3718.86,0.029367
3719.76,0.025492
3720.66,0.022517
3721.56,0.021043
3722.46,0.021345
3723.36,0.022942
3724.26,0.025418
3725.16,0.027855
3726.06,0.029623
3726.96,0.030454
3727.86,0.030543
3728.76,0.030461
3729.66,0.029715
3730.56,0.02878
3731.46,0.027155
3732.36,0.02498
3733.26,0.022119
3734.16,0.019463
3735.06,0.017381
3735.96,0.01632
3736.86,0.016487
3737.76,0.017933
3738.66,0.020243
3739.56,0.023038
3740.46,0.025349
3741.36,0.026802
3742.26,0.027082
3743.16,0.025841
3744.06,0.023909
3744.96,0.021689
3745.86,0.019581
3746.76,0.018176
3747.67,0.017131
3748.57,0.017013
3749.47,0.017599
3750.37,0.019247
3751.27,0.021942
3752.17,0.025125
3753.07,0.028505
3753.97,0.031269
3754.87,0.033135
3755.77,0.0335
3756.67,0.032643
3757.57,0.030633
3758.47,0.028408
3759.37,0.026763
3760.27,0.025969
3761.17,0.025892
3762.07,0.026275
3762.97,0.026474
3763.87,0.026812
3764.77,0.026811
3765.67,0.026899
3766.57,0.027352
3767.47,0.028198
3768.37,0.029692
3769.27,0.031495
3770.17,0.033673
3771.07,0.035877
3771.97,0.037679
3772.87,0.038936
3773.77,0.039585
3774.67,0.039876
3775.57,0.039779
3776.47,0.039762
3777.37,0.039595
3778.27,0.039704
3779.17,0.040253
3780.07,0.040964
3780.97,0.041624
3781.87,0.042311
3782.77,0.042187
3783.67,0.042071
3784.57,0.040585
3785.47,0.038664
3786.38,0.03617
3787.28,0.033559
3788.18,0.031223
3789.08,0.02966
3789.98,0.02886
3790.88,0.028781
3791.78,0.029088
3792.68,0.029326
3793.58,0.029068
3794.48,0.028576
3795.38,0.027754
3796.28,0.026917
3797.18,0.026429
3798.08,0.026046
3798.98,0.026169
3799.88,0.026907
3800.78,0.0283
3801.68,0.030295
3802.58,0.032303
3803.48,0.034029
3804.38,0.035315
3805.28,0.035667
3806.18,0.035245
3807.08,0.034755
3807.98,0.034304
3808.88,0.034292
3809.78,0.034158
3810.68,0.034391
3811.58,0.034055
3812.48,0.032728
3813.38,0.030732
3814.28,0.028426
3815.18,0.02631
3816.08,0.024565
3816.98,0.023233
3817.88,0.022413
3818.78,0.021696
3819.68,0.021056
3820.58,0.020199
3821.48,0.019645
3822.38,0.01919
3823.28,0.018772
3824.18,0.018363
3825.09,0.017736
3825.99,0.017037
3826.89,0.016615
3827.79,0.016533
3828.69,0.016732
3829.59,0.017119
3830.49,0.017438
3831.39,0.017672
3832.29,0.017655
3833.19,0.017492
3834.09,0.017583
3834.99,0.017765
3835.89,0.018166
3836.79,0.018507
3837.69,0.01847
3838.59,0.018279
3839.49,0.018199
3840.39,0.018604
3841.29,0.019345
3842.19,0.021015
3843.09,0.022789
3843.99,0.024648
3844.89,0.026238
3845.79,0.027123
3846.69,0.027665
3847.59,0.027678
3848.49,0.027421
3849.39,0.027031
3850.29,0.026359
3851.19,0.026116
3852.09,0.026011
3852.99,0.02573
3853.89,0.025382
3854.79,0.024748
3855.69,0.023843
3856.59,0.022612
3857.49,0.021454
3858.39,0.0204
3859.29,0.0197
3860.19,0.019545
3861.09,0.020239
3861.99,0.02161
3862.9,0.023266
3863.8,0.024818
3864.7,0.025851
3865.6,0.026408
3866.5,0.02639
3867.4,0.025956
3868.3,0.025339
3869.2,0.024544
3870.1,0.023668
3871.0,0.022939
3871.9,0.022733
3872.8,0.023115
3873.7,0.02412
3874.6,0.025434
3875.5,0.026676
3876.4,0.027304
3877.3,0.027144
3878.2,0.026551
3879.1,0.025711
3880.0,0.025063
3880.9,0.024968
3881.8,0.025123
3882.7,0.025524
3883.6,0.026099
3884.5,0.02651
3885.4,0.026612
3886.3,0.026626
3887.2,0.026633
3888.1,0.026967
3889.0,0.028265
3889.9,0.030398
3890.8,0.032788
3891.7,0.035321
3892.6,0.037142
3893.5,0.038714
3894.4,0.038992
3895.3,0.038891
3896.2,0.038436
3897.1,0.03802
3898.0,0.037638
3898.9,0.037103
3899.8,0.037115
3900.7,0.036659
3901.6,0.036438
3902.51,0.036027
3903.41,0.035449
3904.31,0.034947
3905.21,0.034654
3906.11,0.034821
3907.01,0.035705
3907.91,0.037292
3908.81,0.039149
3909.71,0.041193
3910.61,0.043021
3911.51,0.044462
3912.41,0.045513
3913.31,0.046004
3914.21,0.046101
3915.11,0.045484
3916.01,0.044854
3916.91,0.043552
3917.81,0.041813
3918.71,0.039886
3919.61,0.037667
3920.51,0.035569
3921.41,0.033643
3922.31,0.032388
3923.21,0.031762
3924.11,0.031308
3925.01,0.030943
3925.91,0.03024
3926.81,0.028819
3927.71,0.026718
3928.61,0.024307
3929.51,0.021593
3930.41,0.019086
3931.31,0.016744
3932.21,0.014881
3933.11,0.01353
3934.01,0.012878
3934.91,0.012968
3935.81,0.013866
3936.71,0.015505
3937.61,0.017756
3938.51,0.020189
3939.42,0.022677
3940.32,0.024864
3941.22,0.026426
3942.12,0.027585
3943.02,0.028219
3943.92,0.028966
3944.82,0.030269
3945.72,0.031827
3946.62,0.033909
3947.52,0.036217
3948.42,0.038479
3949.32,0.040311
3950.22,0.04216
3951.12,0.04364
3952.02,0.044459
3952.92,0.045094
3953.82,0.045394
3954.72,0.045553
3955.62,0.045166
3956.52,0.044533
3957.42,0.043584
3958.32,0.042254
3959.22,0.040447
3960.12,0.038193
3961.02,0.035497
3961.92,0.032469
3962.82,0.029299
3963.72,0.026765
3964.62,0.024384
3965.52,0.022189
3966.42,0.020072
3967.32,0.018214
3968.22,0.016656
3969.12,0.015949
3970.02,0.016088
3970.92,0.017329
3971.82,0.019412
3972.72,0.02226
3973.62,0.025534
3974.52,0.029095
3975.42,0.032652
3976.32,0.036257
3977.22,0.039648
3978.13,0.042767
3979.03,0.045759
3979.93,0.048461
3980.83,0.050055
3981.73,0.051365
3982.63,0.051962
3983.53,0.052321
3984.43,0.052815
3985.33,0.053253
3986.23,0.054076
3987.13,0.054933
3988.03,0.055814
3988.93,0.056657
3989.83,0.057352
3990.73,0.057627
3991.63,0.058403
3992.53,0.058342
3993.43,0.058575
3994.33,0.05868
3995.23,0.058664
3996.13,0.058173
3997.03,0.057643
3997.93,0.05735
3998.83,0.058515
3999.73,0.059455
4000.63,0.061011
4001.53,0.062146
4002.43,0.062678
4003.33,0.062582
4004.23,0.061297
4005.13,0.059966
4006.03,0.058431
4006.93,0.05773
4007.83,0.058053
4008.73,0.058988
4009.63,0.060629
4010.53,0.062336
4011.43,0.063641
4012.33,0.06487
4013.23,0.065792
4014.13,0.066734
4015.03,0.06698
4015.93,0.06682
4016.84,0.06739
4017.74,0.067461
4018.64,0.067969
4019.54,0.068138
4020.44,0.068132
4021.34,0.068366
4022.24,0.067586
4023.14,0.067424
4024.04,0.067309
4024.94,0.067116
4025.84,0.067254
4026.74,0.06701
4027.64,0.067458
4028.54,0.066909
4029.44,0.06513
4030.34,0.062451
4031.24,0.058899
4032.14,0.055936
4033.04,0.053723
4033.94,0.05259
4034.84,0.05341
4035.74,0.055775
4036.64,0.059026
4037.54,0.062761
4038.44,0.065799
4039.34,0.067739
4040.24,0.068635
4041.14,0.068248
4042.04,0.066754
4042.94,0.063745
4043.84,0.060122
4044.74,0.056594
4045.64,0.053102
4046.54,0.05149
4047.44,0.051645
4048.34,0.053903
4049.24,0.05735
4050.14,0.061173
4051.04,0.064249
4051.94,0.066214
4052.84,0.066694
4053.74,0.066003
4054.65,0.064727
4055.55,0.062834
4056.45,0.061381
4057.35,0.059918
4058.25,0.058961
4059.15,0.058707
4060.05,0.058351
4060.95,0.057717
4061.85,0.056781
4062.75,0.055242
4063.65,0.05377
4064.55,0.052714
4065.45,0.052588
4066.35,0.053692
4067.25,0.055615
4068.15,0.057617
4069.05,0.059204
4069.95,0.059718
4070.85,0.059893
4071.75,0.05978
4072.65,0.059017
4073.55,0.05892
4074.45,0.058962
4075.35,0.059044
4076.25,0.058705
4077.15,0.058874
4078.05,0.058572
4078.95,0.059836
4079.85,0.061634
4080.75,0.06391
4081.65,0.066033
4082.55,0.068111
4083.45,0.069549
4084.35,0.069874
4085.25,0.070304
4086.15,0.071073
4087.05,0.072635
4087.95,0.074395
4088.85,0.075719
4089.75,0.076533
4090.65,0.076843
4091.55,0.076448
4092.45,0.075549
4093.36,0.073674
4094.26,0.071778
4095.16,0.069898
4096.06,0.067731
4096.96,0.065591
4097.86,0.063501
4098.76,0.061828
4099.66,0.060234
4100.56,0.058647
4101.46,0.058179
4102.36,0.057699
4103.26,0.058486
4104.16,0.059808
4105.06,0.061901
4105.96,0.064084
4106.86,0.066012
4107.76,0.066977
4108.66,0.067921
4109.56,0.067817
4110.46,0.067419
4111.36,0.066833
4112.26,0.066891
4113.16,0.067444
4114.06,0.067946
4114.96,0.068783
4115.86,0.069226
4116.76,0.069657
4117.66,0.069279
4118.56,0.06853
4119.46,0.067849
4120.36,0.067189
4121.26,0.066705
4122.16,0.06657
4123.06,0.067105
4123.96,0.067365
4124.86,0.067867
4125.76,0.068083
4126.66,0.068041
4127.56,0.06745
4128.46,0.066312
4129.36,0.065225
4130.26,0.06348
4131.17,0.06175
4132.06,0.060031
4132.97,0.058864
4133.87,0.058538
4134.77,0.059357
4135.67,0.06093
4136.57,0.062641
4137.47,0.064913
4138.37,0.066446
4139.27,0.067035
4140.17,0.067058
4141.07,0.065486
4141.97,0.063444
4142.87,0.060597
4143.77,0.058379
4144.67,0.057247
4145.57,0.056703
4146.47,0.057929
4147.37,0.059259
4148.27,0.060374
4149.17,0.061295
4150.07,0.061316
4150.97,0.060983
4151.87,0.0604
4152.77,0.060039
4153.67,0.059543
4154.57,0.059203
4155.47,0.059286
4156.37,0.059385
4157.27,0.06032
4158.17,0.061577
4159.07,0.062844
4159.97,0.064976
4160.87,0.066326
4161.77,0.067796
4162.67,0.068702
4163.57,0.069179
4164.47,0.068802
4165.37,0.067881
4166.27,0.066842
4167.17,0.066054
4168.07,0.065185
4168.98,0.063941
4169.88,0.063675
4170.78,0.062852
4171.68,0.061801
4172.58,0.060453
4173.48,0.059591
4174.38,0.058419
4175.28,0.058025
4176.18,0.057944
4177.08,0.058334
4177.98,0.058988
4178.88,0.0598
4179.78,0.060344
4180.68,0.060827
4181.58,0.0612
4182.48,0.061861
4183.38,0.062512
4184.28,0.063004
4185.18,0.063438
4186.08,0.063415
4186.98,0.063549
4187.88,0.06328
4188.78,0.063181
4189.68,0.063559
4190.58,0.064183
4191.48,0.064861
4192.38,0.065594
4193.28,0.066041
4194.18,0.065869
4195.08,0.064726
4195.98,0.06306
4196.88,0.061229
4197.78,0.059232
4198.68,0.057831
4199.58,0.056728
4200.48,0.056428
4201.38,0.056909
4202.28,0.057532
4203.18,0.059201
4204.08,0.060802
4204.98,0.063107
4205.88,0.065445
4206.79,0.067737
4207.69,0.069269
4208.59,0.070314
4209.49,0.07098
4210.39,0.070625
4211.29,0.070048
4212.19,0.06928
4213.09,0.06829
4213.99,0.067188
4214.89,0.066043
4215.79,0.065579
4216.69,0.065769
4217.59,0.066932
4218.49,0.068982
4219.39,0.070672
4220.29,0.071679
4221.19,0.071753
4222.09,0.070302
4222.99,0.067148
4223.89,0.062779
4224.79,0.058106
4225.69,0.052858
4226.59,0.048922
4227.49,0.047157
4228.39,0.048069
4229.29,0.050743
4230.19,0.054919
4231.09,0.059122
4231.99,0.062975
4232.89,0.06479
4233.79,0.065857
4234.69,0.065995
4235.59,0.065391
4236.49,0.064994
4237.39,0.064762
4238.29,0.065697
4239.19,0.066573
4240.09,0.068022
4240.99,0.070087
4241.89,0.072309
4242.79,0.074552
4243.69,0.076639
4244.59,0.078206
4245.5,0.078447
4246.4,0.077945
4247.3,0.076497
4248.2,0.073584
4249.1,0.070847
4250.0,0.067812
4250.9,0.065187
4251.8,0.063879
4252.7,0.062823
4253.6,0.063174
4254.5,0.063234
4255.4,0.064269
4256.3,0.064897
4257.2,0.065894
4258.1,0.066339
4259.0,0.066737
4259.9,0.0665
4260.8,0.066221
4261.7,0.066707
4262.6,0.068735
4263.5,0.071705
4264.4,0.074289
4265.3,0.076619
4266.2,0.07811
4267.1,0.078136
4268.0,0.076007
4268.9,0.072893
4269.8,0.068669
4270.7,0.063938
4271.6,0.059649
4272.5,0.056379
4273.4,0.054531
4274.3,0.054529
4275.2,0.056008
4276.1,0.058871
4277.0,0.062519
4277.9,0.066449
4278.8,0.069183
4279.7,0.071183
4280.6,0.072195
4281.5,0.072414
4282.4,0.072196
4283.31,0.071798
4284.21,0.07118
4285.11,0.070277
4286.01,0.069541
4286.91,0.068214
4287.81,0.06688
4288.71,0.064821
4289.61,0.063051
4290.51,0.06185
4291.41,0.061476
4292.31,0.061944
4293.21,0.062986
4294.11,0.063722
4295.01,0.064654
4295.91,0.064691
4296.81,0.063569
4297.71,0.061516
4298.61,0.058787
4299.51,0.055782
4300.41,0.053209
4301.31,0.051239
4302.21,0.049787
4303.11,0.049524
4304.01,0.049202
4304.91,0.048939
4305.81,0.048359
4306.71,0.047285
4307.61,0.046229
4308.51,0.045394
4309.41,0.045558
4310.31,0.047224
4311.21,0.049799
4312.11,0.053342
4313.01,0.058293
4313.91,0.063573
4314.81,0.069514
4315.71,0.075517
4316.61,0.081088
4317.51,0.085829
4318.41,0.089106
4319.31,0.090515
4320.21,0.090283
4321.12,0.088306
4322.02,0.084713
4322.92,0.080243
4323.82,0.075618
4324.72,0.070805
4325.62,0.067632
4326.52,0.067029
4327.42,0.068005
4328.32,0.071395
4329.22,0.076469
4330.12,0.080539
4331.02,0.085357
4331.92,0.088972
4332.82,0.090909
4333.72,0.091682
4334.62,0.091888
4335.52,0.091253
4336.42,0.088657
4337.32,0.085754
4338.22,0.081597
4339.12,0.077528
4340.02,0.074484
4340.92,0.072856
4341.82,0.072986
4342.72,0.075147
4343.62,0.077493
4344.52,0.080539
4345.42,0.08355
4346.32,0.086131
4347.22,0.088003
4348.12,0.089388
4349.02,0.089834
4349.92,0.088989
4350.82,0.087189
4351.72,0.085013
4352.62,0.082835
4353.52,0.081303
4354.42,0.08051
4355.32,0.081096
4356.22,0.082603
4357.12,0.083905
4358.02,0.085336
4358.92,0.086655
4359.83,0.087653
4360.73,0.088897
4361.63,0.090444
4362.53,0.091823
4363.43,0.093203
4364.33,0.094524
4365.23,0.0954
4366.13,0.095242
4367.03,0.094437
4367.93,0.093051
4368.83,0.091366
4369.73,0.089861
4370.63,0.088626
4371.53,0.086844
4372.43,0.085549
4373.33,0.08416
4374.23,0.082541
4375.13,0.081386
4376.03,0.080617
4376.93,0.080764
4377.83,0.081035
4378.73,0.081468
4379.63,0.081353
4380.53,0.079288
4381.43,0.075844
4382.33,0.072151
4383.23,0.067427
4384.13,0.064336
4385.03,0.062776
4385.93,0.062455
4386.83,0.064623
4387.73,0.067525
4388.63,0.070601
4389.53,0.073499
4390.43,0.075437
4391.33,0.077039
4392.23,0.078451
4393.13,0.079679
4394.03,0.081092
4394.93,0.082362
4395.83,0.08456
4396.73,0.085818
4397.64,0.08741
4398.54,0.088664
4399.44,0.088829
4400.34,0.087426
4401.24,0.085602
4402.14,0.082787
4403.04,0.079705
4403.94,0.076759
4404.84,0.07379
4405.74,0.071921
4406.64,0.071164
4407.54,0.072157
4408.44,0.074335
4409.34,0.077947
4410.24,0.081696
4411.14,0.085435
4412.04,0.08837
4412.94,0.089246
4413.84,0.089415
4414.74,0.08859
4415.64,0.087458
4416.54,0.086857
4417.44,0.087339
4418.34,0.088591
4419.24,0.090235
4420.14,0.091631
4421.04,0.092703
4421.94,0.092624
4422.84,0.092015
4423.74,0.090732
4424.64,0.089779
4425.54,0.088968
4426.44,0.089341
4427.34,0.089297
4428.24,0.089992
4429.14,0.089905
4430.04,0.09051
4430.94,0.09
4431.84,0.089125
4432.74,0.088138
4433.64,0.087284
4434.54,0.086489
4435.45,0.08593
4436.35,0.08642
4437.25,0.087763
4438.15,0.089486
4439.05,0.091591
4439.95,0.093025
4440.85,0.093737
4441.75,0.093361
4442.65,0.09305
4443.55,0.093063
4444.45,0.093688
4445.35,0.095363
4446.25,0.096426
4447.15,0.09837
4448.05,0.099559
4448.95,0.10068
4449.85,0.10028
4450.75,0.099463
4451.65,0.098133
4452.55,0.09579
4453.45,0.093169
4454.35,0.089937
4455.25,0.087472
4456.15,0.084533
4457.05,0.082726
4457.95,0.081094
4458.85,0.080592
4459.75,0.080053
4460.65,0.080821
4461.55,0.081139
4462.45,0.082588
4463.35,0.084548
4464.25,0.086421
4465.15,0.088419
4466.05,0.090173
4466.95,0.091589
4467.85,0.09276
4468.75,0.09334
4469.65,0.094023
4470.55,0.094815
4471.45,0.095977
4472.35,0.097748
4473.25,0.099441
4474.16,0.10107
4475.06,0.10307
4475.96,0.10426
4476.86,0.10502
4477.76,0.1058
4478.66,0.10507
4479.56,0.10344
4480.46,0.10197
4481.36,0.1002
4482.26,0.099094
4483.16,0.099434
4484.06,0.09971
4484.96,0.10156
4485.86,0.10345
4486.76,0.10394
4487.66,0.10391
4488.56,0.10318
4489.46,0.10256
4490.36,0.10141
4491.26,0.099527
4492.16,0.098615
4493.06,0.098192
4493.96,0.09764
4494.86,0.096904
4495.76,0.096875
4496.66,0.097271
4497.56,0.098547
4498.46,0.10022
4499.36,0.10245
4500.26,0.10448
4501.16,0.10636
4502.06,0.10858
4502.96,0.11018
4503.86,0.11149
4504.76,0.11319
4505.66,0.11436
4506.56,0.11513
4507.46,0.11526
4508.36,0.11547
4509.26,0.11468
4510.17,0.11436
4511.06,0.11301
4511.97,0.11201
4512.87,0.11064
4513.77,0.10935
4514.67,0.10768
4515.57,0.10689
4516.47,0.10653
4517.37,0.10642
4518.27,0.10695
4519.17,0.1076
4520.07,0.10831
4520.97,0.10901
4521.87,0.10876
4522.77,0.1082
4523.67,0.10678
4524.57,0.10413
4525.47,0.10126
4526.37,0.097715
4527.27,0.09425
4528.17,0.091361
4529.07,0.089147
4529.97,0.088094
4530.87,0.08806
4531.77,0.088502
4532.67,0.089296
4533.57,0.090287
4534.47,0.091224
4535.37,0.092545
4536.27,0.094626
4537.17,0.096885
4538.07,0.099472
4538.97,0.10144
4539.87,0.10286
4540.77,0.10398
4541.67,0.10438
4542.57,0.10453
4543.47,0.10375
4544.37,0.10376
4545.27,0.10306
4546.17,0.10308
4547.07,0.10267
4547.97,0.10164
4548.88,0.10152
4549.77,0.10111
4550.68,0.10101
4551.58,0.10069
4552.48,0.10085
4553.38,0.10112
4554.28,0.10131
4555.18,0.10172
4556.08,0.10373
4556.98,0.10494
4557.88,0.10762
4558.78,0.11013
4559.68,0.11137
4560.58,0.11282
4561.48,0.11312
4562.38,0.11314
4563.28,0.11161
4564.18,0.11071
4565.08,0.10926
4565.98,0.1092
4566.88,0.10894
4567.78,0.10987
4568.68,0.11064
4569.58,0.11115
4570.48,0.11103
4571.38,0.11097
4572.28,0.11116
4573.18,0.11106
4574.08,0.11111
4574.98,0.11162
4575.88,0.11205
4576.78,0.11135
4577.68,0.11064
4578.58,0.10876
4579.48,0.10739
4580.38,0.10567
4581.28,0.10398
4582.18,0.10316
4583.08,0.10288
4583.98,0.10273
4584.88,0.10364
4585.78,0.10443
4586.69,0.10503
4587.58,0.10607
4588.49,0.10735
4589.39,0.10888
4590.29,0.10902
4591.19,0.10919
4592.09,0.10842
4592.99,0.10732
4593.89,0.10627
4594.79,0.10476
4595.69,0.10358
4596.59,0.10345
4597.49,0.10337
4598.39,0.10273
4599.29,0.10297
4600.19,0.10357
4601.09,0.10392
4601.99,0.10402
4602.89,0.10444
4603.79,0.10484
4604.69,0.10523
4605.59,0.10667
4606.49,0.108
4607.39,0.10961
4608.29,0.11173
4609.19,0.1138
4610.09,0.11492
4610.99,0.11546
4611.89,0.11618
4612.79,0.11588
4613.69,0.11552
4614.59,0.11545
4615.49,0.11592
4616.39,0.11606
4617.29,0.11625
4618.19,0.11703
4619.09,0.11693
4619.99,0.11747
4620.89,0.11717
4621.79,0.11697
4622.69,0.11692
4623.59,0.1168
4624.5,0.11601
4625.4,0.11602
4626.3,0.11607
4627.2,0.11562
4628.1,0.11568
4629.0,0.11575
4629.9,0.11606
4630.8,0.11556
4631.7,0.11573
4632.6,0.11461
4633.5,0.11405
4634.4,0.11262
4635.3,0.11199
4636.2,0.11011
4637.1,0.10908
4638.0,0.10732
4638.9,0.10654
4639.8,0.10565
4640.7,0.10517
4641.6,0.10513
4642.5,0.10446
4643.4,0.10416
4644.3,0.10339
4645.2,0.10234
4646.1,0.10098
4647.0,0.099898
4647.9,0.099079
4648.8,0.098997
4649.7,0.099771
4650.6,0.10115
4651.5,0.10313
4652.4,0.10396
4653.3,0.10574
4654.2,0.1069
4655.1,0.1077
4656.0,0.10826
4656.9,0.10877
4657.8,0.11001
4658.7,0.11185
4659.6,0.11328
4660.5,0.11396
4661.4,0.11418
4662.3,0.11335
4663.21,0.11179
4664.11,0.1093
4665.01,0.1061
4665.91,0.10301
4666.81,0.099934
4667.71,0.098501
4668.61,0.096944
4669.51,0.097562
4670.41,0.098741
4671.31,0.10054
4672.21,0.10285
4673.11,0.10467
4674.01,0.10645
4674.91,0.10715
4675.81,0.108
4676.71,0.1077
4677.61,0.10789
4678.51,0.10715
4679.41,0.10704
4680.31,0.10544
4681.21,0.10467
4682.11,0.10495
4683.01,0.10473
4683.91,0.10466
4684.81,0.10525
4685.71,0.10614
4686.61,0.10719
4687.51,0.10675
4688.41,0.10704
4689.31,0.10693
4690.21,0.10662
4691.11,0.10608
4692.01,0.10626
4692.91,0.10662
4693.81,0.10708
4694.71,0.10752
4695.61,0.10755
4696.51,0.10742
4697.41,0.10726
4698.31,0.10588
4699.21,0.10478
4700.12,0.10331
4701.02,0.102
4701.92,0.10103
4702.82,0.10073
4703.72,0.10064
4704.62,0.10096
4705.52,0.10102
4706.42,0.1015
4707.32,0.10211
4708.22,0.10214
4709.12,0.10306
4710.02,0.10318
4710.92,0.10443
4711.82,0.10475
4712.72,0.10558
4713.62,0.10611
4714.52,0.1069
4715.42,0.10737
4716.32,0.10874
4717.22,0.11067
4718.12,0.11223
4719.02,0.11437
4719.92,0.11585
4720.82,0.11739
4721.72,0.11792
4722.62,0.11922
4723.52,0.11792
4724.42,0.11783
4725.32,0.11602
4726.22,0.11467
4727.12,0.11263
4728.02,0.10986
4728.92,0.10778
4729.82,0.1059
4730.72,0.10475
4731.62,0.10448
4732.52,0.10504
4733.42,0.10622
4734.32,0.10683
4735.22,0.10847
4736.12,0.10912
4737.02,0.11021
4737.92,0.11132
4738.83,0.11217
4739.73,0.11272
4740.63,0.11312
4741.53,0.11404
4742.43,0.11427
4743.33,0.11498
4744.23,0.11513
4745.13,0.11562
4746.03,0.1162
4746.93,0.11647
4747.83,0.11751
4748.73,0.11812
4749.63,0.118
4750.53,0.11771
4751.43,0.11668
4752.33,0.11576
4753.23,0.1143
4754.13,0.11397
4755.03,0.113
4755.93,0.11207
4756.83,0.11164
4757.73,0.11188
4758.63,0.1115
4759.53,0.1114
4760.43,0.11157
4761.33,0.11058
4762.23,0.11001
4763.13,0.10854
4764.03,0.107
4764.93,0.1057
4765.83,0.10479
4766.73,0.10479
4767.63,0.10493
4768.53,0.1056
4769.43,0.10676
4770.33,0.1083
4771.23,0.1098
4772.13,0.11052
4773.03,0.11184
4773.93,0.11328
4774.83,0.11438
4775.73,0.11529
4776.64,0.11654
4777.54,0.11679
4778.44,0.11645
4779.34,0.11645
4780.24,0.11623
4781.14,0.11558
4782.04,0.11379
4782.94,0.11269
4783.84,0.11171
4784.74,0.11081
4785.64,0.11007
4786.54,0.10923
4787.44,0.10911
4788.34,0.10925
4789.24,0.10932
4790.14,0.1109
4791.04,0.11162
4791.94,0.11365
4792.84,0.11489
4793.74,0.11681
4794.64,0.1181
4795.54,0.11976
4796.44,0.12014
4797.34,0.11964
4798.24,0.11899
4799.14,0.11869
4800.04,0.11808
4800.94,0.11726
4801.84,0.11744
4802.74,0.11767
4803.64,0.11743
4804.54,0.11816
4805.44,0.11748
4806.34,0.11669
4807.24,0.11585
4808.14,0.11527
4809.04,0.11446
4809.94,0.1151
4810.84,0.11434
4811.74,0.11512
4812.64,0.11601
4813.54,0.11659
4814.45,0.11745
4815.35,0.11802
4816.25,0.119
4817.15,0.11978
4818.05,0.1212
4818.95,0.12135
4819.85,0.12183
4820.75,0.12104
4821.65,0.12054
4822.55,0.11952
4823.45,0.11744
4824.35,0.11715
4825.25,0.11602
4826.15,0.11548
4827.05,0.11542
4827.95,0.11537
4828.85,0.11552
4829.75,0.11514
4830.65,0.11486
4831.55,0.11455
4832.45,0.1143
4833.35,0.1142
4834.25,0.115
4835.15,0.11496
4836.05,0.11574
4836.95,0.11552
4837.85,0.11546
4838.75,0.11497
4839.65,0.11466
4840.55,0.11377
4841.45,0.11366
4842.35,0.11292
4843.25,0.1134
4844.15,0.11331
4845.05,0.11402
4845.95,0.11497
4846.85,0.11526
4847.75,0.11626
4848.65,0.11618
4849.55,0.11641
4850.45,0.11638
4851.35,0.11597
4852.26,0.11488
4853.16,0.11419
4854.06,0.11254
4854.96,0.11153
4855.86,0.10957
4856.76,0.10816
4857.66,0.10594
4858.56,0.10413
4859.46,0.10168
4860.36,0.099879
4861.26,0.098339
4862.16,0.09732
4863.06,0.097236
4863.96,0.097877
4864.86,0.099631
4865.76,0.1015
4866.66,0.10279
4867.56,0.10495
4868.46,0.10566
4869.36,0.10545
4870.26,0.10493
4871.16,0.10375
4872.06,0.103
4872.96,0.10225
4873.86,0.10282
4874.76,0.10406
4875.66,0.10596
4876.56,0.10784
4877.46,0.11006
4878.36,0.11166
4879.26,0.11308
4880.16,0.11418
4881.06,0.11466
4881.96,0.11468
4882.86,0.11364
4883.76,0.11225
4884.66,0.11093
4885.56,0.10937
4886.46,0.1076
4887.36,0.10686
4888.26,0.10493
4889.17,0.10365
4890.07,0.10354
4890.97,0.10377
4891.87,0.10476
4892.77,0.10717
4893.67,0.11035
4894.57,0.11349
4895.47,0.11758
4896.37,0.12013
4897.27,0.12226
4898.17,0.12386
4899.07,0.12305
4899.97,0.12318
4900.87,0.12257
4901.77,0.12125
4902.67,0.11993
4903.57,0.11912
4904.47,0.11939
4905.37,0.11947
4906.27,0.11937
4907.17,0.11909
4908.07,0.1181
4908.97,0.11757
4909.87,0.11686
4910.77,0.11565
4911.67,0.11541
4912.57,0.11501
4913.47,0.1155
4914.37,0.11545
4915.27,0.11574
4916.17,0.11535
4917.07,0.1134
4917.97,0.1109
4918.87,0.10851
4919.77,0.10489
4920.67,0.10294
4921.57,0.10177
4922.47,0.1015
4923.37,0.10324
4924.27,0.10553
4925.17,0.10832
4926.07,0.11181
4926.98,0.1138
4927.88,0.11692
4928.78,0.11879
4929.68,0.12107
4930.58,0.12168
4931.48,0.12229
4932.38,0.12117
4933.28,0.1203
4934.18,0.11908
4935.08,0.11697
4935.98,0.11509
4936.88,0.11344
4937.78,0.11242
4938.68,0.11119
4939.58,0.11172
4940.48,0.11175
4941.38,0.11322
4942.28,0.11533
4943.18,0.11668
4944.08,0.11957
4944.98,0.12113
4945.88,0.12255
4946.78,0.12405
4947.68,0.12423
4948.58,0.12505
4949.48,0.12539
4950.38,0.12572
4951.28,0.12533
4952.18,0.1245
4953.08,0.12313
4953.98,0.12125
4954.88,0.11843
4955.78,0.11576
4956.68,0.11275
4957.58,0.111
4958.48,0.1087
4959.38,0.10919
4960.28,0.11003
4961.18,0.11184
4962.08,0.11312
4962.98,0.11466
4963.88,0.11541
4964.79,0.11525
4965.69,0.11521
4966.59,0.11417
4967.49,0.11348
4968.39,0.11289
4969.29,0.11344
4970.19,0.11356
4971.09,0.11447
4971.99,0.11545
4972.89,0.11708
4973.79,0.11772
4974.69,0.11869
4975.59,0.11908
4976.49,0.1178
4977.39,0.11678
4978.29,0.11486
4979.19,0.11232
4980.09,0.11026
4980.99,0.10753
4981.89,0.10542
4982.79,0.1032
4983.69,0.10218
4984.59,0.10199
4985.49,0.10223
4986.39,0.1039
4987.29,0.10502
4988.19,0.10724
4989.09,0.10898
4989.99,0.1109
4990.89,0.11176
4991.79,0.11216
4992.69,0.11317
4993.59,0.11277
4994.49,0.11344
4995.39,0.11291
4996.29,0.11303
4997.19,0.11276
4998.09,0.11184
4998.99,0.1105
4999.89,0.10925
5000.79,0.10774
5001.7,0.10602
5002.6,0.10458
5003.5,0.10272
5004.4,0.10244
5005.3,0.10131
5006.2,0.10105
5007.1,0.10096
5008.0,0.10125
5008.9,0.10142
5009.8,0.10188
5010.7,0.10197
5011.6,0.10136
5012.5,0.10136
5013.4,0.10062
5014.3,0.099724
5015.2,0.098662
5016.1,0.09896
5017.0,0.099262
5017.9,0.098772
5018.8,0.10012
5019.7,0.10049
5020.6,0.10156
5021.5,0.10198
5022.4,0.10297
5023.3,0.1032
5024.2,0.10393
5025.1,0.10448
5026.0,0.10526
5026.9,0.10603
5027.8,0.10702
5028.7,0.10781
5029.6,0.10908
5030.5,0.11045
5031.4,0.11159
5032.3,0.11319
5033.2,0.11375
5034.1,0.11323
5035.0,0.11298
5035.9,0.11184
5036.8,0.10972
5037.7,0.10786
5038.6,0.10551
5039.5,0.10236
5040.41,0.10124
5041.31,0.10026
5042.21,0.10048
5043.11,0.10172
5044.01,0.1033
5044.91,0.106
5045.81,0.10852
5046.71,0.10985
5047.61,0.11073
5048.51,0.11115
5049.41,0.1105
5050.31,0.10874
5051.21,0.10868
5052.11,0.10824
5053.01,0.10843
5053.91,0.10938
5054.81,0.1108
5055.71,0.11244
5056.61,0.11381
5057.51,0.11489
5058.41,0.11652
5059.31,0.1174
5060.21,0.11816
5061.11,0.11851
5062.01,0.11853
5062.91,0.11712
5063.81,0.1159
5064.71,0.11391
5065.61,0.11236
5066.51,0.11042
5067.41,0.1092
5068.31,0.10896
5069.21,0.10811
5070.11,0.10791
5071.01,0.10825
5071.91,0.10843
5072.81,0.10912
5073.71,0.10892
5074.61,0.10915
5075.51,0.10924
5076.42,0.10863
5077.31,0.10751
5078.21,0.10649
5079.12,0.10466
5080.02,0.10354
5080.92,0.10223
5081.82,0.1012
5082.72,0.10144
5083.62,0.10174
5084.52,0.10261
5085.42,0.10436
5086.32,0.10551
5087.22,0.1078
5088.12,0.10885
5089.02,0.11031
5089.92,0.11151
5090.82,0.11205
5091.72,0.11327
5092.62,0.1141
5093.52,0.11442
5094.42,0.11355
5095.32,0.11264
5096.22,0.11158
5097.12,0.10986
5098.02,0.10887
5098.92,0.10734
5099.82,0.10678
5100.72,0.10545
5101.62,0.10572
5102.52,0.10619
5103.42,0.10688
5104.32,0.10725
5105.22,0.1073
5106.12,0.10716
5107.02,0.10601
5107.92,0.10588
5108.82,0.10535
5109.72,0.10478
5110.62,0.1048
5111.52,0.10611
5112.42,0.1067
5113.32,0.10826
5114.22,0.10961
5115.12,0.11081
5116.03,0.11255
5116.93,0.1132
5117.83,0.11386
5118.73,0.11423
5119.63,0.11427
5120.53,0.11279
5121.43,0.11165
5122.33,0.10931
5123.23,0.10737
5124.13,0.10551
5125.03,0.10364
5125.93,0.10189
5126.83,0.10095
5127.73,0.10081
5128.63,0.10099
5129.53,0.10198
5130.43,0.10315
5131.33,0.1039
5132.23,0.10482
5133.13,0.10623
5134.03,0.10715
5134.93,0.10818
5135.83,0.10797
5136.73,0.10786
5137.63,0.10755
5138.53,0.10666
5139.43,0.10545
5140.33,0.10483
5141.23,0.10438
5142.13,0.10358
5143.03,0.10344
5143.93,0.10315
5144.83,0.10336
5145.73,0.10301
5146.63,0.10245
5147.53,0.10223
5148.43,0.10205
5149.33,0.10184
5150.23,0.10199
5151.13,0.10215
5152.03,0.10237
5152.94,0.10243
5153.84,0.10324
5154.74,0.10425
5155.64,0.10466
5156.54,0.10624
5157.44,0.10782
5158.34,0.10907
5159.24,0.11037
5160.14,0.10994
5161.04,0.1097
5161.94,0.10812
5162.84,0.10562
5163.74,0.10267
5164.64,0.098563
5165.54,0.094239
5166.44,0.08964
5167.34,0.084762
5168.24,0.081133
5169.14,0.078241
5170.04,0.075934
5170.94,0.075208
5171.84,0.074901
5172.74,0.075252
5173.64,0.076853
5174.54,0.078955
5175.44,0.081723
5176.34,0.084988
5177.24,0.088399
5178.14,0.090372
5179.04,0.091817
5179.94,0.091737
5180.84,0.090409
5181.74,0.08854
5182.64,0.085904
5183.54,0.084192
5184.44,0.083326
5185.34,0.084301
5186.24,0.085867
5187.14,0.088718
5188.04,0.09227
5188.94,0.095593
5189.84,0.098474
5190.75,0.10068
5191.65,0.10117
5192.55,0.1014
5193.45,0.10181
5194.35,0.10141
5195.25,0.1019
5196.15,0.10298
5197.05,0.10456
5197.95,0.106
5198.85,0.10667
5199.75,0.10839
5200.65,0.10894
5201.55,0.10828
5202.45,0.10754
5203.35,0.10558
5204.25,0.10313
5205.15,0.10026
5206.05,0.097817
5206.95,0.09564
5207.85,0.094212
5208.75,0.093669
5209.65,0.094211
5210.55,0.095839
5211.45,0.098154
5212.35,0.1012
5213.25,0.10346
5214.15,0.10647
5215.05,0.10789
5215.95,0.10963
5216.85,0.11093
5217.75,0.11247
5218.65,0.11292
5219.55,0.11393
5220.45,0.11475
5221.35,0.11415
5222.25,0.11373
5223.15,0.11251
5224.05,0.11081
5224.95,0.1083
5225.85,0.10613
5226.75,0.10433
5227.66,0.10367
5228.56,0.10348
5229.46,0.10428
5230.36,0.10612
5231.26,0.10751
5232.16,0.10918
5233.06,0.11092
5233.96,0.11167
5234.86,0.11298
5235.76,0.11448
5236.66,0.11573
5237.56,0.11712
5238.46,0.11808
5239.36,0.12003
5240.26,0.12092
5241.16,0.12159
5242.06,0.12178
5242.96,0.12183
5243.86,0.12158
5244.76,0.12071
5245.66,0.11966
5246.56,0.11878
5247.46,0.11732
5248.36,0.11544
5249.26,0.11458
5250.16,0.11362
5251.06,0.11332
5251.96,0.11259
5252.86,0.11329
5253.76,0.11353
5254.66,0.1148
5255.56,0.11533
5256.46,0.11716
5257.36,0.11875
5258.26,0.11841
5259.16,0.11895
5260.06,0.11803
5260.96,0.11723
5261.86,0.11405
5262.76,0.11101
5263.66,0.10663
5264.56,0.10358
5265.47,0.10006
5266.37,0.096578
5267.27,0.094396
5268.17,0.092473
5269.07,0.091824
5269.97,0.092509
5270.87,0.09347
5271.77,0.095168
5272.67,0.097674
5273.57,0.10009
5274.47,0.10396
5275.37,0.10751
5276.27,0.11009
5277.17,0.11289
5278.07,0.11499
5278.97,0.11693
5279.87,0.11768
5280.77,0.11793
5281.67,0.11838
5282.57,0.11814
5283.47,0.11843
5284.37,0.11845
5285.27,0.11978
5286.17,0.12153
5287.07,0.12322
5287.97,0.12511
5288.87,0.1269
5289.77,0.12824
5290.67,0.12907
5291.57,0.12968
5292.47,0.12947
5293.37,0.12885
5294.27,0.12755
5295.17,0.12503
5296.07,0.12256
5296.97,0.1207
5297.87,0.11865
5298.77,0.11682
5299.67,0.11607
5300.57,0.1165
5301.48,0.11752
5302.38,0.11876
5303.27,0.12095
5304.18,0.1231
5305.08,0.1255
5305.98,0.12755
5306.88,0.12932
5307.78,0.13073
5308.68,0.13133
5309.58,0.13183
5310.48,0.1327
5311.38,0.13309
5312.28,0.13259
5313.18,0.13194
5314.08,0.1315
5314.98,0.13051
5315.88,0.13003
5316.78,0.12898
5317.68,0.12792
5318.58,0.12779
5319.48,0.12645
5320.38,0.12607
5321.28,0.12466
5322.18,0.12295
5323.08,0.12112
5323.98,0.11878
5324.88,0.11633
5325.78,0.11427
5326.68,0.11083
5327.58,0.10901
5328.48,0.10764
5329.38,0.10695
5330.28,0.10746
5331.18,0.10906
5332.08,0.11164
5332.98,0.11479
5333.88,0.11746
5334.78,0.12058
5335.68,0.12269
5336.58,0.12424
5337.48,0.12463
5338.38,0.12419
5339.28,0.1234
5340.19,0.12247
5341.08,0.12183
5341.99,0.12089
5342.89,0.12079
5343.79,0.12051
5344.69,0.12083
5345.59,0.12099
5346.49,0.12096
5347.39,0.12173
5348.29,0.12216
5349.19,0.12264
5350.09,0.12253
5350.99,0.12428
5351.89,0.12571
5352.79,0.12788
5353.69,0.12947
5354.59,0.13171
5355.49,0.13375
5356.39,0.1357
5357.29,0.13582
5358.19,0.13625
5359.09,0.13688
5359.99,0.13676
5360.89,0.13551
5361.79,0.13443
5362.69,0.13317
5363.59,0.13118
5364.49,0.1291
5365.39,0.12729
5366.29,0.12565
5367.19,0.12389
5368.09,0.1224
5368.99,0.12002
5369.89,0.11891
5370.79,0.11747
5371.69,0.11661
5372.59,0.11785
5373.49,0.11873
5374.39,0.12077
5375.29,0.12263
5376.19,0.12448
5377.09,0.12716
5378.0,0.12918
5378.9,0.12974
5379.8,0.13047
5380.7,0.1303
5381.6,0.12993
5382.5,0.13039
5383.4,0.1296
5384.3,0.12907
5385.2,0.12836
5386.1,0.12824
5387.0,0.128
5387.9,0.12719
5388.8,0.12572
5389.7,0.12501
5390.6,0.12426
5391.5,0.1226
5392.4,0.12106
5393.3,0.1199
5394.2,0.11897
5395.1,0.11798
5396.0,0.11732
5396.9,0.11658
5397.8,0.11599
5398.7,0.11617
5399.6,0.11642
5400.5,0.11643
5401.4,0.11651
5402.3,0.11615
5403.2,0.11573
5404.1,0.11476
5405.0,0.11365
5405.9,0.11256
5406.8,0.11174
5407.7,0.11125
5408.6,0.11158
5409.5,0.11222
5410.4,0.11405
5411.3,0.11605
5412.2,0.11768
5413.1,0.12034
5414.0,0.12228
5414.9,0.12432
5415.81,0.12604
5416.71,0.12698
5417.61,0.12852
5418.51,0.12874
5419.41,0.12947
5420.31,0.12903
5421.21,0.1291
5422.11,0.12827
5423.01,0.12794
5423.91,0.12732
5424.81,0.1265
5425.71,0.12581
5426.61,0.1257
5427.51,0.12504
5428.41,0.12457
5429.31,0.12338
5430.21,0.1224
5431.11,0.12057
5432.01,0.12013
5432.91,0.11905
5433.81,0.11802
5434.71,0.11818
5435.61,0.1191
5436.51,0.12043
5437.41,0.12167
5438.31,0.12384
5439.21,0.12583
5440.11,0.12757
5441.01,0.12924
5441.91,0.13055
5442.81,0.13043
5443.71,0.12996
5444.61,0.12905
5445.51,0.1274
5446.41,0.12548
5447.31,0.12306
5448.21,0.12267
5449.11,0.12142
5450.01,0.12114
5450.91,0.12174
5451.81,0.12133
5452.72,0.12173
5453.62,0.12175
5454.52,0.12106
5455.42,0.1207
5456.32,0.12081
5457.22,0.12071
5458.12,0.1209
5459.02,0.12191
5459.92,0.12235
5460.82,0.12263
5461.72,0.12315
5462.62,0.12328
5463.52,0.12302
5464.42,0.12306
5465.32,0.12273
5466.22,0.12258
5467.12,0.12336
5468.02,0.12372
5468.92,0.1239
5469.82,0.12326
5470.72,0.12379
5471.62,0.12275
5472.52,0.12217
5473.42,0.12113
5474.32,0.12002
5475.22,0.11884
5476.12,0.11791
5477.02,0.11732
5477.92,0.11668
5478.82,0.11667
5479.72,0.11731
5480.62,0.11714
5481.52,0.11776
5482.42,0.11875
5483.32,0.11908
5484.22,0.12084
5485.12,0.12148
5486.02,0.12183
5486.92,0.12292
5487.82,0.12324
5488.72,0.12388
5489.62,0.12375
5490.53,0.12368
5491.43,0.12397
5492.33,0.12458
5493.23,0.12395
5494.13,0.12388
5495.03,0.12448
5495.93,0.12432
5496.83,0.12389
5497.73,0.12417
5498.63,0.12437
5499.53,0.12447
5500.43,0.1237
5501.33,0.12381
5502.23,0.12315
5503.13,0.12311
5504.03,0.12245
5504.93,0.12161
5505.83,0.12131
5506.73,0.12113
5507.63,0.1206
5508.53,0.12068
5509.43,0.12011
5510.33,0.12052
5511.23,0.11991
5512.13,0.1197
5513.03,0.11903
5513.93,0.11879
5514.83,0.11931
5515.73,0.12026
5516.63,0.12041
5517.53,0.12191
5518.43,0.12311
5519.33,0.12426
5520.23,0.12615
5521.13,0.12756
5522.03,0.128
5522.93,0.1278
5523.83,0.12718
5524.73,0.12671
5525.63,0.12593
5526.54,0.12509
5527.44,0.1245
5528.33,0.12362
5529.24,0.12336
5530.14,0.12238
5531.04,0.12311
5531.94,0.1234
5532.84,0.12383
5533.74,0.1245
5534.64,0.12481
5535.54,0.12551
5536.44,0.12565
5537.34,0.1259
5538.24,0.12677
5539.14,0.12699
5540.04,0.12759
5540.94,0.12835
5541.84,0.12831
5542.74,0.12881
5543.64,0.12942
5544.54,0.12955
5545.44,0.13011
5546.34,0.13012
5547.24,0.13034
5548.14,0.13094
5549.04,0.13106
5549.94,0.13175
5550.84,0.13193
5551.74,0.13249
5552.64,0.13224
5553.54,0.13144
5554.44,0.13172
5555.34,0.1308
5556.24,0.13032
5557.14,0.13017
5558.04,0.12903
5558.94,0.12838
5559.84,0.12793
5560.74,0.12769
5561.64,0.1273
5562.54,0.12733
5563.44,0.12632
5564.34,0.12581
5565.25,0.12539
5566.15,0.1251
5567.05,0.12459
5567.95,0.12434
5568.85,0.12488
5569.75,0.1241
5570.65,0.12453
5571.55,0.12443
5572.45,0.12473
5573.35,0.12525
5574.25,0.12536
5575.15,0.12602
5576.05,0.12682
5576.95,0.12762
5577.85,0.12886
5578.75,0.12857
5579.65,0.12893
5580.55,0.12934
5581.45,0.12868
5582.35,0.12775
5583.25,0.1266
5584.15,0.12569
5585.05,0.12342
5585.95,0.12186
5586.85,0.11986
5587.75,0.11836
5588.65,0.11718
5589.55,0.1166
5590.45,0.1164
5591.35,0.11683
5592.25,0.11729
5593.15,0.1186
5594.05,0.11933
5594.95,0.12115
5595.85,0.12144
5596.75,0.12285
5597.65,0.12305
5598.55,0.12245
5599.45,0.12228
5600.35,0.12175
5601.25,0.12145
5602.15,0.12126
5603.06,0.12215
5603.96,0.12309
5604.86,0.12373
5605.76,0.12524
5606.66,0.1269
5607.56,0.12858
5608.46,0.13011
5609.36,0.1312
5610.26,0.13138
5611.16,0.13113
5612.06,0.13072
5612.96,0.12937
5613.86,0.12774
5614.76,0.1268
5615.66,0.12524
5616.56,0.1241
5617.46,0.12306
5618.36,0.12218
5619.26,0.12258
5620.16,0.12217
5621.06,0.12316
5621.96,0.12253
5622.86,0.12354
5623.76,0.1233
5624.66,0.12337
5625.56,0.12362
5626.46,0.12331
5627.36,0.12369
5628.26,0.12503
5629.16,0.12521
5630.06,0.12664
5630.96,0.12802
5631.86,0.12811
5632.76,0.12889
5633.66,0.12882
5634.56,0.12902
5635.46,0.12809
5636.36,0.12793
5637.26,0.12698
5638.16,0.1266
5639.06,0.12562
5639.96,0.12533
5640.86,0.12512
5641.77,0.12495
5642.67,0.12487
5643.57,0.12507
5644.47,0.12537
5645.37,0.12553
5646.27,0.12553
5647.17,0.12607
5648.07,0.12634
5648.97,0.12703
5649.87,0.12745
5650.77,0.12695
5651.67,0.12765
5652.57,0.12774
5653.47,0.12725
5654.37,0.12695
5655.27,0.12629
5656.17,0.12528
5657.07,0.1243
5657.97,0.12406
5658.87,0.12306
5659.77,0.12233
5660.67,0.12194
5661.57,0.12191
5662.47,0.12196
5663.37,0.12256
5664.27,0.12309
5665.17,0.12356
5666.07,0.12443
5666.97,0.12512
5667.87,0.12605
5668.77,0.12673
5669.67,0.12704
5670.57,0.12767
5671.47,0.12812
5672.37,0.12862
5673.27,0.12956
5674.17,0.13037
5675.07,0.13087
5675.97,0.13155
5676.88,0.13232
5677.77,0.13246
5678.68,0.13187
5679.58,0.13192
5680.48,0.13087
5681.38,0.13045
5682.28,0.12979
5683.18,0.12932
5684.08,0.12777
5684.98,0.12712
5685.88,0.12704
5686.78,0.12698
5687.68,0.1271
5688.58,0.12737
5689.48,0.12722
5690.38,0.12868
5691.28,0.12879
5692.18,0.12923
5693.08,0.13058
5693.98,0.13073
5694.88,0.13121
5695.78,0.13081
5696.68,0.1313
5697.58,0.13078
5698.48,0.12974
5699.38,0.12862
5700.28,0.12802
5701.18,0.1269
5702.08,0.12653
5702.98,0.12559
5703.88,0.12465
5704.78,0.12381
5705.68,0.12353
5706.58,0.12251
5707.48,0.12207
5708.38,0.1219
5709.28,0.12134
5710.18,0.12084
5711.08,0.12088
5711.98,0.12164
5712.88,0.12236
5713.78,0.12359
5714.68,0.12495
5715.59,0.1267
5716.49,0.12814
5717.39,0.1304
5718.29,0.13181
5719.19,0.13274
5720.09,0.13404
5720.99,0.13442
5721.89,0.13541
5722.79,0.13573
5723.69,0.13618
5724.59,0.13674
5725.49,0.13624
5726.39,0.13614
5727.29,0.13574
5728.19,0.13491
5729.09,0.13484
5729.99,0.1343
5730.89,0.13424
5731.79,0.13437
5732.69,0.13405
5733.59,0.13416
5734.49,0.13417
5735.39,0.13515
5736.29,0.13536
5737.19,0.13528
5738.09,0.13516
5738.99,0.13527
5739.89,0.13495
5740.79,0.13512
5741.69,0.13514
5742.59,0.13497
5743.49,0.13482
5744.39,0.13492
5745.29,0.13523
5746.19,0.13522
5747.09,0.13507
5747.99,0.13582
5748.89,0.13526
5749.79,0.13419
5750.69,0.13412
5751.59,0.13368
5752.5,0.13277
5753.4,0.13245
5754.3,0.13226
5755.2,0.13194
5756.1,0.13217
5757.0,0.13288
5757.9,0.13267
5758.8,0.13287
5759.7,0.13248
5760.6,0.13278
5761.5,0.13249
5762.4,0.13233
5763.3,0.13215
5764.2,0.13236
5765.1,0.13284
5766.0,0.13406
5766.9,0.1347
5767.8,0.13538
5768.7,0.1361
5769.6,0.13678
5770.5,0.13689
5771.4,0.1368
5772.3,0.13581
5773.2,0.13588
5774.1,0.13543
5775.0,0.1349
5775.9,0.1345
5776.8,0.13387
5777.7,0.13298
5778.6,0.13164
5779.5,0.13034
5780.4,0.12934
5781.3,0.1278
5782.2,0.12633
5783.1,0.12529
5784.0,0.12419
5784.9,0.12345
5785.8,0.12363
5786.7,0.12389
5787.6,0.12491
5788.5,0.12577
5789.41,0.12701
5790.31,0.12856
5791.21,0.12976
5792.11,0.13086
5793.01,0.13178
5793.91,0.13277
5794.81,0.13347
5795.71,0.1342
5796.61,0.13501
5797.51,0.13524
5798.41,0.13643
5799.31,0.13651
5800.21,0.13695
5801.11,0.13736
5802.01,0.13775
5802.91,0.13805
5803.81,0.13737
5804.71,0.13797
5805.61,0.13743
5806.51,0.13654
5807.41,0.13628
5808.31,0.13611
5809.21,0.13594
5810.11,0.136
5811.01,0.13583
5811.91,0.13617
5812.81,0.13585
5813.71,0.13574
5814.61,0.13611
5815.51,0.1355
5816.41,0.13567
5817.31,0.13565
5818.21,0.13588
5819.11,0.13679
5820.01,0.13726
5820.91,0.13842
5821.81,0.13878
5822.71,0.13853
5823.61,0.13899
5824.51,0.13958
5825.41,0.13942
5826.31,0.13961
5827.22,0.139
5828.12,0.13997
5829.02,0.13941
5829.92,0.13993
5830.82,0.13955
5831.72,0.13961
5832.62,0.13919
5833.52,0.13889
5834.42,0.13876
5835.32,0.13814
5836.22,0.13821
5837.12,0.13796
5838.02,0.13755
5838.92,0.13814
5839.82,0.1377
5840.72,0.13812
5841.62,0.13885
5842.52,0.1389
5843.42,0.13866
5844.32,0.13938
5845.22,0.13848
5846.12,0.13811
5847.02,0.13762
5847.92,0.13658
5848.82,0.13532
5849.72,0.13546
5850.62,0.13427
5851.52,0.13408
5852.42,0.13287
5853.32,0.13204
5854.22,0.13089
5855.12,0.13051
5856.02,0.12952
5856.92,0.12916
5857.82,0.1285
5858.72,0.12745
5859.62,0.12798
5860.52,0.12787
5861.42,0.12849
5862.32,0.12857
5863.23,0.12906
5864.12,0.13003
5865.03,0.1306
5865.93,0.13087
5866.83,0.13128
5867.73,0.13156
5868.63,0.13151
5869.53,0.13253
5870.43,0.133
5871.33,0.13283
5872.23,0.1338
5873.13,0.13331
5874.03,0.13359
5874.93,0.13291
5875.83,0.13288
5876.73,0.13205
5877.63,0.13137
5878.53,0.1304
5879.43,0.12974
5880.33,0.12865
5881.23,0.12802
5882.13,0.12689
5883.03,0.12563
5883.93,0.12365
5884.83,0.12177
5885.73,0.11966
5886.63,0.11605
5887.53,0.1123
5888.43,0.10877
5889.33,0.10441
5890.23,0.10069
5891.13,0.097744
5892.03,0.095336
5892.93,0.093883
5893.83,0.093112
5894.73,0.093783
5895.63,0.094897
5896.53,0.096202
5897.43,0.098583
5898.33,0.10123
5899.23,0.10492
5900.13,0.10772
5901.04,0.11137
5901.94,0.11486
5902.83,0.1184
5903.74,0.12104
5904.64,0.12292
5905.54,0.1244
5906.44,0.12597
5907.34,0.12746
5908.24,0.12787
5909.14,0.12832
5910.04,0.12889
5910.94,0.12929
5911.84,0.12884
5912.74,0.12914
5913.64,0.12892
5914.54,0.12828
5915.44,0.12842
5916.34,0.12785
5917.24,0.12822
5918.14,0.1282
5919.04,0.12858
5919.94,0.1289
5920.84,0.1295
5921.74,0.12992
5922.64,0.13037
5923.54,0.13109
5924.44,0.13072
5925.34,0.13099
5926.24,0.1314
5927.14,0.13137
5928.04,0.13129
5928.94,0.13116
5929.84,0.131
5930.74,0.13065
5931.64,0.13086
5932.54,0.13088
5933.44,0.13051
5934.34,0.13091
5935.24,0.13038
5936.14,0.13059
5937.04,0.13144
5937.94,0.13163
5938.85,0.13146
5939.75,0.13146
5940.65,0.13148
5941.55,0.13171
5942.45,0.13174
5943.35,0.13222
5944.25,0.13205
5945.15,0.13186
5946.05,0.13201
5946.95,0.13135
5947.85,0.13225
5948.75,0.13091
5949.65,0.13144
5950.55,0.13073
5951.45,0.13112
5952.35,0.13025
5953.25,0.13014
5954.15,0.13007
5955.05,0.12965
5955.95,0.12965
5956.85,0.12938
5957.75,0.12986
5958.65,0.13033
5959.55,0.1305
5960.45,0.13088
5961.35,0.13172
5962.25,0.1323
5963.15,0.13274
5964.05,0.13278
5964.95,0.13306
5965.85,0.13356
5966.75,0.13336
5967.65,0.13391
5968.55,0.13403
5969.45,0.13465
5970.35,0.13512
5971.25,0.13497
5972.15,0.13487
5973.05,0.13507
5973.95,0.13513
5974.85,0.13377
5975.75,0.13385
5976.65,0.13276
5977.56,0.13259
5978.46,0.1316
5979.36,0.13107
5980.26,0.13097
5981.16,0.13064
5982.06,0.13048
5982.96,0.13
5983.86,0.13001
5984.76,0.12964
5985.66,0.13006
5986.56,0.12964
5987.46,0.13055
5988.36,0.1303
5989.26,0.13132
5990.16,0.13173
5991.06,0.13179
5991.96,0.13281
5992.86,0.13308
5993.76,0.13303
5994.66,0.13367
5995.56,0.1336
5996.46,0.1324
5997.36,0.132
5998.26,0.13202
5999.16,0.13177
6000.06,0.13181
6000.96,0.13123
6001.86,0.13091
6002.76,0.13043
6003.66,0.13088
6004.56,0.13026
6005.46,0.12986
6006.36,0.12997
6007.26,0.12953
6008.16,0.13036
6009.06,0.12952
6009.96,0.12956
6010.86,0.12975
6011.76,0.12901
6012.67,0.12975
6013.56,0.13002
6014.47,0.12923
6015.37,0.1292
6016.27,0.12941
6017.17,0.12911
6018.07,0.1287
6018.97,0.12806
6019.87,0.12902
6020.77,0.1288
6021.67,0.12865
6022.57,0.12862
6023.47,0.1294
6024.37,0.12971
6025.27,0.13046
6026.17,0.13118
6027.07,0.13185
6027.97,0.13317
6028.87,0.13325
6029.77,0.1342
6030.67,0.1349
6031.57,0.13597
6032.47,0.13626
6033.37,0.13641
6034.27,0.13707
6035.17,0.13794
6036.07,0.13768
6036.97,0.13732
6037.87,0.1376
6038.77,0.13766
6039.67,0.13727
6040.57,0.13744
6041.47,0.13817
6042.37,0.137
6043.27,0.13773
6044.17,0.13779
6045.07,0.1386
6045.97,0.13892
6046.87,0.1388
6047.77,0.13884
6048.67,0.13921
6049.57,0.13928
6050.47,0.13927
6051.38,0.1386
6052.28,0.13856
6053.18,0.13777
6054.08,0.13777
6054.98,0.13753
6055.88,0.13715
6056.78,0.13613
6057.68,0.13554
6058.58,0.13584
6059.48,0.13536
6060.38,0.13512
6061.28,0.1343
6062.18,0.1346
6063.08,0.1347
6063.98,0.13433
6064.88,0.1343
6065.78,0.13449
6066.68,0.13491
6067.58,0.13488
6068.48,0.13634
6069.38,0.1371
6070.28,0.13804
6071.18,0.13876
6072.08,0.13904
6072.98,0.14027
6073.88,0.13995
6074.78,0.14006
6075.68,0.14001
6076.58,0.13928
6077.48,0.13893
6078.38,0.13759
6079.28,0.13648
6080.18,0.13582
6081.08,0.13564
6081.98,0.13428
6082.88,0.13365
6083.78,0.13412
6084.68,0.1332
6085.58,0.13276
6086.48,0.1331
6087.38,0.13364
6088.28,0.13309
6089.19,0.13316
6090.09,0.13292
6090.99,0.13285
6091.89,0.1322
6092.79,0.13308
6093.69,0.1329
6094.59,0.13374
6095.49,0.13368
6096.39,0.13366
6097.29,0.13373
6098.19,0.13356
6099.09,0.13358
6099.99,0.13338
6100.89,0.13227
6101.79,0.1323
6102.69,0.13181
6103.59,0.13096
6104.49,0.1312
6105.39,0.13073
6106.29,0.13082
6107.19,0.1312
6108.09,0.13191
6108.99,0.13295
6109.89,0.13359
6110.79,0.13398
6111.69,0.13519
6112.59,0.13545
6113.49,0.13599
6114.39,0.13619
6115.29,0.13559
6116.19,0.13547
6117.09,0.13524
6117.99,0.13448
6118.89,0.13315
6119.79,0.13313
6120.69,0.1315
6121.59,0.13116
6122.49,0.13044
6123.39,0.13011
6124.29,0.12961
6125.19,0.13015
6126.1,0.13003
6127.0,0.13084
6127.9,0.13143
6128.8,0.13198
6129.7,0.1324
6130.6,0.13293
6131.5,0.13248
6132.4,0.1327
6133.3,0.13278
6134.2,0.13202
6135.1,0.13048
6136.0,0.12982
6136.9,0.12849
6137.8,0.12767
6138.7,0.12763
6139.6,0.12746
6140.5,0.12805
6141.4,0.12907
6142.3,0.13075
6143.2,0.13159
6144.1,0.13229
6145.0,0.13297
6145.9,0.13403
6146.8,0.13425
6147.7,0.13514
6148.6,0.1349
6149.5,0.13465
6150.4,0.1341
6151.3,0.13342
6152.2,0.13266
6153.1,0.13262
6154.0,0.13222
6154.9,0.13138
6155.8,0.13024
6156.7,0.12945
6157.6,0.12818
6158.5,0.12742
6159.4,0.12497
6160.3,0.12317
6161.2,0.12133
6162.1,0.11962
6163.01,0.11813
6163.91,0.11771
6164.81,0.11702
6165.71,0.11756
6166.61,0.11716
6167.51,0.11765
6168.41,0.11868
6169.31,0.11897
6170.21,0.1197
6171.11,0.12089
6172.01,0.12168
6172.91,0.12233
6173.81,0.12348
6174.71,0.12432
6175.61,0.12518
6176.51,0.12608
6177.41,0.12674
6178.31,0.12777
6179.21,0.1284
6180.11,0.12884
6181.01,0.12841
6181.91,0.12898
6182.81,0.1292
6183.71,0.12903
6184.61,0.12832
6185.51,0.12798
6186.41,0.12753
6187.31,0.12618
6188.21,0.12585
6189.11,0.12499
6190.01,0.12394
6190.91,0.12293
6191.81,0.12268
6192.71,0.12269
6193.61,0.12293
6194.51,0.12289
6195.41,0.12461
6196.31,0.12453
6197.21,0.12544
6198.11,0.126
6199.01,0.12684
6199.92,0.12736
6200.82,0.12731
6201.72,0.12683
6202.62,0.12782
6203.52,0.12849
6204.42,0.12906
6205.32,0.12922
6206.22,0.12935
6207.12,0.12888
6208.02,0.12899
6208.92,0.12923
6209.82,0.12866
6210.72,0.12752
6211.62,0.12656
6212.52,0.12577
6213.42,0.12406
6214.32,0.12318
6215.22,0.12165
6216.12,0.12056
6217.02,0.12001
6217.92,0.11943
6218.82,0.11914
6219.72,0.11935
6220.62,0.11923
6221.52,0.12012
6222.42,0.12007
6223.32,0.11974
6224.22,0.12003
6225.12,0.12059
6226.02,0.12048
6226.92,0.12045
6227.82,0.1208
6228.72,0.12015
6229.62,0.1201
6230.52,0.11933
6231.42,0.11938
6232.32,0.11939
6233.22,0.11959
6234.12,0.11993
6235.02,0.1204
6235.92,0.12085
6236.83,0.12089
6237.73,0.12158
6238.63,0.12145
6239.53,0.12102
6240.43,0.12095
6241.33,0.12041
6242.23,0.12007
6243.13,0.11895
6244.03,0.11878
6244.93,0.11885
6245.83,0.11872
6246.73,0.11885
6247.63,0.12009
6248.53,0.11987
6249.43,0.12002
6250.33,0.12066
6251.23,0.12022
6252.13,0.11985
6253.03,0.11938
6253.93,0.11834
6254.83,0.11754
6255.73,0.11647
6256.63,0.11618
6257.53,0.11614
6258.43,0.11616
6259.33,0.11627
6260.23,0.11655
6261.13,0.11709
6262.03,0.1182
6262.93,0.11993
6263.83,0.12033
6264.73,0.12163
6265.63,0.12257
6266.53,0.12264
6267.43,0.12333
6268.33,0.12375
6269.23,0.1246
6270.13,0.12481
6271.03,0.12454
6271.93,0.12481
6272.83,0.12569
6273.73,0.12536
6274.64,0.1258
6275.54,0.12583
6276.44,0.12584
6277.34,0.12611
6278.24,0.12576
6279.14,0.12601
6280.04,0.12613
6280.94,0.12621
6281.84,0.12598
6282.74,0.12673
6283.64,0.12653
6284.54,0.12676
6285.44,0.12865
6286.34,0.12803
6287.24,0.12872
6288.14,0.1287
6289.04,0.12946
6289.94,0.12917
6290.84,0.12884
6291.74,0.12932
6292.64,0.12889
6293.54,0.12827
6294.44,0.12741
6295.34,0.1264
6296.24,0.12639
6297.14,0.12573
6298.04,0.1252
6298.94,0.1245
6299.84,0.1248
6300.74,0.12456
6301.64,0.12463
6302.54,0.12515
6303.44,0.12459
6304.34,0.12486
6305.24,0.12561
6306.14,0.12632
6307.04,0.12698
6307.94,0.12728
6308.84,0.12727
6309.74,0.12823
6310.64,0.12746
6311.54,0.12803
6312.45,0.12676
6313.35,0.12769
6314.25,0.12665
6315.15,0.12571
6316.05,0.12458
6316.95,0.1241
6317.85,0.12409
6318.75,0.1235
6319.65,0.12355
6320.55,0.12434
6321.45,0.12449
6322.35,0.12556
6323.25,0.12674
6324.15,0.12718
6325.05,0.12788
6325.95,0.12856
6326.85,0.12917
6327.75,0.1298
6328.65,0.1301
6329.55,0.13037
6330.45,0.1305
6331.35,0.13063
6332.25,0.13002
6333.15,0.12976
6334.05,0.12945
6334.95,0.12943
6335.85,0.12872
6336.75,0.12807
6337.65,0.12768
6338.55,0.12712
6339.45,0.12685
6340.35,0.12692
6341.25,0.12669
6342.15,0.12709
6343.05,0.12706
6343.95,0.12726
6344.85,0.12721
6345.75,0.12751
6346.65,0.12766
6347.55,0.12867
6348.46,0.129
6349.35,0.12923
6350.26,0.12987
6351.16,0.12995
6352.06,0.12949
6352.96,0.12982
6353.86,0.12946
6354.76,0.12901
6355.66,0.1282
6356.56,0.12691
6357.46,0.12659
6358.36,0.1248
6359.26,0.1231
6360.16,0.12191
6361.06,0.1213
6361.96,0.12109
6362.86,0.12069
6363.76,0.12089
6364.66,0.12122
6365.56,0.1222
6366.46,0.12371
6367.36,0.12457
6368.26,0.12584
6369.16,0.12642
6370.06,0.12821
6370.96,0.12899
6371.86,0.12996
6372.76,0.13162
6373.66,0.13164
6374.56,0.13221
6375.46,0.13231
6376.36,0.13193
6377.26,0.13244
6378.16,0.13235
6379.06,0.13208
6379.96,0.13155
6380.86,0.13099
6381.76,0.13075
6382.66,0.13071
6383.56,0.13135
6384.46,0.13109
6385.36,0.13182
6386.27,0.13124
6387.17,0.13174
6388.07,0.1317
6388.97,0.13203
6389.87,0.13191
6390.77,0.13171
6391.67,0.13102
6392.57,0.13024
6393.47,0.12973
6394.37,0.12954
6395.27,0.12921
6396.17,0.12889
6397.07,0.12919
6397.97,0.12874
6398.87,0.1286
6399.77,0.12923
6400.67,0.1287
6401.57,0.12939
6402.47,0.12897
6403.37,0.12966
6404.27,0.13011
6405.17,0.13072
6406.07,0.13079
6406.97,0.13108
6407.87,0.13092
6408.77,0.13062
6409.67,0.13018
6410.57,0.12978
6411.47,0.13005
6412.37,0.12997
6413.27,0.12921
6414.17,0.12943
6415.07,0.12941
6415.97,0.12931
6416.87,0.13019
6417.77,0.12949
6418.67,0.13028
6419.57,0.13006
6420.47,0.12954
6421.37,0.12958
6422.27,0.12995
6423.17,0.12988
6424.08,0.13058
6424.98,0.13094
6425.88,0.13161
6426.78,0.13164
6427.68,0.1316
6428.58,0.13237
6429.48,0.13179
6430.38,0.13196
6431.28,0.13191
6432.18,0.13193
6433.08,0.13104
6433.98,0.13112
6434.88,0.13119
6435.78,0.13141
6436.68,0.13113
6437.58,0.13129
6438.48,0.13166
6439.38,0.13177
6440.28,0.13185
6441.18,0.1322
6442.08,0.13317
6442.98,0.13355
6443.88,0.13373
6444.78,0.13422
6445.68,0.1337
6446.58,0.13336
6447.48,0.13287
6448.38,0.13253
6449.28,0.13117
6450.18,0.13053
6451.08,0.12969
6451.98,0.12928
6452.88,0.1292
6453.78,0.12956
6454.68,0.12968
6455.58,0.12986
6456.48,0.13074
6457.38,0.13105
6458.28,0.13195
6459.18,0.13244
6460.08,0.1324
6460.98,0.1324
6461.89,0.13225
6462.79,0.13244
6463.69,0.13183
6464.59,0.13186
6465.49,0.13162
6466.39,0.13193
6467.29,0.13218
6468.19,0.13244
6469.09,0.13243
6469.99,0.13346
6470.89,0.13359
6471.79,0.13384
6472.69,0.13401
6473.59,0.13346
6474.49,0.13412
6475.39,0.13406
6476.29,0.1339
6477.19,0.13461
6478.09,0.13455
6478.99,0.13357
6479.89,0.13302
6480.79,0.13283
6481.69,0.13278
6482.59,0.1327
6483.49,0.13229
6484.39,0.1317
6485.29,0.13179
6486.19,0.13179
6487.09,0.13121
6487.99,0.13122
6488.89,0.13033
6489.79,0.13016
6490.69,0.12927
6491.59,0.12773
6492.49,0.12626
6493.39,0.12455
6494.29,0.12308
6495.19,0.12187
6496.09,0.12065
6496.99,0.11978
6497.9,0.11951
6498.79,0.12008
6499.7,0.12006
6500.6,0.12129
6501.5,0.12288
6502.4,0.12399
6503.3,0.12566
6504.2,0.12757
6505.1,0.1285
6506.0,0.12996
6506.9,0.13079
6507.8,0.13083
6508.7,0.13183
6509.6,0.1325
6510.5,0.13216
6511.4,0.13279
6512.3,0.13272
6513.2,0.13331
6514.1,0.13277
6515.0,0.13267
6515.9,0.13301
6516.8,0.13245
6517.7,0.13262
6518.6,0.13276
6519.5,0.13247
6520.4,0.13233
6521.3,0.13245
6522.2,0.13304
6523.1,0.13304
6524.0,0.13355
6524.9,0.1335
6525.8,0.13379
6526.7,0.13322
6527.6,0.13322
6528.5,0.13328
6529.4,0.13318
6530.3,0.13306
6531.2,0.13275
6532.1,0.13306
6533.0,0.13265
6533.9,0.13296
6534.8,0.13327
6535.71,0.13388
6536.61,0.13402
6537.51,0.13439
6538.41,0.13433
6539.31,0.13468
6540.21,0.13462
6541.11,0.1346
6542.01,0.13424
6542.91,0.13432
6543.81,0.13302
6544.71,0.13262
6545.61,0.13199
6546.51,0.13171
6547.41,0.13097
6548.31,0.13023
6549.21,0.1305
6550.11,0.12966
6551.01,0.12919
6551.91,0.12902
6552.81,0.12853
6553.71,0.12777
6554.61,0.127
6555.51,0.12603
6556.41,0.12533
6557.31,0.12477
6558.21,0.12328
6559.11,0.12111
6560.01,0.12006
6560.91,0.11876
6561.81,0.11736
6562.71,0.11643
6563.61,0.1157
6564.51,0.11558
6565.41,0.11506
6566.31,0.11598
6567.21,0.11712
6568.11,0.1187
6569.01,0.11948
6569.91,0.12118
6570.81,0.12282
6571.71,0.12351
6572.61,0.12425
6573.52,0.1248
6574.42,0.12548
6575.32,0.12565
6576.22,0.12611
6577.12,0.12598
6578.02,0.12759
6578.92,0.12766
6579.82,0.12786
6580.72,0.12835
6581.62,0.12872
6582.52,0.12881
6583.42,0.1297
6584.32,0.12987
6585.22,0.13018
6586.12,0.13033
6587.02,0.13084
6587.92,0.13044
6588.82,0.13007
6589.72,0.13059
6590.62,0.1292
6591.52,0.12902
6592.42,0.12868
6593.32,0.12774
6594.22,0.12756
6595.12,0.12711
6596.02,0.12681
6596.92,0.12669
6597.82,0.12724
6598.72,0.12732
6599.62,0.12763
6600.52,0.12827
6601.42,0.12883
6602.32,0.12942
6603.22,0.12975
6604.12,0.12922
6605.02,0.12915
6605.92,0.12913
6606.82,0.1287
6607.72,0.12821
6608.62,0.12796
6609.52,0.12819
6610.43,0.12843
6611.33,0.12867
6612.23,0.12864
6613.13,0.12911
6614.03,0.12941
6614.93,0.12955
6615.83,0.13048
6616.73,0.13115
6617.63,0.13136
6618.53,0.1314
6619.43,0.13125
6620.33,0.13141
6621.23,0.13142
6622.13,0.1315
6623.03,0.13095
6623.93,0.13017
6624.83,0.12969
6625.73,0.12964
6626.63,0.1293
6627.53,0.12865
6628.43,0.12861
6629.33,0.12784
6630.23,0.12698
6631.13,0.12762
6632.03,0.12658
6632.93,0.12694
6633.83,0.12619
6634.73,0.12581
6635.63,0.12605
6636.53,0.12629
6637.43,0.12628
6638.33,0.12713
6639.23,0.12706
6640.13,0.12702
6641.03,0.12726
6641.93,0.12788
6642.83,0.12761
6643.73,0.12731
6644.63,0.12745
6645.53,0.1276
6646.43,0.12751
6647.34,0.12773
6648.24,0.12791
6649.14,0.12809
6650.04,0.12761
6650.94,0.12762
6651.84,0.12799
6652.74,0.12748
6653.64,0.12728
6654.54,0.12739
6655.44,0.12747
6656.34,0.12656
6657.24,0.1272
6658.14,0.12675
6659.04,0.12638
6659.94,0.12598
6660.84,0.12559
6661.74,0.12542
6662.64,0.12507
6663.54,0.1242
6664.44,0.12434
6665.34,0.12378
6666.24,0.12388
6667.14,0.12379
6668.04,0.12485
6668.94,0.12454
6669.84,0.12486
6670.74,0.12541
6671.64,0.126
6672.54,0.12597
6673.44,0.12654
6674.34,0.12642
6675.24,0.12609
6676.14,0.12567
6677.04,0.1258
6677.94,0.12511
6678.84,0.12427
6679.74,0.1244
6680.64,0.12388
6681.54,0.12407
6682.44,0.12463
6683.34,0.12479
6684.24,0.12483
6685.15,0.12475
6686.05,0.12523
6686.95,0.12556
6687.85,0.12552
6688.75,0.1259
6689.65,0.12577
6690.55,0.12603
6691.45,0.12597
6692.35,0.12586
6693.25,0.12537
6694.15,0.12506
6695.05,0.12487
6695.95,0.1245
6696.85,0.12472
6697.75,0.12422
6698.65,0.12416
6699.55,0.12429
6700.45,0.12415
6701.35,0.12385
6702.25,0.12431
6703.15,0.12414
6704.05,0.1248
6704.95,0.12438
6705.85,0.12447
6706.75,0.12485
6707.65,0.12458
6708.55,0.124
6709.45,0.12431
6710.35,0.12396
6711.25,0.12356
6712.15,0.12272
6713.05,0.12215
6713.95,0.12148
6714.85,0.12092
6715.75,0.12065
6716.65,0.12004
6717.55,0.12013
6718.45,0.11973
6719.35,0.12011
6720.25,0.12024
6721.16,0.12084
6722.06,0.12042
6722.96,0.12098
6723.86,0.12149
6724.76,0.12142
6725.66,0.12238
6726.56,0.12189
6727.46,0.12261
6728.36,0.12284
6729.26,0.12325
6730.16,0.12362
6731.06,0.12358
6731.96,0.1242
6732.86,0.12398
6733.76,0.12396
6734.66,0.12369
6735.56,0.12376
6736.46,0.12407
6737.36,0.12336
6738.26,0.12354
6739.16,0.12325
6740.06,0.12244
6740.96,0.12217
6741.86,0.12244
6742.76,0.12199
6743.66,0.12158
6744.56,0.12165
6745.46,0.12179
6746.36,0.12181
6747.26,0.12116
6748.16,0.12065
6749.06,0.12066
6749.96,0.1205
6750.86,0.12069
6751.76,0.1212
6752.66,0.12134
6753.56,0.12151
6754.46,0.12192
6755.36,0.12171
6756.26,0.1221
6757.16,0.1227
6758.06,0.12302
6758.97,0.1239
6759.87,0.12419
6760.77,0.12401
6761.67,0.12489
6762.57,0.12493
6763.47,0.12535
6764.37,0.12488
6765.27,0.12445
6766.17,0.12389
6767.07,0.12332
6767.97,0.12321
6768.87,0.1239
6769.77,0.12327
6770.67,0.12299
6771.57,0.12318
6772.47,0.12308
6773.37,0.12387
6774.27,0.12455
6775.17,0.1244
6776.07,0.12535
6776.97,0.12527
6777.87,0.1255
6778.77,0.12589
6779.67,0.12552
6780.57,0.12582
6781.47,0.12484
6782.37,0.12448
6783.27,0.12347
6784.17,0.12351
6785.07,0.12258
6785.97,0.12236
6786.87,0.12205
6787.77,0.12124
6788.67,0.12187
6789.57,0.12165
6790.47,0.12186
6791.37,0.12203
6792.27,0.12242
6793.17,0.12265
6794.07,0.12263
6794.97,0.12209
6795.88,0.12306
6796.78,0.12265
6797.68,0.12259
6798.58,0.12314
6799.48,0.12321
6800.38,0.12299
6801.28,0.12368
6802.18,0.12371
6803.08,0.12391
6803.98,0.12349
6804.88,0.12418
6805.78,0.12375
6806.68,0.12399
6807.58,0.1234
6808.48,0.12395
6809.38,0.12324
6810.28,0.12389
6811.18,0.12345
6812.08,0.12361
6812.98,0.12348
6813.88,0.12443
6814.78,0.12342
6815.68,0.12337
6816.58,0.12371
6817.48,0.12383
6818.38,0.12459
6819.28,0.12449
6820.18,0.12439
6821.08,0.12397
6821.98,0.12485
6822.88,0.12425
6823.78,0.12452
6824.68,0.12471
6825.58,0.12525
6826.48,0.12505
6827.38,0.12535
6828.28,0.12542
6829.18,0.12505
6830.08,0.12462
6830.98,0.12527
6831.88,0.12482
6832.79,0.12509
6833.69,0.12464
6834.59,0.12441
6835.49,0.12475
6836.39,0.12425
6837.29,0.12397
6838.19,0.1232
6839.09,0.12292
6839.99,0.12299
6840.89,0.12179
6841.79,0.12219
6842.69,0.12197
6843.59,0.1217
6844.49,0.12174
6845.39,0.12218
6846.29,0.12213
6847.19,0.12244
6848.09,0.12261
6848.99,0.12288
6849.89,0.12342
6850.79,0.1231
6851.69,0.12335
6852.59,0.12374
6853.49,0.12315
6854.39,0.1221
6855.29,0.12244
6856.19,0.12158
6857.09,0.12176
6857.99,0.12146
6858.89,0.12175
6859.79,0.12063
6860.69,0.12088
6861.59,0.12095
6862.49,0.12137
6863.39,0.12102
6864.29,0.12141
6865.19,0.12114
6866.09,0.12179
6866.99,0.12188
6867.89,0.1219
6868.79,0.12184
6869.7,0.12184
6870.6,0.12224
6871.5,0.12214
6872.4,0.12204
6873.3,0.1222
6874.2,0.12266
6875.1,0.12276
6876.0,0.12276
6876.9,0.12255
6877.8,0.12268
6878.7,0.12341
6879.6,0.12314
6880.5,0.12325
6881.4,0.12308
6882.3,0.12309
6883.2,0.12315
6884.1,0.12329
6885.0,0.12315
6885.9,0.12346
6886.8,0.12447
6887.7,0.12413
6888.6,0.12478
6889.5,0.12539
6890.4,0.12502
6891.3,0.12616
6892.2,0.12607
6893.1,0.12657
6894.0,0.12653
6894.9,0.12655
6895.8,0.12643
6896.7,0.12663
6897.6,0.12669
6898.5,0.12673
6899.4,0.12685
6900.3,0.12682
6901.2,0.12656
6902.1,0.12671
6903.0,0.12703
6903.9,0.12754
6904.8,0.12761
6905.7,0.12725
6906.6,0.12748
6907.51,0.12754
6908.41,0.12765
6909.31,0.12768
6910.21,0.12819
6911.11,0.12708
6912.01,0.1279
6912.91,0.127
6913.81,0.12723
6914.71,0.12674
6915.61,0.12593
6916.51,0.12604
6917.41,0.12613
6918.31,0.12657
6919.21,0.12604
6920.11,0.12633
6921.01,0.12624
6921.91,0.12607
6922.81,0.12582
6923.71,0.12619
6924.61,0.12598
6925.51,0.12592
6926.41,0.12586
6927.31,0.12614
6928.21,0.12588
6929.11,0.12628
6930.01,0.12675
6930.91,0.12652
6931.81,0.12651
6932.71,0.12625
6933.61,0.12717
6934.51,0.12687
6935.41,0.12724
6936.31,0.12701
6937.21,0.12815
6938.11,0.12733
6939.01,0.12751
6939.91,0.12783
6940.81,0.12764
6941.71,0.12773
6942.61,0.12788
6943.52,0.12731
6944.42,0.1272
6945.31,0.12763
6946.22,0.12729
6947.12,0.1269
6948.02,0.1274
6948.92,0.1271
6949.82,0.12761
6950.72,0.12722
6951.62,0.12668
6952.52,0.12689
6953.42,0.12698
6954.32,0.1277
6955.22,0.12721
6956.12,0.1272
6957.02,0.12745
6957.92,0.12807
6958.82,0.12821
6959.72,0.12815
6960.62,0.12896
6961.52,0.12931
6962.42,0.12902
6963.32,0.12941
6964.22,0.12951
6965.12,0.13001
6966.02,0.13
6966.92,0.12959
6967.82,0.13032
6968.72,0.13063
6969.62,0.13004
6970.52,0.13078
6971.42,0.12993
6972.32,0.12984
6973.22,0.12915
6974.12,0.12862
6975.02,0.12859
6975.92,0.12788
6976.82,0.127
6977.72,0.12617
6978.62,0.1258
6979.52,0.1257
6980.42,0.12566
6981.33,0.12581
6982.23,0.1266
6983.12,0.12693
6984.03,0.12772
6984.93,0.12845
6985.83,0.12888
6986.73,0.12939
6987.63,0.13032
6988.53,0.12987
6989.43,0.1302
6990.33,0.13065
6991.23,0.13089
6992.13,0.13071
6993.03,0.13074
6993.93,0.13013
6994.83,0.13078
6995.73,0.13088
6996.63,0.13016
6997.53,0.13021
6998.43,0.13019
6999.33,0.12999
7000.23,0.12942
7001.13,0.12955
7002.03,0.12846
7002.93,0.12882
7003.83,0.12837
7004.73,0.12858
7005.63,0.12815
7006.53,0.12821
7007.43,0.12803
7008.33,0.12873
7009.23,0.12816
7010.13,0.12862
7011.03,0.12834
7011.93,0.12848
7012.83,0.12818
7013.73,0.12817
7014.63,0.12832
7015.53,0.12772
7016.43,0.12767
7017.33,0.12736
7018.23,0.12771
7019.14,0.12762
7020.04,0.12756
7020.94,0.12835
7021.84,0.1281
7022.74,0.12869
7023.64,0.12834
7024.54,0.12901
7025.44,0.12841
7026.34,0.1289
7027.24,0.12895
7028.14,0.12877
7029.04,0.12911
7029.94,0.12925
7030.84,0.12953
7031.74,0.13011
7032.64,0.13087
7033.54,0.13047
7034.44,0.13067
7035.34,0.13049
7036.24,0.13073
7037.14,0.13117
7038.04,0.13151
7038.94,0.13092
7039.84,0.13205
7040.74,0.13256
7041.64,0.13326
7042.54,0.1336
7043.44,0.13409
7044.34,0.13464
7045.24,0.13508
7046.14,0.13505
7047.04,0.13534
7047.94,0.13532
7048.84,0.13495
7049.74,0.13482
7050.64,0.13386
7051.54,0.13339
7052.44,0.13169
7053.34,0.13089
7054.25,0.12936
7055.15,0.12836
7056.04,0.1271
7056.95,0.12587
7057.85,0.12467
7058.75,0.12412
7059.65,0.12314
7060.55,0.12289
7061.45,0.12208
7062.35,0.12176
7063.25,0.12121
7064.15,0.12146
7065.05,0.12127
7065.95,0.12078
7066.85,0.12134
7067.75,0.12117
7068.65,0.12129
7069.55,0.1213
7070.45,0.12141
7071.35,0.12192
7072.25,0.12259
7073.15,0.12246
7074.05,0.12416
7074.95,0.12412
7075.85,0.12452
7076.75,0.12507
7077.65,0.12582
7078.55,0.12479
7079.45,0.12519
7080.35,0.12545
7081.25,0.12486
7082.15,0.12392
7083.05,0.12326
7083.95,0.1225
7084.85,0.1218
7085.75,0.12062
7086.65,0.11974
7087.55,0.11855
7088.45,0.1181
7089.35,0.11732
7090.25,0.1168
7091.15,0.11578
7092.06,0.11557
7092.96,0.11539
7093.85,0.1151
7094.76,0.11506
7095.66,0.11616
7096.56,0.11545
7097.46,0.11522
7098.36,0.11588
7099.26,0.11603
7100.16,0.11621
7101.06,0.11687
7101.96,0.11679
7102.86,0.1174
7103.76,0.11697
7104.66,0.11762
7105.56,0.11731
7106.46,0.11774
7107.36,0.11799
7108.26,0.11751
7109.16,0.11761
7110.06,0.11736
7110.96,0.11742
7111.86,0.11728
7112.76,0.11722
7113.66,0.11687
7114.56,0.1177
7115.46,0.11773
7116.36,0.11793
7117.26,0.11815
7118.16,0.11777
7119.06,0.11819
7119.96,0.11813
7120.86,0.11754
7121.76,0.11718
7122.66,0.11706
7123.56,0.11721
7124.46,0.11646
7125.36,0.11564
7126.26,0.11539
7127.16,0.11467
7127.27,0.11476
7128.17,0.11429
7129.07,0.11385
7129.96,0.11374
7130.86,0.11293
7131.75,0.11327
7132.65,0.11304
7133.55,0.1134
7134.44,0.11371
7135.34,0.11306
7136.23,0.11377
7137.13,0.11436
7138.03,0.11437
7138.92,0.11484
7139.82,0.11486
7140.71,0.11518
7141.61,0.11475
7142.5,0.11514
7143.4,0.11524
7144.3,0.115
7145.19,0.11488
7146.09,0.11488
7146.98,0.11531
7147.88,0.11422
7148.78,0.11454
7149.67,0.11501
7150.57,0.1149
7151.46,0.11536
7152.36,0.11577
7153.26,0.11562
7154.15,0.1161
7155.05,0.11643
7155.94,0.11673
7156.84,0.11685
7157.74,0.1172
7158.63,0.11697
7159.53,0.11704
7160.42,0.11668
7161.32,0.11685
7162.21,0.11625
7163.11,0.11629
7164.01,0.11621
7164.9,0.11608
7165.8,0.11633
7166.69,0.11679
7167.59,0.117
7168.49,0.11749
7169.38,0.11761
7170.28,0.11816
7171.17,0.11863
7172.07,0.11896
7172.96,0.11895
7173.86,0.11909
7174.76,0.11956
7175.65,0.11921
7176.55,0.11906
7177.44,0.11914
7178.34,0.1188
7179.24,0.11859
7180.13,0.11789
7181.03,0.11827
7181.92,0.11813
7182.82,0.11773
7183.72,0.11736
7184.61,0.1171
7185.51,0.11695
7186.4,0.1166
7187.3,0.11641
7188.19,0.11625
7189.09,0.11586
7189.99,0.11608
7190.88,0.11558
7191.78,0.11617
7192.67,0.1158
7193.57,0.11606
7194.47,0.1165
7195.36,0.11646
7196.26,0.11678
7197.15,0.11655
7198.05,0.11722
7198.95,0.11766
7199.84,0.11708
7200.74,0.1174
7201.63,0.11699
7202.53,0.11761
7203.43,0.11721
7204.32,0.11721
7205.22,0.11665
7206.11,0.11689
7207.01,0.11657
7207.9,0.11666
7208.8,0.11584
7209.7,0.11646
7210.59,0.11648
7211.49,0.11708
7212.38,0.117
7213.28,0.11748
7214.18,0.11846
7215.07,0.11826
7215.97,0.11861
7216.86,0.11926
7217.76,0.11913
7218.66,0.11956
7219.55,0.11991
7220.45,0.12035
7221.34,0.11998
7222.24,0.12045
7223.13,0.12041
7224.03,0.12071
7224.93,0.12108
7225.82,0.12151
7226.72,0.12196
7227.61,0.12164
7228.51,0.12288
7229.41,0.12246
7230.3,0.12313
7231.2,0.12323
7232.09,0.12281
7232.99,0.12378
7233.89,0.12358
7234.78,0.12368
7235.68,0.12335
7236.57,0.12337
7237.47,0.12356
7238.36,0.12357
7239.26,0.12339
7240.16,0.12326
7241.05,0.12304
7241.95,0.12325
7242.84,0.12348
7243.74,0.12304
7244.64,0.12359
7245.53,0.12405
7246.43,0.12371
7247.32,0.12383
7248.22,0.12369
7249.12,0.12352
7250.01,0.12364
7250.91,0.12421
7251.8,0.12377
7252.7,0.12427
7253.6,0.12347
7254.49,0.12399
7255.39,0.12446
7256.28,0.1239
7257.18,0.12429
7258.07,0.12375
7258.97,0.12381
7259.87,0.12412
7260.76,0.12465
7261.66,0.12417
7262.55,0.12409
7263.45,0.12427
7264.35,0.12465
7265.24,0.12459
7266.14,0.12508
7267.03,0.12518
7267.93,0.12562
7268.83,0.12536
7269.72,0.12533
7270.62,0.12562
7271.51,0.12557
7272.41,0.12588
7273.3,0.12553
7274.2,0.12571
7275.1,0.12583
7275.99,0.12523
7276.89,0.12545
7277.78,0.12508
7278.68,0.12525
7279.58,0.12504
7280.47,0.12493
7281.37,0.12412
7282.26,0.12314
7283.16,0.12305
7284.06,0.12285
7284.95,0.12272
7285.85,0.12219
7286.74,0.12225
7287.64,0.12204
7288.53,0.12184
7289.43,0.12153
7290.33,0.12218
7291.22,0.12244
7292.12,0.12289
7293.01,0.12294
7293.91,0.12274
7294.81,0.12345
7295.7,0.1243
7296.6,0.1251
7297.49,0.12536
7298.39,0.12546
7299.29,0.12565
7300.18,0.12627
7301.08,0.12639
7301.97,0.12692
7302.87,0.12673
7303.76,0.12755
7304.66,0.12728
7305.56,0.12708
7306.45,0.12713
7307.35,0.12736
7308.24,0.12715
7309.14,0.12729
7310.04,0.12712
7310.93,0.12724
7311.83,0.12734
7312.72,0.12778
7313.62,0.12769
7314.52,0.12747
7315.41,0.12782
7316.31,0.12805
7317.2,0.12806
7318.1,0.12808
7318.99,0.12875
7319.89,0.12797
7320.79,0.12784
7321.68,0.12765
7322.58,0.12738
7323.47,0.12766
7324.37,0.12758
7325.27,0.12752
7326.16,0.1277
7327.06,0.12706
7327.95,0.12738
7328.85,0.12735
7329.75,0.12785
7330.64,0.12801
7331.54,0.12832
7332.43,0.12868
7333.33,0.1294
7334.22,0.13001
7335.12,0.13018
7336.02,0.13069
7336.91,0.13106
7337.81,0.13094
7338.7,0.13195
7339.6,0.13246
7340.5,0.13204
7341.39,0.13229
7342.29,0.13167
7343.18,0.13218
7344.08,0.13179
7344.98,0.13162
7345.87,0.13159
7346.77,0.13035
7347.66,0.13106
7348.56,0.13007
7349.45,0.13056
7350.35,0.1301
7351.25,0.12993
7352.14,0.12918
7353.04,0.12901
7353.93,0.12882
7354.83,0.12853
7355.73,0.12814
7356.62,0.12783
7357.52,0.12811
7358.41,0.128
7359.31,0.12769
7360.21,0.12823
7361.1,0.12848
7362.0,0.12856
7362.89,0.1287
7363.79,0.12931
7364.69,0.1293
7365.58,0.12964
7366.48,0.13062
7367.37,0.13098
7368.27,0.1317
7369.16,0.13197
7370.06,0.13259
7370.96,0.13327
7371.85,0.13304
7372.75,0.13358
7373.64,0.1341
7374.54,0.13451
7375.44,0.13482
7376.33,0.13463
7377.23,0.13519
7378.12,0.13521
7379.02,0.13487
7379.92,0.13507
7380.81,0.13447
7381.71,0.13409
7382.6,0.13411
7383.5,0.13291
7384.39,0.13235
7385.29,0.13204
7386.19,0.13161
7387.08,0.13123
7387.98,0.13087
7388.87,0.13032
7389.77,0.13012
7390.67,0.13007
7391.56,0.13042
7392.46,0.13132
7393.35,0.1308
7394.25,0.13169
7395.15,0.13231
7396.04,0.13291
7396.94,0.13278
7397.83,0.13303
7398.73,0.13315
7399.62,0.13368
7400.52,0.13403
7401.42,0.13414
7402.31,0.13371
7403.21,0.13411
7404.1,0.13426
7405.0,0.13425
7405.9,0.13464
7406.79,0.13382
7407.69,0.13394
7408.58,0.1326
7409.48,0.13268
7410.38,0.1321
7411.27,0.13154
7412.17,0.13087
7413.06,0.12948
7413.96,0.12977
7414.85,0.12922
7415.75,0.12808
7416.65,0.12819
7417.54,0.12798
7418.44,0.12784
7419.33,0.12846
7420.23,0.1286
7421.13,0.12889
7422.02,0.12951
7422.92,0.13071
7423.81,0.13084
7424.71,0.13108
7425.6,0.13192
7426.5,0.13308
7427.4,0.13323
7428.29,0.13409
7429.19,0.13452
7431.68,0.13612
7434.18,0.13638
7436.67,0.13659
7439.17,0.13612
7441.66,0.1357
7444.16,0.13516
7446.66,0.13531
7449.15,0.13541
7451.65,0.13686
7454.14,0.13765
7456.64,0.1374
7459.13,0.13706
7461.63,0.13662
7464.12,0.13682
7466.62,0.13691
7469.11,0.13711
7471.61,0.13775
7474.1,0.13727
7476.6,0.1373
7479.09,0.13742
7481.59,0.13688
7484.08,0.13757
7486.58,0.13812
7489.07,0.13717
7491.57,0.13606
7494.06,0.13558
7496.56,0.13528
7499.05,0.13578
7501.55,0.13735
7504.04,0.13792
7506.54,0.13824
7509.03,0.13791
7511.53,0.13782
7514.02,0.13849
7516.52,0.13927
7519.01,0.14017
7521.51,0.14038
7524.0,0.14022
7526.5,0.13973
7528.99,0.13971
7531.49,0.13995
7533.99,0.14055
7536.48,0.14131
7538.98,0.14163
7541.47,0.14189
7543.97,0.14164
7546.46,0.14136
7548.96,0.1413
7551.45,0.14097
7553.95,0.14153
7556.44,0.14098
7558.94,0.141
7561.43,0.14134
7563.93,0.14124
7566.42,0.14046
7568.92,0.14059
7571.41,0.14072
7573.91,0.14066
7576.4,0.14043
7578.9,0.14031
7581.39,0.13953
7583.89,0.13805
7586.38,0.13557
7588.88,0.13365
7591.37,0.13221
7593.87,0.1311
7596.36,0.13032
7598.86,0.12993
7601.35,0.12947
7603.85,0.12861
7606.34,0.12854
7608.84,0.12854
7611.33,0.12888
7613.83,0.12913
7616.33,0.12843
7618.82,0.12842
7621.32,0.12875
7623.81,0.12914
7626.31,0.12933
7628.8,0.12943
7631.3,0.12878
7633.79,0.12892
7636.29,0.12851
7638.78,0.12843
7641.28,0.12876
7643.77,0.12919
7646.27,0.12928
7648.76,0.12853
7651.26,0.12747
7653.75,0.1264
7656.25,0.12479
7658.74,0.12245
7661.24,0.12043
7663.73,0.11876
7666.23,0.11792
7668.72,0.11867
7671.22,0.11972
7673.71,0.12184
7676.21,0.12259
7678.7,0.12382
7681.2,0.12365
7683.69,0.12414
7686.19,0.12405
7688.69,0.12388
7691.18,0.12328
7693.68,0.12291
7696.17,0.12214
7698.67,0.12206
7701.16,0.1222
7703.66,0.12229
7706.15,0.12245
7708.65,0.1225
7711.14,0.12148
7713.64,0.12074
7716.13,0.12041
7718.63,0.12095
7721.12,0.12146
7723.62,0.12283
7726.11,0.12355
7728.61,0.12436
7731.1,0.12506
7733.6,0.12583
7736.09,0.12675
7738.59,0.12686
7741.08,0.1261
7743.58,0.12496
7746.07,0.12345
7748.57,0.122
7751.06,0.12169
7753.56,0.12182
7756.05,0.12303
7758.55,0.12368
7761.04,0.12487
7763.54,0.12532
7766.03,0.12607
7768.53,0.12635
7771.03,0.12755
7773.52,0.128
7776.02,0.12809
7778.51,0.1278
7781.01,0.1269
7783.5,0.12587
7786.0,0.12554
7788.49,0.12497
7790.99,0.12497
7793.48,0.12498
7795.98,0.12494
7798.47,0.12523
7800.97,0.12559
7803.46,0.12569
7805.96,0.12616
7808.45,0.12639
7810.95,0.12674
7813.44,0.12721
7815.94,0.12775
7818.43,0.12842
7820.93,0.12849
7823.42,0.12815
7825.92,0.12745
7828.41,0.12654
7830.91,0.12516
7833.4,0.12379
7835.9,0.12292
7838.39,0.12308
7840.89,0.12366
7843.38,0.12443
7845.88,0.12528
7848.38,0.12551
7850.87,0.12573
7853.37,0.12523
7855.86,0.12544
7858.36,0.12601
7860.85,0.12639
7863.35,0.12685
7865.84,0.12664
7868.34,0.12624
7870.83,0.12617
7873.33,0.12523
7875.82,0.12512
7878.32,0.12459
7880.81,0.1247
7883.31,0.12487
7885.8,0.12558
7888.3,0.12558
7890.79,0.12542
7893.29,0.12548
7895.78,0.12464
7898.28,0.12428
7900.77,0.12369
7903.27,0.12369
7905.76,0.12351
7908.26,0.12239
7910.75,0.12128
7913.25,0.12053
7915.74,0.11987
7918.24,0.11994
7920.73,0.12027
7923.23,0.12073
7925.73,0.12141
7928.22,0.12184
7930.71,0.12138
7933.21,0.12109
7935.71,0.12053
7938.2,0.11964
7940.7,0.1192
7943.19,0.11867
7945.69,0.11844
7948.18,0.11955
7950.68,0.12041
7953.17,0.12219
7955.67,0.12289
7958.16,0.12347
7960.66,0.124
7963.15,0.12444
7965.65,0.12491
7968.14,0.12556
7970.64,0.12596
7973.13,0.12594
7975.63,0.12615
7978.12,0.12603
7980.62,0.1258
7983.11,0.12526
7985.61,0.12496
7988.1,0.12498
7990.6,0.12459
7993.09,0.12411
7995.59,0.124
7998.08,0.12363
8000.58,0.12382
8003.07,0.12442
8005.57,0.12522
8008.06,0.12642
8010.56,0.12725
8013.06,0.12834
8015.55,0.12882
8018.05,0.12875
8020.54,0.12853
8023.04,0.12769
8025.53,0.12651
8028.03,0.12591
8030.52,0.12628
8033.02,0.12728
8035.51,0.12866
8038.01,0.12943
8040.5,0.12956
8043.0,0.12867
8045.49,0.12771
8047.99,0.12649
8050.48,0.12644
8052.98,0.12711
8055.47,0.12866
8057.97,0.12911
8060.46,0.12984
8062.96,0.12978
8065.45,0.12928
8067.95,0.12809
8070.44,0.12702
8072.94,0.12649
8075.43,0.1267
8077.93,0.12706
8080.42,0.12728
8082.92,0.12756
8085.41,0.12743
8087.91,0.12754
8090.4,0.1267
8092.9,0.12622
8095.4,0.1257
8097.89,0.12554
8100.39,0.12629
8102.88,0.12697
8105.38,0.12722
8107.87,0.12779
8110.37,0.12832
8112.86,0.12784
8115.36,0.12725
8117.85,0.1276
8120.35,0.12807
8122.84,0.12865
8125.34,0.12997
8127.83,0.13035
8130.33,0.13069
8132.82,0.13069
8135.32,0.13126
8137.81,0.13161
8140.31,0.1313
8142.8,0.13129
8145.3,0.13137
8147.79,0.13103
8150.29,0.13149
8152.78,0.13178
8155.28,0.13226
8157.77,0.13228
8160.27,0.1321
8162.76,0.13207
8165.26,0.13188
8167.75,0.13225
8170.25,0.13249
8172.75,0.13301
8175.24,0.1329
8177.74,0.1322
8180.23,0.13109
8182.73,0.12983
8185.22,0.12843
8187.72,0.12796
8190.21,0.12768
8192.71,0.12699
8195.2,0.12592
8197.7,0.12491
8200.19,0.12439
8202.69,0.12415
8205.18,0.12447
8207.68,0.12463
8210.17,0.12513
8212.67,0.12542
8215.16,0.12595
8217.66,0.12603
8220.15,0.12685
8222.65,0.1278
8225.14,0.12882
8227.64,0.12961
8230.13,0.13046
8232.63,0.1305
8235.12,0.13044
8237.62,0.13034
8240.11,0.1305
8242.61,0.1303
8245.1,0.13055
8247.6,0.13062
8250.1,0.12985
8252.59,0.12923
8255.08,0.12887
8257.58,0.12879
8260.08,0.1294
8262.57,0.13039
8265.07,0.13049
8267.56,0.13052
8270.06,0.13009
8272.55,0.12921
8275.05,0.12851
8277.54,0.12819
8280.04,0.12835
8282.53,0.12761
8285.03,0.12739
8287.52,0.12719
8290.02,0.12664
8292.51,0.126
8295.01,0.12533
8297.5,0.12516
8300.0,0.1248
8302.49,0.12394
8304.99,0.12318
8307.48,0.12243
8309.98,0.12217
8312.47,0.12274
8314.97,0.12362
8317.46,0.12421
8319.96,0.12495
8322.46,0.12486
8324.95,0.12392
8327.44,0.1231
8329.94,0.12227
8332.43,0.12177
8334.93,0.12136
8337.43,0.12173
8339.92,0.12211
8342.42,0.1221
8344.91,0.12216
8347.41,0.12199
8349.9,0.12211
8352.4,0.1226
8354.89,0.12304
8357.39,0.12359
8359.88,0.12394
8362.38,0.12379
8364.87,0.12388
8367.37,0.12382
8369.86,0.12427
8372.36,0.12419
8374.85,0.12444
8377.35,0.12385
8379.84,0.12299
8382.34,0.12142
8384.83,0.1204
8387.33,0.11941
8389.82,0.11993
8392.32,0.12098
8394.81,0.12228
8397.31,0.12366
8399.8,0.12445
8402.3,0.12554
8404.79,0.12564
8407.29,0.12613
8409.79,0.1259
8412.28,0.12551
8414.78,0.12507
8417.27,0.12454
8419.77,0.12375
8422.26,0.12279
8424.76,0.12228
8427.25,0.12131
8429.75,0.12099
8432.24,0.12058
8434.74,0.11926
8437.23,0.11804
8439.73,0.11734
8442.22,0.11797
8444.72,0.11847
8447.21,0.11877
8449.71,0.11922
8452.2,0.1192
8454.7,0.11902
8457.19,0.11875
8459.69,0.11844
8462.18,0.11782
8464.68,0.11703
8467.17,0.11619
8469.67,0.11578
8472.16,0.11579
8474.66,0.11664
8477.15,0.11756
8479.65,0.11817
8482.14,0.11834
8484.64,0.11863
8487.13,0.11834
8489.63,0.11776
8492.12,0.11549
8494.62,0.11263
8497.12,0.10962
8499.61,0.10714
8502.11,0.10741
8504.6,0.10929
8507.1,0.11204
8509.59,0.11386
8512.09,0.11488
8514.58,0.11441
8517.08,0.11347
8519.57,0.11341
8522.07,0.11398
8524.56,0.11426
8527.06,0.11467
8529.55,0.11472
8532.05,0.11327
8534.54,0.1104
8537.04,0.10564
8539.53,0.099772
8542.03,0.094906
8544.52,0.092884
8547.02,0.094865
8549.51,0.099882
8552.01,0.10582
8554.5,0.11081
8557.0,0.11438
8559.49,0.11633
8561.99,0.11713
8564.48,0.11787
8566.98,0.11814
8569.47,0.11821
8571.97,0.11828
8574.47,0.11864
8576.96,0.11892
8579.46,0.11877
8581.95,0.11902
8584.45,0.1193
8586.94,0.11953
8589.44,0.1194
8591.93,0.11969
8594.43,0.11976
8596.92,0.11978
8599.42,0.11963
8601.91,0.1194
8604.41,0.11928
8606.9,0.11932
8609.4,0.11978
8611.89,0.11947
8614.39,0.11941
8616.88,0.11955
8619.38,0.11982
8621.87,0.12029
8624.37,0.12059
8626.86,0.12114
8629.36,0.12175
8631.85,0.12168
8634.35,0.12216
8636.84,0.12233
8639.34,0.12271
8641.83,0.12276
8644.33,0.12293
8646.83,0.12226
8649.32,0.12121
8651.82,0.11947
8654.31,0.11672
8656.8,0.11285
8659.3,0.10787
8661.8,0.10319
8664.29,0.1011
8666.79,0.10182
8669.28,0.10553
8671.78,0.11007
8674.27,0.11378
8676.77,0.11611
8679.26,0.11776
8681.76,0.11855
8684.25,0.11795
8686.75,0.11768
8689.24,0.11745
8691.74,0.11725
8694.23,0.11789
8696.73,0.11884
8699.22,0.11982
8701.72,0.12032
8704.21,0.12102
8706.71,0.12115
8709.2,0.12139
8711.7,0.12125
8714.19,0.1216
8716.69,0.12214
8719.18,0.1229
8721.68,0.12381
8724.17,0.12462
8726.67,0.12477
8729.17,0.12453
8731.66,0.12448
8734.16,0.12372
8736.65,0.12354
8739.15,0.12341
8741.64,0.12347
8744.14,0.12367
8746.63,0.12396
8749.13,0.12375
8751.62,0.12394
8754.12,0.12387
8756.61,0.12417
8759.11,0.12432
8761.6,0.12491
8764.1,0.12487
8766.59,0.12435
8769.09,0.12404
8771.58,0.124
8774.08,0.1243
8776.57,0.12444
8779.07,0.12525
8781.56,0.12581
8784.06,0.12672
8786.55,0.12696
8789.05,0.12692
8791.54,0.12634
8794.04,0.12612
8796.53,0.12539
8799.03,0.12485
8801.52,0.12305
8804.02,0.12191
8806.51,0.12065
8809.01,0.12009
8811.5,0.12116
8814.0,0.12335
8816.5,0.12501
8818.99,0.12566
8821.49,0.12583
8823.98,0.12565
8826.48,0.12601
8828.97,0.12624
8831.47,0.12728
8833.96,0.12797
8836.46,0.12894
8838.95,0.12875
8841.45,0.1291
8843.94,0.12946
8846.44,0.12997
8848.93,0.13096
8851.43,0.13108
8853.92,0.13033
8856.42,0.12926
8858.91,0.12693
8861.41,0.12394
8863.9,0.12124
8866.4,0.1194
8868.89,0.11812
8871.39,0.11761
8873.88,0.1179
8876.38,0.11802
8878.87,0.11831
8881.37,0.11864
8883.87,0.11918
8886.36,0.11952
8888.86,0.11981
8891.35,0.11987
8893.84,0.12052
8896.34,0.12049
8898.84,0.12019
8901.33,0.12047
8903.83,0.12081
8906.32,0.12109
8908.82,0.12083
8911.31,0.12073
8913.81,0.12062
8916.3,0.1203
8918.8,0.11967
8921.29,0.11947
8923.79,0.11933
8926.28,0.11941
8928.78,0.11966
8931.27,0.11944
8933.77,0.11918
8936.26,0.1194
8938.76,0.11909
8941.25,0.1181
8943.75,0.1175
8946.24,0.11672
8948.74,0.1171
8951.23,0.1172
8953.73,0.11832
8956.22,0.11952
8958.72,0.11972
8961.21,0.12011
8963.71,0.11989
8966.2,0.1197
8968.7,0.11962
8971.2,0.11917
8973.69,0.11941
8976.19,0.11966
8978.68,0.12011
8981.18,0.12052
8983.67,0.1213
8986.17,0.12164
8988.66,0.12231
8991.16,0.12199
8993.65,0.12241
8996.15,0.12229
8998.64,0.12204
9001.14,0.12176
9003.63,0.12107
9006.13,0.12039
9008.62,0.11944
9011.12,0.11776
9013.61,0.11648
9016.11,0.11602
9018.6,0.11577
9021.1,0.11621
9023.59,0.11706
9026.09,0.11793
9028.58,0.11894
9031.08,0.12033
9033.57,0.12114
9036.07,0.12198
9038.56,0.12266
9041.06,0.12364
9043.55,0.12371
9046.05,0.12394
9048.54,0.12409
9051.04,0.12436
9053.54,0.1242
9056.03,0.12439
9058.53,0.12434
9061.02,0.12382
9063.52,0.12413
9066.01,0.12372
9068.51,0.1238
9071.0,0.12378
9073.5,0.12396
9075.99,0.1239
9078.49,0.12351
9080.98,0.12289
9083.48,0.12173
9085.97,0.12027
9088.47,0.11972
9090.96,0.11899
9093.46,0.1193
9095.95,0.1203
9098.45,0.12139
9100.94,0.12188
9103.44,0.12231
9105.93,0.12236
9108.43,0.12243
9110.92,0.12238
9113.42,0.1219
9115.91,0.12178
9118.41,0.12174
9120.9,0.12169
9123.4,0.12258
9125.89,0.12356
9128.39,0.12438
9130.88,0.12479
9133.38,0.12438
9135.88,0.12361
9138.37,0.1226
9140.87,0.1213
9143.36,0.1202
9145.86,0.11959
9148.35,0.1189
9150.85,0.1196
9153.34,0.11975
9155.84,0.12052
9158.33,0.12062
9160.83,0.12021
9163.32,0.1199
9165.82,0.11895
9168.31,0.11756
9170.81,0.11649
9173.3,0.11602
9175.8,0.11607
9178.29,0.11714
9180.79,0.11772
9183.28,0.11904
9185.78,0.11949
9188.27,0.11929
9190.77,0.11897
9193.26,0.11932
9195.76,0.11872
9198.25,0.11855
9200.75,0.11854
9203.24,0.11783
9205.74,0.11744
9208.24,0.11655
9210.73,0.11605
9213.23,0.11564
9215.72,0.11537
9218.22,0.11547
9220.71,0.11592
9223.21,0.11585
9225.7,0.11555
9228.2,0.11566
9230.69,0.11518
9233.19,0.11508
9235.68,0.11511
9238.18,0.11525
9240.67,0.1148
9243.17,0.1148
9245.66,0.11492
9248.16,0.11465
9250.65,0.11405
9253.15,0.1139
9255.64,0.11423
9258.14,0.11402
9260.63,0.11475
9263.13,0.11568
9265.62,0.11647
9268.12,0.11718
9270.61,0.11793
9273.11,0.11783
9275.6,0.11707
9278.1,0.11641
9280.59,0.11581
9283.09,0.11499
9285.58,0.11461
9288.08,0.11358
9290.58,0.11325
9293.07,0.1129
9295.57,0.11272
9298.06,0.11292
9300.56,0.11337
9303.05,0.11344
9305.55,0.1138
9308.04,0.11404
9310.54,0.11375
9313.03,0.11379
9315.53,0.114
9318.02,0.11371
9320.52,0.11382
9323.01,0.11376
9325.51,0.11384
9328.0,0.11415
9330.5,0.11451
9332.99,0.11505
9335.49,0.11516
9337.98,0.11524
9340.48,0.11522
9342.97,0.11482
9345.47,0.11441
9347.96,0.1141
9350.46,0.11328
9352.95,0.1126
9355.45,0.11181
9357.94,0.11136
9360.44,0.1109
9362.93,0.11084
9365.43,0.11125
9367.92,0.11136
9370.42,0.11157
9372.92,0.11164
9375.41,0.11161
9377.91,0.11161
9380.4,0.11145
9382.9,0.11144
9385.39,0.11108
9387.89,0.11111
9390.38,0.11092
9392.88,0.11114
9395.37,0.11098
9397.87,0.11105
9400.36,0.11102
9402.86,0.1107
9405.35,0.11004
9407.85,0.10929
9410.34,0.10843
9412.84,0.10783
9415.33,0.10742
9417.83,0.10784
9420.32,0.10858
9422.82,0.10909
9425.31,0.10987
9427.81,0.11036
9430.3,0.11036
9432.8,0.10988
9435.29,0.11003
9437.79,0.10944
9440.28,0.1089
9442.78,0.10895
9445.27,0.10859
9447.77,0.1087
9450.27,0.10893
9452.76,0.10922
9455.25,0.10946
9457.75,0.11022
9460.25,0.11072
9462.74,0.11138
9465.24,0.11206
9467.73,0.11213
9470.23,0.11256
9472.72,0.11287
9475.22,0.11305
9477.71,0.11292
9480.21,0.11332
9482.7,0.11348
9485.2,0.11357
9487.69,0.11398
9490.19,0.11402
9492.68,0.11445
9495.18,0.11455
9497.67,0.11445
9500.17,0.11459
9502.66,0.11454
9505.16,0.11469
9507.65,0.11473
9510.15,0.11479
9512.64,0.11482
9515.14,0.11496
9517.63,0.11534
9520.13,0.11552
9522.62,0.11633
9525.12,0.11657
9527.61,0.11656
9530.11,0.11661
9532.61,0.11656
9535.1,0.11614
9537.6,0.11588
9540.09,0.11575
9542.59,0.11543
9545.08,0.11483
9547.58,0.11433
9550.07,0.11425
9552.57,0.11479
9555.06,0.11585
9557.56,0.11678
9560.05,0.11706
9562.55,0.11745
9565.04,0.11771
9567.54,0.11684
9570.03,0.11637
9572.53,0.11571
9575.02,0.11514
9577.52,0.1153
9580.01,0.11577
9582.51,0.11622
9585.0,0.11657
9587.5,0.11668
9589.99,0.11721
9592.49,0.11727
9594.98,0.11653
9597.48,0.11579
9599.97,0.11553
9602.47,0.1152
9604.96,0.11518
9607.46,0.11565
9609.96,0.11623
9612.45,0.11659
9614.95,0.11719
9617.44,0.11724
9619.94,0.11724
9622.43,0.11663
9624.93,0.11667
9627.42,0.1162
9629.92,0.11653
9632.41,0.11597
9634.91,0.11557
9637.4,0.11533
9639.9,0.11433
9642.39,0.11408
9644.89,0.11401
9647.38,0.11448
9649.88,0.11425
9652.37,0.11416
9654.87,0.11415
9657.36,0.11401
9659.86,0.114
9662.35,0.11435
9664.85,0.11413
9667.34,0.11402
9669.84,0.11384
9672.33,0.11401
9674.83,0.11345
9677.32,0.11334
9679.82,0.11388
9682.31,0.11424
9684.81,0.11467
9687.3,0.11501
9689.8,0.1145
9692.29,0.11449
9694.79,0.11456
9697.29,0.11451
9699.78,0.1149
9702.28,0.11452
9704.77,0.11424
9707.27,0.11458
9709.76,0.11468
9712.26,0.11517
9714.75,0.11562
9717.25,0.11567
9719.74,0.11518
9722.24,0.1146
9724.73,0.11365
9727.23,0.11213
9729.72,0.11119
9732.22,0.11041
9734.71,0.11013
9737.21,0.10977
9739.7,0.10937
9742.2,0.10914
9744.69,0.10909
9747.19,0.10932
9749.68,0.1101
9752.18,0.1107
9754.67,0.1118
9757.17,0.112
9759.66,0.11228
9762.16,0.11241
9764.65,0.11181
9767.15,0.11169
9769.64,0.11136
9772.14,0.11135
9774.64,0.11122
9777.13,0.11114
9779.63,0.11108
9782.12,0.11045
9784.62,0.10989
9787.11,0.10933
9789.61,0.10985
9792.1,0.11071
9794.6,0.11176
9797.09,0.11288
9799.59,0.11374
9802.08,0.11409
9804.58,0.11403
9807.07,0.11411
9809.57,0.11367
9812.06,0.11349
9814.56,0.11308
9817.05,0.11306
9819.55,0.11302
9822.04,0.11276
9824.54,0.11262
9827.03,0.11239
9829.53,0.11196
9832.02,0.11207
9834.52,0.11184
9837.01,0.11223
9839.51,0.11233
9842.0,0.11305
9844.5,0.11323
9847.0,0.11365
9849.49,0.11355
9851.99,0.11373
9854.48,0.11386
9856.98,0.11387
9859.47,0.11377
9861.97,0.11386
9864.46,0.1138
9866.96,0.11384
9869.45,0.11398
9871.95,0.11409
9874.44,0.11414
9876.94,0.11456
9879.43,0.11429
9881.93,0.11455
9884.42,0.11441
9886.92,0.11414
9889.41,0.11386
9891.91,0.11333
9894.4,0.11281
9896.9,0.11245
9899.39,0.11169
9901.89,0.11113
9904.38,0.11065
9906.88,0.1105
9909.37,0.11013
9911.87,0.1101
9914.36,0.11026
9916.86,0.10985
9919.35,0.11018
9921.85,0.10997
9924.34,0.1099
9926.84,0.10998
9929.33,0.11006
9931.83,0.11043
9934.33,0.1103
9936.82,0.11116
9939.32,0.11143
9941.81,0.1113
9944.31,0.11125
9946.8,0.11147
9949.3,0.11138
9951.79,0.11166
9954.29,0.11207
9956.78,0.11239
9959.28,0.11252
9961.77,0.11305
9964.27,0.11317
9966.76,0.11334
9969.26,0.11341
9971.75,0.11368
9974.25,0.11364
9976.74,0.11301
9979.24,0.11313
9981.73,0.11298
9984.23,0.11264
9986.72,0.11246
9989.22,0.1121
9991.71,0.11193
9994.21,0.11206
9996.7,0.11181
9999.2,0.11148
10001.7,0.11116
10004.2,0.11155
10006.7,0.11173
10009.2,0.11173
10011.7,0.11215
10014.2,0.11261
10016.7,0.113
10019.2,0.11335
10021.7,0.11373
10024.2,0.11378
10026.6,0.11366
10029.1,0.11317
10031.6,0.11257
10034.1,0.11227
10036.6,0.11168
10039.1,0.11202
10041.6,0.11178
10044.1,0.11187
10046.6,0.11199
10049.1,0.11145
10051.6,0.1112
10054.1,0.11073
10056.6,0.11049
10059.1,0.11084
10061.6,0.11099
10064.1,0.11091
10066.6,0.11136
10069.1,0.11209
10071.6,0.11225
10074.1,0.11261
10076.5,0.11238
10079.0,0.11254
10081.5,0.11243
10084.0,0.11247
10086.5,0.11231
10089.0,0.11267
10091.5,0.11335
10094.0,0.11372
10096.5,0.11441
10099.0,0.11463
10101.5,0.11518
10104.0,0.11484
10106.5,0.11481
10109.0,0.11459
10111.5,0.11458
10114.0,0.11402
10116.5,0.11383
10119.0,0.11369
10121.5,0.1139
10124.0,0.11345
10126.5,0.11404
10128.9,0.11411
10131.4,0.11384
10133.9,0.11382
10136.4,0.11337
10138.9,0.11283
10141.4,0.11221
10143.9,0.11201
10146.4,0.11167
10148.9,0.1114
10151.4,0.11145
10153.9,0.11167
10156.4,0.11201
10158.9,0.11222
10161.4,0.1125
10163.9,0.11277
10166.4,0.11259
10168.9,0.11255
10171.4,0.11252
10173.9,0.11279
10176.4,0.11289
10178.9,0.11301
10181.3,0.11294
10183.8,0.11289
10186.3,0.11272
10188.8,0.11277
10191.3,0.1124
10193.8,0.11178
10196.3,0.11175
10198.8,0.11211
10201.3,0.11196
10203.8,0.11249
10206.3,0.11285
10208.8,0.11285
10211.3,0.11232
10213.8,0.11254
10216.3,0.11211
10218.8,0.11158
10221.3,0.11177
10223.8,0.11197
10226.3,0.11249
10228.8,0.11256
10231.2,0.11309
10233.7,0.11301
10236.2,0.11294
10238.7,0.11324
10241.2,0.1138
10243.7,0.11364
10246.2,0.11371
10248.7,0.11349
10251.2,0.11329
10253.7,0.11268
10256.2,0.1122
10258.7,0.11204
10261.2,0.11181
10263.7,0.11173
10266.2,0.11151
10268.7,0.1116
10271.2,0.1116
10273.7,0.11179
10276.2,0.11187
10278.7,0.11215
10281.2,0.11235
10283.6,0.1122
10286.1,0.11207
10288.6,0.11208
10291.1,0.1123
10293.6,0.11213
10296.1,0.1119
10298.6,0.11212
10301.1,0.11209
10303.6,0.11232
10306.1,0.11237
10308.6,0.11249
10311.1,0.11244
10313.6,0.11259
10316.1,0.11283
10318.6,0.1127
10321.1,0.11265
10323.6,0.11228
10326.1,0.11127
10328.6,0.11076
10331.1,0.11032
10333.5,0.11007
10336.0,0.10987
10338.5,0.10962
10341.0,0.10938
10343.5,0.10896
10346.0,0.10892
10348.5,0.10915
10351.0,0.11002
10353.5,0.11067
10356.0,0.11145
10358.5,0.11217
10361.0,0.1124
10363.5,0.11251
10366.0,0.11254
10368.5,0.11225
10371.0,0.11177
10373.5,0.11154
10376.0,0.1113
10378.5,0.11126
10381.0,0.11118
10383.5,0.11115
10385.9,0.11131
10388.4,0.11134
10390.9,0.11089
10393.4,0.11047
10395.9,0.11004
10398.4,0.10975
10400.9,0.10989
10403.4,0.11037
10405.9,0.1108
10408.4,0.11154
10410.9,0.11166
10413.4,0.11235
10415.9,0.11221
10418.4,0.11234
10420.9,0.11196
10423.4,0.11158
10425.9,0.11122
10428.4,0.1114
10430.9,0.11156
10433.4,0.11166
10435.9,0.11208
10438.3,0.11225
10440.8,0.11265
10443.3,0.11293
10445.8,0.11318
10448.3,0.11309
10450.8,0.11276
10453.3,0.11252
10455.8,0.11218
10458.3,0.11201
10460.8,0.11165
10463.3,0.11143
10465.8,0.11132
10468.3,0.11109
10470.8,0.11097
10473.3,0.1107
10475.8,0.11093
10478.3,0.11084
10480.8,0.11099
10483.3,0.11142
10485.8,0.11092
10488.2,0.11102
10490.7,0.11088
10493.2,0.11057
10495.7,0.11013
10498.2,0.11033
10500.7,0.11054
10503.2,0.11004
10505.7,0.11027
10508.2,0.11071
10510.7,0.11049
10513.2,0.11042
10515.7,0.11044
10518.2,0.11083
10520.7,0.11076
10523.2,0.11106
10525.7,0.1108
10528.2,0.11067
10530.7,0.11066
10533.2,0.11035
10535.7,0.11036
10538.2,0.1103
10540.6,0.11032
10543.1,0.1107
10545.6,0.11059
10548.1,0.11055
10550.6,0.1103
10553.1,0.10978
10555.6,0.10992
10558.1,0.10986
10560.6,0.10957
10563.1,0.10979
10565.6,0.1101
10568.1,0.10973
10570.6,0.10977
10573.1,0.1097
10575.6,0.10951
10578.1,0.10875
10580.6,0.10799
10583.1,0.10717
10585.6,0.10694
10588.1,0.10676
10590.6,0.10734
10593.0,0.1081
10595.5,0.10848
10598.0,0.10904
10600.5,0.10879
10603.0,0.10872
10605.5,0.10826
10608.0,0.10794
10610.5,0.10786
10613.0,0.1081
10615.5,0.10858
10618.0,0.1088
10620.5,0.10911
10623.0,0.10938
10625.5,0.10975
10628.0,0.1101
10630.5,0.11005
10633.0,0.11035
10635.5,0.11037
10638.0,0.11058
10640.5,0.1105
10642.9,0.11059
10645.4,0.11044
10647.9,0.11029
10650.4,0.10955
10652.9,0.10917
10655.4,0.10869
10657.9,0.10801
10660.4,0.1075
10662.9,0.10681
10665.4,0.1067
10667.9,0.10709
10670.4,0.10743
10672.9,0.10767
10675.4,0.10825
10677.9,0.10816
10680.4,0.10876
10682.9,0.10868
10685.4,0.10812
10687.9,0.10814
10690.4,0.1075
10692.9,0.10753
10695.3,0.10754
10697.8,0.10814
10700.3,0.10855
10702.8,0.10908
10705.3,0.10943
10707.8,0.10957
10710.3,0.11006
10712.8,0.1097
10715.3,0.10999
10717.8,0.10966
10720.3,0.10927
10722.8,0.1086
10725.3,0.10769
10727.8,0.10702
10730.3,0.10676
10732.8,0.10676
10735.3,0.10716
10737.8,0.10755
10740.3,0.10786
10742.8,0.10835
10745.3,0.10816
10747.7,0.10783
10750.2,0.10794
10752.7,0.10745
10755.2,0.10762
10757.7,0.10802
10760.2,0.1087
10762.7,0.10915
10765.2,0.1094
10767.7,0.1097
10770.2,0.10917
10772.7,0.10873
10775.2,0.10832
10777.7,0.10725
10780.2,0.10688
10782.7,0.10626
10785.2,0.10558
10787.7,0.10567
10790.2,0.10592
10792.7,0.10638
10795.2,0.10685
10797.6,0.10737
10800.1,0.10744
10802.6,0.10752
10805.1,0.10745
10807.6,0.10699
10810.1,0.10664
10812.6,0.106
10815.1,0.10522
10817.6,0.10479
10820.1,0.10452
10822.6,0.10439
10825.1,0.10382
10827.6,0.10362
10830.1,0.10364
10832.6,0.10402
10835.1,0.10445
10837.6,0.10531
10840.1,0.10596
10842.6,0.10633
10845.1,0.107
10847.6,0.1073
10850.0,0.10704
10852.5,0.10753
10855.0,0.10781
10857.5,0.10787
10860.0,0.10734
10862.5,0.10672
10865.0,0.10606
10867.5,0.10465
10870.0,0.10368
10872.5,0.10263
10875.0,0.10234
10877.5,0.10258
10880.0,0.10275
10882.5,0.10292
10885.0,0.10328
10887.5,0.10339
10890.0,0.10394
10892.5,0.10421
10895.0,0.10454
10897.5,0.10513
10900.0,0.10538
10902.4,0.10573
10904.9,0.10604
10907.4,0.10617
10909.9,0.10642
10912.4,0.10644
10914.9,0.10628
10917.4,0.10601
10919.9,0.10544
10922.4,0.10504
10924.9,0.10421
10927.4,0.10359
10929.9,0.1029
10932.4,0.10243
10934.9,0.10214
10937.4,0.10231
10939.9,0.10283
10942.4,0.10304
10944.9,0.10336
10947.4,0.10335
10949.9,0.10334
10952.3,0.10297
10954.8,0.10251
10957.3,0.10198
10959.8,0.10086
10962.3,0.099823
10964.8,0.098563
10967.3,0.097529
10969.8,0.096885
10972.3,0.096793
10974.8,0.097135
10977.3,0.097253
10979.8,0.097513
10982.3,0.097998
10984.8,0.098171
10987.3,0.098202
10989.8,0.098322
10992.3,0.098366
10994.8,0.098558
10997.3,0.098367
10999.8,0.09817
