wave,flux
3700.85,0.51916
3701.75,0.51649
3702.65,0.5001
3703.55,0.48204
3704.45,0.45872
3705.35,0.44271
3706.25,0.43102
3707.15,0.42719
3708.05,0.43322
3708.96,0.43737
3709.86,0.44215
3710.76,0.45186
3711.66,0.46273
3712.56,0.47622
3713.46,0.49364
3714.36,0.51016
3715.26,0.52556
3716.16,0.53652
3717.06,0.53513
3717.96,0.52072
3718.86,0.49934
3719.76,0.469
3720.66,0.43811
3721.56,0.41577
3722.46,0.40899
3723.36,0.41795
3724.26,0.43775
3725.16,0.4632
3726.06,0.48805
3726.96,0.50658
3727.86,0.51382
3728.76,0.51369
3729.66,0.51134
3730.56,0.49894
3731.46,0.48149
3732.36,0.45438
3733.26,0.42259
3734.16,0.39245
3735.06,0.37153
3735.96,0.36629
3736.86,0.37678
3737.76,0.40065
3738.66,0.43532
3739.56,0.47205
3740.46,0.5017
3741.36,0.52123
3742.26,0.5272
3743.16,0.52073
3744.06,0.50869
3744.96,0.48852
3745.86,0.46432
3746.76,0.43952
3747.67,0.4154
3748.57,0.39158
3749.47,0.37668
3750.37,0.3733
3751.27,0.38865
3752.17,0.41592
3753.07,0.45451
3753.97,0.48971
3754.87,0.52166
3755.77,0.54366
3756.67,0.5517
3757.57,0.54741
3758.47,0.53896
3759.37,0.52824
3760.27,0.52637
3761.17,0.52734
3762.07,0.53366
3762.97,0.54069
3763.87,0.54279
3764.77,0.54313
3765.67,0.53415
3766.57,0.52142
3767.47,0.50578
3768.37,0.4873
3769.27,0.47017
3770.17,0.45828
3771.07,0.45554
3771.97,0.46087
3772.87,0.47761
3773.77,0.50081
3774.67,0.52204
3775.57,0.54665
3776.47,0.57075
3777.37,0.59097
3778.27,0.60986
3779.17,0.62815
3780.07,0.64496
3780.97,0.6608
3781.87,0.67397
3782.77,0.68182
3783.67,0.6819
3784.57,0.67958
3785.47,0.66202
3786.38,0.64841
3787.28,0.62861
3788.18,0.60882
3789.08,0.59483
3789.98,0.58225
3790.88,0.56935
3791.78,0.55737
3792.68,0.54553
3793.58,0.52754
3794.48,0.50223
3795.38,0.47616
3796.28,0.44783
3797.18,0.42499
3798.08,0.41363
3798.98,0.41321
3799.88,0.42473
3800.78,0.45245
3801.68,0.48952
3802.58,0.52521
3803.48,0.56504
3804.38,0.58927
3805.28,0.61058
3806.18,0.62294
3807.08,0.63385
3807.98,0.64453
3808.88,0.65625
3809.78,0.66709
3810.68,0.67709
3811.58,0.67693
3812.48,0.67041
3813.38,0.66035
3814.28,0.64536
3815.18,0.63573
3816.08,0.62453
3816.98,0.62299
3817.88,0.62506
3818.78,0.6283
3819.68,0.62336
3820.58,0.61614
3821.48,0.60647
3822.38,0.60106
3823.28,0.58892
3824.18,0.57758
3825.09,0.56149
3825.99,0.54644
3826.89,0.52713
3827.79,0.5151
3828.69,0.50263
3829.59,0.49095
3830.49,0.47493
3831.39,0.45649
3832.29,0.43188
3833.19,0.40476
3834.09,0.38259
3834.99,0.36576
3835.89,0.35831
3836.79,0.35874
3837.69,0.36784
3838.59,0.38484
3839.49,0.40789
3840.39,0.43701
3841.29,0.46787
3842.19,0.50455
3843.09,0.53507
3843.99,0.56668
3844.89,0.59335
3845.79,0.61583
3846.69,0.6328
3847.59,0.64419
3848.49,0.65376
3849.39,0.66617
3850.29,0.67204
3851.19,0.67767
3852.09,0.6856
3852.99,0.68743
3853.89,0.6936
3854.79,0.69261
3855.69,0.68794
3856.59,0.67938
3857.49,0.67252
3858.39,0.66411
3859.29,0.6603
3860.19,0.65637
3861.09,0.66316
3861.99,0.67913
3862.9,0.69215
3863.8,0.70619
3864.7,0.71442
3865.6,0.71743
3866.5,0.71851
3867.4,0.71779
3868.3,0.71392
3869.2,0.70457
3870.1,0.69771
3871.0,0.68917
3871.9,0.67419
3872.8,0.66427
3873.7,0.65608
3874.6,0.65591
3875.5,0.65575
3876.4,0.65284
3877.3,0.64747
3878.2,0.63504
3879.1,0.62332
3880.0,0.61473
3880.9,0.60717
3881.8,0.59638
3882.7,0.58467
3883.6,0.57136
3884.5,0.55222
3885.4,0.52596
3886.3,0.4972
3887.2,0.46977
3888.1,0.44594
3889.0,0.43173
3889.9,0.4303
3890.8,0.44076
3891.7,0.46533
3892.6,0.4935
3893.5,0.5245
3894.4,0.54822
3895.3,0.57045
3896.2,0.58925
3897.1,0.60674
3898.0,0.62001
3898.9,0.63273
3899.8,0.64402
3900.7,0.65533
3901.6,0.66277
3902.51,0.66774
3903.41,0.67105
3904.31,0.67509
3905.21,0.67326
3906.11,0.67471
3907.01,0.68697
3907.91,0.69459
3908.81,0.71631
3909.71,0.73279
3910.61,0.74783
3911.51,0.76067
3912.41,0.76419
3913.31,0.76902
3914.21,0.76667
3915.11,0.7617
3916.01,0.75241
3916.91,0.7472
3917.81,0.74126
3918.71,0.73339
3919.61,0.71916
3920.51,0.71542
3921.41,0.71024
3922.31,0.70553
3923.21,0.70191
3924.11,0.69777
3925.01,0.68804
3925.91,0.67564
3926.81,0.65143
3927.71,0.62231
3928.61,0.58022
3929.51,0.53152
3930.41,0.48177
3931.31,0.42814
3932.21,0.38055
3933.11,0.34151
3934.01,0.31641
3934.91,0.31385
3935.81,0.32972
3936.71,0.36428
3937.61,0.4093
3938.51,0.464
3939.42,0.51566
3940.32,0.55819
3941.22,0.59609
3942.12,0.62001
3943.02,0.6387
3943.92,0.65507
3944.82,0.66664
3945.72,0.67956
3946.62,0.68842
3947.52,0.69933
3948.42,0.70982
3949.32,0.7172
3950.22,0.72166
3951.12,0.72672
3952.02,0.72584
3952.92,0.72857
3953.82,0.72839
3954.72,0.72581
3955.62,0.7213
3956.52,0.71284
3957.42,0.70691
3958.32,0.69665
3959.22,0.67721
3960.12,0.66148
3961.02,0.6363
3961.92,0.60416
3962.82,0.56839
3963.72,0.52924
3964.62,0.4888
3965.52,0.44277
3966.42,0.39461
3967.32,0.34913
3968.22,0.31166
3969.12,0.28399
3970.02,0.2755
3970.92,0.28365
3971.82,0.30848
3972.72,0.34708
3973.62,0.39334
3974.52,0.43975
3975.42,0.48602
3976.32,0.5323
3977.22,0.57354
3978.13,0.61141
3979.03,0.64742
3979.93,0.6711
3980.83,0.69266
3981.73,0.7093
3982.63,0.72077
3983.53,0.72966
3984.43,0.73749
3985.33,0.74458
3986.23,0.75414
3987.13,0.76698
3988.03,0.77938
3988.93,0.78732
3989.83,0.79636
3990.73,0.80417
3991.63,0.81234
3992.53,0.81812
3993.43,0.82541
3994.33,0.82485
3995.23,0.82373
3996.13,0.81485
3997.03,0.81112
3997.93,0.80995
3998.83,0.81255
3999.73,0.82345
4000.63,0.83635
4001.53,0.8443
4002.43,0.84799
4003.33,0.851
4004.23,0.84199
4005.13,0.83481
4006.03,0.82661
4006.93,0.82439
4007.83,0.82555
4008.73,0.83359
4009.63,0.84481
4010.53,0.85703
4011.43,0.86821
4012.33,0.87077
4013.23,0.87552
4014.13,0.87793
4015.03,0.87742
4015.93,0.88101
4016.84,0.88599
4017.74,0.88432
4018.64,0.88802
4019.54,0.88998
4020.44,0.89189
4021.34,0.89437
4022.24,0.89185
4023.14,0.88978
4024.04,0.88984
4024.94,0.88869
4025.84,0.89263
4026.74,0.89612
4027.64,0.89681
4028.54,0.8931
4029.44,0.8849
4030.34,0.87139
4031.24,0.85301
4032.14,0.83733
4033.04,0.82982
4033.94,0.8308
4034.84,0.84196
4035.74,0.84932
4036.64,0.87254
4037.54,0.89295
4038.44,0.90413
4039.34,0.91357
4040.24,0.91524
4041.14,0.90595
4042.04,0.89888
4042.94,0.88484
4043.84,0.86563
4044.74,0.85128
4045.64,0.83706
4046.54,0.83039
4047.44,0.83282
4048.34,0.84767
4049.24,0.86551
4050.14,0.88047
4051.04,0.89135
4051.94,0.89236
4052.84,0.88843
4053.74,0.88072
4054.65,0.87
4055.55,0.86245
4056.45,0.8547
4057.35,0.85017
4058.25,0.84983
4059.15,0.85212
4060.05,0.85352
4060.95,0.85446
4061.85,0.85379
4062.75,0.84489
4063.65,0.83628
4064.55,0.82849
4065.45,0.82551
4066.35,0.82836
4067.25,0.83686
4068.15,0.84692
4069.05,0.85052
4069.95,0.85657
4070.85,0.85592
4071.75,0.85182
4072.65,0.8479
4073.55,0.84072
4074.45,0.8371
4075.35,0.82611
4076.25,0.81544
4077.15,0.80319
4078.05,0.79392
4078.95,0.7926
4079.85,0.80156
4080.75,0.81093
4081.65,0.82004
4082.55,0.83353
4083.45,0.8381
4084.35,0.83467
4085.25,0.8345
4086.15,0.83393
4087.05,0.84099
4087.95,0.84298
4088.85,0.84618
4089.75,0.85138
4090.65,0.84575
4091.55,0.84133
4092.45,0.83219
4093.36,0.81204
4094.26,0.79454
4095.16,0.77539
4096.06,0.75219
4096.96,0.72733
4097.86,0.69377
4098.76,0.66317
4099.66,0.63135
4100.56,0.59577
4101.46,0.57204
4102.36,0.55829
4103.26,0.55953
4104.16,0.57382
4105.06,0.60134
4105.96,0.63383
4106.86,0.66432
4107.76,0.69341
4108.66,0.71747
4109.56,0.73408
4110.46,0.74902
4111.36,0.76682
4112.26,0.77472
4113.16,0.78996
4114.06,0.80649
4114.96,0.81828
4115.86,0.82816
4116.76,0.83176
4117.66,0.836
4118.56,0.83887
4119.46,0.83651
4120.36,0.83132
4121.26,0.83278
4122.16,0.83661
4123.06,0.83878
4123.96,0.84164
4124.86,0.84636
4125.76,0.85004
4126.66,0.85068
4127.56,0.84691
4128.46,0.8424
4129.36,0.8409
4130.26,0.83766
4131.17,0.83132
4132.06,0.82383
4132.97,0.82786
4133.87,0.82463
4134.77,0.83231
4135.67,0.84062
4136.57,0.85623
4137.47,0.87355
4138.37,0.88329
4139.27,0.88936
4140.17,0.89308
4141.07,0.88729
4141.97,0.87571
4142.87,0.86666
4143.77,0.85541
4144.67,0.84762
4145.57,0.84901
4146.47,0.85205
4147.37,0.85833
4148.27,0.86695
4149.17,0.87345
4150.07,0.87183
4150.97,0.86993
4151.87,0.86332
4152.77,0.85998
4153.67,0.8567
4154.57,0.85116
4155.47,0.84859
4156.37,0.84936
4157.27,0.85552
4158.17,0.86145
4159.07,0.86783
4159.97,0.87616
4160.87,0.88416
4161.77,0.88997
4162.67,0.89641
4163.57,0.90024
4164.47,0.89951
4165.37,0.90092
4166.27,0.8987
4167.17,0.89389
4168.07,0.88666
4168.98,0.87802
4169.88,0.87198
4170.78,0.86235
4171.68,0.8458
4172.58,0.8347
4173.48,0.82306
4174.38,0.81704
4175.28,0.81781
4176.18,0.81749
4177.08,0.82382
4177.98,0.83125
4178.88,0.83443
4179.78,0.84027
4180.68,0.84521
4181.58,0.85169
4182.48,0.85573
4183.38,0.85798
4184.28,0.86104
4185.18,0.85933
4186.08,0.8622
4186.98,0.8629
4187.88,0.86314
4188.78,0.86069
4189.68,0.86566
4190.58,0.87017
4191.48,0.87915
4192.38,0.88335
4193.28,0.88742
4194.18,0.8849
4195.08,0.88263
4195.98,0.87265
4196.88,0.86164
4197.78,0.84634
4198.68,0.83715
4199.58,0.83231
4200.48,0.82649
4201.38,0.82998
4202.28,0.83341
4203.18,0.83866
4204.08,0.84317
4204.98,0.85192
4205.88,0.8622
4206.79,0.87184
4207.69,0.8827
4208.59,0.88542
4209.49,0.89313
4210.39,0.89316
4211.29,0.89624
4212.19,0.89815
4213.09,0.89035
4213.99,0.88472
4214.89,0.87893
4215.79,0.87187
4216.69,0.87488
4217.59,0.87557
4218.49,0.88261
4219.39,0.88947
4220.29,0.89867
4221.19,0.89894
4222.09,0.89069
4222.99,0.87965
4223.89,0.85926
4224.79,0.83342
4225.69,0.81041
4226.59,0.78723
4227.49,0.78304
4228.39,0.78581
4229.29,0.80269
4230.19,0.83021
4231.09,0.85293
4231.99,0.86634
4232.89,0.86974
4233.79,0.87359
4234.69,0.86763
4235.59,0.86352
4236.49,0.85139
4237.39,0.85145
4238.29,0.85336
4239.19,0.85894
4240.09,0.86003
4240.99,0.87179
4241.89,0.87902
4242.79,0.88115
4243.69,0.89275
4244.59,0.89059
4245.5,0.88879
4246.4,0.88522
4247.3,0.87747
4248.2,0.86907
4249.1,0.85544
4250.0,0.85382
4250.9,0.85027
4251.8,0.84761
4252.7,0.85323
4253.6,0.85884
4254.5,0.86428
4255.4,0.86887
4256.3,0.8684
4257.2,0.86968
4258.1,0.86935
4259.0,0.86065
4259.9,0.85574
4260.8,0.85225
4261.7,0.85516
4262.6,0.86412
4263.5,0.8748
4264.4,0.886
4265.3,0.89798
4266.2,0.90283
4267.1,0.9015
4268.0,0.89434
4268.9,0.88119
4269.8,0.86253
4270.7,0.84406
4271.6,0.82381
4272.5,0.81127
4273.4,0.80113
4274.3,0.80293
4275.2,0.81251
4276.1,0.82599
4277.0,0.84109
4277.9,0.85311
4278.8,0.86722
4279.7,0.86947
4280.6,0.86799
4281.5,0.86821
4282.4,0.86377
4283.31,0.86013
4284.21,0.85265
4285.11,0.84768
4286.01,0.83662
4286.91,0.83263
4287.81,0.81423
4288.71,0.80566
4289.61,0.79717
4290.51,0.79373
4291.41,0.79214
4292.31,0.79721
4293.21,0.80074
4294.11,0.80866
4295.01,0.81163
4295.91,0.81159
4296.81,0.80015
4297.71,0.78645
4298.61,0.76433
4299.51,0.74527
4300.41,0.72624
4301.31,0.71539
4302.21,0.70645
4303.11,0.70373
4304.01,0.70763
4304.91,0.70638
4305.81,0.70289
4306.71,0.70419
4307.61,0.70287
4308.51,0.7014
4309.41,0.70183
4310.31,0.70389
4311.21,0.71725
4312.11,0.73055
4313.01,0.74751
4313.91,0.76893
4314.81,0.79368
4315.71,0.81514
4316.61,0.83895
4317.51,0.85884
4318.41,0.87839
4319.31,0.88995
4320.21,0.88283
4321.12,0.87491
4322.02,0.86117
4322.92,0.83618
4323.82,0.81682
4324.72,0.79157
4325.62,0.77409
4326.52,0.76904
4327.42,0.7688
4328.32,0.78028
4329.22,0.79224
4330.12,0.8046
4331.02,0.81152
4331.92,0.81218
4332.82,0.81313
4333.72,0.8019
4334.62,0.79004
4335.52,0.77046
4336.42,0.74319
4337.32,0.70709
4338.22,0.66722
4339.12,0.63104
4340.02,0.59846
4340.92,0.58074
4341.82,0.57786
4342.72,0.59063
4343.62,0.6153
4344.52,0.64411
4345.42,0.68171
4346.32,0.71176
4347.22,0.74372
4348.12,0.76143
4349.02,0.77578
4349.92,0.78192
4350.82,0.78388
4351.72,0.78516
4352.62,0.78198
4353.52,0.7863
4354.42,0.79102
4355.32,0.80312
4356.22,0.82009
4357.12,0.83174
4358.02,0.84496
4358.92,0.85358
4359.83,0.8605
4360.73,0.86851
4361.63,0.87561
4362.53,0.88495
4363.43,0.89553
4364.33,0.90037
4365.23,0.90763
4366.13,0.90455
4367.03,0.90266
4367.93,0.89964
4368.83,0.89074
4369.73,0.88601
4370.63,0.87527
4371.53,0.87376
4372.43,0.86903
4373.33,0.86461
4374.23,0.85815
4375.13,0.85776
4376.03,0.85429
4376.93,0.8612
4377.83,0.8695
4378.73,0.87881
4379.63,0.87843
4380.53,0.87868
4381.43,0.86728
4382.33,0.84938
4383.23,0.83011
4384.13,0.81102
4385.03,0.79946
4385.93,0.79975
4386.83,0.80293
4387.73,0.81652
4388.63,0.83408
4389.53,0.84443
4390.43,0.85236
4391.33,0.86123
4392.23,0.86906
4393.13,0.87017
4394.03,0.87299
4394.93,0.8779
4395.83,0.87926
4396.73,0.88457
4397.64,0.88898
4398.54,0.88976
4399.44,0.88813
4400.34,0.88294
4401.24,0.88239
4402.14,0.87584
4403.04,0.87133
4403.94,0.86743
4404.84,0.8628
4405.74,0.85942
4406.64,0.85905
4407.54,0.86192
4408.44,0.8681
4409.34,0.87769
4410.24,0.89005
4411.14,0.90354
4412.04,0.90898
4412.94,0.91296
4413.84,0.91328
4414.74,0.90988
4415.64,0.90135
4416.54,0.89803
4417.44,0.89309
4418.34,0.8954
4419.24,0.90434
4420.14,0.91011
4421.04,0.9182
4421.94,0.91829
4422.84,0.91699
4423.74,0.91901
4424.64,0.9168
4425.54,0.91696
4426.44,0.9145
4427.34,0.91964
4428.24,0.9147
4429.14,0.91361
4430.04,0.91313
4430.94,0.91066
4431.84,0.9089
4432.74,0.90011
4433.64,0.89674
4434.54,0.89055
4435.45,0.88968
4436.35,0.89483
4437.25,0.89814
4438.15,0.90865
4439.05,0.91425
4439.95,0.91732
4440.85,0.92011
4441.75,0.91701
4442.65,0.90837
4443.55,0.90464
4444.45,0.90145
4445.35,0.90198
4446.25,0.91195
4447.15,0.91473
4448.05,0.92136
4448.95,0.9301
4449.85,0.93008
4450.75,0.92718
4451.65,0.92165
4452.55,0.91064
4453.45,0.90615
4454.35,0.89491
4455.25,0.88412
4456.15,0.87186
4457.05,0.86397
4457.95,0.86388
4458.85,0.86019
4459.75,0.86124
4460.65,0.86092
4461.55,0.86566
4462.45,0.86974
4463.35,0.87643
4464.25,0.88356
4465.15,0.88837
4466.05,0.89083
4466.95,0.89455
4467.85,0.89403
4468.75,0.89982
4469.65,0.90043
4470.55,0.90422
4471.45,0.90506
4472.35,0.91815
4473.25,0.92882
4474.16,0.9405
4475.06,0.95226
4475.96,0.95602
4476.86,0.96111
4477.76,0.95463
4478.66,0.94736
4479.56,0.94229
4480.46,0.93141
4481.36,0.91428
4482.26,0.91058
4483.16,0.90854
4484.06,0.91583
4484.96,0.92561
4485.86,0.93374
4486.76,0.94009
4487.66,0.94077
4488.56,0.93827
4489.46,0.93634
4490.36,0.92596
4491.26,0.92508
4492.16,0.92463
4493.06,0.92445
4493.96,0.92517
4494.86,0.92394
4495.76,0.92616
4496.66,0.92739
4497.56,0.93619
4498.46,0.93799
4499.36,0.94824
4500.26,0.9511
4501.16,0.95229
4502.06,0.9654
4502.96,0.9682
4503.86,0.9775
4504.76,0.98052
4505.66,0.98709
4506.56,0.99462
4507.46,0.99139
4508.36,0.98867
4509.26,0.98468
4510.17,0.98476
4511.06,0.98472
4511.97,0.98042
4512.87,0.9712
4513.77,0.97259
4514.67,0.96284
4515.57,0.95846
4516.47,0.95469
4517.37,0.95367
4518.27,0.9517
4519.17,0.94822
4520.07,0.95099
4520.97,0.94918
4521.87,0.94479
4522.77,0.94074
4523.67,0.93127
4524.57,0.92587
4525.47,0.91732
4526.37,0.90572
4527.27,0.89228
4528.17,0.88594
4529.07,0.87479
4529.97,0.87806
4530.87,0.87262
4531.77,0.87293
4532.67,0.87837
4533.57,0.87614
4534.47,0.88108
4535.37,0.88672
4536.27,0.89441
4537.17,0.90646
4538.07,0.91799
4538.97,0.9244
4539.87,0.93882
4540.77,0.94209
4541.67,0.94512
4542.57,0.94065
4543.47,0.9409
4544.37,0.93667
4545.27,0.93482
4546.17,0.92611
4547.07,0.92895
4547.97,0.9198
4548.88,0.91352
4549.77,0.90724
4550.68,0.90303
4551.58,0.89981
4552.48,0.90075
4553.38,0.89817
4554.28,0.89926
4555.18,0.89756
4556.08,0.90655
4556.98,0.91859
4557.88,0.92593
4558.78,0.93452
4559.68,0.94622
4560.58,0.95285
4561.48,0.95419
4562.38,0.95115
4563.28,0.95461
4564.18,0.94769
4565.08,0.93971
4565.98,0.94233
4566.88,0.94313
4567.78,0.95056
4568.68,0.94999
4569.58,0.95626
4570.48,0.95564
4571.38,0.95472
4572.28,0.9558
4573.18,0.95024
4574.08,0.9529
4574.98,0.95457
4575.88,0.95386
4576.78,0.95832
4577.68,0.95128
4578.58,0.94575
4579.48,0.94022
4580.38,0.93367
4581.28,0.92399
4582.18,0.91819
4583.08,0.9148
4583.98,0.91492
4584.88,0.91551
4585.78,0.91875
4586.69,0.92397
4587.58,0.929
4588.49,0.93507
4589.39,0.93568
4590.29,0.94195
4591.19,0.9421
4592.09,0.93755
4592.99,0.93934
4593.89,0.93093
4594.79,0.93418
4595.69,0.93425
4596.59,0.93177
4597.49,0.93253
4598.39,0.92951
4599.29,0.93634
4600.19,0.93399
4601.09,0.93641
4601.99,0.93712
4602.89,0.9352
4603.79,0.93788
4604.69,0.93524
4605.59,0.94411
4606.49,0.94874
4607.39,0.95613
4608.29,0.96506
4609.19,0.97007
4610.09,0.97516
4610.99,0.97242
4611.89,0.97445
4612.79,0.97085
4613.69,0.96997
4614.59,0.96918
4615.49,0.96621
4616.39,0.96373
4617.29,0.96362
4618.19,0.96175
4619.09,0.96447
4619.99,0.96518
4620.89,0.96327
4621.79,0.96664
4622.69,0.96894
4623.59,0.96597
4624.5,0.97277
4625.4,0.97045
4626.3,0.9709
4627.2,0.96792
4628.1,0.972
4629.0,0.96482
4629.9,0.96579
4630.8,0.96182
4631.7,0.96526
4632.6,0.96186
4633.5,0.95678
4634.4,0.9549
4635.3,0.95039
4636.2,0.94798
4637.1,0.94677
4638.0,0.94151
4638.9,0.94059
4639.8,0.94129
4640.7,0.94161
4641.6,0.94173
4642.5,0.9428
4643.4,0.94208
4644.3,0.94097
4645.2,0.93695
4646.1,0.93143
4647.0,0.92913
4647.9,0.92311
4648.8,0.91909
4649.7,0.92143
4650.6,0.92405
4651.5,0.92949
4652.4,0.92975
4653.3,0.9372
4654.2,0.94212
4655.1,0.93793
4656.0,0.93923
4656.9,0.93989
4657.8,0.94999
4658.7,0.95147
4659.6,0.95567
4660.5,0.96725
4661.4,0.96507
4662.3,0.96088
4663.21,0.95946
4664.11,0.94509
4665.01,0.93475
4665.91,0.92463
4666.81,0.91088
4667.71,0.90676
4668.61,0.8996
4669.51,0.89719
4670.41,0.90154
4671.31,0.90665
4672.21,0.916
4673.11,0.92671
4674.01,0.93452
4674.91,0.94205
4675.81,0.94528
4676.71,0.95011
4677.61,0.95047
4678.51,0.94602
4679.41,0.94493
4680.31,0.93636
4681.21,0.93335
4682.11,0.93396
4683.01,0.93845
4683.91,0.93622
4684.81,0.93717
4685.71,0.94396
4686.61,0.94478
4687.51,0.94535
4688.41,0.94426
4689.31,0.94514
4690.21,0.94745
4691.11,0.94273
4692.01,0.94882
4692.91,0.94921
4693.81,0.95241
4694.71,0.95497
4695.61,0.95545
4696.51,0.95268
4697.41,0.95108
4698.31,0.95032
4699.21,0.94103
4700.12,0.9314
4701.02,0.92715
4701.92,0.92432
4702.82,0.91468
4703.72,0.91482
4704.62,0.91381
4705.52,0.91317
4706.42,0.91118
4707.32,0.9129
4708.22,0.91655
4709.12,0.91731
4710.02,0.91899
4710.92,0.92276
4711.82,0.93111
4712.72,0.93046
4713.62,0.93436
4714.52,0.93693
4715.42,0.94391
4716.32,0.94507
4717.22,0.9514
4718.12,0.95607
4719.02,0.96162
4719.92,0.96611
4720.82,0.97118
4721.72,0.97368
4722.62,0.97473
4723.52,0.97338
4724.42,0.97299
4725.32,0.96686
4726.22,0.96399
4727.12,0.95502
4728.02,0.94456
4728.92,0.93992
4729.82,0.92871
4730.72,0.92633
4731.62,0.92524
4732.52,0.92593
4733.42,0.93249
4734.32,0.93292
4735.22,0.93328
4736.12,0.93762
4737.02,0.94324
4737.92,0.93928
4738.83,0.94613
4739.73,0.94879
4740.63,0.94804
4741.53,0.94962
4742.43,0.9521
4743.33,0.95362
4744.23,0.95484
4745.13,0.96032
4746.03,0.96434
4746.93,0.9644
4747.83,0.96406
4748.73,0.96289
4749.63,0.96754
4750.53,0.96323
4751.43,0.9599
4752.33,0.95685
4753.23,0.95366
4754.13,0.95131
4755.03,0.94983
4755.93,0.94116
4756.83,0.94175
4757.73,0.94158
4758.63,0.93826
4759.53,0.93838
4760.43,0.93864
4761.33,0.93206
4762.23,0.93064
4763.13,0.91873
4764.03,0.91677
4764.93,0.91102
4765.83,0.91249
4766.73,0.91074
4767.63,0.90888
4768.53,0.91595
4769.43,0.92138
4770.33,0.92904
4771.23,0.93281
4772.13,0.93697
4773.03,0.94039
4773.93,0.94528
4774.83,0.94806
4775.73,0.95449
4776.64,0.95836
4777.54,0.95714
4778.44,0.9604
4779.34,0.95831
4780.24,0.95737
4781.14,0.95172
4782.04,0.94818
4782.94,0.94137
4783.84,0.93785
4784.74,0.93408
4785.64,0.93436
4786.54,0.9292
4787.44,0.92975
4788.34,0.92684
4789.24,0.9292
4790.14,0.92944
4791.04,0.93089
4791.94,0.93797
4792.84,0.93774
4793.74,0.94904
4794.64,0.95818
4795.54,0.96321
4796.44,0.95885
4797.34,0.96137
4798.24,0.95812
4799.14,0.94964
4800.04,0.94651
4800.94,0.94554
4801.84,0.94686
4802.74,0.94382
4803.64,0.94254
4804.54,0.94688
4805.44,0.94161
4806.34,0.93803
4807.24,0.93754
4808.14,0.9396
4809.04,0.93302
4809.94,0.93462
4810.84,0.93676
4811.74,0.93757
4812.64,0.94263
4813.54,0.94919
4814.45,0.94696
4815.35,0.94958
4816.25,0.95623
4817.15,0.95736
4818.05,0.96116
4818.95,0.95946
4819.85,0.96096
4820.75,0.95742
4821.65,0.95204
4822.55,0.94614
4823.45,0.93912
4824.35,0.93259
4825.25,0.93021
4826.15,0.93354
4827.05,0.92983
4827.95,0.93139
4828.85,0.92976
4829.75,0.93008
4830.65,0.9271
4831.55,0.92377
4832.45,0.92217
4833.35,0.92118
4834.25,0.92438
4835.15,0.92184
4836.05,0.92172
4836.95,0.9189
4837.85,0.92019
4838.75,0.91186
4839.65,0.905
4840.55,0.90288
4841.45,0.89884
4842.35,0.89996
4843.25,0.89445
4844.15,0.89587
4845.05,0.89614
4845.95,0.89503
4846.85,0.89067
4847.75,0.88429
4848.65,0.88105
4849.55,0.87672
4850.45,0.8701
4851.35,0.86544
4852.26,0.85933
4853.16,0.84529
4854.06,0.8293
4854.96,0.82136
4855.86,0.80152
4856.76,0.78312
4857.66,0.76047
4858.56,0.73387
4859.46,0.70606
4860.36,0.68311
4861.26,0.66638
4862.16,0.65221
4863.06,0.64953
4863.96,0.65902
4864.86,0.67954
4865.76,0.70119
4866.66,0.72711
4867.56,0.74731
4868.46,0.77024
4869.36,0.78526
4870.26,0.79673
4871.16,0.80155
4872.06,0.80613
4872.96,0.8109
4873.86,0.81652
4874.76,0.82651
4875.66,0.83411
4876.56,0.84716
4877.46,0.85734
4878.36,0.86477
4879.26,0.8743
4880.16,0.87768
4881.06,0.88361
4881.96,0.88301
4882.86,0.88562
4883.76,0.88417
4884.66,0.8795
4885.56,0.87888
4886.46,0.87798
4887.36,0.87254
4888.26,0.87022
4889.17,0.86794
4890.07,0.87041
4890.97,0.87058
4891.87,0.87906
4892.77,0.88734
4893.67,0.90036
4894.57,0.91403
4895.47,0.92427
4896.37,0.93638
4897.27,0.94427
4898.17,0.94801
4899.07,0.94945
4899.97,0.94926
4900.87,0.94455
4901.77,0.94229
4902.67,0.93907
4903.57,0.935
4904.47,0.93538
4905.37,0.9345
4906.27,0.93149
4907.17,0.93332
4908.07,0.93021
4908.97,0.93067
4909.87,0.92612
4910.77,0.91956
4911.67,0.91653
4912.57,0.91658
4913.47,0.92328
4914.37,0.92132
4915.27,0.92494
4916.17,0.91995
4917.07,0.91843
4917.97,0.90633
4918.87,0.89669
4919.77,0.88645
4920.67,0.87865
4921.57,0.87004
4922.47,0.87009
4923.37,0.87099
4924.27,0.87859
4925.17,0.88809
4926.07,0.89495
4926.98,0.91001
4927.88,0.91523
4928.78,0.92835
4929.68,0.93433
4930.58,0.93405
4931.48,0.93673
4932.38,0.93607
4933.28,0.92493
4934.18,0.92163
4935.08,0.91345
4935.98,0.89918
4936.88,0.89692
4937.78,0.8969
4938.68,0.89667
4939.58,0.89773
4940.48,0.89741
4941.38,0.91094
4942.28,0.91596
4943.18,0.92115
4944.08,0.92994
4944.98,0.93544
4945.88,0.94603
4946.78,0.94513
4947.68,0.94673
4948.58,0.94976
4949.48,0.95317
4950.38,0.94897
4951.28,0.95124
4952.18,0.94933
4953.08,0.94544
4953.98,0.93829
4954.88,0.93078
4955.78,0.9203
4956.68,0.91464
4957.58,0.90476
4958.48,0.89964
4959.38,0.89925
4960.28,0.90143
4961.18,0.90897
4962.08,0.91274
4962.98,0.91898
4963.88,0.92324
4964.79,0.92077
4965.69,0.92401
4966.59,0.91642
4967.49,0.91477
4968.39,0.91317
4969.29,0.91527
4970.19,0.91165
4971.09,0.91319
4971.99,0.91606
4972.89,0.92105
4973.79,0.92834
4974.69,0.92835
4975.59,0.92825
4976.49,0.92919
4977.39,0.92797
4978.29,0.91921
4979.19,0.91083
4980.09,0.89777
4980.99,0.89174
4981.89,0.88125
4982.79,0.87084
4983.69,0.86653
4984.59,0.85945
4985.49,0.86203
4986.39,0.86837
4987.29,0.87891
4988.19,0.8828
4989.09,0.89054
4989.99,0.89905
4990.89,0.89793
4991.79,0.90286
4992.69,0.90534
4993.59,0.90382
4994.49,0.90711
4995.39,0.90717
4996.29,0.90539
4997.19,0.90466
4998.09,0.90594
4998.99,0.89754
4999.89,0.89196
5000.79,0.88517
5001.7,0.88354
5002.6,0.87434
5003.5,0.87423
5004.4,0.86927
5005.3,0.87036
5006.2,0.86677
5007.1,0.86705
5008.0,0.86863
5008.9,0.86744
5009.8,0.87123
5010.7,0.87227
5011.6,0.87036
5012.5,0.86332
5013.4,0.85896
5014.3,0.85475
5015.2,0.84958
5016.1,0.84808
5017.0,0.84569
5017.9,0.84835
5018.8,0.84851
5019.7,0.84762
5020.6,0.85536
5021.5,0.86278
5022.4,0.86077
5023.3,0.86823
5024.2,0.87225
5025.1,0.87821
5026.0,0.87995
5026.9,0.88321
5027.8,0.88624
5028.7,0.89205
5029.6,0.89571
5030.5,0.89863
5031.4,0.90576
5032.3,0.90835
5033.2,0.90838
5034.1,0.90403
5035.0,0.90474
5035.9,0.89524
5036.8,0.88808
5037.7,0.87668
5038.6,0.86461
5039.5,0.86161
5040.41,0.85175
5041.31,0.84642
5042.21,0.84852
5043.11,0.85118
5044.01,0.86031
5044.91,0.87216
5045.81,0.88333
5046.71,0.89454
5047.61,0.89829
5048.51,0.89726
5049.41,0.89469
5050.31,0.89569
5051.21,0.89069
5052.11,0.88952
5053.01,0.89065
5053.91,0.89342
5054.81,0.90074
5055.71,0.90754
5056.61,0.91213
5057.51,0.92206
5058.41,0.9226
5059.31,0.92948
5060.21,0.92834
5061.11,0.93005
5062.01,0.92623
5062.91,0.92182
5063.81,0.91619
5064.71,0.90858
5065.61,0.90104
5066.51,0.8992
5067.41,0.89243
5068.31,0.89012
5069.21,0.88725
5070.11,0.89018
5071.01,0.88624
5071.91,0.88743
5072.81,0.8881
5073.71,0.89183
5074.61,0.88916
5075.51,0.88605
5076.42,0.8812
5077.31,0.87944
5078.21,0.87554
5079.12,0.86555
5080.02,0.86089
5080.92,0.85571
5081.82,0.85367
5082.72,0.85421
5083.62,0.8585
5084.52,0.86139
5085.42,0.87003
5086.32,0.87593
5087.22,0.88441
5088.12,0.89219
5089.02,0.89721
5089.92,0.89982
5090.82,0.90657
5091.72,0.91184
5092.62,0.90897
5093.52,0.90516
5094.42,0.90598
5095.32,0.90394
5096.22,0.89957
5097.12,0.89366
5098.02,0.88134
5098.92,0.87896
5099.82,0.87399
5100.72,0.87107
5101.62,0.87406
5102.52,0.8757
5103.42,0.87841
5104.32,0.87888
5105.22,0.87787
5106.12,0.8776
5107.02,0.87512
5107.92,0.87426
5108.82,0.87094
5109.72,0.86939
5110.62,0.87164
5111.52,0.87309
5112.42,0.88084
5113.32,0.8856
5114.22,0.88635
5115.12,0.89438
5116.03,0.89917
5116.93,0.90631
5117.83,0.90717
5118.73,0.90882
5119.63,0.90441
5120.53,0.90099
5121.43,0.89265
5122.33,0.88604
5123.23,0.8799
5124.13,0.86968
5125.03,0.863
5125.93,0.85736
5126.83,0.85724
5127.73,0.85235
5128.63,0.85696
5129.53,0.85354
5130.43,0.85873
5131.33,0.85983
5132.23,0.863
5133.13,0.86984
5134.03,0.87398
5134.93,0.87318
5135.83,0.87077
5136.73,0.87271
5137.63,0.86803
5138.53,0.86671
5139.43,0.86029
5140.33,0.85534
5141.23,0.85544
5142.13,0.85145
5143.03,0.85
5143.93,0.85101
5144.83,0.84976
5145.73,0.85223
5146.63,0.85149
5147.53,0.85511
5148.43,0.85363
5149.33,0.85318
5150.23,0.85052
5151.13,0.85228
5152.03,0.85378
5152.94,0.85322
5153.84,0.85744
5154.74,0.85889
5155.64,0.86273
5156.54,0.87097
5157.44,0.87807
5158.34,0.88247
5159.24,0.88539
5160.14,0.88739
5161.04,0.88506
5161.94,0.88018
5162.84,0.87121
5163.74,0.85488
5164.64,0.84188
5165.54,0.82049
5166.44,0.80046
5167.34,0.78567
5168.24,0.76735
5169.14,0.7533
5170.04,0.74365
5170.94,0.74125
5171.84,0.7388
5172.74,0.74517
5173.64,0.75291
5174.54,0.76976
5175.44,0.78105
5176.34,0.79881
5177.24,0.81738
5178.14,0.82695
5179.04,0.83285
5179.94,0.83674
5180.84,0.83081
5181.74,0.81841
5182.64,0.80529
5183.54,0.79627
5184.44,0.78832
5185.34,0.78571
5186.24,0.79138
5187.14,0.80101
5188.04,0.80811
5188.94,0.82098
5189.84,0.82815
5190.75,0.83428
5191.65,0.83769
5192.55,0.833
5193.45,0.83049
5194.35,0.82973
5195.25,0.8324
5196.15,0.83775
5197.05,0.83947
5197.95,0.84296
5198.85,0.84887
5199.75,0.8529
5200.65,0.86084
5201.55,0.85649
5202.45,0.85834
5203.35,0.84893
5204.25,0.84573
5205.15,0.83821
5206.05,0.82859
5206.95,0.8251
5207.85,0.8186
5208.75,0.82062
5209.65,0.82298
5210.55,0.82726
5211.45,0.83512
5212.35,0.84313
5213.25,0.85039
5214.15,0.8593
5215.05,0.86028
5215.95,0.86538
5216.85,0.87192
5217.75,0.87098
5218.65,0.86855
5219.55,0.87484
5220.45,0.87349
5221.35,0.87381
5222.25,0.87004
5223.15,0.87083
5224.05,0.86003
5224.95,0.85393
5225.85,0.8436
5226.75,0.83447
5227.66,0.83488
5228.56,0.83235
5229.46,0.83068
5230.36,0.83968
5231.26,0.84436
5232.16,0.84712
5233.06,0.85424
5233.96,0.8584
5234.86,0.86552
5235.76,0.86654
5236.66,0.86961
5237.56,0.87715
5238.46,0.88111
5239.36,0.88558
5240.26,0.88757
5241.16,0.89456
5242.06,0.8966
5242.96,0.89866
5243.86,0.89225
5244.76,0.89294
5245.66,0.89071
5246.56,0.8832
5247.46,0.87897
5248.36,0.87133
5249.26,0.86886
5250.16,0.86207
5251.06,0.86173
5251.96,0.86207
5252.86,0.86164
5253.76,0.866
5254.66,0.8681
5255.56,0.87012
5256.46,0.87748
5257.36,0.87736
5258.26,0.88002
5259.16,0.88219
5260.06,0.88044
5260.96,0.87508
5261.86,0.86135
5262.76,0.84813
5263.66,0.83236
5264.56,0.82082
5265.47,0.80913
5266.37,0.79641
5267.27,0.79028
5268.17,0.79025
5269.07,0.78765
5269.97,0.78743
5270.87,0.79178
5271.77,0.79608
5272.67,0.80413
5273.57,0.81538
5274.47,0.82461
5275.37,0.83382
5276.27,0.84308
5277.17,0.85597
5278.07,0.86039
5278.97,0.86808
5279.87,0.86965
5280.77,0.87119
5281.67,0.87033
5282.57,0.87589
5283.47,0.87239
5284.37,0.87352
5285.27,0.87698
5286.17,0.88371
5287.07,0.88692
5287.97,0.89594
5288.87,0.9051
5289.77,0.90896
5290.67,0.9117
5291.57,0.91223
5292.47,0.91275
5293.37,0.90918
5294.27,0.90256
5295.17,0.89793
5296.07,0.88781
5296.97,0.87922
5297.87,0.87094
5298.77,0.86695
5299.67,0.86347
5300.57,0.86476
5301.48,0.86509
5302.38,0.87556
5303.27,0.87603
5304.18,0.88634
5305.08,0.89048
5305.98,0.90081
5306.88,0.90402
5307.78,0.90749
5308.68,0.90834
5309.58,0.91275
5310.48,0.90945
5311.38,0.91281
5312.28,0.91061
5313.18,0.90814
5314.08,0.90738
5314.98,0.90423
5315.88,0.899
5316.78,0.89522
5317.68,0.89487
5318.58,0.88893
5319.48,0.89027
5320.38,0.88701
5321.28,0.88394
5322.18,0.88286
5323.08,0.87341
5323.98,0.86813
5324.88,0.85707
5325.78,0.85067
5326.68,0.84314
5327.58,0.83584
5328.48,0.82945
5329.38,0.82545
5330.28,0.82547
5331.18,0.83161
5332.08,0.83881
5332.98,0.84811
5333.88,0.86232
5334.78,0.86672
5335.68,0.87373
5336.58,0.87512
5337.48,0.87492
5338.38,0.87667
5339.28,0.87384
5340.19,0.86526
5341.08,0.86918
5341.99,0.8651
5342.89,0.86799
5343.79,0.86682
5344.69,0.86938
5345.59,0.87109
5346.49,0.87236
5347.39,0.87381
5348.29,0.87934
5349.19,0.8761
5350.09,0.87907
5350.99,0.87984
5351.89,0.88404
5352.79,0.89346
5353.69,0.89533
5354.59,0.90374
5355.49,0.9113
5356.39,0.91502
5357.29,0.91722
5358.19,0.9177
5359.09,0.91798
5359.99,0.9163
5360.89,0.91751
5361.79,0.9105
5362.69,0.90102
5363.59,0.89489
5364.49,0.89107
5365.39,0.88142
5366.29,0.87505
5367.19,0.87239
5368.09,0.86433
5368.99,0.86476
5369.89,0.86022
5370.79,0.8571
5371.69,0.85464
5372.59,0.8591
5373.49,0.86469
5374.39,0.86709
5375.29,0.87752
5376.19,0.87842
5377.09,0.88581
5378.0,0.8949
5378.9,0.89233
5379.8,0.89294
5380.7,0.89323
5381.6,0.89021
5382.5,0.89008
5383.4,0.88716
5384.3,0.88806
5385.2,0.88677
5386.1,0.88775
5387.0,0.88738
5387.9,0.88808
5388.8,0.88267
5389.7,0.87531
5390.6,0.87556
5391.5,0.87394
5392.4,0.86758
5393.3,0.86197
5394.2,0.85621
5395.1,0.85454
5396.0,0.84907
5396.9,0.84811
5397.8,0.84799
5398.7,0.84673
5399.6,0.8468
5400.5,0.8498
5401.4,0.84844
5402.3,0.85035
5403.2,0.84763
5404.1,0.84182
5405.0,0.84005
5405.9,0.83503
5406.8,0.8321
5407.7,0.83175
5408.6,0.83313
5409.5,0.83209
5410.4,0.83824
5411.3,0.84399
5412.2,0.84656
5413.1,0.85276
5414.0,0.85849
5414.9,0.8664
5415.81,0.86907
5416.71,0.87764
5417.61,0.87818
5418.51,0.87872
5419.41,0.88021
5420.31,0.87935
5421.21,0.87817
5422.11,0.87956
5423.01,0.8771
5423.91,0.87512
5424.81,0.87497
5425.71,0.87397
5426.61,0.86945
5427.51,0.86603
5428.41,0.86553
5429.31,0.86031
5430.21,0.86191
5431.11,0.85654
5432.01,0.85221
5432.91,0.84916
5433.81,0.84836
5434.71,0.84659
5435.61,0.85243
5436.51,0.85265
5437.41,0.86018
5438.31,0.86512
5439.21,0.87432
5440.11,0.88246
5441.01,0.88605
5441.91,0.88458
5442.81,0.88976
5443.71,0.88653
5444.61,0.88108
5445.51,0.87347
5446.41,0.87028
5447.31,0.86569
5448.21,0.85866
5449.11,0.85903
5450.01,0.85683
5450.91,0.86246
5451.81,0.86272
5452.72,0.86408
5453.62,0.85985
5454.52,0.86195
5455.42,0.85417
5456.32,0.85726
5457.22,0.85549
5458.12,0.85599
5459.02,0.86188
5459.92,0.86074
5460.82,0.86016
5461.72,0.85769
5462.62,0.85969
5463.52,0.863
5464.42,0.8605
5465.32,0.86163
5466.22,0.85731
5467.12,0.86194
5468.02,0.86391
5468.92,0.86264
5469.82,0.8635
5470.72,0.86278
5471.62,0.85868
5472.52,0.85788
5473.42,0.85271
5474.32,0.84894
5475.22,0.84432
5476.12,0.83578
5477.02,0.83712
5477.92,0.83439
5478.82,0.83461
5479.72,0.83306
5480.62,0.83392
5481.52,0.83922
5482.42,0.84123
5483.32,0.84617
5484.22,0.85103
5485.12,0.85523
5486.02,0.85806
5486.92,0.8572
5487.82,0.86106
5488.72,0.86382
5489.62,0.86074
5490.53,0.86102
5491.43,0.86166
5492.33,0.86238
5493.23,0.86531
5494.13,0.86518
5495.03,0.86309
5495.93,0.86558
5496.83,0.86195
5497.73,0.86214
5498.63,0.85886
5499.53,0.85834
5500.43,0.85822
5501.33,0.86026
5502.23,0.85535
5503.13,0.8532
5504.03,0.85559
5504.93,0.85174
5505.83,0.84994
5506.73,0.84765
5507.63,0.84905
5508.53,0.84807
5509.43,0.84619
5510.33,0.84568
5511.23,0.84728
5512.13,0.84441
5513.03,0.84364
5513.93,0.84374
5514.83,0.8452
5515.73,0.8485
5516.63,0.85142
5517.53,0.85975
5518.43,0.86041
5519.33,0.86582
5520.23,0.87078
5521.13,0.87368
5522.03,0.87176
5522.93,0.87117
5523.83,0.86965
5524.73,0.86673
5525.63,0.85853
5526.54,0.85825
5527.44,0.85185
5528.33,0.85149
5529.24,0.84485
5530.14,0.84722
5531.04,0.84706
5531.94,0.84865
5532.84,0.85241
5533.74,0.85319
5534.64,0.85953
5535.54,0.85971
5536.44,0.85965
5537.34,0.86014
5538.24,0.86329
5539.14,0.86631
5540.04,0.86565
5540.94,0.87038
5541.84,0.87097
5542.74,0.86951
5543.64,0.86989
5544.54,0.87212
5545.44,0.86979
5546.34,0.87195
5547.24,0.87355
5548.14,0.87317
5549.04,0.87381
5549.94,0.87428
5550.84,0.87617
5551.74,0.87818
5552.64,0.87736
5553.54,0.8742
5554.44,0.87611
5555.34,0.86691
5556.24,0.86777
5557.14,0.86665
5558.04,0.86575
5558.94,0.86616
5559.84,0.86543
5560.74,0.86039
5561.64,0.85691
5562.54,0.85782
5563.44,0.85628
5564.34,0.85357
5565.25,0.8493
5566.15,0.84875
5567.05,0.84902
5567.95,0.84698
5568.85,0.84355
5569.75,0.84323
5570.65,0.84639
5571.55,0.84517
5572.45,0.84263
5573.35,0.84744
5574.25,0.84865
5575.15,0.85296
5576.05,0.85299
5576.95,0.8523
5577.85,0.85678
5578.75,0.85545
5579.65,0.85513
5580.55,0.8551
5581.45,0.8567
5582.35,0.85385
5583.25,0.8505
5584.15,0.84558
5585.05,0.84151
5585.95,0.83533
5586.85,0.82907
5587.75,0.82353
5588.65,0.8186
5589.55,0.82021
5590.45,0.81647
5591.35,0.8158
5592.25,0.81645
5593.15,0.82035
5594.05,0.82196
5594.95,0.82646
5595.85,0.82736
5596.75,0.82722
5597.65,0.83054
5598.55,0.83127
5599.45,0.83326
5600.35,0.82463
5601.25,0.82837
5602.15,0.82919
5603.06,0.82868
5603.96,0.83134
5604.86,0.83771
5605.76,0.84023
5606.66,0.85369
5607.56,0.85115
5608.46,0.85996
5609.36,0.86553
5610.26,0.86525
5611.16,0.8675
5612.06,0.86526
5612.96,0.85807
5613.86,0.85399
5614.76,0.84959
5615.66,0.84166
5616.56,0.84153
5617.46,0.83582
5618.36,0.83608
5619.26,0.83583
5620.16,0.83679
5621.06,0.83735
5621.96,0.83834
5622.86,0.84417
5623.76,0.84255
5624.66,0.83975
5625.56,0.84001
5626.46,0.83984
5627.36,0.84045
5628.26,0.84487
5629.16,0.84375
5630.06,0.84739
5630.96,0.85328
5631.86,0.85535
5632.76,0.85601
5633.66,0.85259
5634.56,0.85456
5635.46,0.85185
5636.36,0.85023
5637.26,0.8452
5638.16,0.84476
5639.06,0.83684
5639.96,0.8373
5640.86,0.83459
5641.77,0.83724
5642.67,0.83958
5643.57,0.83574
5644.47,0.83617
5645.37,0.83778
5646.27,0.84257
5647.17,0.8426
5648.07,0.84826
5648.97,0.84282
5649.87,0.84758
5650.77,0.84755
5651.67,0.84841
5652.57,0.84729
5653.47,0.84324
5654.37,0.84428
5655.27,0.83925
5656.17,0.83477
5657.07,0.83122
5657.97,0.82499
5658.87,0.82177
5659.77,0.81849
5660.67,0.81876
5661.57,0.81815
5662.47,0.81814
5663.37,0.8189
5664.27,0.82354
5665.17,0.8316
5666.07,0.83087
5666.97,0.83003
5667.87,0.83409
5668.77,0.83803
5669.67,0.84038
5670.57,0.83963
5671.47,0.84339
5672.37,0.84834
5673.27,0.84613
5674.17,0.84857
5675.07,0.85183
5675.97,0.85189
5676.88,0.85492
5677.77,0.8514
5678.68,0.85326
5679.58,0.84899
5680.48,0.85112
5681.38,0.84767
5682.28,0.84467
5683.18,0.83933
5684.08,0.8372
5684.98,0.83536
5685.88,0.83464
5686.78,0.8342
5687.68,0.8276
5688.58,0.83459
5689.48,0.83554
5690.38,0.83723
5691.28,0.83728
5692.18,0.84222
5693.08,0.84707
5693.98,0.84386
5694.88,0.85135
5695.78,0.84645
5696.68,0.84981
5697.58,0.84439
5698.48,0.84381
5699.38,0.8414
5700.28,0.83869
5701.18,0.83609
5702.08,0.83326
5702.98,0.82971
5703.88,0.82845
5704.78,0.82323
5705.68,0.82379
5706.58,0.81668
5707.48,0.81385
5708.38,0.81242
5709.28,0.8092
5710.18,0.80952
5711.08,0.8077
5711.98,0.80876
5712.88,0.8119
5713.78,0.81554
5714.68,0.82346
5715.59,0.82922
5716.49,0.83437
5717.39,0.83833
5718.29,0.84173
5719.19,0.84923
5720.09,0.85094
5720.99,0.85316
5721.89,0.85358
5722.79,0.8586
5723.69,0.85846
5724.59,0.86122
5725.49,0.85691
5726.39,0.85484
5727.29,0.85485
5728.19,0.8492
5729.09,0.85117
5729.99,0.85203
5730.89,0.84889
5731.79,0.85165
5732.69,0.84918
5733.59,0.84894
5734.49,0.85101
5735.39,0.85
5736.29,0.85227
5737.19,0.85453
5738.09,0.85519
5738.99,0.85344
5739.89,0.85404
5740.79,0.85451
5741.69,0.85611
5742.59,0.85714
5743.49,0.8533
5744.39,0.85094
5745.29,0.85137
5746.19,0.85237
5747.09,0.8517
5747.99,0.85249
5748.89,0.85061
5749.79,0.84888
5750.69,0.84764
5751.59,0.84432
5752.5,0.84247
5753.4,0.84014
5754.3,0.8393
5755.2,0.83748
5756.1,0.83783
5757.0,0.84101
5757.9,0.83846
5758.8,0.83813
5759.7,0.84257
5760.6,0.8405
5761.5,0.83713
5762.4,0.83905
5763.3,0.83939
5764.2,0.83921
5765.1,0.84317
5766.0,0.84356
5766.9,0.84228
5767.8,0.84901
5768.7,0.85151
5769.6,0.85187
5770.5,0.85188
5771.4,0.85189
5772.3,0.85306
5773.2,0.84732
5774.1,0.84802
5775.0,0.84631
5775.9,0.84574
5776.8,0.84105
5777.7,0.83748
5778.6,0.83511
5779.5,0.83421
5780.4,0.83455
5781.3,0.82845
5782.2,0.82197
5783.1,0.82174
5784.0,0.81755
5784.9,0.81537
5785.8,0.81334
5786.7,0.81573
5787.6,0.82125
5788.5,0.82215
5789.41,0.82576
5790.31,0.82882
5791.21,0.829
5792.11,0.83345
5793.01,0.83778
5793.91,0.84172
5794.81,0.83714
5795.71,0.84409
5796.61,0.84187
5797.51,0.84463
5798.41,0.84619
5799.31,0.84883
5800.21,0.84652
5801.11,0.85075
5802.01,0.85091
5802.91,0.85156
5803.81,0.85119
5804.71,0.85056
5805.61,0.84904
5806.51,0.84871
5807.41,0.84636
5808.31,0.84857
5809.21,0.84726
5810.11,0.84978
5811.01,0.85106
5811.91,0.84927
5812.81,0.84939
5813.71,0.84643
5814.61,0.84933
5815.51,0.85092
5816.41,0.85016
5817.31,0.84638
5818.21,0.85216
5819.11,0.84993
5820.01,0.84967
5820.91,0.85089
5821.81,0.85403
5822.71,0.85536
5823.61,0.85514
5824.51,0.85553
5825.41,0.85637
5826.31,0.85796
5827.22,0.85731
5828.12,0.86006
5829.02,0.85968
5829.92,0.85979
5830.82,0.85747
5831.72,0.85848
5832.62,0.85712
5833.52,0.85735
5834.42,0.85656
5835.32,0.8578
5836.22,0.85702
5837.12,0.85312
5838.02,0.85429
5838.92,0.85267
5839.82,0.85413
5840.72,0.8508
5841.62,0.85395
5842.52,0.8551
5843.42,0.85523
5844.32,0.85309
5845.22,0.85627
5846.12,0.85239
5847.02,0.8516
5847.92,0.84571
5848.82,0.84245
5849.72,0.84333
5850.62,0.83654
5851.52,0.8374
5852.42,0.83386
5853.32,0.82562
5854.22,0.82302
5855.12,0.81973
5856.02,0.81354
5856.92,0.81618
5857.82,0.8135
5858.72,0.81268
5859.62,0.81046
5860.52,0.8104
5861.42,0.81881
5862.32,0.81772
5863.23,0.82081
5864.12,0.82179
5865.03,0.82534
5865.93,0.82708
5866.83,0.82823
5867.73,0.83185
5868.63,0.83313
5869.53,0.83351
5870.43,0.83472
5871.33,0.83958
5872.23,0.83433
5873.13,0.83757
5874.03,0.83773
5874.93,0.83903
5875.83,0.83615
5876.73,0.83343
5877.63,0.83347
5878.53,0.83453
5879.43,0.8292
5880.33,0.83004
5881.23,0.82882
5882.13,0.82551
5883.03,0.82072
5883.93,0.81594
5884.83,0.812
5885.73,0.80783
5886.63,0.80151
5887.53,0.79041
5888.43,0.77929
5889.33,0.76934
5890.23,0.7591
5891.13,0.75057
5892.03,0.7477
5892.93,0.74173
5893.83,0.73635
5894.73,0.74038
5895.63,0.73901
5896.53,0.7426
5897.43,0.74987
5898.33,0.75728
5899.23,0.76284
5900.13,0.77285
5901.04,0.78233
5901.94,0.78828
5902.83,0.7945
5903.74,0.80577
5904.64,0.81313
5905.54,0.81264
5906.44,0.81515
5907.34,0.81179
5908.24,0.81464
5909.14,0.81534
5910.04,0.8197
5910.94,0.82119
5911.84,0.81595
5912.74,0.81586
5913.64,0.81261
5914.54,0.80929
5915.44,0.81032
5916.34,0.81071
5917.24,0.8118
5918.14,0.80787
5919.04,0.80935
5919.94,0.81076
5920.84,0.81488
5921.74,0.81563
5922.64,0.81537
5923.54,0.82085
5924.44,0.81691
5925.34,0.82076
5926.24,0.82071
5927.14,0.81848
5928.04,0.81838
5928.94,0.81448
5929.84,0.81827
5930.74,0.81537
5931.64,0.81625
5932.54,0.81794
5933.44,0.81518
5934.34,0.81783
5935.24,0.81561
5936.14,0.81728
5937.04,0.8181
5937.94,0.81958
5938.85,0.81818
5939.75,0.81862
5940.65,0.81761
5941.55,0.82253
5942.45,0.81927
5943.35,0.81933
5944.25,0.81863
5945.15,0.81642
5946.05,0.81521
5946.95,0.81589
5947.85,0.81672
5948.75,0.81241
5949.65,0.81671
5950.55,0.81067
5951.45,0.8116
5952.35,0.81276
5953.25,0.81164
5954.15,0.81303
5955.05,0.812
5955.95,0.81172
5956.85,0.81368
5957.75,0.81339
5958.65,0.81484
5959.55,0.81532
5960.45,0.81757
5961.35,0.81907
5962.25,0.82142
5963.15,0.82229
5964.05,0.82121
5964.95,0.82393
5965.85,0.82673
5966.75,0.82773
5967.65,0.82966
5968.55,0.82865
5969.45,0.82497
5970.35,0.82386
5971.25,0.82827
5972.15,0.82748
5973.05,0.82824
5973.95,0.82516
5974.85,0.82246
5975.75,0.82238
5976.65,0.81883
5977.56,0.81581
5978.46,0.81517
5979.36,0.81394
5980.26,0.81003
5981.16,0.81359
5982.06,0.8103
5982.96,0.80828
5983.86,0.80701
5984.76,0.81024
5985.66,0.81042
5986.56,0.80904
5987.46,0.80775
5988.36,0.81237
5989.26,0.81206
5990.16,0.81488
5991.06,0.81457
5991.96,0.81509
5992.86,0.81371
5993.76,0.81848
5994.66,0.81912
5995.56,0.82192
5996.46,0.81693
5997.36,0.82106
5998.26,0.81925
5999.16,0.81452
6000.06,0.81614
6000.96,0.81374
6001.86,0.81339
6002.76,0.8123
6003.66,0.81283
6004.56,0.81123
6005.46,0.80877
6006.36,0.80711
6007.26,0.8089
6008.16,0.80475
6009.06,0.80344
6009.96,0.80368
6010.86,0.80441
6011.76,0.80487
6012.67,0.80352
6013.56,0.80367
6014.47,0.80174
6015.37,0.80633
6016.27,0.80443
6017.17,0.80191
6018.07,0.80129
6018.97,0.80172
6019.87,0.80035
6020.77,0.7999
6021.67,0.80382
6022.57,0.7991
6023.47,0.80298
6024.37,0.80159
6025.27,0.80372
6026.17,0.80771
6027.07,0.80937
6027.97,0.81001
6028.87,0.81175
6029.77,0.81506
6030.67,0.81779
6031.57,0.81692
6032.47,0.82128
6033.37,0.82108
6034.27,0.82331
6035.17,0.82666
6036.07,0.8203
6036.97,0.82552
6037.87,0.82425
6038.77,0.82491
6039.67,0.82893
6040.57,0.82592
6041.47,0.82303
6042.37,0.82336
6043.27,0.82396
6044.17,0.82169
6045.07,0.82494
6045.97,0.82483
6046.87,0.82497
6047.77,0.82695
6048.67,0.82921
6049.57,0.82298
6050.47,0.82605
6051.38,0.82383
6052.28,0.82241
6053.18,0.82638
6054.08,0.81948
6054.98,0.82056
6055.88,0.8187
6056.78,0.81943
6057.68,0.81625
6058.58,0.82031
6059.48,0.81623
6060.38,0.81832
6061.28,0.81404
6062.18,0.81346
6063.08,0.8153
6063.98,0.81112
6064.88,0.81123
6065.78,0.81163
6066.68,0.81122
6067.58,0.81343
6068.48,0.81292
6069.38,0.81936
6070.28,0.81837
6071.18,0.82421
6072.08,0.82557
6072.98,0.82504
6073.88,0.82633
6074.78,0.82517
6075.68,0.82374
6076.58,0.82194
6077.48,0.81961
6078.38,0.82229
6079.28,0.8197
6080.18,0.81355
6081.08,0.80954
6081.98,0.80977
6082.88,0.8068
6083.78,0.80525
6084.68,0.80675
6085.58,0.80266
6086.48,0.80157
6087.38,0.80435
6088.28,0.80501
6089.19,0.80325
6090.09,0.80223
6090.99,0.80344
6091.89,0.80586
6092.79,0.80729
6093.69,0.80952
6094.59,0.80525
6095.49,0.81002
6096.39,0.80934
6097.29,0.80788
6098.19,0.81025
6099.09,0.80633
6099.99,0.80581
6100.89,0.80366
6101.79,0.80017
6102.69,0.80011
6103.59,0.79893
6104.49,0.79767
6105.39,0.79771
6106.29,0.7988
6107.19,0.80013
6108.09,0.80028
6108.99,0.80256
6109.89,0.80324
6110.79,0.80386
6111.69,0.81029
6112.59,0.81146
6113.49,0.81403
6114.39,0.81384
6115.29,0.8106
6116.19,0.80969
6117.09,0.81152
6117.99,0.81196
6118.89,0.80934
6119.79,0.80269
6120.69,0.80435
6121.59,0.8002
6122.49,0.79511
6123.39,0.79429
6124.29,0.79563
6125.19,0.79546
6126.1,0.79578
6127.0,0.7977
6127.9,0.79847
6128.8,0.79831
6129.7,0.80116
6130.6,0.79939
6131.5,0.79867
6132.4,0.79943
6133.3,0.79431
6134.2,0.79125
6135.1,0.78918
6136.0,0.78663
6136.9,0.78275
6137.8,0.78042
6138.7,0.7768
6139.6,0.77925
6140.5,0.77875
6141.4,0.77972
6142.3,0.78138
6143.2,0.78928
6144.1,0.79076
6145.0,0.79235
6145.9,0.79461
6146.8,0.79363
6147.7,0.80024
6148.6,0.79737
6149.5,0.79944
6150.4,0.79614
6151.3,0.79405
6152.2,0.79543
6153.1,0.79782
6154.0,0.79407
6154.9,0.79259
6155.8,0.78992
6156.7,0.78854
6157.6,0.78663
6158.5,0.78085
6159.4,0.77973
6160.3,0.77239
6161.2,0.76567
6162.1,0.76243
6163.01,0.76181
6163.91,0.75436
6164.81,0.75274
6165.71,0.75396
6166.61,0.75193
6167.51,0.75177
6168.41,0.75523
6169.31,0.75567
6170.21,0.7534
6171.11,0.75717
6172.01,0.75905
6172.91,0.7604
6173.81,0.76345
6174.71,0.76474
6175.61,0.77041
6176.51,0.77252
6177.41,0.7731
6178.31,0.77708
6179.21,0.77925
6180.11,0.78022
6181.01,0.78315
6181.91,0.78105
6182.81,0.78116
6183.71,0.78305
6184.61,0.78352
6185.51,0.78076
6186.41,0.78028
6187.31,0.78099
6188.21,0.77638
6189.11,0.77291
6190.01,0.7721
6190.91,0.76708
6191.81,0.76692
6192.71,0.76809
6193.61,0.7675
6194.51,0.76941
6195.41,0.7733
6196.31,0.76873
6197.21,0.77623
6198.11,0.77633
6199.01,0.77892
6199.92,0.77854
6200.82,0.78239
6201.72,0.78085
6202.62,0.78434
6203.52,0.78282
6204.42,0.78459
6205.32,0.78868
6206.22,0.78644
6207.12,0.78527
6208.02,0.78886
6208.92,0.78573
6209.82,0.78713
6210.72,0.78249
6211.62,0.78099
6212.52,0.77691
6213.42,0.76982
6214.32,0.76547
6215.22,0.76441
6216.12,0.76124
6217.02,0.76058
6217.92,0.75863
6218.82,0.75897
6219.72,0.76001
6220.62,0.75939
6221.52,0.76072
6222.42,0.75828
6223.32,0.76202
6224.22,0.76398
6225.12,0.76235
6226.02,0.76299
6226.92,0.76257
6227.82,0.75899
6228.72,0.75772
6229.62,0.75763
6230.52,0.75546
6231.42,0.75612
6232.32,0.75502
6233.22,0.75439
6234.12,0.75511
6235.02,0.75737
6235.92,0.75549
6236.83,0.75803
6237.73,0.75808
6238.63,0.75849
6239.53,0.75773
6240.43,0.75734
6241.33,0.75549
6242.23,0.75524
6243.13,0.75134
6244.03,0.75342
6244.93,0.74738
6245.83,0.74509
6246.73,0.74794
6247.63,0.74927
6248.53,0.74856
6249.43,0.74908
6250.33,0.74836
6251.23,0.75284
6252.13,0.74713
6253.03,0.74603
6253.93,0.74553
6254.83,0.74162
6255.73,0.73787
6256.63,0.74002
6257.53,0.73688
6258.43,0.7393
6259.33,0.74222
6260.23,0.74222
6261.13,0.74237
6262.03,0.74902
6262.93,0.75164
6263.83,0.75424
6264.73,0.7555
6265.63,0.76111
6266.53,0.76006
6267.43,0.76319
6268.33,0.76677
6269.23,0.76611
6270.13,0.76129
6271.03,0.76461
6271.93,0.76716
6272.83,0.76705
6273.73,0.76885
6274.64,0.76963
6275.54,0.76957
6276.44,0.76702
6277.34,0.7663
6278.24,0.76587
6279.14,0.76675
6280.04,0.7666
6280.94,0.7664
6281.84,0.76757
6282.74,0.76479
6283.64,0.76273
6284.54,0.76809
6285.44,0.76991
6286.34,0.77187
6287.24,0.77454
6288.14,0.77085
6289.04,0.77445
6289.94,0.77524
6290.84,0.77145
6291.74,0.77431
6292.64,0.77388
6293.54,0.77361
6294.44,0.77256
6295.34,0.76776
6296.24,0.76341
6297.14,0.76431
6298.04,0.76142
6298.94,0.75635
6299.84,0.75928
6300.74,0.75595
6301.64,0.75576
6302.54,0.75434
6303.44,0.75793
6304.34,0.75866
6305.24,0.76131
6306.14,0.76473
6307.04,0.76428
6307.94,0.76426
6308.84,0.77173
6309.74,0.76661
6310.64,0.76973
6311.54,0.77187
6312.45,0.76916
6313.35,0.76502
6314.25,0.76481
6315.15,0.76045
6316.05,0.75592
6316.95,0.75744
6317.85,0.75743
6318.75,0.75572
6319.65,0.75758
6320.55,0.75546
6321.45,0.7618
6322.35,0.76273
6323.25,0.76242
6324.15,0.76438
6325.05,0.76822
6325.95,0.76869
6326.85,0.7708
6327.75,0.77323
6328.65,0.77447
6329.55,0.77282
6330.45,0.77528
6331.35,0.77287
6332.25,0.77395
6333.15,0.77067
6334.05,0.76976
6334.95,0.76455
6335.85,0.76823
6336.75,0.76458
6337.65,0.7633
6338.55,0.76421
6339.45,0.76242
6340.35,0.76213
6341.25,0.76208
6342.15,0.76365
6343.05,0.76437
6343.95,0.76463
6344.85,0.7692
6345.75,0.76809
6346.65,0.76866
6347.55,0.76915
6348.46,0.7676
6349.35,0.76793
6350.26,0.76894
6351.16,0.76965
6352.06,0.76437
6352.96,0.76824
6353.86,0.76532
6354.76,0.76492
6355.66,0.76122
6356.56,0.76205
6357.46,0.75705
6358.36,0.75468
6359.26,0.75185
6360.16,0.75485
6361.06,0.75082
6361.96,0.75172
6362.86,0.75028
6363.76,0.74574
6364.66,0.74996
6365.56,0.75145
6366.46,0.7521
6367.36,0.75363
6368.26,0.75735
6369.16,0.76324
6370.06,0.76367
6370.96,0.76729
6371.86,0.76788
6372.76,0.77054
6373.66,0.7703
6374.56,0.7707
6375.46,0.77097
6376.36,0.77146
6377.26,0.77138
6378.16,0.77433
6379.06,0.7706
6379.96,0.77061
6380.86,0.77274
6381.76,0.77177
6382.66,0.77044
6383.56,0.76766
6384.46,0.77258
6385.36,0.77072
6386.27,0.76866
6387.17,0.77048
6388.07,0.77163
6388.97,0.77057
6389.87,0.76819
6390.77,0.76598
6391.67,0.76649
6392.57,0.7642
6393.47,0.76197
6394.37,0.76363
6395.27,0.75772
6396.17,0.76083
6397.07,0.75782
6397.97,0.75738
6398.87,0.75941
6399.77,0.75685
6400.67,0.76009
6401.57,0.76191
6402.47,0.76013
6403.37,0.76098
6404.27,0.76039
6405.17,0.76243
6406.07,0.76635
6406.97,0.76475
6407.87,0.76284
6408.77,0.76433
6409.67,0.764
6410.57,0.7587
6411.47,0.76169
6412.37,0.75928
6413.27,0.76003
6414.17,0.75954
6415.07,0.76145
6415.97,0.76029
6416.87,0.75984
6417.77,0.7581
6418.67,0.76074
6419.57,0.7563
6420.47,0.76107
6421.37,0.75998
6422.27,0.75831
6423.17,0.76232
6424.08,0.76427
6424.98,0.76249
6425.88,0.7644
6426.78,0.76744
6427.68,0.7694
6428.58,0.76564
6429.48,0.76619
6430.38,0.76884
6431.28,0.76757
6432.18,0.76295
6433.08,0.76208
6433.98,0.76316
6434.88,0.76573
6435.78,0.7642
6436.68,0.76396
6437.58,0.76878
6438.48,0.76576
6439.38,0.76769
6440.28,0.76703
6441.18,0.76646
6442.08,0.76784
6442.98,0.77156
6443.88,0.76934
6444.78,0.77514
6445.68,0.77177
6446.58,0.76973
6447.48,0.77147
6448.38,0.76395
6449.28,0.76015
6450.18,0.75966
6451.08,0.75864
6451.98,0.75947
6452.88,0.75508
6453.78,0.75411
6454.68,0.75609
6455.58,0.75785
6456.48,0.75444
6457.38,0.75994
6458.28,0.76199
6459.18,0.76069
6460.08,0.76167
6460.98,0.75614
6461.89,0.75621
6462.79,0.75925
6463.69,0.75586
6464.59,0.75842
6465.49,0.75757
6466.39,0.75997
6467.29,0.7561
6468.19,0.76459
6469.09,0.76171
6469.99,0.76124
6470.89,0.76181
6471.79,0.76285
6472.69,0.76104
6473.59,0.75826
6474.49,0.76014
6475.39,0.75687
6476.29,0.75689
6477.19,0.75578
6478.09,0.75497
6478.99,0.75518
6479.89,0.75413
6480.79,0.75154
6481.69,0.74951
6482.59,0.74597
6483.49,0.74716
6484.39,0.74826
6485.29,0.74611
6486.19,0.74827
6487.09,0.7453
6487.99,0.74328
6488.89,0.74449
6489.79,0.74157
6490.69,0.73537
6491.59,0.73415
6492.49,0.72669
6493.39,0.72291
6494.29,0.71676
6495.19,0.70899
6496.09,0.70629
6496.99,0.7066
6497.9,0.70099
6498.79,0.7019
6499.7,0.70533
6500.6,0.71007
6501.5,0.71403
6502.4,0.72061
6503.3,0.72356
6504.2,0.72865
6505.1,0.7319
6506.0,0.73941
6506.9,0.7412
6507.8,0.74393
6508.7,0.74509
6509.6,0.74589
6510.5,0.74728
6511.4,0.74623
6512.3,0.74358
6513.2,0.74442
6514.1,0.74191
6515.0,0.74229
6515.9,0.73851
6516.8,0.7386
6517.7,0.73812
6518.6,0.74033
6519.5,0.73586
6520.4,0.73685
6521.3,0.73639
6522.2,0.73788
6523.1,0.73865
6524.0,0.74289
6524.9,0.74234
6525.8,0.74135
6526.7,0.74152
6527.6,0.73765
6528.5,0.74007
6529.4,0.73937
6530.3,0.73824
6531.2,0.73804
6532.1,0.74182
6533.0,0.74084
6533.9,0.73949
6534.8,0.73884
6535.71,0.73755
6536.61,0.7399
6537.51,0.74064
6538.41,0.74002
6539.31,0.73927
6540.21,0.73968
6541.11,0.73259
6542.01,0.73537
6542.91,0.73183
6543.81,0.7287
6544.71,0.72875
6545.61,0.72684
6546.51,0.72171
6547.41,0.71611
6548.31,0.71408
6549.21,0.71258
6550.11,0.70585
6551.01,0.70646
6551.91,0.70048
6552.81,0.69567
6553.71,0.69264
6554.61,0.68814
6555.51,0.68003
6556.41,0.67256
6557.31,0.66193
6558.21,0.65009
6559.11,0.64213
6560.01,0.62622
6560.91,0.61315
6561.81,0.60153
6562.71,0.58893
6563.61,0.58361
6564.51,0.58024
6565.41,0.5832
6566.31,0.58909
6567.21,0.59954
6568.11,0.6067
6569.01,0.62195
6569.91,0.63508
6570.81,0.64412
6571.71,0.65576
6572.61,0.66342
6573.52,0.67182
6574.42,0.68029
6575.32,0.68241
6576.22,0.68856
6577.12,0.69202
6578.02,0.6974
6578.92,0.70316
6579.82,0.70514
6580.72,0.70869
6581.62,0.70899
6582.52,0.71236
6583.42,0.71831
6584.32,0.71627
6585.22,0.71899
6586.12,0.71667
6587.02,0.71729
6587.92,0.72061
6588.82,0.71905
6589.72,0.71998
6590.62,0.7209
6591.52,0.71759
6592.42,0.71867
6593.32,0.71437
6594.22,0.71413
6595.12,0.71523
6596.02,0.71253
6596.92,0.71815
6597.82,0.71639
6598.72,0.72001
6599.62,0.71921
6600.52,0.7234
6601.42,0.72315
6602.32,0.72281
6603.22,0.72738
6604.12,0.7259
6605.02,0.7255
6605.92,0.72294
6606.82,0.72405
6607.72,0.72638
6608.62,0.72354
6609.52,0.72245
6610.43,0.72351
6611.33,0.72502
6612.23,0.72217
6613.13,0.72803
6614.03,0.72775
6614.93,0.72964
6615.83,0.73307
6616.73,0.73273
6617.63,0.73253
6618.53,0.73638
6619.43,0.73376
6620.33,0.73604
6621.23,0.73636
6622.13,0.734
6623.03,0.73619
6623.93,0.73569
6624.83,0.73243
6625.73,0.73221
6626.63,0.73035
6627.53,0.72733
6628.43,0.72801
6629.33,0.72757
6630.23,0.72592
6631.13,0.72452
6632.03,0.72455
6632.93,0.72287
6633.83,0.72468
6634.73,0.72393
6635.63,0.72258
6636.53,0.72267
6637.43,0.72308
6638.33,0.72387
6639.23,0.72344
6640.13,0.72507
6641.03,0.7232
6641.93,0.7231
6642.83,0.72594
6643.73,0.72352
6644.63,0.72162
6645.53,0.72227
6646.43,0.72176
6647.34,0.72264
6648.24,0.72288
6649.14,0.72372
6650.04,0.72556
6650.94,0.72688
6651.84,0.72754
6652.74,0.72503
6653.64,0.72651
6654.54,0.7273
6655.44,0.72631
6656.34,0.7268
6657.24,0.72313
6658.14,0.72376
6659.04,0.72337
6659.94,0.72296
6660.84,0.72388
6661.74,0.72018
6662.64,0.72094
6663.54,0.72043
6664.44,0.71611
6665.34,0.71652
6666.24,0.7177
6667.14,0.71726
6668.04,0.71541
6668.94,0.71674
6669.84,0.72007
6670.74,0.71993
6671.64,0.72019
6672.54,0.72168
6673.44,0.72317
6674.34,0.72143
6675.24,0.71945
6676.14,0.7227
6677.04,0.71933
6677.94,0.71401
6678.84,0.71487
6679.74,0.71431
6680.64,0.71224
6681.54,0.71227
6682.44,0.7145
6683.34,0.71537
6684.24,0.71562
6685.15,0.71504
6686.05,0.71838
6686.95,0.72092
6687.85,0.7215
6688.75,0.72422
6689.65,0.71782
6690.55,0.71978
6691.45,0.72031
6692.35,0.72023
6693.25,0.71867
6694.15,0.71709
6695.05,0.71983
6695.95,0.718
6696.85,0.71738
6697.75,0.71522
6698.65,0.71651
6699.55,0.71841
6700.45,0.71553
6701.35,0.71774
6702.25,0.71657
6703.15,0.71604
6704.05,0.71537
6704.95,0.71646
6705.85,0.71484
6706.75,0.71594
6707.65,0.71318
6708.55,0.71483
6709.45,0.71679
6710.35,0.71556
6711.25,0.71521
6712.15,0.71249
6713.05,0.70799
6713.95,0.70779
6714.85,0.70716
6715.75,0.70606
6716.65,0.70579
6717.55,0.70068
6718.45,0.70184
6719.35,0.70052
6720.25,0.70111
6721.16,0.70323
6722.06,0.70462
6722.96,0.70274
6723.86,0.70632
6724.76,0.70707
6725.66,0.7062
6726.56,0.70819
6727.46,0.70754
6728.36,0.71272
6729.26,0.71212
6730.16,0.71178
6731.06,0.7116
6731.96,0.71213
6732.86,0.71455
6733.76,0.7104
6734.66,0.71193
6735.56,0.71393
6736.46,0.7109
6737.36,0.7107
6738.26,0.71148
6739.16,0.70894
6740.06,0.70757
6740.96,0.70976
6741.86,0.70838
6742.76,0.70477
6743.66,0.70754
6744.56,0.70688
6745.46,0.70236
6746.36,0.70421
6747.26,0.70319
6748.16,0.70413
6749.06,0.70545
6749.96,0.70431
6750.86,0.7025
6751.76,0.70226
6752.66,0.70158
6753.56,0.70519
6754.46,0.70267
6755.36,0.70211
6756.26,0.70469
6757.16,0.70687
6758.06,0.70777
6758.97,0.71073
6759.87,0.71381
6760.77,0.71102
6761.67,0.71216
6762.57,0.71097
6763.47,0.71059
6764.37,0.71268
6765.27,0.70897
6766.17,0.71446
6767.07,0.70951
6767.97,0.70984
6768.87,0.70984
6769.77,0.70982
6770.67,0.70884
6771.57,0.70687
6772.47,0.70531
6773.37,0.71015
6774.27,0.70876
6775.17,0.70984
6776.07,0.71006
6776.97,0.71717
6777.87,0.71639
6778.77,0.71502
6779.67,0.71435
6780.57,0.71381
6781.47,0.71151
6782.37,0.71093
6783.27,0.70875
6784.17,0.70439
6785.07,0.70596
6785.97,0.70438
6786.87,0.70643
6787.77,0.70228
6788.67,0.70344
6789.57,0.70378
6790.47,0.70238
6791.37,0.70538
6792.27,0.70338
6793.17,0.70684
6794.07,0.7042
6794.97,0.70414
6795.88,0.70451
6796.78,0.70579
6797.68,0.70767
6798.58,0.70922
6799.48,0.70549
6800.38,0.70704
6801.28,0.70811
6802.18,0.70788
6803.08,0.71005
6803.98,0.70783
6804.88,0.70918
6805.78,0.70625
6806.68,0.70932
6807.58,0.70641
6808.48,0.71025
6809.38,0.70586
6810.28,0.70764
6811.18,0.70522
6812.08,0.70824
6812.98,0.70844
6813.88,0.70752
6814.78,0.70523
6815.68,0.70619
6816.58,0.70644
6817.48,0.70616
6818.38,0.70675
6819.28,0.7074
6820.18,0.708
6821.08,0.70664
6821.98,0.70689
6822.88,0.7097
6823.78,0.70804
6824.68,0.70979
6825.58,0.70846
6826.48,0.70938
6827.38,0.70822
6828.28,0.70869
6829.18,0.70793
6830.08,0.70715
6830.98,0.70925
6831.88,0.71069
6832.79,0.70844
6833.69,0.70647
6834.59,0.70763
6835.49,0.70858
6836.39,0.71012
6837.29,0.70735
6838.19,0.70518
6839.09,0.70228
6839.99,0.69997
6840.89,0.69947
6841.79,0.69949
6842.69,0.69755
6843.59,0.6977
6844.49,0.69705
6845.39,0.69762
6846.29,0.69819
6847.19,0.69878
6848.09,0.70081
6848.99,0.70024
6849.89,0.70289
6850.79,0.70155
6851.69,0.70477
6852.59,0.70407
6853.49,0.70299
6854.39,0.70317
6855.29,0.69917
6856.19,0.70019
6857.09,0.69944
6857.99,0.69727
6858.89,0.69719
6859.79,0.69625
6860.69,0.69776
6861.59,0.69852
6862.49,0.69783
6863.39,0.69812
6864.29,0.6977
6865.19,0.70116
6866.09,0.69855
6866.99,0.69931
6867.89,0.69893
6868.79,0.69869
6869.7,0.69933
6870.6,0.69816
6871.5,0.69996
6872.4,0.69892
6873.3,0.70068
6874.2,0.69928
6875.1,0.70193
6876.0,0.70252
6876.9,0.70194
6877.8,0.70067
6878.7,0.70198
6879.6,0.70431
6880.5,0.70483
6881.4,0.7029
6882.3,0.70346
6883.2,0.70213
6884.1,0.70095
6885.0,0.70334
6885.9,0.70329
6886.8,0.70308
6887.7,0.70478
6888.6,0.70511
6889.5,0.7032
6890.4,0.7065
6891.3,0.70714
6892.2,0.70628
6893.1,0.70637
6894.0,0.71198
6894.9,0.70861
6895.8,0.7124
6896.7,0.70842
6897.6,0.70915
6898.5,0.71175
6899.4,0.70992
6900.3,0.7113
6901.2,0.71101
6902.1,0.70734
6903.0,0.70856
6903.9,0.70891
6904.8,0.71264
6905.7,0.71253
6906.6,0.71439
6907.51,0.71208
6908.41,0.70755
6909.31,0.7148
6910.21,0.71042
6911.11,0.70911
6912.01,0.71088
6912.91,0.70856
6913.81,0.7073
6914.71,0.70612
6915.61,0.70267
6916.51,0.70012
6917.41,0.70227
6918.31,0.70268
6919.21,0.7
6920.11,0.70425
6921.01,0.70361
6921.91,0.70486
6922.81,0.70574
6923.71,0.70005
6924.61,0.70359
6925.51,0.70335
6926.41,0.70611
6927.31,0.70372
6928.21,0.70329
6929.11,0.7023
6930.01,0.70447
6930.91,0.70343
6931.81,0.70302
6932.71,0.70463
6933.61,0.70538
6934.51,0.70527
6935.41,0.7078
6936.31,0.70715
6937.21,0.70676
6938.11,0.70592
6939.01,0.70586
6939.91,0.70548
6940.81,0.70596
6941.71,0.70464
6942.61,0.70498
6943.52,0.70241
6944.42,0.70401
6945.31,0.70139
6946.22,0.70237
6947.12,0.70115
6948.02,0.7008
6948.92,0.70161
6949.82,0.70077
6950.72,0.69937
6951.62,0.70141
6952.52,0.70131
6953.42,0.69956
6954.32,0.6993
6955.22,0.70254
6956.12,0.69947
6957.02,0.7015
6957.92,0.70253
6958.82,0.70413
6959.72,0.7071
6960.62,0.70568
6961.52,0.7038
6962.42,0.70544
6963.32,0.70905
6964.22,0.70386
6965.12,0.70567
6966.02,0.70578
6966.92,0.70816
6967.82,0.70866
6968.72,0.70718
6969.62,0.7055
6970.52,0.70791
6971.42,0.70724
6972.32,0.70568
6973.22,0.70204
6974.12,0.70159
6975.02,0.70046
6975.92,0.69833
6976.82,0.69525
6977.72,0.69534
6978.62,0.69257
6979.52,0.69302
6980.42,0.69391
6981.33,0.69156
6982.23,0.69239
6983.12,0.69435
6984.03,0.69668
6984.93,0.69743
6985.83,0.69975
6986.73,0.69909
6987.63,0.70245
6988.53,0.70609
6989.43,0.70459
6990.33,0.70419
6991.23,0.70467
6992.13,0.70628
6993.03,0.70315
6993.93,0.7038
6994.83,0.70501
6995.73,0.70524
6996.63,0.705
6997.53,0.70527
6998.43,0.70392
6999.33,0.70472
7000.23,0.69989
7001.13,0.70034
7002.03,0.70003
7002.93,0.70071
7003.83,0.69842
7004.73,0.69816
7005.63,0.69919
7006.53,0.69721
7007.43,0.69982
7008.33,0.70043
7009.23,0.69839
7010.13,0.69787
7011.03,0.69869
7011.93,0.69929
7012.83,0.69805
7013.73,0.6983
7014.63,0.69687
7015.53,0.6966
7016.43,0.69212
7017.33,0.69476
7018.23,0.69522
7019.14,0.69402
7020.04,0.69195
7020.94,0.69389
7021.84,0.69395
7022.74,0.69544
7023.64,0.69353
7024.54,0.69669
7025.44,0.69586
7026.34,0.69395
7027.24,0.69669
7028.14,0.69582
7029.04,0.69626
7029.94,0.69687
7030.84,0.69675
7031.74,0.69784
7032.64,0.69794
7033.54,0.69722
7034.44,0.69819
7035.34,0.69861
7036.24,0.69733
7037.14,0.69538
7038.04,0.70158
7038.94,0.69902
7039.84,0.69958
7040.74,0.70392
7041.64,0.70606
7042.54,0.70314
7043.44,0.70973
7044.34,0.70969
7045.24,0.70903
7046.14,0.70874
7047.04,0.71055
7047.94,0.71171
7048.84,0.7096
7049.74,0.70847
7050.64,0.70845
7051.54,0.70277
7052.44,0.69991
7053.34,0.69897
7054.25,0.69629
7055.15,0.69266
7056.04,0.68995
7056.95,0.68707
7057.85,0.68791
7058.75,0.68241
7059.65,0.68187
7060.55,0.67855
7061.45,0.68054
7062.35,0.67818
7063.25,0.68362
7064.15,0.67841
7065.05,0.68049
7065.95,0.67851
7066.85,0.67912
7067.75,0.6802
7068.65,0.68354
7069.55,0.6786
7070.45,0.68052
7071.35,0.68185
7072.25,0.68159
7073.15,0.68244
7074.05,0.68581
7074.95,0.68484
7075.85,0.6852
7076.75,0.68696
7077.65,0.6899
7078.55,0.68498
7079.45,0.68539
7080.35,0.68411
7081.25,0.68114
7082.15,0.68365
7083.05,0.67695
7083.95,0.6762
7084.85,0.67272
7085.75,0.66814
7086.65,0.66649
7087.55,0.66219
7088.45,0.66081
7089.35,0.65575
7090.25,0.65851
7091.15,0.65523
7092.06,0.65642
7092.96,0.65357
7093.85,0.65156
7094.76,0.65036
7095.66,0.65887
7096.56,0.65332
7097.46,0.65744
7098.36,0.65638
7099.26,0.65756
7100.16,0.65901
7101.06,0.66148
7101.96,0.66363
7102.86,0.66345
7103.76,0.66498
7104.66,0.66378
7105.56,0.66577
7106.46,0.66407
7107.36,0.66603
7108.26,0.66728
7109.16,0.66872
7110.06,0.66783
7110.96,0.6661
7111.86,0.66788
7112.76,0.6655
7113.66,0.66378
7114.56,0.66694
7115.46,0.66706
7116.36,0.66741
7117.26,0.66898
7118.16,0.66832
7119.06,0.67071
7119.96,0.66816
7120.86,0.66701
7121.76,0.6674
7122.66,0.66534
7123.56,0.66441
7124.46,0.66529
7125.36,0.662
7126.26,0.66204
7127.16,0.66111
7127.27,0.66051
7128.17,0.6586
7129.07,0.65756
7129.96,0.65278
7130.86,0.65874
7131.75,0.65725
7132.65,0.65396
7133.55,0.6561
7134.44,0.65552
7135.34,0.65678
7136.23,0.65852
7137.13,0.65892
7138.03,0.6587
7138.92,0.66036
7139.82,0.66197
7140.71,0.65933
7141.61,0.66054
7142.5,0.65987
7143.4,0.65875
7144.3,0.65695
7145.19,0.65447
7146.09,0.65552
7146.98,0.65464
7147.88,0.65558
7148.78,0.65502
7149.67,0.65595
7150.57,0.6553
7151.46,0.6546
7152.36,0.65414
7153.26,0.65789
7154.15,0.65909
7155.05,0.65993
7155.94,0.66093
7156.84,0.66267
7157.74,0.66272
7158.63,0.66337
7159.53,0.66332
7160.42,0.66343
7161.32,0.66557
7162.21,0.6649
7163.11,0.66657
7164.01,0.66632
7164.9,0.6685
7165.8,0.66844
7166.69,0.67199
7167.59,0.67501
7168.49,0.67796
7169.38,0.68005
7170.28,0.67716
7171.17,0.68175
7172.07,0.67862
7172.96,0.68019
7173.86,0.68218
7174.76,0.68148
7175.65,0.68116
7176.55,0.68386
7177.44,0.68275
7178.34,0.67991
7179.24,0.67858
7180.13,0.67974
7181.03,0.67505
7181.92,0.67766
7182.82,0.67617
7183.72,0.67352
7184.61,0.67361
7185.51,0.67266
7186.4,0.6715
7187.3,0.66987
7188.19,0.66874
7189.09,0.66937
7189.99,0.67121
7190.88,0.67021
7191.78,0.67176
7192.67,0.67403
7193.57,0.67319
7194.47,0.67168
7195.36,0.67249
7196.26,0.67381
7197.15,0.67313
7198.05,0.67338
7198.95,0.67454
7199.84,0.67335
7200.74,0.67407
7201.63,0.67396
7202.53,0.67242
7203.43,0.6751
7204.32,0.67337
7205.22,0.67299
7206.11,0.6733
7207.01,0.67238
7207.9,0.67054
7208.8,0.67207
7209.7,0.67325
7210.59,0.67153
7211.49,0.67247
7212.38,0.6717
7213.28,0.67266
7214.18,0.6749
7215.07,0.67817
7215.97,0.67625
7216.86,0.68013
7217.76,0.67813
7218.66,0.68062
7219.55,0.67999
7220.45,0.68045
7221.34,0.68013
7222.24,0.68277
7223.13,0.67996
7224.03,0.68303
7224.93,0.68416
7225.82,0.68545
7226.72,0.68603
7227.61,0.6854
7228.51,0.69013
7229.41,0.68787
7230.3,0.6907
7231.2,0.69155
7232.09,0.69088
7232.99,0.69289
7233.89,0.69214
7234.78,0.69101
7235.68,0.69153
7236.57,0.69249
7237.47,0.69283
7238.36,0.68883
7239.26,0.68888
7240.16,0.68988
7241.05,0.68802
7241.95,0.68886
7242.84,0.68744
7243.74,0.68584
7244.64,0.68788
7245.53,0.6893
7246.43,0.68685
7247.32,0.69006
7248.22,0.68593
7249.12,0.68714
7250.01,0.69042
7250.91,0.68694
7251.8,0.68699
7252.7,0.689
7253.6,0.68636
7254.49,0.68947
7255.39,0.68802
7256.28,0.68944
7257.18,0.68833
7258.07,0.68871
7258.97,0.68759
7259.87,0.68795
7260.76,0.68943
7261.66,0.68866
7262.55,0.68792
7263.45,0.68762
7264.35,0.68995
7265.24,0.68817
7266.14,0.68912
7267.03,0.69126
7267.93,0.6908
7268.83,0.69292
7269.72,0.69029
7270.62,0.69251
7271.51,0.69126
7272.41,0.69184
7273.3,0.69228
7274.2,0.68855
7275.1,0.69097
7275.99,0.69173
7276.89,0.68967
7277.78,0.69148
7278.68,0.69081
7279.58,0.68925
7280.47,0.68849
7281.37,0.68789
7282.26,0.68534
7283.16,0.68325
7284.06,0.68105
7284.95,0.67989
7285.85,0.682
7286.74,0.68012
7287.64,0.67751
7288.53,0.67412
7289.43,0.67646
7290.33,0.67626
7291.22,0.67432
7292.12,0.67641
7293.01,0.67714
7293.91,0.67856
7294.81,0.6781
7295.7,0.68248
7296.6,0.68366
7297.49,0.68162
7298.39,0.68616
7299.29,0.68538
7300.18,0.68766
7301.08,0.69014
7301.97,0.68774
7302.87,0.68917
7303.76,0.69002
7304.66,0.68837
7305.56,0.68608
7306.45,0.68519
7307.35,0.68638
7308.24,0.68583
7309.14,0.68699
7310.04,0.68624
7310.93,0.68309
7311.83,0.6857
7312.72,0.68705
7313.62,0.68749
7314.52,0.68543
7315.41,0.68711
7316.31,0.68689
7317.2,0.68654
7318.1,0.68763
7318.99,0.69023
7319.89,0.68453
7320.79,0.68526
7321.68,0.68643
7322.58,0.68472
7323.47,0.68529
7324.37,0.68479
7325.27,0.68609
7326.16,0.68117
7327.06,0.68372
7327.95,0.68421
7328.85,0.68443
7329.75,0.6844
7330.64,0.68501
7331.54,0.68813
7332.43,0.68676
7333.33,0.68612
7334.22,0.68721
7335.12,0.68969
7336.02,0.69194
7336.91,0.69004
7337.81,0.69479
7338.7,0.69503
7339.6,0.69336
7340.5,0.69426
7341.39,0.69431
7342.29,0.69163
7343.18,0.69286
7344.08,0.69173
7344.98,0.69248
7345.87,0.69117
7346.77,0.68944
7347.66,0.68833
7348.56,0.68904
7349.45,0.68744
7350.35,0.68638
7351.25,0.68537
7352.14,0.68511
7353.04,0.68459
7353.93,0.68305
7354.83,0.68089
7355.73,0.68104
7356.62,0.68026
7357.52,0.68008
7358.41,0.67533
7359.31,0.67614
7360.21,0.67729
7361.1,0.67579
7362.0,0.67906
7362.89,0.67839
7363.79,0.67932
7364.69,0.67946
7365.58,0.68038
7366.48,0.68066
7367.37,0.68284
7368.27,0.68505
7369.16,0.68551
7370.06,0.68635
7370.96,0.6873
7371.85,0.68756
7372.75,0.6869
7373.64,0.68826
7374.54,0.68915
7375.44,0.69042
7376.33,0.69156
7377.23,0.68757
7378.12,0.68792
7379.02,0.68967
7379.92,0.68617
7380.81,0.68369
7381.71,0.68287
7382.6,0.68253
7383.5,0.67996
7384.39,0.67985
7385.29,0.67778
7386.19,0.67694
7387.08,0.67333
7387.98,0.67152
7388.87,0.66997
7389.77,0.66918
7390.67,0.66984
7391.56,0.67251
7392.46,0.67256
7393.35,0.67499
7394.25,0.67359
7395.15,0.6726
7396.04,0.67601
7396.94,0.67648
7397.83,0.67746
7398.73,0.67711
7399.62,0.67793
7400.52,0.67831
7401.42,0.68027
7402.31,0.67874
7403.21,0.67944
7404.1,0.67941
7405.0,0.67852
7405.9,0.67651
7406.79,0.67252
7407.69,0.67051
7408.58,0.67217
7409.48,0.66781
7410.38,0.66397
7411.27,0.65994
7412.17,0.65938
7413.06,0.65703
7413.96,0.65292
7414.85,0.65083
7415.75,0.64976
7416.65,0.64697
7417.54,0.6501
7418.44,0.64805
7419.33,0.65
7420.23,0.64969
7421.13,0.65113
7422.02,0.65506
7422.92,0.65627
7423.81,0.65709
7424.71,0.66078
7425.6,0.66359
7426.5,0.66764
7427.4,0.66891
7428.29,0.67115
7429.19,0.67639
7431.68,0.6803
7434.18,0.67959
7436.67,0.6832
7439.17,0.68097
7441.66,0.67827
7444.16,0.67517
7446.66,0.67745
7449.15,0.68091
7451.65,0.67957
7454.14,0.68347
7456.64,0.68285
7459.13,0.68308
7461.63,0.67914
7464.12,0.67663
7466.62,0.67764
7469.11,0.68024
7471.61,0.6812
7474.1,0.68227
7476.6,0.68129
7479.09,0.6781
7481.59,0.67921
7484.08,0.67943
7486.58,0.67612
7489.07,0.67629
7491.57,0.67392
7494.06,0.67137
7496.56,0.67318
7499.05,0.67355
7501.55,0.67605
7504.04,0.67883
7506.54,0.67984
7509.03,0.67818
7511.53,0.67503
7514.02,0.67472
7516.52,0.677
7519.01,0.67862
7521.51,0.67831
7524.0,0.67747
7526.5,0.67659
7528.99,0.67765
7531.49,0.67634
7533.99,0.67883
7536.48,0.68171
7538.98,0.68123
7541.47,0.68035
7543.97,0.67975
7546.46,0.67863
7548.96,0.67825
7551.45,0.67702
7553.95,0.67566
7556.44,0.67512
7558.94,0.67466
7561.43,0.67712
7563.93,0.67543
7566.42,0.676
7568.92,0.67568
7571.41,0.67524
7573.91,0.67485
7576.4,0.67649
7578.9,0.6752
7581.39,0.67202
7583.89,0.66835
7586.38,0.66642
7588.88,0.66409
7591.37,0.66265
7593.87,0.66347
7596.36,0.66468
7598.86,0.66252
7601.35,0.66219
7603.85,0.66237
7606.34,0.66158
7608.84,0.65913
7611.33,0.65942
7613.83,0.65807
7616.33,0.65713
7618.82,0.6532
7621.32,0.65248
7623.81,0.65358
7626.31,0.65663
7628.8,0.65821
7631.3,0.65946
7633.79,0.65721
7636.29,0.65926
7638.78,0.65726
7641.28,0.65729
7643.77,0.6584
7646.27,0.65653
7648.76,0.65586
7651.26,0.65361
7653.75,0.64957
7656.25,0.64273
7658.74,0.63738
7661.24,0.63002
7663.73,0.62635
7666.23,0.62434
7668.72,0.62777
7671.22,0.63182
7673.71,0.63767
7676.21,0.64024
7678.7,0.64261
7681.2,0.6434
7683.69,0.64267
7686.19,0.64269
7688.69,0.64238
7691.18,0.64089
7693.68,0.63806
7696.17,0.63741
7698.67,0.63562
7701.16,0.63622
7703.66,0.63833
7706.15,0.63714
7708.65,0.63534
7711.14,0.63258
7713.64,0.63107
7716.13,0.62816
7718.63,0.63049
7721.12,0.63196
7723.62,0.63671
7726.11,0.63748
7728.61,0.63836
7731.1,0.642
7733.6,0.64377
7736.09,0.64769
7738.59,0.64611
7741.08,0.64381
7743.58,0.64058
7746.07,0.63447
7748.57,0.6306
7751.06,0.62926
7753.56,0.63163
7756.05,0.63594
7758.55,0.63817
7761.04,0.64212
7763.54,0.64457
7766.03,0.6436
7768.53,0.64445
7771.03,0.64535
7773.52,0.64502
7776.02,0.64625
7778.51,0.64347
7781.01,0.64289
7783.5,0.64208
7786.0,0.64015
7788.49,0.63736
7790.99,0.63907
7793.48,0.63725
7795.98,0.63718
7798.47,0.63649
7800.97,0.63688
7803.46,0.6383
7805.96,0.63786
7808.45,0.63916
7810.95,0.64081
7813.44,0.64149
7815.94,0.64269
7818.43,0.64464
7820.93,0.64524
7823.42,0.64267
7825.92,0.64218
7828.41,0.63735
7830.91,0.63376
7833.4,0.63073
7835.9,0.62901
7838.39,0.62749
7840.89,0.63247
7843.38,0.63289
7845.88,0.63491
7848.38,0.63544
7850.87,0.63278
7853.37,0.63318
7855.86,0.63401
7858.36,0.63442
7860.85,0.63496
7863.35,0.63558
7865.84,0.63643
7868.34,0.63623
7870.83,0.63358
7873.33,0.63191
7875.82,0.63255
7878.32,0.63218
7880.81,0.6289
7883.31,0.62979
7885.8,0.63068
7888.3,0.63111
7890.79,0.63186
7893.29,0.63032
7895.78,0.62823
7898.28,0.627
7900.77,0.62766
7903.27,0.62643
7905.76,0.62488
7908.26,0.62271
7910.75,0.61852
7913.25,0.61614
7915.74,0.61369
7918.24,0.61332
7920.73,0.61439
7923.23,0.61748
7925.73,0.61696
7928.22,0.61691
7930.71,0.61714
7933.21,0.61409
7935.71,0.61183
7938.2,0.61024
7940.7,0.60731
7943.19,0.60649
7945.69,0.60608
7948.18,0.60818
7950.68,0.61218
7953.17,0.61547
7955.67,0.61749
7958.16,0.61916
7960.66,0.61997
7963.15,0.62155
7965.65,0.62034
7968.14,0.6234
7970.64,0.62346
7973.13,0.62413
7975.63,0.6253
7978.12,0.62243
7980.62,0.62197
7983.11,0.61836
7985.61,0.61831
7988.1,0.61821
7990.6,0.61734
7993.09,0.61561
7995.59,0.61442
7998.08,0.61475
8000.58,0.61372
8003.07,0.61614
8005.57,0.61783
8008.06,0.6225
8010.56,0.6227
8013.06,0.62491
8015.55,0.62718
8018.05,0.62712
8020.54,0.62463
8023.04,0.62329
8025.53,0.61926
8028.03,0.61653
8030.52,0.6153
8033.02,0.61891
8035.51,0.62039
8038.01,0.62514
8040.5,0.62353
8043.0,0.62048
8045.49,0.61776
8047.99,0.61257
8050.48,0.61233
8052.98,0.61255
8055.47,0.61652
8057.97,0.6187
8060.46,0.61955
8062.96,0.61964
8065.45,0.61824
8067.95,0.61666
8070.44,0.61293
8072.94,0.60991
8075.43,0.6094
8077.93,0.61063
8080.42,0.61159
8082.92,0.61085
8085.41,0.61004
8087.91,0.60988
8090.4,0.60885
8092.9,0.60744
8095.4,0.6052
8097.89,0.6052
8100.39,0.60595
8102.88,0.60993
8105.38,0.60922
8107.87,0.60987
8110.37,0.60953
8112.86,0.61002
8115.36,0.60781
8117.85,0.60671
8120.35,0.61
8122.84,0.60757
8125.34,0.61192
8127.83,0.61022
8130.33,0.61215
8132.82,0.61094
8135.32,0.61211
8137.81,0.61189
8140.31,0.61072
8142.8,0.61021
8145.3,0.60906
8147.79,0.60914
8150.29,0.61074
8152.78,0.61108
8155.28,0.61043
8157.77,0.61046
8160.27,0.60906
8162.76,0.60879
8165.26,0.60986
8167.75,0.61065
8170.25,0.60978
8172.75,0.61029
8175.24,0.61044
8177.74,0.60706
8180.23,0.60433
8182.73,0.60165
8185.22,0.59879
8187.72,0.59738
8190.21,0.59755
8192.71,0.59665
8195.2,0.59469
8197.7,0.5918
8200.19,0.59173
8202.69,0.59205
8205.18,0.59414
8207.68,0.59421
8210.17,0.59536
8212.67,0.59678
8215.16,0.5971
8217.66,0.59883
8220.15,0.5982
8222.65,0.6001
8225.14,0.60243
8227.64,0.60366
8230.13,0.60412
8232.63,0.6047
8235.12,0.6046
8237.62,0.60499
8240.11,0.60344
8242.61,0.60212
8245.1,0.60279
8247.6,0.60004
8250.1,0.60121
8252.59,0.59865
8255.08,0.59798
8257.58,0.59923
8260.08,0.60205
8262.57,0.60396
8265.07,0.60508
8267.56,0.60545
8270.06,0.60262
8272.55,0.60323
8275.05,0.60302
8277.54,0.60176
8280.04,0.60174
8282.53,0.60087
8285.03,0.60157
8287.52,0.59941
8290.02,0.59744
8292.51,0.59781
8295.01,0.59593
8297.5,0.59423
8300.0,0.59377
8302.49,0.59097
8304.99,0.59157
8307.48,0.58887
8309.98,0.5871
8312.47,0.58752
8314.97,0.59152
8317.46,0.59204
8319.96,0.59093
8322.46,0.5905
8324.95,0.58773
8327.44,0.584
8329.94,0.5791
8332.43,0.57937
8334.93,0.57805
8337.43,0.57926
8339.92,0.58127
8342.42,0.58118
8344.91,0.58335
8347.41,0.58299
8349.9,0.58248
8352.4,0.58467
8354.89,0.58572
8357.39,0.58585
8359.88,0.58577
8362.38,0.58715
8364.87,0.58368
8367.37,0.58452
8369.86,0.58568
8372.36,0.58622
8374.85,0.58721
8377.35,0.58439
8379.84,0.58177
8382.34,0.57719
8384.83,0.5755
8387.33,0.57254
8389.82,0.5717
8392.32,0.57576
8394.81,0.57965
8397.31,0.58283
8399.8,0.58476
8402.3,0.58493
8404.79,0.58819
8407.29,0.58658
8409.79,0.58768
8412.28,0.58445
8414.78,0.58383
8417.27,0.58223
8419.77,0.58076
8422.26,0.57937
8424.76,0.57915
8427.25,0.57731
8429.75,0.575
8432.24,0.57275
8434.74,0.56993
8437.23,0.56614
8439.73,0.567
8442.22,0.56944
8444.72,0.56998
8447.21,0.57298
8449.71,0.57449
8452.2,0.57571
8454.7,0.57631
8457.19,0.57342
8459.69,0.57434
8462.18,0.57201
8464.68,0.5687
8467.17,0.5665
8469.67,0.56352
8472.16,0.5636
8474.66,0.56617
8477.15,0.56841
8479.65,0.57232
8482.14,0.57267
8484.64,0.5708
8487.13,0.56997
8489.63,0.56472
8492.12,0.55588
8494.62,0.54367
8497.12,0.53028
8499.61,0.52108
8502.11,0.52105
8504.6,0.52793
8507.1,0.54012
8509.59,0.54878
8512.09,0.55349
8514.58,0.55375
8517.08,0.5533
8519.57,0.55538
8522.07,0.55624
8524.56,0.558
8527.06,0.557
8529.55,0.55521
8532.05,0.54685
8534.54,0.53391
8537.04,0.51432
8539.53,0.48784
8542.03,0.46439
8544.52,0.45656
8547.02,0.46359
8549.51,0.48472
8552.01,0.50843
8554.5,0.5298
8557.0,0.54434
8559.49,0.55285
8561.99,0.5575
8564.48,0.55912
8566.98,0.56109
8569.47,0.56161
8571.97,0.56226
8574.47,0.56194
8576.96,0.56204
8579.46,0.56312
8581.95,0.56173
8584.45,0.56191
8586.94,0.56115
8589.44,0.56153
8591.93,0.55891
8594.43,0.55699
8596.92,0.55631
8599.42,0.55394
8601.91,0.55409
8604.41,0.55465
8606.9,0.55623
8609.4,0.55635
8611.89,0.55596
8614.39,0.55538
8616.88,0.55631
8619.38,0.5558
8621.87,0.5581
8624.37,0.55846
8626.86,0.55935
8629.36,0.56082
8631.85,0.56305
8634.35,0.56336
8636.84,0.5647
8639.34,0.56471
8641.83,0.56472
8644.33,0.56411
8646.83,0.56202
8649.32,0.55786
8651.82,0.55152
8654.31,0.53943
8656.8,0.52249
8659.3,0.49986
8661.8,0.47906
8664.29,0.46957
8666.79,0.47178
8669.28,0.48824
8671.78,0.50761
8674.27,0.52177
8676.77,0.53384
8679.26,0.54233
8681.76,0.54595
8684.25,0.54618
8686.75,0.54677
8689.24,0.54457
8691.74,0.54537
8694.23,0.5463
8696.73,0.54973
8699.22,0.55169
8701.72,0.55341
8704.21,0.5543
8706.71,0.55551
8709.2,0.55193
8711.7,0.5538
8714.19,0.55395
8716.69,0.55484
8719.18,0.55587
8721.68,0.55802
8724.17,0.55937
8726.67,0.55934
8729.17,0.55859
8731.66,0.55842
8734.16,0.55563
8736.65,0.55404
8739.15,0.55038
8741.64,0.54836
8744.14,0.54668
8746.63,0.54543
8749.13,0.54216
8751.62,0.53763
8754.12,0.53858
8756.61,0.53895
8759.11,0.54211
8761.6,0.54566
8764.1,0.54646
8766.59,0.54878
8769.09,0.55018
8771.58,0.54815
8774.08,0.55137
8776.57,0.55124
8779.07,0.55451
8781.56,0.55584
8784.06,0.55723
8786.55,0.55751
8789.05,0.55731
8791.54,0.55494
8794.04,0.5556
8796.53,0.55212
8799.03,0.55084
8801.52,0.54736
8804.02,0.54233
8806.51,0.53878
8809.01,0.53691
8811.5,0.54037
8814.0,0.54417
8816.5,0.55008
8818.99,0.55112
8821.49,0.55108
8823.98,0.55074
8826.48,0.54983
8828.97,0.55154
8831.47,0.5528
8833.96,0.55513
8836.46,0.55488
8838.95,0.55424
8841.45,0.55355
8843.94,0.55434
8846.44,0.55623
8848.93,0.55732
8851.43,0.55532
8853.92,0.55282
8856.42,0.54932
8858.91,0.54349
8861.41,0.53748
8863.9,0.53206
8866.4,0.52686
8868.89,0.52787
8871.39,0.53062
8873.88,0.5344
8876.38,0.53702
8878.87,0.53951
8881.37,0.5434
8883.87,0.54473
8886.36,0.54664
8888.86,0.54774
8891.35,0.54864
8893.84,0.5485
8896.34,0.54834
8898.84,0.54745
8901.33,0.5502
8903.83,0.54776
8906.32,0.54994
8908.82,0.54823
8911.31,0.54756
8913.81,0.54505
8916.3,0.54412
8918.8,0.54243
8921.29,0.5416
8923.79,0.54017
8926.28,0.53882
8928.78,0.53765
8931.27,0.53958
8933.77,0.53933
8936.26,0.54044
8938.76,0.54073
8941.25,0.54025
8943.75,0.53966
8946.24,0.53822
8948.74,0.53829
8951.23,0.53948
8953.73,0.54161
8956.22,0.54607
8958.72,0.54543
8961.21,0.54545
8963.71,0.54471
8966.2,0.54459
8968.7,0.54359
8971.2,0.54256
8973.69,0.54105
8976.19,0.53947
8978.68,0.53883
8981.18,0.54049
8983.67,0.54095
8986.17,0.54129
8988.66,0.54159
8991.16,0.54031
8993.65,0.53885
8996.15,0.53803
8998.64,0.53607
9001.14,0.53353
9003.63,0.52837
9006.13,0.52274
9008.62,0.5154
9011.12,0.50803
9013.61,0.50272
9016.11,0.4986
9018.6,0.49796
9021.1,0.50307
9023.59,0.50807
9026.09,0.51389
9028.58,0.52009
9031.08,0.52486
9033.57,0.53012
9036.07,0.53279
9038.56,0.53609
9041.06,0.53778
9043.55,0.53804
9046.05,0.53899
9048.54,0.54017
9051.04,0.54055
9053.54,0.53997
9056.03,0.53802
9058.53,0.53605
9061.02,0.53295
9063.52,0.53154
9066.01,0.53164
9068.51,0.53425
9071.0,0.53442
9073.5,0.53368
9075.99,0.53423
9078.49,0.5326
9080.98,0.5297
9083.48,0.52541
9085.97,0.52375
9088.47,0.51987
9090.96,0.51705
9093.46,0.51868
9095.95,0.52176
9098.45,0.52418
9100.94,0.52743
9103.44,0.53
9105.93,0.52934
9108.43,0.5299
9110.92,0.52816
9113.42,0.52774
9115.91,0.52656
9118.41,0.52639
9120.9,0.52522
9123.4,0.52731
9125.89,0.53112
9128.39,0.53164
9130.88,0.53194
9133.38,0.53218
9135.88,0.52967
9138.37,0.52729
9140.87,0.523
9143.36,0.51913
9145.86,0.5178
9148.35,0.5163
9150.85,0.51711
9153.34,0.51815
9155.84,0.51908
9158.33,0.51966
9160.83,0.51793
9163.32,0.51786
9165.82,0.51518
9168.31,0.5114
9170.81,0.50781
9173.3,0.5044
9175.8,0.50565
9178.29,0.50729
9180.79,0.51013
9183.28,0.50913
9185.78,0.51133
9188.27,0.50886
9190.77,0.51031
9193.26,0.50873
9195.76,0.50841
9198.25,0.50647
9200.75,0.50582
9203.24,0.50388
9205.74,0.50394
9208.24,0.50164
9210.73,0.49825
9213.23,0.496
9215.72,0.4939
9218.22,0.49278
9220.71,0.49164
9223.21,0.4916
9225.7,0.48802
9228.2,0.4856
9230.69,0.48361
9233.19,0.48317
9235.68,0.48378
9238.18,0.48867
9240.67,0.49147
9243.17,0.49478
9245.66,0.49484
9248.16,0.49621
9250.65,0.49716
9253.15,0.49558
9255.64,0.49638
9258.14,0.49644
9260.63,0.49727
9263.13,0.4986
9265.62,0.503
9268.12,0.50485
9270.61,0.50499
9273.11,0.50657
9275.6,0.50593
9278.1,0.5054
9280.59,0.50249
9283.09,0.5011
9285.58,0.50073
9288.08,0.49963
9290.58,0.49757
9293.07,0.49759
9295.57,0.49804
9298.06,0.49791
9300.56,0.49888
9303.05,0.49842
9305.55,0.49894
9308.04,0.49842
9310.54,0.49884
9313.03,0.49879
9315.53,0.49834
9318.02,0.49803
9320.52,0.4977
9323.01,0.49887
9325.51,0.49916
9328.0,0.49835
9330.5,0.4994
9332.99,0.49878
9335.49,0.49977
9337.98,0.49886
9340.48,0.4994
9342.97,0.49865
9345.47,0.49762
9347.96,0.4967
9350.46,0.49413
9352.95,0.49249
9355.45,0.48986
9357.94,0.48888
9360.44,0.48691
9362.93,0.4862
9365.43,0.48753
9367.92,0.48731
9370.42,0.48767
9372.92,0.48826
9375.41,0.4884
9377.91,0.48895
9380.4,0.48745
9382.9,0.48729
9385.39,0.48782
9387.89,0.48696
9390.38,0.486
9392.88,0.48743
9395.37,0.48564
9397.87,0.48568
9400.36,0.48352
9402.86,0.48134
9405.35,0.47825
9407.85,0.47506
9410.34,0.47289
9412.84,0.47148
9415.33,0.47186
9417.83,0.47163
9420.32,0.47317
9422.82,0.47826
9425.31,0.48038
9427.81,0.48122
9430.3,0.48053
9432.8,0.48118
9435.29,0.47952
9437.79,0.47689
9440.28,0.4764
9442.78,0.47591
9445.27,0.47615
9447.77,0.47732
9450.27,0.47689
9452.76,0.47802
9455.25,0.47984
9457.75,0.48041
9460.25,0.48103
9462.74,0.48248
9465.24,0.4833
9467.73,0.48334
9470.23,0.48467
9472.72,0.4831
9475.22,0.48541
9477.71,0.48427
9480.21,0.48353
9482.7,0.48406
9485.2,0.4842
9487.69,0.48437
9490.19,0.48559
9492.68,0.48514
9495.18,0.48459
9497.67,0.48472
9500.17,0.4846
9502.66,0.48412
9505.16,0.4854
9507.65,0.4841
9510.15,0.48485
9512.64,0.48519
9515.14,0.48454
9517.63,0.48592
9520.13,0.48518
9522.62,0.4866
9525.12,0.48604
9527.61,0.48358
9530.11,0.48325
9532.61,0.48098
9535.1,0.47693
9537.6,0.47355
9540.09,0.46952
9542.59,0.46413
9545.08,0.46019
9547.58,0.45838
9550.07,0.45852
9552.57,0.46196
9555.06,0.4674
9557.56,0.47319
9560.05,0.47639
9562.55,0.47861
9565.04,0.48016
9567.54,0.47969
9570.03,0.47873
9572.53,0.47904
9575.02,0.47847
9577.52,0.47858
9580.01,0.47859
9582.51,0.48039
9585.0,0.48194
9587.5,0.4819
9589.99,0.48177
9592.49,0.48239
9594.98,0.4819
9597.48,0.4796
9599.97,0.47707
9602.47,0.47685
9604.96,0.47628
9607.46,0.47735
9609.96,0.47851
9612.45,0.48048
9614.95,0.48042
9617.44,0.47881
9619.94,0.47992
9622.43,0.47808
9624.93,0.47839
9627.42,0.47783
9629.92,0.47749
9632.41,0.47739
9634.91,0.47664
9637.4,0.47522
9639.9,0.47319
9642.39,0.47239
9644.89,0.47275
9647.38,0.47219
9649.88,0.47145
9652.37,0.47112
9654.87,0.47039
9657.36,0.47103
9659.86,0.47206
9662.35,0.47038
9664.85,0.47028
9667.34,0.47128
9669.84,0.47141
9672.33,0.47117
9674.83,0.46962
9677.32,0.46959
9679.82,0.4688
9682.31,0.47019
9684.81,0.46966
9687.3,0.47102
9689.8,0.47014
9692.29,0.46944
9694.79,0.46887
9697.29,0.46898
9699.78,0.46984
9702.28,0.46937
9704.77,0.46896
9707.27,0.46914
9709.76,0.46954
9712.26,0.46917
9714.75,0.47014
9717.25,0.47127
9719.74,0.47065
9722.24,0.46913
9724.73,0.46798
9727.23,0.4665
9729.72,0.46495
9732.22,0.46464
9734.71,0.46478
9737.21,0.46339
9739.7,0.46334
9742.2,0.46315
9744.69,0.46244
9747.19,0.4639
9749.68,0.46437
9752.18,0.46633
9754.67,0.4669
9757.17,0.46808
9759.66,0.46678
9762.16,0.46968
9764.65,0.46631
9767.15,0.46613
9769.64,0.46436
9772.14,0.46368
9774.64,0.46495
9777.13,0.46489
9779.63,0.46402
9782.12,0.46153
9784.62,0.45903
9787.11,0.45818
9789.61,0.45944
9792.1,0.46041
9794.6,0.46339
9797.09,0.46467
9799.59,0.46714
9802.08,0.46736
9804.58,0.46875
9807.07,0.46917
9809.57,0.46934
9812.06,0.46933
9814.56,0.47032
9817.05,0.47064
9819.55,0.46899
9822.04,0.4692
9824.54,0.46903
9827.03,0.4676
9829.53,0.46735
9832.02,0.46562
9834.52,0.46706
9837.01,0.46641
9839.51,0.46771
9842.0,0.46804
9844.5,0.46838
9847.0,0.46833
9849.49,0.46769
9851.99,0.46789
9854.48,0.46715
9856.98,0.46673
9859.47,0.4664
9861.97,0.4663
9864.46,0.46624
9866.96,0.46486
9869.45,0.46562
9871.95,0.4647
9874.44,0.46704
9876.94,0.46675
9879.43,0.466
9881.93,0.46535
9884.42,0.46416
9886.92,0.46333
9889.41,0.46217
9891.91,0.46118
9894.4,0.46139
9896.9,0.46113
9899.39,0.46148
9901.89,0.46278
9904.38,0.46024
9906.88,0.46012
9909.37,0.46073
9911.87,0.45955
9914.36,0.46022
9916.86,0.45954
9919.35,0.45903
9921.85,0.45902
9924.34,0.45806
9926.84,0.45822
9929.33,0.45641
9931.83,0.45795
9934.33,0.45866
9936.82,0.45847
9939.32,0.45947
9941.81,0.45931
9944.31,0.45959
9946.8,0.45862
9949.3,0.45877
9951.79,0.45826
9954.29,0.45923
9956.78,0.46045
9959.28,0.45897
9961.77,0.45968
9964.27,0.46076
9966.76,0.46057
9969.26,0.46146
9971.75,0.45985
9974.25,0.45872
9976.74,0.45878
9979.24,0.45769
9981.73,0.45887
9984.23,0.45795
9986.72,0.45763
9989.22,0.45721
9991.71,0.45677
9994.21,0.45511
9996.7,0.45449
9999.2,0.45526
10001.7,0.4535
10004.2,0.4541
10006.7,0.45446
10009.2,0.45462
10011.7,0.4543
10014.2,0.45557
10016.7,0.45625
10019.2,0.45653
10021.7,0.45587
10024.2,0.45719
10026.6,0.45655
10029.1,0.45529
10031.6,0.45238
10034.1,0.4495
10036.6,0.4469
10039.1,0.44498
10041.6,0.4426
10044.1,0.4399
10046.6,0.43758
10049.1,0.43486
10051.6,0.4341
10054.1,0.43296
10056.6,0.43281
10059.1,0.43466
10061.6,0.43826
10064.1,0.44028
10066.6,0.4422
10069.1,0.4444
10071.6,0.44777
10074.1,0.44801
10076.5,0.44838
10079.0,0.44892
10081.5,0.44949
10084.0,0.4496
10086.5,0.44896
10089.0,0.45022
10091.5,0.4515
10094.0,0.45339
10096.5,0.45449
10099.0,0.45333
10101.5,0.45477
10104.0,0.45303
10106.5,0.45444
10109.0,0.45286
10111.5,0.452
10114.0,0.45153
10116.5,0.44982
10119.0,0.44998
10121.5,0.45024
10124.0,0.44971
10126.5,0.44846
10128.9,0.44947
10131.4,0.44992
10133.9,0.44875
10136.4,0.44854
10138.9,0.4482
10141.4,0.44726
10143.9,0.44614
10146.4,0.44537
10148.9,0.44457
10151.4,0.44397
10153.9,0.44554
10156.4,0.44587
10158.9,0.44672
10161.4,0.44717
10163.9,0.44774
10166.4,0.44647
10168.9,0.44697
10171.4,0.44685
10173.9,0.44668
10176.4,0.4463
10178.9,0.44726
10181.3,0.44685
10183.8,0.44572
10186.3,0.44581
10188.8,0.44457
10191.3,0.44399
10193.8,0.44374
10196.3,0.44234
10198.8,0.44283
10201.3,0.44245
10203.8,0.44372
10206.3,0.44403
10208.8,0.44357
10211.3,0.44248
10213.8,0.44176
10216.3,0.44077
10218.8,0.44132
10221.3,0.43993
10223.8,0.43992
10226.3,0.44109
10228.8,0.44124
10231.2,0.44235
10233.7,0.44125
10236.2,0.44315
10238.7,0.44307
10241.2,0.44264
10243.7,0.44291
10246.2,0.44149
10248.7,0.44157
10251.2,0.44143
10253.7,0.4405
10256.2,0.43917
10258.7,0.43896
10261.2,0.43899
10263.7,0.43873
10266.2,0.4391
10268.7,0.43922
10271.2,0.43787
10273.7,0.43952
10276.2,0.4388
10278.7,0.43874
10281.2,0.43869
10283.6,0.43815
10286.1,0.43781
10288.6,0.43641
10291.1,0.43736
10293.6,0.43643
10296.1,0.4379
10298.6,0.4369
10301.1,0.43663
10303.6,0.43674
10306.1,0.43678
10308.6,0.43817
10311.1,0.4361
10313.6,0.43681
10316.1,0.43691
10318.6,0.4358
10321.1,0.43484
10323.6,0.4332
10326.1,0.43159
10328.6,0.42964
10331.1,0.42947
10333.5,0.42768
10336.0,0.42787
10338.5,0.42776
10341.0,0.42699
10343.5,0.4272
10346.0,0.427
10348.5,0.42744
10351.0,0.42896
10353.5,0.43017
10356.0,0.43137
10358.5,0.43352
10361.0,0.43298
10363.5,0.43409
10366.0,0.4321
10368.5,0.43162
10371.0,0.4307
10373.5,0.42908
10376.0,0.4302
10378.5,0.42929
10381.0,0.4283
10383.5,0.42951
10385.9,0.42926
10388.4,0.43038
10390.9,0.42803
10393.4,0.42822
10395.9,0.42579
10398.4,0.42479
10400.9,0.42634
10403.4,0.42699
10405.9,0.42787
10408.4,0.42956
10410.9,0.42979
10413.4,0.4294
10415.9,0.4311
10418.4,0.43038
10420.9,0.42868
10423.4,0.42823
10425.9,0.42747
10428.4,0.42658
10430.9,0.42775
10433.4,0.42737
10435.9,0.4293
10438.3,0.42891
10440.8,0.43052
10443.3,0.42975
10445.8,0.42915
10448.3,0.42907
10450.8,0.4275
10453.3,0.42733
10455.8,0.42563
10458.3,0.42466
10460.8,0.42396
10463.3,0.42371
10465.8,0.42374
10468.3,0.42394
10470.8,0.42535
10473.3,0.42465
10475.8,0.42415
10478.3,0.42495
10480.8,0.42565
10483.3,0.42539
10485.8,0.42522
10488.2,0.42453
10490.7,0.42471
10493.2,0.42303
10495.7,0.42249
10498.2,0.42262
10500.7,0.42226
10503.2,0.42146
10505.7,0.42287
10508.2,0.42262
10510.7,0.42238
10513.2,0.42314
10515.7,0.42391
10518.2,0.42325
10520.7,0.42266
10523.2,0.42231
10525.7,0.42264
10528.2,0.42361
10530.7,0.42216
10533.2,0.42134
10535.7,0.42091
10538.2,0.42097
10540.6,0.42201
10543.1,0.42257
10545.6,0.4218
10548.1,0.42177
10550.6,0.42203
10553.1,0.42172
10555.6,0.42162
10558.1,0.42107
10560.6,0.4213
10563.1,0.42082
10565.6,0.4202
10568.1,0.42156
10570.6,0.42041
10573.1,0.4191
10575.6,0.41822
10578.1,0.41565
10580.6,0.4133
10583.1,0.41188
10585.6,0.41027
10588.1,0.40974
10590.6,0.41139
10593.0,0.41273
10595.5,0.41346
10598.0,0.41399
10600.5,0.41554
10603.0,0.41315
10605.5,0.41277
10608.0,0.41216
10610.5,0.41253
10613.0,0.41333
10615.5,0.41412
10618.0,0.41425
10620.5,0.41599
10623.0,0.41544
10625.5,0.41608
10628.0,0.41604
10630.5,0.416
10633.0,0.41671
10635.5,0.41665
10638.0,0.41664
10640.5,0.41744
10642.9,0.41712
10645.4,0.41651
10647.9,0.41463
10650.4,0.41553
10652.9,0.41285
10655.4,0.41282
10657.9,0.40958
10660.4,0.40711
10662.9,0.40643
10665.4,0.40629
10667.9,0.40755
10670.4,0.4082
10672.9,0.4081
10675.4,0.40915
10677.9,0.40961
10680.4,0.40842
10682.9,0.40718
10685.4,0.40484
10687.9,0.40363
10690.4,0.40149
10692.9,0.40207
10695.3,0.40235
10697.8,0.40376
10700.3,0.40498
10702.8,0.40821
10705.3,0.40905
10707.8,0.40911
10710.3,0.40958
10712.8,0.41111
10715.3,0.41135
10717.8,0.41022
10720.3,0.40866
10722.8,0.40738
10725.3,0.40447
10727.8,0.40204
10730.3,0.40186
10732.8,0.40157
10735.3,0.40239
10737.8,0.40287
10740.3,0.40478
10742.8,0.40589
10745.3,0.40476
10747.7,0.40432
10750.2,0.40279
10752.7,0.40277
10755.2,0.40172
10757.7,0.40364
10760.2,0.40574
10762.7,0.40556
10765.2,0.40701
10767.7,0.40703
10770.2,0.40695
10772.7,0.40577
10775.2,0.40463
10777.7,0.40395
10780.2,0.40073
10782.7,0.39931
10785.2,0.39802
10787.7,0.39677
10790.2,0.39711
10792.7,0.39953
10795.2,0.40003
10797.6,0.40247
10800.1,0.40348
10802.6,0.40217
10805.1,0.40228
10807.6,0.40057
10810.1,0.399
10812.6,0.39827
10815.1,0.39665
10817.6,0.39538
10820.1,0.39447
10822.6,0.39223
10825.1,0.39219
10827.6,0.39142
10830.1,0.39078
10832.6,0.39295
10835.1,0.3943
10837.6,0.39594
10840.1,0.39697
10842.6,0.39824
10845.1,0.39769
10847.6,0.39865
10850.0,0.39874
10852.5,0.39964
10855.0,0.40024
10857.5,0.40101
10860.0,0.39979
10862.5,0.3971
10865.0,0.39454
10867.5,0.39087
10870.0,0.38904
10872.5,0.38597
10875.0,0.38624
10877.5,0.38593
10880.0,0.38648
10882.5,0.38751
10885.0,0.38751
10887.5,0.38848
10890.0,0.38845
10892.5,0.39009
10895.0,0.39176
10897.5,0.39238
10900.0,0.39264
10902.4,0.39346
10904.9,0.39364
10907.4,0.39311
10909.9,0.39326
10912.4,0.39178
10914.9,0.39014
10917.4,0.38955
10919.9,0.38737
10922.4,0.3848
10924.9,0.38379
10927.4,0.3802
10929.9,0.37819
10932.4,0.37617
10934.9,0.37222
10937.4,0.37162
10939.9,0.37131
10942.4,0.3714
10944.9,0.37236
10947.4,0.37462
10949.9,0.37716
10952.3,0.37759
10954.8,0.37765
10957.3,0.37609
10959.8,0.37443
10962.3,0.37127
10964.8,0.36949
10967.3,0.3685
10969.8,0.36634
10972.3,0.36731
10974.8,0.36714
10977.3,0.36828
10979.8,0.36896
10982.3,0.3692
10984.8,0.36929
10987.3,0.37096
10989.8,0.37187
10992.3,0.37194
10994.8,0.37213
10997.3,0.37196
10999.8,0.37148
