wave,flux
3700.85,0.65132
3701.75,0.64721
3702.65,0.63009
3703.55,0.60659
3704.45,0.58833
3705.35,0.56847
3706.25,0.56373
3707.15,0.56207
3708.05,0.56887
3708.96,0.57754
3709.86,0.58131
3710.76,0.58337
3711.66,0.59196
3712.56,0.60143
3713.46,0.6178
3714.36,0.64293
3715.26,0.66031
3716.16,0.67739
3717.06,0.68015
3717.96,0.67145
3718.86,0.64525
3719.76,0.61209
3720.66,0.57642
3721.56,0.54759
3722.46,0.53619
3723.36,0.54746
3724.26,0.57083
3725.16,0.60559
3726.06,0.63416
3726.96,0.65837
3727.86,0.67066
3728.76,0.67861
3729.66,0.67201
3730.56,0.66102
3731.46,0.635
3732.36,0.59892
3733.26,0.56018
3734.16,0.52504
3735.06,0.50064
3735.96,0.49375
3736.86,0.5124
3737.76,0.54301
3738.66,0.58943
3739.56,0.63318
3740.46,0.67218
3741.36,0.69549
3742.26,0.70843
3743.16,0.70251
3744.06,0.6908
3744.96,0.66774
3745.86,0.63785
3746.76,0.60357
3747.67,0.56812
3748.57,0.53454
3749.47,0.5091
3750.37,0.50189
3751.27,0.51467
3752.17,0.54663
3753.07,0.5896
3753.97,0.63855
3754.87,0.68117
3755.77,0.71154
3756.67,0.72885
3757.57,0.73201
3758.47,0.72673
3759.37,0.72224
3760.27,0.72278
3761.17,0.72591
3762.07,0.73381
3762.97,0.74096
3763.87,0.74549
3764.77,0.73689
3765.67,0.72566
3766.57,0.70633
3767.47,0.67477
3768.37,0.64797
3769.27,0.61636
3770.17,0.59696
3771.07,0.58352
3771.97,0.59214
3772.87,0.61079
3773.77,0.64133
3774.67,0.67629
3775.57,0.7117
3776.47,0.74417
3777.37,0.77713
3778.27,0.80744
3779.17,0.83416
3780.07,0.8598
3780.97,0.88058
3781.87,0.89474
3782.77,0.90593
3783.67,0.90636
3784.57,0.90369
3785.47,0.89156
3786.38,0.87443
3787.28,0.85594
3788.18,0.83394
3789.08,0.81657
3789.98,0.79853
3790.88,0.78382
3791.78,0.76747
3792.68,0.74231
3793.58,0.71405
3794.48,0.67544
3795.38,0.63641
3796.28,0.59925
3797.18,0.56644
3798.08,0.54685
3798.98,0.54342
3799.88,0.56045
3800.78,0.59438
3801.68,0.64142
3802.58,0.69429
3803.48,0.74078
3804.38,0.78398
3805.28,0.81281
3806.18,0.83117
3807.08,0.85311
3807.98,0.87015
3808.88,0.88734
3809.78,0.90747
3810.68,0.91754
3811.58,0.92602
3812.48,0.92627
3813.38,0.91179
3814.28,0.90245
3815.18,0.89153
3816.08,0.89319
3816.98,0.89082
3817.88,0.89437
3818.78,0.88915
3819.68,0.88823
3820.58,0.87942
3821.48,0.86993
3822.38,0.85874
3823.28,0.84394
3824.18,0.82709
3825.09,0.80511
3825.99,0.78574
3826.89,0.75938
3827.79,0.74134
3828.69,0.72213
3829.59,0.70353
3830.49,0.67167
3831.39,0.63983
3832.29,0.60402
3833.19,0.5643
3834.09,0.53134
3834.99,0.50216
3835.89,0.48899
3836.79,0.4894
3837.69,0.50228
3838.59,0.53014
3839.49,0.56433
3840.39,0.60526
3841.29,0.6489
3842.19,0.69508
3843.09,0.74143
3843.99,0.78328
3844.89,0.81728
3845.79,0.84429
3846.69,0.86837
3847.59,0.88774
3848.49,0.90175
3849.39,0.91459
3850.29,0.92696
3851.19,0.9335
3852.09,0.94606
3852.99,0.95759
3853.89,0.95997
3854.79,0.9665
3855.69,0.96298
3856.59,0.96298
3857.49,0.95624
3858.39,0.94566
3859.29,0.94034
3860.19,0.94058
3861.09,0.95092
3861.99,0.96548
3862.9,0.98296
3863.8,0.99352
3864.7,0.99787
3865.6,1.0033
3866.5,1.0042
3867.4,1.0
3868.3,0.99354
3869.2,0.99252
3870.1,0.97763
3871.0,0.96849
3871.9,0.94775
3872.8,0.9337
3873.7,0.92428
3874.6,0.91959
3875.5,0.91578
3876.4,0.90641
3877.3,0.89696
3878.2,0.88048
3879.1,0.86382
3880.0,0.84751
3880.9,0.82728
3881.8,0.81484
3882.7,0.80022
3883.6,0.77226
3884.5,0.74544
3885.4,0.7085
3886.3,0.66861
3887.2,0.62883
3888.1,0.59441
3889.0,0.57245
3889.9,0.5656
3890.8,0.57445
3891.7,0.60701
3892.6,0.6421
3893.5,0.68105
3894.4,0.71807
3895.3,0.74843
3896.2,0.78151
3897.1,0.80737
3898.0,0.82979
3898.9,0.84981
3899.8,0.86577
3900.7,0.88433
3901.6,0.89798
3902.51,0.90716
3903.41,0.91959
3904.31,0.92619
3905.21,0.93135
3906.11,0.93484
3907.01,0.9523
3907.91,0.96472
3908.81,0.98406
3909.71,1.001
3910.61,1.0193
3911.51,1.0375
3912.41,1.0384
3913.31,1.0444
3914.21,1.0425
3915.11,1.0388
3916.01,1.0316
3916.91,1.0234
3917.81,1.02
3918.71,1.012
3919.61,1.0061
3920.51,1.0076
3921.41,0.99439
3922.31,0.99549
3923.21,0.99354
3924.11,0.99171
3925.01,0.98061
3925.91,0.96463
3926.81,0.94527
3927.71,0.90851
3928.61,0.86379
3929.51,0.81157
3930.41,0.74985
3931.31,0.68399
3932.21,0.62067
3933.11,0.56701
3934.01,0.53236
3934.91,0.52537
3935.81,0.5502
3936.71,0.5955
3937.61,0.65702
3938.51,0.72996
3939.42,0.79297
3940.32,0.84722
3941.22,0.88789
3942.12,0.917
3943.02,0.93963
3943.92,0.9452
3944.82,0.95712
3945.72,0.9696
3946.62,0.97639
3947.52,0.98875
3948.42,0.99006
3949.32,0.99244
3950.22,0.99692
3951.12,0.99431
3952.02,0.99481
3952.92,0.99781
3953.82,0.98908
3954.72,0.98776
3955.62,0.97868
3956.52,0.9661
3957.42,0.95083
3958.32,0.93698
3959.22,0.91876
3960.12,0.88993
3961.02,0.86779
3961.92,0.82786
3962.82,0.78176
3963.72,0.73326
3964.62,0.67777
3965.52,0.61473
3966.42,0.55469
3967.32,0.48822
3968.22,0.43573
3969.12,0.39695
3970.02,0.38111
3970.92,0.39244
3971.82,0.42005
3972.72,0.4687
3973.62,0.5309
3974.52,0.59344
3975.42,0.65268
3976.32,0.71112
3977.22,0.75999
3978.13,0.8087
3979.03,0.84935
3979.93,0.88487
3980.83,0.91238
3981.73,0.93114
3982.63,0.95284
3983.53,0.96448
3984.43,0.97746
3985.33,0.99331
3986.23,1.0014
3987.13,1.0192
3988.03,1.0322
3988.93,1.0466
3989.83,1.0582
3990.73,1.0668
3991.63,1.0786
3992.53,1.0869
3993.43,1.0936
3994.33,1.0958
3995.23,1.095
3996.13,1.0846
3997.03,1.0841
3997.93,1.0794
3998.83,1.0883
3999.73,1.0988
4000.63,1.108
4001.53,1.1188
4002.43,1.1229
4003.33,1.1299
4004.23,1.1204
4005.13,1.1169
4006.03,1.1133
4006.93,1.1094
4007.83,1.1135
4008.73,1.1202
4009.63,1.1306
4010.53,1.1439
4011.43,1.1546
4012.33,1.1547
4013.23,1.1544
4014.13,1.16
4015.03,1.1629
4015.93,1.1655
4016.84,1.1663
4017.74,1.1667
4018.64,1.1729
4019.54,1.1757
4020.44,1.1795
4021.34,1.1806
4022.24,1.1815
4023.14,1.1812
4024.04,1.1752
4024.94,1.1757
4025.84,1.1755
4026.74,1.1825
4027.64,1.1837
4028.54,1.1833
4029.44,1.171
4030.34,1.158
4031.24,1.1411
4032.14,1.1296
4033.04,1.1201
4033.94,1.1237
4034.84,1.1354
4035.74,1.1469
4036.64,1.1671
4037.54,1.1823
4038.44,1.1944
4039.34,1.2035
4040.24,1.2045
4041.14,1.1991
4042.04,1.1883
4042.94,1.1729
4043.84,1.1545
4044.74,1.1458
4045.64,1.1307
4046.54,1.1192
4047.44,1.1245
4048.34,1.1414
4049.24,1.1559
4050.14,1.1679
4051.04,1.1778
4051.94,1.1788
4052.84,1.1734
4053.74,1.1718
4054.65,1.1587
4055.55,1.152
4056.45,1.1518
4057.35,1.1447
4058.25,1.1482
4059.15,1.144
4060.05,1.1497
4060.95,1.1492
4061.85,1.1424
4062.75,1.1356
4063.65,1.127
4064.55,1.1169
4065.45,1.1096
4066.35,1.1141
4067.25,1.1199
4068.15,1.1266
4069.05,1.1315
4069.95,1.1367
4070.85,1.1339
4071.75,1.1327
4072.65,1.1265
4073.55,1.1185
4074.45,1.1095
4075.35,1.0967
4076.25,1.0848
4077.15,1.0698
4078.05,1.0632
4078.95,1.0558
4079.85,1.0632
4080.75,1.0731
4081.65,1.0828
4082.55,1.0883
4083.45,1.0922
4084.35,1.088
4085.25,1.0863
4086.15,1.0815
4087.05,1.085
4087.95,1.083
4088.85,1.084
4089.75,1.0833
4090.65,1.08
4091.55,1.0614
4092.45,1.047
4093.36,1.0321
4094.26,1.0089
4095.16,0.97936
4096.06,0.94787
4096.96,0.91034
4097.86,0.87067
4098.76,0.83087
4099.66,0.79186
4100.56,0.74518
4101.46,0.71201
4102.36,0.69449
4103.26,0.69075
4104.16,0.71176
4105.06,0.7453
4105.96,0.78534
4106.86,0.82854
4107.76,0.86325
4108.66,0.89684
4109.56,0.92858
4110.46,0.94914
4111.36,0.96751
4112.26,0.98896
4113.16,1.0115
4114.06,1.0279
4114.96,1.0442
4115.86,1.0597
4116.76,1.0696
4117.66,1.0772
4118.56,1.0784
4119.46,1.0778
4120.36,1.0812
4121.26,1.0796
4122.16,1.0897
4123.06,1.0875
4123.96,1.1015
4124.86,1.1041
4125.76,1.1068
4126.66,1.1146
4127.56,1.1164
4128.46,1.1129
4129.36,1.1104
4130.26,1.1039
4131.17,1.0983
4132.06,1.0922
4132.97,1.0971
4133.87,1.0933
4134.77,1.1009
4135.67,1.1097
4136.57,1.1259
4137.47,1.1427
4138.37,1.1529
4139.27,1.1648
4140.17,1.1703
4141.07,1.1578
4141.97,1.1506
4142.87,1.1451
4143.77,1.1305
4144.67,1.1223
4145.57,1.129
4146.47,1.1351
4147.37,1.1408
4148.27,1.1435
4149.17,1.151
4150.07,1.1507
4150.97,1.1485
4151.87,1.1471
4152.77,1.1422
4153.67,1.1371
4154.57,1.133
4155.47,1.1401
4156.37,1.1305
4157.27,1.134
4158.17,1.1408
4159.07,1.1455
4159.97,1.1587
4160.87,1.1669
4161.77,1.1728
4162.67,1.1762
4163.57,1.1798
4164.47,1.1784
4165.37,1.1777
4166.27,1.1761
4167.17,1.1711
4168.07,1.1696
4168.98,1.1623
4169.88,1.1516
4170.78,1.145
4171.68,1.1293
4172.58,1.1166
4173.48,1.1045
4174.38,1.0941
4175.28,1.0938
4176.18,1.098
4177.08,1.1031
4177.98,1.1116
4178.88,1.1143
4179.78,1.1213
4180.68,1.1278
4181.58,1.131
4182.48,1.1342
4183.38,1.1382
4184.28,1.1413
4185.18,1.1427
4186.08,1.1403
4186.98,1.1372
4187.88,1.1418
4188.78,1.1359
4189.68,1.1433
4190.58,1.1478
4191.48,1.1532
4192.38,1.1573
4193.28,1.1576
4194.18,1.1588
4195.08,1.1588
4195.98,1.147
4196.88,1.1398
4197.78,1.1293
4198.68,1.1132
4199.58,1.1119
4200.48,1.1051
4201.38,1.1058
4202.28,1.1084
4203.18,1.1087
4204.08,1.1164
4204.98,1.1276
4205.88,1.1267
4206.79,1.1461
4207.69,1.1483
4208.59,1.1563
4209.49,1.1598
4210.39,1.1654
4211.29,1.1649
4212.19,1.1618
4213.09,1.1584
4213.99,1.1614
4214.89,1.1482
4215.79,1.1396
4216.69,1.1385
4217.59,1.1399
4218.49,1.1452
4219.39,1.1514
4220.29,1.1606
4221.19,1.1554
4222.09,1.1536
4222.99,1.1435
4223.89,1.1202
4224.79,1.1002
4225.69,1.0781
4226.59,1.0631
4227.49,1.054
4228.39,1.059
4229.29,1.0769
4230.19,1.0935
4231.09,1.1111
4231.99,1.1297
4232.89,1.1346
4233.79,1.1291
4234.69,1.1301
4235.59,1.1178
4236.49,1.1235
4237.39,1.1152
4238.29,1.1157
4239.19,1.1219
4240.09,1.1261
4240.99,1.1312
4241.89,1.1408
4242.79,1.1493
4243.69,1.1503
4244.59,1.1518
4245.5,1.1459
4246.4,1.1453
4247.3,1.1315
4248.2,1.1226
4249.1,1.1192
4250.0,1.107
4250.9,1.11
4251.8,1.114
4252.7,1.118
4253.6,1.1252
4254.5,1.125
4255.4,1.1302
4256.3,1.1314
4257.2,1.1354
4258.1,1.1299
4259.0,1.123
4259.9,1.123
4260.8,1.1196
4261.7,1.1261
4262.6,1.1264
4263.5,1.1353
4264.4,1.151
4265.3,1.1604
4266.2,1.1636
4267.1,1.1566
4268.0,1.1501
4268.9,1.1414
4269.8,1.1237
4270.7,1.1073
4271.6,1.089
4272.5,1.0755
4273.4,1.0716
4274.3,1.0711
4275.2,1.0767
4276.1,1.0828
4277.0,1.1024
4277.9,1.1174
4278.8,1.1193
4279.7,1.1226
4280.6,1.1237
4281.5,1.1218
4282.4,1.1119
4283.31,1.1011
4284.21,1.098
4285.11,1.096
4286.01,1.0914
4286.91,1.0763
4287.81,1.0697
4288.71,1.0603
4289.61,1.046
4290.51,1.0384
4291.41,1.0417
4292.31,1.0401
4293.21,1.0528
4294.11,1.0516
4295.01,1.0596
4295.91,1.056
4296.81,1.0447
4297.71,1.0285
4298.61,1.0111
4299.51,0.99156
4300.41,0.97445
4301.31,0.95815
4302.21,0.95251
4303.11,0.95149
4304.01,0.95121
4304.91,0.94987
4305.81,0.95451
4306.71,0.95025
4307.61,0.95201
4308.51,0.95097
4309.41,0.94639
4310.31,0.95075
4311.21,0.9592
4312.11,0.97083
4313.01,0.98336
4313.91,1.0007
4314.81,1.0193
4315.71,1.047
4316.61,1.0669
4317.51,1.0816
4318.41,1.0998
4319.31,1.1102
4320.21,1.1092
4321.12,1.0959
4322.02,1.0826
4322.92,1.056
4323.82,1.0348
4324.72,1.013
4325.62,0.99647
4326.52,0.98662
4327.42,0.98662
4328.32,0.98719
4329.22,0.9949
4330.12,1.0063
4331.02,1.0071
4331.92,1.0054
4332.82,0.99668
4333.72,0.98374
4334.62,0.96238
4335.52,0.92913
4336.42,0.90076
4337.32,0.85363
4338.22,0.81397
4339.12,0.76692
4340.02,0.72882
4340.92,0.70921
4341.82,0.70471
4342.72,0.72144
4343.62,0.74968
4344.52,0.78882
4345.42,0.82948
4346.32,0.8659
4347.22,0.90219
4348.12,0.92805
4349.02,0.95116
4349.92,0.96098
4350.82,0.96538
4351.72,0.96861
4352.62,0.97743
4353.52,0.98673
4354.42,0.98998
4355.32,1.0113
4356.22,1.025
4357.12,1.0449
4358.02,1.057
4358.92,1.0702
4359.83,1.0796
4360.73,1.0835
4361.63,1.0922
4362.53,1.1077
4363.43,1.1171
4364.33,1.1169
4365.23,1.1264
4366.13,1.1278
4367.03,1.1299
4367.93,1.1247
4368.83,1.1181
4369.73,1.1148
4370.63,1.1145
4371.53,1.1081
4372.43,1.1016
4373.33,1.0969
4374.23,1.096
4375.13,1.0957
4376.03,1.0981
4376.93,1.1004
4377.83,1.1088
4378.73,1.1131
4379.63,1.1202
4380.53,1.1176
4381.43,1.1145
4382.33,1.1014
4383.23,1.08
4384.13,1.0644
4385.03,1.0536
4385.93,1.051
4386.83,1.0575
4387.73,1.0679
4388.63,1.0793
4389.53,1.0929
4390.43,1.0994
4391.33,1.1042
4392.23,1.1114
4393.13,1.1099
4394.03,1.1173
4394.93,1.1193
4395.83,1.1202
4396.73,1.1228
4397.64,1.1234
4398.54,1.126
4399.44,1.1247
4400.34,1.1237
4401.24,1.1186
4402.14,1.1173
4403.04,1.115
4403.94,1.1117
4404.84,1.1162
4405.74,1.1113
4406.64,1.109
4407.54,1.109
4408.44,1.1183
4409.34,1.1261
4410.24,1.1335
4411.14,1.1402
4412.04,1.1493
4412.94,1.1521
4413.84,1.151
4414.74,1.1437
4415.64,1.1411
4416.54,1.1355
4417.44,1.1351
4418.34,1.1351
4419.24,1.1404
4420.14,1.1487
4421.04,1.1534
4421.94,1.1538
4422.84,1.1594
4423.74,1.1579
4424.64,1.1617
4425.54,1.1524
4426.44,1.1527
4427.34,1.1552
4428.24,1.1541
4429.14,1.154
4430.04,1.1487
4430.94,1.1496
4431.84,1.1461
4432.74,1.1408
4433.64,1.1378
4434.54,1.1342
4435.45,1.1301
4436.35,1.134
4437.25,1.1384
4438.15,1.145
4439.05,1.1547
4439.95,1.1604
4440.85,1.1545
4441.75,1.1553
4442.65,1.1423
4443.55,1.1389
4444.45,1.1327
4445.35,1.1332
4446.25,1.1436
4447.15,1.1478
4448.05,1.1572
4448.95,1.1571
4449.85,1.1576
4450.75,1.1591
4451.65,1.1505
4452.55,1.1497
4453.45,1.1403
4454.35,1.1303
4455.25,1.1193
4456.15,1.1164
4457.05,1.1095
4457.95,1.1071
4458.85,1.1062
4459.75,1.1085
4460.65,1.1058
4461.55,1.1119
4462.45,1.1148
4463.35,1.1201
4464.25,1.1251
4465.15,1.1307
4466.05,1.1319
4466.95,1.1327
4467.85,1.1344
4468.75,1.1313
4469.65,1.1289
4470.55,1.1373
4471.45,1.1408
4472.35,1.1545
4473.25,1.1582
4474.16,1.1704
4475.06,1.1843
4475.96,1.1836
4476.86,1.1861
4477.76,1.1849
4478.66,1.1831
4479.56,1.1666
4480.46,1.1608
4481.36,1.1531
4482.26,1.1458
4483.16,1.1434
4484.06,1.1464
4484.96,1.1543
4485.86,1.1628
4486.76,1.1707
4487.66,1.1673
4488.56,1.1692
4489.46,1.1661
4490.36,1.1656
4491.26,1.1612
4492.16,1.1604
4493.06,1.1621
4493.96,1.1621
4494.86,1.1645
4495.76,1.1656
4496.66,1.1664
4497.56,1.1675
4498.46,1.1719
4499.36,1.179
4500.26,1.181
4501.16,1.1846
4502.06,1.1922
4502.96,1.1972
4503.86,1.1993
4504.76,1.206
4505.66,1.2167
4506.56,1.2202
4507.46,1.2158
4508.36,1.2138
4509.26,1.2144
4510.17,1.2159
4511.06,1.2081
4511.97,1.2056
4512.87,1.2034
4513.77,1.2022
4514.67,1.1918
4515.57,1.1894
4516.47,1.1805
4517.37,1.1794
4518.27,1.1793
4519.17,1.1771
4520.07,1.175
4520.97,1.1778
4521.87,1.1732
4522.77,1.1651
4523.67,1.1597
4524.57,1.1536
4525.47,1.1454
4526.37,1.136
4527.27,1.1278
4528.17,1.1201
4529.07,1.1153
4529.97,1.1103
4530.87,1.1099
4531.77,1.1065
4532.67,1.1094
4533.57,1.1101
4534.47,1.1091
4535.37,1.1093
4536.27,1.1232
4537.17,1.1321
4538.07,1.1446
4538.97,1.1557
4539.87,1.1606
4540.77,1.1695
4541.67,1.1715
4542.57,1.1651
4543.47,1.1619
4544.37,1.1642
4545.27,1.1615
4546.17,1.1513
4547.07,1.148
4547.97,1.1377
4548.88,1.1352
4549.77,1.1265
4550.68,1.1242
4551.58,1.1203
4552.48,1.1255
4553.38,1.122
4554.28,1.1233
4555.18,1.1264
4556.08,1.1291
4556.98,1.1358
4557.88,1.1465
4558.78,1.1575
4559.68,1.1683
4560.58,1.1666
4561.48,1.1735
4562.38,1.1716
4563.28,1.1689
4564.18,1.1691
4565.08,1.1652
4565.98,1.1664
4566.88,1.1681
4567.78,1.1706
4568.68,1.1732
4569.58,1.1738
4570.48,1.1747
4571.38,1.1646
4572.28,1.1659
4573.18,1.1685
4574.08,1.171
4574.98,1.1743
4575.88,1.1741
4576.78,1.1734
4577.68,1.1705
4578.58,1.1689
4579.48,1.1645
4580.38,1.1547
4581.28,1.1514
4582.18,1.1456
4583.08,1.1402
4583.98,1.1415
4584.88,1.1431
4585.78,1.1409
4586.69,1.1437
4587.58,1.1531
4588.49,1.1536
4589.39,1.1599
4590.29,1.1686
4591.19,1.1632
4592.09,1.1603
4592.99,1.162
4593.89,1.1582
4594.79,1.1581
4595.69,1.1575
4596.59,1.158
4597.49,1.1642
4598.39,1.1668
4599.29,1.1651
4600.19,1.1659
4601.09,1.1605
4601.99,1.1603
4602.89,1.1609
4603.79,1.1624
4604.69,1.166
4605.59,1.1649
4606.49,1.1704
4607.39,1.1772
4608.29,1.1854
4609.19,1.1874
4610.09,1.1883
4610.99,1.1881
4611.89,1.1905
4612.79,1.1907
4613.69,1.1878
4614.59,1.1829
4615.49,1.1859
4616.39,1.1779
4617.29,1.1751
4618.19,1.1784
4619.09,1.1771
4619.99,1.181
4620.89,1.1806
4621.79,1.1838
4622.69,1.1855
4623.59,1.1882
4624.5,1.1884
4625.4,1.1873
4626.3,1.1868
4627.2,1.1893
4628.1,1.1804
4629.0,1.1833
4629.9,1.1767
4630.8,1.1793
4631.7,1.1806
4632.6,1.1761
4633.5,1.1786
4634.4,1.1775
4635.3,1.1706
4636.2,1.171
4637.1,1.1671
4638.0,1.167
4638.9,1.1637
4639.8,1.1682
4640.7,1.1713
4641.6,1.1721
4642.5,1.1696
4643.4,1.1715
4644.3,1.1752
4645.2,1.1688
4646.1,1.1666
4647.0,1.166
4647.9,1.1545
4648.8,1.1531
4649.7,1.1507
4650.6,1.157
4651.5,1.155
4652.4,1.1612
4653.3,1.1603
4654.2,1.1597
4655.1,1.1611
4656.0,1.1613
4656.9,1.16
4657.8,1.162
4658.7,1.1725
4659.6,1.1729
4660.5,1.1845
4661.4,1.1827
4662.3,1.1841
4663.21,1.1772
4664.11,1.1726
4665.01,1.1626
4665.91,1.1553
4666.81,1.1423
4667.71,1.1372
4668.61,1.1293
4669.51,1.1301
4670.41,1.1268
4671.31,1.138
4672.21,1.1421
4673.11,1.1556
4674.01,1.1581
4674.91,1.1606
4675.81,1.1689
4676.71,1.1689
4677.61,1.1711
4678.51,1.1618
4679.41,1.1608
4680.31,1.1593
4681.21,1.1562
4682.11,1.1563
4683.01,1.1493
4683.91,1.1603
4684.81,1.1636
4685.71,1.1646
4686.61,1.1658
4687.51,1.1686
4688.41,1.1691
4689.31,1.1621
4690.21,1.1655
4691.11,1.1683
4692.01,1.1719
4692.91,1.1658
4693.81,1.1734
4694.71,1.1736
4695.61,1.1786
4696.51,1.177
4697.41,1.1754
4698.31,1.1748
4699.21,1.1674
4700.12,1.158
4701.02,1.1533
4701.92,1.1506
4702.82,1.1442
4703.72,1.1386
4704.62,1.1394
4705.52,1.138
4706.42,1.1368
4707.32,1.1374
4708.22,1.1362
4709.12,1.1379
4710.02,1.1363
4710.92,1.1404
4711.82,1.1477
4712.72,1.1501
4713.62,1.1581
4714.52,1.1601
4715.42,1.1568
4716.32,1.1611
4717.22,1.1682
4718.12,1.1708
4719.02,1.1799
4719.92,1.1731
4720.82,1.1809
4721.72,1.1823
4722.62,1.1839
4723.52,1.1786
4724.42,1.181
4725.32,1.1824
4726.22,1.1733
4727.12,1.1684
4728.02,1.1655
4728.92,1.1616
4729.82,1.1522
4730.72,1.1464
4731.62,1.1442
4732.52,1.1446
4733.42,1.1457
4734.32,1.1486
4735.22,1.1534
4736.12,1.1588
4737.02,1.1549
4737.92,1.1563
4738.83,1.1596
4739.73,1.1601
4740.63,1.1601
4741.53,1.1604
4742.43,1.1611
4743.33,1.1642
4744.23,1.1662
4745.13,1.1672
4746.03,1.1727
4746.93,1.1713
4747.83,1.1705
4748.73,1.1782
4749.63,1.176
4750.53,1.1799
4751.43,1.1794
4752.33,1.1712
4753.23,1.1669
4754.13,1.1635
4755.03,1.1605
4755.93,1.154
4756.83,1.156
4757.73,1.1501
4758.63,1.1534
4759.53,1.1519
4760.43,1.1442
4761.33,1.1446
4762.23,1.1415
4763.13,1.136
4764.03,1.1321
4764.93,1.1253
4765.83,1.128
4766.73,1.1289
4767.63,1.1306
4768.53,1.1343
4769.43,1.1328
4770.33,1.143
4771.23,1.1461
4772.13,1.1483
4773.03,1.149
4773.93,1.155
4774.83,1.1553
4775.73,1.1599
4776.64,1.1633
4777.54,1.1624
4778.44,1.165
4779.34,1.1632
4780.24,1.16
4781.14,1.1599
4782.04,1.1539
4782.94,1.1515
4783.84,1.1515
4784.74,1.1461
4785.64,1.1394
4786.54,1.135
4787.44,1.1321
4788.34,1.1296
4789.24,1.1345
4790.14,1.1375
4791.04,1.1362
4791.94,1.147
4792.84,1.15
4793.74,1.1537
4794.64,1.1618
4795.54,1.162
4796.44,1.1571
4797.34,1.1612
4798.24,1.1581
4799.14,1.1564
4800.04,1.153
4800.94,1.1526
4801.84,1.1501
4802.74,1.1495
4803.64,1.1535
4804.54,1.1502
4805.44,1.1507
4806.34,1.1455
4807.24,1.1429
4808.14,1.1501
4809.04,1.143
4809.94,1.1475
4810.84,1.1428
4811.74,1.1468
4812.64,1.1483
4813.54,1.15
4814.45,1.1542
4815.35,1.1553
4816.25,1.158
4817.15,1.1589
4818.05,1.1588
4818.95,1.1569
4819.85,1.1586
4820.75,1.1564
4821.65,1.1513
4822.55,1.1445
4823.45,1.139
4824.35,1.1358
4825.25,1.137
4826.15,1.1291
4827.05,1.1263
4827.95,1.1264
4828.85,1.1238
4829.75,1.1254
4830.65,1.1254
4831.55,1.1219
4832.45,1.1169
4833.35,1.1145
4834.25,1.1119
4835.15,1.11
4836.05,1.1118
4836.95,1.1126
4837.85,1.1004
4838.75,1.1052
4839.65,1.0996
4840.55,1.0905
4841.45,1.0898
4842.35,1.0919
4843.25,1.0813
4844.15,1.0803
4845.05,1.0781
4845.95,1.0738
4846.85,1.0715
4847.75,1.061
4848.65,1.0595
4849.55,1.0478
4850.45,1.0409
4851.35,1.0343
4852.26,1.0244
4853.16,1.0089
4854.06,0.99471
4854.96,0.9787
4855.86,0.95557
4856.76,0.93196
4857.66,0.90256
4858.56,0.87203
4859.46,0.84021
4860.36,0.81586
4861.26,0.79264
4862.16,0.77549
4863.06,0.77518
4863.96,0.78554
4864.86,0.80956
4865.76,0.83436
4866.66,0.8668
4867.56,0.89843
4868.46,0.91939
4869.36,0.94206
4870.26,0.95624
4871.16,0.96469
4872.06,0.97405
4872.96,0.98403
4873.86,0.99327
4874.76,1.0012
4875.66,1.016
4876.56,1.0296
4877.46,1.0305
4878.36,1.0492
4879.26,1.0514
4880.16,1.061
4881.06,1.0688
4881.96,1.0723
4882.86,1.0737
4883.76,1.0751
4884.66,1.0781
4885.56,1.0719
4886.46,1.0766
4887.36,1.072
4888.26,1.071
4889.17,1.0646
4890.07,1.0687
4890.97,1.0795
4891.87,1.0811
4892.77,1.0846
4893.67,1.1003
4894.57,1.113
4895.47,1.1183
4896.37,1.1359
4897.27,1.1408
4898.17,1.1464
4899.07,1.1437
4899.97,1.1458
4900.87,1.1404
4901.77,1.1338
4902.67,1.1316
4903.57,1.1339
4904.47,1.13
4905.37,1.1267
4906.27,1.131
4907.17,1.131
4908.07,1.1226
4908.97,1.1272
4909.87,1.1199
4910.77,1.1261
4911.67,1.1192
4912.57,1.1166
4913.47,1.1211
4914.37,1.1208
4915.27,1.1255
4916.17,1.1207
4917.07,1.1197
4917.97,1.1129
4918.87,1.0996
4919.77,1.0897
4920.67,1.0811
4921.57,1.0763
4922.47,1.0725
4923.37,1.0729
4924.27,1.0815
4925.17,1.088
4926.07,1.0979
4926.98,1.1102
4927.88,1.1144
4928.78,1.1261
4929.68,1.1309
4930.58,1.1313
4931.48,1.1303
4932.38,1.1279
4933.28,1.1185
4934.18,1.1169
4935.08,1.1088
4935.98,1.1026
4936.88,1.1035
4937.78,1.0938
4938.68,1.0959
4939.58,1.099
4940.48,1.0987
4941.38,1.1127
4942.28,1.1175
4943.18,1.1235
4944.08,1.1275
4944.98,1.1329
4945.88,1.1358
4946.78,1.1415
4947.68,1.145
4948.58,1.1471
4949.48,1.1485
4950.38,1.142
4951.28,1.1434
4952.18,1.142
4953.08,1.1434
4953.98,1.1373
4954.88,1.128
4955.78,1.1198
4956.68,1.1138
4957.58,1.1054
4958.48,1.0999
4959.38,1.0965
4960.28,1.1039
4961.18,1.1104
4962.08,1.1158
4962.98,1.1161
4963.88,1.121
4964.79,1.1219
4965.69,1.1198
4966.59,1.1181
4967.49,1.1118
4968.39,1.1155
4969.29,1.1106
4970.19,1.1135
4971.09,1.1088
4971.99,1.1188
4972.89,1.1198
4973.79,1.1283
4974.69,1.1261
4975.59,1.1284
4976.49,1.1275
4977.39,1.1251
4978.29,1.1216
4979.19,1.1099
4980.09,1.104
4980.99,1.0881
4981.89,1.0847
4982.79,1.0732
4983.69,1.0646
4984.59,1.0637
4985.49,1.0688
4986.39,1.0705
4987.29,1.0767
4988.19,1.0888
4989.09,1.0876
4989.99,1.0944
4990.89,1.0993
4991.79,1.0942
4992.69,1.1042
4993.59,1.1018
4994.49,1.0987
4995.39,1.1017
4996.29,1.1004
4997.19,1.1001
4998.09,1.0989
4998.99,1.0929
4999.89,1.0915
5000.79,1.0861
5001.7,1.0818
5002.6,1.0773
5003.5,1.0741
5004.4,1.0721
5005.3,1.0736
5006.2,1.0696
5007.1,1.0742
5008.0,1.0712
5008.9,1.0728
5009.8,1.0692
5010.7,1.0688
5011.6,1.0646
5012.5,1.0655
5013.4,1.0575
5014.3,1.0529
5015.2,1.0519
5016.1,1.0484
5017.0,1.0518
5017.9,1.0476
5018.8,1.0516
5019.7,1.0508
5020.6,1.0612
5021.5,1.056
5022.4,1.0634
5023.3,1.069
5024.2,1.0699
5025.1,1.0748
5026.0,1.0786
5026.9,1.0841
5027.8,1.0875
5028.7,1.0884
5029.6,1.0936
5030.5,1.0942
5031.4,1.1032
5032.3,1.0981
5033.2,1.1031
5034.1,1.1029
5035.0,1.0955
5035.9,1.0875
5036.8,1.0787
5037.7,1.0695
5038.6,1.0617
5039.5,1.0543
5040.41,1.045
5041.31,1.0445
5042.21,1.0438
5043.11,1.0447
5044.01,1.0594
5044.91,1.0657
5045.81,1.0783
5046.71,1.0837
5047.61,1.0933
5048.51,1.0916
5049.41,1.0906
5050.31,1.0869
5051.21,1.0836
5052.11,1.0831
5053.01,1.0825
5053.91,1.0904
5054.81,1.0979
5055.71,1.0987
5056.61,1.1082
5057.51,1.1105
5058.41,1.1159
5059.31,1.1186
5060.21,1.1181
5061.11,1.1096
5062.01,1.1151
5062.91,1.1055
5063.81,1.1045
5064.71,1.0979
5065.61,1.0941
5066.51,1.0907
5067.41,1.085
5068.31,1.0816
5069.21,1.0789
5070.11,1.0783
5071.01,1.0835
5071.91,1.0854
5072.81,1.0823
5073.71,1.0816
5074.61,1.0824
5075.51,1.0782
5076.42,1.0758
5077.31,1.0723
5078.21,1.0718
5079.12,1.0646
5080.02,1.0579
5080.92,1.0489
5081.82,1.0524
5082.72,1.0498
5083.62,1.0517
5084.52,1.0624
5085.42,1.0647
5086.32,1.0717
5087.22,1.0778
5088.12,1.0813
5089.02,1.0889
5089.92,1.0906
5090.82,1.0947
5091.72,1.0942
5092.62,1.101
5093.52,1.0922
5094.42,1.091
5095.32,1.0901
5096.22,1.0841
5097.12,1.0773
5098.02,1.0715
5098.92,1.0693
5099.82,1.0675
5100.72,1.0652
5101.62,1.0685
5102.52,1.0675
5103.42,1.0697
5104.32,1.0698
5105.22,1.0718
5106.12,1.073
5107.02,1.0665
5107.92,1.0648
5108.82,1.0605
5109.72,1.0617
5110.62,1.0613
5111.52,1.0639
5112.42,1.0678
5113.32,1.0728
5114.22,1.0775
5115.12,1.0863
5116.03,1.0853
5116.93,1.0915
5117.83,1.0921
5118.73,1.0905
5119.63,1.0947
5120.53,1.0887
5121.43,1.0792
5122.33,1.0757
5123.23,1.0657
5124.13,1.0595
5125.03,1.0511
5125.93,1.0474
5126.83,1.0474
5127.73,1.0429
5128.63,1.0448
5129.53,1.0433
5130.43,1.0494
5131.33,1.0501
5132.23,1.0538
5133.13,1.0584
5134.03,1.059
5134.93,1.0605
5135.83,1.062
5136.73,1.0614
5137.63,1.0592
5138.53,1.061
5139.43,1.049
5140.33,1.0449
5141.23,1.0422
5142.13,1.0393
5143.03,1.0356
5143.93,1.0418
5144.83,1.0395
5145.73,1.0422
5146.63,1.0398
5147.53,1.0403
5148.43,1.0447
5149.33,1.0429
5150.23,1.0426
5151.13,1.0472
5152.03,1.041
5152.94,1.0416
5153.84,1.044
5154.74,1.0473
5155.64,1.0516
5156.54,1.0569
5157.44,1.0658
5158.34,1.0667
5159.24,1.0759
5160.14,1.0736
5161.04,1.0753
5161.94,1.0654
5162.84,1.0589
5163.74,1.0508
5164.64,1.0346
5165.54,1.0154
5166.44,0.9948
5167.34,0.97855
5168.24,0.96109
5169.14,0.95119
5170.04,0.93979
5170.94,0.93483
5171.84,0.93698
5172.74,0.94006
5173.64,0.95191
5174.54,0.96489
5175.44,0.97338
5176.34,0.99696
5177.24,1.0106
5178.14,1.0224
5179.04,1.0277
5179.94,1.0324
5180.84,1.0227
5181.74,1.0151
5182.64,1.0033
5183.54,0.9937
5184.44,0.98497
5185.34,0.9784
5186.24,0.98091
5187.14,0.98665
5188.04,0.99761
5188.94,1.0097
5189.84,1.0151
5190.75,1.017
5191.65,1.0254
5192.55,1.0216
5193.45,1.016
5194.35,1.0173
5195.25,1.0212
5196.15,1.0206
5197.05,1.0262
5197.95,1.0257
5198.85,1.0346
5199.75,1.0364
5200.65,1.0365
5201.55,1.0445
5202.45,1.0423
5203.35,1.0352
5204.25,1.0269
5205.15,1.0219
5206.05,1.0145
5206.95,1.0111
5207.85,1.0089
5208.75,1.0115
5209.65,1.012
5210.55,1.0134
5211.45,1.0195
5212.35,1.0313
5213.25,1.0417
5214.15,1.0465
5215.05,1.0475
5215.95,1.0521
5216.85,1.0522
5217.75,1.0505
5218.65,1.0556
5219.55,1.0589
5220.45,1.0617
5221.35,1.0598
5222.25,1.0598
5223.15,1.0571
5224.05,1.0486
5224.95,1.0419
5225.85,1.031
5226.75,1.0214
5227.66,1.0233
5228.56,1.0162
5229.46,1.0164
5230.36,1.0247
5231.26,1.0284
5232.16,1.0348
5233.06,1.0387
5233.96,1.0421
5234.86,1.0455
5235.76,1.051
5236.66,1.0531
5237.56,1.0564
5238.46,1.0628
5239.36,1.0623
5240.26,1.0676
5241.16,1.0716
5242.06,1.0728
5242.96,1.0714
5243.86,1.0768
5244.76,1.0746
5245.66,1.0737
5246.56,1.0707
5247.46,1.062
5248.36,1.0552
5249.26,1.0529
5250.16,1.0461
5251.06,1.044
5251.96,1.0427
5252.86,1.0454
5253.76,1.0456
5254.66,1.0477
5255.56,1.0495
5256.46,1.06
5257.36,1.0584
5258.26,1.0608
5259.16,1.0587
5260.06,1.0601
5260.96,1.0498
5261.86,1.0385
5262.76,1.0339
5263.66,1.019
5264.56,1.0064
5265.47,0.99862
5266.37,0.98328
5267.27,0.98033
5268.17,0.97845
5269.07,0.97665
5269.97,0.97291
5270.87,0.98386
5271.77,0.98899
5272.67,0.99271
5273.57,1.0003
5274.47,1.0102
5275.37,1.0145
5276.27,1.0272
5277.17,1.0323
5278.07,1.0387
5278.97,1.047
5279.87,1.0486
5280.77,1.0489
5281.67,1.0488
5282.57,1.0534
5283.47,1.0515
5284.37,1.0545
5285.27,1.0554
5286.17,1.0592
5287.07,1.0678
5287.97,1.0709
5288.87,1.0808
5289.77,1.0817
5290.67,1.0836
5291.57,1.0885
5292.47,1.0892
5293.37,1.0842
5294.27,1.0792
5295.17,1.071
5296.07,1.0608
5296.97,1.056
5297.87,1.0484
5298.77,1.0459
5299.67,1.0467
5300.57,1.0432
5301.48,1.0456
5302.38,1.0488
5303.27,1.0547
5304.18,1.0604
5305.08,1.0655
5305.98,1.0676
5306.88,1.0696
5307.78,1.0744
5308.68,1.0793
5309.58,1.084
5310.48,1.0843
5311.38,1.079
5312.28,1.083
5313.18,1.0816
5314.08,1.0723
5314.98,1.0716
5315.88,1.0698
5316.78,1.0649
5317.68,1.0633
5318.58,1.0587
5319.48,1.0573
5320.38,1.0551
5321.28,1.0555
5322.18,1.0535
5323.08,1.0484
5323.98,1.0411
5324.88,1.038
5325.78,1.0311
5326.68,1.0178
5327.58,1.0115
5328.48,1.0048
5329.38,1.0055
5330.28,1.0034
5331.18,1.0089
5332.08,1.0175
5332.98,1.0238
5333.88,1.033
5334.78,1.0402
5335.68,1.0442
5336.58,1.0478
5337.48,1.0496
5338.38,1.0461
5339.28,1.0482
5340.19,1.0462
5341.08,1.0398
5341.99,1.0406
5342.89,1.0386
5343.79,1.0367
5344.69,1.0456
5345.59,1.046
5346.49,1.0452
5347.39,1.0489
5348.29,1.0487
5349.19,1.0545
5350.09,1.0539
5350.99,1.055
5351.89,1.059
5352.79,1.0651
5353.69,1.0671
5354.59,1.0756
5355.49,1.0791
5356.39,1.0794
5357.29,1.08
5358.19,1.0832
5359.09,1.0829
5359.99,1.0815
5360.89,1.0835
5361.79,1.0715
5362.69,1.0703
5363.59,1.0656
5364.49,1.0579
5365.39,1.0543
5366.29,1.049
5367.19,1.038
5368.09,1.0401
5368.99,1.032
5369.89,1.0288
5370.79,1.0304
5371.69,1.0346
5372.59,1.0297
5373.49,1.0349
5374.39,1.0407
5375.29,1.045
5376.19,1.0518
5377.09,1.058
5378.0,1.0611
5378.9,1.0612
5379.8,1.0634
5380.7,1.0606
5381.6,1.057
5382.5,1.0565
5383.4,1.0521
5384.3,1.0555
5385.2,1.0528
5386.1,1.0544
5387.0,1.0537
5387.9,1.0575
5388.8,1.0526
5389.7,1.0522
5390.6,1.0446
5391.5,1.0415
5392.4,1.0358
5393.3,1.0323
5394.2,1.0304
5395.1,1.0283
5396.0,1.0295
5396.9,1.0221
5397.8,1.0248
5398.7,1.0205
5399.6,1.0206
5400.5,1.0217
5401.4,1.0236
5402.3,1.021
5403.2,1.0187
5404.1,1.0148
5405.0,1.0107
5405.9,1.0102
5406.8,1.0059
5407.7,1.006
5408.6,1.0023
5409.5,1.008
5410.4,1.0145
5411.3,1.0153
5412.2,1.0191
5413.1,1.03
5414.0,1.0316
5414.9,1.0378
5415.81,1.0394
5416.71,1.0488
5417.61,1.0458
5418.51,1.0488
5419.41,1.0465
5420.31,1.044
5421.21,1.0464
5422.11,1.0427
5423.01,1.0439
5423.91,1.0407
5424.81,1.042
5425.71,1.0399
5426.61,1.0336
5427.51,1.0323
5428.41,1.0347
5429.31,1.028
5430.21,1.0215
5431.11,1.0235
5432.01,1.0213
5432.91,1.0198
5433.81,1.0149
5434.71,1.0152
5435.61,1.0196
5436.51,1.0257
5437.41,1.0289
5438.31,1.0321
5439.21,1.0373
5440.11,1.0455
5441.01,1.0512
5441.91,1.0557
5442.81,1.0481
5443.71,1.0492
5444.61,1.0454
5445.51,1.0406
5446.41,1.0344
5447.31,1.0298
5448.21,1.0275
5449.11,1.0228
5450.01,1.0272
5450.91,1.0314
5451.81,1.0292
5452.72,1.0303
5453.62,1.0312
5454.52,1.0295
5455.42,1.0249
5456.32,1.0278
5457.22,1.0232
5458.12,1.027
5459.02,1.0285
5459.92,1.0271
5460.82,1.0303
5461.72,1.0298
5462.62,1.0264
5463.52,1.029
5464.42,1.0288
5465.32,1.027
5466.22,1.0306
5467.12,1.0338
5468.02,1.0337
5468.92,1.0263
5469.82,1.0322
5470.72,1.0327
5471.62,1.0326
5472.52,1.027
5473.42,1.0227
5474.32,1.019
5475.22,1.0154
5476.12,1.0116
5477.02,1.0052
5477.92,1.0047
5478.82,1.0047
5479.72,1.0058
5480.62,1.0041
5481.52,1.0095
5482.42,1.0105
5483.32,1.0158
5484.22,1.0192
5485.12,1.0208
5486.02,1.022
5486.92,1.0275
5487.82,1.0255
5488.72,1.0281
5489.62,1.0296
5490.53,1.0281
5491.43,1.0303
5492.33,1.0284
5493.23,1.0304
5494.13,1.0309
5495.03,1.0258
5495.93,1.024
5496.83,1.0264
5497.73,1.0258
5498.63,1.0225
5499.53,1.024
5500.43,1.0249
5501.33,1.0233
5502.23,1.0218
5503.13,1.0226
5504.03,1.0238
5504.93,1.0237
5505.83,1.0177
5506.73,1.0162
5507.63,1.0135
5508.53,1.0169
5509.43,1.0146
5510.33,1.0137
5511.23,1.0132
5512.13,1.0094
5513.03,1.0154
5513.93,1.0167
5514.83,1.0132
5515.73,1.0149
5516.63,1.0152
5517.53,1.0219
5518.43,1.0294
5519.33,1.0313
5520.23,1.0392
5521.13,1.0377
5522.03,1.0374
5522.93,1.0375
5523.83,1.0375
5524.73,1.0294
5525.63,1.0241
5526.54,1.019
5527.44,1.0173
5528.33,1.0116
5529.24,1.0105
5530.14,1.014
5531.04,1.0124
5531.94,1.0139
5532.84,1.0143
5533.74,1.016
5534.64,1.0169
5535.54,1.0237
5536.44,1.0222
5537.34,1.0244
5538.24,1.0296
5539.14,1.0309
5540.04,1.0362
5540.94,1.0372
5541.84,1.0347
5542.74,1.0324
5543.64,1.0334
5544.54,1.0323
5545.44,1.0351
5546.34,1.0324
5547.24,1.0342
5548.14,1.0334
5549.04,1.035
5549.94,1.0348
5550.84,1.0365
5551.74,1.0374
5552.64,1.031
5553.54,1.0341
5554.44,1.0306
5555.34,1.0298
5556.24,1.0305
5557.14,1.028
5558.04,1.0295
5558.94,1.0257
5559.84,1.0295
5560.74,1.0244
5561.64,1.0252
5562.54,1.02
5563.44,1.0201
5564.34,1.0164
5565.25,1.0172
5566.15,1.0117
5567.05,1.0138
5567.95,1.0104
5568.85,1.0104
5569.75,1.0079
5570.65,1.0067
5571.55,1.0045
5572.45,1.0049
5573.35,1.0009
5574.25,1.0077
5575.15,1.0038
5576.05,1.0099
5576.95,1.0132
5577.85,1.0166
5578.75,1.0149
5579.65,1.0159
5580.55,1.0173
5581.45,1.0185
5582.35,1.018
5583.25,1.0085
5584.15,1.0062
5585.05,1.0028
5585.95,1.0004
5586.85,0.99557
5587.75,0.98833
5588.65,0.98354
5589.55,0.98076
5590.45,0.97899
5591.35,0.9813
5592.25,0.9816
5593.15,0.98581
5594.05,0.98176
5594.95,0.98614
5595.85,0.99212
5596.75,0.98859
5597.65,0.99131
5598.55,0.99401
5599.45,0.98711
5600.35,0.98816
5601.25,0.99041
5602.15,0.99089
5603.06,0.98923
5603.96,0.99329
5604.86,0.99474
5605.76,1.0026
5606.66,1.0104
5607.56,1.0117
5608.46,1.0178
5609.36,1.0204
5610.26,1.025
5611.16,1.0222
5612.06,1.0193
5612.96,1.0183
5613.86,1.0088
5614.76,1.0084
5615.66,1.0031
5616.56,1.0021
5617.46,0.99742
5618.36,1.0004
5619.26,0.99755
5620.16,0.99839
5621.06,0.99772
5621.96,1.0032
5622.86,0.99842
5623.76,1.0007
5624.66,0.99855
5625.56,1.0003
5626.46,1.0018
5627.36,1.0003
5628.26,1.0051
5629.16,1.0074
5630.06,1.0125
5630.96,1.0101
5631.86,1.0179
5632.76,1.0154
5633.66,1.0106
5634.56,1.013
5635.46,1.0094
5636.36,1.0076
5637.26,1.0054
5638.16,1.0061
5639.06,1.0003
5639.96,0.99551
5640.86,0.99677
5641.77,0.99475
5642.67,1.0042
5643.57,0.99859
5644.47,0.99877
5645.37,1.0027
5646.27,1.0004
5647.17,1.0015
5648.07,1.0049
5648.97,1.0098
5649.87,1.0086
5650.77,1.0089
5651.67,1.0097
5652.57,1.0066
5653.47,1.0099
5654.37,1.0038
5655.27,0.99829
5656.17,0.9948
5657.07,0.98622
5657.97,0.98604
5658.87,0.98121
5659.77,0.97408
5660.67,0.97927
5661.57,0.97928
5662.47,0.97815
5663.37,0.97969
5664.27,0.98474
5665.17,0.98586
5666.07,0.98621
5666.97,0.98742
5667.87,0.99471
5668.77,0.99127
5669.67,0.99114
5670.57,0.9982
5671.47,0.998
5672.37,1.0027
5673.27,1.0064
5674.17,1.0055
5675.07,1.0037
5675.97,1.007
5676.88,1.0083
5677.77,1.0098
5678.68,1.0056
5679.58,1.007
5680.48,1.0059
5681.38,1.0065
5682.28,0.99696
5683.18,0.99802
5684.08,0.99556
5684.98,0.99311
5685.88,0.99235
5686.78,0.98877
5687.68,0.99083
5688.58,0.98672
5689.48,0.99101
5690.38,0.99294
5691.28,0.99646
5692.18,0.99865
5693.08,1.0019
5693.98,1.0008
5694.88,1.005
5695.78,1.0028
5696.68,1.0023
5697.58,1.0044
5698.48,0.99497
5699.38,0.99595
5700.28,0.99582
5701.18,0.99054
5702.08,0.99064
5702.98,0.9843
5703.88,0.98237
5704.78,0.9794
5705.68,0.97683
5706.58,0.97677
5707.48,0.97114
5708.38,0.96683
5709.28,0.96751
5710.18,0.96587
5711.08,0.9622
5711.98,0.96833
5712.88,0.96952
5713.78,0.97372
5714.68,0.97937
5715.59,0.98305
5716.49,0.99214
5717.39,0.99142
5718.29,0.99876
5719.19,1.0031
5720.09,0.99923
5720.99,1.0052
5721.89,1.0031
5722.79,1.0091
5723.69,1.011
5724.59,1.0084
5725.49,1.0096
5726.39,1.0082
5727.29,1.0051
5728.19,1.0057
5729.09,1.0035
5729.99,0.9976
5730.89,1.0009
5731.79,1.0035
5732.69,1.0031
5733.59,1.0006
5734.49,1.0031
5735.39,1.0032
5736.29,1.0072
5737.19,1.0023
5738.09,1.0033
5738.99,1.0036
5739.89,1.0025
5740.79,1.0014
5741.69,0.99797
5742.59,1.0012
5743.49,1.006
5744.39,0.99996
5745.29,0.9986
5746.19,1.0
5747.09,1.0005
5747.99,1.0007
5748.89,0.99825
5749.79,1.0023
5750.69,0.99624
5751.59,0.99234
5752.5,0.99271
5753.4,0.99077
5754.3,0.99002
5755.2,0.98783
5756.1,0.98695
5757.0,0.98421
5757.9,0.99433
5758.8,0.98359
5759.7,0.98837
5760.6,0.98997
5761.5,0.98976
5762.4,0.99161
5763.3,0.9907
5764.2,0.99065
5765.1,0.99166
5766.0,0.99297
5766.9,0.99431
5767.8,0.99443
5768.7,0.99788
5769.6,1.0017
5770.5,1.0014
5771.4,1.0004
5772.3,0.99614
5773.2,0.9997
5774.1,0.99606
5775.0,0.99404
5775.9,0.99517
5776.8,0.98656
5777.7,0.99093
5778.6,0.98458
5779.5,0.98486
5780.4,0.9825
5781.3,0.97609
5782.2,0.97256
5783.1,0.97337
5784.0,0.97344
5784.9,0.96983
5785.8,0.96959
5786.7,0.97196
5787.6,0.97292
5788.5,0.97419
5789.41,0.97652
5790.31,0.97916
5791.21,0.98539
5792.11,0.98023
5793.01,0.98821
5793.91,0.98504
5794.81,0.9896
5795.71,0.9905
5796.61,0.9949
5797.51,0.98524
5798.41,0.99215
5799.31,0.99607
5800.21,0.99723
5801.11,0.99383
5802.01,0.99405
5802.91,0.99339
5803.81,0.99564
5804.71,0.997
5805.61,0.99174
5806.51,0.99692
5807.41,0.99179
5808.31,0.99266
5809.21,0.99607
5810.11,0.99809
5811.01,0.99583
5811.91,0.99112
5812.81,0.99615
5813.71,0.99705
5814.61,0.9947
5815.51,0.99741
5816.41,0.99517
5817.31,0.99519
5818.21,0.99559
5819.11,0.99596
5820.01,0.99944
5820.91,0.99645
5821.81,1.001
5822.71,1.0006
5823.61,0.99965
5824.51,1.0012
5825.41,1.0015
5826.31,1.001
5827.22,1.0048
5828.12,1.0056
5829.02,1.0024
5829.92,1.0065
5830.82,1.0079
5831.72,1.0005
5832.62,1.0041
5833.52,1.0038
5834.42,0.99957
5835.32,1.0025
5836.22,1.0006
5837.12,1.0008
5838.02,0.9983
5838.92,0.99954
5839.82,1.0045
5840.72,0.99964
5841.62,0.99598
5842.52,0.99674
5843.42,0.9963
5844.32,0.99609
5845.22,0.99601
5846.12,0.99721
5847.02,0.99379
5847.92,0.9879
5848.82,0.99077
5849.72,0.98591
5850.62,0.98408
5851.52,0.98161
5852.42,0.9756
5853.32,0.97827
5854.22,0.96797
5855.12,0.9718
5856.02,0.96751
5856.92,0.9659
5857.82,0.96278
5858.72,0.96522
5859.62,0.96255
5860.52,0.96417
5861.42,0.96544
5862.32,0.96798
5863.23,0.96932
5864.12,0.96887
5865.03,0.97014
5865.93,0.97853
5866.83,0.97416
5867.73,0.97603
5868.63,0.97876
5869.53,0.9808
5870.43,0.98309
5871.33,0.98125
5872.23,0.98132
5873.13,0.98271
5874.03,0.98437
5874.93,0.9839
5875.83,0.98462
5876.73,0.98368
5877.63,0.97787
5878.53,0.98071
5879.43,0.97564
5880.33,0.9772
5881.23,0.97303
5882.13,0.97464
5883.03,0.96783
5883.93,0.96386
5884.83,0.95954
5885.73,0.95949
5886.63,0.95068
5887.53,0.94105
5888.43,0.93077
5889.33,0.92074
5890.23,0.91183
5891.13,0.90926
5892.03,0.89834
5892.93,0.89491
5893.83,0.89176
5894.73,0.89586
5895.63,0.89625
5896.53,0.90254
5897.43,0.90485
5898.33,0.91065
5899.23,0.91615
5900.13,0.92511
5901.04,0.93014
5901.94,0.9354
5902.83,0.9459
5903.74,0.95221
5904.64,0.95412
5905.54,0.95962
5906.44,0.95703
5907.34,0.96484
5908.24,0.96603
5909.14,0.95975
5910.04,0.96354
5910.94,0.96228
5911.84,0.96401
5912.74,0.96189
5913.64,0.96094
5914.54,0.96148
5915.44,0.95704
5916.34,0.95858
5917.24,0.95366
5918.14,0.9544
5919.04,0.95513
5919.94,0.95611
5920.84,0.95877
5921.74,0.96053
5922.64,0.96031
5923.54,0.96284
5924.44,0.96392
5925.34,0.96048
5926.24,0.96553
5927.14,0.96186
5928.04,0.96019
5928.94,0.95982
5929.84,0.9613
5930.74,0.96236
5931.64,0.96139
5932.54,0.95843
5933.44,0.96031
5934.34,0.9553
5935.24,0.95878
5936.14,0.95888
5937.04,0.96293
5937.94,0.95713
5938.85,0.96176
5939.75,0.96093
5940.65,0.96205
5941.55,0.95906
5942.45,0.95877
5943.35,0.96112
5944.25,0.95788
5945.15,0.9625
5946.05,0.95909
5946.95,0.95797
5947.85,0.95807
5948.75,0.95922
5949.65,0.9558
5950.55,0.95428
5951.45,0.95568
5952.35,0.95514
5953.25,0.95786
5954.15,0.95337
5955.05,0.95317
5955.95,0.95423
5956.85,0.95544
5957.75,0.95674
5958.65,0.95684
5959.55,0.96076
5960.45,0.95946
5961.35,0.96045
5962.25,0.9654
5963.15,0.9671
5964.05,0.96569
5964.95,0.96702
5965.85,0.96367
5966.75,0.96756
5967.65,0.96509
5968.55,0.96965
5969.45,0.96638
5970.35,0.96781
5971.25,0.96935
5972.15,0.96182
5973.05,0.9656
5973.95,0.9635
5974.85,0.96194
5975.75,0.95922
5976.65,0.95729
5977.56,0.95898
5978.46,0.95426
5979.36,0.95599
5980.26,0.95705
5981.16,0.95533
5982.06,0.95455
5982.96,0.95456
5983.86,0.95355
5984.76,0.95362
5985.66,0.95318
5986.56,0.95415
5987.46,0.95217
5988.36,0.95351
5989.26,0.9517
5990.16,0.9527
5991.06,0.95471
5991.96,0.9549
5992.86,0.95493
5993.76,0.95981
5994.66,0.95781
5995.56,0.95725
5996.46,0.95958
5997.36,0.95918
5998.26,0.95949
5999.16,0.9575
6000.06,0.95546
6000.96,0.9565
6001.86,0.95576
6002.76,0.95388
6003.66,0.95158
6004.56,0.95358
6005.46,0.94856
6006.36,0.94698
6007.26,0.94833
6008.16,0.94771
6009.06,0.94156
6009.96,0.94861
6010.86,0.94249
6011.76,0.94555
6012.67,0.94264
6013.56,0.94173
6014.47,0.94225
6015.37,0.94747
6016.27,0.94781
6017.17,0.94266
6018.07,0.94351
6018.97,0.94408
6019.87,0.94121
6020.77,0.94309
6021.67,0.94082
6022.57,0.94084
6023.47,0.94039
6024.37,0.9431
6025.27,0.94209
6026.17,0.94485
6027.07,0.94618
6027.97,0.94781
6028.87,0.95318
6029.77,0.95325
6030.67,0.95284
6031.57,0.95593
6032.47,0.95655
6033.37,0.95662
6034.27,0.95548
6035.17,0.95805
6036.07,0.96131
6036.97,0.96211
6037.87,0.96411
6038.77,0.95824
6039.67,0.95741
6040.57,0.96288
6041.47,0.95891
6042.37,0.95499
6043.27,0.95823
6044.17,0.95995
6045.07,0.95927
6045.97,0.96126
6046.87,0.95799
6047.77,0.96334
6048.67,0.96224
6049.57,0.96016
6050.47,0.96207
6051.38,0.96096
6052.28,0.959
6053.18,0.95934
6054.08,0.95935
6054.98,0.95923
6055.88,0.95263
6056.78,0.95684
6057.68,0.95461
6058.58,0.95417
6059.48,0.95252
6060.38,0.94892
6061.28,0.95183
6062.18,0.95482
6063.08,0.95192
6063.98,0.94727
6064.88,0.94595
6065.78,0.94791
6066.68,0.9473
6067.58,0.9471
6068.48,0.94554
6069.38,0.95063
6070.28,0.94961
6071.18,0.95724
6072.08,0.9616
6072.98,0.95757
6073.88,0.96095
6074.78,0.96128
6075.68,0.9592
6076.58,0.95712
6077.48,0.95522
6078.38,0.95304
6079.28,0.94965
6080.18,0.94913
6081.08,0.94591
6081.98,0.9432
6082.88,0.94498
6083.78,0.93891
6084.68,0.94049
6085.58,0.94258
6086.48,0.94154
6087.38,0.93913
6088.28,0.94207
6089.19,0.94117
6090.09,0.94076
6090.99,0.93875
6091.89,0.94501
6092.79,0.94096
6093.69,0.94328
6094.59,0.94503
6095.49,0.94333
6096.39,0.94642
6097.29,0.94487
6098.19,0.94947
6099.09,0.94599
6099.99,0.93991
6100.89,0.94022
6101.79,0.93761
6102.69,0.93726
6103.59,0.93372
6104.49,0.93176
6105.39,0.93217
6106.29,0.93273
6107.19,0.93156
6108.09,0.93564
6108.99,0.9378
6109.89,0.9443
6110.79,0.93933
6111.69,0.94133
6112.59,0.94533
6113.49,0.94628
6114.39,0.94335
6115.29,0.94597
6116.19,0.95003
6117.09,0.94465
6117.99,0.94139
6118.89,0.93658
6119.79,0.93796
6120.69,0.93662
6121.59,0.9348
6122.49,0.93411
6123.39,0.93214
6124.29,0.93116
6125.19,0.93169
6126.1,0.93062
6127.0,0.93228
6127.9,0.93404
6128.8,0.93686
6129.7,0.93429
6130.6,0.93717
6131.5,0.93259
6132.4,0.9281
6133.3,0.93016
6134.2,0.92661
6135.1,0.92412
6136.0,0.92083
6136.9,0.91693
6137.8,0.91159
6138.7,0.91133
6139.6,0.91632
6140.5,0.90894
6141.4,0.91008
6142.3,0.91956
6143.2,0.91829
6144.1,0.92117
6145.0,0.92271
6145.9,0.9268
6146.8,0.92939
6147.7,0.92857
6148.6,0.93206
6149.5,0.93182
6150.4,0.92996
6151.3,0.93481
6152.2,0.93247
6153.1,0.93036
6154.0,0.92812
6154.9,0.93008
6155.8,0.93079
6156.7,0.92388
6157.6,0.92461
6158.5,0.91978
6159.4,0.91424
6160.3,0.90922
6161.2,0.90748
6162.1,0.90261
6163.01,0.89938
6163.91,0.89368
6164.81,0.89037
6165.71,0.89191
6166.61,0.89193
6167.51,0.89382
6168.41,0.88996
6169.31,0.89662
6170.21,0.89602
6171.11,0.89874
6172.01,0.89971
6172.91,0.90184
6173.81,0.90047
6174.71,0.90403
6175.61,0.91007
6176.51,0.91138
6177.41,0.91403
6178.31,0.91911
6179.21,0.91523
6180.11,0.9202
6181.01,0.91659
6181.91,0.9223
6182.81,0.9209
6183.71,0.92059
6184.61,0.92248
6185.51,0.92162
6186.41,0.917
6187.31,0.91458
6188.21,0.91239
6189.11,0.90896
6190.01,0.90634
6190.91,0.90201
6191.81,0.90435
6192.71,0.90123
6193.61,0.90388
6194.51,0.9032
6195.41,0.9079
6196.31,0.90923
6197.21,0.91156
6198.11,0.91195
6199.01,0.91306
6199.92,0.91402
6200.82,0.91657
6201.72,0.9153
6202.62,0.91559
6203.52,0.91811
6204.42,0.91654
6205.32,0.91697
6206.22,0.92562
6207.12,0.9244
6208.02,0.92169
6208.92,0.91936
6209.82,0.91958
6210.72,0.91482
6211.62,0.91402
6212.52,0.91305
6213.42,0.90724
6214.32,0.90209
6215.22,0.90537
6216.12,0.90108
6217.02,0.89572
6217.92,0.89855
6218.82,0.89408
6219.72,0.89784
6220.62,0.89929
6221.52,0.89753
6222.42,0.89571
6223.32,0.90022
6224.22,0.9005
6225.12,0.8994
6226.02,0.89837
6226.92,0.89826
6227.82,0.89744
6228.72,0.89558
6229.62,0.89445
6230.52,0.89041
6231.42,0.89153
6232.32,0.89182
6233.22,0.89121
6234.12,0.89297
6235.02,0.89459
6235.92,0.89545
6236.83,0.89384
6237.73,0.89259
6238.63,0.89848
6239.53,0.89441
6240.43,0.89345
6241.33,0.89422
6242.23,0.8921
6243.13,0.88847
6244.03,0.88919
6244.93,0.88852
6245.83,0.88784
6246.73,0.88418
6247.63,0.88665
6248.53,0.88643
6249.43,0.88668
6250.33,0.88771
6251.23,0.88649
6252.13,0.88444
6253.03,0.88627
6253.93,0.88169
6254.83,0.88194
6255.73,0.87789
6256.63,0.8792
6257.53,0.87368
6258.43,0.87699
6259.33,0.87539
6260.23,0.87977
6261.13,0.882
6262.03,0.88118
6262.93,0.8876
6263.83,0.88661
6264.73,0.88792
6265.63,0.89288
6266.53,0.89606
6267.43,0.89868
6268.33,0.89458
6269.23,0.90034
6270.13,0.90356
6271.03,0.89916
6271.93,0.90255
6272.83,0.90581
6273.73,0.89822
6274.64,0.90256
6275.54,0.90531
6276.44,0.89947
6277.34,0.90206
6278.24,0.89955
6279.14,0.90187
6280.04,0.90032
6280.94,0.89777
6281.84,0.89812
6282.74,0.89772
6283.64,0.90049
6284.54,0.89893
6285.44,0.90051
6286.34,0.90319
6287.24,0.90382
6288.14,0.90477
6289.04,0.90542
6289.94,0.90852
6290.84,0.90045
6291.74,0.90604
6292.64,0.9055
6293.54,0.90534
6294.44,0.90031
6295.34,0.89884
6296.24,0.89731
6297.14,0.89181
6298.04,0.88863
6298.94,0.8891
6299.84,0.89148
6300.74,0.8891
6301.64,0.88796
6302.54,0.88888
6303.44,0.88963
6304.34,0.88881
6305.24,0.89112
6306.14,0.89671
6307.04,0.89496
6307.94,0.89739
6308.84,0.89857
6309.74,0.90133
6310.64,0.90126
6311.54,0.89984
6312.45,0.8967
6313.35,0.89866
6314.25,0.89223
6315.15,0.89405
6316.05,0.89193
6316.95,0.891
6317.85,0.88952
6318.75,0.88833
6319.65,0.88832
6320.55,0.88931
6321.45,0.88862
6322.35,0.88828
6323.25,0.89273
6324.15,0.89317
6325.05,0.8974
6325.95,0.89526
6326.85,0.90081
6327.75,0.90492
6328.65,0.90161
6329.55,0.90163
6330.45,0.90097
6331.35,0.90214
6332.25,0.89939
6333.15,0.90055
6334.05,0.90096
6334.95,0.89531
6335.85,0.89583
6336.75,0.89469
6337.65,0.89166
6338.55,0.89191
6339.45,0.89185
6340.35,0.89203
6341.25,0.891
6342.15,0.89256
6343.05,0.8939
6343.95,0.89476
6344.85,0.89724
6345.75,0.89736
6346.65,0.89537
6347.55,0.89419
6348.46,0.89299
6349.35,0.89519
6350.26,0.89796
6351.16,0.8977
6352.06,0.89549
6352.96,0.89905
6353.86,0.89354
6354.76,0.89167
6355.66,0.89738
6356.56,0.88673
6357.46,0.88889
6358.36,0.88311
6359.26,0.88298
6360.16,0.88003
6361.06,0.87996
6361.96,0.87886
6362.86,0.87756
6363.76,0.88215
6364.66,0.88047
6365.56,0.88387
6366.46,0.8808
6367.36,0.88588
6368.26,0.88969
6369.16,0.89009
6370.06,0.88992
6370.96,0.89068
6371.86,0.89686
6372.76,0.89509
6373.66,0.9004
6374.56,0.89924
6375.46,0.8992
6376.36,0.8969
6377.26,0.89927
6378.16,0.89629
6379.06,0.89594
6379.96,0.8931
6380.86,0.89705
6381.76,0.89417
6382.66,0.89444
6383.56,0.8958
6384.46,0.89481
6385.36,0.89656
6386.27,0.89386
6387.17,0.89027
6388.07,0.89476
6388.97,0.89211
6389.87,0.8936
6390.77,0.89002
6391.67,0.88757
6392.57,0.89351
6393.47,0.88477
6394.37,0.88433
6395.27,0.88425
6396.17,0.88535
6397.07,0.88486
6397.97,0.88548
6398.87,0.88136
6399.77,0.88007
6400.67,0.88186
6401.57,0.88356
6402.47,0.88342
6403.37,0.88489
6404.27,0.8864
6405.17,0.88664
6406.07,0.88781
6406.97,0.89131
6407.87,0.89122
6408.77,0.88768
6409.67,0.88591
6410.57,0.88741
6411.47,0.88679
6412.37,0.88655
6413.27,0.88659
6414.17,0.884
6415.07,0.88339
6415.97,0.88418
6416.87,0.88388
6417.77,0.88334
6418.67,0.88516
6419.57,0.88156
6420.47,0.88418
6421.37,0.8832
6422.27,0.88432
6423.17,0.8858
6424.08,0.88495
6424.98,0.88756
6425.88,0.88379
6426.78,0.89062
6427.68,0.88792
6428.58,0.88645
6429.48,0.88827
6430.38,0.88905
6431.28,0.88808
6432.18,0.88619
6433.08,0.886
6433.98,0.885
6434.88,0.88457
6435.78,0.88644
6436.68,0.88608
6437.58,0.88458
6438.48,0.88494
6439.38,0.88207
6440.28,0.88625
6441.18,0.88899
6442.08,0.88796
6442.98,0.88987
6443.88,0.89126
6444.78,0.89032
6445.68,0.88911
6446.58,0.89166
6447.48,0.88562
6448.38,0.8849
6449.28,0.88622
6450.18,0.88062
6451.08,0.87861
6451.98,0.87735
6452.88,0.8763
6453.78,0.87708
6454.68,0.87581
6455.58,0.87528
6456.48,0.875
6457.38,0.876
6458.28,0.87723
6459.18,0.87604
6460.08,0.87569
6460.98,0.87695
6461.89,0.87623
6462.79,0.87472
6463.69,0.87085
6464.59,0.87346
6465.49,0.87849
6466.39,0.87406
6467.29,0.87296
6468.19,0.87446
6469.09,0.87611
6469.99,0.87797
6470.89,0.87702
6471.79,0.8764
6472.69,0.88009
6473.59,0.87909
6474.49,0.87722
6475.39,0.87654
6476.29,0.86966
6477.19,0.87384
6478.09,0.87194
6478.99,0.8748
6479.89,0.87386
6480.79,0.87016
6481.69,0.86903
6482.59,0.8697
6483.49,0.86914
6484.39,0.8658
6485.29,0.86692
6486.19,0.86791
6487.09,0.86879
6487.99,0.86299
6488.89,0.86249
6489.79,0.86009
6490.69,0.85488
6491.59,0.85328
6492.49,0.8493
6493.39,0.84672
6494.29,0.83794
6495.19,0.83422
6496.09,0.83049
6496.99,0.82913
6497.9,0.82315
6498.79,0.82636
6499.7,0.82708
6500.6,0.83184
6501.5,0.83501
6502.4,0.83518
6503.3,0.84731
6504.2,0.84938
6505.1,0.85416
6506.0,0.8575
6506.9,0.85905
6507.8,0.86075
6508.7,0.8643
6509.6,0.86354
6510.5,0.86464
6511.4,0.8627
6512.3,0.86486
6513.2,0.86057
6514.1,0.85941
6515.0,0.8595
6515.9,0.85548
6516.8,0.85102
6517.7,0.85499
6518.6,0.85371
6519.5,0.85179
6520.4,0.85406
6521.3,0.8532
6522.2,0.8587
6523.1,0.854
6524.0,0.85654
6524.9,0.85744
6525.8,0.85734
6526.7,0.8578
6527.6,0.85739
6528.5,0.85716
6529.4,0.85393
6530.3,0.85446
6531.2,0.85831
6532.1,0.85513
6533.0,0.85121
6533.9,0.85193
6534.8,0.8526
6535.71,0.85246
6536.61,0.85381
6537.51,0.85163
6538.41,0.84874
6539.31,0.85017
6540.21,0.84657
6541.11,0.84592
6542.01,0.84165
6542.91,0.8395
6543.81,0.83683
6544.71,0.83525
6545.61,0.82977
6546.51,0.82597
6547.41,0.82424
6548.31,0.82279
6549.21,0.81532
6550.11,0.81161
6551.01,0.81097
6551.91,0.80886
6552.81,0.80707
6553.71,0.79802
6554.61,0.79334
6555.51,0.78158
6556.41,0.77418
6557.31,0.76152
6558.21,0.74779
6559.11,0.73521
6560.01,0.71901
6560.91,0.70476
6561.81,0.68857
6562.71,0.67844
6563.61,0.67104
6564.51,0.66568
6565.41,0.66569
6566.31,0.67724
6567.21,0.68524
6568.11,0.6989
6569.01,0.71539
6569.91,0.72591
6570.81,0.74351
6571.71,0.7557
6572.61,0.76776
6573.52,0.77578
6574.42,0.78034
6575.32,0.7875
6576.22,0.79637
6577.12,0.79652
6578.02,0.80484
6578.92,0.8075
6579.82,0.81531
6580.72,0.81542
6581.62,0.82053
6582.52,0.82387
6583.42,0.82712
6584.32,0.82328
6585.22,0.83102
6586.12,0.83063
6587.02,0.82683
6587.92,0.83155
6588.82,0.83242
6589.72,0.83411
6590.62,0.82895
6591.52,0.83267
6592.42,0.82779
6593.32,0.82642
6594.22,0.82516
6595.12,0.82756
6596.02,0.82834
6596.92,0.83016
6597.82,0.83128
6598.72,0.83305
6599.62,0.83623
6600.52,0.83626
6601.42,0.83601
6602.32,0.83578
6603.22,0.83852
6604.12,0.84261
6605.02,0.84063
6605.92,0.84089
6606.82,0.84015
6607.72,0.84161
6608.62,0.83986
6609.52,0.84137
6610.43,0.84125
6611.33,0.8416
6612.23,0.84218
6613.13,0.83989
6614.03,0.84412
6614.93,0.84667
6615.83,0.84349
6616.73,0.84531
6617.63,0.8445
6618.53,0.84821
6619.43,0.84662
6620.33,0.84751
6621.23,0.8485
6622.13,0.84846
6623.03,0.84973
6623.93,0.84927
6624.83,0.84922
6625.73,0.85062
6626.63,0.84263
6627.53,0.84275
6628.43,0.8417
6629.33,0.84438
6630.23,0.84101
6631.13,0.84308
6632.03,0.84022
6632.93,0.84169
6633.83,0.8409
6634.73,0.83995
6635.63,0.83866
6636.53,0.84191
6637.43,0.84074
6638.33,0.83862
6639.23,0.8405
6640.13,0.8416
6641.03,0.84186
6641.93,0.83946
6642.83,0.83895
6643.73,0.84044
6644.63,0.83934
6645.53,0.83866
6646.43,0.83405
6647.34,0.84038
6648.24,0.84141
6649.14,0.83713
6650.04,0.841
6650.94,0.84249
6651.84,0.84652
6652.74,0.84431
6653.64,0.84486
6654.54,0.84492
6655.44,0.84265
6656.34,0.84088
6657.24,0.8426
6658.14,0.83973
6659.04,0.84265
6659.94,0.83892
6660.84,0.83976
6661.74,0.83575
6662.64,0.83867
6663.54,0.83531
6664.44,0.83494
6665.34,0.83268
6666.24,0.83366
6667.14,0.83188
6668.04,0.83474
6668.94,0.83741
6669.84,0.83805
6670.74,0.83638
6671.64,0.83621
6672.54,0.8395
6673.44,0.84001
6674.34,0.83848
6675.24,0.83822
6676.14,0.83491
6677.04,0.83686
6677.94,0.83362
6678.84,0.83274
6679.74,0.83183
6680.64,0.82978
6681.54,0.8336
6682.44,0.83418
6683.34,0.83016
6684.24,0.83342
6685.15,0.83267
6686.05,0.83218
6686.95,0.83399
6687.85,0.83229
6688.75,0.83621
6689.65,0.83701
6690.55,0.8353
6691.45,0.84092
6692.35,0.83856
6693.25,0.8353
6694.15,0.83734
6695.05,0.8355
6695.95,0.83373
6696.85,0.83384
6697.75,0.83324
6698.65,0.83358
6699.55,0.83391
6700.45,0.83373
6701.35,0.8331
6702.25,0.83436
6703.15,0.8317
6704.05,0.83365
6704.95,0.83392
6705.85,0.83223
6706.75,0.83049
6707.65,0.83346
6708.55,0.83042
6709.45,0.82932
6710.35,0.83033
6711.25,0.82936
6712.15,0.82729
6713.05,0.82521
6713.95,0.82558
6714.85,0.82607
6715.75,0.8243
6716.65,0.82266
6717.55,0.82316
6718.45,0.82318
6719.35,0.82354
6720.25,0.81757
6721.16,0.82139
6722.06,0.81969
6722.96,0.82188
6723.86,0.82432
6724.76,0.82666
6725.66,0.82453
6726.56,0.82592
6727.46,0.82502
6728.36,0.82642
6729.26,0.82524
6730.16,0.83109
6731.06,0.8307
6731.96,0.82853
6732.86,0.83099
6733.76,0.83053
6734.66,0.82785
6735.56,0.82788
6736.46,0.82969
6737.36,0.8299
6738.26,0.82528
6739.16,0.82622
6740.06,0.82313
6740.96,0.82454
6741.86,0.8215
6742.76,0.82255
6743.66,0.82307
6744.56,0.82139
6745.46,0.82159
6746.36,0.82322
6747.26,0.82007
6748.16,0.81965
6749.06,0.81979
6749.96,0.81574
6750.86,0.82066
6751.76,0.81787
6752.66,0.81791
6753.56,0.82303
6754.46,0.81966
6755.36,0.81674
6756.26,0.82155
6757.16,0.82186
6758.06,0.82481
6758.97,0.825
6759.87,0.82316
6760.77,0.82574
6761.67,0.82647
6762.57,0.82669
6763.47,0.82372
6764.37,0.82703
6765.27,0.82616
6766.17,0.82118
6767.07,0.82271
6767.97,0.81781
6768.87,0.81975
6769.77,0.82082
6770.67,0.81937
6771.57,0.81791
6772.47,0.81672
6773.37,0.8245
6774.27,0.8189
6775.17,0.82353
6776.07,0.82437
6776.97,0.82249
6777.87,0.82471
6778.77,0.82563
6779.67,0.82542
6780.57,0.82558
6781.47,0.82431
6782.37,0.82687
6783.27,0.82348
6784.17,0.81991
6785.07,0.8217
6785.97,0.81795
6786.87,0.81804
6787.77,0.81938
6788.67,0.8203
6789.57,0.81804
6790.47,0.82061
6791.37,0.82163
6792.27,0.82045
6793.17,0.81877
6794.07,0.81976
6794.97,0.82106
6795.88,0.81982
6796.78,0.81824
6797.68,0.82152
6798.58,0.82014
6799.48,0.82212
6800.38,0.82203
6801.28,0.8229
6802.18,0.82357
6803.08,0.8217
6803.98,0.81935
6804.88,0.82268
6805.78,0.82404
6806.68,0.82001
6807.58,0.82207
6808.48,0.8201
6809.38,0.8197
6810.28,0.81748
6811.18,0.81794
6812.08,0.81754
6812.98,0.81879
6813.88,0.81799
6814.78,0.81842
6815.68,0.81432
6816.58,0.81906
6817.48,0.81783
6818.38,0.81714
6819.28,0.81502
6820.18,0.81753
6821.08,0.81979
6821.98,0.82033
6822.88,0.8196
6823.78,0.82057
6824.68,0.82009
6825.58,0.81687
6826.48,0.81812
6827.38,0.82037
6828.28,0.82023
6829.18,0.82069
6830.08,0.8197
6830.98,0.81813
6831.88,0.8175
6832.79,0.81889
6833.69,0.81892
6834.59,0.81859
6835.49,0.81722
6836.39,0.81968
6837.29,0.814
6838.19,0.81302
6839.09,0.81308
6839.99,0.81279
6840.89,0.80902
6841.79,0.80801
6842.69,0.80865
6843.59,0.80887
6844.49,0.80934
6845.39,0.81036
6846.29,0.80926
6847.19,0.81451
6848.09,0.80889
6848.99,0.81319
6849.89,0.80944
6850.79,0.81132
6851.69,0.81041
6852.59,0.81255
6853.49,0.81194
6854.39,0.80981
6855.29,0.81355
6856.19,0.81118
6857.09,0.80941
6857.99,0.80871
6858.89,0.81121
6859.79,0.80963
6860.69,0.80959
6861.59,0.8091
6862.49,0.80989
6863.39,0.81074
6864.29,0.80706
6865.19,0.81138
6866.09,0.80774
6866.99,0.80749
6867.89,0.80994
6868.79,0.80862
6869.7,0.80687
6870.6,0.81155
6871.5,0.80949
6872.4,0.80835
6873.3,0.80928
6874.2,0.80867
6875.1,0.81457
6876.0,0.81065
6876.9,0.80897
6877.8,0.81313
6878.7,0.80922
6879.6,0.81117
6880.5,0.81122
6881.4,0.80992
6882.3,0.81068
6883.2,0.80976
6884.1,0.81159
6885.0,0.8112
6885.9,0.81019
6886.8,0.81192
6887.7,0.81202
6888.6,0.81122
6889.5,0.81349
6890.4,0.80777
6891.3,0.81171
6892.2,0.81496
6893.1,0.81318
6894.0,0.81589
6894.9,0.81159
6895.8,0.81411
6896.7,0.81544
6897.6,0.81216
6898.5,0.81372
6899.4,0.81291
6900.3,0.81324
6901.2,0.81242
6902.1,0.8115
6903.0,0.81362
6903.9,0.81795
6904.8,0.81728
6905.7,0.81726
6906.6,0.81621
6907.51,0.81639
6908.41,0.81573
6909.31,0.8179
6910.21,0.8145
6911.11,0.81436
6912.01,0.81224
6912.91,0.81066
6913.81,0.80746
6914.71,0.80948
6915.61,0.80624
6916.51,0.80998
6917.41,0.80633
6918.31,0.80472
6919.21,0.80562
6920.11,0.81066
6921.01,0.80655
6921.91,0.80665
6922.81,0.80801
6923.71,0.80655
6924.61,0.81164
6925.51,0.80956
6926.41,0.80654
6927.31,0.80823
6928.21,0.80939
6929.11,0.80983
6930.01,0.80905
6930.91,0.81218
6931.81,0.80826
6932.71,0.80784
6933.61,0.80834
6934.51,0.81184
6935.41,0.81371
6936.31,0.81
6937.21,0.80808
6938.11,0.81065
6939.01,0.80996
6939.91,0.80731
6940.81,0.81085
6941.71,0.80775
6942.61,0.80807
6943.52,0.80727
6944.42,0.80545
6945.31,0.80305
6946.22,0.80599
6947.12,0.80581
6948.02,0.80434
6948.92,0.80604
6949.82,0.80326
6950.72,0.80233
6951.62,0.80611
6952.52,0.80734
6953.42,0.80469
6954.32,0.80442
6955.22,0.80681
6956.12,0.80822
6957.02,0.80526
6957.92,0.80343
6958.82,0.80572
6959.72,0.8038
6960.62,0.80586
6961.52,0.80892
6962.42,0.80996
6963.32,0.81005
6964.22,0.80627
6965.12,0.81076
6966.02,0.80823
6966.92,0.81065
6967.82,0.80792
6968.72,0.80921
6969.62,0.81049
6970.52,0.80858
6971.42,0.80726
6972.32,0.80655
6973.22,0.80327
6974.12,0.80547
6975.02,0.80293
6975.92,0.80389
6976.82,0.80169
6977.72,0.79967
6978.62,0.79777
6979.52,0.79558
6980.42,0.79564
6981.33,0.79407
6982.23,0.79874
6983.12,0.79895
6984.03,0.80012
6984.93,0.79775
6985.83,0.79872
6986.73,0.80149
6987.63,0.8073
6988.53,0.80477
6989.43,0.80425
6990.33,0.80311
6991.23,0.80564
6992.13,0.80507
6993.03,0.809
6993.93,0.80909
6994.83,0.80792
6995.73,0.80505
6996.63,0.80568
6997.53,0.80422
6998.43,0.80452
6999.33,0.80202
7000.23,0.80048
7001.13,0.80265
7002.03,0.80241
7002.93,0.79824
7003.83,0.79926
7004.73,0.79719
7005.63,0.80036
7006.53,0.79884
7007.43,0.79816
7008.33,0.79707
7009.23,0.80035
7010.13,0.79888
7011.03,0.80051
7011.93,0.80088
7012.83,0.80078
7013.73,0.79681
7014.63,0.79439
7015.53,0.79394
7016.43,0.79554
7017.33,0.79364
7018.23,0.79878
7019.14,0.79426
7020.04,0.79567
7020.94,0.7941
7021.84,0.79553
7022.74,0.79409
7023.64,0.79639
7024.54,0.7972
7025.44,0.79706
7026.34,0.79741
7027.24,0.79854
7028.14,0.79737
7029.04,0.79665
7029.94,0.79703
7030.84,0.79865
7031.74,0.7994
7032.64,0.79644
7033.54,0.79824
7034.44,0.79798
7035.34,0.80159
7036.24,0.79548
7037.14,0.79859
7038.04,0.79997
7038.94,0.80109
7039.84,0.7997
7040.74,0.80023
7041.64,0.79992
7042.54,0.80539
7043.44,0.80505
7044.34,0.80195
7045.24,0.80599
7046.14,0.80862
7047.04,0.809
7047.94,0.80763
7048.84,0.80719
7049.74,0.80397
7050.64,0.80628
7051.54,0.8046
7052.44,0.80003
7053.34,0.7989
7054.25,0.79635
7055.15,0.79425
7056.04,0.79372
7056.95,0.79224
7057.85,0.79238
7058.75,0.7882
7059.65,0.78537
7060.55,0.78751
7061.45,0.78814
7062.35,0.78736
7063.25,0.78376
7064.15,0.78633
7065.05,0.7872
7065.95,0.78537
7066.85,0.78835
7067.75,0.78637
7068.65,0.7901
7069.55,0.79181
7070.45,0.78713
7071.35,0.78762
7072.25,0.78903
7073.15,0.78875
7074.05,0.78973
7074.95,0.791
7075.85,0.79274
7076.75,0.79262
7077.65,0.79192
7078.55,0.78875
7079.45,0.79174
7080.35,0.79132
7081.25,0.78957
7082.15,0.78338
7083.05,0.78845
7083.95,0.7827
7084.85,0.77998
7085.75,0.77871
7086.65,0.77545
7087.55,0.77412
7088.45,0.76905
7089.35,0.76788
7090.25,0.76677
7091.15,0.76324
7092.06,0.76378
7092.96,0.76536
7093.85,0.76537
7094.76,0.76337
7095.66,0.76774
7096.56,0.76379
7097.46,0.76605
7098.36,0.76704
7099.26,0.76786
7100.16,0.76925
7101.06,0.77091
7101.96,0.77128
7102.86,0.77425
7103.76,0.77501
7104.66,0.7768
7105.56,0.77382
7106.46,0.77832
7107.36,0.77512
7108.26,0.77652
7109.16,0.77678
7110.06,0.77561
7110.96,0.77545
7111.86,0.77518
7112.76,0.77612
7113.66,0.77656
7114.56,0.77331
7115.46,0.77654
7116.36,0.7787
7117.26,0.77662
7118.16,0.77671
7119.06,0.77908
7119.96,0.77573
7120.86,0.77578
7121.76,0.77531
7122.66,0.77529
7123.56,0.77259
7124.46,0.77202
7125.36,0.77146
7126.26,0.77365
7127.16,0.76881
7127.27,0.76775
7128.17,0.76804
7129.07,0.7646
7129.96,0.76841
7130.86,0.76562
7131.75,0.76724
7132.65,0.76406
7133.55,0.76328
7134.44,0.76411
7135.34,0.76356
7136.23,0.76545
7137.13,0.76643
7138.03,0.76848
7138.92,0.76643
7139.82,0.76568
7140.71,0.76547
7141.61,0.76688
7142.5,0.76327
7143.4,0.76401
7144.3,0.7633
7145.19,0.76207
7146.09,0.76116
7146.98,0.76209
7147.88,0.75866
7148.78,0.75869
7149.67,0.75952
7150.57,0.7621
7151.46,0.75866
7152.36,0.75985
7153.26,0.76294
7154.15,0.76159
7155.05,0.76168
7155.94,0.76571
7156.84,0.76573
7157.74,0.76745
7158.63,0.7685
7159.53,0.76877
7160.42,0.77191
7161.32,0.7725
7162.21,0.77321
7163.11,0.77368
7164.01,0.77906
7164.9,0.7808
7165.8,0.7863
7166.69,0.78413
7167.59,0.78705
7168.49,0.78667
7169.38,0.78898
7170.28,0.79494
7171.17,0.79804
7172.07,0.79901
7172.96,0.79826
7173.86,0.79937
7174.76,0.80083
7175.65,0.79872
7176.55,0.79709
7177.44,0.79964
7178.34,0.79552
7179.24,0.79744
7180.13,0.79365
7181.03,0.79231
7181.92,0.78953
7182.82,0.78927
7183.72,0.79025
7184.61,0.78885
7185.51,0.78922
7186.4,0.78652
7187.3,0.78601
7188.19,0.78639
7189.09,0.78451
7189.99,0.78519
7190.88,0.7867
7191.78,0.78439
7192.67,0.78627
7193.57,0.78843
7194.47,0.78813
7195.36,0.78798
7196.26,0.78822
7197.15,0.78903
7198.05,0.78937
7198.95,0.78831
7199.84,0.78727
7200.74,0.79007
7201.63,0.7863
7202.53,0.78902
7203.43,0.78548
7204.32,0.7853
7205.22,0.78812
7206.11,0.78504
7207.01,0.78431
7207.9,0.78707
7208.8,0.78685
7209.7,0.7843
7210.59,0.78398
7211.49,0.78851
7212.38,0.78311
7213.28,0.78682
7214.18,0.78975
7215.07,0.78929
7215.97,0.78939
7216.86,0.79042
7217.76,0.79027
7218.66,0.79316
7219.55,0.79329
7220.45,0.79392
7221.34,0.79423
7222.24,0.79537
7223.13,0.79324
7224.03,0.79284
7224.93,0.79399
7225.82,0.79485
7226.72,0.79561
7227.61,0.79852
7228.51,0.79632
7229.41,0.79712
7230.3,0.79939
7231.2,0.80239
7232.09,0.80099
7232.99,0.79857
7233.89,0.79978
7234.78,0.79984
7235.68,0.79887
7236.57,0.79725
7237.47,0.79942
7238.36,0.79515
7239.26,0.80042
7240.16,0.80044
7241.05,0.79934
7241.95,0.79816
7242.84,0.79636
7243.74,0.79487
7244.64,0.7927
7245.53,0.79321
7246.43,0.79152
7247.32,0.79512
7248.22,0.79182
7249.12,0.79463
7250.01,0.79737
7250.91,0.79509
7251.8,0.79542
7252.7,0.79509
7253.6,0.79397
7254.49,0.7923
7255.39,0.7951
7256.28,0.7951
7257.18,0.79655
7258.07,0.79387
7258.97,0.79762
7259.87,0.79622
7260.76,0.79274
7261.66,0.79482
7262.55,0.79394
7263.45,0.79588
7264.35,0.79619
7265.24,0.79353
7266.14,0.79293
7267.03,0.79567
7267.93,0.7952
7268.83,0.79597
7269.72,0.79675
7270.62,0.79422
7271.51,0.79677
7272.41,0.79817
7273.3,0.79731
7274.2,0.79751
7275.1,0.79238
7275.99,0.79435
7276.89,0.79505
7277.78,0.79106
7278.68,0.79314
7279.58,0.7965
7280.47,0.78889
7281.37,0.79171
7282.26,0.78729
7283.16,0.78839
7284.06,0.78986
7284.95,0.78429
7285.85,0.78573
7286.74,0.78044
7287.64,0.78103
7288.53,0.78007
7289.43,0.78059
7290.33,0.77821
7291.22,0.78
7292.12,0.77903
7293.01,0.781
7293.91,0.78027
7294.81,0.78438
7295.7,0.78707
7296.6,0.78277
7297.49,0.78649
7298.39,0.78597
7299.29,0.78777
7300.18,0.78945
7301.08,0.79024
7301.97,0.7888
7302.87,0.79133
7303.76,0.78885
7304.66,0.78898
7305.56,0.78942
7306.45,0.7878
7307.35,0.78726
7308.24,0.78837
7309.14,0.78883
7310.04,0.78786
7310.93,0.78673
7311.83,0.78705
7312.72,0.78591
7313.62,0.78686
7314.52,0.78802
7315.41,0.78617
7316.31,0.79111
7317.2,0.78544
7318.1,0.78761
7318.99,0.78904
7319.89,0.78491
7320.79,0.7865
7321.68,0.78542
7322.58,0.78236
7323.47,0.78107
7324.37,0.78309
7325.27,0.78086
7326.16,0.77963
7327.06,0.78029
7327.95,0.78372
7328.85,0.78276
7329.75,0.78343
7330.64,0.78174
7331.54,0.78462
7332.43,0.78146
7333.33,0.78441
7334.22,0.78931
7335.12,0.78594
7336.02,0.78919
7336.91,0.78895
7337.81,0.7853
7338.7,0.78686
7339.6,0.78732
7340.5,0.78888
7341.39,0.78749
7342.29,0.78743
7343.18,0.78618
7344.08,0.78321
7344.98,0.78386
7345.87,0.78576
7346.77,0.78523
7347.66,0.78059
7348.56,0.78101
7349.45,0.78144
7350.35,0.78193
7351.25,0.77862
7352.14,0.77782
7353.04,0.7793
7353.93,0.77436
7354.83,0.77625
7355.73,0.77185
7356.62,0.77058
7357.52,0.77594
7358.41,0.77326
7359.31,0.77298
7360.21,0.7715
7361.1,0.76928
7362.0,0.77021
7362.89,0.77359
7363.79,0.77433
7364.69,0.77335
7365.58,0.77149
7366.48,0.77717
7367.37,0.77342
7368.27,0.775
7369.16,0.77537
7370.06,0.77622
7370.96,0.77866
7371.85,0.77784
7372.75,0.77678
7373.64,0.77642
7374.54,0.77974
7375.44,0.77575
7376.33,0.77802
7377.23,0.78004
7378.12,0.77648
7379.02,0.77839
7379.92,0.77548
7380.81,0.7722
7381.71,0.7743
7382.6,0.77107
7383.5,0.7697
7384.39,0.76803
7385.29,0.76573
7386.19,0.76539
7387.08,0.76216
7387.98,0.76291
7388.87,0.76295
7389.77,0.75857
7390.67,0.76172
7391.56,0.76029
7392.46,0.76107
7393.35,0.76095
7394.25,0.76162
7395.15,0.76263
7396.04,0.76516
7396.94,0.76463
7397.83,0.7609
7398.73,0.76399
7399.62,0.76372
7400.52,0.7668
7401.42,0.76563
7402.31,0.76724
7403.21,0.76314
7404.1,0.76405
7405.0,0.76121
7405.9,0.7598
7406.79,0.76003
7407.69,0.75853
7408.58,0.7562
7409.48,0.75311
7410.38,0.74924
7411.27,0.74397
7412.17,0.74271
7413.06,0.7403
7413.96,0.73486
7414.85,0.73235
7415.75,0.73285
7416.65,0.73421
7417.54,0.73289
7418.44,0.7317
7419.33,0.73603
7420.23,0.73613
7421.13,0.73669
7422.02,0.73821
7422.92,0.74327
7423.81,0.74146
7424.71,0.74583
7425.6,0.747
7426.5,0.75264
7427.4,0.75076
7428.29,0.7581
7429.19,0.75666
7431.68,0.76686
7434.18,0.76261
7436.67,0.76557
7439.17,0.76628
7441.66,0.76235
7444.16,0.75941
7446.66,0.76051
7449.15,0.7604
7451.65,0.76504
7454.14,0.76138
7456.64,0.76672
7459.13,0.76533
7461.63,0.76473
7464.12,0.76178
7466.62,0.75963
7469.11,0.76384
7471.61,0.76224
7474.1,0.76422
7476.6,0.7628
7479.09,0.76222
7481.59,0.76152
7484.08,0.76003
7486.58,0.75463
7489.07,0.75963
7491.57,0.75928
7494.06,0.75787
7496.56,0.75368
7499.05,0.75539
7501.55,0.7574
7504.04,0.76071
7506.54,0.75987
7509.03,0.75646
7511.53,0.75665
7514.02,0.75591
7516.52,0.75594
7519.01,0.75683
7521.51,0.75699
7524.0,0.75582
7526.5,0.75554
7528.99,0.75403
7531.49,0.75584
7533.99,0.7561
7536.48,0.75732
7538.98,0.75928
7541.47,0.75769
7543.97,0.75749
7546.46,0.75578
7548.96,0.75615
7551.45,0.75473
7553.95,0.75378
7556.44,0.75236
7558.94,0.75065
7561.43,0.75373
7563.93,0.75245
7566.42,0.75433
7568.92,0.75242
7571.41,0.75141
7573.91,0.75263
7576.4,0.7526
7578.9,0.75234
7581.39,0.74954
7583.89,0.74554
7586.38,0.74578
7588.88,0.74466
7591.37,0.74581
7593.87,0.7464
7596.36,0.74637
7598.86,0.74527
7601.35,0.74564
7603.85,0.74404
7606.34,0.74445
7608.84,0.743
7611.33,0.74283
7613.83,0.74198
7616.33,0.7401
7618.82,0.73701
7621.32,0.73643
7623.81,0.7382
7626.31,0.74046
7628.8,0.7406
7631.3,0.74203
7633.79,0.74201
7636.29,0.74178
7638.78,0.74223
7641.28,0.74042
7643.77,0.73942
7646.27,0.74049
7648.76,0.73873
7651.26,0.73708
7653.75,0.7327
7656.25,0.72864
7658.74,0.7213
7661.24,0.7159
7663.73,0.71371
7666.23,0.71015
7668.72,0.71418
7671.22,0.71864
7673.71,0.72531
7676.21,0.72746
7678.7,0.72833
7681.2,0.73033
7683.69,0.72809
7686.19,0.72931
7688.69,0.72914
7691.18,0.72544
7693.68,0.7252
7696.17,0.72388
7698.67,0.72101
7701.16,0.71979
7703.66,0.72191
7706.15,0.72096
7708.65,0.72207
7711.14,0.71925
7713.64,0.71729
7716.13,0.71911
7718.63,0.71779
7721.12,0.72078
7723.62,0.72112
7726.11,0.723
7728.61,0.72426
7731.1,0.72555
7733.6,0.72809
7736.09,0.72817
7738.59,0.72833
7741.08,0.72676
7743.58,0.72335
7746.07,0.71992
7748.57,0.71896
7751.06,0.7165
7753.56,0.71711
7756.05,0.72002
7758.55,0.72377
7761.04,0.72729
7763.54,0.72682
7766.03,0.7271
7768.53,0.72814
7771.03,0.72787
7773.52,0.72733
7776.02,0.72716
7778.51,0.72672
7781.01,0.72276
7783.5,0.72515
7786.0,0.72178
7788.49,0.72144
7790.99,0.71696
7793.48,0.71963
7795.98,0.72087
7798.47,0.71851
7800.97,0.71894
7803.46,0.71771
7805.96,0.71996
7808.45,0.7203
7810.95,0.72149
7813.44,0.72078
7815.94,0.72239
7818.43,0.72162
7820.93,0.72389
7823.42,0.72223
7825.92,0.72156
7828.41,0.71863
7830.91,0.71473
7833.4,0.71267
7835.9,0.70971
7838.39,0.71083
7840.89,0.7117
7843.38,0.71391
7845.88,0.71471
7848.38,0.7152
7850.87,0.71497
7853.37,0.71468
7855.86,0.71307
7858.36,0.71472
7860.85,0.71425
7863.35,0.71439
7865.84,0.71556
7868.34,0.71351
7870.83,0.71428
7873.33,0.71276
7875.82,0.71159
7878.32,0.71271
7880.81,0.71203
7883.31,0.71233
7885.8,0.71073
7888.3,0.71177
7890.79,0.71066
7893.29,0.70986
7895.78,0.71107
7898.28,0.70926
7900.77,0.70866
7903.27,0.70717
7905.76,0.70483
7908.26,0.70638
7910.75,0.70086
7913.25,0.69681
7915.74,0.69779
7918.24,0.69941
7920.73,0.69784
7923.23,0.69791
7925.73,0.70103
7928.22,0.69899
7930.71,0.69706
7933.21,0.69529
7935.71,0.69407
7938.2,0.69045
7940.7,0.68934
7943.19,0.68891
7945.69,0.68763
7948.18,0.6901
7950.68,0.69151
7953.17,0.69462
7955.67,0.69759
7958.16,0.69748
7960.66,0.69993
7963.15,0.69804
7965.65,0.69988
7968.14,0.70042
7970.64,0.70087
7973.13,0.70053
7975.63,0.69846
7978.12,0.69762
7980.62,0.69643
7983.11,0.69625
7985.61,0.69388
7988.1,0.69339
7990.6,0.69227
7993.09,0.69193
7995.59,0.69023
7998.08,0.69037
8000.58,0.6892
8003.07,0.68956
8005.57,0.69292
8008.06,0.69658
8010.56,0.69722
8013.06,0.69865
8015.55,0.69884
8018.05,0.69806
8020.54,0.69712
8023.04,0.69437
8025.53,0.69319
8028.03,0.69001
8030.52,0.68948
8033.02,0.6906
8035.51,0.6942
8038.01,0.69404
8040.5,0.69538
8043.0,0.69095
8045.49,0.68731
8047.99,0.68464
8050.48,0.68485
8052.98,0.68701
8055.47,0.6894
8057.97,0.69031
8060.46,0.69116
8062.96,0.68895
8065.45,0.68761
8067.95,0.68644
8070.44,0.68463
8072.94,0.68464
8075.43,0.68212
8077.93,0.68299
8080.42,0.68242
8082.92,0.68312
8085.41,0.68213
8087.91,0.68122
8090.4,0.68063
8092.9,0.67822
8095.4,0.67843
8097.89,0.67854
8100.39,0.67857
8102.88,0.68083
8105.38,0.68122
8107.87,0.68258
8110.37,0.68081
8112.86,0.68181
8115.36,0.68084
8117.85,0.67965
8120.35,0.67976
8122.84,0.67983
8125.34,0.67977
8127.83,0.6808
8130.33,0.68244
8132.82,0.68029
8135.32,0.6814
8137.81,0.68126
8140.31,0.68068
8142.8,0.68025
8145.3,0.67761
8147.79,0.67793
8150.29,0.67925
8152.78,0.67851
8155.28,0.6785
8157.77,0.67842
8160.27,0.67849
8162.76,0.67778
8165.26,0.67716
8167.75,0.67688
8170.25,0.67726
8172.75,0.67632
8175.24,0.67766
8177.74,0.67461
8180.23,0.67182
8182.73,0.66828
8185.22,0.66687
8187.72,0.66437
8190.21,0.66644
8192.71,0.66446
8195.2,0.66267
8197.7,0.66195
8200.19,0.66241
8202.69,0.66249
8205.18,0.66471
8207.68,0.66461
8210.17,0.66667
8212.67,0.66566
8215.16,0.66626
8217.66,0.66704
8220.15,0.66639
8222.65,0.66874
8225.14,0.6701
8227.64,0.6697
8230.13,0.67169
8232.63,0.67093
8235.12,0.67168
8237.62,0.67057
8240.11,0.66961
8242.61,0.6691
8245.1,0.66913
8247.6,0.66809
8250.1,0.66884
8252.59,0.6668
8255.08,0.66681
8257.58,0.66709
8260.08,0.66825
8262.57,0.66919
8265.07,0.67098
8267.56,0.67082
8270.06,0.66971
8272.55,0.6714
8275.05,0.66911
8277.54,0.66919
8280.04,0.66881
8282.53,0.66815
8285.03,0.66853
8287.52,0.66707
8290.02,0.66599
8292.51,0.66464
8295.01,0.66362
8297.5,0.66357
8300.0,0.66188
8302.49,0.66151
8304.99,0.66007
8307.48,0.65832
8309.98,0.65868
8312.47,0.65851
8314.97,0.65807
8317.46,0.66092
8319.96,0.66042
8322.46,0.65953
8324.95,0.65454
8327.44,0.65251
8329.94,0.65107
8332.43,0.64802
8334.93,0.64787
8337.43,0.64784
8339.92,0.65004
8342.42,0.65111
8344.91,0.65228
8347.41,0.65361
8349.9,0.65314
8352.4,0.65313
8354.89,0.65536
8357.39,0.65428
8359.88,0.6542
8362.38,0.65324
8364.87,0.65177
8367.37,0.65167
8369.86,0.6524
8372.36,0.65433
8374.85,0.65405
8377.35,0.65134
8379.84,0.65005
8382.34,0.64635
8384.83,0.64244
8387.33,0.64267
8389.82,0.64102
8392.32,0.64229
8394.81,0.64664
8397.31,0.64781
8399.8,0.6508
8402.3,0.65273
8404.79,0.65205
8407.29,0.65269
8409.79,0.6508
8412.28,0.64921
8414.78,0.64945
8417.27,0.64834
8419.77,0.64808
8422.26,0.64677
8424.76,0.64571
8427.25,0.64388
8429.75,0.64162
8432.24,0.63963
8434.74,0.63733
8437.23,0.6341
8439.73,0.63608
8442.22,0.6386
8444.72,0.64021
8447.21,0.64346
8449.71,0.64441
8452.2,0.64442
8454.7,0.64511
8457.19,0.64455
8459.69,0.64304
8462.18,0.63958
8464.68,0.63757
8467.17,0.63446
8469.67,0.63099
8472.16,0.63207
8474.66,0.6349
8477.15,0.63693
8479.65,0.64058
8482.14,0.64019
8484.64,0.64118
8487.13,0.63891
8489.63,0.6336
8492.12,0.62606
8494.62,0.61242
8497.12,0.59755
8499.61,0.58903
8502.11,0.58787
8504.6,0.59493
8507.1,0.60692
8509.59,0.61617
8512.09,0.62051
8514.58,0.62082
8517.08,0.62205
8519.57,0.6231
8522.07,0.62344
8524.56,0.62549
8527.06,0.62661
8529.55,0.6241
8532.05,0.61658
8534.54,0.60231
8537.04,0.58147
8539.53,0.55445
8542.03,0.53199
8544.52,0.52215
8547.02,0.52947
8549.51,0.55095
8552.01,0.57581
8554.5,0.59646
8557.0,0.60938
8559.49,0.61802
8561.99,0.62275
8564.48,0.62474
8566.98,0.62642
8569.47,0.62775
8571.97,0.62701
8574.47,0.6268
8576.96,0.62847
8579.46,0.62658
8581.95,0.62823
8584.45,0.62627
8586.94,0.62505
8589.44,0.62454
8591.93,0.62086
8594.43,0.61831
8596.92,0.61553
8599.42,0.61395
8601.91,0.61394
8604.41,0.61372
8606.9,0.6167
8609.4,0.61755
8611.89,0.61782
8614.39,0.6185
8616.88,0.61709
8619.38,0.61801
8621.87,0.61842
8624.37,0.62023
8626.86,0.62326
8629.36,0.62175
8631.85,0.62328
8634.35,0.62326
8636.84,0.62618
8639.34,0.62662
8641.83,0.62609
8644.33,0.6262
8646.83,0.62273
8649.32,0.61864
8651.82,0.61021
8654.31,0.5979
8656.8,0.58017
8659.3,0.55812
8661.8,0.53645
8664.29,0.52657
8666.79,0.52918
8669.28,0.54359
8671.78,0.56469
8674.27,0.58245
8676.77,0.59498
8679.26,0.60215
8681.76,0.60689
8684.25,0.60806
8686.75,0.60873
8689.24,0.60716
8691.74,0.60746
8694.23,0.60994
8696.73,0.61199
8699.22,0.61389
8701.72,0.61524
8704.21,0.61648
8706.71,0.61618
8709.2,0.61541
8711.7,0.61346
8714.19,0.61356
8716.69,0.61555
8719.18,0.61566
8721.68,0.61639
8724.17,0.61836
8726.67,0.61886
8729.17,0.61761
8731.66,0.61467
8734.16,0.61378
8736.65,0.61155
8739.15,0.61088
8741.64,0.60418
8744.14,0.60232
8746.63,0.5974
8749.13,0.59183
8751.62,0.59017
8754.12,0.58691
8756.61,0.58973
8759.11,0.59319
8761.6,0.59761
8764.1,0.60235
8766.59,0.60365
8769.09,0.60691
8771.58,0.6087
8774.08,0.60885
8776.57,0.60929
8779.07,0.61131
8781.56,0.61013
8784.06,0.61416
8786.55,0.61426
8789.05,0.61284
8791.54,0.61175
8794.04,0.60971
8796.53,0.60802
8799.03,0.6085
8801.52,0.60515
8804.02,0.59954
8806.51,0.5985
8809.01,0.59621
8811.5,0.59662
8814.0,0.60103
8816.5,0.60496
8818.99,0.608
8821.49,0.60851
8823.98,0.60879
8826.48,0.6053
8828.97,0.60753
8831.47,0.6092
8833.96,0.60861
8836.46,0.6101
8838.95,0.60798
8841.45,0.60899
8843.94,0.60772
8846.44,0.60847
8848.93,0.60636
8851.43,0.60625
8853.92,0.60257
8856.42,0.59818
8858.91,0.59252
8861.41,0.5866
8863.9,0.58079
8866.4,0.57908
8868.89,0.58098
8871.39,0.58491
8873.88,0.58982
8876.38,0.59386
8878.87,0.5982
8881.37,0.60019
8883.87,0.60381
8886.36,0.60511
8888.86,0.60733
8891.35,0.60585
8893.84,0.60595
8896.34,0.60799
8898.84,0.607
8901.33,0.60841
8903.83,0.607
8906.32,0.60592
8908.82,0.60472
8911.31,0.60334
8913.81,0.60381
8916.3,0.60222
8918.8,0.59985
8921.29,0.59906
8923.79,0.59706
8926.28,0.59644
8928.78,0.59526
8931.27,0.59699
8933.77,0.59762
8936.26,0.59735
8938.76,0.59749
8941.25,0.59914
8943.75,0.59673
8946.24,0.59729
8948.74,0.59648
8951.23,0.59777
8953.73,0.60009
8956.22,0.60137
8958.72,0.60254
8961.21,0.60121
8963.71,0.60254
8966.2,0.6014
8968.7,0.59935
8971.2,0.59858
8973.69,0.59737
8976.19,0.59476
8978.68,0.59484
8981.18,0.59487
8983.67,0.59476
8986.17,0.59593
8988.66,0.59507
8991.16,0.59524
8993.65,0.59343
8996.15,0.58992
8998.64,0.58731
9001.14,0.58379
9003.63,0.57979
9006.13,0.57241
9008.62,0.56593
9011.12,0.55846
9013.61,0.55251
9016.11,0.54861
9018.6,0.54885
9021.1,0.55407
9023.59,0.56043
9026.09,0.56671
9028.58,0.57365
9031.08,0.57809
9033.57,0.58255
9036.07,0.58512
9038.56,0.58912
9041.06,0.58969
9043.55,0.59175
9046.05,0.59221
9048.54,0.59263
9051.04,0.59177
9053.54,0.5919
9056.03,0.59061
9058.53,0.58852
9061.02,0.58556
9063.52,0.58604
9066.01,0.58505
9068.51,0.58673
9071.0,0.58634
9073.5,0.58751
9075.99,0.58657
9078.49,0.58431
9080.98,0.58218
9083.48,0.57966
9085.97,0.57622
9088.47,0.57219
9090.96,0.57091
9093.46,0.57211
9095.95,0.5738
9098.45,0.57625
9100.94,0.58066
9103.44,0.58228
9105.93,0.58204
9108.43,0.58221
9110.92,0.58209
9113.42,0.58008
9115.91,0.57906
9118.41,0.57804
9120.9,0.57864
9123.4,0.58006
9125.89,0.58154
9128.39,0.58406
9130.88,0.58375
9133.38,0.582
9135.88,0.5824
9138.37,0.57861
9140.87,0.57572
9143.36,0.57435
9145.86,0.57268
9148.35,0.57222
9150.85,0.5718
9153.34,0.5734
9155.84,0.57436
9158.33,0.57481
9160.83,0.57286
9163.32,0.57165
9165.82,0.56982
9168.31,0.56827
9170.81,0.56538
9173.3,0.56413
9175.8,0.56327
9178.29,0.56389
9180.79,0.56427
9183.28,0.56492
9185.78,0.56467
9188.27,0.56585
9190.77,0.56328
9193.26,0.56442
9195.76,0.5638
9198.25,0.56157
9200.75,0.56053
9203.24,0.56041
9205.74,0.55882
9208.24,0.55651
9210.73,0.55338
9213.23,0.55149
9215.72,0.54817
9218.22,0.54604
9220.71,0.54457
9223.21,0.54185
9225.7,0.53827
9228.2,0.53378
9230.69,0.53267
9233.19,0.53281
9235.68,0.53504
9238.18,0.53855
9240.67,0.54408
9243.17,0.54524
9245.66,0.54888
9248.16,0.54878
9250.65,0.54948
9253.15,0.55049
9255.64,0.55059
9258.14,0.55124
9260.63,0.55084
9263.13,0.55392
9265.62,0.55607
9268.12,0.55849
9270.61,0.55926
9273.11,0.55916
9275.6,0.55867
9278.1,0.55847
9280.59,0.55566
9283.09,0.55533
9285.58,0.55565
9288.08,0.5529
9290.58,0.55327
9293.07,0.55182
9295.57,0.55302
9298.06,0.55282
9300.56,0.55304
9303.05,0.55409
9305.55,0.55336
9308.04,0.55338
9310.54,0.55342
9313.03,0.55383
9315.53,0.55382
9318.02,0.55233
9320.52,0.55275
9323.01,0.5524
9325.51,0.55216
9328.0,0.55341
9330.5,0.55459
9332.99,0.55485
9335.49,0.55556
9337.98,0.55323
9340.48,0.55448
9342.97,0.55283
9345.47,0.55254
9347.96,0.55082
9350.46,0.54883
9352.95,0.54853
9355.45,0.54601
9357.94,0.54388
9360.44,0.54201
9362.93,0.54294
9365.43,0.54246
9367.92,0.54374
9370.42,0.54383
9372.92,0.54297
9375.41,0.54349
9377.91,0.5441
9380.4,0.54365
9382.9,0.54454
9385.39,0.54319
9387.89,0.54309
9390.38,0.54277
9392.88,0.54251
9395.37,0.54204
9397.87,0.54112
9400.36,0.53942
9402.86,0.5377
9405.35,0.53389
9407.85,0.53249
9410.34,0.53043
9412.84,0.52927
9415.33,0.52907
9417.83,0.52978
9420.32,0.53156
9422.82,0.53394
9425.31,0.53559
9427.81,0.53569
9430.3,0.53685
9432.8,0.53499
9435.29,0.53391
9437.79,0.534
9440.28,0.53254
9442.78,0.53262
9445.27,0.53277
9447.77,0.53199
9450.27,0.53439
9452.76,0.53388
9455.25,0.53312
9457.75,0.5353
9460.25,0.53511
9462.74,0.53635
9465.24,0.53634
9467.73,0.53646
9470.23,0.5369
9472.72,0.53663
9475.22,0.53781
9477.71,0.53563
9480.21,0.53628
9482.7,0.53503
9485.2,0.53666
9487.69,0.53611
9490.19,0.5357
9492.68,0.53654
9495.18,0.53631
9497.67,0.53566
9500.17,0.53597
9502.66,0.53478
9505.16,0.53546
9507.65,0.53516
9510.15,0.53423
9512.64,0.53345
9515.14,0.53376
9517.63,0.53371
9520.13,0.53395
9522.62,0.53341
9525.12,0.53337
9527.61,0.53146
9530.11,0.53047
9532.61,0.52769
9535.1,0.5252
9537.6,0.51918
9540.09,0.51301
9542.59,0.50772
9545.08,0.50386
9547.58,0.50161
9550.07,0.50261
9552.57,0.50494
9555.06,0.51102
9557.56,0.51663
9560.05,0.5216
9562.55,0.52454
9565.04,0.52564
9567.54,0.52614
9570.03,0.52617
9572.53,0.52473
9575.02,0.52494
9577.52,0.52605
9580.01,0.5263
9582.51,0.52738
9585.0,0.52907
9587.5,0.5287
9589.99,0.53003
9592.49,0.52785
9594.98,0.52652
9597.48,0.52639
9599.97,0.52444
9602.47,0.52323
9604.96,0.52357
9607.46,0.52465
9609.96,0.52681
9612.45,0.5255
9614.95,0.52824
9617.44,0.52695
9619.94,0.52618
9622.43,0.52535
9624.93,0.52448
9627.42,0.52474
9629.92,0.5257
9632.41,0.52399
9634.91,0.52295
9637.4,0.52196
9639.9,0.52047
9642.39,0.52147
9644.89,0.51997
9647.38,0.52056
9649.88,0.51927
9652.37,0.51806
9654.87,0.51805
9657.36,0.51745
9659.86,0.51858
9662.35,0.51943
9664.85,0.51921
9667.34,0.51892
9669.84,0.51913
9672.33,0.51973
9674.83,0.51788
9677.32,0.51821
9679.82,0.51753
9682.31,0.51781
9684.81,0.51877
9687.3,0.51743
9689.8,0.51863
9692.29,0.51756
9694.79,0.51723
9697.29,0.51799
9699.78,0.51634
9702.28,0.51714
9704.77,0.51616
9707.27,0.51508
9709.76,0.51498
9712.26,0.51701
9714.75,0.5168
9717.25,0.51571
9719.74,0.51508
9722.24,0.51654
9724.73,0.51599
9727.23,0.51427
9729.72,0.51353
9732.22,0.51331
9734.71,0.51348
9737.21,0.51144
9739.7,0.51156
9742.2,0.51093
9744.69,0.51008
9747.19,0.51107
9749.68,0.5116
9752.18,0.51362
9754.67,0.51315
9757.17,0.51424
9759.66,0.51455
9762.16,0.51507
9764.65,0.51313
9767.15,0.51161
9769.64,0.51218
9772.14,0.51212
9774.64,0.51121
9777.13,0.51159
9779.63,0.51049
9782.12,0.5079
9784.62,0.5066
9787.11,0.50516
9789.61,0.50564
9792.1,0.50823
9794.6,0.50893
9797.09,0.51156
9799.59,0.51217
9802.08,0.51237
9804.58,0.51188
9807.07,0.51318
9809.57,0.51337
9812.06,0.51442
9814.56,0.51301
9817.05,0.51313
9819.55,0.51355
9822.04,0.51381
9824.54,0.51338
9827.03,0.51351
9829.53,0.51247
9832.02,0.51319
9834.52,0.51099
9837.01,0.51155
9839.51,0.51066
9842.0,0.51181
9844.5,0.51161
9847.0,0.51238
9849.49,0.51198
9851.99,0.51115
9854.48,0.51067
9856.98,0.51124
9859.47,0.51004
9861.97,0.5099
9864.46,0.50912
9866.96,0.50941
9869.45,0.50869
9871.95,0.50885
9874.44,0.50882
9876.94,0.50911
9879.43,0.5081
9881.93,0.50845
9884.42,0.50801
9886.92,0.5063
9889.41,0.50631
9891.91,0.50539
9894.4,0.50472
9896.9,0.50477
9899.39,0.50417
9901.89,0.50585
9904.38,0.50538
9906.88,0.50479
9909.37,0.50425
9911.87,0.50395
9914.36,0.50311
9916.86,0.50362
9919.35,0.50303
9921.85,0.50212
9924.34,0.50209
9926.84,0.5001
9929.33,0.5006
9931.83,0.50006
9934.33,0.50082
9936.82,0.50067
9939.32,0.50183
9941.81,0.5021
9944.31,0.50211
9946.8,0.50221
9949.3,0.50076
9951.79,0.50143
9954.29,0.49995
9956.78,0.50077
9959.28,0.50167
9961.77,0.50192
9964.27,0.50046
9966.76,0.50169
9969.26,0.50129
9971.75,0.50207
9974.25,0.50047
9976.74,0.50004
9979.24,0.50071
9981.73,0.49936
9984.23,0.49922
9986.72,0.49952
9989.22,0.49834
9991.71,0.49851
9994.21,0.49722
9996.7,0.4963
9999.2,0.49532
10001.7,0.49619
10004.2,0.49518
10006.7,0.49556
10009.2,0.49517
10011.7,0.49516
10014.2,0.49599
10016.7,0.49515
10019.2,0.49678
10021.7,0.49655
10024.2,0.49711
10026.6,0.4952
10029.1,0.49327
10031.6,0.49156
10034.1,0.48984
10036.6,0.4863
10039.1,0.48428
10041.6,0.48004
10044.1,0.47716
10046.6,0.47372
10049.1,0.47037
10051.6,0.46842
10054.1,0.46927
10056.6,0.47147
10059.1,0.47276
10061.6,0.47657
10064.1,0.47928
10066.6,0.48157
10069.1,0.48353
10071.6,0.48605
10074.1,0.48676
10076.5,0.48821
10079.0,0.48678
10081.5,0.48819
10084.0,0.49018
10086.5,0.48863
10089.0,0.49007
10091.5,0.49193
10094.0,0.49082
10096.5,0.49285
10099.0,0.49259
10101.5,0.4911
10104.0,0.49231
10106.5,0.49169
10109.0,0.49144
10111.5,0.48983
10114.0,0.48932
10116.5,0.49025
10119.0,0.48856
10121.5,0.48887
10124.0,0.48736
10126.5,0.48675
10128.9,0.48727
10131.4,0.48702
10133.9,0.48906
10136.4,0.48709
10138.9,0.48651
10141.4,0.48567
10143.9,0.48521
10146.4,0.48437
10148.9,0.48384
10151.4,0.48499
10153.9,0.48435
10156.4,0.48498
10158.9,0.48481
10161.4,0.48509
10163.9,0.48661
10166.4,0.48598
10168.9,0.4852
10171.4,0.48551
10173.9,0.48569
10176.4,0.4853
10178.9,0.48337
10181.3,0.48478
10183.8,0.48489
10186.3,0.48466
10188.8,0.48407
10191.3,0.48321
10193.8,0.48169
10196.3,0.48088
10198.8,0.48159
10201.3,0.48045
10203.8,0.48225
10206.3,0.48158
10208.8,0.48093
10211.3,0.481
10213.8,0.47913
10216.3,0.47911
10218.8,0.47843
10221.3,0.47755
10223.8,0.4781
10226.3,0.47815
10228.8,0.47889
10231.2,0.47847
10233.7,0.47954
10236.2,0.48124
10238.7,0.48066
10241.2,0.47972
10243.7,0.4811
10246.2,0.47899
10248.7,0.47981
10251.2,0.47855
10253.7,0.47845
10256.2,0.47766
10258.7,0.47766
10261.2,0.47723
10263.7,0.47551
10266.2,0.47744
10268.7,0.47551
10271.2,0.47537
10273.7,0.47588
10276.2,0.47663
10278.7,0.47663
10281.2,0.47448
10283.6,0.47443
10286.1,0.47446
10288.6,0.47315
10291.1,0.47354
10293.6,0.4727
10296.1,0.47318
10298.6,0.47385
10301.1,0.47478
10303.6,0.47389
10306.1,0.47441
10308.6,0.47447
10311.1,0.47341
10313.6,0.47443
10316.1,0.47426
10318.6,0.47252
10321.1,0.4713
10323.6,0.46971
10326.1,0.46824
10328.6,0.46596
10331.1,0.46558
10333.5,0.4658
10336.0,0.46559
10338.5,0.46588
10341.0,0.46444
10343.5,0.4648
10346.0,0.46568
10348.5,0.46595
10351.0,0.46562
10353.5,0.46739
10356.0,0.4685
10358.5,0.46809
10361.0,0.4698
10363.5,0.46906
10366.0,0.46788
10368.5,0.46777
10371.0,0.46693
10373.5,0.46563
10376.0,0.46537
10378.5,0.46465
10381.0,0.46441
10383.5,0.46582
10385.9,0.46499
10388.4,0.46578
10390.9,0.46543
10393.4,0.4652
10395.9,0.46198
10398.4,0.46238
10400.9,0.46234
10403.4,0.46309
10405.9,0.46381
10408.4,0.46453
10410.9,0.4649
10413.4,0.46423
10415.9,0.46465
10418.4,0.46431
10420.9,0.46444
10423.4,0.46327
10425.9,0.46329
10428.4,0.46258
10430.9,0.46235
10433.4,0.46268
10435.9,0.46385
10438.3,0.46433
10440.8,0.46384
10443.3,0.46405
10445.8,0.46414
10448.3,0.46294
10450.8,0.46185
10453.3,0.46207
10455.8,0.46039
10458.3,0.45933
10460.8,0.45984
10463.3,0.45965
10465.8,0.45991
10468.3,0.4592
10470.8,0.46038
10473.3,0.45864
10475.8,0.46037
10478.3,0.45967
10480.8,0.45838
10483.3,0.46072
10485.8,0.45984
10488.2,0.4585
10490.7,0.4596
10493.2,0.45694
10495.7,0.45661
10498.2,0.45655
10500.7,0.4565
10503.2,0.45613
10505.7,0.45756
10508.2,0.45669
10510.7,0.45716
10513.2,0.45639
10515.7,0.45686
10518.2,0.45696
10520.7,0.45789
10523.2,0.45728
10525.7,0.45663
10528.2,0.45627
10530.7,0.45543
10533.2,0.45455
10535.7,0.45443
10538.2,0.45427
10540.6,0.45595
10543.1,0.45506
10545.6,0.45522
10548.1,0.45591
10550.6,0.45553
10553.1,0.45574
10555.6,0.45483
10558.1,0.45419
10560.6,0.45495
10563.1,0.45381
10565.6,0.45435
10568.1,0.45371
10570.6,0.45224
10573.1,0.45245
10575.6,0.4522
10578.1,0.44933
10580.6,0.44782
10583.1,0.44588
10585.6,0.44338
10588.1,0.44311
10590.6,0.44479
10593.0,0.44563
10595.5,0.44757
10598.0,0.44702
10600.5,0.44815
10603.0,0.44671
10605.5,0.44539
10608.0,0.44547
10610.5,0.44515
10613.0,0.44721
10615.5,0.44678
10618.0,0.4483
10620.5,0.44827
10623.0,0.44877
10625.5,0.44753
10628.0,0.44786
10630.5,0.44855
10633.0,0.44814
10635.5,0.44842
10638.0,0.44785
10640.5,0.44855
10642.9,0.44847
10645.4,0.44893
10647.9,0.44871
10650.4,0.44764
10652.9,0.44612
10655.4,0.4449
10657.9,0.4439
10660.4,0.44162
10662.9,0.44053
10665.4,0.44059
10667.9,0.4407
10670.4,0.44041
10672.9,0.44336
10675.4,0.44233
10677.9,0.44213
10680.4,0.44085
10682.9,0.44019
10685.4,0.43724
10687.9,0.43575
10690.4,0.43436
10692.9,0.43474
10695.3,0.43667
10697.8,0.43636
10700.3,0.43701
10702.8,0.44016
10705.3,0.44129
10707.8,0.4415
10710.3,0.44222
10712.8,0.44251
10715.3,0.44258
10717.8,0.44144
10720.3,0.43982
10722.8,0.43844
10725.3,0.43664
10727.8,0.4351
10730.3,0.43361
10732.8,0.4339
10735.3,0.43508
10737.8,0.43677
10740.3,0.43632
10742.8,0.43679
10745.3,0.43605
10747.7,0.43607
10750.2,0.43549
10752.7,0.43457
10755.2,0.43378
10757.7,0.43449
10760.2,0.43618
10762.7,0.43692
10765.2,0.43733
10767.7,0.4379
10770.2,0.43765
10772.7,0.43694
10775.2,0.4359
10777.7,0.43551
10780.2,0.43317
10782.7,0.43163
10785.2,0.42962
10787.7,0.42866
10790.2,0.43025
10792.7,0.43093
10795.2,0.4322
10797.6,0.43265
10800.1,0.43412
10802.6,0.43276
10805.1,0.43396
10807.6,0.43209
10810.1,0.43045
10812.6,0.43018
10815.1,0.4284
10817.6,0.42782
10820.1,0.42703
10822.6,0.42617
10825.1,0.42522
10827.6,0.42417
10830.1,0.42338
10832.6,0.42472
10835.1,0.42372
10837.6,0.42723
10840.1,0.4282
10842.6,0.4278
10845.1,0.42913
10847.6,0.42824
10850.0,0.42982
10852.5,0.42964
10855.0,0.42992
10857.5,0.42952
10860.0,0.42899
10862.5,0.42789
10865.0,0.42441
10867.5,0.42358
10870.0,0.42008
10872.5,0.41884
10875.0,0.41773
10877.5,0.41819
10880.0,0.41982
10882.5,0.41966
10885.0,0.41979
10887.5,0.42085
10890.0,0.42092
10892.5,0.42204
10895.0,0.42233
10897.5,0.42326
10900.0,0.42397
10902.4,0.42355
10904.9,0.42425
10907.4,0.42322
10909.9,0.42305
10912.4,0.42211
10914.9,0.42056
10917.4,0.41896
10919.9,0.41737
10922.4,0.41531
10924.9,0.41468
10927.4,0.41156
10929.9,0.40946
10932.4,0.4063
10934.9,0.40375
10937.4,0.4015
10939.9,0.40136
10942.4,0.40104
10944.9,0.402
10947.4,0.40446
10949.9,0.40656
10952.3,0.40798
10954.8,0.40788
10957.3,0.4077
10959.8,0.40677
10962.3,0.40569
10964.8,0.40442
10967.3,0.40404
10969.8,0.40345
10972.3,0.40201
10974.8,0.40343
10977.3,0.40375
10979.8,0.40326
10982.3,0.40319
10984.8,0.4047
10987.3,0.4044
10989.8,0.40641
10992.3,0.40603
10994.8,0.4067
10997.3,0.40743
10999.8,0.40674
